date,symbol,open,high,low,close,volume,amount,name,openinterest,settleprice,price
2004-09-22,C0509,1330.0,1330.0,1210.0,1217.0,9158.0,11201.8,玉米0509,3048.0,1223.0,1217.0
2004-09-23,C0509,1220.0,1222.0,1210.0,1215.0,170.0,206.65,玉米0509,3042.0,1215.0,1215.0
2004-09-24,C0509,1211.0,1221.0,1209.0,1216.0,114.0,138.48,玉米0509,3010.0,1214.0,1216.0
2004-09-27,C0509,1206.0,1208.0,1189.0,1189.0,456.0,548.33,玉米0509,2838.0,1202.0,1189.0
2004-09-28,C0509,1190.0,1205.0,1190.0,1192.0,322.0,385.23,玉米0509,2808.0,1196.0,1192.0
2004-09-29,C0509,1190.0,1198.0,1185.0,1185.0,182.0,216.24,玉米0509,2692.0,1188.0,1185.0
2004-09-30,C0509,1180.0,1180.0,1160.0,1160.0,886.0,1032.09,玉米0509,3344.0,1164.0,1160.0
2004-10-08,C0509,1153.0,1180.0,1153.0,1180.0,230.0,266.72,玉米0509,3354.0,1159.0,1180.0
2004-10-11,C0509,1162.0,1196.0,1162.0,1185.0,782.0,926.49,玉米0509,3432.0,1184.0,1185.0
2004-10-12,C0509,1180.0,1195.0,1180.0,1190.0,220.0,259.89,玉米0509,3232.0,1181.0,1190.0
2004-10-13,C0509,1179.0,1182.0,1176.0,1176.0,232.0,273.92,玉米0509,3024.0,1180.0,1176.0
2004-10-14,C0509,1181.0,1193.0,1177.0,1180.0,130.0,153.18,玉米0509,3128.0,1178.0,1180.0
2004-10-15,C0509,1181.0,1183.0,1173.0,1175.0,138.0,162.55,玉米0509,3130.0,1177.0,1175.0
2004-10-18,C0509,1180.0,1180.0,1167.0,1171.0,126.0,147.74,玉米0509,3130.0,1172.0,1171.0
2004-10-19,C0509,1170.0,1184.0,1170.0,1178.0,1484.0,1751.61,玉米0509,2604.0,1180.0,1178.0
2004-10-20,C0509,1182.0,1195.0,1180.0,1190.0,320.0,380.62,玉米0509,2892.0,1189.0,1190.0
2004-10-21,C0509,1185.0,1192.0,1183.0,1191.0,186.0,220.73,玉米0509,3042.0,1186.0,1191.0
2004-10-22,C0509,1182.0,1185.0,1178.0,1181.0,2446.0,2883.76,玉米0509,3190.0,1178.0,1181.0
2004-10-25,C0509,1172.0,1179.0,1155.0,1179.0,5452.0,6397.85,玉米0509,3428.0,1173.0,1179.0
2004-10-26,C0509,1176.0,1181.0,1175.0,1179.0,798.0,939.91,玉米0509,3490.0,1177.0,1179.0
2004-10-27,C0509,1178.0,1183.0,1176.0,1181.0,3074.0,3622.75,玉米0509,3496.0,1178.0,1181.0
2004-10-28,C0509,1177.0,1185.0,1177.0,1183.0,984.0,1160.74,玉米0509,3608.0,1179.0,1183.0
2004-10-29,C0509,1179.0,1182.0,1179.0,1181.0,1086.0,1282.67,玉米0509,3612.0,1181.0,1181.0
2004-11-01,C0509,1181.0,1182.0,1169.0,1172.0,166.0,195.06,玉米0509,3628.0,1175.0,1172.0
2004-11-02,C0509,1162.0,1177.0,1162.0,1175.0,140.0,164.07,玉米0509,3642.0,1171.0,1175.0
2004-11-03,C0509,1171.0,1175.0,1165.0,1175.0,60.0,70.18,玉米0509,3652.0,1169.0,1175.0
2004-11-04,C0509,1169.0,1172.0,1169.0,1172.0,518.0,606.99,玉米0509,4114.0,1171.0,1172.0
2004-11-05,C0509,1169.0,1177.0,1168.0,1177.0,150.0,175.97,玉米0509,4258.0,1173.0,1177.0
2004-11-08,C0509,1170.0,1180.0,1169.0,1175.0,1520.0,1785.84,玉米0509,4258.0,1174.0,1175.0
2004-11-09,C0509,1170.0,1176.0,1170.0,1175.0,6698.0,7864.14,玉米0509,4268.0,1174.0,1175.0
2004-11-10,C0509,1170.0,1173.0,1168.0,1170.0,1518.0,1778.39,玉米0509,4524.0,1171.0,1170.0
2004-11-11,C0509,1208.0,1208.0,1170.0,1174.0,7342.0,8613.64,玉米0509,5024.0,1173.0,1174.0
2004-11-12,C0509,1170.0,1174.0,1158.0,1168.0,3968.0,4644.71,玉米0509,4504.0,1170.0,1168.0
2004-11-15,C0509,1171.0,1180.0,1170.0,1180.0,40.0,47.07,玉米0509,4510.0,1176.0,1180.0
2004-11-16,C0509,1180.0,1184.0,1172.0,1182.0,3662.0,4319.46,玉米0509,4354.0,1179.0,1182.0
2004-11-17,C0509,1180.0,1186.0,1180.0,1185.0,2366.0,2801.07,玉米0509,4672.0,1183.0,1185.0
2004-11-18,C0509,1185.0,1190.0,1185.0,1188.0,3796.0,4508.18,玉米0509,4844.0,1187.0,1188.0
2004-11-19,C0509,1184.0,1189.0,1183.0,1189.0,3028.0,3589.13,玉米0509,4866.0,1185.0,1189.0
2004-11-22,C0509,1180.0,1187.0,1180.0,1185.0,5666.0,6711.39,玉米0509,5208.0,1184.0,1185.0
2004-11-23,C0509,1180.0,1189.0,1179.0,1186.0,11526.0,13665.24,玉米0509,5236.0,1185.0,1186.0
2004-11-24,C0509,1182.0,1191.0,1182.0,1188.0,9144.0,10858.03,玉米0509,5436.0,1187.0,1188.0
2004-11-25,C0509,1186.0,1207.0,1185.0,1202.0,10474.0,12557.31,玉米0509,5816.0,1198.0,1202.0
2004-11-26,C0509,1202.0,1203.0,1198.0,1200.0,9196.0,11046.23,玉米0509,6124.0,1201.0,1200.0
2004-11-29,C0509,1199.0,1199.0,1184.0,1185.0,9146.0,10893.31,玉米0509,5872.0,1191.0,1185.0
2004-11-30,C0509,1182.0,1187.0,1178.0,1184.0,12108.0,14331.31,玉米0509,7136.0,1183.0,1184.0
2004-12-01,C0509,1187.0,1191.0,1183.0,1191.0,9014.0,10711.72,玉米0509,7450.0,1188.0,1191.0
2004-12-02,C0509,1192.0,1198.0,1187.0,1188.0,11700.0,13961.14,玉米0509,7576.0,1193.0,1188.0
2004-12-03,C0509,1186.0,1196.0,1186.0,1194.0,17130.0,20426.26,玉米0509,7478.0,1192.0,1194.0
2004-12-06,C0509,1199.0,1205.0,1195.0,1195.0,1696.0,2038.44,玉米0509,7050.0,1201.0,1195.0
2004-12-07,C0509,1200.0,1200.0,1195.0,1196.0,322.0,386.03,玉米0509,7068.0,1198.0,1196.0
2004-12-08,C0509,1192.0,1197.0,1190.0,1193.0,14376.0,17167.61,玉米0509,8074.0,1194.0,1193.0
2004-12-09,C0509,1196.0,1199.0,1196.0,1199.0,4160.0,4982.16,玉米0509,7010.0,1197.0,1199.0
2004-12-10,C0509,1193.0,1198.0,1193.0,1197.0,12674.0,15170.09,玉米0509,7008.0,1196.0,1197.0
2004-12-13,C0509,1203.0,1203.0,1195.0,1200.0,9766.0,11702.61,玉米0509,7988.0,1198.0,1200.0
2004-12-14,C0509,1200.0,1201.0,1196.0,1198.0,2570.0,3080.41,玉米0509,9098.0,1198.0,1198.0
2004-12-15,C0509,1198.0,1199.0,1192.0,1198.0,11066.0,13246.38,玉米0509,9056.0,1197.0,1198.0
2004-12-16,C0509,1195.0,1198.0,1194.0,1197.0,7692.0,9206.8,玉米0509,8978.0,1196.0,1197.0
2004-12-17,C0509,1193.0,1197.0,1192.0,1195.0,144.0,172.11,玉米0509,8962.0,1195.0,1195.0
2004-12-20,C0509,1196.0,1202.0,1195.0,1200.0,4998.0,6001.22,玉米0509,7866.0,1200.0,1200.0
2004-12-21,C0509,1198.0,1203.0,1198.0,1202.0,740.0,888.85,玉米0509,7502.0,1201.0,1202.0
2004-12-22,C0509,1202.0,1203.0,1201.0,1201.0,2492.0,2995.36,玉米0509,5898.0,1201.0,1201.0
2004-12-23,C0509,1199.0,1201.0,1198.0,1199.0,4228.0,5072.88,玉米0509,6036.0,1199.0,1199.0
2004-12-24,C0509,1200.0,1201.0,1198.0,1198.0,17712.0,21251.87,玉米0509,6006.0,1199.0,1198.0
2004-12-27,C0509,1197.0,1203.0,1197.0,1200.0,17256.0,20713.73,玉米0509,5844.0,1200.0,1200.0
2004-12-28,C0509,1200.0,1200.0,1188.0,1188.0,3380.0,4038.53,玉米0509,5808.0,1194.0,1188.0
2004-12-29,C0509,1182.0,1194.0,1182.0,1191.0,21960.0,26170.85,玉米0509,5806.0,1191.0,1191.0
2004-12-30,C0509,1190.0,1194.0,1182.0,1186.0,14248.0,16952.66,玉米0509,5816.0,1189.0,1186.0
2004-12-31,C0509,1192.0,1192.0,1185.0,1188.0,17206.0,20432.78,玉米0509,5824.0,1187.0,1188.0
2005-01-04,C0509,1182.0,1184.0,1176.0,1178.0,3786.0,4462.0,玉米0509,5844.0,1178.0,1178.0
2005-01-05,C0509,1175.0,1186.0,1175.0,1186.0,2098.0,2473.76,玉米0509,5870.0,1179.0,1186.0
2005-01-06,C0509,1188.0,1190.0,1184.0,1187.0,590.0,699.8,玉米0509,5968.0,1186.0,1187.0
2005-01-07,C0509,1191.0,1195.0,1188.0,1195.0,734.0,874.8,玉米0509,5950.0,1191.0,1195.0
2005-01-10,C0509,1192.0,1195.0,1188.0,1190.0,236.0,280.65,玉米0509,6158.0,1189.0,1190.0
2005-01-11,C0509,1191.0,1193.0,1188.0,1188.0,164.0,195.61,玉米0509,6180.0,1192.0,1188.0
2005-01-12,C0509,1190.0,1193.0,1190.0,1192.0,2018.0,2405.64,玉米0509,4188.0,1192.0,1192.0
2005-01-13,C0509,1189.0,1190.0,1187.0,1187.0,730.0,866.86,玉米0509,3918.0,1187.0,1187.0
2005-01-14,C0509,1189.0,1190.0,1186.0,1188.0,10054.0,11944.16,玉米0509,3898.0,1188.0,1188.0
2005-01-17,C0509,1185.0,1191.0,1185.0,1191.0,10040.0,11927.47,玉米0509,3900.0,1187.0,1191.0
2005-01-18,C0509,1188.0,1194.0,1186.0,1188.0,10022.0,11916.15,玉米0509,3896.0,1188.0,1188.0
2005-01-19,C0509,1188.0,1195.0,1188.0,1194.0,1314.0,1568.67,玉米0509,3896.0,1193.0,1194.0
2005-01-20,C0509,1205.0,1205.0,1190.0,1194.0,7296.0,8710.12,玉米0509,2634.0,1193.0,1194.0
2005-01-21,C0509,1188.0,1191.0,1187.0,1190.0,2872.0,3417.63,玉米0509,3854.0,1189.0,1190.0
2005-01-24,C0509,1190.0,1191.0,1186.0,1190.0,346.0,411.81,玉米0509,3530.0,1190.0,1190.0
2005-01-25,C0509,1188.0,1192.0,1188.0,1192.0,16012.0,19056.29,玉米0509,3528.0,1190.0,1192.0
2005-01-26,C0509,1193.0,1193.0,1191.0,1193.0,13826.0,16479.2,玉米0509,3524.0,1191.0,1193.0
2005-01-27,C0509,1186.0,1195.0,1186.0,1189.0,33190.0,39485.44,玉米0509,3614.0,1189.0,1189.0
2005-01-28,C0509,1188.0,1190.0,1186.0,1188.0,25468.0,30262.12,玉米0509,4182.0,1188.0,1188.0
2005-01-31,C0509,1188.0,1189.0,1182.0,1186.0,10476.0,12441.64,玉米0509,4168.0,1187.0,1186.0
2005-02-01,C0509,1188.0,1188.0,1182.0,1185.0,5728.0,6791.55,玉米0509,4218.0,1185.0,1185.0
2005-02-02,C0509,1180.0,1183.0,1178.0,1179.0,5310.0,6261.7,玉米0509,5062.0,1179.0,1179.0
2005-02-03,C0509,1179.0,1179.0,1176.0,1178.0,1890.0,2227.13,玉米0509,5104.0,1178.0,1178.0
2005-02-04,C0509,1177.0,1180.0,1177.0,1180.0,3040.0,3580.33,玉米0509,5486.0,1177.0,1180.0
2005-02-16,C0509,1190.0,1190.0,1180.0,1186.0,874.0,1038.15,玉米0509,5522.0,1187.0,1186.0
2005-02-17,C0509,1184.0,1185.0,1180.0,1183.0,10638.0,12578.82,玉米0509,7696.0,1182.0,1183.0
2005-02-18,C0509,1185.0,1185.0,1183.0,1184.0,2686.0,3181.06,玉米0509,7906.0,1184.0,1184.0
2005-02-21,C0509,1184.0,1185.0,1182.0,1185.0,2356.0,2789.63,玉米0509,8004.0,1184.0,1185.0
2005-02-22,C0509,1188.0,1198.0,1182.0,1189.0,5376.0,6374.34,玉米0509,8304.0,1185.0,1189.0
2005-02-23,C0509,1195.0,1196.0,1189.0,1190.0,2810.0,3349.56,玉米0509,9138.0,1192.0,1190.0
2005-02-24,C0509,1192.0,1197.0,1192.0,1195.0,2798.0,3339.32,玉米0509,10054.0,1193.0,1195.0
2005-02-25,C0509,1195.0,1195.0,1178.0,1192.0,2052.0,2451.4,玉米0509,9936.0,1194.0,1192.0
2005-02-28,C0509,1205.0,1241.0,1202.0,1236.0,6554.0,8021.44,玉米0509,12016.0,1223.0,1236.0
2005-03-01,C0509,1239.0,1239.0,1214.0,1220.0,4840.0,5920.73,玉米0509,12914.0,1223.0,1220.0
2005-03-02,C0509,1215.0,1240.0,1215.0,1231.0,5150.0,6318.74,玉米0509,13422.0,1226.0,1231.0
2005-03-03,C0509,1227.0,1230.0,1218.0,1221.0,4992.0,6112.15,玉米0509,13212.0,1224.0,1221.0
2005-03-04,C0509,1223.0,1231.0,1215.0,1229.0,3870.0,4733.87,玉米0509,12930.0,1223.0,1229.0
2005-03-07,C0509,1235.0,1240.0,1232.0,1235.0,5228.0,6463.25,玉米0509,13748.0,1236.0,1235.0
2005-03-08,C0509,1230.0,1233.0,1220.0,1229.0,4052.0,4973.41,玉米0509,13404.0,1227.0,1229.0
2005-03-09,C0509,1234.0,1265.0,1231.0,1257.0,8610.0,10783.55,玉米0509,16680.0,1252.0,1257.0
2005-03-10,C0509,1261.0,1300.0,1257.0,1287.0,20766.0,26640.14,玉米0509,24244.0,1282.0,1287.0
2005-03-11,C0509,1290.0,1294.0,1270.0,1274.0,31938.0,40937.77,玉米0509,30868.0,1281.0,1274.0
2005-03-14,C0509,1298.0,1300.0,1270.0,1289.0,34222.0,43992.41,玉米0509,40576.0,1285.0,1289.0
2005-03-15,C0509,1286.0,1315.0,1278.0,1305.0,35884.0,46652.45,玉米0509,35368.0,1300.0,1305.0
2005-03-16,C0509,1320.0,1347.0,1315.0,1331.0,46510.0,61882.54,玉米0509,42536.0,1330.0,1331.0
2005-03-17,C0509,1316.0,1335.0,1305.0,1308.0,26522.0,35050.12,玉米0509,47484.0,1321.0,1308.0
2005-03-18,C0509,1312.0,1316.0,1269.0,1282.0,45560.0,58830.29,玉米0509,47868.0,1291.0,1282.0
2005-03-21,C0509,1281.0,1331.0,1280.0,1321.0,56434.0,73211.3,玉米0509,56674.0,1297.0,1321.0
2005-03-22,C0509,1299.0,1325.0,1292.0,1320.0,63036.0,82885.13,玉米0509,66600.0,1314.0,1320.0
2005-03-23,C0509,1323.0,1335.0,1316.0,1319.0,92020.0,121859.35,玉米0509,73188.0,1324.0,1319.0
2005-03-24,C0509,1324.0,1346.0,1313.0,1340.0,121050.0,160750.27,玉米0509,89550.0,1327.0,1340.0
2005-03-25,C0509,1359.0,1359.0,1331.0,1339.0,134296.0,180208.37,玉米0509,86924.0,1341.0,1339.0
2005-03-28,C0509,1343.0,1347.0,1330.0,1340.0,109898.0,147385.81,玉米0509,94790.0,1341.0,1340.0
2005-03-29,C0509,1345.0,1355.0,1338.0,1339.0,177850.0,239420.92,玉米0509,115762.0,1346.0,1339.0
2005-03-30,C0509,1340.0,1344.0,1313.0,1318.0,167560.0,222197.38,玉米0509,108624.0,1326.0,1318.0
2005-03-31,C0509,1328.0,1335.0,1320.0,1327.0,120358.0,159872.26,玉米0509,102108.0,1328.0,1327.0
2005-04-01,C0509,1323.0,1330.0,1300.0,1329.0,138056.0,182066.99,玉米0509,121966.0,1318.0,1329.0
2005-04-04,C0509,1322.0,1342.0,1320.0,1337.0,125014.0,166945.03,玉米0509,128054.0,1335.0,1337.0
2005-04-05,C0509,1338.0,1341.0,1327.0,1329.0,117642.0,156724.06,玉米0509,123456.0,1332.0,1329.0
2005-04-06,C0509,1322.0,1332.0,1322.0,1331.0,85630.0,113563.62,玉米0509,123912.0,1326.0,1331.0
2005-04-07,C0509,1340.0,1340.0,1327.0,1329.0,73894.0,98531.75,玉米0509,124756.0,1333.0,1329.0
2005-04-08,C0509,1327.0,1331.0,1324.0,1328.0,64046.0,85035.81,玉米0509,127772.0,1327.0,1328.0
2005-04-11,C0509,1324.0,1337.0,1322.0,1328.0,83256.0,110801.28,玉米0509,123408.0,1330.0,1328.0
2005-04-12,C0509,1335.0,1338.0,1330.0,1336.0,70486.0,94019.77,玉米0509,125930.0,1333.0,1336.0
2005-04-13,C0509,1332.0,1334.0,1325.0,1328.0,64950.0,86365.77,玉米0509,117372.0,1329.0,1328.0
2005-04-14,C0509,1332.0,1334.0,1317.0,1326.0,89672.0,118727.07,玉米0509,126990.0,1324.0,1326.0
2005-04-15,C0509,1329.0,1329.0,1323.0,1326.0,35330.0,46855.29,玉米0509,126220.0,1326.0,1326.0
2005-04-18,C0509,1323.0,1326.0,1316.0,1321.0,46788.0,61754.48,玉米0509,128312.0,1319.0,1321.0
2005-04-19,C0509,1320.0,1326.0,1317.0,1324.0,41832.0,55341.03,玉米0509,122850.0,1322.0,1324.0
2005-04-20,C0509,1335.0,1349.0,1331.0,1342.0,155486.0,208226.17,玉米0509,128706.0,1339.0,1342.0
2005-04-21,C0509,1340.0,1340.0,1319.0,1323.0,104696.0,138790.41,玉米0509,120558.0,1325.0,1323.0
2005-04-22,C0509,1330.0,1330.0,1320.0,1323.0,39566.0,52345.67,玉米0509,114206.0,1322.0,1323.0
2005-04-25,C0509,1328.0,1329.0,1323.0,1326.0,23788.0,31547.86,玉米0509,110976.0,1326.0,1326.0
2005-04-26,C0509,1323.0,1326.0,1316.0,1321.0,34498.0,45551.52,玉米0509,109488.0,1320.0,1321.0
2005-04-27,C0509,1321.0,1324.0,1316.0,1319.0,27562.0,36358.55,玉米0509,112018.0,1319.0,1319.0
2005-04-28,C0509,1316.0,1319.0,1314.0,1318.0,22472.0,29606.1,玉米0509,112900.0,1317.0,1318.0
2005-04-29,C0509,1315.0,1317.0,1313.0,1314.0,27374.0,35994.82,玉米0509,116922.0,1314.0,1314.0
2005-05-09,C0509,1315.0,1317.0,1296.0,1303.0,66668.0,86849.59,玉米0509,127652.0,1302.0,1303.0
2005-05-10,C0509,1301.0,1303.0,1296.0,1302.0,48564.0,63093.57,玉米0509,136932.0,1299.0,1302.0
2005-05-11,C0509,1300.0,1302.0,1297.0,1298.0,33944.0,44095.83,玉米0509,134030.0,1299.0,1298.0
2005-05-12,C0509,1296.0,1296.0,1281.0,1282.0,66308.0,85446.91,玉米0509,141008.0,1288.0,1282.0
2005-05-13,C0509,1275.0,1278.0,1265.0,1271.0,67710.0,86165.19,玉米0509,140622.0,1272.0,1271.0
2005-05-16,C0509,1269.0,1278.0,1268.0,1277.0,40064.0,51093.41,玉米0509,141894.0,1275.0,1277.0
2005-05-17,C0509,1280.0,1282.0,1271.0,1281.0,37744.0,48173.67,玉米0509,141200.0,1276.0,1281.0
2005-05-18,C0509,1280.0,1288.0,1272.0,1287.0,36350.0,46482.99,玉米0509,140566.0,1278.0,1287.0
2005-05-19,C0509,1290.0,1292.0,1285.0,1291.0,38160.0,49155.35,玉米0509,141126.0,1288.0,1291.0
2005-05-20,C0509,1289.0,1291.0,1285.0,1289.0,30442.0,39237.31,玉米0509,141448.0,1288.0,1289.0
2005-05-23,C0509,1295.0,1298.0,1291.0,1296.0,29584.0,38282.99,玉米0509,139050.0,1294.0,1296.0
2005-05-24,C0509,1305.0,1306.0,1294.0,1296.0,46688.0,60652.2,玉米0509,138798.0,1299.0,1296.0
2005-05-25,C0509,1298.0,1299.0,1270.0,1280.0,74600.0,95754.82,玉米0509,137754.0,1283.0,1280.0
2005-05-26,C0509,1288.0,1290.0,1280.0,1286.0,43624.0,56053.44,玉米0509,135388.0,1284.0,1286.0
2005-05-27,C0509,1291.0,1295.0,1288.0,1292.0,40710.0,52547.81,玉米0509,133764.0,1290.0,1292.0
2005-05-30,C0509,1283.0,1289.0,1278.0,1285.0,41464.0,53275.74,玉米0509,126128.0,1284.0,1285.0
2005-05-31,C0509,1290.0,1294.0,1282.0,1283.0,34408.0,44258.36,玉米0509,127046.0,1286.0,1283.0
2005-06-01,C0509,1280.0,1283.0,1278.0,1280.0,32446.0,41553.55,玉米0509,126952.0,1280.0,1280.0
2005-06-02,C0509,1280.0,1286.0,1280.0,1280.0,19684.0,25244.99,玉米0509,123386.0,1282.0,1280.0
2005-06-03,C0509,1275.0,1280.0,1273.0,1280.0,18450.0,23561.71,玉米0509,121402.0,1277.0,1280.0
2005-06-06,C0509,1290.0,1301.0,1286.0,1298.0,60224.0,78075.09,玉米0509,127634.0,1296.0,1298.0
2005-06-07,C0509,1292.0,1297.0,1291.0,1295.0,34970.0,45283.94,玉米0509,127012.0,1294.0,1295.0
2005-06-08,C0509,1290.0,1294.0,1290.0,1293.0,30516.0,39434.28,玉米0509,125140.0,1292.0,1293.0
2005-06-09,C0509,1288.0,1298.0,1286.0,1295.0,41540.0,53777.94,玉米0509,127432.0,1294.0,1295.0
2005-06-10,C0509,1295.0,1305.0,1295.0,1299.0,67748.0,88046.67,玉米0509,132404.0,1299.0,1299.0
2005-06-13,C0509,1301.0,1302.0,1295.0,1296.0,39768.0,51606.72,玉米0509,130990.0,1297.0,1296.0
2005-06-14,C0509,1300.0,1300.0,1293.0,1294.0,59884.0,77592.89,玉米0509,129876.0,1295.0,1294.0
2005-06-15,C0509,1298.0,1299.0,1295.0,1296.0,56704.0,73548.14,玉米0509,127772.0,1297.0,1296.0
2005-06-16,C0509,1305.0,1305.0,1293.0,1295.0,75204.0,97597.88,玉米0509,121978.0,1297.0,1295.0
2005-06-17,C0509,1295.0,1297.0,1292.0,1296.0,60062.0,77763.24,玉米0509,117894.0,1294.0,1296.0
2005-06-20,C0509,1306.0,1308.0,1297.0,1299.0,71258.0,92589.17,玉米0509,112594.0,1299.0,1299.0
2005-06-21,C0509,1299.0,1299.0,1293.0,1294.0,64592.0,83717.16,玉米0509,111050.0,1296.0,1294.0
2005-06-22,C0509,1299.0,1299.0,1294.0,1297.0,69706.0,90421.73,玉米0509,110670.0,1297.0,1297.0
2005-06-23,C0509,1296.0,1298.0,1291.0,1294.0,78790.0,102079.31,玉米0509,108984.0,1295.0,1294.0
2005-06-24,C0509,1297.0,1298.0,1293.0,1298.0,69500.0,90005.87,玉米0509,107968.0,1295.0,1298.0
2005-06-27,C0509,1302.0,1302.0,1293.0,1294.0,70002.0,90742.43,玉米0509,105172.0,1296.0,1294.0
2005-06-28,C0509,1280.0,1291.0,1275.0,1289.0,87020.0,111974.73,玉米0509,97710.0,1286.0,1289.0
2005-06-29,C0509,1289.0,1294.0,1287.0,1292.0,78662.0,101383.22,玉米0509,91420.0,1288.0,1292.0
2005-06-30,C0509,1293.0,1295.0,1285.0,1288.0,71656.0,92511.15,玉米0509,90446.0,1291.0,1288.0
2005-07-01,C0509,1292.0,1292.0,1286.0,1288.0,67420.0,86869.29,玉米0509,85192.0,1288.0,1288.0
2005-07-04,C0509,1287.0,1289.0,1286.0,1287.0,60366.0,77706.4,玉米0509,84170.0,1287.0,1287.0
2005-07-05,C0509,1289.0,1289.0,1280.0,1284.0,64338.0,82555.24,玉米0509,83316.0,1283.0,1284.0
2005-07-06,C0509,1289.0,1289.0,1284.0,1285.0,89522.0,115116.27,玉米0509,81792.0,1285.0,1285.0
2005-07-07,C0509,1285.0,1289.0,1285.0,1286.0,30202.0,38865.34,玉米0509,82652.0,1286.0,1286.0
2005-07-08,C0509,1286.0,1287.0,1282.0,1287.0,72342.0,92950.66,玉米0509,79796.0,1284.0,1287.0
2005-07-11,C0509,1284.0,1305.0,1283.0,1298.0,71532.0,92671.47,玉米0509,82258.0,1295.0,1298.0
2005-07-12,C0509,1300.0,1300.0,1296.0,1297.0,45546.0,59134.46,玉米0509,84732.0,1298.0,1297.0
2005-07-13,C0509,1299.0,1299.0,1292.0,1293.0,65282.0,84607.49,玉米0509,80240.0,1296.0,1293.0
2005-07-14,C0509,1296.0,1298.0,1285.0,1292.0,75896.0,98204.75,玉米0509,79604.0,1293.0,1292.0
2005-07-15,C0509,1294.0,1297.0,1290.0,1292.0,87460.0,113153.03,玉米0509,79938.0,1293.0,1292.0
2005-07-18,C0509,1296.0,1299.0,1286.0,1287.0,65844.0,85177.56,玉米0509,77868.0,1293.0,1287.0
2005-07-19,C0509,1287.0,1289.0,1286.0,1288.0,56586.0,72848.72,玉米0509,76434.0,1287.0,1288.0
2005-07-20,C0509,1285.0,1287.0,1280.0,1281.0,71250.0,91458.36,玉米0509,64668.0,1283.0,1281.0
2005-07-21,C0509,1282.0,1285.0,1280.0,1283.0,61522.0,78855.72,玉米0509,63726.0,1281.0,1283.0
2005-07-22,C0509,1280.0,1282.0,1270.0,1275.0,52038.0,66567.8,玉米0509,59418.0,1279.0,1275.0
2005-07-25,C0509,1272.0,1278.0,1269.0,1270.0,52694.0,67094.3,玉米0509,58468.0,1273.0,1270.0
2005-07-26,C0509,1265.0,1272.0,1261.0,1263.0,46044.0,58409.76,玉米0509,56242.0,1268.0,1263.0
2005-07-27,C0509,1264.0,1267.0,1261.0,1266.0,3926.0,4963.03,玉米0509,54886.0,1264.0,1266.0
2005-07-28,C0509,1267.0,1269.0,1253.0,1261.0,3954.0,4984.24,玉米0509,54418.0,1260.0,1261.0
2005-07-29,C0509,1259.0,1263.0,1253.0,1253.0,11420.0,14350.97,玉米0509,45512.0,1256.0,1253.0
2005-08-01,C0509,1253.0,1255.0,1246.0,1249.0,2918.0,3646.8,玉米0509,43768.0,1249.0,1249.0
2005-08-02,C0509,1250.0,1251.0,1245.0,1247.0,5722.0,7139.44,玉米0509,40954.0,1247.0,1247.0
2005-08-03,C0509,1245.0,1251.0,1234.0,1241.0,21664.0,26889.15,玉米0509,23512.0,1241.0,1241.0
2005-08-04,C0509,1236.0,1245.0,1236.0,1240.0,2040.0,2530.69,玉米0509,22624.0,1240.0,1240.0
2005-08-05,C0509,1242.0,1245.0,1240.0,1240.0,1530.0,1898.54,玉米0509,22358.0,1240.0,1240.0
2005-08-08,C0509,1240.0,1245.0,1240.0,1244.0,884.0,1098.45,玉米0509,21752.0,1242.0,1244.0
2005-08-09,C0509,1241.0,1244.0,1234.0,1243.0,10548.0,13110.69,玉米0509,20354.0,1242.0,1243.0
2005-08-10,C0509,1240.0,1244.0,1238.0,1239.0,2104.0,2609.92,玉米0509,18780.0,1240.0,1239.0
2005-08-11,C0509,1243.0,1245.0,1238.0,1242.0,1140.0,1414.95,玉米0509,17908.0,1241.0,1242.0
2005-08-12,C0509,1237.0,1241.0,1235.0,1235.0,1422.0,1759.87,玉米0509,16690.0,1237.0,1235.0
2005-08-15,C0509,1232.0,1236.0,1232.0,1236.0,704.0,869.74,玉米0509,16104.0,1235.0,1236.0
2005-08-16,C0509,1230.0,1233.0,1228.0,1230.0,2482.0,3053.12,玉米0509,15776.0,1230.0,1230.0
2005-08-17,C0509,1235.0,1235.0,1230.0,1231.0,146.0,179.73,玉米0509,15662.0,1231.0,1231.0
2005-08-18,C0509,1230.0,1235.0,1230.0,1233.0,514.0,634.11,玉米0509,15284.0,1233.0,1233.0
2005-08-19,C0509,1235.0,1235.0,1230.0,1231.0,558.0,687.42,玉米0509,14752.0,1231.0,1231.0
2005-08-22,C0509,1233.0,1234.0,1230.0,1232.0,924.0,1138.22,玉米0509,13888.0,1231.0,1232.0
2005-08-23,C0509,1231.0,1233.0,1231.0,1231.0,694.0,854.91,玉米0509,13202.0,1231.0,1231.0
2005-08-24,C0509,1233.0,1233.0,1230.0,1231.0,386.0,475.25,玉米0509,12826.0,1231.0,1231.0
2005-08-25,C0509,1230.0,1231.0,1228.0,1231.0,286.0,351.78,玉米0509,12614.0,1230.0,1231.0
2005-08-26,C0509,1230.0,1230.0,1230.0,1230.0,112.0,137.76,玉米0509,12502.0,1230.0,1230.0
2005-08-29,C0509,1230.0,1231.0,1230.0,1231.0,950.0,1169.12,玉米0509,11558.0,1230.0,1231.0
2005-08-30,C0509,1254.0,1254.0,1231.0,1232.0,308.0,379.49,玉米0509,11304.0,1232.0,1232.0
2005-08-31,C0509,1233.0,1234.0,1228.0,1228.0,2564.0,3160.64,玉米0509,10676.0,1232.0,1228.0
2005-09-01,C0509,1230.0,1235.0,1230.0,1231.0,492.0,606.29,玉米0509,9084.0,1232.0,1231.0
2005-09-02,C0509,1232.0,1234.0,1230.0,1233.0,104.0,128.13,玉米0509,8558.0,1232.0,1233.0
2005-09-05,C0509,1233.0,1245.0,1233.0,1245.0,240.0,297.16,玉米0509,8316.0,1238.0,1245.0
2005-09-06,C0509,0.0,0.0,0.0,1238.0,0.0,0.0,玉米0509,6900.0,1238.0,1238.0
2005-09-07,C0509,1234.0,1260.0,1234.0,1260.0,444.0,558.87,玉米0509,6178.0,1258.0,1260.0
2005-09-08,C0509,0.0,0.0,0.0,1258.0,0.0,0.0,玉米0509,4592.0,1258.0,1258.0
2005-09-09,C0509,1237.0,1258.0,1234.0,1255.0,102.0,127.5,玉米0509,2628.0,1250.0,1255.0
2005-09-12,C0509,1258.0,1258.0,1250.0,1250.0,268.0,336.4,玉米0509,2400.0,1255.0,1250.0
2005-09-13,C0509,1200.0,1255.0,1200.0,1255.0,404.0,506.61,玉米0509,1364.0,1253.0,1255.0
2005-09-14,C0509,1260.0,1260.0,1260.0,1260.0,2.0,2.52,玉米0509,1362.0,1246.0,1260.0
