date,symbol,open,high,low,close,volume,amount,name,openinterest,settleprice,price
2004-09-22,C0507,1240.0,1240.0,1170.0,1221.0,32480.0,39667.95,玉米0507,12222.0,1221.0,1221.0
2004-09-23,C0507,1220.0,1220.0,1195.0,1201.0,17216.0,20732.09,玉米0507,14518.0,1204.0,1201.0
2004-09-24,C0507,1200.0,1211.0,1194.0,1203.0,13144.0,15817.75,玉米0507,14966.0,1203.0,1203.0
2004-09-27,C0507,1200.0,1200.0,1176.0,1177.0,14418.0,17113.2,玉米0507,14984.0,1186.0,1177.0
2004-09-28,C0507,1181.0,1185.0,1175.0,1180.0,4818.0,5688.3,玉米0507,15078.0,1180.0,1180.0
2004-09-29,C0507,1190.0,1190.0,1161.0,1173.0,8182.0,9621.74,玉米0507,16226.0,1175.0,1173.0
2004-09-30,C0507,1165.0,1170.0,1146.0,1150.0,15216.0,17588.36,玉米0507,22318.0,1155.0,1150.0
2004-10-08,C0507,1141.0,1166.0,1132.0,1160.0,20874.0,24057.51,玉米0507,23492.0,1152.0,1160.0
2004-10-11,C0507,1152.0,1174.0,1144.0,1166.0,25562.0,29767.09,玉米0507,24564.0,1164.0,1166.0
2004-10-12,C0507,1162.0,1177.0,1152.0,1169.0,12056.0,14019.69,玉米0507,24570.0,1162.0,1169.0
2004-10-13,C0507,1158.0,1166.0,1158.0,1162.0,4898.0,5698.91,玉米0507,24478.0,1163.0,1162.0
2004-10-14,C0507,1163.0,1170.0,1163.0,1166.0,4336.0,5053.88,玉米0507,25148.0,1165.0,1166.0
2004-10-15,C0507,1165.0,1166.0,1153.0,1157.0,4260.0,4934.6,玉米0507,25290.0,1158.0,1157.0
2004-10-18,C0507,1158.0,1160.0,1148.0,1151.0,7822.0,9024.41,玉米0507,26236.0,1153.0,1151.0
2004-10-19,C0507,1150.0,1177.0,1150.0,1161.0,13042.0,15162.22,玉米0507,26374.0,1162.0,1161.0
2004-10-20,C0507,1167.0,1188.0,1160.0,1174.0,10824.0,12680.14,玉米0507,27464.0,1171.0,1174.0
2004-10-21,C0507,1174.0,1174.0,1165.0,1170.0,24426.0,28572.15,玉米0507,28916.0,1169.0,1170.0
2004-10-22,C0507,1166.0,1167.0,1157.0,1157.0,24082.0,27916.78,玉米0507,29436.0,1159.0,1157.0
2004-10-25,C0507,1138.0,1163.0,1138.0,1160.0,22412.0,25946.01,玉米0507,30748.0,1157.0,1160.0
2004-10-26,C0507,1166.0,1169.0,1161.0,1164.0,21752.0,25306.25,玉米0507,31282.0,1163.0,1164.0
2004-10-27,C0507,1163.0,1167.0,1160.0,1163.0,19892.0,23144.08,玉米0507,32432.0,1163.0,1163.0
2004-10-28,C0507,1164.0,1167.0,1160.0,1166.0,26636.0,31003.03,玉米0507,32870.0,1163.0,1166.0
2004-10-29,C0507,1162.0,1165.0,1159.0,1160.0,24112.0,28014.49,玉米0507,32870.0,1161.0,1160.0
2004-11-01,C0507,1160.0,1161.0,1148.0,1152.0,28736.0,33167.79,玉米0507,35338.0,1154.0,1152.0
2004-11-02,C0507,1149.0,1159.0,1149.0,1159.0,22492.0,25982.76,玉米0507,34920.0,1155.0,1159.0
2004-11-03,C0507,1156.0,1163.0,1151.0,1159.0,26562.0,30742.96,玉米0507,35184.0,1157.0,1159.0
2004-11-04,C0507,1156.0,1159.0,1155.0,1158.0,23210.0,26857.54,玉米0507,33738.0,1157.0,1158.0
2004-11-05,C0507,1153.0,1170.0,1152.0,1162.0,26378.0,30686.57,玉米0507,34324.0,1163.0,1162.0
2004-11-08,C0507,1169.0,1169.0,1159.0,1161.0,27302.0,31716.74,玉米0507,34328.0,1161.0,1161.0
2004-11-09,C0507,1161.0,1163.0,1158.0,1160.0,23404.0,27159.23,玉米0507,33836.0,1160.0,1160.0
2004-11-10,C0507,1164.0,1164.0,1157.0,1158.0,24382.0,28264.61,玉米0507,33868.0,1159.0,1158.0
2004-11-11,C0507,1160.0,1162.0,1159.0,1161.0,22004.0,25531.77,玉米0507,33890.0,1160.0,1161.0
2004-11-12,C0507,1160.0,1161.0,1153.0,1155.0,22914.0,26532.56,玉米0507,33888.0,1157.0,1155.0
2004-11-15,C0507,1159.0,1171.0,1159.0,1168.0,31124.0,36314.41,玉米0507,34290.0,1166.0,1168.0
2004-11-16,C0507,1169.0,1175.0,1167.0,1171.0,28178.0,32988.68,玉米0507,34488.0,1170.0,1171.0
2004-11-17,C0507,1171.0,1178.0,1167.0,1172.0,24524.0,28704.02,玉米0507,35342.0,1170.0,1172.0
2004-11-18,C0507,1172.0,1184.0,1172.0,1180.0,23950.0,28218.37,玉米0507,36346.0,1178.0,1180.0
2004-11-19,C0507,1178.0,1184.0,1173.0,1184.0,27362.0,32211.85,玉米0507,36170.0,1177.0,1184.0
2004-11-22,C0507,1177.0,1179.0,1174.0,1176.0,26514.0,31199.24,玉米0507,36082.0,1176.0,1176.0
2004-11-23,C0507,1175.0,1185.0,1173.0,1174.0,24502.0,28845.17,玉米0507,36176.0,1177.0,1174.0
2004-11-24,C0507,1176.0,1179.0,1175.0,1178.0,16064.0,18917.76,玉米0507,35838.0,1177.0,1178.0
2004-11-25,C0507,1177.0,1200.0,1177.0,1197.0,30136.0,35941.43,玉米0507,37026.0,1192.0,1197.0
2004-11-26,C0507,1180.0,1198.0,1180.0,1192.0,24500.0,29265.94,玉米0507,37540.0,1194.0,1192.0
2004-11-29,C0507,1192.0,1192.0,1173.0,1175.0,25240.0,29773.84,玉米0507,36828.0,1179.0,1175.0
2004-11-30,C0507,1170.0,1176.0,1169.0,1174.0,22470.0,26388.5,玉米0507,36704.0,1174.0,1174.0
2004-12-01,C0507,1176.0,1181.0,1175.0,1180.0,13686.0,16126.6,玉米0507,36710.0,1178.0,1180.0
2004-12-02,C0507,1178.0,1191.0,1178.0,1182.0,27114.0,32108.43,玉米0507,36116.0,1184.0,1182.0
2004-12-03,C0507,1180.0,1186.0,1180.0,1184.0,15384.0,18207.0,玉米0507,34858.0,1183.0,1184.0
2004-12-06,C0507,1195.0,1198.0,1189.0,1191.0,39358.0,46934.43,玉米0507,35832.0,1192.0,1191.0
2004-12-07,C0507,1189.0,1193.0,1185.0,1185.0,39054.0,46423.07,玉米0507,35368.0,1188.0,1185.0
2004-12-08,C0507,1180.0,1185.0,1179.0,1183.0,37602.0,44509.48,玉米0507,36370.0,1183.0,1183.0
2004-12-09,C0507,1187.0,1192.0,1186.0,1192.0,37468.0,44521.67,玉米0507,35650.0,1188.0,1192.0
2004-12-10,C0507,1188.0,1190.0,1186.0,1188.0,44490.0,52841.64,玉米0507,36148.0,1187.0,1188.0
2004-12-13,C0507,1190.0,1194.0,1188.0,1191.0,54394.0,64775.79,玉米0507,36578.0,1190.0,1191.0
2004-12-14,C0507,1194.0,1196.0,1186.0,1188.0,60294.0,71803.06,玉米0507,36182.0,1190.0,1188.0
2004-12-15,C0507,1190.0,1190.0,1186.0,1189.0,51236.0,60882.12,玉米0507,36500.0,1188.0,1189.0
2004-12-16,C0507,1189.0,1190.0,1186.0,1187.0,62226.0,73931.83,玉米0507,37726.0,1188.0,1187.0
2004-12-17,C0507,1187.0,1187.0,1181.0,1184.0,43708.0,51735.2,玉米0507,35928.0,1183.0,1184.0
2004-12-20,C0507,1186.0,1192.0,1184.0,1190.0,65890.0,78360.57,玉米0507,33690.0,1189.0,1190.0
2004-12-21,C0507,1190.0,1190.0,1186.0,1189.0,73520.0,87349.38,玉米0507,32224.0,1188.0,1189.0
2004-12-22,C0507,1189.0,1189.0,1185.0,1185.0,59102.0,70180.28,玉米0507,32362.0,1187.0,1185.0
2004-12-23,C0507,1186.0,1187.0,1182.0,1184.0,63616.0,75335.28,玉米0507,32752.0,1184.0,1184.0
2004-12-24,C0507,1186.0,1189.0,1184.0,1185.0,67724.0,80276.26,玉米0507,32048.0,1185.0,1185.0
2004-12-27,C0507,1183.0,1186.0,1182.0,1185.0,64536.0,76508.56,玉米0507,32734.0,1185.0,1185.0
2004-12-28,C0507,1185.0,1186.0,1170.0,1173.0,78424.0,92183.28,玉米0507,32892.0,1175.0,1173.0
2004-12-29,C0507,1172.0,1177.0,1172.0,1174.0,72624.0,85327.45,玉米0507,31080.0,1174.0,1174.0
2004-12-30,C0507,1174.0,1176.0,1167.0,1169.0,46180.0,54189.89,玉米0507,29722.0,1173.0,1169.0
2004-12-31,C0507,1171.0,1179.0,1169.0,1174.0,62974.0,73823.63,玉米0507,29950.0,1172.0,1174.0
2005-01-04,C0507,1171.0,1174.0,1161.0,1165.0,23004.0,26838.08,玉米0507,30850.0,1166.0,1165.0
2005-01-05,C0507,1160.0,1170.0,1159.0,1169.0,25090.0,29235.22,玉米0507,30082.0,1165.0,1169.0
2005-01-06,C0507,1170.0,1177.0,1170.0,1176.0,17500.0,20516.96,玉米0507,30706.0,1172.0,1176.0
2005-01-07,C0507,1184.0,1184.0,1177.0,1178.0,12442.0,14673.84,玉米0507,30732.0,1179.0,1178.0
2005-01-10,C0507,1178.0,1178.0,1174.0,1175.0,13062.0,15373.72,玉米0507,31642.0,1176.0,1175.0
2005-01-11,C0507,1176.0,1181.0,1176.0,1179.0,14246.0,16790.5,玉米0507,30904.0,1178.0,1179.0
2005-01-12,C0507,1180.0,1180.0,1177.0,1179.0,13072.0,15409.81,玉米0507,30824.0,1178.0,1179.0
2005-01-13,C0507,1172.0,1177.0,1171.0,1177.0,7444.0,8745.15,玉米0507,28552.0,1174.0,1177.0
2005-01-14,C0507,1177.0,1178.0,1176.0,1178.0,7018.0,8260.26,玉米0507,28512.0,1177.0,1178.0
2005-01-17,C0507,1173.0,1178.0,1173.0,1176.0,22166.0,26071.1,玉米0507,28704.0,1176.0,1176.0
2005-01-18,C0507,1176.0,1177.0,1174.0,1175.0,18620.0,21890.96,玉米0507,28614.0,1175.0,1175.0
2005-01-19,C0507,1174.0,1182.0,1174.0,1180.0,11800.0,13888.8,玉米0507,28936.0,1177.0,1180.0
2005-01-20,C0507,1180.0,1182.0,1177.0,1178.0,20114.0,23701.21,玉米0507,27882.0,1178.0,1178.0
2005-01-21,C0507,1179.0,1179.0,1175.0,1176.0,24056.0,28326.36,玉米0507,28264.0,1177.0,1176.0
2005-01-24,C0507,1175.0,1176.0,1175.0,1176.0,17730.0,20849.6,玉米0507,27458.0,1175.0,1176.0
2005-01-25,C0507,1176.0,1180.0,1176.0,1177.0,11896.0,14003.89,玉米0507,28130.0,1177.0,1177.0
2005-01-26,C0507,1180.0,1180.0,1177.0,1178.0,12414.0,14630.8,玉米0507,29144.0,1178.0,1178.0
2005-01-27,C0507,1177.0,1178.0,1174.0,1174.0,13984.0,16446.7,玉米0507,31198.0,1176.0,1174.0
2005-01-28,C0507,1171.0,1174.0,1168.0,1173.0,15104.0,17707.47,玉米0507,33780.0,1172.0,1173.0
2005-01-31,C0507,1172.0,1172.0,1167.0,1170.0,13970.0,16339.66,玉米0507,35278.0,1169.0,1170.0
2005-02-01,C0507,1170.0,1172.0,1166.0,1169.0,11262.0,13157.93,玉米0507,37156.0,1168.0,1169.0
2005-02-02,C0507,1166.0,1167.0,1147.0,1163.0,4226.0,4918.25,玉米0507,39194.0,1163.0,1163.0
2005-02-03,C0507,1163.0,1166.0,1160.0,1165.0,10508.0,12223.94,玉米0507,41254.0,1163.0,1165.0
2005-02-04,C0507,1164.0,1170.0,1164.0,1169.0,11444.0,13333.21,玉米0507,42388.0,1165.0,1169.0
2005-02-16,C0507,1176.0,1184.0,1170.0,1174.0,10026.0,11800.38,玉米0507,42220.0,1176.0,1174.0
2005-02-17,C0507,1173.0,1174.0,1163.0,1165.0,7428.0,8671.07,玉米0507,42932.0,1167.0,1165.0
2005-02-18,C0507,1168.0,1170.0,1165.0,1165.0,19448.0,22691.25,玉米0507,42560.0,1166.0,1165.0
2005-02-21,C0507,1166.0,1169.0,1164.0,1168.0,9464.0,11042.09,玉米0507,43566.0,1166.0,1168.0
2005-02-22,C0507,1168.0,1185.0,1168.0,1180.0,19834.0,23327.59,玉米0507,46638.0,1176.0,1180.0
2005-02-23,C0507,1187.0,1188.0,1175.0,1176.0,16844.0,19892.78,玉米0507,49174.0,1181.0,1176.0
2005-02-24,C0507,1176.0,1181.0,1176.0,1181.0,11414.0,13449.28,玉米0507,49744.0,1178.0,1181.0
2005-02-25,C0507,1175.0,1180.0,1175.0,1178.0,21338.0,25151.82,玉米0507,49800.0,1178.0,1178.0
2005-02-28,C0507,1188.0,1219.0,1188.0,1213.0,49198.0,59444.66,玉米0507,60054.0,1208.0,1213.0
2005-03-01,C0507,1208.0,1210.0,1190.0,1197.0,21156.0,25357.01,玉米0507,58456.0,1198.0,1197.0
2005-03-02,C0507,1191.0,1213.0,1191.0,1204.0,18860.0,22674.69,玉米0507,59156.0,1202.0,1204.0
2005-03-03,C0507,1199.0,1205.0,1195.0,1196.0,9044.0,10838.4,玉米0507,58694.0,1198.0,1196.0
2005-03-04,C0507,1200.0,1203.0,1192.0,1202.0,20886.0,24995.0,玉米0507,58806.0,1196.0,1202.0
2005-03-07,C0507,1206.0,1216.0,1205.0,1212.0,17698.0,21423.83,玉米0507,61954.0,1210.0,1212.0
2005-03-08,C0507,1202.0,1210.0,1200.0,1208.0,11298.0,13625.04,玉米0507,61428.0,1205.0,1208.0
2005-03-09,C0507,1210.0,1234.0,1208.0,1227.0,29362.0,35958.91,玉米0507,71048.0,1224.0,1227.0
2005-03-10,C0507,1231.0,1270.0,1229.0,1259.0,78516.0,98434.76,玉米0507,86042.0,1253.0,1259.0
2005-03-11,C0507,1260.0,1269.0,1240.0,1244.0,84878.0,106643.45,玉米0507,95018.0,1256.0,1244.0
2005-03-14,C0507,1260.0,1275.0,1249.0,1266.0,99612.0,125772.17,玉米0507,97202.0,1262.0,1266.0
2005-03-15,C0507,1261.0,1296.0,1255.0,1285.0,145266.0,186011.84,玉米0507,98150.0,1280.0,1285.0
2005-03-16,C0507,1299.0,1329.0,1299.0,1318.0,185916.0,244537.41,玉米0507,114884.0,1315.0,1318.0
2005-03-17,C0507,1303.0,1317.0,1287.0,1290.0,113034.0,147274.94,玉米0507,123226.0,1302.0,1290.0
2005-03-18,C0507,1295.0,1299.0,1250.0,1270.0,144608.0,184269.95,玉米0507,115740.0,1274.0,1270.0
2005-03-21,C0507,1263.0,1321.0,1260.0,1308.0,176932.0,227110.85,玉米0507,134052.0,1283.0,1308.0
2005-03-22,C0507,1286.0,1313.0,1280.0,1308.0,304674.0,396918.09,玉米0507,165024.0,1302.0,1308.0
2005-03-23,C0507,1306.0,1319.0,1295.0,1299.0,263286.0,343751.61,玉米0507,177228.0,1305.0,1299.0
2005-03-24,C0507,1305.0,1317.0,1291.0,1314.0,210718.0,274936.78,玉米0507,191924.0,1304.0,1314.0
2005-03-25,C0507,1321.0,1328.0,1308.0,1313.0,216352.0,285332.25,玉米0507,196732.0,1318.0,1313.0
2005-03-28,C0507,1328.0,1331.0,1305.0,1313.0,145334.0,191253.43,玉米0507,195150.0,1315.0,1313.0
2005-03-29,C0507,1316.0,1322.0,1308.0,1309.0,122094.0,160439.54,玉米0507,181970.0,1314.0,1309.0
2005-03-30,C0507,1311.0,1315.0,1294.0,1297.0,118868.0,154822.44,玉米0507,180218.0,1302.0,1297.0
2005-03-31,C0507,1309.0,1310.0,1300.0,1304.0,76796.0,100279.98,玉米0507,169624.0,1305.0,1304.0
2005-04-01,C0507,1304.0,1305.0,1285.0,1304.0,58010.0,75213.2,玉米0507,170100.0,1296.0,1304.0
2005-04-04,C0507,1300.0,1312.0,1296.0,1309.0,34104.0,44620.7,玉米0507,166280.0,1308.0,1309.0
2005-04-05,C0507,1307.0,1311.0,1301.0,1304.0,32690.0,42657.57,玉米0507,166848.0,1304.0,1304.0
2005-04-06,C0507,1301.0,1306.0,1296.0,1306.0,31862.0,41445.99,玉米0507,161804.0,1300.0,1306.0
2005-04-07,C0507,1311.0,1311.0,1299.0,1301.0,24764.0,32288.42,玉米0507,156988.0,1303.0,1301.0
2005-04-08,C0507,1300.0,1302.0,1296.0,1301.0,18720.0,24338.63,玉米0507,157176.0,1300.0,1301.0
2005-04-11,C0507,1305.0,1308.0,1298.0,1302.0,25038.0,32625.76,玉米0507,154988.0,1303.0,1302.0
2005-04-12,C0507,1310.0,1312.0,1302.0,1306.0,19362.0,25266.92,玉米0507,151748.0,1304.0,1306.0
2005-04-13,C0507,1304.0,1306.0,1299.0,1302.0,21938.0,28567.96,玉米0507,144608.0,1302.0,1302.0
2005-04-14,C0507,1304.0,1304.0,1292.0,1300.0,23012.0,29850.78,玉米0507,145086.0,1297.0,1300.0
2005-04-15,C0507,1299.0,1301.0,1295.0,1295.0,8670.0,11252.32,玉米0507,143790.0,1297.0,1295.0
2005-04-18,C0507,1295.0,1298.0,1291.0,1294.0,8260.0,10680.41,玉米0507,143150.0,1293.0,1294.0
2005-04-19,C0507,1293.0,1301.0,1292.0,1301.0,13000.0,16860.4,玉米0507,141154.0,1296.0,1301.0
2005-04-20,C0507,1309.0,1312.0,1302.0,1304.0,42204.0,55112.72,玉米0507,136402.0,1305.0,1304.0
2005-04-21,C0507,1305.0,1305.0,1289.0,1292.0,23280.0,30113.39,玉米0507,131236.0,1293.0,1292.0
2005-04-22,C0507,1296.0,1296.0,1287.0,1293.0,8216.0,10606.12,玉米0507,128010.0,1290.0,1293.0
2005-04-25,C0507,1297.0,1298.0,1291.0,1293.0,4458.0,5767.04,玉米0507,126008.0,1293.0,1293.0
2005-04-26,C0507,1292.0,1294.0,1290.0,1291.0,6110.0,7891.66,玉米0507,124318.0,1291.0,1291.0
2005-04-27,C0507,1292.0,1293.0,1286.0,1289.0,6868.0,8852.6,玉米0507,122260.0,1288.0,1289.0
2005-04-28,C0507,1285.0,1288.0,1281.0,1284.0,3768.0,4843.07,玉米0507,121820.0,1285.0,1284.0
2005-04-29,C0507,1281.0,1288.0,1280.0,1284.0,5546.0,7111.69,玉米0507,119964.0,1282.0,1284.0
2005-05-09,C0507,1282.0,1285.0,1272.0,1279.0,13234.0,16938.56,玉米0507,124336.0,1279.0,1279.0
2005-05-10,C0507,1278.0,1285.0,1273.0,1280.0,12388.0,15845.45,玉米0507,128076.0,1279.0,1280.0
2005-05-11,C0507,1280.0,1281.0,1276.0,1277.0,4210.0,5382.22,玉米0507,127990.0,1278.0,1277.0
2005-05-12,C0507,1275.0,1278.0,1262.0,1263.0,10252.0,13014.18,玉米0507,126626.0,1269.0,1263.0
2005-05-13,C0507,1259.0,1263.0,1247.0,1252.0,20418.0,25595.74,玉米0507,124836.0,1253.0,1252.0
2005-05-16,C0507,1245.0,1261.0,1245.0,1257.0,6444.0,8095.05,玉米0507,124140.0,1256.0,1257.0
2005-05-17,C0507,1260.0,1262.0,1253.0,1260.0,2770.0,3485.03,玉米0507,123544.0,1258.0,1260.0
2005-05-18,C0507,1258.0,1262.0,1255.0,1262.0,2648.0,3330.55,玉米0507,122862.0,1257.0,1262.0
2005-05-19,C0507,1265.0,1286.0,1260.0,1264.0,3864.0,4879.91,玉米0507,121118.0,1262.0,1264.0
2005-05-20,C0507,1261.0,1268.0,1261.0,1263.0,5390.0,6810.38,玉米0507,120750.0,1263.0,1263.0
2005-05-23,C0507,1271.0,1272.0,1265.0,1271.0,6280.0,7972.56,玉米0507,119494.0,1269.0,1271.0
2005-05-24,C0507,1282.0,1282.0,1271.0,1272.0,4882.0,6230.45,玉米0507,118906.0,1276.0,1272.0
2005-05-25,C0507,1275.0,1275.0,1250.0,1257.0,10982.0,13821.26,玉米0507,115892.0,1258.0,1257.0
2005-05-26,C0507,1265.0,1269.0,1260.0,1268.0,16966.0,21460.46,玉米0507,113984.0,1264.0,1268.0
2005-05-27,C0507,1271.0,1275.0,1270.0,1274.0,23980.0,30494.0,玉米0507,113238.0,1271.0,1274.0
2005-05-30,C0507,1271.0,1271.0,1263.0,1265.0,13670.0,17334.27,玉米0507,113380.0,1268.0,1265.0
2005-05-31,C0507,1271.0,1272.0,1263.0,1264.0,11918.0,15079.76,玉米0507,111228.0,1265.0,1264.0
2005-06-01,C0507,1264.0,1267.0,1262.0,1263.0,13666.0,17280.64,玉米0507,110696.0,1264.0,1263.0
2005-06-02,C0507,1261.0,1265.0,1257.0,1260.0,36894.0,46556.22,玉米0507,109520.0,1261.0,1260.0
2005-06-03,C0507,1251.0,1257.0,1251.0,1256.0,23704.0,29755.97,玉米0507,108546.0,1255.0,1256.0
2005-06-06,C0507,1260.0,1269.0,1260.0,1265.0,7244.0,9154.19,玉米0507,107996.0,1263.0,1265.0
2005-06-07,C0507,1252.0,1261.0,1251.0,1260.0,4090.0,5148.7,玉米0507,107362.0,1258.0,1260.0
2005-06-08,C0507,1255.0,1259.0,1251.0,1256.0,6100.0,7658.83,玉米0507,106220.0,1255.0,1256.0
2005-06-09,C0507,1249.0,1262.0,1249.0,1255.0,9348.0,11733.65,玉米0507,102840.0,1255.0,1255.0
2005-06-10,C0507,1255.0,1261.0,1255.0,1260.0,7808.0,9831.08,玉米0507,101766.0,1259.0,1260.0
2005-06-13,C0507,1260.0,1262.0,1257.0,1260.0,15732.0,19836.4,玉米0507,101570.0,1260.0,1260.0
2005-06-14,C0507,1261.0,1262.0,1260.0,1262.0,16374.0,20648.61,玉米0507,100310.0,1261.0,1262.0
2005-06-15,C0507,1261.0,1263.0,1260.0,1261.0,2296.0,2897.11,玉米0507,99790.0,1261.0,1261.0
2005-06-16,C0507,1261.0,1268.0,1261.0,1265.0,3214.0,4067.28,玉米0507,98906.0,1265.0,1265.0
2005-06-17,C0507,1265.0,1265.0,1259.0,1264.0,1670.0,2109.31,玉米0507,98486.0,1263.0,1264.0
2005-06-20,C0507,1273.0,1273.0,1264.0,1268.0,3024.0,3838.74,玉米0507,98030.0,1269.0,1268.0
2005-06-21,C0507,1268.0,1268.0,1265.0,1267.0,7996.0,10130.15,玉米0507,97496.0,1266.0,1267.0
2005-06-22,C0507,1269.0,1272.0,1268.0,1271.0,2918.0,3704.57,玉米0507,96898.0,1269.0,1271.0
2005-06-23,C0507,1269.0,1270.0,1268.0,1268.0,1106.0,1404.02,玉米0507,96714.0,1269.0,1268.0
2005-06-24,C0507,1270.0,1272.0,1270.0,1270.0,4356.0,5536.47,玉米0507,96548.0,1270.0,1270.0
2005-06-27,C0507,1270.0,1281.0,1270.0,1275.0,6154.0,7852.79,玉米0507,92940.0,1276.0,1275.0
2005-06-28,C0507,1271.0,1281.0,1271.0,1276.0,1720.0,2194.77,玉米0507,92116.0,1276.0,1276.0
2005-06-29,C0507,1276.0,1280.0,1274.0,1276.0,5414.0,6912.88,玉米0507,91170.0,1276.0,1276.0
2005-06-30,C0507,1276.0,1277.0,1273.0,1274.0,1580.0,2013.63,玉米0507,90794.0,1274.0,1274.0
2005-07-01,C0507,1265.0,1271.0,1261.0,1269.0,2322.0,2946.69,玉米0507,74558.0,1269.0,1269.0
2005-07-04,C0507,1266.0,1278.0,1266.0,1273.0,4626.0,5869.19,玉米0507,70280.0,1268.0,1273.0
2005-07-05,C0507,1270.0,1271.0,1268.0,1271.0,712.0,904.29,玉米0507,67398.0,1270.0,1271.0
2005-07-06,C0507,1271.0,1273.0,1270.0,1273.0,1064.0,1352.43,玉米0507,64064.0,1271.0,1273.0
2005-07-07,C0507,1269.0,1272.0,1269.0,1271.0,588.0,746.94,玉米0507,52752.0,1270.0,1271.0
2005-07-08,C0507,1270.0,1274.0,1269.0,1274.0,1180.0,1500.25,玉米0507,44938.0,1271.0,1274.0
2005-07-11,C0507,1270.0,1318.0,1270.0,1308.0,2040.0,2637.71,玉米0507,40542.0,1292.0,1308.0
2005-07-12,C0507,1300.0,1303.0,1293.0,1293.0,1532.0,1987.39,玉米0507,38276.0,1297.0,1293.0
2005-07-13,C0507,1300.0,1300.0,1270.0,1278.0,792.0,1013.53,玉米0507,37210.0,1279.0,1278.0
2005-07-14,C0507,1270.0,1278.0,1245.0,1268.0,1662.0,2090.02,玉米0507,37130.0,1274.0,1268.0
