date,symbol,open,high,low,close,volume,amount,name,openinterest,settleprice,price
2004-09-22,C0511,1230.0,1230.0,1130.0,1210.0,1454.0,1715.94,玉米0511,482.0,1180.0,1210.0
2004-09-23,C0511,1170.0,1199.0,1170.0,1183.0,58.0,68.63,玉米0511,500.0,1183.0,1183.0
2004-09-24,C0511,1194.0,1199.0,1185.0,1192.0,100.0,119.15,玉米0511,488.0,1191.0,1192.0
2004-09-27,C0511,1184.0,1188.0,1166.0,1176.0,56.0,66.11,玉米0511,488.0,1180.0,1176.0
2004-09-28,C0511,1171.0,1182.0,1170.0,1176.0,168.0,197.46,玉米0511,388.0,1175.0,1176.0
2004-09-29,C0511,1175.0,1177.0,1133.0,1162.0,96.0,111.74,玉米0511,386.0,1163.0,1162.0
2004-09-30,C0511,1155.0,1155.0,1141.0,1147.0,210.0,240.99,玉米0511,514.0,1147.0,1147.0
2004-10-08,C0511,1148.0,1166.0,1132.0,1152.0,140.0,161.48,玉米0511,518.0,1153.0,1152.0
2004-10-11,C0511,1150.0,1183.0,1150.0,1166.0,212.0,248.03,玉米0511,528.0,1169.0,1166.0
2004-10-12,C0511,1162.0,1167.0,1160.0,1167.0,24.0,27.9,玉米0511,522.0,1162.0,1167.0
2004-10-13,C0511,1163.0,1173.0,1163.0,1164.0,124.0,144.62,玉米0511,526.0,1166.0,1164.0
2004-10-14,C0511,1161.0,1170.0,1161.0,1170.0,4.0,4.66,玉米0511,528.0,1165.0,1170.0
2004-10-15,C0511,1163.0,1171.0,1161.0,1163.0,110.0,128.2,玉米0511,530.0,1165.0,1163.0
2004-10-18,C0511,1162.0,1167.0,1156.0,1165.0,122.0,141.65,玉米0511,528.0,1161.0,1165.0
2004-10-19,C0511,1182.0,1182.0,1166.0,1166.0,118.0,137.97,玉米0511,562.0,1169.0,1166.0
2004-10-20,C0511,1167.0,1170.0,1167.0,1170.0,44.0,51.47,玉米0511,594.0,1169.0,1170.0
2004-10-21,C0511,1171.0,1173.0,1170.0,1173.0,40.0,46.85,玉米0511,604.0,1171.0,1173.0
2004-10-22,C0511,1169.0,1172.0,1167.0,1170.0,2212.0,2584.33,玉米0511,622.0,1168.0,1170.0
2004-10-25,C0511,1161.0,1173.0,1161.0,1173.0,5298.0,6178.55,玉米0511,600.0,1166.0,1173.0
2004-10-26,C0511,1167.0,1198.0,1167.0,1171.0,308.0,361.5,玉米0511,608.0,1173.0,1171.0
2004-10-27,C0511,1174.0,1175.0,1169.0,1172.0,1666.0,1950.72,玉米0511,632.0,1170.0,1172.0
2004-10-28,C0511,1165.0,1177.0,1165.0,1176.0,760.0,887.9,玉米0511,738.0,1168.0,1176.0
2004-10-29,C0511,1170.0,1177.0,1170.0,1175.0,50.0,58.65,玉米0511,740.0,1172.0,1175.0
2004-11-01,C0511,1171.0,1171.0,1165.0,1167.0,48.0,56.05,玉米0511,744.0,1167.0,1167.0
2004-11-02,C0511,1160.0,1166.0,1160.0,1160.0,24.0,27.93,玉米0511,748.0,1163.0,1160.0
2004-11-03,C0511,1162.0,1162.0,1160.0,1160.0,6.0,6.97,玉米0511,752.0,1161.0,1160.0
2004-11-04,C0511,1161.0,1198.0,1161.0,1163.0,12.0,14.02,玉米0511,756.0,1168.0,1163.0
2004-11-05,C0511,1163.0,1170.0,1163.0,1163.0,64.0,74.85,玉米0511,816.0,1169.0,1163.0
2004-11-08,C0511,1170.0,1170.0,1162.0,1164.0,34.0,39.58,玉米0511,818.0,1164.0,1164.0
2004-11-09,C0511,1163.0,1168.0,1163.0,1165.0,3628.0,4228.21,玉米0511,994.0,1165.0,1165.0
2004-11-10,C0511,1166.0,1167.0,1162.0,1167.0,1506.0,1753.64,玉米0511,1140.0,1164.0,1167.0
2004-11-11,C0511,1165.0,1168.0,1164.0,1167.0,2410.0,2808.59,玉米0511,968.0,1165.0,1167.0
2004-11-12,C0511,1163.0,1168.0,1160.0,1168.0,1716.0,1998.24,玉米0511,816.0,1164.0,1168.0
2004-11-15,C0511,1169.0,1176.0,1169.0,1176.0,18.0,21.12,玉米0511,820.0,1173.0,1176.0
2004-11-16,C0511,1175.0,1179.0,1174.0,1177.0,1028.0,1209.95,玉米0511,818.0,1176.0,1177.0
2004-11-17,C0511,1175.0,1190.0,1173.0,1185.0,4242.0,4994.98,玉米0511,948.0,1177.0,1185.0
2004-11-18,C0511,1180.0,1190.0,1180.0,1185.0,1252.0,1482.58,玉米0511,1102.0,1184.0,1185.0
2004-11-19,C0511,1198.0,1198.0,1176.0,1185.0,996.0,1176.38,玉米0511,942.0,1181.0,1185.0
2004-11-22,C0511,1170.0,1183.0,1170.0,1177.0,2064.0,2434.6,玉米0511,1062.0,1179.0,1177.0
2004-11-23,C0511,1180.0,1188.0,1177.0,1181.0,6100.0,7217.33,玉米0511,1338.0,1183.0,1181.0
2004-11-24,C0511,1180.0,1188.0,1178.0,1186.0,8236.0,9750.48,玉米0511,1462.0,1183.0,1186.0
2004-11-25,C0511,1180.0,1218.0,1180.0,1199.0,8480.0,10124.92,玉米0511,2242.0,1193.0,1199.0
2004-11-26,C0511,1200.0,1205.0,1195.0,1197.0,9558.0,11455.74,玉米0511,2798.0,1198.0,1197.0
2004-11-29,C0511,1204.0,1204.0,1184.0,1189.0,7528.0,8975.58,玉米0511,2794.0,1192.0,1189.0
2004-11-30,C0511,1181.0,1186.0,1181.0,1186.0,10902.0,12907.24,玉米0511,3182.0,1183.0,1186.0
2004-12-01,C0511,1187.0,1197.0,1182.0,1189.0,8188.0,9731.59,玉米0511,3462.0,1188.0,1189.0
2004-12-02,C0511,1194.0,1199.0,1188.0,1190.0,8104.0,9664.1,玉米0511,3296.0,1192.0,1190.0
2004-12-03,C0511,1193.0,1195.0,1187.0,1194.0,12510.0,14922.18,玉米0511,3302.0,1192.0,1194.0
2004-12-06,C0511,1200.0,1209.0,1200.0,1200.0,1248.0,1500.55,玉米0511,2816.0,1202.0,1200.0
2004-12-07,C0511,1200.0,1200.0,1196.0,1196.0,102.0,122.34,玉米0511,2814.0,1199.0,1196.0
2004-12-08,C0511,1193.0,1197.0,1191.0,1195.0,162.0,193.63,玉米0511,2866.0,1195.0,1195.0
2004-12-09,C0511,1200.0,1203.0,1200.0,1203.0,12.0,14.41,玉米0511,2870.0,1200.0,1203.0
2004-12-10,C0511,1198.0,1201.0,1197.0,1201.0,130.0,155.87,玉米0511,2872.0,1199.0,1201.0
2004-12-13,C0511,1200.0,1201.0,1200.0,1200.0,78.0,93.6,玉米0511,2916.0,1200.0,1200.0
2004-12-14,C0511,1200.0,1202.0,1197.0,1197.0,184.0,220.95,玉米0511,2868.0,1200.0,1197.0
2004-12-15,C0511,1200.0,1201.0,1198.0,1200.0,2026.0,2431.19,玉米0511,2868.0,1199.0,1200.0
2004-12-16,C0511,1199.0,1199.0,1198.0,1198.0,10.0,11.98,玉米0511,2870.0,1198.0,1198.0
2004-12-17,C0511,1197.0,1200.0,1197.0,1200.0,50.0,59.9,玉米0511,2874.0,1198.0,1200.0
2004-12-20,C0511,1202.0,1212.0,1202.0,1205.0,2946.0,3550.6,玉米0511,1862.0,1205.0,1205.0
2004-12-21,C0511,1202.0,1209.0,1202.0,1206.0,76.0,91.62,玉米0511,1896.0,1205.0,1206.0
2004-12-22,C0511,1202.0,1207.0,1202.0,1204.0,636.0,766.69,玉米0511,1892.0,1205.0,1204.0
2004-12-23,C0511,1203.0,1216.0,1203.0,1204.0,1144.0,1379.65,玉米0511,1894.0,1205.0,1204.0
2004-12-24,C0511,1206.0,1211.0,1205.0,1209.0,2472.0,2983.66,玉米0511,2094.0,1206.0,1209.0
2004-12-27,C0511,1206.0,1211.0,1205.0,1205.0,2906.0,3513.32,玉米0511,1898.0,1208.0,1205.0
2004-12-28,C0511,1203.0,1204.0,1196.0,1197.0,2582.0,3096.17,玉米0511,1922.0,1199.0,1197.0
2004-12-29,C0511,1196.0,1197.0,1195.0,1197.0,1466.0,1754.78,玉米0511,1924.0,1196.0,1197.0
2004-12-30,C0511,1195.0,1198.0,1190.0,1191.0,2460.0,2936.04,玉米0511,1924.0,1193.0,1191.0
2004-12-31,C0511,1195.0,1196.0,1189.0,1189.0,818.0,974.25,玉米0511,1924.0,1191.0,1189.0
2005-01-04,C0511,1188.0,1188.0,1180.0,1184.0,104.0,123.19,玉米0511,1892.0,1184.0,1184.0
2005-01-05,C0511,1180.0,1183.0,1180.0,1183.0,126.0,148.8,玉米0511,1818.0,1180.0,1183.0
2005-01-06,C0511,1182.0,1190.0,1182.0,1188.0,44.0,52.28,玉米0511,1818.0,1188.0,1188.0
2005-01-07,C0511,1194.0,1194.0,1190.0,1193.0,46.0,54.82,玉米0511,1824.0,1191.0,1193.0
2005-01-10,C0511,1191.0,1196.0,1190.0,1192.0,16.0,19.07,玉米0511,1822.0,1192.0,1192.0
2005-01-11,C0511,1190.0,1194.0,1190.0,1192.0,70.0,83.56,玉米0511,1826.0,1193.0,1192.0
2005-01-12,C0511,1188.0,1192.0,1188.0,1190.0,8.0,9.52,玉米0511,1828.0,1190.0,1190.0
2005-01-13,C0511,1186.0,1189.0,1186.0,1188.0,10468.0,12446.37,玉米0511,1782.0,1188.0,1188.0
2005-01-14,C0511,1188.0,1188.0,1187.0,1188.0,16.0,19.0,玉米0511,1786.0,1187.0,1188.0
2005-01-17,C0511,1183.0,1188.0,1183.0,1186.0,18.0,21.37,玉米0511,1786.0,1187.0,1186.0
2005-01-18,C0511,1185.0,1192.0,1185.0,1188.0,18.0,21.37,玉米0511,1798.0,1187.0,1188.0
2005-01-19,C0511,1188.0,1192.0,1188.0,1191.0,10024.0,11918.54,玉米0511,1800.0,1189.0,1191.0
2005-01-20,C0511,1190.0,1190.0,1185.0,1185.0,4298.0,5106.02,玉米0511,1520.0,1187.0,1185.0
2005-01-21,C0511,1187.0,1188.0,1186.0,1187.0,7062.0,8382.63,玉米0511,2476.0,1187.0,1187.0
2005-01-24,C0511,1188.0,1188.0,1186.0,1188.0,9004.0,10696.75,玉米0511,1480.0,1187.0,1188.0
2005-01-25,C0511,1187.0,1190.0,1187.0,1188.0,14016.0,16651.02,玉米0511,1468.0,1188.0,1188.0
2005-01-26,C0511,1191.0,1191.0,1190.0,1190.0,18038.0,21466.24,玉米0511,1470.0,1190.0,1190.0
2005-01-27,C0511,1189.0,1189.0,1188.0,1188.0,46.0,54.69,玉米0511,1508.0,1188.0,1188.0
2005-01-28,C0511,1183.0,1188.0,1183.0,1186.0,29040.0,34465.68,玉米0511,1740.0,1186.0,1186.0
2005-01-31,C0511,1184.0,1184.0,1182.0,1184.0,24338.0,28810.18,玉米0511,1740.0,1183.0,1184.0
2005-02-01,C0511,1185.0,1185.0,1182.0,1182.0,818.0,969.32,玉米0511,1750.0,1184.0,1182.0
2005-02-02,C0511,1181.0,1188.0,1175.0,1175.0,1618.0,1910.84,玉米0511,1750.0,1180.0,1175.0
2005-02-03,C0511,1175.0,1177.0,1175.0,1177.0,28.0,32.93,玉米0511,1752.0,1176.0,1177.0
2005-02-04,C0511,1176.0,1179.0,1175.0,1179.0,54.0,63.48,玉米0511,1794.0,1175.0,1179.0
2005-02-16,C0511,1192.0,1192.0,1182.0,1183.0,80.0,94.66,玉米0511,1760.0,1183.0,1183.0
2005-02-17,C0511,1180.0,1184.0,1180.0,1183.0,804.0,951.53,玉米0511,1762.0,1183.0,1183.0
2005-02-18,C0511,1183.0,1189.0,1183.0,1184.0,2026.0,2399.8,玉米0511,1960.0,1184.0,1184.0
2005-02-21,C0511,1184.0,1184.0,1180.0,1181.0,802.0,946.77,玉米0511,1962.0,1180.0,1181.0
2005-02-22,C0511,1180.0,1196.0,1180.0,1190.0,252.0,300.91,玉米0511,1974.0,1194.0,1190.0
2005-02-23,C0511,1195.0,1199.0,1194.0,1194.0,870.0,1041.22,玉米0511,1962.0,1196.0,1194.0
2005-02-24,C0511,1192.0,1195.0,1192.0,1195.0,36014.0,43036.71,玉米0511,1964.0,1194.0,1195.0
2005-02-25,C0511,1193.0,1198.0,1193.0,1197.0,30286.0,36275.36,玉米0511,2020.0,1197.0,1197.0
2005-02-28,C0511,1215.0,1238.0,1209.0,1238.0,14296.0,17616.81,玉米0511,1988.0,1232.0,1238.0
2005-03-01,C0511,1239.0,1239.0,1220.0,1228.0,3356.0,4124.33,玉米0511,1992.0,1228.0,1228.0
2005-03-02,C0511,1219.0,1245.0,1219.0,1238.0,2436.0,3006.38,玉米0511,1998.0,1234.0,1238.0
2005-03-03,C0511,1236.0,1238.0,1233.0,1234.0,1742.0,2154.64,玉米0511,1994.0,1236.0,1234.0
2005-03-04,C0511,1239.0,1242.0,1231.0,1237.0,1676.0,2073.01,玉米0511,2000.0,1236.0,1237.0
2005-03-07,C0511,1245.0,1250.0,1243.0,1250.0,2512.0,3129.2,玉米0511,2008.0,1245.0,1250.0
2005-03-08,C0511,1235.0,1248.0,1235.0,1248.0,2494.0,3104.26,玉米0511,2022.0,1244.0,1248.0
2005-03-09,C0511,1250.0,1263.0,1250.0,1258.0,3692.0,4640.71,玉米0511,1978.0,1256.0,1258.0
2005-03-10,C0511,1265.0,1302.0,1263.0,1286.0,4872.0,6237.18,玉米0511,2224.0,1280.0,1286.0
2005-03-11,C0511,1290.0,1309.0,1275.0,1287.0,3344.0,4322.6,玉米0511,2384.0,1292.0,1287.0
2005-03-14,C0511,1317.0,1317.0,1283.0,1295.0,6222.0,8028.85,玉米0511,3436.0,1290.0,1295.0
2005-03-15,C0511,1291.0,1304.0,1288.0,1293.0,9048.0,11731.84,玉米0511,4588.0,1296.0,1293.0
2005-03-16,C0511,1299.0,1335.0,1299.0,1321.0,10132.0,13381.97,玉米0511,4536.0,1320.0,1321.0
2005-03-17,C0511,1315.0,1324.0,1310.0,1310.0,5088.0,6701.38,玉米0511,4510.0,1317.0,1310.0
2005-03-18,C0511,1316.0,1316.0,1266.0,1283.0,7914.0,10255.82,玉米0511,4740.0,1295.0,1283.0
2005-03-21,C0511,1283.0,1307.0,1275.0,1305.0,8130.0,10452.36,玉米0511,4858.0,1285.0,1305.0
2005-03-22,C0511,1289.0,1302.0,1275.0,1299.0,8316.0,10757.58,玉米0511,4480.0,1293.0,1299.0
2005-03-23,C0511,1302.0,1302.0,1293.0,1297.0,9250.0,12000.87,玉米0511,7144.0,1297.0,1297.0
2005-03-24,C0511,1290.0,1312.0,1290.0,1308.0,10734.0,13927.11,玉米0511,8434.0,1297.0,1308.0
2005-03-25,C0511,1308.0,1325.0,1308.0,1319.0,12990.0,17073.81,玉米0511,8782.0,1314.0,1319.0
2005-03-28,C0511,1316.0,1337.0,1315.0,1332.0,11006.0,14593.36,玉米0511,9360.0,1325.0,1332.0
2005-03-29,C0511,1338.0,1349.0,1330.0,1342.0,17972.0,24118.87,玉米0511,10522.0,1342.0,1342.0
2005-03-30,C0511,1342.0,1345.0,1314.0,1320.0,16032.0,21282.98,玉米0511,9432.0,1327.0,1320.0
2005-03-31,C0511,1329.0,1335.0,1317.0,1324.0,11524.0,15267.84,玉米0511,9102.0,1324.0,1324.0
2005-04-01,C0511,1317.0,1320.0,1300.0,1320.0,13804.0,18106.32,玉米0511,9108.0,1311.0,1320.0
2005-04-04,C0511,1323.0,1333.0,1315.0,1327.0,13360.0,17725.41,玉米0511,8244.0,1326.0,1327.0
2005-04-05,C0511,1318.0,1332.0,1318.0,1325.0,14786.0,19583.74,玉米0511,8290.0,1324.0,1325.0
2005-04-06,C0511,1320.0,1329.0,1316.0,1327.0,26968.0,35645.14,玉米0511,8238.0,1321.0,1327.0
2005-04-07,C0511,1333.0,1335.0,1328.0,1331.0,6420.0,8551.43,玉米0511,9136.0,1331.0,1331.0
2005-04-08,C0511,1328.0,1336.0,1325.0,1330.0,8350.0,11110.24,玉米0511,10246.0,1330.0,1330.0
2005-04-11,C0511,1325.0,1342.0,1325.0,1329.0,10024.0,13362.99,玉米0511,9852.0,1333.0,1329.0
2005-04-12,C0511,1337.0,1339.0,1331.0,1334.0,6826.0,9108.28,玉米0511,8712.0,1334.0,1334.0
2005-04-13,C0511,1330.0,1334.0,1325.0,1325.0,5186.0,6893.5,玉米0511,6614.0,1329.0,1325.0
2005-04-14,C0511,1331.0,1332.0,1310.0,1316.0,5990.0,7902.63,玉米0511,6476.0,1319.0,1316.0
2005-04-15,C0511,1319.0,1321.0,1315.0,1319.0,3118.0,4110.66,玉米0511,6474.0,1318.0,1319.0
2005-04-18,C0511,1317.0,1317.0,1310.0,1313.0,2666.0,3497.2,玉米0511,6418.0,1311.0,1313.0
2005-04-19,C0511,1314.0,1320.0,1311.0,1319.0,1922.0,2531.06,玉米0511,6176.0,1316.0,1319.0
2005-04-20,C0511,1331.0,1345.0,1328.0,1339.0,10290.0,13737.77,玉米0511,8278.0,1335.0,1339.0
2005-04-21,C0511,1338.0,1338.0,1316.0,1322.0,5040.0,6677.64,玉米0511,6954.0,1324.0,1322.0
2005-04-22,C0511,1324.0,1326.0,1319.0,1325.0,2708.0,3579.85,玉米0511,6570.0,1321.0,1325.0
2005-04-25,C0511,1327.0,1327.0,1322.0,1325.0,2904.0,3846.21,玉米0511,5750.0,1324.0,1325.0
2005-04-26,C0511,1323.0,1324.0,1318.0,1320.0,3146.0,4155.07,玉米0511,4926.0,1320.0,1320.0
2005-04-27,C0511,1321.0,1321.0,1318.0,1319.0,892.0,1177.09,玉米0511,4562.0,1319.0,1319.0
2005-04-28,C0511,1318.0,1319.0,1316.0,1318.0,680.0,895.9,玉米0511,4372.0,1317.0,1318.0
2005-04-29,C0511,1315.0,1317.0,1314.0,1315.0,1420.0,1868.39,玉米0511,5046.0,1315.0,1315.0
2005-05-09,C0511,1316.0,1316.0,1295.0,1297.0,3504.0,4554.78,玉米0511,5124.0,1299.0,1297.0
2005-05-10,C0511,1296.0,1301.0,1284.0,1290.0,3050.0,3935.77,玉米0511,6084.0,1290.0,1290.0
2005-05-11,C0511,1291.0,1294.0,1288.0,1289.0,1960.0,2528.54,玉米0511,5324.0,1290.0,1289.0
2005-05-12,C0511,1286.0,1286.0,1271.0,1273.0,3142.0,4017.11,玉米0511,5994.0,1278.0,1273.0
2005-05-13,C0511,1266.0,1270.0,1253.0,1256.0,3868.0,4888.39,玉米0511,5678.0,1263.0,1256.0
2005-05-16,C0511,1252.0,1265.0,1252.0,1260.0,1314.0,1657.02,玉米0511,5492.0,1261.0,1260.0
2005-05-17,C0511,1263.0,1264.0,1253.0,1259.0,1656.0,2081.84,玉米0511,5712.0,1257.0,1259.0
2005-05-18,C0511,1260.0,1267.0,1228.0,1266.0,1810.0,2272.45,玉米0511,5808.0,1255.0,1266.0
2005-05-19,C0511,1270.0,1275.0,1264.0,1271.0,1988.0,2521.56,玉米0511,6014.0,1268.0,1271.0
2005-05-20,C0511,1266.0,1276.0,1266.0,1275.0,1134.0,1443.26,玉米0511,5972.0,1272.0,1275.0
2005-05-23,C0511,1277.0,1288.0,1277.0,1285.0,1172.0,1504.88,玉米0511,6258.0,1284.0,1285.0
2005-05-24,C0511,1291.0,1297.0,1287.0,1290.0,2128.0,2751.47,玉米0511,6616.0,1292.0,1290.0
2005-05-25,C0511,1287.0,1291.0,1264.0,1270.0,4618.0,5877.12,玉米0511,7508.0,1272.0,1270.0
2005-05-26,C0511,1276.0,1289.0,1274.0,1283.0,4704.0,6024.47,玉米0511,7890.0,1280.0,1283.0
2005-05-27,C0511,1290.0,1290.0,1280.0,1287.0,2268.0,2914.22,玉米0511,7832.0,1284.0,1287.0
2005-05-30,C0511,1280.0,1284.0,1274.0,1278.0,4208.0,5381.33,玉米0511,7656.0,1278.0,1278.0
2005-05-31,C0511,1285.0,1289.0,1277.0,1281.0,2474.0,3170.72,玉米0511,8326.0,1281.0,1281.0
2005-06-01,C0511,1280.0,1280.0,1274.0,1274.0,864.0,1102.49,玉米0511,8256.0,1276.0,1274.0
2005-06-02,C0511,1277.0,1280.0,1277.0,1277.0,738.0,943.64,玉米0511,8058.0,1278.0,1277.0
2005-06-03,C0511,1273.0,1276.0,1271.0,1275.0,798.0,1016.59,玉米0511,8164.0,1273.0,1275.0
2005-06-06,C0511,1282.0,1296.0,1282.0,1296.0,4892.0,6322.87,玉米0511,8882.0,1292.0,1296.0
2005-06-07,C0511,1288.0,1295.0,1288.0,1292.0,1344.0,1736.51,玉米0511,8964.0,1292.0,1292.0
2005-06-08,C0511,1287.0,1293.0,1287.0,1291.0,1658.0,2139.99,玉米0511,9058.0,1290.0,1291.0
2005-06-09,C0511,1290.0,1299.0,1288.0,1295.0,2508.0,3249.47,玉米0511,8826.0,1295.0,1295.0
2005-06-10,C0511,1300.0,1306.0,1296.0,1297.0,5286.0,6875.83,玉米0511,9332.0,1300.0,1297.0
2005-06-13,C0511,1301.0,1303.0,1294.0,1294.0,17880.0,23199.73,玉米0511,14384.0,1297.0,1294.0
2005-06-14,C0511,1295.0,1299.0,1292.0,1295.0,11356.0,14712.39,玉米0511,15046.0,1295.0,1295.0
2005-06-15,C0511,1300.0,1300.0,1296.0,1297.0,9590.0,12440.15,玉米0511,15176.0,1297.0,1297.0
2005-06-16,C0511,1311.0,1311.0,1297.0,1302.0,30296.0,39395.64,玉米0511,19464.0,1300.0,1302.0
2005-06-17,C0511,1301.0,1303.0,1296.0,1302.0,34942.0,45424.99,玉米0511,22372.0,1300.0,1302.0
2005-06-20,C0511,1320.0,1324.0,1311.0,1315.0,30430.0,39987.94,玉米0511,27896.0,1314.0,1315.0
2005-06-21,C0511,1315.0,1316.0,1307.0,1311.0,44346.0,58161.09,玉米0511,28506.0,1311.0,1311.0
2005-06-22,C0511,1320.0,1320.0,1312.0,1315.0,34820.0,45763.41,玉米0511,29242.0,1314.0,1315.0
2005-06-23,C0511,1311.0,1313.0,1297.0,1302.0,41292.0,54020.23,玉米0511,28456.0,1308.0,1302.0
2005-06-24,C0511,1300.0,1307.0,1300.0,1305.0,34122.0,44504.84,玉米0511,27622.0,1304.0,1305.0
2005-06-27,C0511,1306.0,1310.0,1303.0,1304.0,39468.0,51586.94,玉米0511,28956.0,1307.0,1304.0
2005-06-28,C0511,1283.0,1302.0,1281.0,1300.0,40970.0,53167.66,玉米0511,26682.0,1297.0,1300.0
2005-06-29,C0511,1299.0,1304.0,1298.0,1302.0,39838.0,51832.49,玉米0511,26872.0,1301.0,1302.0
2005-06-30,C0511,1303.0,1305.0,1290.0,1293.0,28852.0,37487.7,玉米0511,26034.0,1299.0,1293.0
2005-07-01,C0511,1293.0,1296.0,1292.0,1295.0,36522.0,47280.12,玉米0511,27802.0,1294.0,1295.0
2005-07-04,C0511,1297.0,1297.0,1294.0,1296.0,38846.0,50321.33,玉米0511,28236.0,1295.0,1296.0
2005-07-05,C0511,1297.0,1298.0,1291.0,1296.0,43732.0,56621.14,玉米0511,27506.0,1294.0,1296.0
2005-07-06,C0511,1305.0,1305.0,1293.0,1294.0,39212.0,50829.32,玉米0511,27866.0,1296.0,1294.0
2005-07-07,C0511,1295.0,1298.0,1293.0,1293.0,58442.0,75747.03,玉米0511,29062.0,1296.0,1293.0
2005-07-08,C0511,1293.0,1297.0,1291.0,1295.0,48100.0,62206.26,玉米0511,30094.0,1293.0,1295.0
2005-07-11,C0511,1293.0,1310.0,1291.0,1304.0,63738.0,82908.09,玉米0511,36870.0,1300.0,1304.0
2005-07-12,C0511,1306.0,1308.0,1302.0,1307.0,42860.0,55924.36,玉米0511,37414.0,1304.0,1307.0
2005-07-13,C0511,1304.0,1306.0,1297.0,1299.0,56320.0,73404.93,玉米0511,36394.0,1303.0,1299.0
2005-07-14,C0511,1305.0,1307.0,1296.0,1297.0,53680.0,69837.47,玉米0511,37688.0,1300.0,1297.0
2005-07-15,C0511,1300.0,1308.0,1296.0,1306.0,46064.0,60061.9,玉米0511,50158.0,1303.0,1306.0
2005-07-18,C0511,1310.0,1314.0,1301.0,1302.0,65402.0,85604.73,玉米0511,57928.0,1308.0,1302.0
2005-07-19,C0511,1302.0,1305.0,1296.0,1297.0,53446.0,69510.8,玉米0511,64328.0,1300.0,1297.0
2005-07-20,C0511,1292.0,1293.0,1278.0,1284.0,58732.0,75442.07,玉米0511,67000.0,1284.0,1284.0
2005-07-21,C0511,1284.0,1287.0,1280.0,1287.0,48976.0,62882.26,玉米0511,72538.0,1283.0,1287.0
2005-07-22,C0511,1263.0,1285.0,1263.0,1279.0,60522.0,77415.16,玉米0511,72028.0,1279.0,1279.0
2005-07-25,C0511,1276.0,1280.0,1265.0,1268.0,47432.0,60510.06,玉米0511,68360.0,1275.0,1268.0
2005-07-26,C0511,1268.0,1273.0,1265.0,1267.0,34240.0,43406.78,玉米0511,77102.0,1267.0,1267.0
2005-07-27,C0511,1267.0,1272.0,1267.0,1271.0,64394.0,81719.68,玉米0511,69328.0,1269.0,1271.0
2005-07-28,C0511,1273.0,1275.0,1232.0,1250.0,74934.0,94363.98,玉米0511,70424.0,1259.0,1250.0
2005-07-29,C0511,1250.0,1269.0,1234.0,1256.0,94986.0,118345.95,玉米0511,73146.0,1245.0,1256.0
2005-08-01,C0511,1252.0,1255.0,1240.0,1244.0,79994.0,100103.24,玉米0511,75468.0,1251.0,1244.0
2005-08-02,C0511,1246.0,1255.0,1238.0,1250.0,83156.0,103652.36,玉米0511,78932.0,1246.0,1250.0
2005-08-03,C0511,1252.0,1253.0,1235.0,1242.0,94684.0,117894.21,玉米0511,85590.0,1245.0,1242.0
2005-08-04,C0511,1239.0,1239.0,1230.0,1234.0,84112.0,103825.48,玉米0511,84206.0,1234.0,1234.0
2005-08-05,C0511,1234.0,1241.0,1234.0,1237.0,114804.0,142138.02,玉米0511,86196.0,1238.0,1237.0
2005-08-08,C0511,1238.0,1243.0,1236.0,1238.0,116198.0,144038.53,玉米0511,82084.0,1239.0,1238.0
2005-08-09,C0511,1238.0,1239.0,1236.0,1238.0,97816.0,121044.3,玉米0511,81856.0,1237.0,1238.0
2005-08-10,C0511,1233.0,1250.0,1233.0,1245.0,96132.0,119056.53,玉米0511,91690.0,1238.0,1245.0
2005-08-11,C0511,1249.0,1249.0,1244.0,1246.0,94444.0,117716.61,玉米0511,80986.0,1246.0,1246.0
2005-08-12,C0511,1247.0,1248.0,1241.0,1241.0,119006.0,147934.76,玉米0511,79352.0,1243.0,1241.0
2005-08-15,C0511,1241.0,1241.0,1232.0,1233.0,60866.0,75131.86,玉米0511,76060.0,1234.0,1233.0
2005-08-16,C0511,1228.0,1233.0,1226.0,1230.0,63510.0,78137.81,玉米0511,76718.0,1230.0,1230.0
2005-08-17,C0511,1231.0,1233.0,1223.0,1223.0,59496.0,73163.29,玉米0511,76076.0,1229.0,1223.0
2005-08-18,C0511,1224.0,1232.0,1224.0,1228.0,98774.0,121253.63,玉米0511,77420.0,1227.0,1228.0
2005-08-19,C0511,1225.0,1237.0,1225.0,1230.0,55650.0,68448.88,玉米0511,77496.0,1229.0,1230.0
2005-08-22,C0511,1230.0,1239.0,1229.0,1239.0,88824.0,109689.4,玉米0511,76286.0,1234.0,1239.0
2005-08-23,C0511,1245.0,1245.0,1232.0,1234.0,76270.0,94317.35,玉米0511,76110.0,1236.0,1234.0
2005-08-24,C0511,1232.0,1235.0,1226.0,1227.0,75470.0,92768.35,玉米0511,76490.0,1229.0,1227.0
2005-08-25,C0511,1227.0,1233.0,1225.0,1233.0,99056.0,121640.73,玉米0511,76062.0,1227.0,1233.0
2005-08-26,C0511,1228.0,1229.0,1225.0,1227.0,93060.0,114208.49,玉米0511,75730.0,1227.0,1227.0
2005-08-29,C0511,1227.0,1232.0,1226.0,1230.0,91976.0,113106.45,玉米0511,75468.0,1229.0,1230.0
2005-08-30,C0511,1229.0,1233.0,1228.0,1233.0,86222.0,106145.29,玉米0511,75924.0,1231.0,1233.0
2005-08-31,C0511,1234.0,1238.0,1233.0,1236.0,77254.0,95430.29,玉米0511,74950.0,1235.0,1236.0
2005-09-01,C0511,1232.0,1238.0,1232.0,1237.0,70542.0,87168.53,玉米0511,78550.0,1235.0,1237.0
2005-09-02,C0511,1240.0,1242.0,1237.0,1237.0,94786.0,117431.57,玉米0511,74934.0,1238.0,1237.0
2005-09-05,C0511,1240.0,1240.0,1236.0,1240.0,70970.0,87871.04,玉米0511,74056.0,1238.0,1240.0
2005-09-06,C0511,1240.0,1244.0,1240.0,1241.0,106668.0,132471.61,玉米0511,73286.0,1241.0,1241.0
2005-09-07,C0511,1244.0,1244.0,1235.0,1242.0,44756.0,55585.11,玉米0511,73078.0,1241.0,1242.0
2005-09-08,C0511,1240.0,1242.0,1238.0,1239.0,84910.0,105260.09,玉米0511,72410.0,1239.0,1239.0
2005-09-09,C0511,1240.0,1241.0,1239.0,1240.0,80596.0,99940.6,玉米0511,72382.0,1240.0,1240.0
2005-09-12,C0511,1239.0,1240.0,1238.0,1240.0,99188.0,122867.57,玉米0511,70350.0,1238.0,1240.0
2005-09-13,C0511,1238.0,1241.0,1238.0,1241.0,60386.0,74887.47,玉米0511,69334.0,1240.0,1241.0
2005-09-14,C0511,1240.0,1262.0,1240.0,1260.0,73950.0,92419.7,玉米0511,64196.0,1249.0,1260.0
2005-09-15,C0511,1259.0,1288.0,1258.0,1277.0,66698.0,84906.91,玉米0511,62194.0,1273.0,1277.0
2005-09-16,C0511,1272.0,1281.0,1265.0,1273.0,68386.0,87018.2,玉米0511,50576.0,1272.0,1273.0
2005-09-19,C0511,1276.0,1277.0,1267.0,1271.0,51976.0,66215.13,玉米0511,49674.0,1273.0,1271.0
2005-09-20,C0511,1273.0,1273.0,1260.0,1262.0,51154.0,64809.68,玉米0511,37772.0,1266.0,1262.0
2005-09-21,C0511,1260.0,1268.0,1260.0,1266.0,38232.0,48292.92,玉米0511,36860.0,1263.0,1266.0
2005-09-22,C0511,1265.0,1270.0,1260.0,1266.0,40984.0,51885.77,玉米0511,37088.0,1266.0,1266.0
2005-09-23,C0511,1265.0,1269.0,1265.0,1265.0,41606.0,52688.9,玉米0511,36122.0,1266.0,1265.0
2005-09-26,C0511,1261.0,1266.0,1261.0,1265.0,21376.0,27020.37,玉米0511,32606.0,1264.0,1265.0
2005-09-27,C0511,1262.0,1266.0,1260.0,1266.0,36782.0,46491.64,玉米0511,29308.0,1263.0,1266.0
2005-09-28,C0511,1265.0,1267.0,1264.0,1267.0,29020.0,36731.08,玉米0511,20644.0,1265.0,1267.0
2005-09-29,C0511,1263.0,1265.0,1263.0,1264.0,22822.0,28866.55,玉米0511,18956.0,1264.0,1264.0
2005-09-30,C0511,1267.0,1267.0,1261.0,1265.0,10242.0,12937.75,玉米0511,14780.0,1263.0,1265.0
2005-10-10,C0511,1262.0,1269.0,1262.0,1264.0,2486.0,3144.22,玉米0511,12480.0,1264.0,1264.0
2005-10-11,C0511,1264.0,1269.0,1263.0,1269.0,2848.0,3601.85,玉米0511,11338.0,1264.0,1269.0
2005-10-12,C0511,1267.0,1271.0,1264.0,1267.0,2178.0,2757.29,玉米0511,11108.0,1265.0,1267.0
2005-10-13,C0511,1268.0,1273.0,1264.0,1266.0,904.0,1144.06,玉米0511,11040.0,1265.0,1266.0
2005-10-14,C0511,1268.0,1268.0,1260.0,1260.0,1448.0,1830.23,玉米0511,9998.0,1263.0,1260.0
2005-10-17,C0511,1255.0,1260.0,1255.0,1259.0,266.0,334.02,玉米0511,9752.0,1255.0,1259.0
2005-10-18,C0511,1251.0,1260.0,1250.0,1256.0,684.0,861.62,玉米0511,9486.0,1259.0,1256.0
2005-10-19,C0511,1259.0,1266.0,1257.0,1257.0,1134.0,1428.46,玉米0511,8368.0,1259.0,1257.0
2005-10-20,C0511,1256.0,1260.0,1255.0,1255.0,256.0,321.44,玉米0511,8112.0,1255.0,1255.0
2005-10-21,C0511,1255.0,1255.0,1247.0,1250.0,1638.0,2053.67,玉米0511,7668.0,1253.0,1250.0
2005-10-24,C0511,1240.0,1240.0,1221.0,1221.0,228.0,280.2,玉米0511,7546.0,1228.0,1221.0
2005-10-25,C0511,1200.0,1225.0,1200.0,1207.0,46.0,55.89,玉米0511,7544.0,1215.0,1207.0
2005-10-26,C0511,1225.0,1225.0,1205.0,1218.0,836.0,1023.72,玉米0511,7528.0,1224.0,1218.0
2005-10-27,C0511,1206.0,1214.0,1205.0,1210.0,326.0,392.93,玉米0511,7328.0,1205.0,1210.0
2005-10-28,C0511,1210.0,1215.0,1181.0,1190.0,140.0,167.32,玉米0511,7248.0,1195.0,1190.0
2005-10-31,C0511,1171.0,1190.0,1170.0,1189.0,2298.0,2734.31,玉米0511,7248.0,1189.0,1189.0
2005-11-01,C0511,1195.0,1198.0,1195.0,1198.0,156.0,186.53,玉米0511,7212.0,1195.0,1198.0
2005-11-02,C0511,1171.0,1201.0,1171.0,1198.0,70.0,83.41,玉米0511,7212.0,1191.0,1198.0
2005-11-03,C0511,0.0,0.0,0.0,1191.0,0.0,0.0,玉米0511,7212.0,1191.0,1191.0
2005-11-04,C0511,0.0,0.0,0.0,1191.0,0.0,0.0,玉米0511,7212.0,1191.0,1191.0
2005-11-07,C0511,0.0,0.0,0.0,1191.0,0.0,0.0,玉米0511,7212.0,1191.0,1191.0
2005-11-08,C0511,1191.0,1210.0,1191.0,1210.0,1448.0,1751.17,玉米0511,12.0,1209.0,1210.0
2005-11-09,C0511,0.0,0.0,0.0,1209.0,0.0,0.0,玉米0511,12.0,1209.0,1209.0
2005-11-10,C0511,0.0,0.0,0.0,1209.0,0.0,0.0,玉米0511,12.0,1209.0,1209.0
2005-11-11,C0511,1230.0,1230.0,1230.0,1230.0,12.0,14.76,玉米0511,0.0,1230.0,1230.0
2005-11-14,C0511,1303.0,1303.0,1157.0,1292.0,8300.0,10205.6,玉米0511,0.0,1225.0,1292.0
