date,symbol,open,high,low,close,volume,amount,name,openinterest,settleprice,price
2005-07-15,C0607,0.0,0.0,0.0,1300.0,0.0,0.0,玉米0607,0.0,1300.0,1300.0
2005-07-18,C0607,1339.0,1339.0,1300.0,1300.0,4.0,5.28,玉米0607,0.0,1319.0,1300.0
2005-07-19,C0607,0.0,0.0,0.0,1319.0,0.0,0.0,玉米0607,0.0,1319.0,1319.0
2005-07-20,C0607,1270.0,1371.0,1270.0,1270.0,164.0,212.48,玉米0607,0.0,1295.0,1270.0
2005-07-21,C0607,1295.0,1315.0,1286.0,1300.0,180.0,233.91,玉米0607,76.0,1299.0,1300.0
2005-07-22,C0607,0.0,0.0,0.0,1299.0,0.0,0.0,玉米0607,76.0,1299.0,1299.0
2005-07-25,C0607,1285.0,1295.0,1285.0,1286.0,56.0,72.02,玉米0607,64.0,1286.0,1286.0
2005-07-26,C0607,1266.0,1290.0,1266.0,1280.0,54.0,69.28,玉米0607,42.0,1282.0,1280.0
2005-07-27,C0607,1284.0,1284.0,1280.0,1280.0,14.0,17.94,玉米0607,30.0,1281.0,1280.0
2005-07-28,C0607,1265.0,1278.0,1265.0,1265.0,34.0,43.17,玉米0607,20.0,1269.0,1265.0
2005-07-29,C0607,1249.0,1264.0,1249.0,1264.0,12.0,15.1,玉米0607,24.0,1258.0,1264.0
2005-08-01,C0607,1250.0,1250.0,1250.0,1250.0,4.0,5.0,玉米0607,24.0,1250.0,1250.0
2005-08-02,C0607,1235.0,1250.0,1235.0,1250.0,16.0,19.93,玉米0607,36.0,1245.0,1250.0
2005-08-03,C0607,1246.0,1246.0,1240.0,1240.0,8.0,9.93,玉米0607,36.0,1241.0,1240.0
2005-08-04,C0607,1225.0,1239.0,1225.0,1239.0,18.0,22.17,玉米0607,28.0,1231.0,1239.0
2005-08-05,C0607,0.0,0.0,0.0,1231.0,0.0,0.0,玉米0607,28.0,1231.0,1231.0
2005-08-08,C0607,1249.0,1249.0,1235.0,1235.0,36.0,44.69,玉米0607,28.0,1241.0,1235.0
2005-08-09,C0607,1228.0,1238.0,1226.0,1238.0,44.0,54.25,玉米0607,28.0,1232.0,1238.0
2005-08-10,C0607,0.0,0.0,0.0,1232.0,0.0,0.0,玉米0607,28.0,1232.0,1232.0
2005-08-11,C0607,1251.0,1251.0,1224.0,1246.0,30.0,37.25,玉米0607,38.0,1241.0,1246.0
2005-08-12,C0607,1229.0,1252.0,1229.0,1252.0,6.0,7.42,玉米0607,32.0,1236.0,1252.0
2005-08-15,C0607,1239.0,1239.0,1219.0,1224.0,38.0,46.97,玉米0607,58.0,1236.0,1224.0
2005-08-16,C0607,1206.0,1217.0,1206.0,1216.0,40.0,48.35,玉米0607,38.0,1208.0,1216.0
2005-08-17,C0607,1215.0,1225.0,1214.0,1214.0,6.0,7.31,玉米0607,38.0,1218.0,1214.0
2005-08-18,C0607,1220.0,1220.0,1220.0,1220.0,2.0,2.44,玉米0607,40.0,1220.0,1220.0
2005-08-19,C0607,1217.0,1217.0,1217.0,1217.0,2.0,2.43,玉米0607,42.0,1217.0,1217.0
2005-08-22,C0607,1244.0,1263.0,1230.0,1239.0,84.0,104.67,玉米0607,70.0,1246.0,1239.0
2005-08-23,C0607,1290.0,1290.0,1237.0,1237.0,68.0,84.25,玉米0607,68.0,1238.0,1237.0
2005-08-24,C0607,1222.0,1239.0,1222.0,1237.0,48.0,58.84,玉米0607,104.0,1225.0,1237.0
2005-08-25,C0607,1226.0,1237.0,1226.0,1237.0,56.0,68.98,玉米0607,104.0,1231.0,1237.0
2005-08-26,C0607,1222.0,1234.0,1222.0,1234.0,10.0,12.3,玉米0607,106.0,1230.0,1234.0
2005-08-29,C0607,1249.0,1249.0,1228.0,1239.0,44.0,54.81,玉米0607,70.0,1245.0,1239.0
2005-08-30,C0607,1226.0,1232.0,1226.0,1232.0,44.0,53.96,玉米0607,110.0,1226.0,1232.0
2005-08-31,C0607,1257.0,1257.0,1230.0,1241.0,1324.0,1645.88,玉米0607,76.0,1243.0,1241.0
2005-09-01,C0607,1248.0,1248.0,1241.0,1246.0,18.0,22.39,玉米0607,76.0,1244.0,1246.0
2005-09-02,C0607,1239.0,1247.0,1239.0,1246.0,58.0,71.96,玉米0607,128.0,1240.0,1246.0
2005-09-05,C0607,1264.0,1264.0,1242.0,1248.0,52.0,65.62,玉米0607,78.0,1261.0,1248.0
2005-09-06,C0607,1240.0,1251.0,1239.0,1245.0,56.0,69.46,玉米0607,112.0,1240.0,1245.0
2005-09-07,C0607,1243.0,1243.0,1243.0,1243.0,2.0,2.49,玉米0607,112.0,1243.0,1243.0
2005-09-08,C0607,0.0,0.0,0.0,1243.0,0.0,0.0,玉米0607,112.0,1243.0,1243.0
2005-09-09,C0607,1254.0,1254.0,1239.0,1249.0,42.0,52.63,玉米0607,74.0,1253.0,1249.0
2005-09-12,C0607,0.0,0.0,0.0,1253.0,0.0,0.0,玉米0607,74.0,1253.0,1253.0
2005-09-13,C0607,1236.0,1251.0,1236.0,1251.0,18.0,22.39,玉米0607,72.0,1243.0,1251.0
2005-09-14,C0607,1251.0,1261.0,1231.0,1256.0,102.0,127.82,玉米0607,68.0,1253.0,1256.0
2005-09-15,C0607,1256.0,1286.0,1256.0,1265.0,512.0,654.53,玉米0607,518.0,1278.0,1265.0
2005-09-16,C0607,1235.0,1277.0,1235.0,1268.0,498.0,632.62,玉米0607,578.0,1270.0,1268.0
2005-09-19,C0607,1268.0,1279.0,1268.0,1273.0,266.0,339.71,玉米0607,792.0,1277.0,1273.0
2005-09-20,C0607,1250.0,1277.0,1250.0,1268.0,4472.0,5678.48,玉米0607,5172.0,1269.0,1268.0
2005-09-21,C0607,1275.0,1280.0,1275.0,1278.0,638.0,815.38,玉米0607,5610.0,1278.0,1278.0
2005-09-22,C0607,1280.0,1280.0,1275.0,1280.0,362.0,463.07,玉米0607,5844.0,1279.0,1280.0
2005-09-23,C0607,1284.0,1298.0,1278.0,1286.0,856.0,1103.77,玉米0607,6286.0,1289.0,1286.0
2005-09-26,C0607,1279.0,1288.0,1279.0,1279.0,4052.0,5207.2,玉米0607,10236.0,1285.0,1279.0
2005-09-27,C0607,1277.0,1279.0,1270.0,1271.0,1616.0,2066.01,玉米0607,11730.0,1278.0,1271.0
2005-09-28,C0607,1266.0,1277.0,1260.0,1276.0,5438.0,6904.6,玉米0607,15256.0,1269.0,1276.0
2005-09-29,C0607,1278.0,1285.0,1272.0,1285.0,5662.0,7263.43,玉米0607,15442.0,1282.0,1285.0
2005-09-30,C0607,1280.0,1298.0,1275.0,1281.0,734.0,943.32,玉米0607,15822.0,1285.0,1281.0
2005-10-10,C0607,1280.0,1312.0,1280.0,1310.0,4970.0,6484.38,玉米0607,20392.0,1304.0,1310.0
2005-10-11,C0607,1311.0,1315.0,1305.0,1312.0,31508.0,41306.66,玉米0607,27116.0,1310.0,1312.0
2005-10-12,C0607,1311.0,1312.0,1306.0,1312.0,13356.0,17471.54,玉米0607,23652.0,1308.0,1312.0
2005-10-13,C0607,1316.0,1317.0,1305.0,1312.0,10830.0,14221.91,玉米0607,23796.0,1313.0,1312.0
2005-10-14,C0607,1311.0,1311.0,1296.0,1297.0,15690.0,20530.81,玉米0607,25178.0,1308.0,1297.0
2005-10-17,C0607,1302.0,1310.0,1297.0,1307.0,19718.0,25671.35,玉米0607,25006.0,1301.0,1307.0
2005-10-18,C0607,1301.0,1316.0,1301.0,1305.0,17448.0,22886.44,玉米0607,25390.0,1311.0,1305.0
2005-10-19,C0607,1303.0,1315.0,1300.0,1304.0,14990.0,19571.05,玉米0607,26154.0,1305.0,1304.0
2005-10-20,C0607,1304.0,1310.0,1295.0,1301.0,12798.0,16702.35,玉米0607,26428.0,1305.0,1301.0
2005-10-21,C0607,1304.0,1304.0,1282.0,1286.0,15414.0,19950.03,玉米0607,26662.0,1294.0,1286.0
2005-10-24,C0607,1283.0,1297.0,1283.0,1294.0,11412.0,14764.72,玉米0607,26432.0,1293.0,1294.0
2005-10-25,C0607,1294.0,1296.0,1286.0,1292.0,11692.0,15089.2,玉米0607,26254.0,1290.0,1292.0
2005-10-26,C0607,1293.0,1305.0,1291.0,1301.0,12090.0,15673.63,玉米0607,26584.0,1296.0,1301.0
2005-10-27,C0607,1299.0,1307.0,1296.0,1301.0,20552.0,26751.3,玉米0607,25700.0,1301.0,1301.0
2005-10-28,C0607,1300.0,1302.0,1290.0,1292.0,17602.0,22791.8,玉米0607,25734.0,1294.0,1292.0
2005-10-31,C0607,1290.0,1290.0,1284.0,1287.0,14722.0,18944.3,玉米0607,25816.0,1286.0,1287.0
2005-11-01,C0607,1288.0,1298.0,1288.0,1296.0,16218.0,20948.46,玉米0607,25938.0,1291.0,1296.0
2005-11-02,C0607,1297.0,1305.0,1295.0,1299.0,22786.0,29583.58,玉米0607,27332.0,1298.0,1299.0
2005-11-03,C0607,1300.0,1301.0,1296.0,1300.0,19828.0,25743.87,玉米0607,27556.0,1298.0,1300.0
2005-11-04,C0607,1303.0,1303.0,1293.0,1295.0,16996.0,22066.56,玉米0607,27112.0,1298.0,1295.0
2005-11-07,C0607,1293.0,1295.0,1278.0,1286.0,30304.0,38954.93,玉米0607,25782.0,1285.0,1286.0
2005-11-08,C0607,1286.0,1289.0,1284.0,1286.0,23778.0,30582.55,玉米0607,25682.0,1286.0,1286.0
2005-11-09,C0607,1283.0,1288.0,1275.0,1277.0,24538.0,31479.45,玉米0607,25192.0,1282.0,1277.0
2005-11-10,C0607,1276.0,1280.0,1273.0,1278.0,26536.0,33876.25,玉米0607,25478.0,1276.0,1278.0
2005-11-11,C0607,1279.0,1279.0,1272.0,1276.0,26774.0,34182.43,玉米0607,25056.0,1276.0,1276.0
2005-11-14,C0607,1284.0,1284.0,1270.0,1273.0,25382.0,32352.54,玉米0607,25046.0,1274.0,1273.0
2005-11-15,C0607,1270.0,1275.0,1268.0,1270.0,18378.0,23356.96,玉米0607,25132.0,1270.0,1270.0
2005-11-16,C0607,1268.0,1273.0,1258.0,1262.0,31568.0,39818.46,玉米0607,26792.0,1261.0,1262.0
2005-11-17,C0607,1258.0,1272.0,1253.0,1260.0,35564.0,44814.8,玉米0607,31806.0,1260.0,1260.0
2005-11-18,C0607,1263.0,1269.0,1257.0,1262.0,29730.0,37477.51,玉米0607,31578.0,1260.0,1262.0
2005-11-21,C0607,1258.0,1262.0,1252.0,1255.0,40918.0,51396.18,玉米0607,40670.0,1256.0,1255.0
2005-11-22,C0607,1256.0,1271.0,1256.0,1271.0,66598.0,84011.02,玉米0607,39448.0,1261.0,1271.0
2005-11-23,C0607,1269.0,1273.0,1266.0,1268.0,59318.0,75371.53,玉米0607,39774.0,1270.0,1268.0
2005-11-24,C0607,1265.0,1271.0,1264.0,1269.0,72312.0,91691.03,玉米0607,38258.0,1267.0,1269.0
2005-11-25,C0607,1269.0,1275.0,1268.0,1269.0,58918.0,74878.27,玉米0607,40000.0,1270.0,1269.0
2005-11-28,C0607,1268.0,1271.0,1250.0,1258.0,55248.0,69379.95,玉米0607,39506.0,1255.0,1258.0
2005-11-29,C0607,1262.0,1262.0,1256.0,1257.0,62458.0,78631.69,玉米0607,39248.0,1258.0,1257.0
2005-11-30,C0607,1257.0,1266.0,1257.0,1265.0,68368.0,86211.86,玉米0607,41110.0,1260.0,1265.0
2005-12-01,C0607,1265.0,1274.0,1263.0,1270.0,70362.0,89206.67,玉米0607,44512.0,1267.0,1270.0
2005-12-02,C0607,1273.0,1285.0,1273.0,1280.0,78230.0,100177.2,玉米0607,46488.0,1280.0,1280.0
2005-12-05,C0607,1281.0,1309.0,1276.0,1290.0,65072.0,83596.78,玉米0607,53466.0,1284.0,1290.0
2005-12-06,C0607,1295.0,1295.0,1289.0,1292.0,73398.0,94743.25,玉米0607,56434.0,1290.0,1292.0
2005-12-07,C0607,1289.0,1297.0,1287.0,1292.0,80074.0,103356.46,玉米0607,63736.0,1290.0,1292.0
2005-12-08,C0607,1290.0,1292.0,1285.0,1287.0,110058.0,141889.13,玉米0607,65096.0,1289.0,1287.0
2005-12-09,C0607,1288.0,1298.0,1288.0,1298.0,98070.0,126985.56,玉米0607,67456.0,1294.0,1298.0
2005-12-12,C0607,1303.0,1314.0,1297.0,1300.0,75976.0,99080.48,玉米0607,72978.0,1304.0,1300.0
2005-12-13,C0607,1304.0,1304.0,1295.0,1299.0,95128.0,123611.0,玉米0607,75780.0,1299.0,1299.0
2005-12-14,C0607,1303.0,1306.0,1294.0,1294.0,111622.0,145102.24,玉米0607,75180.0,1299.0,1294.0
2005-12-15,C0607,1292.0,1297.0,1290.0,1296.0,82976.0,107371.49,玉米0607,72872.0,1294.0,1296.0
2005-12-16,C0607,1295.0,1300.0,1294.0,1299.0,106784.0,138575.44,玉米0607,72868.0,1297.0,1299.0
2005-12-19,C0607,1300.0,1315.0,1300.0,1310.0,132234.0,173017.49,玉米0607,78076.0,1308.0,1310.0
2005-12-20,C0607,1315.0,1315.0,1302.0,1303.0,130176.0,170272.16,玉米0607,76538.0,1308.0,1303.0
2005-12-21,C0607,1303.0,1308.0,1301.0,1307.0,90804.0,118413.51,玉米0607,77194.0,1304.0,1307.0
2005-12-22,C0607,1309.0,1316.0,1308.0,1314.0,94112.0,123439.06,玉米0607,82334.0,1311.0,1314.0
2005-12-23,C0607,1316.0,1319.0,1311.0,1315.0,96432.0,126798.68,玉米0607,79838.0,1314.0,1315.0
2005-12-26,C0607,1315.0,1341.0,1315.0,1340.0,138094.0,183838.9,玉米0607,86596.0,1331.0,1340.0
2005-12-27,C0607,1340.0,1349.0,1332.0,1337.0,118278.0,158870.29,玉米0607,84664.0,1343.0,1337.0
2005-12-28,C0607,1340.0,1343.0,1333.0,1335.0,107030.0,143202.6,玉米0607,77476.0,1337.0,1335.0
2005-12-29,C0607,1336.0,1344.0,1334.0,1336.0,133038.0,178324.82,玉米0607,74306.0,1340.0,1336.0
2005-12-30,C0607,1329.0,1333.0,1317.0,1325.0,94712.0,125703.86,玉米0607,62994.0,1327.0,1325.0
2006-01-04,C0607,1346.0,1365.0,1339.0,1347.0,91718.0,123182.51,玉米0607,78866.0,1343.0,1347.0
2006-01-05,C0607,1345.0,1345.0,1334.0,1336.0,62390.0,83532.72,玉米0607,78688.0,1338.0,1336.0
2006-01-06,C0607,1330.0,1347.0,1329.0,1347.0,86960.0,116387.84,玉米0607,83220.0,1338.0,1347.0
2006-01-09,C0607,1335.0,1344.0,1334.0,1340.0,85060.0,114040.64,玉米0607,81040.0,1340.0,1340.0
2006-01-10,C0607,1340.0,1343.0,1334.0,1342.0,93980.0,125665.54,玉米0607,83678.0,1337.0,1342.0
2006-01-11,C0607,1339.0,1342.0,1331.0,1334.0,100392.0,134075.5,玉米0607,82994.0,1335.0,1334.0
2006-01-12,C0607,1333.0,1335.0,1324.0,1327.0,73576.0,97643.38,玉米0607,79064.0,1327.0,1327.0
2006-01-13,C0607,1322.0,1332.0,1322.0,1330.0,87794.0,116426.03,玉米0607,77992.0,1326.0,1330.0
2006-01-16,C0607,1330.0,1343.0,1330.0,1343.0,87020.0,116180.2,玉米0607,74986.0,1335.0,1343.0
2006-01-17,C0607,1342.0,1345.0,1335.0,1336.0,106654.0,143134.68,玉米0607,73028.0,1342.0,1336.0
2006-01-18,C0607,1338.0,1338.0,1323.0,1325.0,99010.0,131622.66,玉米0607,71672.0,1329.0,1325.0
2006-01-19,C0607,1325.0,1331.0,1324.0,1330.0,114798.0,152552.42,玉米0607,70186.0,1328.0,1330.0
2006-01-20,C0607,1331.0,1335.0,1328.0,1332.0,93754.0,124878.14,玉米0607,70660.0,1331.0,1332.0
2006-01-23,C0607,1335.0,1339.0,1332.0,1334.0,70086.0,93616.12,玉米0607,69290.0,1335.0,1334.0
2006-01-24,C0607,1337.0,1337.0,1331.0,1332.0,86076.0,114730.06,玉米0607,69020.0,1332.0,1332.0
2006-01-25,C0607,1334.0,1385.0,1334.0,1370.0,96002.0,130173.98,玉米0607,75526.0,1355.0,1370.0
2006-01-26,C0607,1373.0,1380.0,1365.0,1366.0,94014.0,128637.04,玉米0607,69214.0,1368.0,1366.0
2006-01-27,C0607,1370.0,1385.0,1364.0,1385.0,78924.0,108453.01,玉米0607,58836.0,1374.0,1385.0
2006-02-06,C0607,1427.0,1428.0,1410.0,1428.0,26862.0,38281.44,玉米0607,59982.0,1425.0,1428.0
2006-02-07,C0607,1400.0,1466.0,1400.0,1448.0,103420.0,148274.18,玉米0607,54980.0,1433.0,1448.0
2006-02-08,C0607,1410.0,1465.0,1376.0,1385.0,69716.0,97568.2,玉米0607,46860.0,1399.0,1385.0
2006-02-09,C0607,1409.0,1427.0,1405.0,1413.0,69896.0,98907.82,玉米0607,46910.0,1415.0,1413.0
2006-02-10,C0607,1422.0,1440.0,1386.0,1398.0,65618.0,93072.17,玉米0607,45794.0,1418.0,1398.0
2006-02-13,C0607,1398.0,1405.0,1389.0,1395.0,45002.0,62874.44,玉米0607,44326.0,1397.0,1395.0
2006-02-14,C0607,1396.0,1402.0,1392.0,1399.0,55320.0,77246.78,玉米0607,44190.0,1396.0,1399.0
2006-02-15,C0607,1396.0,1411.0,1391.0,1409.0,51270.0,71528.1,玉米0607,44298.0,1395.0,1409.0
2006-02-16,C0607,1408.0,1424.0,1404.0,1413.0,77274.0,109146.89,玉米0607,44548.0,1412.0,1413.0
2006-02-17,C0607,1418.0,1422.0,1409.0,1414.0,52624.0,74663.12,玉米0607,44920.0,1418.0,1414.0
2006-02-20,C0607,1425.0,1425.0,1404.0,1407.0,69318.0,97822.3,玉米0607,45220.0,1411.0,1407.0
2006-02-21,C0607,1411.0,1417.0,1405.0,1408.0,80586.0,113546.3,玉米0607,44822.0,1409.0,1408.0
2006-02-22,C0607,1405.0,1434.0,1405.0,1427.0,69022.0,97893.74,玉米0607,45916.0,1418.0,1427.0
2006-02-23,C0607,1423.0,1423.0,1403.0,1406.0,70416.0,99563.34,玉米0607,43592.0,1413.0,1406.0
2006-02-24,C0607,1413.0,1418.0,1409.0,1417.0,59220.0,83707.54,玉米0607,43940.0,1413.0,1417.0
2006-02-27,C0607,1420.0,1423.0,1407.0,1410.0,85856.0,121440.03,玉米0607,43710.0,1414.0,1410.0
2006-02-28,C0607,1410.0,1411.0,1398.0,1402.0,64428.0,90576.18,玉米0607,44682.0,1405.0,1402.0
2006-03-01,C0607,1402.0,1404.0,1395.0,1396.0,65554.0,91787.11,玉米0607,43528.0,1400.0,1396.0
2006-03-02,C0607,1391.0,1398.0,1391.0,1397.0,69852.0,97364.57,玉米0607,43028.0,1393.0,1397.0
2006-03-03,C0607,1407.0,1409.0,1404.0,1407.0,75670.0,106370.88,玉米0607,43046.0,1405.0,1407.0
2006-03-06,C0607,1400.0,1402.0,1397.0,1398.0,68408.0,95727.09,玉米0607,42074.0,1399.0,1398.0
2006-03-07,C0607,1395.0,1400.0,1393.0,1393.0,22542.0,31467.31,玉米0607,34746.0,1395.0,1393.0
2006-03-08,C0607,1391.0,1391.0,1371.0,1375.0,32880.0,45339.86,玉米0607,30756.0,1378.0,1375.0
2006-03-09,C0607,1369.0,1380.0,1368.0,1380.0,10876.0,14927.47,玉米0607,26238.0,1372.0,1380.0
2006-03-10,C0607,1387.0,1387.0,1368.0,1369.0,10086.0,13876.04,玉米0607,26200.0,1375.0,1369.0
2006-03-13,C0607,1370.0,1375.0,1367.0,1370.0,11284.0,15465.75,玉米0607,24948.0,1370.0,1370.0
2006-03-14,C0607,1365.0,1366.0,1346.0,1358.0,4406.0,5990.18,玉米0607,24098.0,1359.0,1358.0
2006-03-15,C0607,1360.0,1363.0,1354.0,1359.0,1346.0,1829.95,玉米0607,23596.0,1359.0,1359.0
2006-03-16,C0607,1355.0,1358.0,1351.0,1353.0,3730.0,5052.46,玉米0607,22104.0,1354.0,1353.0
2006-03-17,C0607,1348.0,1348.0,1336.0,1341.0,2464.0,3299.48,玉米0607,20692.0,1339.0,1341.0
2006-03-20,C0607,1341.0,1349.0,1341.0,1344.0,1160.0,1558.61,玉米0607,20212.0,1343.0,1344.0
2006-03-21,C0607,1342.0,1348.0,1342.0,1348.0,1236.0,1661.9,玉米0607,19694.0,1344.0,1348.0
2006-03-22,C0607,1350.0,1357.0,1350.0,1353.0,760.0,1027.83,玉米0607,19730.0,1352.0,1353.0
2006-03-23,C0607,1346.0,1355.0,1346.0,1351.0,1084.0,1463.38,玉米0607,19290.0,1349.0,1351.0
2006-03-24,C0607,1353.0,1353.0,1345.0,1350.0,464.0,626.4,玉米0607,19200.0,1350.0,1350.0
2006-03-27,C0607,1350.0,1359.0,1350.0,1355.0,1254.0,1698.25,玉米0607,18976.0,1354.0,1355.0
2006-03-28,C0607,1359.0,1359.0,1346.0,1351.0,154.0,208.74,玉米0607,18952.0,1355.0,1351.0
2006-03-29,C0607,1351.0,1355.0,1343.0,1346.0,244.0,328.59,玉米0607,18934.0,1346.0,1346.0
2006-03-30,C0607,1347.0,1348.0,1342.0,1346.0,152.0,204.41,玉米0607,18934.0,1344.0,1346.0
2006-03-31,C0607,1349.0,1353.0,1346.0,1350.0,194.0,261.93,玉米0607,18968.0,1350.0,1350.0
2006-04-03,C0607,1370.0,1370.0,1344.0,1345.0,530.0,715.01,玉米0607,18632.0,1349.0,1345.0
2006-04-04,C0607,1346.0,1346.0,1338.0,1341.0,820.0,1098.81,玉米0607,18674.0,1340.0,1341.0
2006-04-05,C0607,1337.0,1348.0,1337.0,1344.0,624.0,837.38,玉米0607,18188.0,1341.0,1344.0
2006-04-06,C0607,1345.0,1348.0,1343.0,1344.0,374.0,502.71,玉米0607,17854.0,1344.0,1344.0
2006-04-07,C0607,1342.0,1345.0,1340.0,1342.0,1112.0,1491.35,玉米0607,17554.0,1341.0,1342.0
2006-04-10,C0607,1344.0,1344.0,1308.0,1332.0,754.0,1008.59,玉米0607,16926.0,1337.0,1332.0
2006-04-11,C0607,1325.0,1328.0,1311.0,1314.0,2918.0,3842.97,玉米0607,14178.0,1316.0,1314.0
2006-04-12,C0607,1318.0,1318.0,1312.0,1316.0,870.0,1143.03,玉米0607,13558.0,1313.0,1316.0
2006-04-13,C0607,1310.0,1310.0,1304.0,1305.0,2446.0,3195.86,玉米0607,12356.0,1306.0,1305.0
2006-04-14,C0607,1307.0,1307.0,1299.0,1300.0,1490.0,1941.18,玉米0607,11580.0,1302.0,1300.0
2006-04-17,C0607,1305.0,1318.0,1304.0,1317.0,3376.0,4433.28,玉米0607,8752.0,1313.0,1317.0
2006-04-18,C0607,1315.0,1325.0,1309.0,1310.0,128.0,167.88,玉米0607,8680.0,1311.0,1310.0
2006-04-19,C0607,1316.0,1316.0,1310.0,1310.0,140.0,183.64,玉米0607,8640.0,1311.0,1310.0
2006-04-20,C0607,1312.0,1312.0,1285.0,1301.0,64.0,83.28,玉米0607,8638.0,1301.0,1301.0
2006-04-21,C0607,1301.0,1303.0,1288.0,1289.0,1734.0,2237.71,玉米0607,7816.0,1290.0,1289.0
2006-04-24,C0607,1300.0,1303.0,1293.0,1300.0,976.0,1270.19,玉米0607,7460.0,1301.0,1300.0
2006-04-25,C0607,1285.0,1295.0,1285.0,1292.0,310.0,399.78,玉米0607,7392.0,1289.0,1292.0
2006-04-26,C0607,1295.0,1299.0,1295.0,1298.0,52.0,67.48,玉米0607,7378.0,1297.0,1298.0
2006-04-27,C0607,1293.0,1308.0,1293.0,1305.0,232.0,302.51,玉米0607,7368.0,1303.0,1305.0
2006-04-28,C0607,1303.0,1327.0,1303.0,1327.0,244.0,321.5,玉米0607,7278.0,1317.0,1327.0
2006-05-08,C0607,1321.0,1325.0,1321.0,1325.0,162.0,214.33,玉米0607,7368.0,1323.0,1325.0
2006-05-09,C0607,1326.0,1359.0,1325.0,1335.0,536.0,716.06,玉米0607,7320.0,1335.0,1335.0
2006-05-10,C0607,1338.0,1344.0,1322.0,1324.0,202.0,268.74,玉米0607,7286.0,1330.0,1324.0
2006-05-11,C0607,1302.0,1336.0,1302.0,1329.0,2770.0,3690.4,玉米0607,7182.0,1332.0,1329.0
2006-05-12,C0607,1332.0,1335.0,1316.0,1325.0,668.0,888.02,玉米0607,7174.0,1329.0,1325.0
2006-05-15,C0607,1350.0,1350.0,1311.0,1321.0,462.0,610.71,玉米0607,7428.0,1321.0,1321.0
2006-05-16,C0607,1316.0,1318.0,1307.0,1310.0,350.0,458.64,玉米0607,7186.0,1310.0,1310.0
2006-05-17,C0607,1309.0,1317.0,1307.0,1313.0,116.0,152.07,玉米0607,7168.0,1310.0,1313.0
2006-05-18,C0607,1306.0,1318.0,1306.0,1318.0,990.0,1299.88,玉米0607,7122.0,1313.0,1318.0
2006-05-19,C0607,1307.0,1320.0,1307.0,1316.0,130.0,171.14,玉米0607,7128.0,1316.0,1316.0
2006-05-22,C0607,1318.0,1324.0,1317.0,1321.0,602.0,793.96,玉米0607,7132.0,1318.0,1321.0
2006-05-23,C0607,1322.0,1328.0,1322.0,1328.0,1010.0,1338.74,玉米0607,7258.0,1325.0,1328.0
2006-05-24,C0607,1329.0,1333.0,1325.0,1329.0,258.0,343.04,玉米0607,7302.0,1329.0,1329.0
2006-05-25,C0607,1322.0,1329.0,1322.0,1328.0,202.0,268.08,玉米0607,7304.0,1327.0,1328.0
2006-05-26,C0607,1330.0,1340.0,1330.0,1337.0,1544.0,2061.18,玉米0607,7514.0,1334.0,1337.0
2006-05-29,C0607,1336.0,1339.0,1332.0,1337.0,348.0,464.96,玉米0607,7540.0,1336.0,1337.0
2006-05-30,C0607,1338.0,1340.0,1332.0,1335.0,358.0,479.01,玉米0607,7552.0,1338.0,1335.0
2006-05-31,C0607,1330.0,1331.0,1326.0,1327.0,176.0,233.84,玉米0607,7550.0,1328.0,1327.0
2006-06-01,C0607,1326.0,1328.0,1312.0,1327.0,1476.0,1952.32,玉米0607,7294.0,1322.0,1327.0
2006-06-02,C0607,1329.0,1333.0,1326.0,1329.0,580.0,770.82,玉米0607,7400.0,1329.0,1329.0
2006-06-05,C0607,1332.0,1332.0,1316.0,1331.0,144.0,191.39,玉米0607,7398.0,1329.0,1331.0
2006-06-06,C0607,1329.0,1334.0,1322.0,1330.0,754.0,1003.79,玉米0607,6940.0,1331.0,1330.0
2006-06-07,C0607,1330.0,1330.0,1325.0,1329.0,76.0,100.94,玉米0607,6870.0,1328.0,1329.0
2006-06-08,C0607,1326.0,1333.0,1324.0,1330.0,2380.0,3167.72,玉米0607,4676.0,1330.0,1330.0
2006-06-09,C0607,1324.0,1332.0,1324.0,1330.0,500.0,665.02,玉米0607,4362.0,1330.0,1330.0
2006-06-12,C0607,1339.0,1339.0,1333.0,1335.0,52.0,69.39,玉米0607,4314.0,1334.0,1335.0
2006-06-13,C0607,1334.0,1337.0,1331.0,1337.0,220.0,293.41,玉米0607,4152.0,1333.0,1337.0
2006-06-14,C0607,1325.0,1332.0,1325.0,1328.0,1172.0,1555.63,玉米0607,3380.0,1327.0,1328.0
2006-06-15,C0607,1329.0,1331.0,1329.0,1331.0,442.0,587.94,玉米0607,2982.0,1330.0,1331.0
2006-06-16,C0607,1325.0,1330.0,1325.0,1327.0,14.0,18.6,玉米0607,2970.0,1328.0,1327.0
2006-06-19,C0607,1328.0,1328.0,1320.0,1321.0,162.0,213.89,玉米0607,2930.0,1320.0,1321.0
2006-06-20,C0607,1330.0,1330.0,1318.0,1328.0,52.0,69.13,玉米0607,2928.0,1329.0,1328.0
2006-06-21,C0607,1317.0,1330.0,1317.0,1328.0,62.0,82.31,玉米0607,2890.0,1327.0,1328.0
2006-06-22,C0607,1332.0,1332.0,1332.0,1332.0,2.0,2.66,玉米0607,2890.0,1332.0,1332.0
2006-06-23,C0607,1330.0,1333.0,1317.0,1321.0,154.0,204.22,玉米0607,2802.0,1326.0,1321.0
2006-06-26,C0607,1330.0,1333.0,1322.0,1322.0,258.0,343.73,玉米0607,2784.0,1332.0,1322.0
2006-06-27,C0607,1332.0,1335.0,1329.0,1330.0,626.0,833.47,玉米0607,2544.0,1331.0,1330.0
2006-06-28,C0607,1315.0,1330.0,1315.0,1330.0,4.0,5.29,玉米0607,2542.0,1322.0,1330.0
2006-06-29,C0607,0.0,0.0,0.0,1322.0,0.0,0.0,玉米0607,2542.0,1322.0,1322.0
2006-06-30,C0607,1315.0,1328.0,1301.0,1301.0,6.0,7.89,玉米0607,2538.0,1314.0,1301.0
2006-07-03,C0607,1240.0,1240.0,1240.0,1240.0,40.0,49.6,玉米0607,694.0,1240.0,1240.0
2006-07-04,C0607,1300.0,1303.0,1300.0,1303.0,6.0,7.81,玉米0607,186.0,1301.0,1303.0
2006-07-05,C0607,0.0,0.0,0.0,1301.0,0.0,0.0,玉米0607,186.0,1301.0,1301.0
2006-07-06,C0607,1223.0,1223.0,1223.0,1223.0,2.0,2.45,玉米0607,94.0,1223.0,1223.0
2006-07-07,C0607,0.0,0.0,0.0,1223.0,0.0,0.0,玉米0607,94.0,1223.0,1223.0
2006-07-10,C0607,0.0,0.0,0.0,1223.0,0.0,0.0,玉米0607,94.0,1223.0,1223.0
2006-07-11,C0607,0.0,0.0,0.0,1223.0,0.0,0.0,玉米0607,94.0,1223.0,1223.0
2006-07-12,C0607,0.0,0.0,0.0,1223.0,0.0,0.0,玉米0607,94.0,1223.0,1223.0
2006-07-13,C0607,0.0,0.0,0.0,1223.0,0.0,0.0,玉米0607,94.0,1223.0,1223.0
2006-07-14,C0607,0.0,0.0,0.0,1246.0,0.0,0.0,玉米0607,94.0,1246.0,1246.0
