date,symbol,open,high,low,close,volume,amount,name,openinterest,settleprice,price
2005-09-15,C0609,1234.0,1278.0,1234.0,1278.0,384.0,483.25,玉米0609,384.0,1258.0,1278.0
2005-09-16,C0609,1269.0,1270.0,1269.0,1270.0,20.0,25.38,玉米0609,368.0,1269.0,1270.0
2005-09-19,C0609,1281.0,1286.0,1280.0,1282.0,194.0,248.59,玉米0609,420.0,1281.0,1282.0
2005-09-20,C0609,1282.0,1282.0,1277.0,1277.0,78.0,99.71,玉米0609,498.0,1278.0,1277.0
2005-09-21,C0609,1283.0,1286.0,1282.0,1285.0,442.0,567.51,玉米0609,932.0,1283.0,1285.0
2005-09-22,C0609,1285.0,1290.0,1283.0,1286.0,248.0,319.24,玉米0609,1172.0,1287.0,1286.0
2005-09-23,C0609,1285.0,1301.0,1285.0,1298.0,624.0,808.11,玉米0609,1526.0,1295.0,1298.0
2005-09-26,C0609,1295.0,1295.0,1288.0,1292.0,552.0,713.08,玉米0609,1610.0,1291.0,1292.0
2005-09-27,C0609,1288.0,1288.0,1281.0,1286.0,222.0,285.07,玉米0609,1596.0,1284.0,1286.0
2005-09-28,C0609,1281.0,1292.0,1278.0,1292.0,4648.0,5990.4,玉米0609,5826.0,1288.0,1292.0
2005-09-29,C0609,1292.0,1297.0,1290.0,1297.0,132.0,170.54,玉米0609,5934.0,1292.0,1297.0
2005-09-30,C0609,1290.0,1300.0,1290.0,1296.0,2836.0,3676.26,玉米0609,8590.0,1296.0,1296.0
2005-10-10,C0609,1300.0,1336.0,1300.0,1320.0,5082.0,6692.74,玉米0609,13566.0,1316.0,1320.0
2005-10-11,C0609,1323.0,1326.0,1317.0,1323.0,16200.0,21436.9,玉米0609,17388.0,1323.0,1323.0
2005-10-12,C0609,1320.0,1327.0,1319.0,1325.0,25994.0,34339.76,玉米0609,22238.0,1321.0,1325.0
2005-10-13,C0609,1340.0,1340.0,1321.0,1327.0,27160.0,36040.33,玉米0609,24436.0,1326.0,1327.0
2005-10-14,C0609,1325.0,1327.0,1309.0,1311.0,37464.0,49602.1,玉米0609,24920.0,1323.0,1311.0
2005-10-17,C0609,1312.0,1321.0,1302.0,1319.0,24024.0,31580.14,玉米0609,25046.0,1314.0,1319.0
2005-10-18,C0609,1321.0,1330.0,1317.0,1322.0,35918.0,47564.87,玉米0609,26680.0,1324.0,1322.0
2005-10-19,C0609,1320.0,1327.0,1315.0,1320.0,18320.0,24212.01,玉米0609,27274.0,1321.0,1320.0
2005-10-20,C0609,1317.0,1326.0,1313.0,1319.0,27812.0,36748.9,玉米0609,30412.0,1321.0,1319.0
2005-10-21,C0609,1318.0,1322.0,1299.0,1303.0,24454.0,32119.49,玉米0609,28966.0,1313.0,1303.0
2005-10-24,C0609,1300.0,1315.0,1298.0,1308.0,22520.0,29476.1,玉米0609,28960.0,1308.0,1308.0
2005-10-25,C0609,1312.0,1313.0,1304.0,1309.0,24242.0,31705.27,玉米0609,31738.0,1307.0,1309.0
2005-10-26,C0609,1314.0,1319.0,1308.0,1317.0,22226.0,29225.62,玉米0609,32644.0,1314.0,1317.0
2005-10-27,C0609,1316.0,1325.0,1313.0,1320.0,26694.0,35255.39,玉米0609,29854.0,1320.0,1320.0
2005-10-28,C0609,1318.0,1321.0,1308.0,1311.0,21858.0,28719.11,玉米0609,31222.0,1313.0,1311.0
2005-10-31,C0609,1313.0,1313.0,1302.0,1307.0,52004.0,67946.58,玉米0609,35308.0,1306.0,1307.0
2005-11-01,C0609,1305.0,1318.0,1305.0,1316.0,55192.0,72373.22,玉米0609,47002.0,1311.0,1316.0
2005-11-02,C0609,1318.0,1327.0,1315.0,1319.0,40334.0,53223.24,玉米0609,58036.0,1319.0,1319.0
2005-11-03,C0609,1320.0,1325.0,1318.0,1322.0,68510.0,90458.92,玉米0609,61666.0,1320.0,1322.0
2005-11-04,C0609,1326.0,1328.0,1312.0,1313.0,52674.0,69657.43,玉米0609,67014.0,1322.0,1313.0
2005-11-07,C0609,1290.0,1310.0,1290.0,1304.0,75468.0,98346.36,玉米0609,65480.0,1303.0,1304.0
2005-11-08,C0609,1300.0,1307.0,1300.0,1304.0,88442.0,115375.56,玉米0609,70268.0,1304.0,1304.0
2005-11-09,C0609,1305.0,1306.0,1292.0,1298.0,98280.0,127869.0,玉米0609,70276.0,1301.0,1298.0
2005-11-10,C0609,1298.0,1300.0,1293.0,1296.0,98530.0,127715.26,玉米0609,73742.0,1296.0,1296.0
2005-11-11,C0609,1295.0,1298.0,1290.0,1295.0,92206.0,119334.86,玉米0609,74662.0,1294.0,1295.0
2005-11-14,C0609,1300.0,1303.0,1285.0,1289.0,111054.0,143437.59,玉米0609,82354.0,1291.0,1289.0
2005-11-15,C0609,1290.0,1294.0,1284.0,1286.0,115860.0,149138.73,玉米0609,85826.0,1287.0,1286.0
2005-11-16,C0609,1284.0,1284.0,1272.0,1280.0,107454.0,137189.09,玉米0609,88772.0,1276.0,1280.0
2005-11-17,C0609,1275.0,1280.0,1272.0,1280.0,104244.0,133255.82,玉米0609,87142.0,1278.0,1280.0
2005-11-18,C0609,1278.0,1283.0,1276.0,1279.0,98324.0,125730.0,玉米0609,79776.0,1278.0,1279.0
2005-11-21,C0609,1279.0,1280.0,1268.0,1269.0,105172.0,133794.66,玉米0609,86538.0,1272.0,1269.0
2005-11-22,C0609,1269.0,1290.0,1268.0,1288.0,78964.0,100904.82,玉米0609,90444.0,1277.0,1288.0
2005-11-23,C0609,1285.0,1292.0,1281.0,1284.0,89542.0,115172.06,玉米0609,92586.0,1286.0,1284.0
2005-11-24,C0609,1281.0,1289.0,1279.0,1286.0,73744.0,94713.66,玉米0609,85208.0,1284.0,1286.0
2005-11-25,C0609,1284.0,1294.0,1284.0,1285.0,75964.0,97850.49,玉米0609,84808.0,1288.0,1285.0
2005-11-28,C0609,1283.0,1285.0,1262.0,1273.0,102656.0,130706.47,玉米0609,81182.0,1273.0,1273.0
2005-11-29,C0609,1275.0,1279.0,1271.0,1277.0,106312.0,135607.43,玉米0609,81492.0,1275.0,1277.0
2005-11-30,C0609,1275.0,1284.0,1273.0,1283.0,84590.0,108172.04,玉米0609,78308.0,1278.0,1283.0
2005-12-01,C0609,1285.0,1293.0,1282.0,1290.0,107876.0,138653.01,玉米0609,89310.0,1285.0,1290.0
2005-12-02,C0609,1291.0,1306.0,1291.0,1301.0,98820.0,128316.27,玉米0609,91544.0,1298.0,1301.0
2005-12-05,C0609,1301.0,1313.0,1296.0,1310.0,108292.0,140897.7,玉米0609,94436.0,1301.0,1310.0
2005-12-06,C0609,1315.0,1317.0,1307.0,1313.0,96738.0,126873.63,玉米0609,92472.0,1311.0,1313.0
2005-12-07,C0609,1308.0,1319.0,1305.0,1312.0,106720.0,140093.41,玉米0609,89704.0,1312.0,1312.0
2005-12-08,C0609,1309.0,1313.0,1302.0,1307.0,80478.0,105318.64,玉米0609,94052.0,1308.0,1307.0
2005-12-09,C0609,1310.0,1323.0,1309.0,1323.0,90770.0,119551.6,玉米0609,97034.0,1317.0,1323.0
2005-12-12,C0609,1327.0,1340.0,1324.0,1330.0,109054.0,145348.32,玉米0609,92936.0,1332.0,1330.0
2005-12-13,C0609,1329.0,1336.0,1324.0,1331.0,83098.0,110530.41,玉米0609,96400.0,1330.0,1331.0
2005-12-14,C0609,1336.0,1338.0,1322.0,1323.0,77316.0,102928.92,玉米0609,86626.0,1331.0,1323.0
2005-12-15,C0609,1320.0,1329.0,1318.0,1327.0,67364.0,89192.04,玉米0609,87502.0,1324.0,1327.0
2005-12-16,C0609,1325.0,1333.0,1323.0,1331.0,49218.0,65385.25,玉米0609,89538.0,1328.0,1331.0
2005-12-19,C0609,1334.0,1350.0,1330.0,1348.0,106220.0,142558.78,玉米0609,102350.0,1342.0,1348.0
2005-12-20,C0609,1351.0,1354.0,1340.0,1341.0,86226.0,116190.99,玉米0609,111206.0,1347.0,1341.0
2005-12-21,C0609,1341.0,1351.0,1338.0,1346.0,81272.0,109106.39,玉米0609,117100.0,1342.0,1346.0
2005-12-22,C0609,1351.0,1357.0,1344.0,1355.0,97422.0,131506.52,玉米0609,128426.0,1349.0,1355.0
2005-12-23,C0609,1354.0,1362.0,1351.0,1356.0,88884.0,120577.39,玉米0609,126340.0,1356.0,1356.0
2005-12-26,C0609,1355.0,1384.0,1355.0,1380.0,138918.0,190504.18,玉米0609,156924.0,1371.0,1380.0
2005-12-27,C0609,1380.0,1393.0,1372.0,1380.0,145860.0,201939.28,玉米0609,159982.0,1384.0,1380.0
2005-12-28,C0609,1385.0,1387.0,1376.0,1380.0,84908.0,117322.01,玉米0609,167860.0,1381.0,1380.0
2005-12-29,C0609,1380.0,1391.0,1375.0,1378.0,120336.0,166633.49,玉米0609,179498.0,1384.0,1378.0
2005-12-30,C0609,1366.0,1376.0,1359.0,1368.0,149726.0,204938.45,玉米0609,165828.0,1368.0,1368.0
2006-01-04,C0609,1390.0,1399.0,1385.0,1397.0,184764.0,257022.48,玉米0609,210564.0,1391.0,1397.0
2006-01-05,C0609,1394.0,1394.0,1381.0,1384.0,102622.0,142301.99,玉米0609,208450.0,1386.0,1384.0
2006-01-06,C0609,1376.0,1396.0,1376.0,1395.0,123558.0,171539.07,玉米0609,221914.0,1388.0,1395.0
2006-01-09,C0609,1385.0,1393.0,1384.0,1389.0,98174.0,136397.73,玉米0609,221024.0,1389.0,1389.0
2006-01-10,C0609,1386.0,1392.0,1380.0,1387.0,91144.0,126245.62,玉米0609,215072.0,1385.0,1387.0
2006-01-11,C0609,1385.0,1390.0,1380.0,1384.0,95132.0,131721.51,玉米0609,218288.0,1384.0,1384.0
2006-01-12,C0609,1383.0,1383.0,1366.0,1368.0,121554.0,166859.68,玉米0609,217448.0,1372.0,1368.0
2006-01-13,C0609,1362.0,1374.0,1362.0,1373.0,94984.0,129926.64,玉米0609,211866.0,1367.0,1373.0
2006-01-16,C0609,1374.0,1388.0,1373.0,1387.0,122526.0,169067.1,玉米0609,220412.0,1379.0,1387.0
2006-01-17,C0609,1384.0,1393.0,1380.0,1381.0,171970.0,238467.27,玉米0609,239296.0,1386.0,1381.0
2006-01-18,C0609,1375.0,1379.0,1364.0,1366.0,175578.0,240934.41,玉米0609,206942.0,1372.0,1366.0
2006-01-19,C0609,1368.0,1378.0,1368.0,1376.0,96844.0,133054.79,玉米0609,203852.0,1373.0,1376.0
2006-01-20,C0609,1375.0,1384.0,1373.0,1380.0,114446.0,157904.43,玉米0609,217200.0,1379.0,1380.0
2006-01-23,C0609,1383.0,1388.0,1380.0,1383.0,131736.0,182385.57,玉米0609,217206.0,1384.0,1383.0
2006-01-24,C0609,1386.0,1388.0,1378.0,1382.0,111286.0,153812.53,玉米0609,215116.0,1382.0,1382.0
2006-01-25,C0609,1385.0,1435.0,1385.0,1426.0,479326.0,677880.59,玉米0609,337512.0,1414.0,1426.0
2006-01-26,C0609,1428.0,1440.0,1421.0,1424.0,311644.0,444821.91,玉米0609,366012.0,1427.0,1424.0
2006-01-27,C0609,1430.0,1450.0,1424.0,1446.0,337072.0,485369.22,玉米0609,420624.0,1439.0,1446.0
2006-02-06,C0609,1480.0,1496.0,1475.0,1496.0,179976.0,268883.21,玉米0609,459938.0,1493.0,1496.0
2006-02-07,C0609,1481.0,1538.0,1468.0,1520.0,971566.0,1465473.08,玉米0609,577916.0,1508.0,1520.0
2006-02-08,C0609,1458.0,1489.0,1448.0,1448.0,905512.0,1327151.73,玉米0609,452514.0,1465.0,1448.0
2006-02-09,C0609,1488.0,1495.0,1469.0,1480.0,811288.0,1202191.01,玉米0609,486300.0,1481.0,1480.0
2006-02-10,C0609,1500.0,1505.0,1449.0,1466.0,897086.0,1326395.13,玉米0609,502418.0,1478.0,1466.0
2006-02-13,C0609,1468.0,1472.0,1451.0,1458.0,608612.0,889257.93,玉米0609,487392.0,1461.0,1458.0
2006-02-14,C0609,1460.0,1468.0,1456.0,1466.0,289008.0,422722.82,玉米0609,489618.0,1462.0,1466.0
2006-02-15,C0609,1460.0,1479.0,1456.0,1476.0,302448.0,443138.22,玉米0609,494646.0,1465.0,1476.0
2006-02-16,C0609,1480.0,1489.0,1470.0,1483.0,617940.0,915599.1,玉米0609,499682.0,1481.0,1483.0
2006-02-17,C0609,1489.0,1493.0,1477.0,1481.0,412526.0,613265.92,玉米0609,498310.0,1486.0,1481.0
2006-02-20,C0609,1495.0,1497.0,1471.0,1476.0,312102.0,462096.81,玉米0609,509954.0,1480.0,1476.0
2006-02-21,C0609,1481.0,1488.0,1472.0,1476.0,327294.0,484121.19,玉米0609,519768.0,1479.0,1476.0
2006-02-22,C0609,1478.0,1505.0,1475.0,1499.0,615398.0,918803.73,玉米0609,583110.0,1493.0,1499.0
2006-02-23,C0609,1481.0,1492.0,1469.0,1475.0,587394.0,870117.03,玉米0609,517450.0,1481.0,1475.0
2006-02-24,C0609,1481.0,1489.0,1475.0,1484.0,290298.0,430494.81,玉米0609,514232.0,1482.0,1484.0
2006-02-27,C0609,1495.0,1496.0,1473.0,1476.0,273644.0,405697.0,玉米0609,493996.0,1482.0,1476.0
2006-02-28,C0609,1480.0,1482.0,1466.0,1467.0,240332.0,353785.22,玉米0609,510014.0,1472.0,1467.0
2006-03-01,C0609,1471.0,1471.0,1459.0,1460.0,224656.0,329144.57,玉米0609,516490.0,1465.0,1460.0
2006-03-02,C0609,1453.0,1465.0,1452.0,1465.0,193088.0,281405.87,玉米0609,498154.0,1457.0,1465.0
2006-03-03,C0609,1476.0,1478.0,1470.0,1474.0,207122.0,305336.04,玉米0609,512096.0,1474.0,1474.0
2006-03-06,C0609,1463.0,1468.0,1460.0,1461.0,148006.0,216663.11,玉米0609,491102.0,1463.0,1461.0
2006-03-07,C0609,1452.0,1461.0,1452.0,1455.0,163466.0,238126.85,玉米0609,481336.0,1456.0,1455.0
2006-03-08,C0609,1452.0,1453.0,1430.0,1433.0,266026.0,382852.38,玉米0609,447776.0,1439.0,1433.0
2006-03-09,C0609,1429.0,1441.0,1424.0,1441.0,176640.0,253124.73,玉米0609,418726.0,1432.0,1441.0
2006-03-10,C0609,1445.0,1445.0,1428.0,1429.0,146926.0,210876.68,玉米0609,403874.0,1435.0,1429.0
2006-03-13,C0609,1425.0,1433.0,1425.0,1428.0,103740.0,148171.69,玉米0609,402026.0,1428.0,1428.0
2006-03-14,C0609,1420.0,1425.0,1405.0,1414.0,197620.0,279683.66,玉米0609,374190.0,1415.0,1414.0
2006-03-15,C0609,1420.0,1421.0,1415.0,1417.0,127278.0,180403.66,玉米0609,364496.0,1417.0,1417.0
2006-03-16,C0609,1412.0,1414.0,1400.0,1406.0,177786.0,250143.1,玉米0609,340586.0,1406.0,1406.0
2006-03-17,C0609,1398.0,1398.0,1385.0,1386.0,182766.0,254002.59,玉米0609,292960.0,1389.0,1386.0
2006-03-20,C0609,1380.0,1397.0,1380.0,1393.0,143168.0,199123.73,玉米0609,278324.0,1390.0,1393.0
2006-03-21,C0609,1385.0,1397.0,1383.0,1393.0,111396.0,154876.61,玉米0609,269272.0,1390.0,1393.0
2006-03-22,C0609,1400.0,1410.0,1399.0,1408.0,123944.0,174220.16,玉米0609,265974.0,1405.0,1408.0
2006-03-23,C0609,1402.0,1408.0,1398.0,1406.0,102184.0,143287.57,玉米0609,268952.0,1402.0,1406.0
2006-03-24,C0609,1405.0,1408.0,1399.0,1405.0,97962.0,137516.88,玉米0609,254040.0,1403.0,1405.0
2006-03-27,C0609,1404.0,1412.0,1401.0,1411.0,89010.0,125290.82,玉米0609,262730.0,1407.0,1411.0
2006-03-28,C0609,1411.0,1414.0,1399.0,1402.0,85222.0,119943.18,玉米0609,262060.0,1407.0,1402.0
2006-03-29,C0609,1405.0,1409.0,1394.0,1397.0,83686.0,117039.21,玉米0609,257328.0,1398.0,1397.0
2006-03-30,C0609,1400.0,1402.0,1396.0,1399.0,53930.0,75479.35,玉米0609,254032.0,1399.0,1399.0
2006-03-31,C0609,1406.0,1409.0,1404.0,1407.0,58812.0,82709.74,玉米0609,256162.0,1406.0,1407.0
2006-04-03,C0609,1419.0,1419.0,1401.0,1401.0,60040.0,84481.84,玉米0609,260202.0,1407.0,1401.0
2006-04-04,C0609,1401.0,1403.0,1392.0,1396.0,57464.0,80316.67,玉米0609,259796.0,1397.0,1396.0
2006-04-05,C0609,1393.0,1403.0,1391.0,1400.0,81812.0,114334.58,玉米0609,257936.0,1397.0,1400.0
2006-04-06,C0609,1403.0,1405.0,1398.0,1401.0,48492.0,67967.95,玉米0609,257038.0,1401.0,1401.0
2006-04-07,C0609,1404.0,1404.0,1394.0,1395.0,50364.0,70399.86,玉米0609,252234.0,1397.0,1395.0
2006-04-10,C0609,1394.0,1400.0,1384.0,1388.0,52978.0,73651.3,玉米0609,245224.0,1390.0,1388.0
2006-04-11,C0609,1385.0,1386.0,1365.0,1369.0,98022.0,134644.13,玉米0609,230168.0,1373.0,1369.0
2006-04-12,C0609,1375.0,1375.0,1363.0,1370.0,41672.0,57066.15,玉米0609,224772.0,1369.0,1370.0
2006-04-13,C0609,1358.0,1368.0,1357.0,1358.0,74776.0,101836.18,玉米0609,204268.0,1361.0,1358.0
2006-04-14,C0609,1361.0,1364.0,1353.0,1358.0,62104.0,84350.16,玉米0609,192942.0,1358.0,1358.0
2006-04-17,C0609,1359.0,1373.0,1357.0,1372.0,57526.0,78579.91,玉米0609,179768.0,1365.0,1372.0
2006-04-18,C0609,1370.0,1371.0,1363.0,1365.0,22674.0,30971.01,玉米0609,176928.0,1365.0,1365.0
2006-04-19,C0609,1366.0,1369.0,1365.0,1367.0,15804.0,21600.84,玉米0609,172482.0,1366.0,1367.0
2006-04-20,C0609,1364.0,1370.0,1358.0,1361.0,13698.0,18639.57,玉米0609,171700.0,1360.0,1361.0
2006-04-21,C0609,1358.0,1358.0,1341.0,1342.0,40940.0,55191.91,玉米0609,163688.0,1348.0,1342.0
2006-04-24,C0609,1348.0,1363.0,1348.0,1354.0,22702.0,30787.66,玉米0609,157456.0,1356.0,1354.0
2006-04-25,C0609,1341.0,1354.0,1341.0,1352.0,24758.0,33318.37,玉米0609,151538.0,1345.0,1352.0
2006-04-26,C0609,1358.0,1360.0,1351.0,1356.0,16498.0,22357.35,玉米0609,150178.0,1355.0,1356.0
2006-04-27,C0609,1355.0,1369.0,1352.0,1359.0,32324.0,44011.43,玉米0609,143686.0,1361.0,1359.0
2006-04-28,C0609,1360.0,1377.0,1353.0,1376.0,24228.0,33099.07,玉米0609,139804.0,1366.0,1376.0
2006-05-08,C0609,1399.0,1399.0,1374.0,1385.0,24206.0,33451.31,玉米0609,141040.0,1381.0,1385.0
2006-05-09,C0609,1384.0,1400.0,1382.0,1399.0,38328.0,53487.16,玉米0609,149152.0,1395.0,1399.0
2006-05-10,C0609,1398.0,1403.0,1382.0,1387.0,22686.0,31615.83,玉米0609,148204.0,1393.0,1387.0
2006-05-11,C0609,1385.0,1395.0,1378.0,1383.0,17854.0,24741.2,玉米0609,148744.0,1385.0,1383.0
2006-05-12,C0609,1392.0,1395.0,1373.0,1378.0,16992.0,23520.9,玉米0609,147334.0,1384.0,1378.0
2006-05-15,C0609,1391.0,1395.0,1369.0,1377.0,24690.0,34080.5,玉米0609,148598.0,1380.0,1377.0
2006-05-16,C0609,1372.0,1373.0,1360.0,1364.0,28442.0,38920.39,玉米0609,139308.0,1368.0,1364.0
2006-05-17,C0609,1368.0,1374.0,1366.0,1370.0,14768.0,20232.22,玉米0609,137672.0,1370.0,1370.0
2006-05-18,C0609,1369.0,1384.0,1366.0,1380.0,20114.0,27655.37,玉米0609,137344.0,1374.0,1380.0
2006-05-19,C0609,1376.0,1384.0,1374.0,1381.0,11698.0,16123.51,玉米0609,138742.0,1378.0,1381.0
2006-05-22,C0609,1375.0,1386.0,1372.0,1385.0,21056.0,29128.0,玉米0609,138680.0,1383.0,1385.0
2006-05-23,C0609,1391.0,1393.0,1385.0,1391.0,22726.0,31581.68,玉米0609,140076.0,1389.0,1391.0
2006-05-24,C0609,1392.0,1400.0,1390.0,1393.0,20322.0,28321.99,玉米0609,139896.0,1393.0,1393.0
2006-05-25,C0609,1388.0,1397.0,1385.0,1396.0,18394.0,25579.63,玉米0609,141266.0,1390.0,1396.0
2006-05-26,C0609,1397.0,1410.0,1397.0,1407.0,36724.0,51584.91,玉米0609,147346.0,1404.0,1407.0
2006-05-29,C0609,1408.0,1414.0,1401.0,1405.0,17078.0,24002.37,玉米0609,145944.0,1405.0,1405.0
2006-05-30,C0609,1405.0,1408.0,1395.0,1399.0,29258.0,41070.45,玉米0609,139344.0,1403.0,1399.0
2006-05-31,C0609,1399.0,1400.0,1391.0,1392.0,11300.0,15784.8,玉米0609,136896.0,1396.0,1392.0
2006-06-01,C0609,1390.0,1391.0,1371.0,1388.0,20914.0,28946.14,玉米0609,127324.0,1384.0,1388.0
2006-06-02,C0609,1395.0,1398.0,1390.0,1395.0,7726.0,10771.56,玉米0609,126894.0,1394.0,1395.0
2006-06-05,C0609,1400.0,1402.0,1395.0,1398.0,11788.0,16473.71,玉米0609,126812.0,1397.0,1398.0
2006-06-06,C0609,1395.0,1400.0,1390.0,1399.0,10658.0,14848.64,玉米0609,125596.0,1393.0,1399.0
2006-06-07,C0609,1390.0,1394.0,1388.0,1390.0,14456.0,20094.08,玉米0609,124608.0,1390.0,1390.0
2006-06-08,C0609,1394.0,1394.0,1383.0,1386.0,5972.0,8285.34,玉米0609,123894.0,1387.0,1386.0
2006-06-09,C0609,1383.0,1390.0,1377.0,1387.0,12456.0,17267.37,玉米0609,119612.0,1386.0,1387.0
2006-06-12,C0609,1394.0,1395.0,1386.0,1387.0,6188.0,8587.36,玉米0609,118608.0,1387.0,1387.0
2006-06-13,C0609,1383.0,1388.0,1376.0,1376.0,11164.0,15433.99,玉米0609,115840.0,1382.0,1376.0
2006-06-14,C0609,1370.0,1371.0,1364.0,1369.0,8346.0,11413.08,玉米0609,108960.0,1367.0,1369.0
2006-06-15,C0609,1364.0,1379.0,1362.0,1378.0,2510.0,3448.46,玉米0609,107480.0,1373.0,1378.0
2006-06-16,C0609,1378.0,1380.0,1370.0,1370.0,3200.0,4401.96,玉米0609,106860.0,1375.0,1370.0
2006-06-19,C0609,1368.0,1377.0,1368.0,1376.0,3710.0,5100.6,玉米0609,104558.0,1374.0,1376.0
2006-06-20,C0609,1370.0,1376.0,1369.0,1375.0,2350.0,3226.79,玉米0609,103448.0,1373.0,1375.0
2006-06-21,C0609,1377.0,1380.0,1374.0,1375.0,2388.0,3290.92,玉米0609,101958.0,1378.0,1375.0
2006-06-22,C0609,1379.0,1380.0,1372.0,1374.0,1882.0,2588.7,玉米0609,100772.0,1375.0,1374.0
2006-06-23,C0609,1370.0,1378.0,1369.0,1372.0,3252.0,4466.45,玉米0609,99574.0,1373.0,1372.0
2006-06-26,C0609,1370.0,1375.0,1368.0,1375.0,5648.0,7759.78,玉米0609,94960.0,1373.0,1375.0
2006-06-27,C0609,1374.0,1375.0,1371.0,1373.0,4802.0,6594.06,玉米0609,93022.0,1373.0,1373.0
2006-06-28,C0609,1374.0,1374.0,1369.0,1370.0,2732.0,3743.91,玉米0609,93076.0,1370.0,1370.0
2006-06-29,C0609,1370.0,1374.0,1370.0,1373.0,3682.0,5052.01,玉米0609,91814.0,1372.0,1373.0
2006-06-30,C0609,1375.0,1376.0,1372.0,1375.0,2774.0,3813.77,玉米0609,89936.0,1374.0,1375.0
2006-07-03,C0609,1380.0,1382.0,1371.0,1373.0,2824.0,3882.68,玉米0609,89098.0,1374.0,1373.0
2006-07-04,C0609,1373.0,1376.0,1369.0,1369.0,2806.0,3852.86,玉米0609,87556.0,1373.0,1369.0
2006-07-05,C0609,1370.0,1374.0,1366.0,1368.0,3348.0,4587.51,玉米0609,85334.0,1370.0,1368.0
2006-07-06,C0609,1366.0,1367.0,1348.0,1348.0,2630.0,3571.54,玉米0609,84570.0,1358.0,1348.0
2006-07-07,C0609,1346.0,1355.0,1336.0,1339.0,8704.0,11663.33,玉米0609,80182.0,1339.0,1339.0
2006-07-10,C0609,1340.0,1340.0,1333.0,1338.0,9524.0,12738.75,玉米0609,76958.0,1337.0,1338.0
2006-07-11,C0609,1340.0,1342.0,1336.0,1341.0,2544.0,3406.96,玉米0609,75930.0,1339.0,1341.0
2006-07-12,C0609,1342.0,1342.0,1337.0,1340.0,1812.0,2427.51,玉米0609,74790.0,1339.0,1340.0
2006-07-13,C0609,1340.0,1340.0,1335.0,1339.0,3230.0,4323.26,玉米0609,73888.0,1338.0,1339.0
2006-07-14,C0609,1337.0,1340.0,1334.0,1338.0,4864.0,6513.9,玉米0609,73158.0,1339.0,1338.0
2006-07-17,C0609,1338.0,1341.0,1338.0,1340.0,4720.0,6322.5,玉米0609,72314.0,1339.0,1340.0
2006-07-18,C0609,1335.0,1340.0,1335.0,1337.0,1626.0,2174.69,玉米0609,71766.0,1337.0,1337.0
2006-07-19,C0609,1338.0,1338.0,1333.0,1335.0,950.0,1268.6,玉米0609,71206.0,1335.0,1335.0
2006-07-20,C0609,1335.0,1339.0,1334.0,1338.0,720.0,962.36,玉米0609,70898.0,1336.0,1338.0
2006-07-21,C0609,1335.0,1337.0,1320.0,1321.0,5350.0,7082.67,玉米0609,68312.0,1323.0,1321.0
2006-07-24,C0609,1310.0,1312.0,1290.0,1305.0,5230.0,6788.08,玉米0609,64844.0,1297.0,1305.0
2006-07-25,C0609,1303.0,1306.0,1299.0,1299.0,964.0,1255.21,玉米0609,64266.0,1302.0,1299.0
2006-07-26,C0609,1297.0,1299.0,1291.0,1291.0,2422.0,3135.7,玉米0609,62558.0,1294.0,1291.0
2006-07-27,C0609,1285.0,1293.0,1284.0,1291.0,1190.0,1534.08,玉米0609,61594.0,1289.0,1291.0
2006-07-28,C0609,1289.0,1292.0,1286.0,1290.0,3688.0,4754.7,玉米0609,58128.0,1289.0,1290.0
2006-07-31,C0609,1288.0,1302.0,1288.0,1302.0,1502.0,1950.4,玉米0609,56942.0,1298.0,1302.0
2006-08-01,C0609,1304.0,1304.0,1297.0,1297.0,16036.0,20829.52,玉米0609,55788.0,1298.0,1297.0
2006-08-02,C0609,1295.0,1300.0,1247.0,1289.0,17224.0,22118.52,玉米0609,52052.0,1284.0,1289.0
2006-08-03,C0609,1282.0,1291.0,1282.0,1290.0,2828.0,3647.58,玉米0609,51526.0,1289.0,1290.0
2006-08-04,C0609,1290.0,1294.0,1289.0,1292.0,206.0,266.04,玉米0609,51400.0,1291.0,1292.0
2006-08-07,C0609,1286.0,1293.0,1286.0,1291.0,4442.0,5735.59,玉米0609,49836.0,1291.0,1291.0
2006-08-08,C0609,1283.0,1291.0,1283.0,1288.0,13314.0,17171.72,玉米0609,44074.0,1289.0,1288.0
2006-08-09,C0609,1287.0,1294.0,1286.0,1289.0,4294.0,5539.87,玉米0609,40040.0,1290.0,1289.0
2006-08-10,C0609,1294.0,1294.0,1287.0,1293.0,3202.0,4133.36,玉米0609,38292.0,1290.0,1293.0
2006-08-11,C0609,1292.0,1295.0,1292.0,1295.0,1376.0,1779.72,玉米0609,37116.0,1293.0,1295.0
2006-08-14,C0609,1288.0,1297.0,1285.0,1297.0,10464.0,13494.95,玉米0609,36968.0,1289.0,1297.0
2006-08-15,C0609,1292.0,1325.0,1292.0,1298.0,3480.0,4537.92,玉米0609,37232.0,1303.0,1298.0
2006-08-16,C0609,1296.0,1299.0,1295.0,1295.0,570.0,738.64,玉米0609,36778.0,1295.0,1295.0
2006-08-17,C0609,1288.0,1300.0,1288.0,1298.0,1550.0,2011.84,玉米0609,36686.0,1297.0,1298.0
2006-08-18,C0609,1296.0,1300.0,1296.0,1300.0,322.0,417.68,玉米0609,36558.0,1297.0,1300.0
2006-08-21,C0609,1296.0,1307.0,1292.0,1294.0,568.0,734.8,玉米0609,36396.0,1293.0,1294.0
2006-08-22,C0609,1306.0,1306.0,1294.0,1303.0,2170.0,2819.88,玉米0609,35288.0,1299.0,1303.0
2006-08-23,C0609,1305.0,1310.0,1298.0,1304.0,1404.0,1832.05,玉米0609,35042.0,1304.0,1304.0
2006-08-24,C0609,1300.0,1306.0,1300.0,1300.0,594.0,773.52,玉米0609,34730.0,1302.0,1300.0
2006-08-25,C0609,1299.0,1305.0,1298.0,1298.0,1102.0,1431.47,玉米0609,34582.0,1298.0,1298.0
2006-08-28,C0609,1298.0,1298.0,1290.0,1295.0,546.0,705.79,玉米0609,34512.0,1292.0,1295.0
2006-08-29,C0609,1296.0,1300.0,1295.0,1298.0,528.0,685.51,玉米0609,34192.0,1298.0,1298.0
2006-08-30,C0609,1295.0,1301.0,1295.0,1298.0,5066.0,6580.01,玉米0609,33914.0,1298.0,1298.0
2006-08-31,C0609,1298.0,1300.0,1296.0,1296.0,5016.0,6509.85,玉米0609,33458.0,1297.0,1296.0
2006-09-01,C0609,1295.0,1295.0,1280.0,1295.0,3164.0,4063.94,玉米0609,14940.0,1284.0,1295.0
2006-09-04,C0609,1281.0,1298.0,1281.0,1298.0,1980.0,2546.8,玉米0609,12016.0,1286.0,1298.0
2006-09-05,C0609,1295.0,1295.0,1295.0,1295.0,40.0,51.8,玉米0609,6956.0,1295.0,1295.0
2006-09-06,C0609,1300.0,1304.0,1300.0,1300.0,482.0,627.12,玉米0609,1934.0,1301.0,1300.0
2006-09-07,C0609,1320.0,1330.0,1298.0,1299.0,166.0,219.19,玉米0609,1934.0,1320.0,1299.0
2006-09-08,C0609,1299.0,1349.0,1299.0,1349.0,140.0,181.96,玉米0609,1890.0,1299.0,1349.0
2006-09-11,C0609,1320.0,1320.0,1300.0,1300.0,4.0,5.24,玉米0609,1190.0,1310.0,1300.0
2006-09-12,C0609,1330.0,1330.0,1300.0,1300.0,4.0,5.26,玉米0609,808.0,1315.0,1300.0
2006-09-13,C0609,1280.0,1280.0,1280.0,1280.0,2.0,2.56,玉米0609,254.0,1280.0,1280.0
2006-09-14,C0609,1275.0,1275.0,1275.0,1275.0,2.0,2.55,玉米0609,252.0,1287.0,1275.0
