date,symbol,open,high,low,close,volume,amount,name,openinterest,settleprice,price
2005-01-18,C0601,0.0,0.0,0.0,1190.0,0.0,0.0,玉米0601,0.0,1190.0,1190.0
2005-01-19,C0601,0.0,0.0,0.0,1190.0,0.0,0.0,玉米0601,0.0,1190.0,1190.0
2005-01-20,C0601,0.0,0.0,0.0,1190.0,0.0,0.0,玉米0601,0.0,1190.0,1190.0
2005-01-21,C0601,0.0,0.0,0.0,1190.0,0.0,0.0,玉米0601,0.0,1190.0,1190.0
2005-01-24,C0601,1152.0,1169.0,1152.0,1169.0,24.0,27.85,玉米0601,0.0,1160.0,1169.0
2005-01-25,C0601,0.0,0.0,0.0,1160.0,0.0,0.0,玉米0601,0.0,1160.0,1160.0
2005-01-26,C0601,1142.0,1198.0,1142.0,1194.0,48.0,56.6,玉米0601,0.0,1179.0,1194.0
2005-01-27,C0601,1171.0,1171.0,1171.0,1171.0,10.0,11.71,玉米0601,10.0,1171.0,1171.0
2005-01-28,C0601,0.0,0.0,0.0,1171.0,0.0,0.0,玉米0601,10.0,1171.0,1171.0
2005-01-31,C0601,0.0,0.0,0.0,1171.0,0.0,0.0,玉米0601,10.0,1171.0,1171.0
2005-02-01,C0601,1175.0,1175.0,1175.0,1175.0,2.0,2.35,玉米0601,12.0,1175.0,1175.0
2005-02-02,C0601,0.0,0.0,0.0,1175.0,0.0,0.0,玉米0601,12.0,1175.0,1175.0
2005-02-03,C0601,1139.0,1170.0,1139.0,1170.0,14.0,16.16,玉米0601,12.0,1154.0,1170.0
2005-02-04,C0601,0.0,0.0,0.0,1154.0,0.0,0.0,玉米0601,12.0,1154.0,1154.0
2005-02-16,C0601,0.0,0.0,0.0,1154.0,0.0,0.0,玉米0601,12.0,1154.0,1154.0
2005-02-17,C0601,0.0,0.0,0.0,1154.0,0.0,0.0,玉米0601,12.0,1154.0,1154.0
2005-02-18,C0601,0.0,0.0,0.0,1154.0,0.0,0.0,玉米0601,12.0,1154.0,1154.0
2005-02-21,C0601,0.0,0.0,0.0,1154.0,0.0,0.0,玉米0601,12.0,1154.0,1154.0
2005-02-22,C0601,0.0,0.0,0.0,1154.0,0.0,0.0,玉米0601,12.0,1154.0,1154.0
2005-02-23,C0601,1184.0,1184.0,1184.0,1184.0,2.0,2.37,玉米0601,14.0,1184.0,1184.0
2005-02-24,C0601,1171.0,1189.0,1171.0,1189.0,4.0,4.72,玉米0601,14.0,1180.0,1189.0
2005-02-25,C0601,1191.0,1191.0,1185.0,1188.0,20000.0,23796.0,玉米0601,14.0,1189.0,1188.0
2005-02-28,C0601,1230.0,1233.0,1227.0,1231.0,29602.0,36427.25,玉米0601,16.0,1230.0,1231.0
2005-03-01,C0601,1218.0,1218.0,1218.0,1218.0,2.0,2.44,玉米0601,14.0,1218.0,1218.0
2005-03-02,C0601,1210.0,1235.0,1210.0,1221.0,44.0,53.74,玉米0601,18.0,1221.0,1221.0
2005-03-03,C0601,1220.0,1220.0,1220.0,1220.0,2.0,2.44,玉米0601,16.0,1220.0,1220.0
2005-03-04,C0601,1229.0,1229.0,1229.0,1229.0,2.0,2.46,玉米0601,16.0,1229.0,1229.0
2005-03-07,C0601,1226.0,1227.0,1226.0,1227.0,6.0,7.36,玉米0601,22.0,1226.0,1227.0
2005-03-08,C0601,0.0,0.0,0.0,1226.0,0.0,0.0,玉米0601,22.0,1226.0,1226.0
2005-03-09,C0601,1256.0,1256.0,1255.0,1256.0,6.0,7.53,玉米0601,22.0,1255.0,1256.0
2005-03-10,C0601,1279.0,1305.0,1279.0,1286.0,56.0,72.29,玉米0601,56.0,1290.0,1286.0
2005-03-11,C0601,1299.0,1310.0,1281.0,1281.0,264.0,343.0,玉米0601,258.0,1299.0,1281.0
2005-03-14,C0601,1275.0,1326.0,1275.0,1298.0,180.0,233.95,玉米0601,352.0,1299.0,1298.0
2005-03-15,C0601,1291.0,1303.0,1291.0,1303.0,1844.0,2390.38,玉米0601,362.0,1296.0,1303.0
2005-03-16,C0601,1320.0,1325.0,1305.0,1311.0,1030.0,1357.87,玉米0601,364.0,1318.0,1311.0
2005-03-17,C0601,1311.0,1311.0,1301.0,1306.0,872.0,1138.17,玉米0601,382.0,1305.0,1306.0
2005-03-18,C0601,1286.0,1312.0,1253.0,1268.0,1536.0,1966.14,玉米0601,390.0,1280.0,1268.0
2005-03-21,C0601,1275.0,1302.0,1258.0,1279.0,1836.0,2335.39,玉米0601,374.0,1271.0,1279.0
2005-03-22,C0601,1280.0,1287.0,1276.0,1276.0,2184.0,2803.47,玉米0601,472.0,1283.0,1276.0
2005-03-23,C0601,1276.0,1285.0,1271.0,1276.0,1816.0,2324.11,玉米0601,480.0,1279.0,1276.0
2005-03-24,C0601,1280.0,1280.0,1260.0,1279.0,1976.0,2500.35,玉米0601,730.0,1265.0,1279.0
2005-03-25,C0601,1285.0,1288.0,1272.0,1286.0,1150.0,1472.13,玉米0601,860.0,1280.0,1286.0
2005-03-28,C0601,1280.0,1300.0,1276.0,1296.0,2168.0,2793.69,玉米0601,1170.0,1288.0,1296.0
2005-03-29,C0601,1298.0,1324.0,1297.0,1321.0,3514.0,4603.36,玉米0601,1854.0,1310.0,1321.0
2005-03-30,C0601,1318.0,1330.0,1304.0,1313.0,3914.0,5168.79,玉米0601,2320.0,1320.0,1313.0
2005-03-31,C0601,1320.0,1322.0,1313.0,1319.0,2666.0,3508.67,玉米0601,2052.0,1316.0,1319.0
2005-04-01,C0601,1306.0,1311.0,1285.0,1311.0,4302.0,5611.83,玉米0601,2048.0,1304.0,1311.0
2005-04-04,C0601,1307.0,1320.0,1307.0,1311.0,3368.0,4428.29,玉米0601,2244.0,1314.0,1311.0
2005-04-05,C0601,1310.0,1312.0,1303.0,1306.0,3098.0,4046.84,玉米0601,2338.0,1306.0,1306.0
2005-04-06,C0601,1310.0,1310.0,1300.0,1302.0,3964.0,5162.24,玉米0601,2456.0,1302.0,1302.0
2005-04-07,C0601,1310.0,1317.0,1306.0,1316.0,4136.0,5431.13,玉米0601,2506.0,1313.0,1316.0
2005-04-08,C0601,1316.0,1330.0,1313.0,1322.0,3686.0,4862.56,玉米0601,2854.0,1319.0,1322.0
2005-04-11,C0601,1320.0,1334.0,1320.0,1330.0,3880.0,5152.76,玉米0601,3308.0,1328.0,1330.0
2005-04-12,C0601,1334.0,1344.0,1328.0,1331.0,3852.0,5140.06,玉米0601,3270.0,1334.0,1331.0
2005-04-13,C0601,1331.0,1332.0,1324.0,1328.0,2560.0,3402.25,玉米0601,2980.0,1329.0,1328.0
2005-04-14,C0601,1330.0,1330.0,1310.0,1320.0,2128.0,2811.17,玉米0601,3140.0,1321.0,1320.0
2005-04-15,C0601,1320.0,1330.0,1317.0,1326.0,3004.0,3978.36,玉米0601,3518.0,1324.0,1326.0
2005-04-18,C0601,1326.0,1326.0,1313.0,1321.0,2060.0,2720.03,玉米0601,3276.0,1320.0,1321.0
2005-04-19,C0601,1318.0,1327.0,1317.0,1327.0,2200.0,2909.88,玉米0601,3732.0,1322.0,1327.0
2005-04-20,C0601,1330.0,1342.0,1330.0,1339.0,4494.0,6009.41,玉米0601,5516.0,1337.0,1339.0
2005-04-21,C0601,1335.0,1338.0,1320.0,1324.0,3450.0,4573.66,玉米0601,4456.0,1325.0,1324.0
2005-04-22,C0601,1327.0,1327.0,1317.0,1325.0,1332.0,1764.46,玉米0601,4336.0,1324.0,1325.0
2005-04-25,C0601,1330.0,1330.0,1321.0,1322.0,1216.0,1610.16,玉米0601,4416.0,1324.0,1322.0
2005-04-26,C0601,1321.0,1321.0,1315.0,1318.0,766.0,1010.28,玉米0601,4242.0,1318.0,1318.0
2005-04-27,C0601,1321.0,1325.0,1319.0,1324.0,412.0,544.97,玉米0601,4424.0,1322.0,1324.0
2005-04-28,C0601,1320.0,1324.0,1319.0,1320.0,446.0,588.79,玉米0601,4468.0,1320.0,1320.0
2005-04-29,C0601,1317.0,1319.0,1315.0,1317.0,202.0,266.0,玉米0601,4346.0,1316.0,1317.0
2005-05-09,C0601,1324.0,1324.0,1285.0,1290.0,2622.0,3386.74,玉米0601,3946.0,1291.0,1290.0
2005-05-10,C0601,1291.0,1293.0,1285.0,1292.0,734.0,945.89,玉米0601,3920.0,1288.0,1292.0
2005-05-11,C0601,1290.0,1295.0,1287.0,1291.0,284.0,366.55,玉米0601,3968.0,1290.0,1291.0
2005-05-12,C0601,1285.0,1288.0,1274.0,1274.0,1314.0,1679.73,玉米0601,4446.0,1278.0,1274.0
2005-05-13,C0601,1268.0,1275.0,1253.0,1256.0,620.0,782.99,玉米0601,4196.0,1262.0,1256.0
2005-05-16,C0601,1256.0,1264.0,1250.0,1255.0,656.0,825.98,玉米0601,3876.0,1259.0,1255.0
2005-05-17,C0601,1262.0,1262.0,1251.0,1254.0,330.0,414.19,玉米0601,3776.0,1255.0,1254.0
2005-05-18,C0601,1248.0,1258.0,1245.0,1258.0,674.0,844.73,玉米0601,3800.0,1253.0,1258.0
2005-05-19,C0601,1265.0,1265.0,1250.0,1259.0,1204.0,1510.07,玉米0601,4200.0,1254.0,1259.0
2005-05-20,C0601,1255.0,1260.0,1254.0,1258.0,1050.0,1320.55,玉米0601,4114.0,1257.0,1258.0
2005-05-23,C0601,1265.0,1275.0,1263.0,1274.0,1134.0,1440.88,玉米0601,4210.0,1270.0,1274.0
2005-05-24,C0601,1290.0,1290.0,1275.0,1280.0,1504.0,1934.11,玉米0601,4866.0,1285.0,1280.0
2005-05-25,C0601,1280.0,1280.0,1254.0,1258.0,3376.0,4257.72,玉米0601,4994.0,1261.0,1258.0
2005-05-26,C0601,1262.0,1270.0,1258.0,1268.0,1144.0,1447.11,玉米0601,4990.0,1264.0,1268.0
2005-05-27,C0601,1272.0,1275.0,1268.0,1271.0,1494.0,1898.97,玉米0601,5164.0,1271.0,1271.0
2005-05-30,C0601,1268.0,1268.0,1262.0,1265.0,596.0,754.34,玉米0601,5002.0,1265.0,1265.0
2005-05-31,C0601,1270.0,1276.0,1266.0,1267.0,1078.0,1369.63,玉米0601,5020.0,1270.0,1267.0
2005-06-01,C0601,1265.0,1270.0,1262.0,1264.0,500.0,631.99,玉米0601,5140.0,1263.0,1264.0
2005-06-02,C0601,1265.0,1268.0,1263.0,1266.0,628.0,794.39,玉米0601,5156.0,1264.0,1266.0
2005-06-03,C0601,1258.0,1266.0,1256.0,1263.0,162.0,204.25,玉米0601,5162.0,1260.0,1263.0
2005-06-06,C0601,1270.0,1282.0,1268.0,1277.0,1032.0,1318.39,玉米0601,5334.0,1277.0,1277.0
2005-06-07,C0601,1273.0,1274.0,1270.0,1273.0,1122.0,1427.77,玉米0601,5280.0,1272.0,1273.0
2005-06-08,C0601,1270.0,1272.0,1268.0,1272.0,236.0,299.73,玉米0601,5304.0,1270.0,1272.0
2005-06-09,C0601,1269.0,1277.0,1265.0,1274.0,898.0,1143.82,玉米0601,5332.0,1273.0,1274.0
2005-06-10,C0601,1275.0,1280.0,1272.0,1274.0,926.0,1181.84,玉米0601,5298.0,1276.0,1274.0
2005-06-13,C0601,1277.0,1277.0,1270.0,1271.0,328.0,417.45,玉米0601,5278.0,1272.0,1271.0
2005-06-14,C0601,1270.0,1274.0,1267.0,1269.0,384.0,487.72,玉米0601,5280.0,1270.0,1269.0
2005-06-15,C0601,1272.0,1275.0,1271.0,1273.0,262.0,333.33,玉米0601,5278.0,1272.0,1273.0
2005-06-16,C0601,1279.0,1283.0,1275.0,1282.0,2406.0,3080.02,玉米0601,6386.0,1280.0,1282.0
2005-06-17,C0601,1283.0,1283.0,1278.0,1281.0,764.0,977.88,玉米0601,6602.0,1279.0,1281.0
2005-06-20,C0601,1300.0,1318.0,1300.0,1312.0,4488.0,5869.1,玉米0601,8436.0,1307.0,1312.0
2005-06-21,C0601,1311.0,1311.0,1305.0,1307.0,1790.0,2342.13,玉米0601,9010.0,1308.0,1307.0
2005-06-22,C0601,1312.0,1312.0,1303.0,1304.0,1634.0,2136.19,玉米0601,9734.0,1307.0,1304.0
2005-06-23,C0601,1306.0,1306.0,1293.0,1297.0,1788.0,2321.75,玉米0601,9818.0,1298.0,1297.0
2005-06-24,C0601,1294.0,1304.0,1294.0,1302.0,1118.0,1454.3,玉米0601,10200.0,1300.0,1302.0
2005-06-27,C0601,1305.0,1308.0,1300.0,1301.0,1862.0,2427.32,玉米0601,10618.0,1303.0,1301.0
2005-06-28,C0601,1285.0,1295.0,1281.0,1295.0,2898.0,3740.36,玉米0601,9278.0,1290.0,1295.0
2005-06-29,C0601,1295.0,1298.0,1294.0,1296.0,792.0,1026.13,玉米0601,9170.0,1295.0,1296.0
2005-06-30,C0601,1296.0,1300.0,1282.0,1286.0,2288.0,2952.0,玉米0601,8800.0,1290.0,1286.0
2005-07-01,C0601,1286.0,1286.0,1281.0,1284.0,2478.0,3180.3,玉米0601,8550.0,1283.0,1284.0
2005-07-04,C0601,1284.0,1284.0,1280.0,1284.0,1352.0,1733.91,玉米0601,8660.0,1282.0,1284.0
2005-07-05,C0601,1285.0,1286.0,1280.0,1283.0,2062.0,2642.76,玉米0601,9646.0,1281.0,1283.0
2005-07-06,C0601,1293.0,1293.0,1283.0,1285.0,2052.0,2641.91,玉米0601,9876.0,1287.0,1285.0
2005-07-07,C0601,1286.0,1287.0,1281.0,1282.0,994.0,1276.26,玉米0601,9938.0,1283.0,1282.0
2005-07-08,C0601,1280.0,1287.0,1277.0,1286.0,1306.0,1673.71,玉米0601,10156.0,1281.0,1286.0
2005-07-11,C0601,1280.0,1297.0,1280.0,1294.0,4144.0,5357.64,玉米0601,11140.0,1292.0,1294.0
2005-07-12,C0601,1296.0,1298.0,1293.0,1297.0,2904.0,3762.48,玉米0601,12390.0,1295.0,1297.0
2005-07-13,C0601,1295.0,1295.0,1288.0,1290.0,1978.0,2553.77,玉米0601,12696.0,1291.0,1290.0
2005-07-14,C0601,1293.0,1298.0,1288.0,1293.0,4654.0,6019.47,玉米0601,15000.0,1293.0,1293.0
2005-07-15,C0601,1295.0,1304.0,1291.0,1303.0,19246.0,25012.64,玉米0601,29320.0,1299.0,1303.0
2005-07-18,C0601,1308.0,1315.0,1302.0,1303.0,28488.0,37296.78,玉米0601,40654.0,1309.0,1303.0
2005-07-19,C0601,1302.0,1305.0,1293.0,1295.0,35840.0,46608.37,玉米0601,57332.0,1300.0,1295.0
2005-07-20,C0601,1290.0,1291.0,1279.0,1281.0,38250.0,49066.02,玉米0601,55798.0,1282.0,1281.0
2005-07-21,C0601,1281.0,1286.0,1279.0,1286.0,25140.0,32222.31,玉米0601,55592.0,1281.0,1286.0
2005-07-22,C0601,1268.0,1279.0,1265.0,1267.0,37212.0,47415.05,玉米0601,56546.0,1274.0,1267.0
2005-07-25,C0601,1265.0,1271.0,1254.0,1257.0,25212.0,31840.17,玉米0601,57014.0,1262.0,1257.0
2005-07-26,C0601,1260.0,1261.0,1255.0,1259.0,60642.0,76247.12,玉米0601,72704.0,1257.0,1259.0
2005-07-27,C0601,1260.0,1260.0,1255.0,1257.0,71242.0,89559.87,玉米0601,72690.0,1257.0,1257.0
2005-07-28,C0601,1259.0,1261.0,1233.0,1238.0,84662.0,105708.06,玉米0601,74570.0,1248.0,1238.0
2005-07-29,C0601,1241.0,1247.0,1219.0,1237.0,72942.0,89805.63,玉米0601,65984.0,1231.0,1237.0
2005-08-01,C0601,1232.0,1238.0,1221.0,1223.0,67590.0,83173.57,玉米0601,69366.0,1230.0,1223.0
2005-08-02,C0601,1225.0,1233.0,1223.0,1231.0,61608.0,75621.87,玉米0601,67422.0,1227.0,1231.0
2005-08-03,C0601,1228.0,1234.0,1214.0,1220.0,95504.0,117035.96,玉米0601,85516.0,1225.0,1220.0
2005-08-04,C0601,1210.0,1217.0,1208.0,1213.0,108442.0,131518.0,玉米0601,83984.0,1212.0,1213.0
2005-08-05,C0601,1215.0,1222.0,1213.0,1218.0,62662.0,76335.87,玉米0601,84156.0,1218.0,1218.0
2005-08-08,C0601,1220.0,1222.0,1216.0,1217.0,87972.0,107207.68,玉米0601,86010.0,1218.0,1217.0
2005-08-09,C0601,1215.0,1218.0,1213.0,1216.0,77312.0,93972.84,玉米0601,89046.0,1215.0,1216.0
2005-08-10,C0601,1213.0,1230.0,1212.0,1222.0,119420.0,145137.77,玉米0601,83486.0,1215.0,1222.0
2005-08-11,C0601,1229.0,1229.0,1222.0,1225.0,82502.0,101032.72,玉米0601,90694.0,1224.0,1225.0
2005-08-12,C0601,1225.0,1226.0,1217.0,1220.0,70422.0,86010.27,玉米0601,91146.0,1221.0,1220.0
2005-08-15,C0601,1210.0,1214.0,1202.0,1204.0,88756.0,107224.76,玉米0601,90848.0,1208.0,1204.0
2005-08-16,C0601,1196.0,1205.0,1196.0,1201.0,92254.0,110769.07,玉米0601,91208.0,1200.0,1201.0
2005-08-17,C0601,1201.0,1205.0,1193.0,1193.0,88982.0,107018.15,玉米0601,89672.0,1202.0,1193.0
2005-08-18,C0601,1196.0,1212.0,1195.0,1202.0,83402.0,100265.36,玉米0601,90904.0,1202.0,1202.0
2005-08-19,C0601,1197.0,1207.0,1197.0,1203.0,104610.0,125708.8,玉米0601,92238.0,1201.0,1203.0
2005-08-22,C0601,1203.0,1210.0,1203.0,1210.0,48560.0,58622.13,玉米0601,90232.0,1207.0,1210.0
2005-08-23,C0601,1210.0,1213.0,1204.0,1207.0,88456.0,106836.34,玉米0601,79800.0,1207.0,1207.0
2005-08-24,C0601,1205.0,1205.0,1200.0,1201.0,73878.0,88831.03,玉米0601,78706.0,1202.0,1201.0
2005-08-25,C0601,1199.0,1207.0,1198.0,1206.0,63214.0,75989.94,玉米0601,77292.0,1202.0,1206.0
2005-08-26,C0601,1202.0,1203.0,1197.0,1202.0,85596.0,102791.47,玉米0601,77908.0,1200.0,1202.0
2005-08-29,C0601,1203.0,1206.0,1202.0,1205.0,50986.0,61376.23,玉米0601,80098.0,1203.0,1205.0
2005-08-30,C0601,1202.0,1207.0,1201.0,1204.0,70038.0,84397.79,玉米0601,77692.0,1205.0,1204.0
2005-08-31,C0601,1206.0,1210.0,1206.0,1210.0,64834.0,78364.99,玉米0601,77376.0,1208.0,1210.0
2005-09-01,C0601,1206.0,1212.0,1206.0,1209.0,53578.0,64812.89,玉米0601,78318.0,1209.0,1209.0
2005-09-02,C0601,1212.0,1216.0,1210.0,1212.0,43650.0,52929.12,玉米0601,79678.0,1212.0,1212.0
2005-09-05,C0601,1208.0,1212.0,1207.0,1211.0,78756.0,95265.86,玉米0601,83938.0,1209.0,1211.0
2005-09-06,C0601,1212.0,1216.0,1212.0,1216.0,80570.0,97758.09,玉米0601,84460.0,1213.0,1216.0
2005-09-07,C0601,1216.0,1219.0,1213.0,1213.0,49478.0,60103.51,玉米0601,86794.0,1214.0,1213.0
2005-09-08,C0601,1212.0,1214.0,1208.0,1211.0,57726.0,69888.02,玉米0601,85168.0,1210.0,1211.0
2005-09-09,C0601,1213.0,1213.0,1210.0,1211.0,71306.0,86392.14,玉米0601,83862.0,1211.0,1211.0
2005-09-12,C0601,1209.0,1211.0,1206.0,1206.0,54754.0,66124.67,玉米0601,80502.0,1207.0,1206.0
2005-09-13,C0601,1205.0,1209.0,1205.0,1208.0,80336.0,96969.7,玉米0601,79626.0,1207.0,1208.0
2005-09-14,C0601,1209.0,1232.0,1208.0,1227.0,111894.0,136405.8,玉米0601,90410.0,1219.0,1227.0
2005-09-15,C0601,1230.0,1249.0,1228.0,1237.0,149952.0,185578.53,玉米0601,84824.0,1237.0,1237.0
2005-09-16,C0601,1233.0,1242.0,1230.0,1240.0,113708.0,140481.18,玉米0601,94452.0,1235.0,1240.0
2005-09-19,C0601,1240.0,1252.0,1239.0,1242.0,110910.0,138156.75,玉米0601,85984.0,1245.0,1242.0
2005-09-20,C0601,1243.0,1245.0,1232.0,1234.0,104496.0,129196.23,玉米0601,83216.0,1236.0,1234.0
2005-09-21,C0601,1234.0,1241.0,1230.0,1240.0,87586.0,108497.88,玉米0601,89118.0,1238.0,1240.0
2005-09-22,C0601,1242.0,1247.0,1237.0,1241.0,78952.0,97970.25,玉米0601,87740.0,1240.0,1241.0
2005-09-23,C0601,1243.0,1247.0,1238.0,1243.0,83460.0,103782.5,玉米0601,85768.0,1243.0,1243.0
2005-09-26,C0601,1241.0,1241.0,1231.0,1231.0,84284.0,104268.04,玉米0601,80076.0,1237.0,1231.0
2005-09-27,C0601,1231.0,1234.0,1222.0,1227.0,89196.0,109421.74,玉米0601,76950.0,1226.0,1227.0
2005-09-28,C0601,1224.0,1234.0,1222.0,1231.0,80574.0,98834.08,玉米0601,77434.0,1226.0,1231.0
2005-09-29,C0601,1231.0,1240.0,1228.0,1239.0,90142.0,111151.72,玉米0601,78676.0,1233.0,1239.0
2005-09-30,C0601,1239.0,1245.0,1230.0,1234.0,80590.0,99882.62,玉米0601,75610.0,1239.0,1234.0
2005-10-10,C0601,1230.0,1258.0,1230.0,1255.0,116106.0,144686.4,玉米0601,82958.0,1246.0,1255.0
2005-10-11,C0601,1255.0,1261.0,1247.0,1250.0,92234.0,115743.42,玉米0601,82240.0,1254.0,1250.0
2005-10-12,C0601,1255.0,1255.0,1245.0,1249.0,108282.0,135275.17,玉米0601,83112.0,1249.0,1249.0
2005-10-13,C0601,1256.0,1258.0,1243.0,1248.0,112574.0,140610.71,玉米0601,83638.0,1249.0,1248.0
2005-10-14,C0601,1247.0,1248.0,1236.0,1238.0,116726.0,145246.44,玉米0601,80456.0,1244.0,1238.0
2005-10-17,C0601,1239.0,1244.0,1237.0,1242.0,105360.0,130816.33,玉米0601,79170.0,1241.0,1242.0
2005-10-18,C0601,1243.0,1246.0,1235.0,1237.0,103090.0,128009.22,玉米0601,76758.0,1241.0,1237.0
2005-10-19,C0601,1235.0,1241.0,1230.0,1234.0,112792.0,139532.16,玉米0601,70356.0,1237.0,1234.0
2005-10-20,C0601,1232.0,1237.0,1232.0,1235.0,87680.0,108228.11,玉米0601,67618.0,1234.0,1235.0
2005-10-21,C0601,1237.0,1237.0,1227.0,1229.0,103150.0,126907.89,玉米0601,65484.0,1230.0,1229.0
2005-10-24,C0601,1230.0,1236.0,1228.0,1235.0,93086.0,114818.5,玉米0601,60696.0,1233.0,1235.0
2005-10-25,C0601,1235.0,1235.0,1225.0,1227.0,100574.0,123884.34,玉米0601,60386.0,1231.0,1227.0
2005-10-26,C0601,1228.0,1231.0,1226.0,1228.0,104520.0,128365.86,玉米0601,63076.0,1228.0,1228.0
2005-10-27,C0601,1227.0,1234.0,1227.0,1228.0,120286.0,148060.65,玉米0601,61764.0,1230.0,1228.0
2005-10-28,C0601,1229.0,1237.0,1226.0,1227.0,95316.0,117261.38,玉米0601,56850.0,1230.0,1227.0
2005-10-31,C0601,1227.0,1228.0,1224.0,1226.0,69784.0,85562.61,玉米0601,45916.0,1226.0,1226.0
2005-11-01,C0601,1226.0,1232.0,1226.0,1231.0,78186.0,96042.78,玉米0601,40244.0,1228.0,1231.0
2005-11-02,C0601,1231.0,1235.0,1228.0,1230.0,60586.0,74553.07,玉米0601,34730.0,1230.0,1230.0
2005-11-03,C0601,1231.0,1233.0,1229.0,1230.0,51976.0,63980.81,玉米0601,32656.0,1230.0,1230.0
2005-11-04,C0601,1232.0,1234.0,1226.0,1227.0,51290.0,63167.08,玉米0601,30150.0,1231.0,1227.0
2005-11-07,C0601,1226.0,1226.0,1222.0,1224.0,35314.0,43236.62,玉米0601,30054.0,1224.0,1224.0
2005-11-08,C0601,1224.0,1226.0,1220.0,1223.0,30810.0,37686.34,玉米0601,25256.0,1223.0,1223.0
2005-11-09,C0601,1223.0,1226.0,1219.0,1224.0,30692.0,37542.32,玉米0601,24042.0,1223.0,1224.0
2005-11-10,C0601,1224.0,1229.0,1222.0,1227.0,15922.0,19519.26,玉米0601,20950.0,1225.0,1227.0
2005-11-11,C0601,1225.0,1229.0,1225.0,1225.0,10100.0,12390.59,玉米0601,20556.0,1226.0,1225.0
2005-11-14,C0601,1229.0,1230.0,1223.0,1225.0,16744.0,20508.96,玉米0601,22456.0,1224.0,1225.0
2005-11-15,C0601,1223.0,1225.0,1213.0,1213.0,12774.0,15603.77,玉米0601,22238.0,1221.0,1213.0
2005-11-16,C0601,1211.0,1211.0,1202.0,1206.0,14106.0,17011.22,玉米0601,21252.0,1205.0,1206.0
2005-11-17,C0601,1195.0,1207.0,1193.0,1205.0,11686.0,14068.13,玉米0601,17272.0,1203.0,1205.0
2005-11-18,C0601,1204.0,1206.0,1203.0,1203.0,5892.0,7094.16,玉米0601,17636.0,1204.0,1203.0
2005-11-21,C0601,1202.0,1208.0,1202.0,1206.0,4252.0,5126.24,玉米0601,16928.0,1205.0,1206.0
2005-11-22,C0601,1211.0,1211.0,1204.0,1207.0,5134.0,6199.94,玉米0601,16780.0,1207.0,1207.0
2005-11-23,C0601,1204.0,1211.0,1204.0,1209.0,3632.0,4386.34,玉米0601,16184.0,1207.0,1209.0
2005-11-24,C0601,1207.0,1212.0,1206.0,1210.0,3800.0,4590.34,玉米0601,16074.0,1207.0,1210.0
2005-11-25,C0601,1212.0,1212.0,1200.0,1208.0,2030.0,2449.65,玉米0601,15900.0,1206.0,1208.0
2005-11-28,C0601,1210.0,1212.0,1204.0,1206.0,896.0,1080.93,玉米0601,15624.0,1206.0,1206.0
2005-11-29,C0601,1208.0,1209.0,1206.0,1209.0,110.0,132.81,玉米0601,15526.0,1207.0,1209.0
2005-11-30,C0601,1206.0,1208.0,1206.0,1208.0,146.0,176.28,玉米0601,15472.0,1207.0,1208.0
2005-12-01,C0601,1209.0,1212.0,1207.0,1209.0,470.0,568.01,玉米0601,15118.0,1208.0,1209.0
2005-12-02,C0601,1207.0,1215.0,1207.0,1212.0,580.0,703.25,玉米0601,14808.0,1212.0,1212.0
2005-12-05,C0601,1209.0,1225.0,1208.0,1220.0,4656.0,5657.28,玉米0601,12878.0,1215.0,1220.0
2005-12-06,C0601,1228.0,1228.0,1216.0,1220.0,418.0,510.01,玉米0601,12746.0,1220.0,1220.0
2005-12-07,C0601,1217.0,1222.0,1215.0,1220.0,1608.0,1960.96,玉米0601,11508.0,1219.0,1220.0
2005-12-08,C0601,1219.0,1221.0,1217.0,1217.0,2568.0,3130.35,玉米0601,11446.0,1218.0,1217.0
2005-12-09,C0601,1220.0,1224.0,1213.0,1220.0,2406.0,2937.38,玉米0601,10060.0,1220.0,1220.0
2005-12-12,C0601,1218.0,1222.0,1218.0,1218.0,1840.0,2245.87,玉米0601,8520.0,1220.0,1218.0
2005-12-13,C0601,1216.0,1221.0,1215.0,1221.0,732.0,892.52,玉米0601,7824.0,1219.0,1221.0
2005-12-14,C0601,1221.0,1222.0,1219.0,1222.0,236.0,288.22,玉米0601,7760.0,1221.0,1222.0
2005-12-15,C0601,1224.0,1225.0,1220.0,1221.0,374.0,457.6,玉米0601,7712.0,1223.0,1221.0
2005-12-16,C0601,1225.0,1225.0,1220.0,1221.0,830.0,1015.09,玉米0601,7694.0,1223.0,1221.0
2005-12-19,C0601,1228.0,1228.0,1221.0,1224.0,336.0,412.38,玉米0601,7460.0,1227.0,1224.0
2005-12-20,C0601,1222.0,1230.0,1220.0,1225.0,230.0,281.82,玉米0601,7396.0,1225.0,1225.0
2005-12-21,C0601,1225.0,1225.0,1221.0,1222.0,168.0,205.48,玉米0601,7264.0,1223.0,1222.0
2005-12-22,C0601,1228.0,1234.0,1226.0,1230.0,654.0,803.81,玉米0601,6826.0,1229.0,1230.0
2005-12-23,C0601,1227.0,1229.0,1226.0,1228.0,142.0,174.38,玉米0601,6708.0,1228.0,1228.0
2005-12-26,C0601,1227.0,1229.0,1209.0,1212.0,734.0,898.82,玉米0601,6432.0,1224.0,1212.0
2005-12-27,C0601,1211.0,1221.0,1211.0,1221.0,430.0,524.2,玉米0601,6248.0,1219.0,1221.0
2005-12-28,C0601,1225.0,1228.0,1222.0,1225.0,202.0,247.45,玉米0601,6070.0,1225.0,1225.0
2005-12-29,C0601,1226.0,1252.0,1222.0,1234.0,40.0,49.24,玉米0601,6044.0,1231.0,1234.0
2005-12-30,C0601,1221.0,1261.0,1221.0,1240.0,70.0,87.18,玉米0601,6016.0,1245.0,1240.0
2006-01-04,C0601,1258.0,1261.0,1241.0,1245.0,670.0,843.84,玉米0601,5280.0,1259.0,1245.0
2006-01-05,C0601,1244.0,1258.0,1203.0,1256.0,56.0,69.96,玉米0601,4152.0,1249.0,1256.0
2006-01-06,C0601,1236.0,1250.0,1236.0,1250.0,332.0,411.64,玉米0601,3436.0,1239.0,1250.0
2006-01-09,C0601,1250.0,1250.0,1222.0,1248.0,152.0,189.56,玉米0601,3080.0,1247.0,1248.0
2006-01-10,C0601,1248.0,1248.0,1248.0,1248.0,156.0,194.69,玉米0601,2476.0,1248.0,1248.0
2006-01-11,C0601,0.0,0.0,0.0,1248.0,0.0,0.0,玉米0601,2476.0,1248.0,1248.0
2006-01-12,C0601,0.0,0.0,0.0,1248.0,0.0,0.0,玉米0601,2476.0,1248.0,1248.0
2006-01-13,C0601,1250.0,1250.0,1250.0,1250.0,2.0,2.5,玉米0601,2460.0,1250.0,1250.0
2006-01-16,C0601,1250.0,1250.0,1221.0,1221.0,120.0,149.89,玉米0601,2402.0,1249.0,1221.0
2006-01-17,C0601,1220.0,1220.0,1220.0,1220.0,626.0,763.72,玉米0601,1776.0,1242.0,1220.0
