date,symbol,open,high,low,close,volume,amount,name,openinterest,settleprice,price
2005-11-15,C0611,0.0,0.0,0.0,1260.0,0.0,0.0,玉米0611,0.0,1260.0,1260.0
2005-11-16,C0611,0.0,0.0,0.0,1260.0,0.0,0.0,玉米0611,0.0,1260.0,1260.0
2005-11-17,C0611,0.0,0.0,0.0,1260.0,0.0,0.0,玉米0611,0.0,1260.0,1260.0
2005-11-18,C0611,0.0,0.0,0.0,1260.0,0.0,0.0,玉米0611,0.0,1260.0,1260.0
2005-11-21,C0611,0.0,0.0,0.0,1260.0,0.0,0.0,玉米0611,0.0,1260.0,1260.0
2005-11-22,C0611,0.0,0.0,0.0,1260.0,0.0,0.0,玉米0611,0.0,1260.0,1260.0
2005-11-23,C0611,0.0,0.0,0.0,1260.0,0.0,0.0,玉米0611,0.0,1260.0,1260.0
2005-11-24,C0611,0.0,0.0,0.0,1260.0,0.0,0.0,玉米0611,0.0,1260.0,1260.0
2005-11-25,C0611,0.0,0.0,0.0,1260.0,0.0,0.0,玉米0611,0.0,1260.0,1260.0
2005-11-28,C0611,1250.0,1250.0,1250.0,1250.0,4.0,5.0,玉米0611,4.0,1250.0,1250.0
2005-11-29,C0611,0.0,0.0,0.0,1250.0,0.0,0.0,玉米0611,4.0,1250.0,1250.0
2005-11-30,C0611,1278.0,1278.0,1266.0,1266.0,4.0,5.09,玉米0611,4.0,1272.0,1266.0
2005-12-01,C0611,1290.0,1292.0,1287.0,1287.0,12.0,15.47,玉米0611,12.0,1289.0,1287.0
2005-12-02,C0611,1289.0,1301.0,1289.0,1298.0,28.0,36.36,玉米0611,20.0,1298.0,1298.0
2005-12-05,C0611,1314.0,1314.0,1310.0,1310.0,16.0,20.97,玉米0611,32.0,1310.0,1310.0
2005-12-06,C0611,1302.0,1302.0,1302.0,1302.0,4.0,5.21,玉米0611,28.0,1302.0,1302.0
2005-12-07,C0611,1310.0,1319.0,1310.0,1310.0,68.0,89.38,玉米0611,36.0,1314.0,1310.0
2005-12-08,C0611,1309.0,1316.0,1308.0,1308.0,16.0,20.99,玉米0611,38.0,1311.0,1308.0
2005-12-09,C0611,1312.0,1324.0,1312.0,1324.0,100.0,132.04,玉米0611,76.0,1320.0,1324.0
2005-12-12,C0611,1330.0,1335.0,1330.0,1333.0,104.0,138.55,玉米0611,96.0,1332.0,1333.0
2005-12-13,C0611,1335.0,1335.0,1324.0,1335.0,102.0,135.46,玉米0611,96.0,1328.0,1335.0
2005-12-14,C0611,1333.0,1333.0,1327.0,1329.0,44.0,58.5,玉米0611,126.0,1329.0,1329.0
2005-12-15,C0611,1326.0,1330.0,1321.0,1330.0,98.0,129.97,玉米0611,154.0,1326.0,1330.0
2005-12-16,C0611,1330.0,1337.0,1330.0,1336.0,74.0,98.61,玉米0611,212.0,1332.0,1336.0
2005-12-19,C0611,1340.0,1358.0,1340.0,1356.0,310.0,419.1,玉米0611,436.0,1351.0,1356.0
2005-12-20,C0611,1365.0,1366.0,1354.0,1354.0,192.0,260.84,玉米0611,532.0,1358.0,1354.0
2005-12-21,C0611,1354.0,1359.0,1354.0,1358.0,116.0,157.22,玉米0611,566.0,1355.0,1358.0
2005-12-22,C0611,1362.0,1372.0,1352.0,1371.0,1272.0,1735.59,玉米0611,1170.0,1364.0,1371.0
2005-12-23,C0611,1370.0,1380.0,1369.0,1376.0,1758.0,2421.35,玉米0611,2634.0,1377.0,1376.0
2005-12-26,C0611,1379.0,1398.0,1376.0,1393.0,1846.0,2565.76,玉米0611,3256.0,1389.0,1393.0
2005-12-27,C0611,1394.0,1410.0,1385.0,1390.0,3264.0,4560.32,玉米0611,4346.0,1397.0,1390.0
2005-12-28,C0611,1393.0,1398.0,1387.0,1392.0,1520.0,2117.46,玉米0611,4576.0,1393.0,1392.0
2005-12-29,C0611,1391.0,1400.0,1386.0,1389.0,18864.0,26286.17,玉米0611,3602.0,1393.0,1389.0
2005-12-30,C0611,1382.0,1389.0,1368.0,1378.0,11624.0,16057.59,玉米0611,3018.0,1381.0,1378.0
2006-01-04,C0611,1400.0,1408.0,1397.0,1407.0,11154.0,15648.39,玉米0611,9150.0,1402.0,1407.0
2006-01-05,C0611,1403.0,1404.0,1395.0,1398.0,1722.0,2409.22,玉米0611,9586.0,1399.0,1398.0
2006-01-06,C0611,1393.0,1408.0,1393.0,1408.0,18196.0,25433.64,玉米0611,10936.0,1397.0,1408.0
2006-01-09,C0611,1397.0,1402.0,1395.0,1401.0,24604.0,34430.27,玉米0611,11884.0,1399.0,1401.0
2006-01-10,C0611,1395.0,1402.0,1395.0,1399.0,21352.0,29858.5,玉米0611,13252.0,1398.0,1399.0
2006-01-11,C0611,1398.0,1400.0,1394.0,1396.0,20056.0,28002.55,玉米0611,14848.0,1396.0,1396.0
2006-01-12,C0611,1396.0,1396.0,1386.0,1387.0,32662.0,45441.53,玉米0611,15846.0,1391.0,1387.0
2006-01-13,C0611,1382.0,1394.0,1382.0,1392.0,24024.0,33333.72,玉米0611,16976.0,1387.0,1392.0
2006-01-16,C0611,1393.0,1402.0,1391.0,1402.0,35254.0,49163.59,玉米0611,18766.0,1394.0,1402.0
2006-01-17,C0611,1401.0,1406.0,1394.0,1394.0,27084.0,37920.43,玉米0611,19694.0,1400.0,1394.0
2006-01-18,C0611,1396.0,1396.0,1376.0,1379.0,26526.0,36789.84,玉米0611,19494.0,1386.0,1379.0
2006-01-19,C0611,1378.0,1387.0,1378.0,1386.0,38998.0,53926.13,玉米0611,19290.0,1382.0,1386.0
2006-01-20,C0611,1385.0,1395.0,1383.0,1390.0,43256.0,60085.31,玉米0611,20794.0,1389.0,1390.0
2006-01-23,C0611,1390.0,1400.0,1388.0,1397.0,34556.0,48183.05,玉米0611,23384.0,1394.0,1397.0
2006-01-24,C0611,1397.0,1398.0,1381.0,1393.0,51242.0,71370.43,玉米0611,24084.0,1392.0,1393.0
2006-01-25,C0611,1399.0,1438.0,1396.0,1425.0,54302.0,76872.62,玉米0611,39718.0,1415.0,1425.0
2006-01-26,C0611,1422.0,1431.0,1414.0,1416.0,50450.0,71643.97,玉米0611,38686.0,1420.0,1416.0
2006-01-27,C0611,1422.0,1432.0,1417.0,1429.0,42134.0,59973.44,玉米0611,35774.0,1423.0,1429.0
2006-02-06,C0611,1440.0,1479.0,1440.0,1477.0,37930.0,55885.15,玉米0611,38632.0,1473.0,1477.0
2006-02-07,C0611,1470.0,1510.0,1455.0,1492.0,77584.0,114969.92,玉米0611,52082.0,1481.0,1492.0
2006-02-08,C0611,1450.0,1470.0,1422.0,1426.0,93046.0,134373.72,玉米0611,70976.0,1444.0,1426.0
2006-02-09,C0611,1460.0,1480.0,1459.0,1470.0,99526.0,146052.18,玉米0611,87768.0,1467.0,1470.0
2006-02-10,C0611,1488.0,1510.0,1459.0,1476.0,184958.0,275047.42,玉米0611,86520.0,1487.0,1476.0
2006-02-13,C0611,1485.0,1486.0,1471.0,1479.0,141984.0,210057.4,玉米0611,90616.0,1479.0,1479.0
2006-02-14,C0611,1482.0,1496.0,1479.0,1487.0,151278.0,225227.91,玉米0611,89086.0,1488.0,1487.0
2006-02-15,C0611,1482.0,1491.0,1472.0,1490.0,106152.0,157189.27,玉米0611,86344.0,1480.0,1490.0
2006-02-16,C0611,1487.0,1502.0,1481.0,1497.0,161594.0,241700.28,玉米0611,90444.0,1495.0,1497.0
2006-02-17,C0611,1505.0,1508.0,1487.0,1497.0,140856.0,211219.89,玉米0611,108848.0,1499.0,1497.0
2006-02-20,C0611,1510.0,1513.0,1493.0,1496.0,126928.0,190358.26,玉米0611,111672.0,1499.0,1496.0
2006-02-21,C0611,1500.0,1507.0,1491.0,1495.0,125666.0,188198.5,玉米0611,109864.0,1497.0,1495.0
2006-02-22,C0611,1491.0,1528.0,1491.0,1522.0,218838.0,331081.67,玉米0611,132468.0,1512.0,1522.0
2006-02-23,C0611,1500.0,1516.0,1481.0,1488.0,248030.0,372484.12,玉米0611,117444.0,1501.0,1488.0
2006-02-24,C0611,1495.0,1509.0,1491.0,1504.0,127594.0,191240.98,玉米0611,123198.0,1498.0,1504.0
2006-02-27,C0611,1516.0,1520.0,1494.0,1499.0,196264.0,295397.63,玉米0611,140796.0,1505.0,1499.0
2006-02-28,C0611,1505.0,1505.0,1490.0,1493.0,113028.0,169024.87,玉米0611,133506.0,1495.0,1493.0
2006-03-01,C0611,1498.0,1498.0,1488.0,1489.0,103294.0,154080.74,玉米0611,124946.0,1491.0,1489.0
2006-03-02,C0611,1483.0,1490.0,1482.0,1489.0,69320.0,103002.83,玉米0611,115242.0,1485.0,1489.0
2006-03-03,C0611,1499.0,1500.0,1493.0,1497.0,77594.0,116139.37,玉米0611,120340.0,1496.0,1497.0
2006-03-06,C0611,1490.0,1495.0,1485.0,1485.0,74464.0,110895.69,玉米0611,121228.0,1489.0,1485.0
2006-03-07,C0611,1481.0,1488.0,1476.0,1477.0,122750.0,181891.3,玉米0611,117988.0,1481.0,1477.0
2006-03-08,C0611,1474.0,1475.0,1449.0,1454.0,146062.0,213261.45,玉米0611,106498.0,1460.0,1454.0
2006-03-09,C0611,1449.0,1463.0,1443.0,1462.0,134544.0,195322.25,玉米0611,110578.0,1451.0,1462.0
2006-03-10,C0611,1462.0,1464.0,1445.0,1446.0,132326.0,192481.53,玉米0611,107186.0,1454.0,1446.0
2006-03-13,C0611,1446.0,1454.0,1444.0,1448.0,140738.0,203882.58,玉米0611,109372.0,1448.0,1448.0
2006-03-14,C0611,1441.0,1446.0,1429.0,1436.0,116698.0,167962.55,玉米0611,99592.0,1439.0,1436.0
2006-03-15,C0611,1440.0,1445.0,1438.0,1441.0,130872.0,188533.26,玉米0611,107470.0,1440.0,1441.0
2006-03-16,C0611,1435.0,1437.0,1421.0,1423.0,134306.0,191840.1,玉米0611,101970.0,1428.0,1423.0
2006-03-17,C0611,1407.0,1409.0,1398.0,1401.0,163804.0,229915.15,玉米0611,83664.0,1403.0,1401.0
2006-03-20,C0611,1400.0,1409.0,1397.0,1408.0,147214.0,206846.8,玉米0611,78606.0,1405.0,1408.0
2006-03-21,C0611,1401.0,1416.0,1401.0,1413.0,134988.0,189828.76,玉米0611,80082.0,1406.0,1413.0
2006-03-22,C0611,1414.0,1432.0,1414.0,1429.0,152046.0,216739.83,玉米0611,88492.0,1425.0,1429.0
2006-03-23,C0611,1423.0,1429.0,1418.0,1427.0,147414.0,209802.39,玉米0611,87762.0,1423.0,1427.0
2006-03-24,C0611,1424.0,1432.0,1422.0,1425.0,121860.0,173869.82,玉米0611,88068.0,1426.0,1425.0
2006-03-27,C0611,1421.0,1432.0,1421.0,1428.0,146044.0,208353.99,玉米0611,101320.0,1426.0,1428.0
2006-03-28,C0611,1429.0,1431.0,1411.0,1412.0,142718.0,203191.36,玉米0611,89612.0,1423.0,1412.0
2006-03-29,C0611,1412.0,1419.0,1407.0,1410.0,132598.0,187301.93,玉米0611,89200.0,1412.0,1410.0
2006-03-30,C0611,1413.0,1417.0,1410.0,1415.0,139584.0,197402.47,玉米0611,88660.0,1414.0,1415.0
2006-03-31,C0611,1419.0,1425.0,1418.0,1422.0,119378.0,169833.3,玉米0611,82248.0,1422.0,1422.0
2006-04-03,C0611,1435.0,1435.0,1415.0,1416.0,159290.0,226594.0,玉米0611,91588.0,1422.0,1416.0
2006-04-04,C0611,1411.0,1417.0,1408.0,1412.0,101324.0,143219.5,玉米0611,89966.0,1413.0,1412.0
2006-04-05,C0611,1410.0,1421.0,1405.0,1418.0,134046.0,189557.66,玉米0611,89824.0,1414.0,1418.0
2006-04-06,C0611,1421.0,1426.0,1418.0,1425.0,132902.0,189074.38,玉米0611,87062.0,1422.0,1425.0
2006-04-07,C0611,1428.0,1429.0,1416.0,1418.0,169048.0,240488.32,玉米0611,87798.0,1422.0,1418.0
2006-04-10,C0611,1417.0,1421.0,1407.0,1412.0,165576.0,233931.44,玉米0611,89600.0,1412.0,1412.0
2006-04-11,C0611,1408.0,1409.0,1383.0,1387.0,175404.0,244479.9,玉米0611,91672.0,1393.0,1387.0
2006-04-12,C0611,1388.0,1394.0,1380.0,1385.0,175378.0,243353.42,玉米0611,90976.0,1387.0,1385.0
2006-04-13,C0611,1375.0,1379.0,1366.0,1366.0,162726.0,223611.71,玉米0611,87410.0,1374.0,1366.0
2006-04-14,C0611,1368.0,1377.0,1367.0,1370.0,150392.0,206107.52,玉米0611,74492.0,1370.0,1370.0
2006-04-17,C0611,1373.0,1387.0,1369.0,1386.0,151832.0,209182.93,玉米0611,66900.0,1377.0,1386.0
2006-04-18,C0611,1386.0,1386.0,1377.0,1380.0,145122.0,200518.4,玉米0611,67754.0,1381.0,1380.0
2006-04-19,C0611,1382.0,1387.0,1381.0,1382.0,158700.0,219464.54,玉米0611,70142.0,1382.0,1382.0
2006-04-20,C0611,1379.0,1379.0,1374.0,1374.0,176756.0,243330.05,玉米0611,67194.0,1376.0,1374.0
2006-04-21,C0611,1370.0,1370.0,1354.0,1357.0,131890.0,179845.56,玉米0611,62472.0,1363.0,1357.0
2006-04-24,C0611,1364.0,1375.0,1364.0,1372.0,156190.0,214412.46,玉米0611,58486.0,1372.0,1372.0
2006-04-25,C0611,1362.0,1369.0,1359.0,1369.0,144220.0,196618.33,玉米0611,54674.0,1363.0,1369.0
2006-04-26,C0611,1370.0,1375.0,1368.0,1373.0,124274.0,170379.37,玉米0611,53690.0,1370.0,1373.0
2006-04-27,C0611,1371.0,1408.0,1371.0,1382.0,116916.0,161773.1,玉米0611,53122.0,1383.0,1382.0
2006-04-28,C0611,1384.0,1402.0,1378.0,1401.0,135980.0,188274.81,玉米0611,49330.0,1384.0,1401.0
2006-05-08,C0611,1412.0,1412.0,1397.0,1404.0,112278.0,157405.88,玉米0611,47246.0,1401.0,1404.0
2006-05-09,C0611,1402.0,1430.0,1402.0,1427.0,130714.0,185563.09,玉米0611,44046.0,1419.0,1427.0
2006-05-10,C0611,1425.0,1435.0,1421.0,1421.0,148976.0,212545.36,玉米0611,42050.0,1426.0,1421.0
2006-05-11,C0611,1423.0,1431.0,1416.0,1425.0,145162.0,206813.52,玉米0611,41218.0,1424.0,1425.0
2006-05-12,C0611,1433.0,1435.0,1418.0,1422.0,153186.0,218743.18,玉米0611,38478.0,1427.0,1422.0
2006-05-15,C0611,1443.0,1446.0,1420.0,1425.0,131242.0,187363.77,玉米0611,37708.0,1427.0,1425.0
2006-05-16,C0611,1410.0,1419.0,1406.0,1409.0,125082.0,176714.29,玉米0611,33586.0,1412.0,1409.0
2006-05-17,C0611,1418.0,1422.0,1415.0,1421.0,136276.0,193248.94,玉米0611,33010.0,1418.0,1421.0
2006-05-18,C0611,1420.0,1436.0,1412.0,1428.0,142940.0,203515.67,玉米0611,33188.0,1423.0,1428.0
2006-05-19,C0611,1420.0,1429.0,1419.0,1427.0,140920.0,200813.52,玉米0611,34530.0,1425.0,1427.0
2006-05-22,C0611,1416.0,1428.0,1416.0,1421.0,118464.0,168802.9,玉米0611,34000.0,1424.0,1421.0
2006-05-23,C0611,1425.0,1464.0,1425.0,1434.0,103076.0,147556.42,玉米0611,34528.0,1431.0,1434.0
2006-05-24,C0611,1436.0,1445.0,1433.0,1437.0,120356.0,173055.52,玉米0611,34944.0,1437.0,1437.0
2006-05-25,C0611,1430.0,1436.0,1426.0,1435.0,138594.0,198191.46,玉米0611,34354.0,1430.0,1435.0
2006-05-26,C0611,1447.0,1449.0,1441.0,1448.0,156220.0,225462.03,玉米0611,33108.0,1443.0,1448.0
2006-05-29,C0611,1449.0,1452.0,1440.0,1447.0,142430.0,205717.21,玉米0611,32178.0,1444.0,1447.0
2006-05-30,C0611,1450.0,1450.0,1433.0,1441.0,129586.0,187352.18,玉米0611,31852.0,1445.0,1441.0
2006-05-31,C0611,1440.0,1440.0,1432.0,1432.0,124402.0,178704.43,玉米0611,30816.0,1436.0,1432.0
2006-06-01,C0611,1430.0,1430.0,1405.0,1413.0,125222.0,177482.41,玉米0611,24854.0,1417.0,1413.0
2006-06-02,C0611,1420.0,1430.0,1414.0,1423.0,119786.0,170553.47,玉米0611,24040.0,1423.0,1423.0
2006-06-05,C0611,1432.0,1440.0,1427.0,1427.0,89050.0,127243.19,玉米0611,24200.0,1428.0,1427.0
2006-06-06,C0611,1421.0,1424.0,1416.0,1418.0,73488.0,104500.31,玉米0611,23480.0,1422.0,1418.0
2006-06-07,C0611,1410.0,1417.0,1410.0,1415.0,62482.0,88295.68,玉米0611,20814.0,1413.0,1415.0
2006-06-08,C0611,1418.0,1423.0,1406.0,1408.0,52564.0,74465.54,玉米0611,20498.0,1416.0,1408.0
2006-06-09,C0611,1398.0,1408.0,1397.0,1406.0,62956.0,88338.49,玉米0611,19744.0,1403.0,1406.0
2006-06-12,C0611,1414.0,1415.0,1407.0,1410.0,65204.0,91955.76,玉米0611,19110.0,1410.0,1410.0
2006-06-13,C0611,1405.0,1407.0,1397.0,1399.0,61658.0,86616.34,玉米0611,18814.0,1404.0,1399.0
2006-06-14,C0611,1375.0,1396.0,1375.0,1396.0,71488.0,99174.49,玉米0611,17610.0,1387.0,1396.0
2006-06-15,C0611,1385.0,1394.0,1385.0,1391.0,63596.0,88327.47,玉米0611,17664.0,1388.0,1391.0
2006-06-16,C0611,1394.0,1394.0,1387.0,1392.0,52256.0,72668.18,玉米0611,17508.0,1390.0,1392.0
2006-06-19,C0611,1388.0,1396.0,1383.0,1391.0,54224.0,75158.68,玉米0611,17288.0,1386.0,1391.0
2006-06-20,C0611,1386.0,1389.0,1383.0,1389.0,50534.0,70059.51,玉米0611,16856.0,1386.0,1389.0
2006-06-21,C0611,1389.0,1396.0,1388.0,1394.0,44600.0,62042.47,玉米0611,16704.0,1391.0,1394.0
2006-06-22,C0611,1396.0,1399.0,1395.0,1396.0,33424.0,46701.52,玉米0611,15636.0,1397.0,1396.0
2006-06-23,C0611,1393.0,1395.0,1390.0,1395.0,39710.0,55286.2,玉米0611,15620.0,1392.0,1395.0
2006-06-26,C0611,1393.0,1397.0,1387.0,1393.0,40224.0,56085.83,玉米0611,15664.0,1394.0,1393.0
2006-06-27,C0611,1391.0,1393.0,1389.0,1392.0,41208.0,57274.19,玉米0611,15626.0,1389.0,1392.0
2006-06-28,C0611,1402.0,1402.0,1388.0,1389.0,41064.0,57139.92,玉米0611,15682.0,1391.0,1389.0
2006-06-29,C0611,1389.0,1393.0,1388.0,1390.0,43092.0,59910.36,玉米0611,15636.0,1390.0,1390.0
2006-06-30,C0611,1391.0,1395.0,1391.0,1394.0,40672.0,56609.54,玉米0611,15410.0,1391.0,1394.0
2006-07-03,C0611,1402.0,1402.0,1392.0,1392.0,43184.0,60256.31,玉米0611,15428.0,1395.0,1392.0
2006-07-04,C0611,1392.0,1392.0,1386.0,1387.0,36180.0,50288.91,玉米0611,15426.0,1389.0,1387.0
2006-07-05,C0611,1388.0,1390.0,1378.0,1379.0,40866.0,56627.33,玉米0611,15300.0,1385.0,1379.0
2006-07-06,C0611,1382.0,1382.0,1369.0,1369.0,38486.0,53035.61,玉米0611,15356.0,1378.0,1369.0
2006-07-07,C0611,1372.0,1372.0,1360.0,1362.0,40946.0,55915.41,玉米0611,14840.0,1365.0,1362.0
2006-07-10,C0611,1361.0,1361.0,1346.0,1351.0,45678.0,61727.17,玉米0611,13782.0,1351.0,1351.0
2006-07-11,C0611,1354.0,1362.0,1349.0,1360.0,53986.0,73200.9,玉米0611,13122.0,1355.0,1360.0
2006-07-12,C0611,1358.0,1363.0,1353.0,1360.0,50550.0,68651.56,玉米0611,13080.0,1358.0,1360.0
2006-07-13,C0611,1357.0,1359.0,1355.0,1358.0,66526.0,90319.73,玉米0611,12484.0,1357.0,1358.0
2006-07-14,C0611,1356.0,1358.0,1355.0,1358.0,56340.0,76364.67,玉米0611,12280.0,1355.0,1358.0
2006-07-17,C0611,1355.0,1361.0,1352.0,1361.0,32970.0,44785.06,玉米0611,12194.0,1358.0,1361.0
2006-07-18,C0611,1358.0,1361.0,1356.0,1356.0,36464.0,49561.85,玉米0611,12206.0,1359.0,1356.0
2006-07-19,C0611,1357.0,1357.0,1352.0,1353.0,26508.0,35932.79,玉米0611,12116.0,1355.0,1353.0
2006-07-20,C0611,1355.0,1357.0,1354.0,1354.0,36.0,48.8,玉米0611,12104.0,1355.0,1354.0
2006-07-21,C0611,1354.0,1354.0,1330.0,1332.0,1036.0,1383.7,玉米0611,11862.0,1335.0,1332.0
2006-07-24,C0611,1317.0,1330.0,1312.0,1317.0,1828.0,2408.3,玉米0611,11478.0,1317.0,1317.0
2006-07-25,C0611,1322.0,1324.0,1318.0,1321.0,1122.0,1483.64,玉米0611,10638.0,1322.0,1321.0
2006-07-26,C0611,1320.0,1320.0,1313.0,1314.0,1308.0,1720.52,玉米0611,9716.0,1315.0,1314.0
2006-07-27,C0611,1315.0,1319.0,1314.0,1316.0,1376.0,1811.3,玉米0611,9440.0,1316.0,1316.0
2006-07-28,C0611,1319.0,1324.0,1316.0,1324.0,692.0,914.09,玉米0611,8826.0,1320.0,1324.0
2006-07-31,C0611,1321.0,1338.0,1321.0,1338.0,1146.0,1524.73,玉米0611,7958.0,1330.0,1338.0
2006-08-01,C0611,1335.0,1338.0,1333.0,1334.0,1560.0,2085.26,玉米0611,7548.0,1336.0,1334.0
2006-08-02,C0611,1336.0,1338.0,1325.0,1328.0,390.0,519.15,玉米0611,7468.0,1331.0,1328.0
2006-08-03,C0611,1326.0,1332.0,1318.0,1320.0,464.0,613.75,玉米0611,7248.0,1322.0,1320.0
2006-08-04,C0611,1323.0,1326.0,1317.0,1326.0,430.0,569.44,玉米0611,7054.0,1324.0,1326.0
2006-08-07,C0611,1324.0,1325.0,1320.0,1321.0,314.0,415.06,玉米0611,6898.0,1321.0,1321.0
2006-08-08,C0611,1312.0,1316.0,1310.0,1314.0,456.0,599.06,玉米0611,6602.0,1313.0,1314.0
2006-08-09,C0611,1315.0,1320.0,1314.0,1319.0,560.0,738.75,玉米0611,6496.0,1319.0,1319.0
2006-08-10,C0611,1320.0,1323.0,1317.0,1323.0,392.0,517.61,玉米0611,6408.0,1320.0,1323.0
2006-08-11,C0611,1323.0,1326.0,1320.0,1324.0,294.0,388.59,玉米0611,6246.0,1321.0,1324.0
2006-08-14,C0611,1311.0,1321.0,1311.0,1320.0,434.0,571.18,玉米0611,5978.0,1316.0,1320.0
2006-08-15,C0611,1324.0,1334.0,1323.0,1329.0,872.0,1159.25,玉米0611,5680.0,1329.0,1329.0
2006-08-16,C0611,1335.0,1335.0,1328.0,1331.0,148.0,196.96,玉米0611,5612.0,1330.0,1331.0
2006-08-17,C0611,1324.0,1338.0,1324.0,1338.0,182.0,242.55,玉米0611,5600.0,1332.0,1338.0
2006-08-18,C0611,1333.0,1342.0,1333.0,1339.0,688.0,921.76,玉米0611,5570.0,1339.0,1339.0
2006-08-21,C0611,1334.0,1340.0,1334.0,1335.0,330.0,440.93,玉米0611,5538.0,1336.0,1335.0
2006-08-22,C0611,1335.0,1338.0,1328.0,1333.0,3268.0,4349.93,玉米0611,5496.0,1331.0,1333.0
2006-08-23,C0611,1339.0,1349.0,1332.0,1334.0,484.0,645.78,玉米0611,5802.0,1334.0,1334.0
2006-08-24,C0611,1335.0,1335.0,1328.0,1329.0,610.0,810.86,玉米0611,5324.0,1329.0,1329.0
2006-08-25,C0611,1331.0,1331.0,1324.0,1328.0,44.0,58.4,玉米0611,5296.0,1327.0,1328.0
2006-08-28,C0611,1323.0,1325.0,1319.0,1325.0,480.0,635.03,玉米0611,4824.0,1322.0,1325.0
2006-08-29,C0611,1329.0,1338.0,1324.0,1326.0,794.0,1052.92,玉米0611,4066.0,1326.0,1326.0
2006-08-30,C0611,1320.0,1323.0,1320.0,1321.0,172.0,227.19,玉米0611,3910.0,1320.0,1321.0
2006-08-31,C0611,1326.0,1326.0,1321.0,1324.0,496.0,655.77,玉米0611,3518.0,1322.0,1324.0
2006-09-01,C0611,1322.0,1323.0,1316.0,1320.0,108.0,142.72,玉米0611,3472.0,1321.0,1320.0
2006-09-04,C0611,1313.0,1319.0,1313.0,1315.0,948.0,1246.68,玉米0611,2628.0,1315.0,1315.0
2006-09-05,C0611,1315.0,1321.0,1315.0,1317.0,66.0,87.07,玉米0611,2620.0,1319.0,1317.0
2006-09-06,C0611,1318.0,1327.0,1318.0,1327.0,44.0,58.28,玉米0611,2620.0,1324.0,1327.0
2006-09-07,C0611,1328.0,1328.0,1322.0,1322.0,112.0,148.37,玉米0611,2536.0,1324.0,1322.0
2006-09-08,C0611,1333.0,1366.0,1321.0,1329.0,380.0,507.95,玉米0611,2470.0,1336.0,1329.0
2006-09-11,C0611,1324.0,1330.0,1323.0,1330.0,96.0,127.32,玉米0611,2466.0,1326.0,1330.0
2006-09-12,C0611,1327.0,1328.0,1326.0,1328.0,18.0,23.89,玉米0611,2456.0,1327.0,1328.0
2006-09-13,C0611,1323.0,1325.0,1323.0,1324.0,126.0,166.73,玉米0611,2350.0,1323.0,1324.0
2006-09-14,C0611,1323.0,1324.0,1319.0,1320.0,128.0,169.13,玉米0611,2364.0,1321.0,1320.0
2006-09-15,C0611,1315.0,1319.0,1312.0,1312.0,118.0,155.08,玉米0611,2332.0,1314.0,1312.0
2006-09-18,C0611,1314.0,1318.0,1310.0,1317.0,680.0,895.3,玉米0611,2116.0,1316.0,1317.0
2006-09-19,C0611,1313.0,1313.0,1309.0,1309.0,32.0,41.98,玉米0611,2090.0,1311.0,1309.0
2006-09-20,C0611,1305.0,1306.0,1305.0,1306.0,26.0,33.95,玉米0611,2066.0,1305.0,1306.0
2006-09-21,C0611,1307.0,1307.0,1306.0,1306.0,14.0,18.29,玉米0611,2052.0,1306.0,1306.0
2006-09-22,C0611,1312.0,1312.0,1304.0,1312.0,50.0,65.52,玉米0611,2010.0,1310.0,1312.0
2006-09-25,C0611,1302.0,1303.0,1298.0,1299.0,168.0,218.52,玉米0611,1904.0,1300.0,1299.0
2006-09-26,C0611,1296.0,1305.0,1294.0,1298.0,430.0,557.59,玉米0611,1632.0,1296.0,1298.0
2006-09-27,C0611,1299.0,1308.0,1298.0,1305.0,132.0,171.82,玉米0611,1514.0,1301.0,1305.0
2006-09-28,C0611,1305.0,1305.0,1299.0,1299.0,244.0,317.89,玉米0611,1420.0,1302.0,1299.0
2006-09-29,C0611,1296.0,1303.0,1287.0,1300.0,394.0,511.12,玉米0611,1324.0,1297.0,1300.0
2006-10-09,C0611,1288.0,1288.0,1280.0,1284.0,30.0,38.52,玉米0611,1304.0,1284.0,1284.0
2006-10-10,C0611,1284.0,1304.0,1280.0,1304.0,250.0,321.99,玉米0611,1304.0,1287.0,1304.0
2006-10-11,C0611,1294.0,1295.0,1280.0,1293.0,86.0,110.99,玉米0611,1268.0,1290.0,1293.0
2006-10-12,C0611,1300.0,1306.0,1300.0,1305.0,190.0,247.53,玉米0611,1212.0,1302.0,1305.0
2006-10-13,C0611,1307.0,1315.0,1300.0,1315.0,576.0,754.76,玉米0611,1268.0,1310.0,1315.0
2006-10-16,C0611,1318.0,1324.0,1318.0,1324.0,20.0,26.42,玉米0611,1268.0,1320.0,1324.0
2006-10-17,C0611,1327.0,1327.0,1305.0,1305.0,190.0,251.76,玉米0611,1414.0,1325.0,1305.0
2006-10-18,C0611,1321.0,1321.0,1294.0,1317.0,32.0,41.92,玉米0611,1414.0,1310.0,1317.0
2006-10-19,C0611,1312.0,1316.0,1283.0,1283.0,20.0,26.23,玉米0611,1410.0,1311.0,1283.0
2006-10-20,C0611,1332.0,1332.0,1305.0,1305.0,10.0,13.16,玉米0611,1410.0,1315.0,1305.0
2006-10-23,C0611,1291.0,1310.0,1291.0,1300.0,80.0,104.55,玉米0611,1408.0,1306.0,1300.0
2006-10-24,C0611,1325.0,1325.0,1296.0,1307.0,28.0,36.63,玉米0611,1402.0,1308.0,1307.0
2006-10-25,C0611,1320.0,1320.0,1315.0,1315.0,198.0,260.39,玉米0611,1400.0,1315.0,1315.0
2006-10-26,C0611,1328.0,1328.0,1305.0,1319.0,250.0,328.67,玉米0611,1500.0,1314.0,1319.0
2006-10-27,C0611,1330.0,1330.0,1317.0,1326.0,242.0,319.62,玉米0611,1482.0,1320.0,1326.0
2006-10-30,C0611,1320.0,1320.0,1310.0,1316.0,618.0,814.9,玉米0611,1318.0,1318.0,1316.0
2006-10-31,C0611,1305.0,1328.0,1300.0,1301.0,48.0,62.66,玉米0611,1274.0,1305.0,1301.0
2006-11-01,C0611,1295.0,1295.0,1295.0,1295.0,4.0,5.18,玉米0611,910.0,1295.0,1295.0
2006-11-02,C0611,1326.0,1326.0,1305.0,1305.0,110.0,145.78,玉米0611,906.0,1325.0,1305.0
2006-11-03,C0611,1328.0,1328.0,1315.0,1315.0,24.0,31.82,玉米0611,906.0,1325.0,1315.0
2006-11-06,C0611,1315.0,1330.0,1315.0,1330.0,44.0,58.44,玉米0611,906.0,1328.0,1330.0
2006-11-07,C0611,1335.0,1335.0,1335.0,1335.0,8.0,10.68,玉米0611,914.0,1335.0,1335.0
2006-11-08,C0611,1335.0,1335.0,1335.0,1335.0,10.0,13.35,玉米0611,924.0,1335.0,1335.0
2006-11-09,C0611,1358.0,1358.0,1358.0,1358.0,2.0,2.72,玉米0611,924.0,1358.0,1358.0
2006-11-10,C0611,0.0,0.0,0.0,1358.0,0.0,0.0,玉米0611,924.0,1358.0,1358.0
2006-11-13,C0611,1360.0,1360.0,1360.0,1360.0,18.0,24.48,玉米0611,924.0,1360.0,1360.0
2006-11-14,C0611,1378.0,1378.0,1378.0,1378.0,2.0,2.76,玉米0611,924.0,1329.0,1378.0
