date,symbol,open,high,low,close,volume,amount,name,openinterest,settleprice,price
2006-07-17,C0707,1490.0,1503.0,1490.0,1500.0,5328.0,7987.85,玉米0707,4168.0,1499.0,1500.0
2006-07-18,C0707,1498.0,1503.0,1494.0,1495.0,2634.0,3943.96,玉米0707,4512.0,1497.0,1495.0
2006-07-19,C0707,1495.0,1497.0,1488.0,1490.0,2154.0,3211.61,玉米0707,5448.0,1490.0,1490.0
2006-07-20,C0707,1493.0,1497.0,1490.0,1490.0,1118.0,1669.75,玉米0707,5736.0,1493.0,1490.0
2006-07-21,C0707,1490.0,1490.0,1444.0,1464.0,11924.0,17471.95,玉米0707,8966.0,1465.0,1464.0
2006-07-24,C0707,1452.0,1458.0,1442.0,1451.0,28482.0,41324.33,玉米0707,11694.0,1450.0,1451.0
2006-07-25,C0707,1455.0,1457.0,1448.0,1450.0,8550.0,12415.35,玉米0707,13698.0,1452.0,1450.0
2006-07-26,C0707,1450.0,1450.0,1436.0,1438.0,13170.0,18986.31,玉米0707,14840.0,1441.0,1438.0
2006-07-27,C0707,1435.0,1444.0,1432.0,1440.0,7498.0,10791.5,玉米0707,15606.0,1439.0,1440.0
2006-07-28,C0707,1441.0,1447.0,1440.0,1444.0,7822.0,11295.06,玉米0707,16170.0,1444.0,1444.0
2006-07-31,C0707,1446.0,1455.0,1443.0,1455.0,9808.0,14218.96,玉米0707,17486.0,1449.0,1455.0
2006-08-01,C0707,1452.0,1454.0,1440.0,1441.0,7716.0,11157.77,玉米0707,15624.0,1446.0,1441.0
2006-08-02,C0707,1445.0,1445.0,1440.0,1441.0,3042.0,4388.54,玉米0707,16082.0,1442.0,1441.0
2006-08-03,C0707,1443.0,1446.0,1429.0,1431.0,10712.0,15371.45,玉米0707,15470.0,1434.0,1431.0
2006-08-04,C0707,1432.0,1447.0,1428.0,1444.0,15160.0,21842.76,玉米0707,17202.0,1440.0,1444.0
2006-08-07,C0707,1435.0,1445.0,1422.0,1424.0,13146.0,18827.09,玉米0707,18420.0,1432.0,1424.0
2006-08-08,C0707,1415.0,1418.0,1411.0,1414.0,14272.0,20189.58,玉米0707,20238.0,1414.0,1414.0
2006-08-09,C0707,1412.0,1422.0,1410.0,1417.0,15966.0,22633.85,玉米0707,21348.0,1417.0,1417.0
2006-08-10,C0707,1420.0,1422.0,1408.0,1422.0,18618.0,26349.24,玉米0707,26826.0,1415.0,1422.0
2006-08-11,C0707,1419.0,1429.0,1417.0,1428.0,22150.0,31535.7,玉米0707,29558.0,1423.0,1428.0
2006-08-14,C0707,1410.0,1420.0,1410.0,1418.0,18016.0,25516.81,玉米0707,30290.0,1416.0,1418.0
2006-08-15,C0707,1420.0,1429.0,1418.0,1428.0,23224.0,33080.04,玉米0707,33390.0,1424.0,1428.0
2006-08-16,C0707,1429.0,1441.0,1429.0,1432.0,27750.0,39832.63,玉米0707,31038.0,1435.0,1432.0
2006-08-17,C0707,1430.0,1458.0,1427.0,1458.0,52460.0,75819.04,玉米0707,38134.0,1445.0,1458.0
2006-08-18,C0707,1452.0,1469.0,1452.0,1461.0,51568.0,75393.09,玉米0707,42234.0,1462.0,1461.0
2006-08-21,C0707,1459.0,1465.0,1453.0,1454.0,37220.0,54325.94,玉米0707,38834.0,1459.0,1454.0
2006-08-22,C0707,1455.0,1463.0,1442.0,1456.0,45364.0,65833.22,玉米0707,39352.0,1451.0,1456.0
2006-08-23,C0707,1458.0,1463.0,1453.0,1457.0,36334.0,52991.14,玉米0707,38864.0,1458.0,1457.0
2006-08-24,C0707,1462.0,1462.0,1447.0,1448.0,27878.0,40495.38,玉米0707,40088.0,1452.0,1448.0
2006-08-25,C0707,1446.0,1450.0,1443.0,1447.0,18648.0,26974.2,玉米0707,41270.0,1446.0,1447.0
2006-08-28,C0707,1445.0,1448.0,1439.0,1440.0,26652.0,38442.13,玉米0707,41880.0,1442.0,1440.0
2006-08-29,C0707,1436.0,1444.0,1428.0,1433.0,61608.0,88498.2,玉米0707,41006.0,1436.0,1433.0
2006-08-30,C0707,1431.0,1436.0,1420.0,1424.0,37484.0,53569.14,玉米0707,44556.0,1429.0,1424.0
2006-08-31,C0707,1430.0,1434.0,1424.0,1434.0,38184.0,54563.35,玉米0707,40908.0,1428.0,1434.0
2006-09-01,C0707,1431.0,1440.0,1431.0,1435.0,27360.0,39271.46,玉米0707,38228.0,1435.0,1435.0
2006-09-04,C0707,1434.0,1434.0,1426.0,1429.0,19584.0,27987.89,玉米0707,40746.0,1429.0,1429.0
2006-09-05,C0707,1432.0,1440.0,1430.0,1438.0,18352.0,26361.84,玉米0707,41016.0,1436.0,1438.0
2006-09-06,C0707,1437.0,1451.0,1435.0,1450.0,22888.0,33050.55,玉米0707,42918.0,1444.0,1450.0
2006-09-07,C0707,1444.0,1450.0,1441.0,1446.0,26494.0,38289.57,玉米0707,47638.0,1445.0,1446.0
2006-09-08,C0707,1453.0,1460.0,1453.0,1457.0,22180.0,32306.86,玉米0707,51116.0,1456.0,1457.0
2006-09-11,C0707,1458.0,1458.0,1442.0,1445.0,23848.0,34561.56,玉米0707,48514.0,1449.0,1445.0
2006-09-12,C0707,1444.0,1445.0,1436.0,1440.0,11818.0,17007.08,玉米0707,48298.0,1439.0,1440.0
2006-09-13,C0707,1433.0,1445.0,1430.0,1442.0,19366.0,27853.92,玉米0707,49564.0,1438.0,1442.0
2006-09-14,C0707,1443.0,1453.0,1442.0,1450.0,19084.0,27622.5,玉米0707,49842.0,1447.0,1450.0
2006-09-15,C0707,1447.0,1452.0,1439.0,1441.0,37866.0,54775.85,玉米0707,63184.0,1446.0,1441.0
2006-09-18,C0707,1449.0,1453.0,1447.0,1447.0,17172.0,24891.69,玉米0707,62148.0,1449.0,1447.0
2006-09-19,C0707,1452.0,1455.0,1442.0,1444.0,51916.0,75224.78,玉米0707,75484.0,1448.0,1444.0
2006-09-20,C0707,1440.0,1447.0,1437.0,1440.0,30766.0,44374.38,玉米0707,68578.0,1442.0,1440.0
2006-09-21,C0707,1442.0,1444.0,1433.0,1434.0,23828.0,34229.65,玉米0707,69152.0,1436.0,1434.0
2006-09-22,C0707,1443.0,1447.0,1437.0,1442.0,41474.0,59811.31,玉米0707,60064.0,1442.0,1442.0
2006-09-25,C0707,1438.0,1439.0,1431.0,1431.0,17640.0,25297.83,玉米0707,59126.0,1434.0,1431.0
2006-09-26,C0707,1432.0,1438.0,1432.0,1438.0,11412.0,16385.46,玉米0707,59028.0,1435.0,1438.0
2006-09-27,C0707,1440.0,1445.0,1435.0,1444.0,21080.0,30358.3,玉米0707,56708.0,1440.0,1444.0
2006-09-28,C0707,1440.0,1442.0,1435.0,1438.0,15872.0,22840.43,玉米0707,58976.0,1439.0,1438.0
2006-09-29,C0707,1447.0,1449.0,1442.0,1446.0,13678.0,19760.05,玉米0707,56288.0,1444.0,1446.0
2006-10-09,C0707,1450.0,1460.0,1450.0,1458.0,37672.0,54822.53,玉米0707,64206.0,1455.0,1458.0
2006-10-10,C0707,1473.0,1502.0,1471.0,1498.0,67054.0,99614.6,玉米0707,78332.0,1485.0,1498.0
2006-10-11,C0707,1478.0,1489.0,1478.0,1487.0,34514.0,51198.23,玉米0707,78652.0,1483.0,1487.0
2006-10-12,C0707,1498.0,1507.0,1490.0,1494.0,50324.0,75362.8,玉米0707,82978.0,1497.0,1494.0
2006-10-13,C0707,1515.0,1519.0,1509.0,1514.0,53878.0,81521.29,玉米0707,88292.0,1513.0,1514.0
2006-10-16,C0707,1521.0,1533.0,1520.0,1528.0,70814.0,108100.26,玉米0707,92208.0,1526.0,1528.0
2006-10-17,C0707,1531.0,1538.0,1523.0,1535.0,77042.0,118048.7,玉米0707,112150.0,1532.0,1535.0
2006-10-18,C0707,1530.0,1531.0,1508.0,1511.0,80818.0,122785.06,玉米0707,115322.0,1519.0,1511.0
2006-10-19,C0707,1512.0,1522.0,1507.0,1521.0,48180.0,73000.83,玉米0707,120732.0,1515.0,1521.0
2006-10-20,C0707,1515.0,1520.0,1511.0,1515.0,32600.0,49399.32,玉米0707,116608.0,1515.0,1515.0
2006-10-23,C0707,1509.0,1515.0,1506.0,1508.0,33162.0,50100.73,玉米0707,113442.0,1510.0,1508.0
2006-10-24,C0707,1520.0,1532.0,1519.0,1527.0,61782.0,94297.94,玉米0707,127246.0,1526.0,1527.0
2006-10-25,C0707,1536.0,1542.0,1519.0,1523.0,142924.0,218862.71,玉米0707,151920.0,1531.0,1523.0
2006-10-26,C0707,1518.0,1523.0,1511.0,1521.0,69046.0,104839.49,玉米0707,157960.0,1518.0,1521.0
2006-10-27,C0707,1525.0,1539.0,1523.0,1533.0,94990.0,145561.23,玉米0707,152416.0,1532.0,1533.0
2006-10-30,C0707,1536.0,1540.0,1526.0,1537.0,84120.0,129016.1,玉米0707,163098.0,1533.0,1537.0
2006-10-31,C0707,1535.0,1545.0,1523.0,1524.0,118998.0,182428.92,玉米0707,168740.0,1533.0,1524.0
2006-11-01,C0707,1523.0,1528.0,1520.0,1528.0,59320.0,90415.72,玉米0707,167228.0,1524.0,1528.0
2006-11-02,C0707,1545.0,1550.0,1537.0,1545.0,82624.0,127419.08,玉米0707,178364.0,1542.0,1545.0
2006-11-03,C0707,1543.0,1557.0,1537.0,1544.0,172106.0,266219.01,玉米0707,199430.0,1546.0,1544.0
2006-11-06,C0707,1539.0,1557.0,1538.0,1557.0,83002.0,128543.99,玉米0707,203066.0,1548.0,1557.0
2006-11-07,C0707,1560.0,1569.0,1555.0,1565.0,99900.0,156182.21,玉米0707,196904.0,1563.0,1565.0
2006-11-08,C0707,1572.0,1584.0,1569.0,1581.0,113976.0,179613.57,玉米0707,206388.0,1575.0,1581.0
2006-11-09,C0707,1580.0,1581.0,1563.0,1569.0,142046.0,222952.69,玉米0707,187064.0,1569.0,1569.0
2006-11-10,C0707,1557.0,1563.0,1554.0,1561.0,87076.0,135675.04,玉米0707,192342.0,1558.0,1561.0
2006-11-13,C0707,1556.0,1601.0,1556.0,1596.0,198718.0,315129.96,玉米0707,189604.0,1585.0,1596.0
2006-11-14,C0707,1590.0,1602.0,1585.0,1586.0,155264.0,247212.03,玉米0707,178856.0,1592.0,1586.0
2006-11-15,C0707,1602.0,1632.0,1602.0,1625.0,164894.0,267251.02,玉米0707,192612.0,1620.0,1625.0
2006-11-16,C0707,1622.0,1642.0,1620.0,1636.0,126576.0,206698.73,玉米0707,172218.0,1633.0,1636.0
2006-11-17,C0707,1628.0,1639.0,1625.0,1627.0,74008.0,120722.01,玉米0707,163616.0,1631.0,1627.0
2006-11-20,C0707,1641.0,1662.0,1641.0,1662.0,115294.0,190503.49,玉米0707,156790.0,1652.0,1662.0
2006-11-21,C0707,1660.0,1661.0,1630.0,1633.0,77686.0,127748.92,玉米0707,150896.0,1644.0,1633.0
2006-11-22,C0707,1638.0,1654.0,1612.0,1648.0,64376.0,105276.06,玉米0707,146310.0,1635.0,1648.0
2006-11-23,C0707,1644.0,1652.0,1620.0,1620.0,37534.0,61178.17,玉米0707,133802.0,1629.0,1620.0
2006-11-24,C0707,1627.0,1638.0,1623.0,1632.0,20720.0,33833.49,玉米0707,133800.0,1632.0,1632.0
2006-11-27,C0707,1654.0,1690.0,1650.0,1673.0,99418.0,166177.01,玉米0707,127312.0,1671.0,1673.0
2006-11-28,C0707,1673.0,1673.0,1658.0,1665.0,29102.0,48449.17,玉米0707,120716.0,1664.0,1665.0
2006-11-29,C0707,1668.0,1677.0,1598.0,1616.0,65510.0,107709.6,玉米0707,108552.0,1644.0,1616.0
2006-11-30,C0707,1630.0,1639.0,1610.0,1634.0,52024.0,84412.72,玉米0707,102646.0,1622.0,1634.0
2006-12-01,C0707,1636.0,1642.0,1615.0,1622.0,22334.0,36309.14,玉米0707,101868.0,1625.0,1622.0
2006-12-04,C0707,1610.0,1622.0,1597.0,1605.0,28070.0,45061.03,玉米0707,96430.0,1605.0,1605.0
2006-12-05,C0707,1590.0,1602.0,1584.0,1599.0,27906.0,44358.59,玉米0707,92488.0,1589.0,1599.0
2006-12-06,C0707,1600.0,1609.0,1597.0,1597.0,12224.0,19591.29,玉米0707,89882.0,1602.0,1597.0
2006-12-07,C0707,1592.0,1603.0,1580.0,1600.0,22590.0,35884.51,玉米0707,85234.0,1588.0,1600.0
2006-12-08,C0707,1610.0,1613.0,1603.0,1605.0,11530.0,18536.08,玉米0707,83392.0,1607.0,1605.0
2006-12-11,C0707,1600.0,1632.0,1600.0,1631.0,8598.0,13955.55,玉米0707,83880.0,1623.0,1631.0
2006-12-12,C0707,1634.0,1659.0,1634.0,1649.0,13274.0,21904.93,玉米0707,85002.0,1650.0,1649.0
2006-12-13,C0707,1658.0,1658.0,1629.0,1634.0,8598.0,14083.59,玉米0707,83934.0,1638.0,1634.0
2006-12-14,C0707,1635.0,1643.0,1629.0,1637.0,7812.0,12765.5,玉米0707,82362.0,1634.0,1637.0
2006-12-15,C0707,1643.0,1643.0,1635.0,1641.0,3970.0,6503.23,玉米0707,82736.0,1638.0,1641.0
2006-12-18,C0707,1638.0,1638.0,1624.0,1632.0,6322.0,10310.25,玉米0707,79734.0,1630.0,1632.0
2006-12-19,C0707,1620.0,1633.0,1620.0,1632.0,5744.0,9353.63,玉米0707,78532.0,1628.0,1632.0
2006-12-20,C0707,1644.0,1647.0,1640.0,1640.0,7740.0,12721.37,玉米0707,78360.0,1643.0,1640.0
2006-12-21,C0707,1640.0,1667.0,1637.0,1663.0,16900.0,27902.51,玉米0707,78238.0,1651.0,1663.0
2006-12-22,C0707,1667.0,1679.0,1660.0,1662.0,15468.0,25818.96,玉米0707,78666.0,1669.0,1662.0
2006-12-25,C0707,1672.0,1674.0,1665.0,1671.0,6028.0,10062.36,玉米0707,78532.0,1669.0,1671.0
2006-12-26,C0707,1672.0,1686.0,1665.0,1682.0,16444.0,27656.13,玉米0707,78476.0,1681.0,1682.0
2006-12-27,C0707,1685.0,1685.0,1652.0,1658.0,9096.0,15144.78,玉米0707,73982.0,1664.0,1658.0
2006-12-28,C0707,1657.0,1669.0,1654.0,1667.0,3824.0,6364.82,玉米0707,73556.0,1664.0,1667.0
2006-12-29,C0707,1667.0,1667.0,1652.0,1661.0,7052.0,11695.28,玉米0707,72052.0,1658.0,1661.0
2007-01-04,C0707,1620.0,1620.0,1600.0,1610.0,16938.0,27310.77,玉米0707,66802.0,1612.0,1610.0
2007-01-05,C0707,1605.0,1625.0,1605.0,1625.0,10228.0,16541.54,玉米0707,67158.0,1617.0,1625.0
2007-01-08,C0707,1625.0,1628.0,1615.0,1625.0,6906.0,11200.12,玉米0707,67302.0,1621.0,1625.0
2007-01-09,C0707,1627.0,1627.0,1602.0,1606.0,5460.0,8786.67,玉米0707,65766.0,1609.0,1606.0
2007-01-10,C0707,1600.0,1615.0,1597.0,1615.0,4384.0,7046.16,玉米0707,65934.0,1607.0,1615.0
2007-01-11,C0707,1619.0,1639.0,1619.0,1632.0,6376.0,10406.52,玉米0707,65956.0,1632.0,1632.0
2007-01-12,C0707,1641.0,1647.0,1631.0,1631.0,8650.0,14176.34,玉米0707,66372.0,1638.0,1631.0
2007-01-15,C0707,1703.0,1703.0,1699.0,1703.0,11672.0,19874.06,玉米0707,65320.0,1702.0,1703.0
2007-01-16,C0707,1740.0,1740.0,1692.0,1695.0,8236.0,14011.23,玉米0707,64050.0,1701.0,1695.0
2007-01-17,C0707,1690.0,1693.0,1682.0,1690.0,4746.0,8020.14,玉米0707,63834.0,1689.0,1690.0
2007-01-18,C0707,1708.0,1708.0,1682.0,1684.0,3838.0,6504.81,玉米0707,64004.0,1694.0,1684.0
2007-01-19,C0707,1680.0,1680.0,1657.0,1663.0,4368.0,7274.5,玉米0707,63290.0,1665.0,1663.0
2007-01-22,C0707,1650.0,1658.0,1640.0,1657.0,5304.0,8768.35,玉米0707,63918.0,1653.0,1657.0
2007-01-23,C0707,1661.0,1666.0,1657.0,1662.0,5008.0,8330.09,玉米0707,64062.0,1663.0,1662.0
2007-01-24,C0707,1665.0,1666.0,1639.0,1644.0,4040.0,6661.6,玉米0707,64216.0,1648.0,1644.0
2007-01-25,C0707,1646.0,1653.0,1639.0,1644.0,2024.0,3333.28,玉米0707,63780.0,1646.0,1644.0
2007-01-26,C0707,1644.0,1650.0,1635.0,1643.0,5492.0,9012.76,玉米0707,64022.0,1641.0,1643.0
2007-01-29,C0707,1642.0,1650.0,1642.0,1650.0,1240.0,2040.6,玉米0707,63494.0,1645.0,1650.0
2007-01-30,C0707,1646.0,1646.0,1638.0,1641.0,1324.0,2173.41,玉米0707,63534.0,1641.0,1641.0
2007-01-31,C0707,1648.0,1653.0,1644.0,1653.0,1236.0,2037.66,玉米0707,62928.0,1648.0,1653.0
2007-02-01,C0707,1646.0,1661.0,1646.0,1659.0,2518.0,4168.95,玉米0707,62852.0,1655.0,1659.0
2007-02-02,C0707,1648.0,1653.0,1645.0,1650.0,1090.0,1797.19,玉米0707,62696.0,1648.0,1650.0
2007-02-05,C0707,1666.0,1666.0,1646.0,1650.0,4590.0,7579.76,玉米0707,62632.0,1651.0,1650.0
2007-02-06,C0707,1649.0,1651.0,1644.0,1650.0,1944.0,3204.39,玉米0707,61758.0,1648.0,1650.0
2007-02-07,C0707,1645.0,1651.0,1645.0,1650.0,3890.0,6413.12,玉米0707,61350.0,1648.0,1650.0
2007-02-08,C0707,1645.0,1648.0,1640.0,1644.0,480.0,789.6,玉米0707,61294.0,1645.0,1644.0
2007-02-09,C0707,1648.0,1652.0,1645.0,1645.0,552.0,909.65,玉米0707,61224.0,1647.0,1645.0
2007-02-12,C0707,1657.0,1657.0,1644.0,1644.0,732.0,1205.01,玉米0707,61220.0,1646.0,1644.0
2007-02-13,C0707,1635.0,1642.0,1629.0,1631.0,2430.0,3968.59,玉米0707,61220.0,1633.0,1631.0
2007-02-14,C0707,1637.0,1639.0,1622.0,1634.0,2308.0,3777.07,玉米0707,61128.0,1636.0,1634.0
2007-02-15,C0707,1630.0,1638.0,1623.0,1636.0,1234.0,2010.14,玉米0707,61014.0,1628.0,1636.0
2007-02-16,C0707,1636.0,1640.0,1634.0,1638.0,408.0,667.4,玉米0707,60780.0,1635.0,1638.0
2007-02-26,C0707,1653.0,1669.0,1645.0,1658.0,9064.0,15049.52,玉米0707,60474.0,1660.0,1658.0
2007-02-27,C0707,1657.0,1657.0,1645.0,1645.0,2108.0,3477.95,玉米0707,60378.0,1649.0,1645.0
2007-02-28,C0707,1611.0,1637.0,1611.0,1635.0,3994.0,6507.4,玉米0707,59612.0,1629.0,1635.0
2007-03-01,C0707,1646.0,1648.0,1625.0,1629.0,2550.0,4180.13,玉米0707,59440.0,1639.0,1629.0
2007-03-02,C0707,1624.0,1648.0,1624.0,1632.0,3104.0,5056.08,玉米0707,59010.0,1628.0,1632.0
2007-03-05,C0707,1625.0,1633.0,1625.0,1626.0,1178.0,1918.54,玉米0707,59028.0,1628.0,1626.0
2007-03-06,C0707,1629.0,1632.0,1628.0,1631.0,152.0,247.86,玉米0707,59016.0,1630.0,1631.0
2007-03-07,C0707,1629.0,1630.0,1622.0,1626.0,1632.0,2652.41,玉米0707,58968.0,1625.0,1626.0
2007-03-08,C0707,1626.0,1626.0,1618.0,1623.0,662.0,1072.96,玉米0707,58730.0,1620.0,1623.0
2007-03-09,C0707,1618.0,1623.0,1606.0,1608.0,1386.0,2235.46,玉米0707,58572.0,1612.0,1608.0
2007-03-12,C0707,1608.0,1610.0,1602.0,1608.0,1844.0,2962.53,玉米0707,58594.0,1606.0,1608.0
2007-03-13,C0707,1608.0,1618.0,1608.0,1617.0,3246.0,5237.36,玉米0707,58692.0,1613.0,1617.0
2007-03-14,C0707,1613.0,1616.0,1608.0,1614.0,1480.0,2388.0,玉米0707,58244.0,1613.0,1614.0
2007-03-15,C0707,1618.0,1626.0,1616.0,1625.0,4230.0,6860.27,玉米0707,58206.0,1621.0,1625.0
2007-03-16,C0707,1620.0,1625.0,1616.0,1623.0,2126.0,3443.33,玉米0707,57764.0,1619.0,1623.0
2007-03-19,C0707,1625.0,1626.0,1622.0,1622.0,1434.0,2329.02,玉米0707,57916.0,1624.0,1622.0
2007-03-20,C0707,1622.0,1623.0,1616.0,1620.0,518.0,839.35,玉米0707,57936.0,1620.0,1620.0
2007-03-21,C0707,1622.0,1625.0,1620.0,1620.0,310.0,502.77,玉米0707,57766.0,1621.0,1620.0
2007-03-22,C0707,1613.0,1629.0,1613.0,1616.0,474.0,767.2,玉米0707,57798.0,1618.0,1616.0
2007-03-23,C0707,1616.0,1618.0,1614.0,1615.0,238.0,384.66,玉米0707,57642.0,1616.0,1615.0
2007-03-26,C0707,1614.0,1614.0,1608.0,1611.0,1026.0,1651.69,玉米0707,56990.0,1609.0,1611.0
2007-03-27,C0707,1602.0,1611.0,1600.0,1609.0,350.0,561.46,玉米0707,56986.0,1604.0,1609.0
2007-03-28,C0707,1613.0,1615.0,1609.0,1613.0,158.0,254.67,玉米0707,56946.0,1611.0,1613.0
2007-03-29,C0707,1611.0,1611.0,1610.0,1610.0,220.0,354.27,玉米0707,56828.0,1610.0,1610.0
2007-03-30,C0707,1612.0,1617.0,1610.0,1615.0,364.0,587.36,玉米0707,56812.0,1613.0,1615.0
2007-04-02,C0707,1570.0,1599.0,1570.0,1588.0,11016.0,17430.55,玉米0707,47820.0,1582.0,1588.0
2007-04-03,C0707,1594.0,1597.0,1592.0,1596.0,470.0,749.01,玉米0707,47832.0,1593.0,1596.0
2007-04-04,C0707,1592.0,1609.0,1592.0,1609.0,1838.0,2932.72,玉米0707,46494.0,1595.0,1609.0
2007-04-05,C0707,1604.0,1605.0,1598.0,1604.0,398.0,637.21,玉米0707,46410.0,1601.0,1604.0
2007-04-06,C0707,1601.0,1601.0,1594.0,1594.0,366.0,584.56,玉米0707,46312.0,1597.0,1594.0
2007-04-09,C0707,1604.0,1624.0,1600.0,1620.0,2410.0,3896.59,玉米0707,46258.0,1616.0,1620.0
2007-04-10,C0707,1618.0,1618.0,1607.0,1612.0,378.0,609.73,玉米0707,46284.0,1613.0,1612.0
2007-04-11,C0707,1613.0,1617.0,1610.0,1612.0,718.0,1159.57,玉米0707,46262.0,1614.0,1612.0
2007-04-12,C0707,1605.0,1618.0,1590.0,1595.0,1698.0,2722.55,玉米0707,45116.0,1603.0,1595.0
2007-04-13,C0707,1603.0,1603.0,1588.0,1590.0,2046.0,3254.93,玉米0707,45276.0,1590.0,1590.0
2007-04-16,C0707,1592.0,1592.0,1580.0,1589.0,1038.0,1646.54,玉米0707,44430.0,1586.0,1589.0
2007-04-17,C0707,1590.0,1592.0,1585.0,1585.0,716.0,1137.4,玉米0707,44400.0,1588.0,1585.0
2007-04-18,C0707,1580.0,1580.0,1556.0,1574.0,2090.0,3285.62,玉米0707,42878.0,1572.0,1574.0
2007-04-19,C0707,1576.0,1576.0,1563.0,1571.0,1066.0,1669.75,玉米0707,42586.0,1566.0,1571.0
2007-04-20,C0707,1580.0,1580.0,1562.0,1570.0,598.0,936.72,玉米0707,42382.0,1566.0,1570.0
2007-04-23,C0707,1568.0,1576.0,1568.0,1576.0,440.0,691.05,玉米0707,42124.0,1570.0,1576.0
2007-04-24,C0707,1576.0,1576.0,1570.0,1570.0,354.0,556.5,玉米0707,41942.0,1572.0,1570.0
2007-04-25,C0707,1574.0,1578.0,1571.0,1576.0,164.0,258.22,玉米0707,41832.0,1574.0,1576.0
2007-04-26,C0707,1588.0,1595.0,1586.0,1594.0,816.0,1298.43,玉米0707,41470.0,1591.0,1594.0
2007-04-27,C0707,1586.0,1589.0,1581.0,1584.0,300.0,475.57,玉米0707,41274.0,1585.0,1584.0
2007-04-30,C0707,1582.0,1588.0,1580.0,1588.0,252.0,399.24,玉米0707,41054.0,1584.0,1588.0
2007-05-08,C0707,1585.0,1592.0,1585.0,1592.0,370.0,587.53,玉米0707,40898.0,1587.0,1592.0
2007-05-09,C0707,1594.0,1604.0,1594.0,1604.0,430.0,688.75,玉米0707,40934.0,1601.0,1604.0
2007-05-10,C0707,1604.0,1605.0,1596.0,1600.0,246.0,393.99,玉米0707,40876.0,1601.0,1600.0
2007-05-11,C0707,1593.0,1600.0,1593.0,1597.0,394.0,628.86,玉米0707,40814.0,1596.0,1597.0
2007-05-14,C0707,1613.0,1623.0,1602.0,1623.0,4762.0,7700.45,玉米0707,37094.0,1617.0,1623.0
2007-05-15,C0707,1623.0,1623.0,1615.0,1618.0,3824.0,6191.44,玉米0707,33498.0,1619.0,1618.0
2007-05-16,C0707,1622.0,1630.0,1622.0,1626.0,216.0,351.22,玉米0707,33420.0,1626.0,1626.0
2007-05-17,C0707,1625.0,1626.0,1619.0,1619.0,274.0,444.76,玉米0707,33234.0,1623.0,1619.0
2007-05-18,C0707,1619.0,1621.0,1613.0,1619.0,190.0,307.34,玉米0707,33102.0,1617.0,1619.0
2007-05-21,C0707,1615.0,1625.0,1615.0,1620.0,544.0,882.24,玉米0707,32826.0,1621.0,1620.0
2007-05-22,C0707,1620.0,1622.0,1613.0,1615.0,154.0,248.9,玉米0707,32772.0,1616.0,1615.0
2007-05-23,C0707,1619.0,1619.0,1601.0,1606.0,626.0,1006.26,玉米0707,32504.0,1607.0,1606.0
2007-05-24,C0707,1610.0,1613.0,1604.0,1605.0,242.0,388.96,玉米0707,32356.0,1607.0,1605.0
2007-05-25,C0707,1608.0,1608.0,1600.0,1600.0,134.0,214.85,玉米0707,32292.0,1603.0,1600.0
2007-05-28,C0707,1659.0,1659.0,1592.0,1607.0,266.0,428.16,玉米0707,32172.0,1609.0,1607.0
2007-05-29,C0707,1604.0,1606.0,1594.0,1595.0,136.0,217.33,玉米0707,32080.0,1597.0,1595.0
2007-05-30,C0707,1591.0,1605.0,1581.0,1600.0,4130.0,6610.84,玉米0707,28062.0,1600.0,1600.0
2007-05-31,C0707,1600.0,1605.0,1600.0,1601.0,826.0,1322.37,玉米0707,27532.0,1600.0,1601.0
2007-06-01,C0707,1604.0,1607.0,1600.0,1607.0,1650.0,2640.63,玉米0707,25902.0,1600.0,1607.0
2007-06-04,C0707,1598.0,1606.0,1595.0,1600.0,162.0,258.96,玉米0707,25742.0,1598.0,1600.0
2007-06-05,C0707,1593.0,1601.0,1592.0,1601.0,730.0,1167.96,玉米0707,25032.0,1599.0,1601.0
2007-06-06,C0707,1600.0,1603.0,1598.0,1603.0,502.0,803.47,玉米0707,24818.0,1600.0,1603.0
2007-06-07,C0707,1598.0,1605.0,1598.0,1604.0,692.0,1108.77,玉米0707,24266.0,1602.0,1604.0
2007-06-08,C0707,1604.0,1609.0,1590.0,1595.0,1480.0,2367.73,玉米0707,22792.0,1599.0,1595.0
2007-06-11,C0707,1595.0,1600.0,1593.0,1598.0,1686.0,2689.33,玉米0707,21108.0,1595.0,1598.0
2007-06-12,C0707,1595.0,1596.0,1591.0,1591.0,3244.0,5170.55,玉米0707,18808.0,1593.0,1591.0
2007-06-13,C0707,1588.0,1590.0,1585.0,1586.0,2156.0,3421.55,玉米0707,17370.0,1586.0,1586.0
2007-06-14,C0707,1589.0,1590.0,1589.0,1590.0,210.0,333.9,玉米0707,17332.0,1589.0,1590.0
2007-06-15,C0707,1587.0,1590.0,1584.0,1584.0,1854.0,2939.69,玉米0707,15478.0,1585.0,1584.0
2007-06-18,C0707,1585.0,1585.0,1562.0,1563.0,2506.0,3956.51,玉米0707,13050.0,1578.0,1563.0
2007-06-19,C0707,1563.0,1604.0,1552.0,1552.0,1252.0,1970.84,玉米0707,12692.0,1574.0,1552.0
2007-06-20,C0707,1538.0,1550.0,1538.0,1550.0,652.0,1005.76,玉米0707,12054.0,1542.0,1550.0
2007-06-21,C0707,1550.0,1557.0,1542.0,1555.0,50.0,77.51,玉米0707,12050.0,1550.0,1555.0
2007-06-22,C0707,1556.0,1556.0,1545.0,1546.0,500.0,772.88,玉米0707,11614.0,1545.0,1546.0
2007-06-25,C0707,1541.0,1544.0,1540.0,1542.0,1308.0,2016.47,玉米0707,10366.0,1541.0,1542.0
2007-06-26,C0707,1553.0,1553.0,1526.0,1526.0,626.0,959.35,玉米0707,9832.0,1532.0,1526.0
2007-06-27,C0707,1512.0,1512.0,1498.0,1498.0,5574.0,8381.4,玉米0707,5870.0,1503.0,1498.0
2007-06-28,C0707,1488.0,1500.0,1483.0,1495.0,2270.0,3390.05,玉米0707,5868.0,1493.0,1495.0
2007-06-29,C0707,1499.0,1520.0,1499.0,1506.0,674.0,1012.81,玉米0707,5824.0,1502.0,1506.0
2007-07-02,C0707,1500.0,1505.0,1496.0,1500.0,1414.0,2124.08,玉米0707,5620.0,1502.0,1500.0
2007-07-03,C0707,1520.0,1520.0,1505.0,1520.0,1182.0,1796.61,玉米0707,3862.0,1519.0,1520.0
2007-07-04,C0707,1505.0,1520.0,1500.0,1501.0,1182.0,1774.16,玉米0707,3120.0,1500.0,1501.0
2007-07-05,C0707,0.0,0.0,0.0,1500.0,0.0,0.0,玉米0707,3060.0,1500.0,1500.0
2007-07-06,C0707,1501.0,1501.0,1501.0,1501.0,12.0,18.01,玉米0707,3072.0,1501.0,1501.0
2007-07-09,C0707,1500.0,1500.0,1500.0,1500.0,28.0,42.0,玉米0707,3072.0,1500.0,1500.0
2007-07-10,C0707,1450.0,1450.0,1420.0,1420.0,4.0,5.74,玉米0707,3072.0,1435.0,1420.0
2007-07-11,C0707,0.0,0.0,0.0,1435.0,0.0,0.0,玉米0707,3070.0,1435.0,1435.0
2007-07-12,C0707,1430.0,1430.0,1430.0,1430.0,74.0,105.82,玉米0707,2870.0,1430.0,1430.0
2007-07-13,C0707,0.0,0.0,0.0,1430.0,0.0,0.0,玉米0707,0.0,1505.0,1430.0
