date,symbol,open,high,low,close,volume,amount,name,openinterest,settleprice,price
2006-01-18,C0701,1400.0,1400.0,1380.0,1381.0,26.0,36.12,玉米0701,16.0,1389.0,1381.0
2006-01-19,C0701,1387.0,1388.0,1372.0,1372.0,80.0,110.45,玉米0701,46.0,1380.0,1372.0
2006-01-20,C0701,1384.0,1391.0,1380.0,1382.0,132.0,182.79,玉米0701,142.0,1384.0,1382.0
2006-01-23,C0701,1385.0,1390.0,1380.0,1381.0,280.0,387.45,玉米0701,206.0,1383.0,1381.0
2006-01-24,C0701,1385.0,1385.0,1380.0,1380.0,18.0,24.86,玉米0701,222.0,1381.0,1380.0
2006-01-25,C0701,1384.0,1410.0,1384.0,1399.0,1860.0,2604.17,玉米0701,1746.0,1400.0,1399.0
2006-01-26,C0701,1400.0,1406.0,1390.0,1390.0,990.0,1383.1,玉米0701,1972.0,1397.0,1390.0
2006-01-27,C0701,1395.0,1404.0,1386.0,1395.0,964.0,1346.54,玉米0701,2222.0,1396.0,1395.0
2006-02-06,C0701,1411.0,1451.0,1411.0,1444.0,3540.0,5130.36,玉米0701,4748.0,1449.0,1444.0
2006-02-07,C0701,1445.0,1460.0,1430.0,1447.0,5114.0,7398.13,玉米0701,7872.0,1446.0,1447.0
2006-02-08,C0701,1411.0,1450.0,1395.0,1403.0,6604.0,9325.34,玉米0701,7518.0,1412.0,1403.0
2006-02-09,C0701,1430.0,1445.0,1422.0,1435.0,13946.0,19958.83,玉米0701,9182.0,1431.0,1435.0
2006-02-10,C0701,1450.0,1463.0,1428.0,1443.0,14142.0,20461.39,玉米0701,13258.0,1446.0,1443.0
2006-02-13,C0701,1445.0,1455.0,1441.0,1450.0,23858.0,34582.91,玉米0701,16412.0,1449.0,1450.0
2006-02-14,C0701,1451.0,1458.0,1448.0,1455.0,36048.0,52428.33,玉米0701,35270.0,1454.0,1455.0
2006-02-15,C0701,1455.0,1460.0,1447.0,1459.0,40354.0,58607.41,玉米0701,48116.0,1452.0,1459.0
2006-02-16,C0701,1459.0,1470.0,1454.0,1464.0,39304.0,57459.5,玉米0701,53010.0,1461.0,1464.0
2006-02-17,C0701,1465.0,1473.0,1457.0,1466.0,43690.0,64125.75,玉米0701,45260.0,1467.0,1466.0
2006-02-20,C0701,1472.0,1477.0,1464.0,1470.0,51876.0,76329.95,玉米0701,49834.0,1471.0,1470.0
2006-02-21,C0701,1471.0,1479.0,1465.0,1467.0,57874.0,85087.98,玉米0701,54150.0,1470.0,1467.0
2006-02-22,C0701,1461.0,1519.0,1461.0,1513.0,129448.0,193884.06,玉米0701,86508.0,1497.0,1513.0
2006-02-23,C0701,1502.0,1521.0,1488.0,1492.0,214578.0,323233.81,玉米0701,94036.0,1506.0,1492.0
2006-02-24,C0701,1503.0,1513.0,1495.0,1510.0,131866.0,198351.35,玉米0701,109294.0,1504.0,1510.0
2006-02-27,C0701,1525.0,1527.0,1506.0,1509.0,197354.0,298981.45,玉米0701,132578.0,1514.0,1509.0
2006-02-28,C0701,1509.0,1513.0,1492.0,1497.0,156764.0,235368.05,玉米0701,129662.0,1501.0,1497.0
2006-03-01,C0701,1499.0,1504.0,1494.0,1494.0,133950.0,200778.56,玉米0701,131762.0,1498.0,1494.0
2006-03-02,C0701,1490.0,1495.0,1485.0,1494.0,131812.0,196294.99,玉米0701,131328.0,1489.0,1494.0
2006-03-03,C0701,1506.0,1508.0,1499.0,1504.0,110570.0,166130.14,玉米0701,145756.0,1502.0,1504.0
2006-03-06,C0701,1498.0,1498.0,1486.0,1486.0,86760.0,129313.11,玉米0701,138478.0,1490.0,1486.0
2006-03-07,C0701,1473.0,1489.0,1473.0,1478.0,125314.0,185630.12,玉米0701,139188.0,1481.0,1478.0
2006-03-08,C0701,1475.0,1476.0,1452.0,1457.0,169908.0,248284.24,玉米0701,117908.0,1461.0,1457.0
2006-03-09,C0701,1439.0,1469.0,1439.0,1468.0,142018.0,206778.22,玉米0701,133090.0,1456.0,1468.0
2006-03-10,C0701,1470.0,1471.0,1449.0,1452.0,145744.0,212532.09,玉米0701,123528.0,1458.0,1452.0
2006-03-13,C0701,1447.0,1455.0,1445.0,1452.0,102268.0,148344.83,玉米0701,123618.0,1450.0,1452.0
2006-03-14,C0701,1448.0,1449.0,1429.0,1437.0,191302.0,275289.94,玉米0701,124856.0,1439.0,1437.0
2006-03-15,C0701,1445.0,1448.0,1439.0,1445.0,130670.0,188597.61,玉米0701,137122.0,1443.0,1445.0
2006-03-16,C0701,1439.0,1439.0,1423.0,1424.0,157150.0,224755.68,玉米0701,135172.0,1430.0,1424.0
2006-03-17,C0701,1410.0,1412.0,1398.0,1407.0,207934.0,292346.17,玉米0701,147040.0,1405.0,1407.0
2006-03-20,C0701,1401.0,1420.0,1401.0,1420.0,175928.0,248745.79,玉米0701,149036.0,1413.0,1420.0
2006-03-21,C0701,1411.0,1422.0,1407.0,1419.0,130014.0,183991.87,玉米0701,157772.0,1415.0,1419.0
2006-03-22,C0701,1425.0,1438.0,1424.0,1435.0,161180.0,230643.4,玉米0701,174608.0,1430.0,1435.0
2006-03-23,C0701,1429.0,1435.0,1424.0,1432.0,148702.0,212447.32,玉米0701,174574.0,1428.0,1432.0
2006-03-24,C0701,1429.0,1435.0,1427.0,1432.0,103154.0,147649.25,玉米0701,168598.0,1431.0,1432.0
2006-03-27,C0701,1432.0,1444.0,1430.0,1442.0,175336.0,252267.77,玉米0701,184816.0,1438.0,1442.0
2006-03-28,C0701,1443.0,1445.0,1424.0,1427.0,173402.0,248829.65,玉米0701,175492.0,1434.0,1427.0
2006-03-29,C0701,1428.0,1433.0,1419.0,1426.0,177286.0,252713.99,玉米0701,178312.0,1425.0,1426.0
2006-03-30,C0701,1430.0,1433.0,1426.0,1429.0,123878.0,177023.73,玉米0701,180328.0,1429.0,1429.0
2006-03-31,C0701,1435.0,1443.0,1435.0,1437.0,178878.0,257241.5,玉米0701,176436.0,1438.0,1437.0
2006-04-03,C0701,1449.0,1452.0,1433.0,1433.0,176432.0,254178.14,玉米0701,196638.0,1440.0,1433.0
2006-04-04,C0701,1430.0,1438.0,1426.0,1431.0,138112.0,197626.49,玉米0701,198822.0,1430.0,1431.0
2006-04-05,C0701,1427.0,1442.0,1421.0,1437.0,229810.0,329361.11,玉米0701,207822.0,1433.0,1437.0
2006-04-06,C0701,1440.0,1448.0,1437.0,1448.0,223478.0,322780.68,玉米0701,235248.0,1444.0,1448.0
2006-04-07,C0701,1453.0,1453.0,1438.0,1440.0,225160.0,325624.35,玉米0701,230188.0,1446.0,1440.0
2006-04-10,C0701,1440.0,1443.0,1429.0,1434.0,178314.0,255878.33,玉米0701,223898.0,1434.0,1434.0
2006-04-11,C0701,1431.0,1434.0,1408.0,1413.0,336300.0,477475.45,玉米0701,194570.0,1419.0,1413.0
2006-04-12,C0701,1418.0,1418.0,1403.0,1411.0,169392.0,238851.82,玉米0701,193264.0,1410.0,1411.0
2006-04-13,C0701,1399.0,1403.0,1381.0,1382.0,269200.0,374617.82,玉米0701,181562.0,1391.0,1382.0
2006-04-14,C0701,1385.0,1388.0,1376.0,1383.0,199844.0,276023.01,玉米0701,179630.0,1381.0,1383.0
2006-04-17,C0701,1383.0,1410.0,1383.0,1408.0,251640.0,351762.74,玉米0701,189938.0,1397.0,1408.0
2006-04-18,C0701,1405.0,1410.0,1398.0,1405.0,255728.0,358966.62,玉米0701,195766.0,1403.0,1405.0
2006-04-19,C0701,1407.0,1414.0,1406.0,1410.0,175408.0,247222.24,玉米0701,201656.0,1409.0,1410.0
2006-04-20,C0701,1403.0,1407.0,1399.0,1404.0,141046.0,197826.64,玉米0701,202458.0,1402.0,1404.0
2006-04-21,C0701,1398.0,1398.0,1382.0,1385.0,187856.0,260927.65,玉米0701,202704.0,1388.0,1385.0
2006-04-24,C0701,1396.0,1412.0,1395.0,1406.0,238114.0,334636.96,玉米0701,204842.0,1405.0,1406.0
2006-04-25,C0701,1394.0,1404.0,1388.0,1404.0,192172.0,267740.3,玉米0701,210646.0,1393.0,1404.0
2006-04-26,C0701,1406.0,1412.0,1402.0,1408.0,186872.0,262803.85,玉米0701,208864.0,1406.0,1408.0
2006-04-27,C0701,1406.0,1431.0,1405.0,1426.0,307296.0,437408.4,玉米0701,228196.0,1423.0,1426.0
2006-04-28,C0701,1425.0,1448.0,1419.0,1447.0,282226.0,404723.22,玉米0701,234066.0,1434.0,1447.0
2006-05-08,C0701,1450.0,1453.0,1438.0,1445.0,308982.0,446263.43,玉米0701,243242.0,1444.0,1445.0
2006-05-09,C0701,1446.0,1475.0,1442.0,1474.0,413478.0,604589.23,玉米0701,289050.0,1462.0,1474.0
2006-05-10,C0701,1475.0,1485.0,1465.0,1468.0,393640.0,579971.11,玉米0701,296868.0,1473.0,1468.0
2006-05-11,C0701,1466.0,1482.0,1462.0,1472.0,447902.0,660310.35,玉米0701,304336.0,1474.0,1472.0
2006-05-12,C0701,1485.0,1490.0,1463.0,1473.0,315400.0,466061.5,玉米0701,305796.0,1477.0,1473.0
2006-05-15,C0701,1489.0,1500.0,1481.0,1486.0,346264.0,515508.29,玉米0701,329470.0,1488.0,1486.0
2006-05-16,C0701,1471.0,1478.0,1448.0,1457.0,343290.0,502592.72,玉米0701,296204.0,1464.0,1457.0
2006-05-17,C0701,1468.0,1473.0,1463.0,1468.0,260374.0,382396.92,玉米0701,276676.0,1468.0,1468.0
2006-05-18,C0701,1470.0,1477.0,1461.0,1472.0,231398.0,339895.04,玉米0701,265486.0,1468.0,1472.0
2006-05-19,C0701,1464.0,1470.0,1462.0,1470.0,140322.0,205763.31,玉米0701,264898.0,1466.0,1470.0
2006-05-22,C0701,1457.0,1464.0,1453.0,1456.0,145886.0,213032.04,玉米0701,254950.0,1460.0,1456.0
2006-05-23,C0701,1463.0,1468.0,1463.0,1466.0,126054.0,184745.99,玉米0701,245876.0,1465.0,1466.0
2006-05-24,C0701,1469.0,1480.0,1468.0,1476.0,204796.0,302246.48,玉米0701,229716.0,1475.0,1476.0
2006-05-25,C0701,1469.0,1472.0,1462.0,1469.0,110028.0,161265.88,玉米0701,226980.0,1465.0,1469.0
2006-05-26,C0701,1480.0,1490.0,1476.0,1489.0,142286.0,211050.29,玉米0701,214782.0,1483.0,1489.0
2006-05-29,C0701,1485.0,1495.0,1482.0,1490.0,112258.0,166949.14,玉米0701,212632.0,1487.0,1490.0
2006-05-30,C0701,1489.0,1498.0,1478.0,1489.0,129914.0,193833.46,玉米0701,202518.0,1492.0,1489.0
2006-05-31,C0701,1485.0,1486.0,1468.0,1470.0,108342.0,160244.65,玉米0701,207170.0,1479.0,1470.0
2006-06-01,C0701,1465.0,1475.0,1434.0,1452.0,155122.0,225538.26,玉米0701,183400.0,1453.0,1452.0
2006-06-02,C0701,1456.0,1469.0,1454.0,1465.0,94070.0,137562.83,玉米0701,183948.0,1462.0,1465.0
2006-06-05,C0701,1478.0,1483.0,1475.0,1476.0,97922.0,144655.24,玉米0701,186144.0,1477.0,1476.0
2006-06-06,C0701,1472.0,1472.0,1459.0,1464.0,81584.0,119482.88,玉米0701,182910.0,1464.0,1464.0
2006-06-07,C0701,1455.0,1462.0,1450.0,1461.0,77744.0,113126.28,玉米0701,180548.0,1455.0,1461.0
2006-06-08,C0701,1464.0,1467.0,1452.0,1454.0,58292.0,85159.93,玉米0701,177780.0,1460.0,1454.0
2006-06-09,C0701,1447.0,1453.0,1438.0,1452.0,77346.0,111951.04,玉米0701,169400.0,1447.0,1452.0
2006-06-12,C0701,1465.0,1465.0,1454.0,1456.0,55444.0,80778.37,玉米0701,167556.0,1456.0,1456.0
2006-06-13,C0701,1455.0,1456.0,1439.0,1439.0,65086.0,94308.49,玉米0701,161234.0,1448.0,1439.0
2006-06-14,C0701,1432.0,1433.0,1418.0,1427.0,85588.0,122041.49,玉米0701,146972.0,1425.0,1427.0
2006-06-15,C0701,1418.0,1432.0,1417.0,1431.0,71720.0,102333.48,玉米0701,144422.0,1426.0,1431.0
2006-06-16,C0701,1432.0,1435.0,1424.0,1433.0,74108.0,105903.6,玉米0701,135316.0,1429.0,1433.0
2006-06-19,C0701,1430.0,1430.0,1422.0,1425.0,75720.0,107894.88,玉米0701,124764.0,1424.0,1425.0
2006-06-20,C0701,1421.0,1430.0,1414.0,1430.0,65498.0,93159.92,玉米0701,119064.0,1422.0,1430.0
2006-06-21,C0701,1430.0,1441.0,1426.0,1439.0,30006.0,43116.37,玉米0701,116628.0,1436.0,1439.0
2006-06-22,C0701,1444.0,1445.0,1438.0,1439.0,28052.0,40430.95,玉米0701,111428.0,1441.0,1439.0
2006-06-23,C0701,1434.0,1437.0,1430.0,1436.0,27822.0,39882.69,玉米0701,109006.0,1433.0,1436.0
2006-06-26,C0701,1431.0,1438.0,1428.0,1434.0,35050.0,50248.12,玉米0701,105820.0,1433.0,1434.0
2006-06-27,C0701,1430.0,1436.0,1427.0,1436.0,29974.0,42861.97,玉米0701,102206.0,1429.0,1436.0
2006-06-28,C0701,1437.0,1438.0,1430.0,1430.0,26520.0,38000.3,玉米0701,101756.0,1432.0,1430.0
2006-06-29,C0701,1431.0,1435.0,1431.0,1433.0,20994.0,30068.08,玉米0701,101116.0,1432.0,1433.0
2006-06-30,C0701,1437.0,1438.0,1430.0,1434.0,34472.0,49502.69,玉米0701,99990.0,1436.0,1434.0
2006-07-03,C0701,1439.0,1445.0,1435.0,1435.0,24040.0,34548.82,玉米0701,97318.0,1437.0,1435.0
2006-07-04,C0701,1439.0,1439.0,1423.0,1426.0,32312.0,46226.8,玉米0701,93834.0,1430.0,1426.0
2006-07-05,C0701,1428.0,1430.0,1415.0,1421.0,43314.0,61529.94,玉米0701,86754.0,1420.0,1421.0
2006-07-06,C0701,1420.0,1422.0,1413.0,1416.0,32920.0,46729.99,玉米0701,85998.0,1419.0,1416.0
2006-07-07,C0701,1419.0,1421.0,1408.0,1409.0,47878.0,67556.87,玉米0701,84056.0,1411.0,1409.0
2006-07-10,C0701,1410.0,1410.0,1392.0,1396.0,56966.0,79594.1,玉米0701,77760.0,1397.0,1396.0
2006-07-11,C0701,1414.0,1414.0,1393.0,1405.0,37898.0,53172.92,玉米0701,76470.0,1403.0,1405.0
2006-07-12,C0701,1405.0,1406.0,1398.0,1404.0,31238.0,43832.53,玉米0701,75940.0,1403.0,1404.0
2006-07-13,C0701,1399.0,1401.0,1397.0,1398.0,12236.0,17121.96,玉米0701,76378.0,1399.0,1398.0
2006-07-14,C0701,1397.0,1400.0,1393.0,1399.0,29558.0,41237.69,玉米0701,73098.0,1395.0,1399.0
2006-07-17,C0701,1396.0,1404.0,1395.0,1403.0,25890.0,36258.12,玉米0701,72768.0,1400.0,1403.0
2006-07-18,C0701,1400.0,1406.0,1399.0,1400.0,22520.0,31547.84,玉米0701,72396.0,1400.0,1400.0
2006-07-19,C0701,1399.0,1399.0,1393.0,1395.0,29464.0,41140.17,玉米0701,72144.0,1396.0,1395.0
2006-07-20,C0701,1398.0,1399.0,1394.0,1394.0,36836.0,51491.59,玉米0701,71942.0,1397.0,1394.0
2006-07-21,C0701,1393.0,1396.0,1373.0,1375.0,46634.0,64353.89,玉米0701,68454.0,1379.0,1375.0
2006-07-24,C0701,1370.0,1370.0,1353.0,1361.0,21612.0,29442.13,玉米0701,67738.0,1362.0,1361.0
2006-07-25,C0701,1363.0,1367.0,1360.0,1360.0,7174.0,9788.93,玉米0701,65070.0,1364.0,1360.0
2006-07-26,C0701,1362.0,1362.0,1350.0,1354.0,10204.0,13811.3,玉米0701,64716.0,1353.0,1354.0
2006-07-27,C0701,1350.0,1359.0,1350.0,1359.0,4930.0,6674.04,玉米0701,63678.0,1353.0,1359.0
2006-07-28,C0701,1355.0,1361.0,1355.0,1359.0,5346.0,7266.31,玉米0701,62146.0,1359.0,1359.0
2006-07-31,C0701,1360.0,1370.0,1358.0,1369.0,7254.0,9884.4,玉米0701,63102.0,1362.0,1369.0
2006-08-01,C0701,1368.0,1368.0,1357.0,1358.0,5796.0,7892.81,玉米0701,63504.0,1361.0,1358.0
2006-08-02,C0701,1359.0,1361.0,1340.0,1350.0,7356.0,9955.01,玉米0701,63748.0,1353.0,1350.0
2006-08-03,C0701,1350.0,1352.0,1334.0,1345.0,11340.0,15236.27,玉米0701,62268.0,1343.0,1345.0
2006-08-04,C0701,1345.0,1349.0,1339.0,1347.0,4322.0,5813.84,玉米0701,61718.0,1345.0,1347.0
2006-08-07,C0701,1342.0,1347.0,1338.0,1340.0,9398.0,12621.17,玉米0701,60850.0,1342.0,1340.0
2006-08-08,C0701,1335.0,1335.0,1328.0,1331.0,11764.0,15679.77,玉米0701,59906.0,1332.0,1331.0
2006-08-09,C0701,1330.0,1335.0,1330.0,1334.0,4646.0,6197.2,玉米0701,58694.0,1333.0,1334.0
2006-08-10,C0701,1335.0,1337.0,1328.0,1335.0,11408.0,15194.71,玉米0701,56496.0,1331.0,1335.0
2006-08-11,C0701,1335.0,1338.0,1330.0,1335.0,5080.0,6782.66,玉米0701,54854.0,1335.0,1335.0
2006-08-14,C0701,1325.0,1332.0,1318.0,1330.0,7792.0,10334.51,玉米0701,48680.0,1326.0,1330.0
2006-08-15,C0701,1332.0,1343.0,1331.0,1341.0,3688.0,4936.16,玉米0701,48224.0,1338.0,1341.0
2006-08-16,C0701,1346.0,1347.0,1340.0,1343.0,2094.0,2813.25,玉米0701,48348.0,1343.0,1343.0
2006-08-17,C0701,1343.0,1356.0,1335.0,1356.0,3834.0,5165.16,玉米0701,47534.0,1347.0,1356.0
2006-08-18,C0701,1346.0,1360.0,1346.0,1357.0,5234.0,7094.57,玉米0701,46942.0,1355.0,1357.0
2006-08-21,C0701,1354.0,1356.0,1353.0,1355.0,1110.0,1503.92,玉米0701,46782.0,1354.0,1355.0
2006-08-22,C0701,1355.0,1356.0,1343.0,1351.0,2604.0,3514.88,玉米0701,45902.0,1349.0,1351.0
2006-08-23,C0701,1356.0,1356.0,1350.0,1353.0,6912.0,9361.82,玉米0701,41058.0,1354.0,1353.0
2006-08-24,C0701,1359.0,1359.0,1350.0,1351.0,810.0,1096.5,玉米0701,40908.0,1353.0,1351.0
2006-08-25,C0701,1354.0,1355.0,1345.0,1348.0,198.0,266.84,玉米0701,40868.0,1347.0,1348.0
2006-08-28,C0701,1346.0,1349.0,1344.0,1346.0,480.0,646.16,玉米0701,40816.0,1346.0,1346.0
2006-08-29,C0701,1342.0,1347.0,1338.0,1342.0,6030.0,8094.88,玉米0701,39562.0,1342.0,1342.0
2006-08-30,C0701,1341.0,1342.0,1337.0,1337.0,3314.0,4438.33,玉米0701,38048.0,1339.0,1337.0
2006-08-31,C0701,1343.0,1343.0,1336.0,1342.0,2308.0,3093.89,玉米0701,36820.0,1340.0,1342.0
2006-09-01,C0701,1343.0,1347.0,1342.0,1345.0,3336.0,4485.85,玉米0701,35996.0,1344.0,1345.0
2006-09-04,C0701,1342.0,1343.0,1339.0,1342.0,5842.0,7839.0,玉米0701,31824.0,1341.0,1342.0
2006-09-05,C0701,1343.0,1345.0,1342.0,1345.0,4218.0,5669.13,玉米0701,28232.0,1344.0,1345.0
2006-09-06,C0701,1345.0,1352.0,1344.0,1352.0,3396.0,4577.01,玉米0701,25740.0,1347.0,1352.0
2006-09-07,C0701,1350.0,1350.0,1347.0,1348.0,1294.0,1744.93,玉米0701,24778.0,1348.0,1348.0
2006-09-08,C0701,1350.0,1356.0,1350.0,1353.0,3244.0,4387.01,玉米0701,22934.0,1352.0,1353.0
2006-09-11,C0701,1349.0,1352.0,1347.0,1348.0,1128.0,1522.74,玉米0701,22236.0,1349.0,1348.0
2006-09-12,C0701,1346.0,1348.0,1344.0,1346.0,1694.0,2279.72,玉米0701,21228.0,1345.0,1346.0
2006-09-13,C0701,1337.0,1345.0,1322.0,1343.0,5514.0,7385.92,玉米0701,19022.0,1339.0,1343.0
2006-09-14,C0701,1351.0,1351.0,1345.0,1348.0,1160.0,1563.44,玉米0701,18186.0,1347.0,1348.0
2006-09-15,C0701,1350.0,1350.0,1344.0,1345.0,1254.0,1688.9,玉米0701,17286.0,1346.0,1345.0
2006-09-18,C0701,1348.0,1350.0,1343.0,1343.0,1014.0,1364.55,玉米0701,16596.0,1345.0,1343.0
2006-09-19,C0701,1343.0,1348.0,1340.0,1340.0,2978.0,4002.89,玉米0701,14480.0,1344.0,1340.0
2006-09-20,C0701,1340.0,1341.0,1336.0,1336.0,370.0,495.09,玉米0701,14364.0,1338.0,1336.0
2006-09-21,C0701,1337.0,1339.0,1335.0,1335.0,164.0,219.2,玉米0701,14334.0,1336.0,1335.0
2006-09-22,C0701,1340.0,1340.0,1336.0,1337.0,1114.0,1490.47,玉米0701,13300.0,1337.0,1337.0
2006-09-25,C0701,1337.0,1337.0,1330.0,1333.0,2510.0,3345.21,玉米0701,11738.0,1332.0,1333.0
2006-09-26,C0701,1331.0,1334.0,1331.0,1334.0,158.0,210.67,玉米0701,11634.0,1333.0,1334.0
2006-09-27,C0701,1333.0,1336.0,1333.0,1336.0,856.0,1141.77,玉米0701,11080.0,1333.0,1336.0
2006-09-28,C0701,1334.0,1336.0,1333.0,1335.0,476.0,635.48,玉米0701,10786.0,1335.0,1335.0
2006-09-29,C0701,1340.0,1340.0,1336.0,1337.0,962.0,1286.7,玉米0701,10190.0,1337.0,1337.0
2006-10-09,C0701,1338.0,1339.0,1334.0,1335.0,1520.0,2029.83,玉米0701,9022.0,1335.0,1335.0
2006-10-10,C0701,1335.0,1365.0,1335.0,1364.0,5264.0,7101.73,玉米0701,7504.0,1349.0,1364.0
2006-10-11,C0701,1350.0,1353.0,1347.0,1352.0,478.0,645.7,玉米0701,7464.0,1350.0,1352.0
2006-10-12,C0701,1356.0,1368.0,1356.0,1360.0,1656.0,2259.09,玉米0701,7334.0,1364.0,1360.0
2006-10-13,C0701,1375.0,1377.0,1372.0,1374.0,1362.0,1870.44,玉米0701,7918.0,1373.0,1374.0
2006-10-16,C0701,1385.0,1388.0,1380.0,1385.0,1976.0,2731.51,玉米0701,7952.0,1382.0,1385.0
2006-10-17,C0701,1382.0,1389.0,1381.0,1388.0,1096.0,1517.61,玉米0701,8252.0,1384.0,1388.0
2006-10-18,C0701,1382.0,1398.0,1370.0,1370.0,1398.0,1928.1,玉米0701,7928.0,1379.0,1370.0
2006-10-19,C0701,1370.0,1377.0,1369.0,1377.0,196.0,269.25,玉米0701,7910.0,1373.0,1377.0
2006-10-20,C0701,1377.0,1380.0,1371.0,1371.0,1052.0,1448.9,玉米0701,7902.0,1377.0,1371.0
2006-10-23,C0701,1370.0,1371.0,1363.0,1365.0,254.0,347.39,玉米0701,7802.0,1367.0,1365.0
2006-10-24,C0701,1372.0,1375.0,1371.0,1375.0,1104.0,1517.66,玉米0701,7084.0,1374.0,1375.0
2006-10-25,C0701,1379.0,1384.0,1367.0,1369.0,1976.0,2716.72,玉米0701,6942.0,1374.0,1369.0
2006-10-26,C0701,1369.0,1369.0,1363.0,1368.0,372.0,508.25,玉米0701,6792.0,1366.0,1368.0
2006-10-27,C0701,1368.0,1383.0,1368.0,1377.0,1932.0,2664.48,玉米0701,6774.0,1379.0,1377.0
2006-10-30,C0701,1379.0,1382.0,1371.0,1372.0,244.0,335.15,玉米0701,6784.0,1373.0,1372.0
2006-10-31,C0701,1373.0,1376.0,1362.0,1363.0,392.0,534.91,玉米0701,6784.0,1364.0,1363.0
2006-11-01,C0701,1363.0,1371.0,1363.0,1368.0,164.0,224.2,玉米0701,6720.0,1367.0,1368.0
2006-11-02,C0701,1385.0,1385.0,1373.0,1379.0,282.0,388.66,玉米0701,6810.0,1378.0,1379.0
2006-11-03,C0701,1380.0,1385.0,1376.0,1380.0,444.0,614.26,玉米0701,6812.0,1383.0,1380.0
2006-11-06,C0701,1376.0,1384.0,1375.0,1384.0,622.0,860.29,玉米0701,6818.0,1383.0,1384.0
2006-11-07,C0701,1384.0,1395.0,1384.0,1390.0,804.0,1117.53,玉米0701,6824.0,1389.0,1390.0
2006-11-08,C0701,1395.0,1409.0,1395.0,1408.0,1330.0,1861.92,玉米0701,6836.0,1399.0,1408.0
2006-11-09,C0701,1410.0,1410.0,1395.0,1401.0,384.0,538.19,玉米0701,6816.0,1401.0,1401.0
2006-11-10,C0701,1396.0,1396.0,1389.0,1396.0,180.0,250.85,玉米0701,6800.0,1393.0,1396.0
2006-11-13,C0701,1395.0,1442.0,1392.0,1438.0,1262.0,1793.65,玉米0701,6884.0,1421.0,1438.0
2006-11-14,C0701,1437.0,1446.0,1429.0,1438.0,1706.0,2451.29,玉米0701,6542.0,1436.0,1438.0
2006-11-15,C0701,1457.0,1465.0,1456.0,1461.0,1652.0,2413.05,玉米0701,5670.0,1460.0,1461.0
2006-11-16,C0701,1461.0,1479.0,1461.0,1470.0,504.0,741.44,玉米0701,5394.0,1471.0,1470.0
2006-11-17,C0701,1461.0,1467.0,1461.0,1463.0,338.0,494.76,玉米0701,5262.0,1463.0,1463.0
2006-11-20,C0701,1475.0,1504.0,1473.0,1498.0,2866.0,4271.52,玉米0701,3430.0,1490.0,1498.0
2006-11-21,C0701,1500.0,1500.0,1484.0,1486.0,618.0,922.99,玉米0701,3190.0,1493.0,1486.0
2006-11-22,C0701,1486.0,1495.0,1472.0,1487.0,198.0,294.21,玉米0701,3146.0,1485.0,1487.0
2006-11-23,C0701,1477.0,1489.0,1477.0,1484.0,376.0,559.41,玉米0701,2896.0,1487.0,1484.0
2006-11-24,C0701,1488.0,1495.0,1485.0,1489.0,90.0,134.15,玉米0701,2832.0,1490.0,1489.0
2006-11-27,C0701,1498.0,1549.0,1494.0,1526.0,338.0,510.64,玉米0701,2692.0,1510.0,1526.0
2006-11-28,C0701,1531.0,1531.0,1505.0,1514.0,64.0,96.89,玉米0701,2660.0,1513.0,1514.0
2006-11-29,C0701,1517.0,1517.0,1480.0,1480.0,320.0,478.24,玉米0701,2680.0,1494.0,1480.0
2006-11-30,C0701,1463.0,1508.0,1463.0,1504.0,530.0,790.3,玉米0701,2764.0,1491.0,1504.0
2006-12-01,C0701,1530.0,1530.0,1484.0,1493.0,156.0,233.78,玉米0701,2696.0,1498.0,1493.0
2006-12-04,C0701,1507.0,1507.0,1451.0,1470.0,144.0,212.7,玉米0701,2674.0,1477.0,1470.0
2006-12-05,C0701,1456.0,1479.0,1449.0,1473.0,420.0,610.94,玉米0701,2616.0,1454.0,1473.0
2006-12-06,C0701,1460.0,1479.0,1460.0,1461.0,218.0,318.79,玉米0701,2474.0,1462.0,1461.0
2006-12-07,C0701,1459.0,1485.0,1458.0,1482.0,1408.0,2068.11,玉米0701,2480.0,1468.0,1482.0
2006-12-08,C0701,1490.0,1515.0,1490.0,1507.0,760.0,1140.3,玉米0701,2528.0,1500.0,1507.0
2006-12-11,C0701,1525.0,1542.0,1509.0,1537.0,266.0,405.88,玉米0701,2610.0,1525.0,1537.0
2006-12-12,C0701,1548.0,1550.0,1542.0,1549.0,54.0,83.56,玉米0701,2584.0,1547.0,1549.0
2006-12-13,C0701,1511.0,1549.0,1511.0,1537.0,24.0,36.61,玉米0701,2580.0,1525.0,1537.0
2006-12-14,C0701,1555.0,1555.0,1536.0,1536.0,36.0,55.54,玉米0701,2568.0,1542.0,1536.0
2006-12-15,C0701,1542.0,1542.0,1531.0,1531.0,16.0,24.56,玉米0701,2556.0,1534.0,1531.0
2006-12-18,C0701,1544.0,1544.0,1515.0,1525.0,34.0,51.81,玉米0701,2540.0,1523.0,1525.0
2006-12-19,C0701,1549.0,1550.0,1525.0,1540.0,28.0,42.95,玉米0701,2528.0,1534.0,1540.0
2006-12-20,C0701,1534.0,1541.0,1534.0,1541.0,34.0,52.3,玉米0701,2516.0,1538.0,1541.0
2006-12-21,C0701,1548.0,1552.0,1538.0,1544.0,432.0,667.4,玉米0701,2668.0,1544.0,1544.0
2006-12-22,C0701,1541.0,1553.0,1535.0,1542.0,756.0,1166.61,玉米0701,2844.0,1543.0,1542.0
2006-12-25,C0701,1535.0,1578.0,1535.0,1557.0,34.0,52.86,玉米0701,2842.0,1554.0,1557.0
2006-12-26,C0701,1548.0,1585.0,1540.0,1585.0,38.0,59.84,玉米0701,2822.0,1574.0,1585.0
2006-12-27,C0701,1584.0,1584.0,1578.0,1578.0,32.0,50.58,玉米0701,2816.0,1580.0,1578.0
2006-12-28,C0701,1578.0,1582.0,1571.0,1580.0,116.0,183.07,玉米0701,2708.0,1578.0,1580.0
2006-12-29,C0701,1520.0,1582.0,1520.0,1582.0,12.0,18.73,玉米0701,2704.0,1560.0,1582.0
2007-01-04,C0701,1512.0,1512.0,1511.0,1511.0,50.0,75.59,玉米0701,1118.0,1511.0,1511.0
2007-01-05,C0701,1582.0,1582.0,1520.0,1520.0,92.0,143.68,玉米0701,1118.0,1561.0,1520.0
2007-01-08,C0701,1580.0,1580.0,1580.0,1580.0,30.0,47.4,玉米0701,1088.0,1580.0,1580.0
2007-01-09,C0701,1527.0,1527.0,1527.0,1527.0,52.0,79.4,玉米0701,1036.0,1527.0,1527.0
2007-01-10,C0701,1555.0,1555.0,1526.0,1555.0,254.0,394.85,玉米0701,786.0,1554.0,1555.0
2007-01-11,C0701,0.0,0.0,0.0,1554.0,0.0,0.0,玉米0701,786.0,1554.0,1554.0
2007-01-12,C0701,1570.0,1570.0,1570.0,1570.0,88.0,138.16,玉米0701,698.0,1570.0,1570.0
2007-01-15,C0701,1476.0,1630.0,1476.0,1630.0,16.0,25.46,玉米0701,696.0,1591.0,1630.0
2007-01-16,C0701,0.0,0.0,0.0,1591.0,0.0,0.0,玉米0701,686.0,1591.0,1591.0
2007-01-17,C0701,0.0,0.0,0.0,1554.0,0.0,0.0,玉米0701,686.0,1554.0,1554.0
