date,symbol,open,high,low,close,volume,amount,name,openinterest,settleprice,price
2006-09-15,C0709,1487.0,1488.0,1469.0,1475.0,1572.0,2324.48,玉米0709,1006.0,1478.0,1475.0
2006-09-18,C0709,1496.0,1496.0,1479.0,1482.0,1534.0,2275.12,玉米0709,2136.0,1483.0,1482.0
2006-09-19,C0709,1486.0,1488.0,1477.0,1478.0,1880.0,2786.44,玉米0709,2986.0,1482.0,1478.0
2006-09-20,C0709,1475.0,1480.0,1472.0,1472.0,2494.0,3683.66,玉米0709,4646.0,1477.0,1472.0
2006-09-21,C0709,1476.0,1476.0,1463.0,1465.0,4736.0,6951.93,玉米0709,7804.0,1467.0,1465.0
2006-09-22,C0709,1463.0,1474.0,1463.0,1473.0,12998.0,19114.32,玉米0709,17922.0,1470.0,1473.0
2006-09-25,C0709,1468.0,1469.0,1462.0,1463.0,4382.0,6420.74,玉米0709,18798.0,1465.0,1463.0
2006-09-26,C0709,1464.0,1469.0,1464.0,1468.0,2678.0,3928.52,玉米0709,18636.0,1466.0,1468.0
2006-09-27,C0709,1468.0,1476.0,1467.0,1475.0,4950.0,7278.69,玉米0709,20794.0,1470.0,1475.0
2006-09-28,C0709,1472.0,1474.0,1467.0,1471.0,5462.0,8030.3,玉米0709,21998.0,1470.0,1471.0
2006-09-29,C0709,1477.0,1481.0,1474.0,1478.0,5874.0,8673.11,玉米0709,25130.0,1476.0,1478.0
2006-10-09,C0709,1483.0,1490.0,1481.0,1490.0,9926.0,14753.8,玉米0709,30564.0,1486.0,1490.0
2006-10-10,C0709,1501.0,1535.0,1501.0,1531.0,28918.0,43795.92,玉米0709,44152.0,1514.0,1531.0
2006-10-11,C0709,1512.0,1524.0,1512.0,1521.0,16050.0,24387.14,玉米0709,50676.0,1519.0,1521.0
2006-10-12,C0709,1528.0,1539.0,1522.0,1523.0,20582.0,31496.82,玉米0709,54314.0,1530.0,1523.0
2006-10-13,C0709,1544.0,1549.0,1542.0,1545.0,27706.0,42812.0,玉米0709,63558.0,1545.0,1545.0
2006-10-16,C0709,1551.0,1565.0,1551.0,1560.0,36732.0,57254.82,玉米0709,73624.0,1558.0,1560.0
2006-10-17,C0709,1561.0,1570.0,1553.0,1565.0,36432.0,56964.9,玉米0709,81208.0,1563.0,1565.0
2006-10-18,C0709,1560.0,1562.0,1539.0,1543.0,40680.0,63070.9,玉米0709,84892.0,1550.0,1543.0
2006-10-19,C0709,1540.0,1555.0,1538.0,1554.0,24604.0,38095.77,玉米0709,86034.0,1548.0,1554.0
2006-10-20,C0709,1552.0,1553.0,1546.0,1550.0,13248.0,20529.68,玉米0709,85956.0,1549.0,1550.0
2006-10-23,C0709,1545.0,1553.0,1543.0,1544.0,17472.0,27034.21,玉米0709,86710.0,1547.0,1544.0
2006-10-24,C0709,1560.0,1566.0,1557.0,1563.0,28372.0,44343.35,玉米0709,93314.0,1562.0,1563.0
2006-10-25,C0709,1568.0,1577.0,1558.0,1562.0,40740.0,63875.47,玉米0709,96236.0,1567.0,1562.0
2006-10-26,C0709,1555.0,1563.0,1553.0,1562.0,13788.0,21490.99,玉米0709,97306.0,1558.0,1562.0
2006-10-27,C0709,1568.0,1583.0,1563.0,1576.0,63092.0,99399.62,玉米0709,113276.0,1575.0,1576.0
2006-10-30,C0709,1575.0,1582.0,1568.0,1582.0,39042.0,61481.0,玉米0709,114684.0,1574.0,1582.0
2006-10-31,C0709,1571.0,1586.0,1566.0,1569.0,46510.0,73243.67,玉米0709,114492.0,1574.0,1569.0
2006-11-01,C0709,1565.0,1575.0,1564.0,1574.0,23160.0,36345.36,玉米0709,113904.0,1569.0,1574.0
2006-11-02,C0709,1595.0,1598.0,1587.0,1590.0,46834.0,74478.39,玉米0709,129324.0,1590.0,1590.0
2006-11-03,C0709,1587.0,1600.0,1585.0,1586.0,92186.0,146798.25,玉米0709,139246.0,1592.0,1586.0
2006-11-06,C0709,1582.0,1593.0,1581.0,1593.0,58988.0,93678.65,玉米0709,142470.0,1588.0,1593.0
2006-11-07,C0709,1592.0,1607.0,1590.0,1603.0,78556.0,125782.88,玉米0709,164376.0,1601.0,1603.0
2006-11-08,C0709,1612.0,1620.0,1611.0,1617.0,91284.0,147462.42,玉米0709,173020.0,1615.0,1617.0
2006-11-09,C0709,1615.0,1619.0,1603.0,1607.0,68310.0,109902.56,玉米0709,170018.0,1608.0,1607.0
2006-11-10,C0709,1595.0,1597.0,1591.0,1594.0,54600.0,87020.88,玉米0709,167498.0,1593.0,1594.0
2006-11-13,C0709,1595.0,1636.0,1592.0,1627.0,146344.0,236713.24,玉米0709,156756.0,1617.0,1627.0
2006-11-14,C0709,1625.0,1638.0,1615.0,1616.0,100788.0,163634.2,玉米0709,162174.0,1623.0,1616.0
2006-11-15,C0709,1630.0,1667.0,1630.0,1660.0,276476.0,457715.82,玉米0709,211900.0,1655.0,1660.0
2006-11-16,C0709,1660.0,1686.0,1658.0,1684.0,272688.0,457449.54,玉米0709,246724.0,1677.0,1684.0
2006-11-17,C0709,1675.0,1696.0,1670.0,1679.0,313576.0,528225.63,玉米0709,261584.0,1684.0,1679.0
2006-11-20,C0709,1705.0,1738.0,1705.0,1726.0,452374.0,776864.83,玉米0709,375160.0,1717.0,1726.0
2006-11-21,C0709,1717.0,1723.0,1697.0,1697.0,624734.0,1067625.19,玉米0709,417700.0,1708.0,1697.0
2006-11-22,C0709,1710.0,1717.0,1673.0,1710.0,814532.0,1383484.45,玉米0709,428254.0,1698.0,1710.0
2006-11-23,C0709,1712.0,1712.0,1679.0,1680.0,586786.0,992257.76,玉米0709,401006.0,1691.0,1680.0
2006-11-24,C0709,1688.0,1702.0,1682.0,1690.0,511086.0,865535.19,玉米0709,426390.0,1693.0,1690.0
2006-11-27,C0709,1717.0,1754.0,1712.0,1736.0,803744.0,1394084.89,玉米0709,472774.0,1734.0,1736.0
2006-11-28,C0709,1729.0,1732.0,1720.0,1727.0,458776.0,791611.91,玉米0709,437806.0,1725.0,1727.0
2006-11-29,C0709,1733.0,1742.0,1662.0,1677.0,1278052.0,2173779.13,玉米0709,420174.0,1700.0,1677.0
2006-11-30,C0709,1695.0,1701.0,1668.0,1697.0,736172.0,1242249.01,玉米0709,414972.0,1687.0,1697.0
2006-12-01,C0709,1704.0,1705.0,1676.0,1687.0,662024.0,1117773.76,玉米0709,422016.0,1688.0,1687.0
2006-12-04,C0709,1672.0,1684.0,1658.0,1665.0,509772.0,851282.19,玉米0709,386282.0,1669.0,1665.0
2006-12-05,C0709,1650.0,1662.0,1640.0,1659.0,464200.0,765403.66,玉米0709,404892.0,1648.0,1659.0
2006-12-06,C0709,1664.0,1671.0,1653.0,1655.0,294936.0,490419.71,玉米0709,426100.0,1662.0,1655.0
2006-12-07,C0709,1638.0,1665.0,1635.0,1662.0,470030.0,775651.85,玉米0709,457706.0,1650.0,1662.0
2006-12-08,C0709,1670.0,1675.0,1663.0,1666.0,449602.0,750292.23,玉米0709,466412.0,1668.0,1666.0
2006-12-11,C0709,1666.0,1694.0,1665.0,1694.0,481546.0,811078.62,玉米0709,472568.0,1684.0,1694.0
2006-12-12,C0709,1695.0,1721.0,1695.0,1713.0,810080.0,1386492.25,玉米0709,568098.0,1711.0,1713.0
2006-12-13,C0709,1713.0,1716.0,1690.0,1696.0,596638.0,1014793.67,玉米0709,520824.0,1700.0,1696.0
2006-12-14,C0709,1696.0,1705.0,1689.0,1698.0,526022.0,892433.8,玉米0709,536404.0,1696.0,1698.0
2006-12-15,C0709,1705.0,1709.0,1695.0,1704.0,296662.0,504664.64,玉米0709,534364.0,1701.0,1704.0
2006-12-18,C0709,1697.0,1699.0,1683.0,1696.0,323388.0,547223.23,玉米0709,539126.0,1692.0,1696.0
2006-12-19,C0709,1686.0,1697.0,1684.0,1696.0,474050.0,801451.66,玉米0709,526788.0,1690.0,1696.0
2006-12-20,C0709,1709.0,1713.0,1704.0,1704.0,370212.0,632086.74,玉米0709,524328.0,1707.0,1704.0
2006-12-21,C0709,1704.0,1734.0,1699.0,1731.0,636666.0,1092835.36,玉米0709,601752.0,1716.0,1731.0
2006-12-22,C0709,1736.0,1751.0,1727.0,1730.0,1008694.0,1752300.22,玉米0709,635730.0,1737.0,1730.0
2006-12-25,C0709,1738.0,1745.0,1730.0,1741.0,554604.0,963436.62,玉米0709,633958.0,1737.0,1741.0
2006-12-26,C0709,1745.0,1758.0,1740.0,1751.0,813096.0,1423389.92,玉米0709,712222.0,1750.0,1751.0
2006-12-27,C0709,1750.0,1752.0,1716.0,1723.0,794752.0,1375738.59,玉米0709,652512.0,1731.0,1723.0
2006-12-28,C0709,1724.0,1737.0,1720.0,1735.0,381054.0,659539.42,玉米0709,668034.0,1730.0,1735.0
2006-12-29,C0709,1732.0,1733.0,1718.0,1728.0,332722.0,574147.79,玉米0709,609760.0,1725.0,1728.0
2007-01-04,C0709,1678.0,1687.0,1666.0,1673.0,520662.0,873177.07,玉米0709,548080.0,1677.0,1673.0
2007-01-05,C0709,1671.0,1688.0,1670.0,1687.0,455040.0,763833.86,玉米0709,560534.0,1678.0,1687.0
2007-01-08,C0709,1694.0,1694.0,1675.0,1687.0,374376.0,629989.31,玉米0709,594244.0,1682.0,1687.0
2007-01-09,C0709,1677.0,1680.0,1661.0,1665.0,564522.0,943016.33,玉米0709,607716.0,1670.0,1665.0
2007-01-10,C0709,1659.0,1678.0,1656.0,1677.0,449392.0,748783.58,玉米0709,610560.0,1666.0,1677.0
2007-01-11,C0709,1685.0,1705.0,1683.0,1696.0,656490.0,1112409.03,玉米0709,674166.0,1694.0,1696.0
2007-01-12,C0709,1710.0,1715.0,1694.0,1698.0,567028.0,965986.79,玉米0709,692532.0,1703.0,1698.0
2007-01-15,C0709,1771.0,1771.0,1763.0,1771.0,412078.0,729283.2,玉米0709,715628.0,1769.0,1771.0
2007-01-16,C0709,1795.0,1795.0,1755.0,1760.0,825450.0,1456204.34,玉米0709,804976.0,1764.0,1760.0
2007-01-17,C0709,1748.0,1760.0,1742.0,1752.0,515686.0,904183.51,玉米0709,840168.0,1753.0,1752.0
2007-01-18,C0709,1761.0,1769.0,1746.0,1749.0,712394.0,1253069.41,玉米0709,844172.0,1758.0,1749.0
2007-01-19,C0709,1741.0,1745.0,1722.0,1727.0,668650.0,1157605.22,玉米0709,806652.0,1731.0,1727.0
2007-01-22,C0709,1710.0,1721.0,1702.0,1718.0,450902.0,773472.71,玉米0709,792658.0,1715.0,1718.0
2007-01-23,C0709,1725.0,1727.0,1719.0,1724.0,321568.0,554160.92,玉米0709,800676.0,1723.0,1724.0
2007-01-24,C0709,1730.0,1730.0,1701.0,1705.0,724916.0,1242028.47,玉米0709,807296.0,1713.0,1705.0
2007-01-25,C0709,1709.0,1715.0,1699.0,1707.0,648524.0,1107937.07,玉米0709,820420.0,1708.0,1707.0
2007-01-26,C0709,1710.0,1712.0,1696.0,1702.0,729750.0,1240947.43,玉米0709,812394.0,1700.0,1702.0
2007-01-29,C0709,1706.0,1713.0,1703.0,1709.0,373856.0,638091.67,玉米0709,824698.0,1706.0,1709.0
2007-01-30,C0709,1701.0,1706.0,1694.0,1701.0,570304.0,969551.58,玉米0709,844658.0,1700.0,1701.0
2007-01-31,C0709,1710.0,1715.0,1705.0,1715.0,389038.0,665045.7,玉米0709,852034.0,1709.0,1715.0
2007-02-01,C0709,1711.0,1723.0,1709.0,1721.0,422702.0,725473.36,玉米0709,856408.0,1716.0,1721.0
2007-02-02,C0709,1707.0,1715.0,1705.0,1711.0,359382.0,614664.07,玉米0709,822972.0,1710.0,1711.0
2007-02-05,C0709,1726.0,1727.0,1713.0,1714.0,219524.0,376991.9,玉米0709,834216.0,1717.0,1714.0
2007-02-06,C0709,1710.0,1718.0,1708.0,1717.0,201030.0,344386.83,玉米0709,835062.0,1713.0,1717.0
2007-02-07,C0709,1712.0,1718.0,1710.0,1717.0,249392.0,427690.74,玉米0709,836828.0,1714.0,1717.0
2007-02-08,C0709,1711.0,1714.0,1705.0,1708.0,245628.0,420022.9,玉米0709,796432.0,1709.0,1708.0
2007-02-09,C0709,1715.0,1716.0,1711.0,1713.0,143754.0,246384.54,玉米0709,789108.0,1713.0,1713.0
2007-02-12,C0709,1718.0,1719.0,1709.0,1709.0,143734.0,246294.17,玉米0709,781664.0,1713.0,1709.0
2007-02-13,C0709,1706.0,1709.0,1694.0,1695.0,408216.0,693844.01,玉米0709,771116.0,1699.0,1695.0
2007-02-14,C0709,1703.0,1705.0,1694.0,1695.0,192612.0,327362.99,玉米0709,763726.0,1699.0,1695.0
2007-02-15,C0709,1693.0,1701.0,1685.0,1700.0,238266.0,403312.43,玉米0709,753252.0,1692.0,1700.0
2007-02-16,C0709,1698.0,1705.0,1695.0,1703.0,135382.0,230222.59,玉米0709,724960.0,1700.0,1703.0
2007-02-26,C0709,1722.0,1744.0,1714.0,1730.0,713330.0,1232945.03,玉米0709,896666.0,1728.0,1730.0
2007-02-27,C0709,1720.0,1726.0,1715.0,1715.0,334836.0,575872.14,玉米0709,863142.0,1719.0,1715.0
2007-02-28,C0709,1699.0,1710.0,1692.0,1708.0,561630.0,954837.45,玉米0709,862088.0,1700.0,1708.0
2007-03-01,C0709,1717.0,1721.0,1703.0,1704.0,466684.0,799071.08,玉米0709,882448.0,1712.0,1704.0
2007-03-02,C0709,1698.0,1707.0,1694.0,1705.0,289524.0,492713.77,玉米0709,866188.0,1701.0,1705.0
2007-03-05,C0709,1697.0,1708.0,1697.0,1700.0,279182.0,475412.51,玉米0709,853590.0,1702.0,1700.0
2007-03-06,C0709,1709.0,1709.0,1704.0,1706.0,185060.0,315749.92,玉米0709,873840.0,1706.0,1706.0
2007-03-07,C0709,1701.0,1706.0,1698.0,1701.0,235464.0,400542.5,玉米0709,873392.0,1701.0,1701.0
2007-03-08,C0709,1703.0,1703.0,1693.0,1699.0,374720.0,636003.56,玉米0709,900268.0,1697.0,1699.0
2007-03-09,C0709,1696.0,1698.0,1681.0,1685.0,561354.0,948380.76,玉米0709,942934.0,1689.0,1685.0
2007-03-12,C0709,1682.0,1687.0,1679.0,1686.0,333526.0,561706.21,玉米0709,951348.0,1684.0,1686.0
2007-03-13,C0709,1687.0,1696.0,1686.0,1695.0,462416.0,781897.83,玉米0709,947538.0,1690.0,1695.0
2007-03-14,C0709,1691.0,1695.0,1686.0,1692.0,323032.0,546130.15,玉米0709,938522.0,1690.0,1692.0
2007-03-15,C0709,1697.0,1698.0,1693.0,1696.0,196104.0,332477.37,玉米0709,930268.0,1695.0,1696.0
2007-03-16,C0709,1687.0,1695.0,1687.0,1695.0,191084.0,322985.75,玉米0709,930138.0,1690.0,1695.0
2007-03-19,C0709,1698.0,1699.0,1694.0,1695.0,140210.0,237845.82,玉米0709,924662.0,1696.0,1695.0
2007-03-20,C0709,1695.0,1697.0,1691.0,1694.0,130662.0,221330.06,玉米0709,933560.0,1693.0,1694.0
2007-03-21,C0709,1700.0,1700.0,1692.0,1694.0,115340.0,195567.02,玉米0709,929504.0,1695.0,1694.0
2007-03-22,C0709,1695.0,1695.0,1687.0,1690.0,196050.0,331399.46,玉米0709,921620.0,1690.0,1690.0
2007-03-23,C0709,1690.0,1692.0,1688.0,1689.0,91784.0,155122.41,玉米0709,916776.0,1690.0,1689.0
2007-03-26,C0709,1687.0,1689.0,1679.0,1682.0,217916.0,366694.46,玉米0709,918072.0,1682.0,1682.0
2007-03-27,C0709,1672.0,1684.0,1671.0,1684.0,194996.0,327252.76,玉米0709,923362.0,1678.0,1684.0
2007-03-28,C0709,1684.0,1689.0,1683.0,1687.0,122798.0,207054.16,玉米0709,916530.0,1686.0,1687.0
2007-03-29,C0709,1686.0,1687.0,1682.0,1683.0,69208.0,116526.38,玉米0709,909704.0,1683.0,1683.0
2007-03-30,C0709,1685.0,1691.0,1684.0,1690.0,151432.0,255548.19,玉米0709,890788.0,1687.0,1690.0
2007-04-02,C0709,1630.0,1665.0,1630.0,1663.0,613548.0,1015103.56,玉米0709,871722.0,1654.0,1663.0
2007-04-03,C0709,1668.0,1671.0,1665.0,1669.0,218054.0,363606.01,玉米0709,866330.0,1667.0,1669.0
2007-04-04,C0709,1665.0,1673.0,1664.0,1673.0,173002.0,288772.08,玉米0709,862270.0,1669.0,1673.0
2007-04-05,C0709,1675.0,1677.0,1670.0,1673.0,158098.0,264638.44,玉米0709,878114.0,1673.0,1673.0
2007-04-06,C0709,1675.0,1677.0,1664.0,1667.0,177226.0,295713.54,玉米0709,881548.0,1668.0,1667.0
2007-04-09,C0709,1675.0,1700.0,1672.0,1696.0,741026.0,1251436.23,玉米0709,1035992.0,1688.0,1696.0
2007-04-10,C0709,1690.0,1695.0,1683.0,1690.0,378022.0,638581.99,玉米0709,1007660.0,1689.0,1690.0
2007-04-11,C0709,1694.0,1694.0,1686.0,1688.0,208128.0,351795.76,玉米0709,945236.0,1690.0,1688.0
2007-04-12,C0709,1685.0,1685.0,1671.0,1678.0,404566.0,678085.45,玉米0709,1007556.0,1676.0,1678.0
2007-04-13,C0709,1680.0,1680.0,1661.0,1664.0,320198.0,534090.49,玉米0709,968792.0,1668.0,1664.0
2007-04-16,C0709,1660.0,1665.0,1651.0,1664.0,395984.0,656730.48,玉米0709,935918.0,1658.0,1664.0
2007-04-17,C0709,1662.0,1669.0,1656.0,1657.0,273846.0,455123.83,玉米0709,950700.0,1661.0,1657.0
2007-04-18,C0709,1650.0,1652.0,1628.0,1643.0,675956.0,1108877.32,玉米0709,959174.0,1640.0,1643.0
2007-04-19,C0709,1650.0,1652.0,1637.0,1645.0,377624.0,620613.68,玉米0709,964930.0,1643.0,1645.0
2007-04-20,C0709,1647.0,1647.0,1637.0,1644.0,288502.0,473167.66,玉米0709,955464.0,1640.0,1644.0
2007-04-23,C0709,1635.0,1649.0,1635.0,1647.0,242246.0,398066.22,玉米0709,980966.0,1643.0,1647.0
2007-04-24,C0709,1641.0,1648.0,1641.0,1642.0,187190.0,307722.03,玉米0709,965902.0,1643.0,1642.0
2007-04-25,C0709,1640.0,1650.0,1640.0,1648.0,201286.0,331412.13,玉米0709,952886.0,1646.0,1648.0
2007-04-26,C0709,1655.0,1667.0,1654.0,1665.0,363832.0,604677.96,玉米0709,957526.0,1661.0,1665.0
2007-04-27,C0709,1657.0,1660.0,1651.0,1655.0,226280.0,374628.4,玉米0709,854608.0,1655.0,1655.0
2007-04-30,C0709,1647.0,1658.0,1646.0,1658.0,125726.0,207860.14,玉米0709,853308.0,1653.0,1658.0
2007-05-08,C0709,1660.0,1667.0,1655.0,1666.0,168164.0,279568.47,玉米0709,886812.0,1662.0,1666.0
2007-05-09,C0709,1663.0,1678.0,1663.0,1677.0,285852.0,478510.32,玉米0709,953230.0,1673.0,1677.0
2007-05-10,C0709,1680.0,1684.0,1670.0,1671.0,193348.0,323823.59,玉米0709,952236.0,1674.0,1671.0
2007-05-11,C0709,1668.0,1673.0,1662.0,1672.0,224086.0,373365.77,玉米0709,935374.0,1666.0,1672.0
2007-05-14,C0709,1682.0,1689.0,1679.0,1682.0,376410.0,634056.07,玉米0709,929754.0,1684.0,1682.0
2007-05-15,C0709,1681.0,1685.0,1676.0,1677.0,217070.0,364497.36,玉米0709,947694.0,1679.0,1677.0
2007-05-16,C0709,1684.0,1689.0,1682.0,1684.0,244322.0,411925.2,玉米0709,947558.0,1685.0,1684.0
2007-05-17,C0709,1687.0,1688.0,1678.0,1678.0,151598.0,254956.7,玉米0709,929696.0,1681.0,1678.0
2007-05-18,C0709,1680.0,1681.0,1674.0,1680.0,156784.0,263041.03,玉米0709,911550.0,1677.0,1680.0
2007-05-21,C0709,1675.0,1684.0,1674.0,1680.0,157742.0,265004.09,玉米0709,878344.0,1679.0,1680.0
2007-05-22,C0709,1680.0,1684.0,1672.0,1673.0,127880.0,214690.89,玉米0709,848194.0,1678.0,1673.0
2007-05-23,C0709,1672.0,1677.0,1670.0,1672.0,102476.0,171479.53,玉米0709,838080.0,1673.0,1672.0
2007-05-24,C0709,1675.0,1681.0,1670.0,1671.0,185688.0,311144.03,玉米0709,828570.0,1675.0,1671.0
2007-05-25,C0709,1668.0,1674.0,1668.0,1673.0,52964.0,88545.59,玉米0709,820904.0,1671.0,1673.0
2007-05-28,C0709,1674.0,1677.0,1671.0,1671.0,50134.0,83904.35,玉米0709,804772.0,1673.0,1671.0
2007-05-29,C0709,1670.0,1672.0,1656.0,1660.0,109568.0,182323.33,玉米0709,775936.0,1664.0,1660.0
2007-05-30,C0709,1652.0,1658.0,1647.0,1652.0,135030.0,222853.27,玉米0709,731714.0,1650.0,1652.0
2007-05-31,C0709,1660.0,1666.0,1658.0,1664.0,79124.0,131565.08,玉米0709,702604.0,1662.0,1664.0
2007-06-01,C0709,1669.0,1669.0,1660.0,1664.0,39274.0,65331.8,玉米0709,693612.0,1663.0,1664.0
2007-06-04,C0709,1665.0,1666.0,1660.0,1663.0,31414.0,52260.35,玉米0709,685214.0,1663.0,1663.0
2007-06-05,C0709,1663.0,1667.0,1663.0,1667.0,33350.0,55529.02,玉米0709,670290.0,1665.0,1667.0
2007-06-06,C0709,1666.0,1668.0,1664.0,1665.0,31712.0,52839.0,玉米0709,664926.0,1666.0,1665.0
2007-06-07,C0709,1664.0,1667.0,1661.0,1665.0,36786.0,61183.27,玉米0709,660256.0,1663.0,1665.0
2007-06-08,C0709,1669.0,1669.0,1646.0,1651.0,74560.0,123529.82,玉米0709,635938.0,1656.0,1651.0
2007-06-11,C0709,1660.0,1660.0,1641.0,1648.0,100174.0,164971.91,玉米0709,607618.0,1646.0,1648.0
2007-06-12,C0709,1649.0,1649.0,1629.0,1631.0,118072.0,193262.55,玉米0709,565440.0,1636.0,1631.0
2007-06-13,C0709,1629.0,1631.0,1620.0,1628.0,76734.0,124769.4,玉米0709,555790.0,1625.0,1628.0
2007-06-14,C0709,1633.0,1636.0,1629.0,1632.0,52002.0,84921.73,玉米0709,545356.0,1633.0,1632.0
2007-06-15,C0709,1632.0,1634.0,1624.0,1625.0,53484.0,87014.63,玉米0709,536098.0,1626.0,1625.0
2007-06-18,C0709,1631.0,1633.0,1602.0,1612.0,136150.0,219757.21,玉米0709,490706.0,1614.0,1612.0
2007-06-19,C0709,1605.0,1608.0,1582.0,1582.0,160364.0,255735.03,玉米0709,431822.0,1594.0,1582.0
2007-06-20,C0709,1570.0,1595.0,1568.0,1591.0,141098.0,222700.01,玉米0709,381162.0,1578.0,1591.0
2007-06-21,C0709,1593.0,1599.0,1589.0,1597.0,54766.0,87312.14,玉米0709,364622.0,1594.0,1597.0
2007-06-22,C0709,1590.0,1595.0,1580.0,1587.0,44974.0,71384.4,玉米0709,350780.0,1587.0,1587.0
2007-06-25,C0709,1575.0,1583.0,1574.0,1582.0,58034.0,91650.14,玉米0709,317782.0,1579.0,1582.0
2007-06-26,C0709,1579.0,1584.0,1561.0,1564.0,86178.0,135340.85,玉米0709,293762.0,1570.0,1564.0
2007-06-27,C0709,1562.0,1564.0,1532.0,1532.0,117100.0,180593.87,玉米0709,261230.0,1542.0,1532.0
2007-06-28,C0709,1520.0,1538.0,1520.0,1537.0,64564.0,98667.78,玉米0709,242428.0,1528.0,1537.0
2007-06-29,C0709,1535.0,1544.0,1525.0,1530.0,41232.0,63246.67,玉米0709,238550.0,1533.0,1530.0
2007-07-02,C0709,1538.0,1538.0,1519.0,1532.0,45136.0,69009.97,玉米0709,214800.0,1528.0,1532.0
2007-07-03,C0709,1532.0,1540.0,1529.0,1537.0,34468.0,52897.09,玉米0709,207378.0,1534.0,1537.0
2007-07-04,C0709,1533.0,1542.0,1523.0,1529.0,58148.0,89159.38,玉米0709,187766.0,1533.0,1529.0
2007-07-05,C0709,1531.0,1532.0,1522.0,1522.0,19092.0,29155.85,玉米0709,184546.0,1527.0,1522.0
2007-07-06,C0709,1519.0,1527.0,1518.0,1523.0,25492.0,38795.17,玉米0709,178542.0,1521.0,1523.0
2007-07-09,C0709,1520.0,1526.0,1511.0,1514.0,20568.0,31235.99,玉米0709,173364.0,1518.0,1514.0
2007-07-10,C0709,1517.0,1517.0,1480.0,1481.0,40598.0,60739.21,玉米0709,161464.0,1496.0,1481.0
2007-07-11,C0709,1485.0,1487.0,1470.0,1485.0,58638.0,86711.92,玉米0709,144784.0,1478.0,1485.0
2007-07-12,C0709,1484.0,1495.0,1478.0,1493.0,27290.0,40601.66,玉米0709,139730.0,1487.0,1493.0
2007-07-13,C0709,1495.0,1495.0,1483.0,1486.0,10920.0,16252.0,玉米0709,137168.0,1488.0,1486.0
2007-07-16,C0709,1479.0,1483.0,1467.0,1477.0,23420.0,34562.62,玉米0709,134328.0,1475.0,1477.0
2007-07-17,C0709,1471.0,1484.0,1468.0,1479.0,15406.0,22751.19,玉米0709,132490.0,1476.0,1479.0
2007-07-18,C0709,1484.0,1484.0,1471.0,1481.0,7520.0,11123.61,玉米0709,128958.0,1479.0,1481.0
2007-07-19,C0709,1483.0,1496.0,1482.0,1491.0,11360.0,16933.08,玉米0709,122912.0,1490.0,1491.0
2007-07-20,C0709,1493.0,1495.0,1485.0,1492.0,8242.0,12287.17,玉米0709,120626.0,1490.0,1492.0
2007-07-23,C0709,1480.0,1495.0,1478.0,1486.0,5760.0,8583.7,玉米0709,117364.0,1490.0,1486.0
2007-07-24,C0709,1485.0,1489.0,1478.0,1482.0,10236.0,15176.21,玉米0709,120456.0,1482.0,1482.0
2007-07-25,C0709,1479.0,1483.0,1475.0,1481.0,12932.0,19119.44,玉米0709,115856.0,1478.0,1481.0
2007-07-26,C0709,1478.0,1482.0,1474.0,1478.0,9020.0,13334.74,玉米0709,110662.0,1478.0,1478.0
2007-07-27,C0709,1482.0,1485.0,1476.0,1477.0,6110.0,9048.79,玉米0709,108742.0,1480.0,1477.0
2007-07-30,C0709,1482.0,1493.0,1482.0,1492.0,14820.0,22062.29,玉米0709,98534.0,1488.0,1492.0
2007-07-31,C0709,1499.0,1503.0,1491.0,1499.0,12404.0,18582.07,玉米0709,90982.0,1498.0,1499.0
2007-08-01,C0709,1499.0,1503.0,1492.0,1494.0,13220.0,19817.86,玉米0709,80094.0,1499.0,1494.0
2007-08-02,C0709,1500.0,1500.0,1493.0,1499.0,9810.0,14700.07,玉米0709,71310.0,1498.0,1499.0
2007-08-03,C0709,1502.0,1502.0,1498.0,1500.0,10546.0,15826.26,玉米0709,63774.0,1500.0,1500.0
2007-08-06,C0709,1497.0,1503.0,1495.0,1497.0,6596.0,9884.56,玉米0709,58632.0,1498.0,1497.0
2007-08-07,C0709,1494.0,1494.0,1480.0,1480.0,7052.0,10478.33,玉米0709,53836.0,1485.0,1480.0
2007-08-08,C0709,1480.0,1487.0,1475.0,1479.0,6184.0,9152.85,玉米0709,49890.0,1480.0,1479.0
2007-08-09,C0709,1480.0,1488.0,1480.0,1484.0,3914.0,5804.68,玉米0709,47858.0,1483.0,1484.0
2007-08-10,C0709,1481.0,1490.0,1480.0,1490.0,2640.0,3919.15,玉米0709,46382.0,1484.0,1490.0
2007-08-13,C0709,1490.0,1503.0,1490.0,1502.0,4132.0,6191.06,玉米0709,43464.0,1498.0,1502.0
2007-08-14,C0709,1498.0,1503.0,1490.0,1503.0,2152.0,3225.15,玉米0709,42796.0,1498.0,1503.0
2007-08-15,C0709,1491.0,1500.0,1491.0,1495.0,2154.0,3223.43,玉米0709,41490.0,1496.0,1495.0
2007-08-16,C0709,1478.0,1498.0,1478.0,1487.0,1178.0,1753.83,玉米0709,40388.0,1488.0,1487.0
2007-08-17,C0709,1465.0,1490.0,1462.0,1474.0,4670.0,6895.66,玉米0709,36008.0,1476.0,1474.0
2007-08-20,C0709,1473.0,1482.0,1473.0,1479.0,1858.0,2747.31,玉米0709,35000.0,1478.0,1479.0
2007-08-21,C0709,1479.0,1483.0,1478.0,1480.0,2934.0,4343.75,玉米0709,33486.0,1480.0,1480.0
2007-08-22,C0709,1478.0,1484.0,1477.0,1481.0,7464.0,11054.84,玉米0709,32778.0,1481.0,1481.0
2007-08-23,C0709,1485.0,1485.0,1482.0,1482.0,2746.0,4076.34,玉米0709,31768.0,1484.0,1482.0
2007-08-24,C0709,1483.0,1486.0,1480.0,1480.0,4164.0,6176.17,玉米0709,30736.0,1483.0,1480.0
2007-08-27,C0709,1488.0,1488.0,1484.0,1487.0,1468.0,2180.64,玉米0709,29414.0,1485.0,1487.0
2007-08-28,C0709,1497.0,1505.0,1481.0,1505.0,7628.0,11394.14,玉米0709,22638.0,1493.0,1505.0
2007-08-29,C0709,1490.0,1510.0,1490.0,1510.0,4362.0,6571.26,玉米0709,19424.0,1506.0,1510.0
2007-08-30,C0709,1520.0,1520.0,1496.0,1512.0,3622.0,5487.99,玉米0709,16570.0,1515.0,1512.0
2007-08-31,C0709,1508.0,1519.0,1500.0,1502.0,7910.0,11878.57,玉米0709,13498.0,1501.0,1502.0
2007-09-03,C0709,1510.0,1510.0,1500.0,1500.0,324.0,487.56,玉米0709,3720.0,1504.0,1500.0
2007-09-04,C0709,1510.0,1510.0,1498.0,1498.0,706.0,1061.37,玉米0709,3368.0,1503.0,1498.0
2007-09-05,C0709,1500.0,1515.0,1500.0,1510.0,1092.0,1645.12,玉米0709,3248.0,1506.0,1510.0
2007-09-06,C0709,1505.0,1510.0,1505.0,1510.0,646.0,975.45,玉米0709,3092.0,1509.0,1510.0
2007-09-07,C0709,1535.0,1535.0,1535.0,1535.0,24.0,36.84,玉米0709,1148.0,1535.0,1535.0
2007-09-10,C0709,1535.0,1540.0,1535.0,1540.0,670.0,1029.8,玉米0709,1174.0,1537.0,1540.0
2007-09-11,C0709,1530.0,1530.0,1530.0,1530.0,52.0,79.56,玉米0709,504.0,1530.0,1530.0
2007-09-12,C0709,1550.0,1550.0,1549.0,1549.0,374.0,579.52,玉米0709,452.0,1549.0,1549.0
2007-09-13,C0709,0.0,0.0,0.0,1549.0,0.0,0.0,玉米0709,442.0,1549.0,1549.0
2007-09-14,C0709,0.0,0.0,0.0,1549.0,0.0,0.0,玉米0709,0.0,1516.0,1549.0
