date,symbol,open,high,low,close,volume,amount,name,openinterest,settleprice,price
2006-05-22,C0705,1530.0,1538.0,1516.0,1528.0,9980.0,15288.58,玉米0705,7792.0,1531.0,1528.0
2006-05-23,C0705,1535.0,1544.0,1534.0,1541.0,16518.0,25433.46,玉米0705,14938.0,1539.0,1541.0
2006-05-24,C0705,1540.0,1563.0,1540.0,1559.0,47476.0,73920.61,玉米0705,31062.0,1557.0,1559.0
2006-05-25,C0705,1553.0,1563.0,1550.0,1562.0,43804.0,68221.13,玉米0705,38698.0,1557.0,1562.0
2006-05-26,C0705,1570.0,1590.0,1570.0,1587.0,82694.0,130948.8,玉米0705,68126.0,1583.0,1587.0
2006-05-29,C0705,1587.0,1595.0,1579.0,1589.0,90858.0,144239.39,玉米0705,83896.0,1587.0,1589.0
2006-05-30,C0705,1591.0,1600.0,1583.0,1592.0,136922.0,218126.54,玉米0705,92642.0,1593.0,1592.0
2006-05-31,C0705,1589.0,1592.0,1575.0,1575.0,106228.0,167992.66,玉米0705,92278.0,1581.0,1575.0
2006-06-01,C0705,1570.0,1572.0,1536.0,1551.0,204402.0,317156.99,玉米0705,60526.0,1551.0,1551.0
2006-06-02,C0705,1568.0,1575.0,1551.0,1571.0,122498.0,191703.86,玉米0705,77106.0,1564.0,1571.0
2006-06-05,C0705,1587.0,1592.0,1579.0,1579.0,94648.0,149820.68,玉米0705,109428.0,1582.0,1579.0
2006-06-06,C0705,1571.0,1572.0,1562.0,1570.0,92180.0,144452.18,玉米0705,113856.0,1567.0,1570.0
2006-06-07,C0705,1555.0,1564.0,1549.0,1564.0,97572.0,151945.25,玉米0705,117718.0,1557.0,1564.0
2006-06-08,C0705,1570.0,1573.0,1555.0,1556.0,85462.0,133488.7,玉米0705,116574.0,1561.0,1556.0
2006-06-09,C0705,1545.0,1554.0,1541.0,1554.0,97710.0,151188.69,玉米0705,111120.0,1547.0,1554.0
2006-06-12,C0705,1570.0,1570.0,1557.0,1560.0,80580.0,125807.93,玉米0705,121078.0,1561.0,1560.0
2006-06-13,C0705,1561.0,1561.0,1539.0,1540.0,148282.0,229457.04,玉米0705,115396.0,1547.0,1540.0
2006-06-14,C0705,1521.0,1530.0,1513.0,1524.0,253304.0,385642.29,玉米0705,103080.0,1522.0,1524.0
2006-06-15,C0705,1515.0,1535.0,1515.0,1529.0,110232.0,168160.87,玉米0705,99050.0,1525.0,1529.0
2006-06-16,C0705,1532.0,1533.0,1519.0,1528.0,121290.0,185054.98,玉米0705,108810.0,1525.0,1528.0
2006-06-19,C0705,1521.0,1524.0,1512.0,1513.0,100228.0,152194.62,玉米0705,112162.0,1518.0,1513.0
2006-06-20,C0705,1505.0,1518.0,1498.0,1518.0,153590.0,231425.81,玉米0705,119996.0,1506.0,1518.0
2006-06-21,C0705,1517.0,1530.0,1512.0,1527.0,122840.0,187129.0,玉米0705,130430.0,1523.0,1527.0
2006-06-22,C0705,1530.0,1533.0,1524.0,1525.0,108018.0,165088.04,玉米0705,132546.0,1528.0,1525.0
2006-06-23,C0705,1518.0,1520.0,1513.0,1516.0,76162.0,115498.03,玉米0705,130468.0,1516.0,1516.0
2006-06-26,C0705,1506.0,1516.0,1505.0,1509.0,98748.0,149130.42,玉米0705,135378.0,1510.0,1509.0
2006-06-27,C0705,1501.0,1517.0,1501.0,1517.0,86612.0,130692.94,玉米0705,141154.0,1508.0,1517.0
2006-06-28,C0705,1517.0,1517.0,1508.0,1508.0,58032.0,87792.01,玉米0705,143074.0,1512.0,1508.0
2006-06-29,C0705,1512.0,1517.0,1508.0,1514.0,67920.0,102752.4,玉米0705,144722.0,1512.0,1514.0
2006-06-30,C0705,1520.0,1521.0,1515.0,1519.0,85990.0,130505.5,玉米0705,159862.0,1517.0,1519.0
2006-07-03,C0705,1533.0,1535.0,1520.0,1520.0,94242.0,143642.97,玉米0705,168576.0,1524.0,1520.0
2006-07-04,C0705,1522.0,1526.0,1505.0,1509.0,157388.0,238590.99,玉米0705,175552.0,1515.0,1509.0
2006-07-05,C0705,1510.0,1514.0,1495.0,1501.0,235644.0,354136.07,玉米0705,179518.0,1502.0,1501.0
2006-07-06,C0705,1500.0,1503.0,1491.0,1492.0,151754.0,227310.71,玉米0705,180872.0,1497.0,1492.0
2006-07-07,C0705,1498.0,1498.0,1482.0,1484.0,244318.0,363373.93,玉米0705,173088.0,1487.0,1484.0
2006-07-10,C0705,1481.0,1483.0,1457.0,1463.0,243714.0,357160.86,玉米0705,180416.0,1465.0,1463.0
2006-07-11,C0705,1469.0,1480.0,1458.0,1478.0,294432.0,433033.0,玉米0705,213928.0,1470.0,1478.0
2006-07-12,C0705,1473.0,1477.0,1466.0,1470.0,194710.0,286598.72,玉米0705,207408.0,1471.0,1470.0
2006-07-13,C0705,1465.0,1468.0,1461.0,1463.0,127372.0,186520.26,玉米0705,210020.0,1464.0,1463.0
2006-07-14,C0705,1460.0,1462.0,1453.0,1461.0,151840.0,221195.89,玉米0705,204892.0,1456.0,1461.0
2006-07-17,C0705,1457.0,1473.0,1455.0,1471.0,244860.0,359278.71,玉米0705,218784.0,1467.0,1471.0
2006-07-18,C0705,1461.0,1474.0,1461.0,1463.0,190960.0,279935.5,玉米0705,214480.0,1465.0,1463.0
2006-07-19,C0705,1462.0,1466.0,1458.0,1462.0,148572.0,217136.06,玉米0705,212152.0,1461.0,1462.0
2006-07-20,C0705,1464.0,1467.0,1461.0,1461.0,129156.0,189157.87,玉米0705,227018.0,1464.0,1461.0
2006-07-21,C0705,1458.0,1459.0,1431.0,1435.0,304482.0,438774.27,玉米0705,217724.0,1441.0,1435.0
2006-07-24,C0705,1431.0,1433.0,1411.0,1422.0,326012.0,463751.21,玉米0705,206526.0,1422.0,1422.0
2006-07-25,C0705,1430.0,1434.0,1418.0,1420.0,159356.0,226894.03,玉米0705,205376.0,1423.0,1420.0
2006-07-26,C0705,1417.0,1422.0,1404.0,1410.0,287498.0,406125.13,玉米0705,217936.0,1412.0,1410.0
2006-07-27,C0705,1405.0,1413.0,1404.0,1411.0,182408.0,257058.33,玉米0705,228494.0,1409.0,1411.0
2006-07-28,C0705,1413.0,1420.0,1410.0,1417.0,176276.0,249489.92,玉米0705,232412.0,1415.0,1417.0
2006-07-31,C0705,1420.0,1428.0,1415.0,1428.0,213940.0,304058.01,玉米0705,240618.0,1421.0,1428.0
2006-08-01,C0705,1423.0,1427.0,1411.0,1411.0,142606.0,202233.4,玉米0705,233092.0,1418.0,1411.0
2006-08-02,C0705,1415.0,1417.0,1409.0,1410.0,157828.0,223089.16,玉米0705,233952.0,1413.0,1410.0
2006-08-03,C0705,1415.0,1416.0,1396.0,1403.0,297726.0,417935.21,玉米0705,231252.0,1403.0,1403.0
2006-08-04,C0705,1403.0,1410.0,1399.0,1410.0,208290.0,292807.07,玉米0705,239990.0,1405.0,1410.0
2006-08-07,C0705,1402.0,1408.0,1392.0,1394.0,207762.0,290826.63,玉米0705,245750.0,1399.0,1394.0
2006-08-08,C0705,1385.0,1391.0,1382.0,1386.0,228700.0,317108.27,玉米0705,241538.0,1386.0,1386.0
2006-08-09,C0705,1383.0,1391.0,1383.0,1386.0,142936.0,198482.72,玉米0705,245030.0,1388.0,1386.0
2006-08-10,C0705,1390.0,1392.0,1378.0,1391.0,297688.0,412049.79,玉米0705,259392.0,1384.0,1391.0
2006-08-11,C0705,1388.0,1397.0,1387.0,1397.0,259258.0,361037.94,玉米0705,281436.0,1392.0,1397.0
2006-08-14,C0705,1376.0,1388.0,1375.0,1385.0,248106.0,343139.48,玉米0705,264776.0,1383.0,1385.0
2006-08-15,C0705,1387.0,1399.0,1387.0,1397.0,218028.0,303832.59,玉米0705,278282.0,1393.0,1397.0
2006-08-16,C0705,1400.0,1405.0,1395.0,1400.0,307322.0,430362.11,玉米0705,298324.0,1400.0,1400.0
2006-08-17,C0705,1396.0,1419.0,1393.0,1418.0,371188.0,521618.28,玉米0705,324394.0,1405.0,1418.0
2006-08-18,C0705,1415.0,1429.0,1414.0,1421.0,481060.0,684234.25,玉米0705,344136.0,1422.0,1421.0
2006-08-21,C0705,1418.0,1427.0,1415.0,1418.0,346738.0,492758.22,玉米0705,343256.0,1421.0,1418.0
2006-08-22,C0705,1420.0,1426.0,1406.0,1421.0,482762.0,683455.86,玉米0705,372504.0,1415.0,1421.0
2006-08-23,C0705,1423.0,1428.0,1417.0,1421.0,440260.0,626308.9,玉米0705,383618.0,1422.0,1421.0
2006-08-24,C0705,1427.0,1428.0,1415.0,1416.0,362350.0,514239.46,玉米0705,378612.0,1419.0,1416.0
2006-08-25,C0705,1418.0,1419.0,1412.0,1416.0,206900.0,292776.31,玉米0705,378628.0,1415.0,1416.0
2006-08-28,C0705,1413.0,1417.0,1409.0,1410.0,161966.0,228726.0,玉米0705,378660.0,1412.0,1410.0
2006-08-29,C0705,1406.0,1410.0,1397.0,1403.0,648898.0,911164.14,玉米0705,390698.0,1404.0,1403.0
2006-08-30,C0705,1400.0,1403.0,1388.0,1388.0,319732.0,445998.65,玉米0705,355196.0,1394.0,1388.0
2006-08-31,C0705,1393.0,1401.0,1388.0,1400.0,344904.0,481046.43,玉米0705,356900.0,1394.0,1400.0
2006-09-01,C0705,1400.0,1407.0,1398.0,1401.0,279760.0,392402.65,玉米0705,355442.0,1402.0,1401.0
2006-09-04,C0705,1398.0,1401.0,1392.0,1395.0,257920.0,360017.4,玉米0705,358328.0,1395.0,1395.0
2006-09-05,C0705,1398.0,1405.0,1396.0,1403.0,187358.0,262559.67,玉米0705,372910.0,1401.0,1403.0
2006-09-06,C0705,1401.0,1417.0,1401.0,1416.0,288220.0,406434.82,玉米0705,406036.0,1410.0,1416.0
2006-09-07,C0705,1411.0,1415.0,1406.0,1411.0,305762.0,431437.84,玉米0705,389742.0,1411.0,1411.0
2006-09-08,C0705,1418.0,1426.0,1416.0,1423.0,291920.0,415106.14,玉米0705,413664.0,1421.0,1423.0
2006-09-11,C0705,1421.0,1425.0,1408.0,1412.0,303578.0,429978.23,玉米0705,381628.0,1416.0,1412.0
2006-09-12,C0705,1409.0,1411.0,1403.0,1408.0,181854.0,255712.29,玉米0705,371856.0,1406.0,1408.0
2006-09-13,C0705,1399.0,1410.0,1396.0,1407.0,209064.0,293470.64,玉米0705,380542.0,1403.0,1407.0
2006-09-14,C0705,1410.0,1419.0,1407.0,1416.0,243826.0,344674.41,玉米0705,405568.0,1413.0,1416.0
2006-09-15,C0705,1413.0,1422.0,1409.0,1411.0,296460.0,419434.01,玉米0705,421188.0,1414.0,1411.0
2006-09-18,C0705,1417.0,1421.0,1414.0,1415.0,137216.0,194491.27,玉米0705,420062.0,1417.0,1415.0
2006-09-19,C0705,1419.0,1421.0,1407.0,1409.0,296952.0,420178.53,玉米0705,427666.0,1414.0,1409.0
2006-09-20,C0705,1405.0,1411.0,1401.0,1404.0,179594.0,252413.35,玉米0705,425054.0,1405.0,1404.0
2006-09-21,C0705,1407.0,1407.0,1395.0,1398.0,199196.0,278739.61,玉米0705,435950.0,1399.0,1398.0
2006-09-22,C0705,1407.0,1408.0,1398.0,1405.0,226590.0,317908.61,玉米0705,441452.0,1403.0,1405.0
2006-09-25,C0705,1400.0,1400.0,1392.0,1394.0,205096.0,286053.77,玉米0705,440576.0,1394.0,1394.0
2006-09-26,C0705,1395.0,1400.0,1395.0,1399.0,87406.0,122141.02,玉米0705,444746.0,1397.0,1399.0
2006-09-27,C0705,1401.0,1405.0,1395.0,1403.0,125666.0,175974.57,玉米0705,442716.0,1400.0,1403.0
2006-09-28,C0705,1399.0,1404.0,1398.0,1402.0,88056.0,123321.95,玉米0705,437546.0,1400.0,1402.0
2006-09-29,C0705,1408.0,1410.0,1403.0,1408.0,126396.0,177801.35,玉米0705,407990.0,1406.0,1408.0
2006-10-09,C0705,1411.0,1418.0,1411.0,1417.0,168870.0,238937.12,玉米0705,431364.0,1414.0,1417.0
2006-10-10,C0705,1428.0,1461.0,1425.0,1458.0,535082.0,773393.84,玉米0705,491236.0,1445.0,1458.0
2006-10-11,C0705,1440.0,1450.0,1436.0,1447.0,384090.0,554840.62,玉米0705,522580.0,1444.0,1447.0
2006-10-12,C0705,1458.0,1468.0,1451.0,1454.0,446354.0,651525.51,玉米0705,548368.0,1459.0,1454.0
2006-10-13,C0705,1475.0,1483.0,1471.0,1477.0,522964.0,772111.84,玉米0705,592678.0,1476.0,1477.0
2006-10-16,C0705,1486.0,1493.0,1477.0,1482.0,474852.0,705055.15,玉米0705,604530.0,1484.0,1482.0
2006-10-17,C0705,1487.0,1488.0,1474.0,1483.0,327594.0,485853.86,玉米0705,578346.0,1483.0,1483.0
2006-10-18,C0705,1478.0,1481.0,1458.0,1462.0,339784.0,498927.23,玉米0705,541214.0,1468.0,1462.0
2006-10-19,C0705,1461.0,1474.0,1455.0,1473.0,241894.0,354758.92,玉米0705,550636.0,1466.0,1473.0
2006-10-20,C0705,1469.0,1472.0,1463.0,1469.0,175356.0,257485.03,玉米0705,553066.0,1468.0,1469.0
2006-10-23,C0705,1463.0,1470.0,1460.0,1463.0,175002.0,256391.76,玉米0705,534934.0,1465.0,1463.0
2006-10-24,C0705,1474.0,1480.0,1473.0,1475.0,201734.0,297867.75,玉米0705,542816.0,1476.0,1475.0
2006-10-25,C0705,1484.0,1486.0,1466.0,1468.0,295892.0,436841.99,玉米0705,527422.0,1476.0,1468.0
2006-10-26,C0705,1465.0,1469.0,1460.0,1468.0,153926.0,225481.37,玉米0705,550372.0,1464.0,1468.0
2006-10-27,C0705,1472.0,1490.0,1470.0,1484.0,367120.0,544102.89,玉米0705,596488.0,1482.0,1484.0
2006-10-30,C0705,1481.0,1486.0,1473.0,1482.0,280560.0,415132.95,玉米0705,580064.0,1479.0,1482.0
2006-10-31,C0705,1479.0,1490.0,1471.0,1471.0,328560.0,485931.55,玉米0705,558732.0,1478.0,1471.0
2006-11-01,C0705,1468.0,1475.0,1465.0,1474.0,179364.0,263845.36,玉米0705,568332.0,1471.0,1474.0
2006-11-02,C0705,1492.0,1497.0,1484.0,1491.0,301992.0,449604.3,玉米0705,594620.0,1488.0,1491.0
2006-11-03,C0705,1488.0,1501.0,1484.0,1489.0,529886.0,791236.68,玉米0705,642784.0,1493.0,1489.0
2006-11-06,C0705,1486.0,1503.0,1484.0,1503.0,404706.0,604708.87,玉米0705,700342.0,1494.0,1503.0
2006-11-07,C0705,1501.0,1517.0,1501.0,1510.0,518914.0,783516.07,玉米0705,711866.0,1509.0,1510.0
2006-11-08,C0705,1520.0,1529.0,1516.0,1529.0,532658.0,810806.69,玉米0705,762518.0,1522.0,1529.0
2006-11-09,C0705,1530.0,1531.0,1516.0,1521.0,530534.0,806910.89,玉米0705,800624.0,1520.0,1521.0
2006-11-10,C0705,1506.0,1517.0,1503.0,1516.0,423450.0,639957.57,玉米0705,846534.0,1511.0,1516.0
2006-11-13,C0705,1515.0,1562.0,1513.0,1557.0,1133670.0,1749431.68,玉米0705,931754.0,1543.0,1557.0
2006-11-14,C0705,1551.0,1567.0,1548.0,1554.0,1065000.0,1658699.46,玉米0705,960046.0,1557.0,1554.0
2006-11-15,C0705,1578.0,1585.0,1570.0,1577.0,836310.0,1319500.69,玉米0705,944806.0,1577.0,1577.0
2006-11-16,C0705,1573.0,1589.0,1573.0,1585.0,563600.0,892422.37,玉米0705,960464.0,1583.0,1585.0
2006-11-17,C0705,1572.0,1586.0,1570.0,1579.0,359230.0,567351.4,玉米0705,956080.0,1579.0,1579.0
2006-11-20,C0705,1595.0,1607.0,1593.0,1607.0,557676.0,892017.93,玉米0705,966950.0,1599.0,1607.0
2006-11-21,C0705,1600.0,1605.0,1585.0,1586.0,537736.0,857233.22,玉米0705,960262.0,1594.0,1586.0
2006-11-22,C0705,1596.0,1602.0,1573.0,1596.0,570002.0,906229.44,玉米0705,969790.0,1589.0,1596.0
2006-11-23,C0705,1597.0,1597.0,1578.0,1579.0,380180.0,602385.87,玉米0705,949160.0,1584.0,1579.0
2006-11-24,C0705,1585.0,1592.0,1581.0,1588.0,225004.0,357019.32,玉米0705,955230.0,1586.0,1588.0
2006-11-27,C0705,1600.0,1649.0,1600.0,1635.0,724570.0,1179897.47,玉米0705,941216.0,1628.0,1635.0
2006-11-28,C0705,1621.0,1634.0,1621.0,1629.0,362008.0,589254.26,玉米0705,935608.0,1627.0,1629.0
2006-11-29,C0705,1635.0,1640.0,1563.0,1577.0,1060940.0,1703527.46,玉米0705,909906.0,1605.0,1577.0
2006-11-30,C0705,1600.0,1601.0,1578.0,1596.0,696540.0,1107755.18,玉米0705,974106.0,1590.0,1596.0
2006-12-01,C0705,1598.0,1605.0,1579.0,1585.0,599480.0,953190.33,玉米0705,953696.0,1590.0,1585.0
2006-12-04,C0705,1576.0,1587.0,1564.0,1572.0,550318.0,866548.07,玉米0705,956572.0,1574.0,1572.0
2006-12-05,C0705,1558.0,1571.0,1552.0,1566.0,453506.0,706867.43,玉米0705,927716.0,1558.0,1566.0
2006-12-06,C0705,1569.0,1575.0,1561.0,1562.0,274748.0,430698.08,玉米0705,934580.0,1567.0,1562.0
2006-12-07,C0705,1552.0,1570.0,1546.0,1568.0,424370.0,660038.57,玉米0705,931680.0,1555.0,1568.0
2006-12-08,C0705,1576.0,1578.0,1567.0,1573.0,273622.0,430232.59,玉米0705,920944.0,1572.0,1573.0
2006-12-11,C0705,1573.0,1599.0,1571.0,1597.0,452856.0,720605.07,玉米0705,934364.0,1591.0,1597.0
2006-12-12,C0705,1601.0,1626.0,1601.0,1614.0,624352.0,1007957.05,玉米0705,896258.0,1614.0,1614.0
2006-12-13,C0705,1616.0,1620.0,1595.0,1605.0,447794.0,718658.91,玉米0705,923982.0,1604.0,1605.0
2006-12-14,C0705,1601.0,1612.0,1596.0,1607.0,429252.0,688279.87,玉米0705,934120.0,1603.0,1607.0
2006-12-15,C0705,1613.0,1615.0,1604.0,1612.0,287546.0,462676.78,玉米0705,931562.0,1609.0,1612.0
2006-12-18,C0705,1606.0,1608.0,1593.0,1605.0,290304.0,465005.75,玉米0705,932064.0,1601.0,1605.0
2006-12-19,C0705,1596.0,1607.0,1592.0,1606.0,259220.0,415257.33,玉米0705,937716.0,1601.0,1606.0
2006-12-20,C0705,1618.0,1622.0,1612.0,1614.0,268802.0,434685.29,玉米0705,921612.0,1617.0,1614.0
2006-12-21,C0705,1612.0,1643.0,1610.0,1639.0,408466.0,664175.38,玉米0705,928044.0,1626.0,1639.0
2006-12-22,C0705,1640.0,1657.0,1634.0,1637.0,595932.0,979432.01,玉米0705,905374.0,1643.0,1637.0
2006-12-25,C0705,1649.0,1652.0,1640.0,1647.0,343064.0,564487.97,玉米0705,863276.0,1645.0,1647.0
2006-12-26,C0705,1652.0,1664.0,1648.0,1655.0,507904.0,841235.54,玉米0705,865216.0,1656.0,1655.0
2006-12-27,C0705,1653.0,1654.0,1623.0,1631.0,385582.0,630297.04,玉米0705,871846.0,1634.0,1631.0
2006-12-28,C0705,1633.0,1642.0,1628.0,1641.0,186572.0,305298.34,玉米0705,860188.0,1636.0,1641.0
2006-12-29,C0705,1636.0,1640.0,1629.0,1636.0,166176.0,271670.44,玉米0705,841392.0,1634.0,1636.0
2007-01-04,C0705,1585.0,1601.0,1585.0,1596.0,355668.0,567212.5,玉米0705,815062.0,1594.0,1596.0
2007-01-05,C0705,1596.0,1611.0,1590.0,1610.0,315482.0,504372.68,玉米0705,837950.0,1598.0,1610.0
2007-01-08,C0705,1612.0,1614.0,1598.0,1605.0,216136.0,346788.24,玉米0705,843046.0,1604.0,1605.0
2007-01-09,C0705,1600.0,1600.0,1584.0,1586.0,271510.0,432257.03,玉米0705,845738.0,1592.0,1586.0
2007-01-10,C0705,1580.0,1598.0,1579.0,1597.0,237312.0,376993.33,玉米0705,835338.0,1588.0,1597.0
2007-01-11,C0705,1608.0,1616.0,1602.0,1609.0,333356.0,536860.11,玉米0705,812490.0,1610.0,1609.0
2007-01-12,C0705,1619.0,1621.0,1606.0,1607.0,160632.0,259258.67,玉米0705,805366.0,1613.0,1607.0
2007-01-15,C0705,1677.0,1677.0,1672.0,1677.0,271012.0,454444.09,玉米0705,728414.0,1676.0,1677.0
2007-01-16,C0705,1682.0,1696.0,1661.0,1664.0,330576.0,552400.43,玉米0705,727746.0,1671.0,1664.0
2007-01-17,C0705,1655.0,1661.0,1647.0,1659.0,164796.0,273066.19,玉米0705,744382.0,1656.0,1659.0
2007-01-18,C0705,1661.0,1671.0,1656.0,1657.0,201202.0,334776.17,玉米0705,746126.0,1663.0,1657.0
2007-01-19,C0705,1660.0,1660.0,1635.0,1638.0,231450.0,380242.98,玉米0705,750346.0,1642.0,1638.0
2007-01-22,C0705,1625.0,1637.0,1619.0,1637.0,177922.0,290120.64,玉米0705,766204.0,1630.0,1637.0
2007-01-23,C0705,1639.0,1646.0,1636.0,1642.0,147810.0,242609.43,玉米0705,770136.0,1641.0,1642.0
2007-01-24,C0705,1646.0,1648.0,1622.0,1625.0,165620.0,270444.5,玉米0705,780110.0,1632.0,1625.0
2007-01-25,C0705,1630.0,1636.0,1621.0,1631.0,130748.0,213161.06,玉米0705,781224.0,1630.0,1631.0
2007-01-26,C0705,1632.0,1633.0,1620.0,1628.0,111484.0,181272.48,玉米0705,780546.0,1625.0,1628.0
2007-01-29,C0705,1628.0,1632.0,1624.0,1631.0,81206.0,132211.14,玉米0705,766782.0,1628.0,1631.0
2007-01-30,C0705,1625.0,1627.0,1619.0,1623.0,95990.0,155813.42,玉米0705,741366.0,1623.0,1623.0
2007-01-31,C0705,1632.0,1632.0,1625.0,1631.0,54832.0,89343.71,玉米0705,733798.0,1629.0,1631.0
2007-02-01,C0705,1628.0,1637.0,1628.0,1633.0,55006.0,89824.55,玉米0705,725646.0,1632.0,1633.0
2007-02-02,C0705,1623.0,1629.0,1622.0,1625.0,39362.0,63988.67,玉米0705,722288.0,1625.0,1625.0
2007-02-05,C0705,1630.0,1638.0,1627.0,1628.0,28768.0,46912.18,玉米0705,719962.0,1630.0,1628.0
2007-02-06,C0705,1624.0,1632.0,1623.0,1632.0,31482.0,51244.04,玉米0705,721832.0,1627.0,1632.0
2007-02-07,C0705,1625.0,1630.0,1625.0,1629.0,34498.0,56169.14,玉米0705,726614.0,1628.0,1629.0
2007-02-08,C0705,1625.0,1628.0,1623.0,1625.0,36826.0,59859.17,玉米0705,719364.0,1625.0,1625.0
2007-02-09,C0705,1632.0,1632.0,1626.0,1627.0,23898.0,38918.07,玉米0705,715212.0,1628.0,1627.0
2007-02-12,C0705,1632.0,1633.0,1627.0,1628.0,32180.0,52463.25,玉米0705,713338.0,1630.0,1628.0
2007-02-13,C0705,1625.0,1627.0,1617.0,1620.0,65800.0,106671.42,玉米0705,706678.0,1621.0,1620.0
2007-02-14,C0705,1628.0,1628.0,1620.0,1621.0,26082.0,42338.73,玉米0705,703300.0,1623.0,1621.0
2007-02-15,C0705,1623.0,1624.0,1615.0,1623.0,38218.0,61914.27,玉米0705,698912.0,1620.0,1623.0
2007-02-16,C0705,1620.0,1625.0,1619.0,1622.0,26446.0,42902.88,玉米0705,692724.0,1622.0,1622.0
2007-02-26,C0705,1630.0,1641.0,1625.0,1630.0,121036.0,197660.29,玉米0705,661860.0,1633.0,1630.0
2007-02-27,C0705,1623.0,1627.0,1616.0,1616.0,50464.0,81897.62,玉米0705,647526.0,1622.0,1616.0
2007-02-28,C0705,1598.0,1609.0,1590.0,1607.0,104344.0,166842.6,玉米0705,621316.0,1598.0,1607.0
2007-03-01,C0705,1616.0,1617.0,1598.0,1600.0,63130.0,101237.02,玉米0705,607632.0,1603.0,1600.0
2007-03-02,C0705,1598.0,1601.0,1594.0,1600.0,30854.0,49314.1,玉米0705,599660.0,1598.0,1600.0
2007-03-05,C0705,1594.0,1605.0,1593.0,1598.0,22614.0,36164.91,玉米0705,591402.0,1599.0,1598.0
2007-03-06,C0705,1601.0,1604.0,1600.0,1601.0,17152.0,27465.57,玉米0705,586002.0,1601.0,1601.0
2007-03-07,C0705,1597.0,1600.0,1596.0,1597.0,23830.0,38079.73,玉米0705,576322.0,1597.0,1597.0
2007-03-08,C0705,1599.0,1599.0,1592.0,1594.0,38982.0,62143.39,玉米0705,566156.0,1594.0,1594.0
2007-03-09,C0705,1590.0,1593.0,1575.0,1578.0,64438.0,102035.1,玉米0705,555984.0,1583.0,1578.0
2007-03-12,C0705,1575.0,1576.0,1568.0,1572.0,25104.0,39461.81,玉米0705,554690.0,1571.0,1572.0
2007-03-13,C0705,1568.0,1577.0,1568.0,1575.0,55020.0,86541.3,玉米0705,538186.0,1572.0,1575.0
2007-03-14,C0705,1571.0,1578.0,1571.0,1577.0,43006.0,67739.91,玉米0705,534418.0,1575.0,1577.0
2007-03-15,C0705,1580.0,1592.0,1579.0,1591.0,47928.0,76062.54,玉米0705,529994.0,1587.0,1591.0
2007-03-16,C0705,1587.0,1596.0,1585.0,1594.0,44798.0,71296.69,玉米0705,529512.0,1591.0,1594.0
2007-03-19,C0705,1597.0,1598.0,1586.0,1587.0,32266.0,51400.41,玉米0705,520282.0,1593.0,1587.0
2007-03-20,C0705,1584.0,1596.0,1582.0,1591.0,32658.0,51870.36,玉米0705,519778.0,1588.0,1591.0
2007-03-21,C0705,1596.0,1596.0,1585.0,1587.0,20152.0,32025.5,玉米0705,517520.0,1589.0,1587.0
2007-03-22,C0705,1587.0,1588.0,1582.0,1586.0,7634.0,12106.78,玉米0705,515996.0,1585.0,1586.0
2007-03-23,C0705,1589.0,1589.0,1585.0,1586.0,5830.0,9249.31,玉米0705,515372.0,1586.0,1586.0
2007-03-26,C0705,1585.0,1586.0,1581.0,1583.0,25470.0,40314.86,玉米0705,511926.0,1582.0,1583.0
2007-03-27,C0705,1576.0,1584.0,1575.0,1584.0,38012.0,60093.09,玉米0705,499526.0,1580.0,1584.0
2007-03-28,C0705,1585.0,1586.0,1582.0,1585.0,23568.0,37322.5,玉米0705,489328.0,1583.0,1585.0
2007-03-29,C0705,1588.0,1588.0,1582.0,1583.0,19308.0,30573.3,玉米0705,483126.0,1583.0,1583.0
2007-03-30,C0705,1585.0,1586.0,1578.0,1582.0,42738.0,67602.64,玉米0705,461960.0,1581.0,1582.0
2007-04-02,C0705,1550.0,1575.0,1550.0,1574.0,76408.0,119660.08,玉米0705,417324.0,1566.0,1574.0
2007-04-03,C0705,1578.0,1583.0,1573.0,1581.0,16498.0,26038.1,玉米0705,411688.0,1578.0,1581.0
2007-04-04,C0705,1581.0,1587.0,1576.0,1587.0,22134.0,35048.46,玉米0705,406962.0,1583.0,1587.0
2007-04-05,C0705,1590.0,1590.0,1580.0,1581.0,15136.0,23948.68,玉米0705,400484.0,1582.0,1581.0
2007-04-06,C0705,1584.0,1584.0,1574.0,1576.0,31056.0,48989.76,玉米0705,384594.0,1577.0,1576.0
2007-04-09,C0705,1580.0,1583.0,1572.0,1578.0,66812.0,105309.31,玉米0705,334936.0,1576.0,1578.0
2007-04-10,C0705,1575.0,1575.0,1560.0,1570.0,49612.0,77783.37,玉米0705,302492.0,1567.0,1570.0
2007-04-11,C0705,1573.0,1577.0,1564.0,1566.0,13060.0,20484.9,玉米0705,294742.0,1568.0,1566.0
2007-04-12,C0705,1560.0,1563.0,1546.0,1547.0,45304.0,70382.56,玉米0705,261504.0,1553.0,1547.0
2007-04-13,C0705,1549.0,1550.0,1535.0,1538.0,47176.0,72715.1,玉米0705,228122.0,1541.0,1538.0
2007-04-16,C0705,1532.0,1538.0,1532.0,1536.0,18386.0,28261.44,玉米0705,215936.0,1537.0,1536.0
2007-04-17,C0705,1550.0,1550.0,1536.0,1538.0,41812.0,64306.01,玉米0705,175468.0,1537.0,1538.0
2007-04-18,C0705,1534.0,1538.0,1520.0,1530.0,22804.0,34949.41,玉米0705,155644.0,1532.0,1530.0
2007-04-19,C0705,1542.0,1543.0,1527.0,1532.0,18582.0,28480.57,玉米0705,138230.0,1532.0,1532.0
2007-04-20,C0705,1535.0,1537.0,1526.0,1530.0,6234.0,9530.33,玉米0705,132098.0,1528.0,1530.0
2007-04-23,C0705,1522.0,1532.0,1522.0,1529.0,4188.0,6406.71,玉米0705,128518.0,1529.0,1529.0
2007-04-24,C0705,1528.0,1531.0,1528.0,1530.0,6262.0,9576.99,玉米0705,123614.0,1529.0,1530.0
2007-04-25,C0705,1531.0,1532.0,1529.0,1532.0,4436.0,6792.42,玉米0705,119880.0,1531.0,1532.0
2007-04-26,C0705,1538.0,1546.0,1536.0,1539.0,3928.0,6048.28,玉米0705,117376.0,1539.0,1539.0
2007-04-27,C0705,1535.0,1540.0,1535.0,1540.0,6234.0,9585.15,玉米0705,111498.0,1537.0,1540.0
2007-04-30,C0705,1536.0,1539.0,1531.0,1533.0,57138.0,87666.7,玉米0705,108642.0,1534.0,1533.0
2007-05-08,C0705,1530.0,1538.0,1530.0,1536.0,14782.0,22677.69,玉米0705,98658.0,1534.0,1536.0
2007-05-09,C0705,1535.0,1549.0,1535.0,1549.0,1344.0,2068.42,玉米0705,77690.0,1539.0,1549.0
2007-05-10,C0705,1541.0,1549.0,1541.0,1549.0,444.0,687.23,玉米0705,76460.0,1547.0,1549.0
2007-05-11,C0705,1550.0,1574.0,1550.0,1570.0,2258.0,3519.97,玉米0705,65638.0,1558.0,1570.0
2007-05-14,C0705,1579.0,1579.0,1556.0,1576.0,1358.0,2142.3,玉米0705,64638.0,1577.0,1576.0
2007-05-15,C0705,1599.0,1599.0,1555.0,1585.0,474.0,752.75,玉米0705,55898.0,1588.0,1585.0
2007-05-16,C0705,1600.0,1600.0,1572.0,1572.0,478.0,760.61,玉米0705,52256.0,1591.0,1572.0
2007-05-17,C0705,1593.0,1593.0,1568.0,1574.0,2342.0,3697.51,玉米0705,23478.0,1578.0,1574.0
2007-05-18,C0705,1540.0,1573.0,1540.0,1568.0,14184.0,22175.41,玉米0705,21616.0,1563.0,1568.0
2007-05-21,C0705,1568.0,1568.0,1541.0,1568.0,56.0,87.7,玉米0705,0.0,1552.0,1568.0
