date,symbol,open,high,low,close,volume,amount,name,openinterest,settleprice,price
2007-09-17,C0809,1745.0,1745.0,1721.0,1734.0,810.0,1401.92,玉米0809,586.0,1730.0,1734.0
2007-09-18,C0809,1734.0,1737.0,1728.0,1730.0,3186.0,5524.95,玉米0809,2354.0,1734.0,1730.0
2007-09-19,C0809,1729.0,1739.0,1716.0,1717.0,2368.0,4085.82,玉米0809,2948.0,1725.0,1717.0
2007-09-20,C0809,1722.0,1730.0,1717.0,1721.0,2334.0,4023.02,玉米0809,3986.0,1723.0,1721.0
2007-09-21,C0809,1721.0,1739.0,1721.0,1730.0,3134.0,5432.18,玉米0809,5368.0,1733.0,1730.0
2007-09-24,C0809,1733.0,1733.0,1708.0,1711.0,5198.0,8925.98,玉米0809,8502.0,1717.0,1711.0
2007-09-25,C0809,1700.0,1711.0,1700.0,1708.0,3528.0,6016.08,玉米0809,9024.0,1705.0,1708.0
2007-09-26,C0809,1710.0,1738.0,1706.0,1731.0,5748.0,9929.14,玉米0809,11056.0,1727.0,1731.0
2007-09-27,C0809,1733.0,1752.0,1733.0,1744.0,9056.0,15815.19,玉米0809,13742.0,1746.0,1744.0
2007-09-28,C0809,1750.0,1754.0,1740.0,1752.0,6144.0,10727.72,玉米0809,14950.0,1746.0,1752.0
2007-10-08,C0809,1702.0,1750.0,1702.0,1745.0,9528.0,16569.22,玉米0809,17110.0,1739.0,1745.0
2007-10-09,C0809,1742.0,1758.0,1742.0,1751.0,10120.0,17719.39,玉米0809,20450.0,1750.0,1751.0
2007-10-10,C0809,1755.0,1756.0,1741.0,1746.0,8624.0,15056.65,玉米0809,19870.0,1745.0,1746.0
2007-10-11,C0809,1750.0,1752.0,1726.0,1727.0,11162.0,19375.33,玉米0809,22122.0,1735.0,1727.0
2007-10-12,C0809,1724.0,1732.0,1718.0,1729.0,8052.0,13879.49,玉米0809,22422.0,1723.0,1729.0
2007-10-15,C0809,1725.0,1743.0,1725.0,1742.0,8438.0,14642.66,玉米0809,23330.0,1735.0,1742.0
2007-10-16,C0809,1745.0,1749.0,1741.0,1746.0,8640.0,15080.13,玉米0809,23624.0,1745.0,1746.0
2007-10-17,C0809,1744.0,1746.0,1730.0,1732.0,12746.0,22137.37,玉米0809,24378.0,1736.0,1732.0
2007-10-18,C0809,1732.0,1739.0,1725.0,1737.0,11760.0,20354.87,玉米0809,24220.0,1730.0,1737.0
2007-10-19,C0809,1741.0,1749.0,1740.0,1743.0,12294.0,21452.57,玉米0809,26114.0,1744.0,1743.0
2007-10-22,C0809,1739.0,1739.0,1730.0,1733.0,9140.0,15843.92,玉米0809,25400.0,1733.0,1733.0
2007-10-23,C0809,1736.0,1738.0,1724.0,1736.0,12396.0,21460.36,玉米0809,24614.0,1731.0,1736.0
2007-10-24,C0809,1732.0,1741.0,1725.0,1730.0,15272.0,26465.09,玉米0809,28552.0,1732.0,1730.0
2007-10-25,C0809,1728.0,1731.0,1722.0,1726.0,13876.0,23942.75,玉米0809,26856.0,1725.0,1726.0
2007-10-26,C0809,1734.0,1739.0,1733.0,1736.0,9896.0,17185.65,玉米0809,24002.0,1736.0,1736.0
2007-10-29,C0809,1739.0,1805.0,1739.0,1804.0,77732.0,138613.64,玉米0809,49880.0,1783.0,1804.0
2007-10-30,C0809,1801.0,1806.0,1777.0,1787.0,51170.0,91665.02,玉米0809,50240.0,1791.0,1787.0
2007-10-31,C0809,1777.0,1797.0,1774.0,1785.0,24166.0,43152.71,玉米0809,48396.0,1785.0,1785.0
2007-11-01,C0809,1792.0,1805.0,1786.0,1794.0,19436.0,34885.43,玉米0809,51482.0,1794.0,1794.0
2007-11-02,C0809,1784.0,1811.0,1783.0,1806.0,38364.0,69062.02,玉米0809,59364.0,1800.0,1806.0
2007-11-05,C0809,1814.0,1835.0,1812.0,1827.0,33784.0,61656.33,玉米0809,64762.0,1825.0,1827.0
2007-11-06,C0809,1829.0,1848.0,1822.0,1838.0,31404.0,57728.98,玉米0809,71814.0,1838.0,1838.0
2007-11-07,C0809,1852.0,1859.0,1842.0,1844.0,30354.0,56164.06,玉米0809,74638.0,1850.0,1844.0
2007-11-08,C0809,1841.0,1851.0,1837.0,1844.0,13030.0,24040.65,玉米0809,73840.0,1845.0,1844.0
2007-11-09,C0809,1846.0,1852.0,1840.0,1850.0,18694.0,34545.12,玉米0809,79006.0,1847.0,1850.0
2007-11-12,C0809,1848.0,1860.0,1845.0,1846.0,22312.0,41323.78,玉米0809,79618.0,1852.0,1846.0
2007-11-13,C0809,1840.0,1853.0,1834.0,1852.0,19960.0,36816.52,玉米0809,78878.0,1844.0,1852.0
2007-11-14,C0809,1854.0,1859.0,1847.0,1854.0,21468.0,39788.42,玉米0809,81716.0,1853.0,1854.0
2007-11-15,C0809,1865.0,1873.0,1843.0,1846.0,52334.0,97249.82,玉米0809,81082.0,1858.0,1846.0
2007-11-16,C0809,1839.0,1855.0,1821.0,1823.0,50772.0,93112.46,玉米0809,74318.0,1833.0,1823.0
2007-11-19,C0809,1833.0,1841.0,1825.0,1833.0,24118.0,44203.86,玉米0809,69472.0,1832.0,1833.0
2007-11-20,C0809,1822.0,1826.0,1785.0,1797.0,58850.0,105941.55,玉米0809,67262.0,1800.0,1797.0
2007-11-21,C0809,1822.0,1830.0,1805.0,1830.0,32796.0,59593.53,玉米0809,70974.0,1817.0,1830.0
2007-11-22,C0809,1831.0,1859.0,1830.0,1859.0,50772.0,93899.55,玉米0809,81636.0,1849.0,1859.0
2007-11-23,C0809,1857.0,1881.0,1852.0,1876.0,91600.0,171353.31,玉米0809,108046.0,1870.0,1876.0
2007-11-26,C0809,1890.0,1890.0,1866.0,1871.0,50668.0,95114.01,玉米0809,106958.0,1877.0,1871.0
2007-11-27,C0809,1865.0,1872.0,1855.0,1862.0,41970.0,78220.71,玉米0809,105796.0,1863.0,1862.0
2007-11-28,C0809,1864.0,1873.0,1840.0,1844.0,62058.0,115314.01,玉米0809,105018.0,1858.0,1844.0
2007-11-29,C0809,1855.0,1860.0,1845.0,1849.0,36642.0,67877.69,玉米0809,104970.0,1852.0,1849.0
2007-11-30,C0809,1843.0,1846.0,1821.0,1830.0,53988.0,98770.5,玉米0809,100100.0,1829.0,1830.0
2007-12-03,C0809,1835.0,1844.0,1832.0,1838.0,32276.0,59307.41,玉米0809,99930.0,1837.0,1838.0
2007-12-04,C0809,1841.0,1848.0,1833.0,1841.0,31940.0,58721.69,玉米0809,96586.0,1838.0,1841.0
2007-12-05,C0809,1850.0,1850.0,1836.0,1840.0,23884.0,43992.3,玉米0809,97122.0,1841.0,1840.0
2007-12-06,C0809,1801.0,1840.0,1801.0,1815.0,53040.0,96823.64,玉米0809,92856.0,1825.0,1815.0
2007-12-07,C0809,1820.0,1824.0,1809.0,1823.0,33170.0,60257.59,玉米0809,90148.0,1816.0,1823.0
2007-12-10,C0809,1828.0,1831.0,1812.0,1828.0,24416.0,44480.26,玉米0809,89266.0,1821.0,1828.0
2007-12-11,C0809,1828.0,1835.0,1820.0,1823.0,25586.0,46805.8,玉米0809,88868.0,1829.0,1823.0
2007-12-12,C0809,1818.0,1825.0,1813.0,1820.0,21930.0,39881.92,玉米0809,85412.0,1818.0,1820.0
2007-12-13,C0809,1831.0,1834.0,1825.0,1828.0,26718.0,48864.51,玉米0809,90670.0,1828.0,1828.0
2007-12-14,C0809,1828.0,1832.0,1818.0,1828.0,38980.0,71101.75,玉米0809,99446.0,1824.0,1828.0
2007-12-17,C0809,1836.0,1874.0,1835.0,1862.0,143182.0,266436.8,玉米0809,134480.0,1860.0,1862.0
2007-12-18,C0809,1853.0,1854.0,1820.0,1822.0,148306.0,271673.52,玉米0809,121096.0,1831.0,1822.0
2007-12-19,C0809,1823.0,1832.0,1818.0,1827.0,47498.0,86755.19,玉米0809,117910.0,1826.0,1827.0
2007-12-20,C0809,1829.0,1830.0,1818.0,1824.0,56906.0,103746.88,玉米0809,123414.0,1823.0,1824.0
2007-12-21,C0809,1820.0,1828.0,1813.0,1819.0,57098.0,103966.06,玉米0809,128768.0,1820.0,1819.0
2007-12-24,C0809,1820.0,1842.0,1813.0,1821.0,186724.0,341467.89,玉米0809,146446.0,1828.0,1821.0
2007-12-25,C0809,1821.0,1823.0,1815.0,1817.0,70674.0,128485.32,玉米0809,154238.0,1817.0,1817.0
2007-12-26,C0809,1819.0,1842.0,1817.0,1838.0,169738.0,311114.91,玉米0809,173188.0,1832.0,1838.0
2007-12-27,C0809,1848.0,1848.0,1808.0,1813.0,170428.0,310955.42,玉米0809,172674.0,1824.0,1813.0
2007-12-28,C0809,1814.0,1825.0,1801.0,1815.0,156594.0,283824.04,玉米0809,181892.0,1812.0,1815.0
2008-01-02,C0809,1816.0,1818.0,1790.0,1798.0,167540.0,302207.48,玉米0809,220108.0,1803.0,1798.0
2008-01-03,C0809,1808.0,1812.0,1801.0,1805.0,166466.0,300835.38,玉米0809,235948.0,1807.0,1805.0
2008-01-04,C0809,1810.0,1830.0,1804.0,1823.0,250098.0,455350.63,玉米0809,263810.0,1820.0,1823.0
2008-01-07,C0809,1816.0,1844.0,1815.0,1844.0,295200.0,540211.93,玉米0809,324038.0,1829.0,1844.0
2008-01-08,C0809,1842.0,1850.0,1825.0,1833.0,363298.0,667527.29,玉米0809,331422.0,1837.0,1833.0
2008-01-09,C0809,1843.0,1844.0,1828.0,1841.0,263300.0,483440.93,玉米0809,363022.0,1836.0,1841.0
2008-01-10,C0809,1833.0,1845.0,1832.0,1836.0,277482.0,509977.95,玉米0809,371550.0,1837.0,1836.0
2008-01-11,C0809,1838.0,1839.0,1830.0,1832.0,180766.0,331701.97,玉米0809,364550.0,1834.0,1832.0
2008-01-14,C0809,1850.0,1850.0,1836.0,1840.0,371730.0,684749.7,玉米0809,417680.0,1842.0,1840.0
2008-01-15,C0809,1839.0,1842.0,1805.0,1810.0,388874.0,708937.77,玉米0809,420258.0,1823.0,1810.0
2008-01-16,C0809,1809.0,1813.0,1778.0,1798.0,544866.0,979580.94,玉米0809,422800.0,1797.0,1798.0
2008-01-17,C0809,1792.0,1803.0,1785.0,1799.0,252188.0,452576.12,玉米0809,408072.0,1794.0,1799.0
2008-01-18,C0809,1794.0,1795.0,1766.0,1778.0,501686.0,892221.31,玉米0809,433596.0,1778.0,1778.0
2008-01-21,C0809,1781.0,1781.0,1736.0,1739.0,705728.0,1239904.66,玉米0809,459314.0,1756.0,1739.0
2008-01-22,C0809,1710.0,1738.0,1709.0,1724.0,599592.0,1033415.25,玉米0809,415150.0,1723.0,1724.0
2008-01-23,C0809,1739.0,1744.0,1721.0,1734.0,292478.0,506094.4,玉米0809,414392.0,1730.0,1734.0
2008-01-24,C0809,1722.0,1733.0,1719.0,1730.0,218266.0,377214.53,玉米0809,404898.0,1728.0,1730.0
2008-01-25,C0809,1735.0,1743.0,1733.0,1739.0,187998.0,326858.23,玉米0809,403110.0,1738.0,1739.0
2008-01-28,C0809,1737.0,1750.0,1736.0,1745.0,188516.0,328941.26,玉米0809,399372.0,1744.0,1745.0
2008-01-29,C0809,1748.0,1753.0,1741.0,1752.0,140278.0,244785.77,玉米0809,392238.0,1745.0,1752.0
2008-01-30,C0809,1750.0,1755.0,1744.0,1753.0,213620.0,373763.19,玉米0809,395420.0,1749.0,1753.0
2008-01-31,C0809,1750.0,1751.0,1737.0,1744.0,235750.0,411319.12,玉米0809,416996.0,1744.0,1744.0
2008-02-01,C0809,1750.0,1761.0,1745.0,1760.0,200146.0,350809.0,玉米0809,394460.0,1752.0,1760.0
2008-02-04,C0809,1769.0,1783.0,1758.0,1776.0,226832.0,402191.64,玉米0809,387154.0,1773.0,1776.0
2008-02-05,C0809,1782.0,1785.0,1772.0,1780.0,128780.0,229103.36,玉米0809,387232.0,1779.0,1780.0
2008-02-13,C0809,1774.0,1782.0,1757.0,1782.0,254096.0,449448.23,玉米0809,414818.0,1768.0,1782.0
2008-02-14,C0809,1780.0,1808.0,1775.0,1796.0,609134.0,1093582.18,玉米0809,518282.0,1795.0,1796.0
2008-02-15,C0809,1802.0,1810.0,1780.0,1782.0,542488.0,974851.6,玉米0809,504612.0,1797.0,1782.0
2008-02-18,C0809,1783.0,1827.0,1782.0,1819.0,1075912.0,1947025.23,玉米0809,628274.0,1809.0,1819.0
2008-02-19,C0809,1821.0,1826.0,1797.0,1807.0,660904.0,1196879.53,玉米0809,630622.0,1810.0,1807.0
2008-02-20,C0809,1810.0,1823.0,1797.0,1798.0,870076.0,1575373.61,玉米0809,652440.0,1810.0,1798.0
2008-02-21,C0809,1806.0,1815.0,1800.0,1805.0,441890.0,798380.52,玉米0809,669880.0,1806.0,1805.0
2008-02-22,C0809,1798.0,1801.0,1787.0,1789.0,382702.0,686005.13,玉米0809,661702.0,1792.0,1789.0
2008-02-25,C0809,1798.0,1818.0,1795.0,1810.0,605664.0,1095815.77,玉米0809,686962.0,1809.0,1810.0
2008-02-26,C0809,1816.0,1821.0,1790.0,1793.0,599558.0,1081253.85,玉米0809,671664.0,1803.0,1793.0
2008-02-27,C0809,1803.0,1806.0,1784.0,1788.0,563876.0,1011934.28,玉米0809,684722.0,1794.0,1788.0
2008-02-28,C0809,1787.0,1792.0,1781.0,1790.0,312278.0,557939.74,玉米0809,655646.0,1786.0,1790.0
2008-02-29,C0809,1800.0,1815.0,1793.0,1811.0,734990.0,1328054.31,玉米0809,729238.0,1806.0,1811.0
2008-03-03,C0809,1818.0,1878.0,1815.0,1878.0,1283144.0,2382053.91,玉米0809,830164.0,1856.0,1878.0
2008-03-04,C0809,1880.0,1900.0,1828.0,1858.0,1239378.0,2317473.21,玉米0809,791902.0,1869.0,1858.0
2008-03-05,C0809,1840.0,1871.0,1829.0,1862.0,1137440.0,2107158.42,玉米0809,837494.0,1852.0,1862.0
2008-03-06,C0809,1875.0,1889.0,1841.0,1860.0,1044776.0,1951862.42,玉米0809,879602.0,1868.0,1860.0
2008-03-07,C0809,1837.0,1857.0,1835.0,1835.0,904712.0,1668735.03,玉米0809,747540.0,1844.0,1835.0
2008-03-10,C0809,1800.0,1818.0,1795.0,1811.0,909492.0,1644737.68,玉米0809,700814.0,1808.0,1811.0
2008-03-11,C0809,1832.0,1841.0,1826.0,1838.0,503246.0,923265.5,玉米0809,696986.0,1834.0,1838.0
2008-03-12,C0809,1837.0,1840.0,1803.0,1812.0,578814.0,1054153.45,玉米0809,680932.0,1821.0,1812.0
2008-03-13,C0809,1815.0,1821.0,1802.0,1820.0,410798.0,744884.91,玉米0809,698044.0,1813.0,1820.0
2008-03-14,C0809,1820.0,1824.0,1810.0,1817.0,279908.0,508432.56,玉米0809,688616.0,1816.0,1817.0
2008-03-17,C0809,1800.0,1818.0,1800.0,1813.0,354780.0,642611.15,玉米0809,654972.0,1811.0,1813.0
2008-03-18,C0809,1790.0,1794.0,1740.0,1751.0,1579158.0,2781329.6,玉米0809,536036.0,1761.0,1751.0
2008-03-19,C0809,1770.0,1799.0,1764.0,1794.0,780064.0,1387937.16,玉米0809,495380.0,1779.0,1794.0
2008-03-20,C0809,1750.0,1794.0,1736.0,1789.0,1609872.0,2842458.86,玉米0809,491490.0,1765.0,1789.0
2008-03-21,C0809,1769.0,1797.0,1769.0,1782.0,550792.0,982494.15,玉米0809,489424.0,1783.0,1782.0
2008-03-24,C0809,1789.0,1793.0,1774.0,1776.0,354144.0,630664.91,玉米0809,488376.0,1780.0,1776.0
2008-03-25,C0809,1789.0,1792.0,1765.0,1776.0,375300.0,666467.46,玉米0809,481708.0,1775.0,1776.0
2008-03-26,C0809,1786.0,1786.0,1770.0,1773.0,361964.0,643636.62,玉米0809,489528.0,1778.0,1773.0
2008-03-27,C0809,1773.0,1778.0,1767.0,1773.0,197492.0,350178.6,玉米0809,481014.0,1773.0,1773.0
2008-03-28,C0809,1775.0,1779.0,1768.0,1778.0,199890.0,354511.93,玉米0809,459746.0,1773.0,1778.0
2008-03-31,C0809,1780.0,1805.0,1776.0,1796.0,362270.0,648581.84,玉米0809,488452.0,1790.0,1796.0
2008-04-01,C0809,1774.0,1784.0,1751.0,1763.0,523186.0,925340.55,玉米0809,447144.0,1768.0,1763.0
2008-04-02,C0809,1777.0,1783.0,1769.0,1773.0,153166.0,271930.97,玉米0809,434120.0,1775.0,1773.0
2008-04-03,C0809,1780.0,1782.0,1769.0,1771.0,105082.0,186385.75,玉米0809,432276.0,1773.0,1771.0
2008-04-07,C0809,1766.0,1773.0,1763.0,1768.0,98638.0,174276.37,玉米0809,426690.0,1766.0,1768.0
2008-04-08,C0809,1762.0,1766.0,1746.0,1750.0,132274.0,232028.49,玉米0809,427936.0,1754.0,1750.0
2008-04-09,C0809,1753.0,1758.0,1745.0,1755.0,89408.0,156776.85,玉米0809,424476.0,1753.0,1755.0
2008-04-10,C0809,1765.0,1768.0,1756.0,1762.0,74470.0,131154.84,玉米0809,418476.0,1761.0,1762.0
2008-04-11,C0809,1758.0,1776.0,1754.0,1770.0,123850.0,218668.95,玉米0809,406594.0,1765.0,1770.0
2008-04-14,C0809,1770.0,1788.0,1768.0,1785.0,103074.0,183587.81,玉米0809,397066.0,1781.0,1785.0
2008-04-15,C0809,1795.0,1800.0,1785.0,1791.0,63184.0,113263.8,玉米0809,397672.0,1792.0,1791.0
2008-04-16,C0809,1792.0,1795.0,1787.0,1787.0,52816.0,94554.97,玉米0809,393020.0,1790.0,1787.0
2008-04-17,C0809,1785.0,1791.0,1782.0,1784.0,33700.0,60210.37,玉米0809,382702.0,1786.0,1784.0
2008-04-18,C0809,1788.0,1793.0,1783.0,1785.0,43050.0,76952.59,玉米0809,373628.0,1787.0,1785.0
2008-04-21,C0809,1780.0,1784.0,1769.0,1772.0,78534.0,139325.39,玉米0809,354158.0,1774.0,1772.0
2008-04-22,C0809,1766.0,1778.0,1765.0,1773.0,42786.0,75946.84,玉米0809,348324.0,1775.0,1773.0
2008-04-23,C0809,1786.0,1786.0,1773.0,1776.0,45234.0,80387.3,玉米0809,349096.0,1777.0,1776.0
2008-04-24,C0809,1772.0,1785.0,1768.0,1780.0,59260.0,105242.84,玉米0809,338428.0,1775.0,1780.0
2008-04-25,C0809,1775.0,1784.0,1773.0,1782.0,41198.0,73344.07,玉米0809,341812.0,1780.0,1782.0
2008-04-28,C0809,1780.0,1818.0,1779.0,1815.0,151454.0,274213.37,玉米0809,352532.0,1810.0,1815.0
2008-04-29,C0809,1819.0,1824.0,1810.0,1813.0,58622.0,106428.18,玉米0809,344264.0,1815.0,1813.0
2008-04-30,C0809,1810.0,1819.0,1806.0,1818.0,41692.0,75571.47,玉米0809,337886.0,1812.0,1818.0
2008-05-05,C0809,1816.0,1830.0,1815.0,1817.0,42924.0,78278.99,玉米0809,337298.0,1823.0,1817.0
2008-05-06,C0809,1815.0,1826.0,1813.0,1823.0,39518.0,71929.92,玉米0809,333260.0,1820.0,1823.0
2008-05-07,C0809,1827.0,1830.0,1818.0,1820.0,39112.0,71370.91,玉米0809,335460.0,1824.0,1820.0
2008-05-08,C0809,1823.0,1831.0,1819.0,1825.0,40852.0,74554.47,玉米0809,333246.0,1824.0,1825.0
2008-05-09,C0809,1830.0,1835.0,1823.0,1827.0,52518.0,95947.29,玉米0809,325868.0,1826.0,1827.0
2008-05-12,C0809,1831.0,1840.0,1827.0,1835.0,78752.0,144339.9,玉米0809,319316.0,1832.0,1835.0
2008-05-13,C0809,1829.0,1833.0,1823.0,1825.0,39772.0,72700.24,玉米0809,316734.0,1827.0,1825.0
2008-05-14,C0809,1826.0,1828.0,1807.0,1808.0,42368.0,76893.02,玉米0809,306132.0,1814.0,1808.0
2008-05-15,C0809,1803.0,1812.0,1801.0,1803.0,28878.0,52137.41,玉米0809,302290.0,1805.0,1803.0
2008-05-16,C0809,1803.0,1809.0,1803.0,1806.0,15536.0,28055.22,玉米0809,299320.0,1805.0,1806.0
2008-05-19,C0809,1793.0,1800.0,1778.0,1783.0,57858.0,103304.29,玉米0809,273006.0,1785.0,1783.0
2008-05-20,C0809,1781.0,1793.0,1780.0,1791.0,27158.0,48556.57,玉米0809,267578.0,1787.0,1791.0
2008-05-21,C0809,1792.0,1792.0,1772.0,1774.0,36212.0,64402.55,玉米0809,247664.0,1778.0,1774.0
2008-05-22,C0809,1778.0,1787.0,1773.0,1775.0,21734.0,38670.6,玉米0809,241574.0,1779.0,1775.0
2008-05-23,C0809,1771.0,1781.0,1763.0,1775.0,34274.0,60674.27,玉米0809,227536.0,1770.0,1775.0
2008-05-26,C0809,1783.0,1783.0,1762.0,1781.0,35558.0,63039.65,玉米0809,221660.0,1772.0,1781.0
2008-05-27,C0809,1780.0,1788.0,1774.0,1783.0,15910.0,28347.97,玉米0809,217022.0,1781.0,1783.0
2008-05-28,C0809,1776.0,1781.0,1774.0,1777.0,14208.0,25252.35,玉米0809,211778.0,1777.0,1777.0
2008-05-29,C0809,1776.0,1777.0,1766.0,1768.0,16456.0,29135.99,玉米0809,206606.0,1770.0,1768.0
2008-05-30,C0809,1763.0,1766.0,1757.0,1761.0,27280.0,48058.25,玉米0809,197816.0,1761.0,1761.0
2008-06-02,C0809,1766.0,1771.0,1762.0,1763.0,16356.0,28882.69,玉米0809,195894.0,1765.0,1763.0
2008-06-03,C0809,1765.0,1772.0,1764.0,1768.0,22294.0,39401.05,玉米0809,186020.0,1767.0,1768.0
2008-06-04,C0809,1765.0,1768.0,1761.0,1763.0,5024.0,8861.92,玉米0809,184608.0,1763.0,1763.0
2008-06-05,C0809,1767.0,1769.0,1760.0,1761.0,10692.0,18850.97,玉米0809,181730.0,1763.0,1761.0
2008-06-06,C0809,1767.0,1793.0,1765.0,1771.0,37550.0,66762.65,玉米0809,171854.0,1777.0,1771.0
2008-06-10,C0809,1778.0,1781.0,1775.0,1779.0,16392.0,29161.16,玉米0809,170360.0,1778.0,1779.0
2008-06-11,C0809,1779.0,1786.0,1763.0,1767.0,15472.0,27462.2,玉米0809,166766.0,1774.0,1767.0
2008-06-12,C0809,1776.0,1786.0,1769.0,1773.0,26374.0,46899.99,玉米0809,159496.0,1778.0,1773.0
2008-06-13,C0809,1773.0,1781.0,1764.0,1777.0,15058.0,26720.5,玉米0809,157634.0,1774.0,1777.0
2008-06-16,C0809,1781.0,1790.0,1778.0,1779.0,20912.0,37243.37,玉米0809,154122.0,1780.0,1779.0
2008-06-17,C0809,1773.0,1776.0,1768.0,1773.0,8344.0,14779.41,玉米0809,149400.0,1771.0,1773.0
2008-06-18,C0809,1774.0,1776.0,1770.0,1772.0,8636.0,15305.07,玉米0809,146498.0,1772.0,1772.0
2008-06-19,C0809,1775.0,1776.0,1769.0,1770.0,14626.0,25912.23,玉米0809,141426.0,1771.0,1770.0
2008-06-20,C0809,1770.0,1790.0,1765.0,1774.0,17336.0,30801.06,玉米0809,141658.0,1776.0,1774.0
2008-06-23,C0809,1771.0,1785.0,1769.0,1781.0,15322.0,27275.6,玉米0809,142312.0,1780.0,1781.0
2008-06-24,C0809,1780.0,1789.0,1777.0,1782.0,21026.0,37491.36,玉米0809,134400.0,1783.0,1782.0
2008-06-25,C0809,1782.0,1782.0,1774.0,1780.0,7668.0,13642.92,玉米0809,130442.0,1779.0,1780.0
2008-06-26,C0809,1784.0,1786.0,1779.0,1782.0,4330.0,7716.04,玉米0809,130220.0,1781.0,1782.0
2008-06-27,C0809,1786.0,1789.0,1779.0,1781.0,10900.0,19442.75,玉米0809,128166.0,1783.0,1781.0
2008-06-30,C0809,1783.0,1795.0,1781.0,1793.0,17892.0,32020.35,玉米0809,133324.0,1789.0,1793.0
2008-07-01,C0809,1786.0,1789.0,1781.0,1783.0,6190.0,11041.34,玉米0809,132428.0,1783.0,1783.0
2008-07-02,C0809,1786.0,1788.0,1781.0,1785.0,4468.0,7970.72,玉米0809,132310.0,1783.0,1785.0
2008-07-03,C0809,1790.0,1793.0,1774.0,1782.0,12818.0,22876.45,玉米0809,130356.0,1784.0,1782.0
2008-07-04,C0809,1780.0,1785.0,1780.0,1784.0,3730.0,6649.84,玉米0809,129138.0,1782.0,1784.0
2008-07-07,C0809,1780.0,1782.0,1767.0,1768.0,13734.0,24342.94,玉米0809,121668.0,1772.0,1768.0
2008-07-08,C0809,1761.0,1762.0,1750.0,1753.0,34064.0,59778.39,玉米0809,107504.0,1754.0,1753.0
2008-07-09,C0809,1753.0,1759.0,1750.0,1753.0,10404.0,18260.38,玉米0809,103968.0,1755.0,1753.0
2008-07-10,C0809,1756.0,1759.0,1745.0,1750.0,13188.0,23102.35,玉米0809,105618.0,1751.0,1750.0
2008-07-11,C0809,1750.0,1820.0,1740.0,1772.0,31256.0,55112.33,玉米0809,98322.0,1763.0,1772.0
2008-07-14,C0809,1770.0,1777.0,1757.0,1763.0,2640.0,4662.03,玉米0809,97978.0,1765.0,1763.0
2008-07-15,C0809,1763.0,1779.0,1762.0,1774.0,7284.0,12908.5,玉米0809,101220.0,1772.0,1774.0
2008-07-16,C0809,1770.0,1783.0,1769.0,1776.0,6024.0,10709.26,玉米0809,102594.0,1777.0,1776.0
2008-07-17,C0809,1783.0,1784.0,1776.0,1776.0,1874.0,3336.81,玉米0809,102812.0,1780.0,1776.0
2008-07-18,C0809,1771.0,1773.0,1765.0,1769.0,7350.0,13005.53,玉米0809,104578.0,1769.0,1769.0
2008-07-21,C0809,1759.0,1766.0,1752.0,1759.0,14448.0,25419.57,玉米0809,99432.0,1759.0,1759.0
2008-07-22,C0809,1751.0,1765.0,1751.0,1764.0,7114.0,12504.83,玉米0809,99698.0,1757.0,1764.0
2008-07-23,C0809,1763.0,1763.0,1757.0,1759.0,5382.0,9471.62,玉米0809,99740.0,1759.0,1759.0
2008-07-24,C0809,1760.0,1763.0,1757.0,1762.0,3140.0,5526.32,玉米0809,99192.0,1759.0,1762.0
2008-07-25,C0809,1761.0,1767.0,1760.0,1764.0,5612.0,9906.48,玉米0809,101676.0,1765.0,1764.0
2008-07-28,C0809,1768.0,1768.0,1750.0,1759.0,7054.0,12414.04,玉米0809,104632.0,1759.0,1759.0
2008-07-29,C0809,1758.0,1760.0,1741.0,1742.0,10892.0,19035.18,玉米0809,104344.0,1747.0,1742.0
2008-07-30,C0809,1744.0,1745.0,1732.0,1738.0,8318.0,14460.56,玉米0809,102892.0,1738.0,1738.0
2008-07-31,C0809,1739.0,1743.0,1721.0,1723.0,7910.0,13682.55,玉米0809,100330.0,1729.0,1723.0
2008-08-01,C0809,1718.0,1718.0,1696.0,1710.0,14658.0,25035.38,玉米0809,96294.0,1707.0,1710.0
2008-08-04,C0809,1703.0,1705.0,1689.0,1695.0,17500.0,29680.18,玉米0809,89086.0,1696.0,1695.0
2008-08-05,C0809,1695.0,1705.0,1677.0,1687.0,10488.0,17736.36,玉米0809,88262.0,1691.0,1687.0
2008-08-06,C0809,1691.0,1697.0,1686.0,1690.0,4644.0,7849.68,玉米0809,86600.0,1690.0,1690.0
2008-08-07,C0809,1681.0,1692.0,1681.0,1691.0,2930.0,4941.72,玉米0809,85924.0,1686.0,1691.0
2008-08-08,C0809,1691.0,1700.0,1677.0,1685.0,7870.0,13247.52,玉米0809,82826.0,1683.0,1685.0
2008-08-11,C0809,1676.0,1678.0,1641.0,1666.0,2726.0,4548.57,玉米0809,81506.0,1668.0,1666.0
2008-08-12,C0809,1680.0,1683.0,1662.0,1680.0,1314.0,2202.88,玉米0809,81706.0,1676.0,1680.0
2008-08-13,C0809,1688.0,1688.0,1672.0,1685.0,3284.0,5508.73,玉米0809,82060.0,1677.0,1685.0
2008-08-14,C0809,1688.0,1688.0,1665.0,1669.0,2028.0,3403.57,玉米0809,81048.0,1678.0,1669.0
2008-08-15,C0809,1651.0,1661.0,1642.0,1647.0,4934.0,8150.6,玉米0809,78076.0,1651.0,1647.0
2008-08-18,C0809,1645.0,1648.0,1635.0,1641.0,1388.0,2277.31,玉米0809,77910.0,1640.0,1641.0
2008-08-19,C0809,1636.0,1636.0,1622.0,1635.0,4622.0,7528.53,玉米0809,77704.0,1628.0,1635.0
2008-08-20,C0809,1639.0,1651.0,1630.0,1650.0,4292.0,7043.07,玉米0809,74402.0,1640.0,1650.0
2008-08-21,C0809,1642.0,1651.0,1641.0,1648.0,1038.0,1709.62,玉米0809,74160.0,1647.0,1648.0
2008-08-22,C0809,1650.0,1654.0,1644.0,1647.0,4376.0,7217.65,玉米0809,71188.0,1649.0,1647.0
2008-08-25,C0809,1639.0,1653.0,1639.0,1653.0,2280.0,3761.16,玉米0809,70230.0,1649.0,1653.0
2008-08-26,C0809,1650.0,1664.0,1650.0,1658.0,4026.0,6668.11,玉米0809,65652.0,1656.0,1658.0
2008-08-27,C0809,1660.0,1669.0,1653.0,1657.0,960.0,1595.39,玉米0809,61708.0,1661.0,1657.0
2008-08-28,C0809,1645.0,1667.0,1645.0,1666.0,3236.0,5356.9,玉米0809,59020.0,1655.0,1666.0
2008-08-29,C0809,1650.0,1665.0,1649.0,1650.0,7772.0,12857.96,玉米0809,58136.0,1654.0,1650.0
2008-09-01,C0809,1654.0,1654.0,1650.0,1650.0,802.0,1323.34,玉米0809,15402.0,1650.0,1650.0
2008-09-02,C0809,1654.0,1670.0,1645.0,1645.0,16920.0,27978.4,玉米0809,14696.0,1653.0,1645.0
2008-09-03,C0809,1650.0,1659.0,1650.0,1652.0,804.0,1328.61,玉米0809,10194.0,1652.0,1652.0
2008-09-04,C0809,1663.0,1663.0,1633.0,1633.0,2088.0,3461.88,玉米0809,4002.0,1657.0,1633.0
2008-09-05,C0809,0.0,0.0,0.0,1657.0,0.0,0.0,玉米0809,2284.0,1657.0,1657.0
2008-09-08,C0809,0.0,0.0,0.0,1657.0,0.0,0.0,玉米0809,1924.0,1657.0,1657.0
2008-09-09,C0809,1650.0,1650.0,1650.0,1650.0,302.0,498.3,玉米0809,526.0,1650.0,1650.0
2008-09-10,C0809,0.0,0.0,0.0,1650.0,0.0,0.0,玉米0809,386.0,1650.0,1650.0
2008-09-11,C0809,0.0,0.0,0.0,1650.0,0.0,0.0,玉米0809,386.0,1650.0,1650.0
2008-09-12,C0809,0.0,0.0,0.0,1650.0,0.0,0.0,玉米0809,0.0,1653.0,1650.0
