date,symbol,open,high,low,close,volume,amount,name,openinterest,settleprice,price
2007-01-18,C0801,1800.0,1805.0,1752.0,1761.0,2748.0,4881.23,玉米0801,1956.0,1776.0,1761.0
2007-01-19,C0801,1760.0,1760.0,1731.0,1740.0,1768.0,3081.25,玉米0801,3062.0,1742.0,1740.0
2007-01-22,C0801,1711.0,1733.0,1711.0,1730.0,1184.0,2045.09,玉米0801,3388.0,1727.0,1730.0
2007-01-23,C0801,1735.0,1736.0,1723.0,1724.0,1680.0,2906.15,玉米0801,4708.0,1729.0,1724.0
2007-01-24,C0801,1732.0,1732.0,1700.0,1705.0,1430.0,2449.76,玉米0801,4878.0,1713.0,1705.0
2007-01-25,C0801,1708.0,1713.0,1700.0,1712.0,1086.0,1855.91,玉米0801,5306.0,1708.0,1712.0
2007-01-26,C0801,1714.0,1714.0,1700.0,1706.0,2558.0,4367.55,玉米0801,6648.0,1707.0,1706.0
2007-01-29,C0801,1705.0,1715.0,1705.0,1712.0,1110.0,1898.5,玉米0801,7286.0,1710.0,1712.0
2007-01-30,C0801,1708.0,1708.0,1699.0,1706.0,1104.0,1880.51,玉米0801,7390.0,1703.0,1706.0
2007-01-31,C0801,1714.0,1716.0,1706.0,1715.0,1152.0,1972.15,玉米0801,7566.0,1711.0,1715.0
2007-02-01,C0801,1711.0,1719.0,1708.0,1717.0,1348.0,2309.87,玉米0801,8100.0,1713.0,1717.0
2007-02-02,C0801,1701.0,1713.0,1701.0,1708.0,346.0,590.68,玉米0801,8060.0,1707.0,1708.0
2007-02-05,C0801,1720.0,1725.0,1715.0,1717.0,3350.0,5756.9,玉米0801,7986.0,1718.0,1717.0
2007-02-06,C0801,1710.0,1716.0,1710.0,1715.0,1050.0,1798.32,玉米0801,8304.0,1712.0,1715.0
2007-02-07,C0801,1715.0,1715.0,1708.0,1714.0,406.0,695.37,玉米0801,8368.0,1712.0,1714.0
2007-02-08,C0801,1711.0,1712.0,1706.0,1706.0,634.0,1083.07,玉米0801,8308.0,1708.0,1706.0
2007-02-09,C0801,1715.0,1715.0,1708.0,1710.0,398.0,680.65,玉米0801,8296.0,1710.0,1710.0
2007-02-12,C0801,1711.0,1712.0,1700.0,1704.0,2322.0,3956.97,玉米0801,8272.0,1704.0,1704.0
2007-02-13,C0801,1700.0,1704.0,1680.0,1683.0,2552.0,4317.63,玉米0801,8940.0,1691.0,1683.0
2007-02-14,C0801,1699.0,1699.0,1660.0,1660.0,4344.0,7259.95,玉米0801,11302.0,1671.0,1660.0
2007-02-15,C0801,1662.0,1670.0,1652.0,1664.0,5686.0,9437.21,玉米0801,12624.0,1659.0,1664.0
2007-02-16,C0801,1665.0,1668.0,1658.0,1666.0,2238.0,3724.2,玉米0801,11824.0,1664.0,1666.0
2007-02-26,C0801,1684.0,1706.0,1669.0,1699.0,5610.0,9493.58,玉米0801,12784.0,1692.0,1699.0
2007-02-27,C0801,1697.0,1699.0,1684.0,1686.0,3958.0,6706.24,玉米0801,14268.0,1694.0,1686.0
2007-02-28,C0801,1671.0,1684.0,1661.0,1673.0,8136.0,13568.55,玉米0801,16664.0,1667.0,1673.0
2007-03-01,C0801,1687.0,1687.0,1667.0,1668.0,5136.0,8609.11,玉米0801,17582.0,1676.0,1668.0
2007-03-02,C0801,1666.0,1670.0,1658.0,1670.0,2388.0,3973.35,玉米0801,17586.0,1663.0,1670.0
2007-03-05,C0801,1660.0,1670.0,1660.0,1666.0,1312.0,2185.31,玉米0801,17526.0,1665.0,1666.0
2007-03-06,C0801,1670.0,1676.0,1670.0,1675.0,1504.0,2515.79,玉米0801,17662.0,1672.0,1675.0
2007-03-07,C0801,1670.0,1674.0,1667.0,1672.0,854.0,1426.06,玉米0801,17732.0,1669.0,1672.0
2007-03-08,C0801,1671.0,1672.0,1660.0,1666.0,4448.0,7397.26,玉米0801,19642.0,1663.0,1666.0
2007-03-09,C0801,1666.0,1666.0,1645.0,1648.0,8874.0,14659.14,玉米0801,20994.0,1651.0,1648.0
2007-03-12,C0801,1642.0,1663.0,1642.0,1660.0,11740.0,19432.38,玉米0801,27340.0,1655.0,1660.0
2007-03-13,C0801,1655.0,1665.0,1655.0,1663.0,12308.0,20440.56,玉米0801,33602.0,1660.0,1663.0
2007-03-14,C0801,1659.0,1663.0,1657.0,1660.0,9918.0,16463.13,玉米0801,37690.0,1659.0,1660.0
2007-03-15,C0801,1665.0,1665.0,1662.0,1664.0,4974.0,8274.18,玉米0801,38030.0,1663.0,1664.0
2007-03-16,C0801,1656.0,1662.0,1654.0,1661.0,4266.0,7073.17,玉米0801,38448.0,1658.0,1661.0
2007-03-19,C0801,1665.0,1669.0,1663.0,1667.0,6856.0,11427.46,玉米0801,39058.0,1666.0,1667.0
2007-03-20,C0801,1664.0,1670.0,1660.0,1666.0,5632.0,9372.45,玉米0801,38324.0,1664.0,1666.0
2007-03-21,C0801,1673.0,1673.0,1665.0,1667.0,3092.0,5162.71,玉米0801,38554.0,1669.0,1667.0
2007-03-22,C0801,1666.0,1667.0,1659.0,1661.0,4956.0,8231.98,玉米0801,38380.0,1661.0,1661.0
2007-03-23,C0801,1664.0,1664.0,1655.0,1659.0,6884.0,11412.74,玉米0801,37354.0,1657.0,1659.0
2007-03-26,C0801,1658.0,1659.0,1651.0,1654.0,6584.0,10892.58,玉米0801,35868.0,1654.0,1654.0
2007-03-27,C0801,1650.0,1658.0,1646.0,1657.0,4788.0,7911.07,玉米0801,36352.0,1652.0,1657.0
2007-03-28,C0801,1652.0,1661.0,1652.0,1661.0,2200.0,3648.47,玉米0801,35988.0,1658.0,1661.0
2007-03-29,C0801,1660.0,1660.0,1655.0,1657.0,1300.0,2154.07,玉米0801,35724.0,1656.0,1657.0
2007-03-30,C0801,1658.0,1665.0,1658.0,1664.0,5114.0,8492.83,玉米0801,33742.0,1660.0,1664.0
2007-04-02,C0801,1594.0,1644.0,1594.0,1642.0,11772.0,19195.57,玉米0801,33488.0,1630.0,1642.0
2007-04-03,C0801,1635.0,1651.0,1635.0,1649.0,3322.0,5472.5,玉米0801,33606.0,1647.0,1649.0
2007-04-04,C0801,1646.0,1658.0,1646.0,1658.0,2026.0,3346.19,玉米0801,33978.0,1651.0,1658.0
2007-04-05,C0801,1664.0,1664.0,1654.0,1656.0,2280.0,3779.94,玉米0801,34522.0,1657.0,1656.0
2007-04-06,C0801,1656.0,1659.0,1648.0,1652.0,4416.0,7294.04,玉米0801,35270.0,1651.0,1652.0
2007-04-09,C0801,1660.0,1678.0,1659.0,1675.0,10946.0,18270.16,玉米0801,39034.0,1669.0,1675.0
2007-04-10,C0801,1671.0,1675.0,1660.0,1673.0,8364.0,13940.84,玉米0801,38468.0,1666.0,1673.0
2007-04-11,C0801,1676.0,1687.0,1672.0,1685.0,31852.0,53599.71,玉米0801,55226.0,1682.0,1685.0
2007-04-12,C0801,1682.0,1686.0,1675.0,1679.0,35104.0,59008.62,玉米0801,68266.0,1680.0,1679.0
2007-04-13,C0801,1683.0,1683.0,1663.0,1667.0,25284.0,42225.7,玉米0801,62922.0,1670.0,1667.0
2007-04-16,C0801,1670.0,1674.0,1655.0,1673.0,27758.0,46189.86,玉米0801,68124.0,1664.0,1673.0
2007-04-17,C0801,1676.0,1682.0,1669.0,1672.0,35236.0,59066.0,玉米0801,77870.0,1676.0,1672.0
2007-04-18,C0801,1662.0,1668.0,1643.0,1659.0,67140.0,111229.05,玉米0801,80442.0,1656.0,1659.0
2007-04-19,C0801,1666.0,1670.0,1653.0,1659.0,27300.0,45289.12,玉米0801,82804.0,1658.0,1659.0
2007-04-20,C0801,1664.0,1664.0,1641.0,1651.0,45350.0,74773.16,玉米0801,81538.0,1648.0,1651.0
2007-04-23,C0801,1643.0,1662.0,1643.0,1661.0,16930.0,27973.41,玉米0801,81530.0,1652.0,1661.0
2007-04-24,C0801,1656.0,1661.0,1653.0,1656.0,18438.0,30544.52,玉米0801,82224.0,1656.0,1656.0
2007-04-25,C0801,1659.0,1662.0,1653.0,1658.0,10234.0,16970.41,玉米0801,83260.0,1658.0,1658.0
2007-04-26,C0801,1668.0,1684.0,1667.0,1678.0,35576.0,59672.33,玉米0801,88422.0,1677.0,1678.0
2007-04-27,C0801,1670.0,1676.0,1664.0,1670.0,23312.0,38925.38,玉米0801,86672.0,1669.0,1670.0
2007-04-30,C0801,1660.0,1672.0,1658.0,1670.0,26260.0,43745.27,玉米0801,86686.0,1665.0,1670.0
2007-05-08,C0801,1664.0,1685.0,1664.0,1684.0,28456.0,47785.35,玉米0801,96482.0,1679.0,1684.0
2007-05-09,C0801,1680.0,1703.0,1680.0,1701.0,73672.0,125033.32,玉米0801,128792.0,1697.0,1701.0
2007-05-10,C0801,1703.0,1706.0,1691.0,1695.0,59932.0,101695.51,玉米0801,132858.0,1696.0,1695.0
2007-05-11,C0801,1687.0,1700.0,1682.0,1699.0,54498.0,92093.23,玉米0801,135696.0,1689.0,1699.0
2007-05-14,C0801,1714.0,1721.0,1711.0,1719.0,84042.0,144231.22,玉米0801,163212.0,1716.0,1719.0
2007-05-15,C0801,1715.0,1725.0,1712.0,1714.0,74736.0,128327.92,玉米0801,178786.0,1717.0,1714.0
2007-05-16,C0801,1728.0,1733.0,1722.0,1729.0,85892.0,148467.08,玉米0801,196844.0,1728.0,1729.0
2007-05-17,C0801,1734.0,1735.0,1720.0,1723.0,87842.0,151507.83,玉米0801,200330.0,1724.0,1723.0
2007-05-18,C0801,1726.0,1729.0,1717.0,1729.0,104944.0,180718.72,玉米0801,211094.0,1722.0,1729.0
2007-05-21,C0801,1722.0,1739.0,1721.0,1735.0,123022.0,213052.46,玉米0801,236344.0,1731.0,1735.0
2007-05-22,C0801,1736.0,1745.0,1726.0,1728.0,139616.0,242090.38,玉米0801,257056.0,1733.0,1728.0
2007-05-23,C0801,1725.0,1732.0,1722.0,1725.0,101864.0,175783.63,玉米0801,259816.0,1725.0,1725.0
2007-05-24,C0801,1730.0,1731.0,1716.0,1719.0,88050.0,151785.95,玉米0801,270120.0,1723.0,1719.0
2007-05-25,C0801,1719.0,1724.0,1714.0,1719.0,83776.0,144049.69,玉米0801,267040.0,1719.0,1719.0
2007-05-28,C0801,1720.0,1727.0,1719.0,1724.0,73302.0,126376.47,玉米0801,268344.0,1724.0,1724.0
2007-05-29,C0801,1721.0,1722.0,1701.0,1703.0,145682.0,249022.55,玉米0801,253276.0,1709.0,1703.0
2007-05-30,C0801,1695.0,1698.0,1683.0,1691.0,151886.0,256453.13,玉米0801,287490.0,1688.0,1691.0
2007-05-31,C0801,1704.0,1713.0,1701.0,1711.0,122230.0,208608.81,玉米0801,285020.0,1706.0,1711.0
2007-06-01,C0801,1717.0,1718.0,1701.0,1708.0,83764.0,143032.47,玉米0801,292298.0,1707.0,1708.0
2007-06-04,C0801,1710.0,1710.0,1702.0,1705.0,50252.0,85710.9,玉米0801,296360.0,1705.0,1705.0
2007-06-05,C0801,1705.0,1709.0,1703.0,1707.0,45034.0,76853.34,玉米0801,299614.0,1706.0,1707.0
2007-06-06,C0801,1705.0,1708.0,1703.0,1706.0,45522.0,77649.96,玉米0801,296430.0,1705.0,1706.0
2007-06-07,C0801,1704.0,1706.0,1693.0,1697.0,92930.0,157846.25,玉米0801,314768.0,1698.0,1697.0
2007-06-08,C0801,1704.0,1706.0,1681.0,1681.0,128992.0,218301.71,玉米0801,329394.0,1692.0,1681.0
2007-06-11,C0801,1689.0,1694.0,1667.0,1674.0,165696.0,277911.58,玉米0801,312356.0,1677.0,1674.0
2007-06-12,C0801,1672.0,1680.0,1659.0,1661.0,181554.0,302803.2,玉米0801,333768.0,1667.0,1661.0
2007-06-13,C0801,1663.0,1665.0,1652.0,1656.0,131066.0,217278.17,玉米0801,309102.0,1657.0,1656.0
2007-06-14,C0801,1665.0,1668.0,1657.0,1662.0,120172.0,199894.88,玉米0801,305330.0,1663.0,1662.0
2007-06-15,C0801,1665.0,1665.0,1647.0,1648.0,161192.0,266576.38,玉米0801,315834.0,1653.0,1648.0
2007-06-18,C0801,1652.0,1656.0,1620.0,1627.0,377666.0,617495.88,玉米0801,333460.0,1635.0,1627.0
2007-06-19,C0801,1623.0,1636.0,1604.0,1608.0,305956.0,494532.99,玉米0801,331482.0,1616.0,1608.0
2007-06-20,C0801,1598.0,1610.0,1592.0,1609.0,256312.0,410676.2,玉米0801,324246.0,1602.0,1609.0
2007-06-21,C0801,1611.0,1618.0,1605.0,1617.0,158970.0,256264.73,玉米0801,319082.0,1612.0,1617.0
2007-06-22,C0801,1608.0,1617.0,1606.0,1611.0,162086.0,261133.47,玉米0801,326360.0,1611.0,1611.0
2007-06-25,C0801,1601.0,1613.0,1599.0,1605.0,213694.0,343005.9,玉米0801,354792.0,1605.0,1605.0
2007-06-26,C0801,1605.0,1607.0,1569.0,1574.0,424058.0,672034.63,玉米0801,388438.0,1584.0,1574.0
2007-06-27,C0801,1575.0,1575.0,1558.0,1561.0,453710.0,710068.43,玉米0801,391552.0,1565.0,1561.0
2007-06-28,C0801,1555.0,1570.0,1552.0,1566.0,358826.0,560262.73,玉米0801,385420.0,1561.0,1566.0
2007-06-29,C0801,1567.0,1579.0,1563.0,1569.0,283612.0,445737.6,玉米0801,371974.0,1571.0,1569.0
2007-07-02,C0801,1575.0,1577.0,1557.0,1570.0,254990.0,399057.06,玉米0801,409390.0,1564.0,1570.0
2007-07-03,C0801,1567.0,1575.0,1563.0,1568.0,223270.0,350475.91,玉米0801,418564.0,1569.0,1568.0
2007-07-04,C0801,1564.0,1565.0,1543.0,1544.0,460708.0,715302.32,玉米0801,462732.0,1552.0,1544.0
2007-07-05,C0801,1546.0,1547.0,1534.0,1535.0,397044.0,611310.47,玉米0801,461312.0,1539.0,1535.0
2007-07-06,C0801,1533.0,1545.0,1533.0,1544.0,229232.0,353162.22,玉米0801,445362.0,1540.0,1544.0
2007-07-09,C0801,1540.0,1544.0,1525.0,1530.0,262138.0,402673.5,玉米0801,447272.0,1536.0,1530.0
2007-07-10,C0801,1532.0,1532.0,1504.0,1506.0,391426.0,593449.23,玉米0801,449998.0,1516.0,1506.0
2007-07-11,C0801,1508.0,1508.0,1492.0,1497.0,394706.0,591772.36,玉米0801,436302.0,1499.0,1497.0
2007-07-12,C0801,1496.0,1506.0,1487.0,1501.0,341748.0,511493.18,玉米0801,425018.0,1496.0,1501.0
2007-07-13,C0801,1505.0,1513.0,1498.0,1499.0,253782.0,381634.12,玉米0801,431942.0,1503.0,1499.0
2007-07-16,C0801,1480.0,1497.0,1479.0,1496.0,198286.0,295547.39,玉米0801,424418.0,1490.0,1496.0
2007-07-17,C0801,1489.0,1511.0,1485.0,1506.0,293334.0,441170.32,玉米0801,405540.0,1503.0,1506.0
2007-07-18,C0801,1503.0,1511.0,1500.0,1505.0,207768.0,312778.26,玉米0801,418490.0,1505.0,1505.0
2007-07-19,C0801,1506.0,1518.0,1505.0,1511.0,268576.0,406212.51,玉米0801,440118.0,1512.0,1511.0
2007-07-20,C0801,1517.0,1517.0,1502.0,1508.0,247704.0,373374.09,玉米0801,461272.0,1507.0,1508.0
2007-07-23,C0801,1501.0,1515.0,1501.0,1508.0,204792.0,308826.66,玉米0801,443852.0,1508.0,1508.0
2007-07-24,C0801,1508.0,1511.0,1485.0,1489.0,335746.0,502461.43,玉米0801,462844.0,1496.0,1489.0
2007-07-25,C0801,1490.0,1491.0,1473.0,1481.0,338652.0,501573.48,玉米0801,472894.0,1481.0,1481.0
2007-07-26,C0801,1479.0,1496.0,1470.0,1496.0,311928.0,462909.38,玉米0801,470612.0,1484.0,1496.0
2007-07-27,C0801,1498.0,1503.0,1489.0,1491.0,255906.0,382619.27,玉米0801,491484.0,1495.0,1491.0
2007-07-30,C0801,1496.0,1514.0,1495.0,1513.0,296678.0,447397.06,玉米0801,478170.0,1508.0,1513.0
2007-07-31,C0801,1515.0,1529.0,1513.0,1526.0,403320.0,613859.53,玉米0801,524688.0,1522.0,1526.0
2007-08-01,C0801,1530.0,1532.0,1517.0,1519.0,342356.0,521906.58,玉米0801,527280.0,1524.0,1519.0
2007-08-02,C0801,1525.0,1531.0,1520.0,1531.0,207614.0,316474.75,玉米0801,516606.0,1524.0,1531.0
2007-08-03,C0801,1529.0,1555.0,1529.0,1549.0,495852.0,765962.61,玉米0801,491254.0,1544.0,1549.0
2007-08-06,C0801,1545.0,1566.0,1545.0,1558.0,341150.0,531488.48,玉米0801,462286.0,1557.0,1558.0
2007-08-07,C0801,1560.0,1561.0,1536.0,1536.0,293812.0,453572.86,玉米0801,457944.0,1543.0,1536.0
2007-08-08,C0801,1542.0,1545.0,1526.0,1530.0,262830.0,403528.02,玉米0801,451902.0,1535.0,1530.0
2007-08-09,C0801,1530.0,1544.0,1526.0,1539.0,212688.0,326907.4,玉米0801,446580.0,1537.0,1539.0
2007-08-10,C0801,1532.0,1538.0,1526.0,1536.0,167332.0,256385.56,玉米0801,445662.0,1532.0,1536.0
2007-08-13,C0801,1542.0,1564.0,1538.0,1558.0,288028.0,447287.98,玉米0801,393146.0,1552.0,1558.0
2007-08-14,C0801,1554.0,1563.0,1550.0,1560.0,213398.0,332112.9,玉米0801,388864.0,1556.0,1560.0
2007-08-15,C0801,1560.0,1566.0,1545.0,1547.0,195142.0,303627.74,玉米0801,357686.0,1555.0,1547.0
2007-08-16,C0801,1541.0,1542.0,1527.0,1534.0,177850.0,272846.02,玉米0801,329090.0,1534.0,1534.0
2007-08-17,C0801,1515.0,1534.0,1515.0,1531.0,155984.0,238228.55,玉米0801,312324.0,1527.0,1531.0
2007-08-20,C0801,1537.0,1547.0,1537.0,1545.0,74706.0,115275.0,玉米0801,313432.0,1543.0,1545.0
2007-08-21,C0801,1549.0,1554.0,1548.0,1551.0,71648.0,111127.8,玉米0801,306918.0,1551.0,1551.0
2007-08-22,C0801,1553.0,1559.0,1545.0,1546.0,61334.0,95084.57,玉米0801,302020.0,1550.0,1546.0
2007-08-23,C0801,1555.0,1558.0,1542.0,1546.0,67000.0,103940.66,玉米0801,298934.0,1551.0,1546.0
2007-08-24,C0801,1544.0,1548.0,1536.0,1547.0,46976.0,72435.04,玉米0801,293698.0,1541.0,1547.0
2007-08-27,C0801,1542.0,1551.0,1542.0,1549.0,28432.0,44012.12,玉米0801,286702.0,1547.0,1549.0
2007-08-28,C0801,1550.0,1563.0,1545.0,1563.0,58476.0,90990.75,玉米0801,269260.0,1556.0,1563.0
2007-08-29,C0801,1557.0,1565.0,1556.0,1559.0,59350.0,92619.01,玉米0801,252110.0,1560.0,1559.0
2007-08-30,C0801,1558.0,1572.0,1558.0,1562.0,55468.0,86949.63,玉米0801,243868.0,1567.0,1562.0
2007-08-31,C0801,1565.0,1574.0,1561.0,1570.0,62442.0,97904.15,玉米0801,222276.0,1567.0,1570.0
2007-09-03,C0801,1573.0,1575.0,1564.0,1571.0,41920.0,65839.35,玉米0801,206220.0,1570.0,1571.0
2007-09-04,C0801,1573.0,1577.0,1550.0,1555.0,68490.0,107598.05,玉米0801,177264.0,1571.0,1555.0
2007-09-05,C0801,1561.0,1564.0,1538.0,1548.0,38502.0,59747.59,玉米0801,169484.0,1551.0,1548.0
2007-09-06,C0801,1543.0,1555.0,1541.0,1555.0,23064.0,35749.02,玉米0801,161544.0,1549.0,1555.0
2007-09-07,C0801,1551.0,1560.0,1550.0,1555.0,21212.0,33006.96,玉米0801,154296.0,1556.0,1555.0
2007-09-10,C0801,1560.0,1576.0,1560.0,1576.0,57510.0,90230.08,玉米0801,127644.0,1568.0,1576.0
2007-09-11,C0801,1575.0,1576.0,1565.0,1567.0,33434.0,52521.86,玉米0801,114022.0,1570.0,1567.0
2007-09-12,C0801,1567.0,1607.0,1565.0,1599.0,90254.0,143951.33,玉米0801,121120.0,1594.0,1599.0
2007-09-13,C0801,1605.0,1611.0,1595.0,1599.0,60974.0,97749.26,玉米0801,105494.0,1603.0,1599.0
2007-09-14,C0801,1600.0,1600.0,1585.0,1591.0,13734.0,21852.18,玉米0801,103820.0,1591.0,1591.0
2007-09-17,C0801,1596.0,1600.0,1588.0,1598.0,18422.0,29398.04,玉米0801,105344.0,1595.0,1598.0
2007-09-18,C0801,1603.0,1603.0,1582.0,1587.0,22942.0,36571.36,玉米0801,105776.0,1594.0,1587.0
2007-09-19,C0801,1586.0,1594.0,1571.0,1573.0,23042.0,36428.69,玉米0801,101270.0,1580.0,1573.0
2007-09-20,C0801,1577.0,1581.0,1569.0,1573.0,8526.0,13425.16,玉米0801,98998.0,1574.0,1573.0
2007-09-21,C0801,1577.0,1584.0,1570.0,1574.0,8066.0,12715.28,玉米0801,97546.0,1576.0,1574.0
2007-09-24,C0801,1573.0,1580.0,1545.0,1550.0,18780.0,29274.64,玉米0801,93464.0,1558.0,1550.0
2007-09-25,C0801,1553.0,1560.0,1540.0,1555.0,10706.0,16623.06,玉米0801,90790.0,1552.0,1555.0
2007-09-26,C0801,1553.0,1575.0,1553.0,1573.0,15442.0,24190.93,玉米0801,84118.0,1566.0,1573.0
2007-09-27,C0801,1575.0,1582.0,1572.0,1573.0,9958.0,15708.84,玉米0801,79196.0,1577.0,1573.0
2007-09-28,C0801,1575.0,1580.0,1566.0,1580.0,5360.0,8441.76,玉米0801,76982.0,1574.0,1580.0
2007-10-08,C0801,1564.0,1576.0,1546.0,1570.0,7880.0,12352.14,玉米0801,75228.0,1567.0,1570.0
2007-10-09,C0801,1567.0,1576.0,1566.0,1571.0,9804.0,15411.91,玉米0801,72532.0,1572.0,1571.0
2007-10-10,C0801,1573.0,1574.0,1563.0,1566.0,8884.0,13924.49,玉米0801,71116.0,1567.0,1566.0
2007-10-11,C0801,1566.0,1571.0,1554.0,1558.0,7858.0,12268.3,玉米0801,70196.0,1561.0,1558.0
2007-10-12,C0801,1555.0,1563.0,1552.0,1562.0,5404.0,8416.79,玉米0801,68446.0,1557.0,1562.0
2007-10-15,C0801,1563.0,1573.0,1562.0,1573.0,6588.0,10328.11,玉米0801,70284.0,1567.0,1573.0
2007-10-16,C0801,1574.0,1577.0,1566.0,1569.0,7954.0,12494.07,玉米0801,69620.0,1570.0,1569.0
2007-10-17,C0801,1568.0,1570.0,1558.0,1561.0,5052.0,7895.3,玉米0801,68508.0,1562.0,1561.0
2007-10-18,C0801,1558.0,1567.0,1556.0,1567.0,5862.0,9150.87,玉米0801,66680.0,1561.0,1567.0
2007-10-19,C0801,1569.0,1569.0,1562.0,1566.0,6040.0,9458.85,玉米0801,68198.0,1566.0,1566.0
2007-10-22,C0801,1564.0,1564.0,1550.0,1551.0,7162.0,11128.26,玉米0801,65044.0,1553.0,1551.0
2007-10-23,C0801,1553.0,1555.0,1541.0,1551.0,5266.0,8158.44,玉米0801,65192.0,1549.0,1551.0
2007-10-24,C0801,1550.0,1557.0,1545.0,1545.0,3586.0,5556.72,玉米0801,64276.0,1549.0,1545.0
2007-10-25,C0801,1544.0,1545.0,1533.0,1534.0,7540.0,11598.28,玉米0801,64408.0,1538.0,1534.0
2007-10-26,C0801,1538.0,1549.0,1538.0,1542.0,8570.0,13223.48,玉米0801,59296.0,1542.0,1542.0
2007-10-29,C0801,1545.0,1600.0,1545.0,1599.0,28730.0,45374.26,玉米0801,55472.0,1579.0,1599.0
2007-10-30,C0801,1590.0,1599.0,1579.0,1585.0,15510.0,24650.2,玉米0801,53642.0,1589.0,1585.0
2007-10-31,C0801,1580.0,1590.0,1572.0,1580.0,7640.0,12069.1,玉米0801,53292.0,1579.0,1580.0
2007-11-01,C0801,1585.0,1599.0,1583.0,1585.0,4418.0,7017.86,玉米0801,53016.0,1588.0,1585.0
2007-11-02,C0801,1580.0,1597.0,1572.0,1593.0,9714.0,15436.27,玉米0801,53082.0,1589.0,1593.0
2007-11-05,C0801,1593.0,1618.0,1593.0,1614.0,13918.0,22398.01,玉米0801,51750.0,1609.0,1614.0
2007-11-06,C0801,1617.0,1625.0,1616.0,1617.0,9602.0,15559.56,玉米0801,48086.0,1620.0,1617.0
2007-11-07,C0801,1621.0,1639.0,1621.0,1627.0,5280.0,8607.34,玉米0801,46858.0,1630.0,1627.0
2007-11-08,C0801,1624.0,1630.0,1617.0,1624.0,2608.0,4235.14,玉米0801,46378.0,1623.0,1624.0
2007-11-09,C0801,1627.0,1633.0,1622.0,1626.0,4600.0,7479.43,玉米0801,45522.0,1625.0,1626.0
2007-11-12,C0801,1631.0,1635.0,1622.0,1624.0,4374.0,7118.9,玉米0801,46046.0,1627.0,1624.0
2007-11-13,C0801,1620.0,1628.0,1610.0,1628.0,3764.0,6095.01,玉米0801,45796.0,1619.0,1628.0
2007-11-14,C0801,1626.0,1635.0,1625.0,1634.0,3484.0,5685.86,玉米0801,46190.0,1631.0,1634.0
2007-11-15,C0801,1635.0,1643.0,1626.0,1626.0,5318.0,8698.43,玉米0801,45848.0,1635.0,1626.0
2007-11-16,C0801,1624.0,1636.0,1595.0,1606.0,5988.0,9679.24,玉米0801,45030.0,1616.0,1606.0
2007-11-19,C0801,1609.0,1622.0,1609.0,1619.0,2644.0,4275.31,玉米0801,44816.0,1616.0,1619.0
2007-11-20,C0801,1615.0,1615.0,1592.0,1601.0,7868.0,12574.85,玉米0801,42186.0,1598.0,1601.0
2007-11-21,C0801,1605.0,1631.0,1605.0,1630.0,3098.0,5006.79,玉米0801,40982.0,1616.0,1630.0
2007-11-22,C0801,1631.0,1655.0,1631.0,1647.0,5256.0,8640.89,玉米0801,39920.0,1644.0,1647.0
2007-11-23,C0801,1648.0,1672.0,1644.0,1662.0,6170.0,10221.31,玉米0801,39840.0,1656.0,1662.0
2007-11-26,C0801,1670.0,1679.0,1658.0,1664.0,7500.0,12497.88,玉米0801,39578.0,1666.0,1664.0
2007-11-27,C0801,1652.0,1663.0,1648.0,1652.0,1832.0,3031.02,玉米0801,39300.0,1654.0,1652.0
2007-11-28,C0801,1652.0,1668.0,1650.0,1656.0,4260.0,7070.74,玉米0801,38688.0,1659.0,1656.0
2007-11-29,C0801,1657.0,1667.0,1654.0,1656.0,3268.0,5422.51,玉米0801,37184.0,1659.0,1656.0
2007-11-30,C0801,1650.0,1654.0,1641.0,1648.0,3168.0,5213.48,玉米0801,35254.0,1645.0,1648.0
2007-12-03,C0801,1656.0,1659.0,1646.0,1650.0,4142.0,6833.2,玉米0801,34164.0,1649.0,1650.0
2007-12-04,C0801,1650.0,1651.0,1642.0,1646.0,2666.0,4393.76,玉米0801,32706.0,1648.0,1646.0
2007-12-05,C0801,1648.0,1654.0,1642.0,1649.0,744.0,1225.1,玉米0801,32544.0,1646.0,1649.0
2007-12-06,C0801,1643.0,1643.0,1621.0,1623.0,2370.0,3862.97,玉米0801,31626.0,1629.0,1623.0
2007-12-07,C0801,1622.0,1630.0,1616.0,1629.0,3000.0,4872.89,玉米0801,31004.0,1624.0,1629.0
2007-12-10,C0801,1630.0,1635.0,1620.0,1631.0,2266.0,3688.72,玉米0801,30236.0,1627.0,1631.0
2007-12-11,C0801,1625.0,1635.0,1625.0,1628.0,1750.0,2850.61,玉米0801,29836.0,1628.0,1628.0
2007-12-12,C0801,1637.0,1637.0,1613.0,1625.0,902.0,1463.5,玉米0801,29042.0,1622.0,1625.0
2007-12-13,C0801,1624.0,1632.0,1621.0,1623.0,416.0,676.82,玉米0801,28994.0,1626.0,1623.0
2007-12-14,C0801,1643.0,1643.0,1615.0,1617.0,1206.0,1950.46,玉米0801,28612.0,1617.0,1617.0
2007-12-17,C0801,1630.0,1630.0,1601.0,1621.0,2124.0,3445.81,玉米0801,27210.0,1622.0,1621.0
2007-12-18,C0801,1620.0,1620.0,1616.0,1618.0,1452.0,2349.43,玉米0801,25930.0,1618.0,1618.0
2007-12-19,C0801,1617.0,1623.0,1617.0,1622.0,1680.0,2723.29,玉米0801,24892.0,1621.0,1622.0
2007-12-20,C0801,1618.0,1621.0,1618.0,1620.0,266.0,430.86,玉米0801,24626.0,1619.0,1620.0
2007-12-21,C0801,1620.0,1625.0,1618.0,1625.0,736.0,1195.29,玉米0801,24306.0,1624.0,1625.0
2007-12-24,C0801,1621.0,1628.0,1618.0,1623.0,1634.0,2650.53,玉米0801,22916.0,1622.0,1623.0
2007-12-25,C0801,1619.0,1623.0,1575.0,1593.0,476.0,769.53,玉米0801,22590.0,1616.0,1593.0
2007-12-26,C0801,1600.0,1604.0,1586.0,1601.0,116.0,185.73,玉米0801,22512.0,1601.0,1601.0
2007-12-27,C0801,1600.0,1608.0,1599.0,1606.0,222.0,355.78,玉米0801,22392.0,1602.0,1606.0
2007-12-28,C0801,1615.0,1615.0,1600.0,1602.0,5090.0,8156.45,玉米0801,19936.0,1602.0,1602.0
2008-01-02,C0801,1602.0,1626.0,1589.0,1589.0,840.0,1346.5,玉米0801,18296.0,1602.0,1589.0
2008-01-03,C0801,1600.0,1605.0,1590.0,1600.0,1400.0,2239.89,玉米0801,16896.0,1599.0,1600.0
2008-01-04,C0801,1600.0,1605.0,1600.0,1605.0,600.0,961.0,玉米0801,15760.0,1601.0,1605.0
2008-01-07,C0801,0.0,0.0,0.0,1601.0,0.0,0.0,玉米0801,15760.0,1601.0,1601.0
2008-01-08,C0801,1600.0,1600.0,1600.0,1600.0,1900.0,3040.0,玉米0801,11860.0,1600.0,1600.0
2008-01-09,C0801,1600.0,1600.0,1600.0,1600.0,700.0,1120.0,玉米0801,8760.0,1600.0,1600.0
2008-01-10,C0801,1600.0,1602.0,1580.0,1580.0,1406.0,2249.57,玉米0801,8762.0,1599.0,1580.0
2008-01-11,C0801,0.0,0.0,0.0,1599.0,0.0,0.0,玉米0801,8762.0,1599.0,1599.0
2008-01-14,C0801,1600.0,1600.0,1600.0,1600.0,740.0,1184.0,玉米0801,4998.0,1600.0,1600.0
2008-01-15,C0801,1600.0,1600.0,1600.0,1600.0,660.0,1056.0,玉米0801,0.0,1600.0,1600.0
