date,symbol,open,high,low,close,volume,amount,name,openinterest,settleprice,price
2007-05-22,C0805,1773.0,1773.0,1766.0,1768.0,3238.0,5731.26,玉米0805,2808.0,1770.0,1768.0
2007-05-23,C0805,1766.0,1770.0,1762.0,1767.0,12236.0,21616.96,玉米0805,12146.0,1766.0,1767.0
2007-05-24,C0805,1770.0,1774.0,1759.0,1762.0,14208.0,25128.35,玉米0805,23072.0,1768.0,1762.0
2007-05-25,C0805,1763.0,1769.0,1755.0,1762.0,10628.0,18748.32,玉米0805,29278.0,1764.0,1762.0
2007-05-28,C0805,1759.0,1771.0,1759.0,1768.0,10888.0,19257.4,玉米0805,36572.0,1768.0,1768.0
2007-05-29,C0805,1768.0,1768.0,1745.0,1749.0,23266.0,40801.22,玉米0805,41884.0,1753.0,1749.0
2007-05-30,C0805,1742.0,1743.0,1726.0,1736.0,32498.0,56379.29,玉米0805,47708.0,1734.0,1736.0
2007-05-31,C0805,1746.0,1754.0,1746.0,1751.0,14590.0,25529.06,玉米0805,54114.0,1749.0,1751.0
2007-06-01,C0805,1751.0,1757.0,1743.0,1747.0,13194.0,23058.4,玉米0805,56842.0,1747.0,1747.0
2007-06-04,C0805,1750.0,1750.0,1739.0,1743.0,10716.0,18673.56,玉米0805,59102.0,1742.0,1743.0
2007-06-05,C0805,1744.0,1746.0,1741.0,1744.0,9698.0,16906.3,玉米0805,64156.0,1743.0,1744.0
2007-06-06,C0805,1745.0,1746.0,1742.0,1745.0,4996.0,8714.69,玉米0805,65256.0,1744.0,1745.0
2007-06-07,C0805,1742.0,1745.0,1728.0,1734.0,25576.0,44359.57,玉米0805,63866.0,1734.0,1734.0
2007-06-08,C0805,1737.0,1741.0,1717.0,1718.0,17444.0,30123.05,玉米0805,65314.0,1726.0,1718.0
2007-06-11,C0805,1723.0,1729.0,1705.0,1715.0,42108.0,72237.44,玉米0805,70386.0,1715.0,1715.0
2007-06-12,C0805,1715.0,1718.0,1696.0,1701.0,63058.0,107550.24,玉米0805,81616.0,1705.0,1701.0
2007-06-13,C0805,1702.0,1705.0,1685.0,1691.0,64384.0,109113.82,玉米0805,99980.0,1694.0,1691.0
2007-06-14,C0805,1700.0,1702.0,1690.0,1694.0,45642.0,77410.13,玉米0805,109420.0,1696.0,1694.0
2007-06-15,C0805,1696.0,1696.0,1674.0,1675.0,61782.0,103916.65,玉米0805,108092.0,1681.0,1675.0
2007-06-18,C0805,1680.0,1683.0,1653.0,1661.0,106228.0,177140.91,玉米0805,110996.0,1667.0,1661.0
2007-06-19,C0805,1656.0,1665.0,1642.0,1648.0,99600.0,164359.42,玉米0805,120130.0,1650.0,1648.0
2007-06-20,C0805,1630.0,1653.0,1630.0,1650.0,98954.0,162815.58,玉米0805,99332.0,1645.0,1650.0
2007-06-21,C0805,1652.0,1660.0,1648.0,1655.0,43254.0,71537.56,玉米0805,108170.0,1653.0,1655.0
2007-06-22,C0805,1645.0,1655.0,1644.0,1651.0,46372.0,76497.02,玉米0805,107684.0,1649.0,1651.0
2007-06-25,C0805,1643.0,1647.0,1639.0,1641.0,63730.0,104646.39,玉米0805,115232.0,1642.0,1641.0
2007-06-26,C0805,1642.0,1642.0,1608.0,1612.0,123400.0,200435.88,玉米0805,109416.0,1624.0,1612.0
2007-06-27,C0805,1610.0,1611.0,1597.0,1599.0,112450.0,180296.31,玉米0805,110704.0,1603.0,1599.0
2007-06-28,C0805,1592.0,1601.0,1583.0,1598.0,106860.0,170185.84,玉米0805,142994.0,1592.0,1598.0
2007-06-29,C0805,1598.0,1609.0,1596.0,1599.0,74936.0,120065.04,玉米0805,148308.0,1602.0,1599.0
2007-07-02,C0805,1602.0,1603.0,1585.0,1593.0,81478.0,129750.71,玉米0805,167736.0,1592.0,1593.0
2007-07-03,C0805,1593.0,1597.0,1590.0,1592.0,52386.0,83497.03,玉米0805,179168.0,1593.0,1592.0
2007-07-04,C0805,1585.0,1586.0,1555.0,1557.0,163610.0,256592.35,玉米0805,207648.0,1568.0,1557.0
2007-07-05,C0805,1550.0,1560.0,1547.0,1547.0,188090.0,291914.72,玉米0805,241344.0,1551.0,1547.0
2007-07-06,C0805,1551.0,1557.0,1544.0,1557.0,103204.0,160115.02,玉米0805,258618.0,1551.0,1557.0
2007-07-09,C0805,1554.0,1555.0,1536.0,1540.0,163064.0,252186.83,玉米0805,270828.0,1546.0,1540.0
2007-07-10,C0805,1540.0,1540.0,1513.0,1514.0,170300.0,259798.78,玉米0805,285742.0,1525.0,1514.0
2007-07-11,C0805,1520.0,1520.0,1505.0,1507.0,151298.0,228418.64,玉米0805,277104.0,1509.0,1507.0
2007-07-12,C0805,1508.0,1518.0,1498.0,1511.0,152298.0,229806.61,玉米0805,267740.0,1508.0,1511.0
2007-07-13,C0805,1513.0,1520.0,1509.0,1510.0,64870.0,98171.55,玉米0805,275502.0,1513.0,1510.0
2007-07-16,C0805,1500.0,1513.0,1495.0,1511.0,109238.0,164201.11,玉米0805,281242.0,1503.0,1511.0
2007-07-17,C0805,1501.0,1528.0,1500.0,1522.0,209828.0,318873.75,玉米0805,291342.0,1519.0,1522.0
2007-07-18,C0805,1519.0,1525.0,1513.0,1516.0,106392.0,161403.29,玉米0805,300946.0,1517.0,1516.0
2007-07-19,C0805,1518.0,1527.0,1514.0,1521.0,110788.0,168617.02,玉米0805,314690.0,1521.0,1521.0
2007-07-20,C0805,1520.0,1525.0,1511.0,1518.0,123340.0,186996.65,玉米0805,319622.0,1516.0,1518.0
2007-07-23,C0805,1510.0,1520.0,1508.0,1516.0,99100.0,150090.92,玉米0805,337212.0,1514.0,1516.0
2007-07-24,C0805,1512.0,1518.0,1492.0,1496.0,171134.0,257301.68,玉米0805,344636.0,1503.0,1496.0
2007-07-25,C0805,1498.0,1498.0,1484.0,1487.0,165820.0,246902.17,玉米0805,333536.0,1488.0,1487.0
2007-07-26,C0805,1483.0,1502.0,1478.0,1500.0,222704.0,331932.85,玉米0805,346634.0,1490.0,1500.0
2007-07-27,C0805,1500.0,1508.0,1491.0,1496.0,142932.0,214466.12,玉米0805,351324.0,1500.0,1496.0
2007-07-30,C0805,1502.0,1530.0,1499.0,1528.0,207248.0,314322.07,玉米0805,319866.0,1516.0,1528.0
2007-07-31,C0805,1526.0,1538.0,1523.0,1535.0,210960.0,322997.74,玉米0805,333388.0,1531.0,1535.0
2007-08-01,C0805,1537.0,1543.0,1528.0,1529.0,180054.0,276226.66,玉米0805,342234.0,1534.0,1529.0
2007-08-02,C0805,1534.0,1546.0,1530.0,1545.0,129334.0,198686.17,玉米0805,349852.0,1536.0,1545.0
2007-08-03,C0805,1545.0,1580.0,1543.0,1572.0,402050.0,629026.43,玉米0805,376832.0,1564.0,1572.0
2007-08-06,C0805,1568.0,1590.0,1565.0,1582.0,323262.0,511582.75,玉米0805,388594.0,1582.0,1582.0
2007-08-07,C0805,1583.0,1588.0,1556.0,1557.0,277144.0,434592.71,玉米0805,387984.0,1568.0,1557.0
2007-08-08,C0805,1563.0,1569.0,1547.0,1552.0,327366.0,509753.44,玉米0805,397366.0,1557.0,1552.0
2007-08-09,C0805,1555.0,1574.0,1550.0,1569.0,356118.0,556776.81,玉米0805,423500.0,1563.0,1569.0
2007-08-10,C0805,1562.0,1568.0,1556.0,1564.0,235028.0,366946.82,玉米0805,418016.0,1561.0,1564.0
2007-08-13,C0805,1568.0,1604.0,1568.0,1596.0,560090.0,890759.43,玉米0805,439256.0,1590.0,1596.0
2007-08-14,C0805,1590.0,1598.0,1581.0,1592.0,364454.0,579491.89,玉米0805,417454.0,1590.0,1592.0
2007-08-15,C0805,1585.0,1606.0,1582.0,1582.0,461026.0,734344.76,玉米0805,438220.0,1592.0,1582.0
2007-08-16,C0805,1573.0,1579.0,1558.0,1567.0,462624.0,724664.22,玉米0805,422332.0,1566.0,1567.0
2007-08-17,C0805,1551.0,1566.0,1541.0,1559.0,455566.0,709072.08,玉米0805,412946.0,1556.0,1559.0
2007-08-20,C0805,1564.0,1580.0,1563.0,1578.0,314584.0,495409.01,玉米0805,400744.0,1574.0,1578.0
2007-08-21,C0805,1585.0,1592.0,1581.0,1585.0,294764.0,467462.28,玉米0805,381608.0,1585.0,1585.0
2007-08-22,C0805,1592.0,1595.0,1578.0,1580.0,329958.0,523071.74,玉米0805,392456.0,1585.0,1580.0
2007-08-23,C0805,1590.0,1598.0,1582.0,1584.0,454614.0,723084.67,玉米0805,421848.0,1590.0,1584.0
2007-08-24,C0805,1582.0,1589.0,1573.0,1588.0,403110.0,637643.38,玉米0805,462688.0,1581.0,1588.0
2007-08-27,C0805,1582.0,1595.0,1582.0,1590.0,271046.0,430932.9,玉米0805,457052.0,1589.0,1590.0
2007-08-28,C0805,1593.0,1620.0,1586.0,1618.0,593998.0,952148.51,玉米0805,499456.0,1602.0,1618.0
2007-08-29,C0805,1615.0,1622.0,1610.0,1616.0,494996.0,800076.47,玉米0805,505260.0,1616.0,1616.0
2007-08-30,C0805,1615.0,1631.0,1615.0,1621.0,556702.0,904002.76,玉米0805,499404.0,1623.0,1621.0
2007-08-31,C0805,1624.0,1638.0,1619.0,1632.0,585820.0,954108.34,玉米0805,451650.0,1628.0,1632.0
2007-09-03,C0805,1632.0,1645.0,1628.0,1641.0,461182.0,755306.94,玉米0805,471850.0,1637.0,1641.0
2007-09-04,C0805,1645.0,1672.0,1628.0,1638.0,847956.0,1402228.22,玉米0805,422928.0,1653.0,1638.0
2007-09-05,C0805,1653.0,1655.0,1619.0,1634.0,624958.0,1023336.07,玉米0805,406226.0,1637.0,1634.0
2007-09-06,C0805,1625.0,1645.0,1621.0,1645.0,580264.0,948031.27,玉米0805,428624.0,1633.0,1645.0
2007-09-07,C0805,1642.0,1660.0,1640.0,1652.0,597970.0,988418.85,玉米0805,441480.0,1652.0,1652.0
2007-09-10,C0805,1662.0,1683.0,1662.0,1682.0,677644.0,1133583.81,玉米0805,480498.0,1672.0,1682.0
2007-09-11,C0805,1683.0,1685.0,1659.0,1663.0,559408.0,933719.81,玉米0805,454324.0,1669.0,1663.0
2007-09-12,C0805,1663.0,1681.0,1660.0,1677.0,533038.0,890720.11,玉米0805,451870.0,1671.0,1677.0
2007-09-13,C0805,1687.0,1689.0,1671.0,1676.0,556140.0,935031.74,玉米0805,474764.0,1681.0,1676.0
2007-09-14,C0805,1673.0,1674.0,1665.0,1667.0,333724.0,556800.45,玉米0805,478782.0,1668.0,1667.0
2007-09-17,C0805,1675.0,1680.0,1660.0,1670.0,557422.0,930481.43,玉米0805,544376.0,1669.0,1670.0
2007-09-18,C0805,1670.0,1677.0,1664.0,1668.0,485026.0,810347.99,玉米0805,546600.0,1670.0,1668.0
2007-09-19,C0805,1671.0,1677.0,1644.0,1652.0,629822.0,1046199.93,玉米0805,492986.0,1661.0,1652.0
2007-09-20,C0805,1652.0,1665.0,1649.0,1654.0,371700.0,615732.52,玉米0805,496916.0,1656.0,1654.0
2007-09-21,C0805,1661.0,1670.0,1650.0,1653.0,510204.0,846558.5,玉米0805,485720.0,1659.0,1653.0
2007-09-24,C0805,1650.0,1654.0,1624.0,1627.0,460842.0,754051.64,玉米0805,484698.0,1636.0,1627.0
2007-09-25,C0805,1620.0,1632.0,1615.0,1629.0,394340.0,640465.92,玉米0805,464506.0,1624.0,1629.0
2007-09-26,C0805,1626.0,1659.0,1625.0,1653.0,489022.0,804449.23,玉米0805,445208.0,1645.0,1653.0
2007-09-27,C0805,1660.0,1670.0,1650.0,1655.0,415236.0,689578.39,玉米0805,405656.0,1660.0,1655.0
2007-09-28,C0805,1660.0,1667.0,1646.0,1666.0,330770.0,547677.56,玉米0805,408702.0,1655.0,1666.0
2007-10-08,C0805,1640.0,1668.0,1632.0,1660.0,469350.0,776842.96,玉米0805,414094.0,1655.0,1660.0
2007-10-09,C0805,1660.0,1675.0,1656.0,1663.0,534198.0,889288.11,玉米0805,434978.0,1664.0,1663.0
2007-10-10,C0805,1666.0,1669.0,1655.0,1661.0,422058.0,701028.76,玉米0805,433206.0,1660.0,1661.0
2007-10-11,C0805,1663.0,1669.0,1644.0,1645.0,502972.0,832366.37,玉米0805,445888.0,1654.0,1645.0
2007-10-12,C0805,1643.0,1650.0,1633.0,1644.0,369680.0,606018.62,玉米0805,442716.0,1639.0,1644.0
2007-10-15,C0805,1645.0,1661.0,1641.0,1659.0,381968.0,630925.52,玉米0805,472334.0,1651.0,1659.0
2007-10-16,C0805,1666.0,1666.0,1657.0,1660.0,327062.0,543356.72,玉米0805,477756.0,1661.0,1660.0
2007-10-17,C0805,1657.0,1662.0,1643.0,1645.0,385514.0,636603.69,玉米0805,480096.0,1651.0,1645.0
2007-10-18,C0805,1645.0,1653.0,1637.0,1651.0,446408.0,733666.91,玉米0805,505790.0,1643.0,1651.0
2007-10-19,C0805,1656.0,1665.0,1653.0,1657.0,388540.0,644717.48,玉米0805,494152.0,1659.0,1657.0
2007-10-22,C0805,1649.0,1653.0,1638.0,1642.0,268882.0,441878.62,玉米0805,490028.0,1643.0,1642.0
2007-10-23,C0805,1647.0,1652.0,1633.0,1648.0,386254.0,634522.44,玉米0805,503902.0,1642.0,1648.0
2007-10-24,C0805,1648.0,1657.0,1642.0,1646.0,300084.0,494709.26,玉米0805,506796.0,1648.0,1646.0
2007-10-25,C0805,1643.0,1648.0,1637.0,1642.0,312010.0,512150.74,玉米0805,522462.0,1641.0,1642.0
2007-10-26,C0805,1649.0,1655.0,1648.0,1649.0,317578.0,524378.72,玉米0805,503108.0,1651.0,1649.0
2007-10-29,C0805,1654.0,1717.0,1652.0,1717.0,1093644.0,1850102.48,玉米0805,581024.0,1691.0,1717.0
2007-10-30,C0805,1717.0,1729.0,1695.0,1707.0,1298500.0,2223242.09,玉米0805,612126.0,1712.0,1707.0
2007-10-31,C0805,1692.0,1721.0,1690.0,1706.0,960924.0,1640137.46,玉米0805,567186.0,1706.0,1706.0
2007-11-01,C0805,1722.0,1728.0,1710.0,1717.0,587004.0,1008088.34,玉米0805,564288.0,1717.0,1717.0
2007-11-02,C0805,1708.0,1740.0,1702.0,1736.0,995148.0,1717269.16,玉米0805,648704.0,1725.0,1736.0
2007-11-05,C0805,1740.0,1767.0,1738.0,1756.0,1129218.0,1980300.83,玉米0805,698930.0,1753.0,1756.0
2007-11-06,C0805,1765.0,1772.0,1752.0,1761.0,816994.0,1440685.42,玉米0805,686276.0,1763.0,1761.0
2007-11-07,C0805,1771.0,1783.0,1763.0,1766.0,820200.0,1454493.5,玉米0805,711656.0,1773.0,1766.0
2007-11-08,C0805,1762.0,1775.0,1757.0,1769.0,501390.0,886430.4,玉米0805,715340.0,1767.0,1769.0
2007-11-09,C0805,1770.0,1782.0,1766.0,1779.0,664356.0,1179202.14,玉米0805,738334.0,1774.0,1779.0
2007-11-12,C0805,1782.0,1788.0,1768.0,1770.0,672994.0,1195870.28,玉米0805,717996.0,1776.0,1770.0
2007-11-13,C0805,1767.0,1779.0,1756.0,1779.0,600646.0,1062141.64,玉米0805,703384.0,1768.0,1779.0
2007-11-14,C0805,1776.0,1787.0,1774.0,1781.0,618298.0,1101160.38,玉米0805,743224.0,1780.0,1781.0
2007-11-15,C0805,1790.0,1790.0,1765.0,1766.0,713592.0,1268148.58,玉米0805,754102.0,1777.0,1766.0
2007-11-16,C0805,1763.0,1777.0,1735.0,1742.0,864758.0,1519624.75,玉米0805,692644.0,1757.0,1742.0
2007-11-19,C0805,1751.0,1761.0,1746.0,1756.0,544800.0,954869.29,玉米0805,671702.0,1752.0,1756.0
2007-11-20,C0805,1748.0,1749.0,1708.0,1720.0,909338.0,1567253.33,玉米0805,616270.0,1723.0,1720.0
2007-11-21,C0805,1737.0,1749.0,1726.0,1748.0,552850.0,959954.13,玉米0805,614156.0,1736.0,1748.0
2007-11-22,C0805,1749.0,1779.0,1746.0,1772.0,740702.0,1307481.19,玉米0805,668544.0,1765.0,1772.0
2007-11-23,C0805,1772.0,1803.0,1768.0,1795.0,1040846.0,1860288.41,玉米0805,734852.0,1787.0,1795.0
2007-11-26,C0805,1810.0,1816.0,1785.0,1791.0,794856.0,1430829.89,玉米0805,786646.0,1800.0,1791.0
2007-11-27,C0805,1780.0,1795.0,1773.0,1780.0,857344.0,1529393.25,玉米0805,827222.0,1783.0,1780.0
2007-11-28,C0805,1780.0,1795.0,1764.0,1766.0,1121792.0,1999684.31,玉米0805,805420.0,1782.0,1766.0
2007-11-29,C0805,1775.0,1782.0,1765.0,1772.0,750312.0,1331061.26,玉米0805,781804.0,1774.0,1772.0
2007-11-30,C0805,1770.0,1773.0,1748.0,1757.0,887082.0,1557761.18,玉米0805,681938.0,1756.0,1757.0
2007-12-03,C0805,1766.0,1769.0,1756.0,1763.0,433532.0,764009.25,玉米0805,683976.0,1762.0,1763.0
2007-12-04,C0805,1766.0,1771.0,1751.0,1761.0,544104.0,957782.88,玉米0805,709038.0,1760.0,1761.0
2007-12-05,C0805,1771.0,1771.0,1755.0,1762.0,434832.0,766046.63,玉米0805,713690.0,1761.0,1762.0
2007-12-06,C0805,1757.0,1760.0,1733.0,1733.0,618538.0,1080147.2,玉米0805,721482.0,1746.0,1733.0
2007-12-07,C0805,1741.0,1743.0,1726.0,1743.0,496678.0,862079.88,玉米0805,687384.0,1735.0,1743.0
2007-12-10,C0805,1746.0,1753.0,1733.0,1750.0,494310.0,861737.39,玉米0805,669698.0,1743.0,1750.0
2007-12-11,C0805,1748.0,1756.0,1741.0,1742.0,407916.0,713537.33,玉米0805,672334.0,1749.0,1742.0
2007-12-12,C0805,1745.0,1745.0,1731.0,1736.0,320344.0,556102.64,玉米0805,653164.0,1735.0,1736.0
2007-12-13,C0805,1745.0,1753.0,1739.0,1742.0,385626.0,673083.75,玉米0805,662914.0,1745.0,1742.0
2007-12-14,C0805,1739.0,1743.0,1732.0,1737.0,205758.0,357262.89,玉米0805,658202.0,1736.0,1737.0
2007-12-17,C0805,1742.0,1766.0,1742.0,1755.0,705604.0,1239020.22,玉米0805,700322.0,1755.0,1755.0
2007-12-18,C0805,1750.0,1751.0,1722.0,1725.0,633464.0,1097038.35,玉米0805,579920.0,1731.0,1725.0
2007-12-19,C0805,1720.0,1731.0,1717.0,1727.0,286488.0,494366.42,玉米0805,561428.0,1725.0,1727.0
2007-12-20,C0805,1727.0,1732.0,1721.0,1726.0,198142.0,342167.88,玉米0805,564922.0,1726.0,1726.0
2007-12-21,C0805,1725.0,1730.0,1719.0,1725.0,152860.0,263651.78,玉米0805,555474.0,1724.0,1725.0
2007-12-24,C0805,1725.0,1730.0,1712.0,1719.0,428374.0,737690.97,玉米0805,595786.0,1722.0,1719.0
2007-12-25,C0805,1715.0,1721.0,1713.0,1716.0,134700.0,231269.87,玉米0805,587988.0,1716.0,1716.0
2007-12-26,C0805,1715.0,1729.0,1713.0,1727.0,283072.0,487986.17,玉米0805,564440.0,1723.0,1727.0
2007-12-27,C0805,1735.0,1736.0,1693.0,1698.0,370362.0,633696.32,玉米0805,568800.0,1711.0,1698.0
2007-12-28,C0805,1700.0,1703.0,1688.0,1694.0,300008.0,508603.22,玉米0805,511394.0,1695.0,1694.0
2008-01-02,C0805,1695.0,1695.0,1676.0,1681.0,188404.0,317078.52,玉米0805,466874.0,1682.0,1681.0
2008-01-03,C0805,1685.0,1691.0,1680.0,1683.0,139098.0,234422.43,玉米0805,466272.0,1685.0,1683.0
2008-01-04,C0805,1688.0,1700.0,1683.0,1694.0,161206.0,272939.6,玉米0805,434622.0,1693.0,1694.0
2008-01-07,C0805,1686.0,1701.0,1686.0,1701.0,119474.0,202389.17,玉米0805,418204.0,1694.0,1701.0
2008-01-08,C0805,1702.0,1708.0,1691.0,1699.0,116030.0,197291.35,玉米0805,400042.0,1700.0,1699.0
2008-01-09,C0805,1709.0,1709.0,1697.0,1702.0,70356.0,119654.78,玉米0805,398248.0,1700.0,1702.0
2008-01-10,C0805,1697.0,1705.0,1695.0,1700.0,51210.0,87084.72,玉米0805,388850.0,1700.0,1700.0
2008-01-11,C0805,1700.0,1701.0,1695.0,1698.0,36634.0,62218.23,玉米0805,382728.0,1698.0,1698.0
2008-01-14,C0805,1709.0,1710.0,1701.0,1701.0,61876.0,105448.08,玉米0805,384588.0,1704.0,1701.0
2008-01-15,C0805,1700.0,1702.0,1678.0,1681.0,73870.0,124879.87,玉米0805,377590.0,1690.0,1681.0
2008-01-16,C0805,1680.0,1684.0,1661.0,1672.0,88224.0,147685.58,玉米0805,347624.0,1673.0,1672.0
2008-01-17,C0805,1665.0,1680.0,1665.0,1678.0,39076.0,65406.62,玉米0805,335616.0,1673.0,1678.0
2008-01-18,C0805,1671.0,1674.0,1656.0,1664.0,51270.0,85343.52,玉米0805,325500.0,1664.0,1664.0
2008-01-21,C0805,1661.0,1667.0,1639.0,1640.0,75078.0,123965.3,玉米0805,304984.0,1651.0,1640.0
2008-01-22,C0805,1603.0,1634.0,1603.0,1629.0,95658.0,155367.62,玉米0805,259606.0,1624.0,1629.0
2008-01-23,C0805,1636.0,1644.0,1626.0,1635.0,33210.0,54238.51,玉米0805,250474.0,1633.0,1635.0
2008-01-24,C0805,1626.0,1638.0,1623.0,1637.0,24608.0,40204.3,玉米0805,237682.0,1633.0,1637.0
2008-01-25,C0805,1641.0,1644.0,1636.0,1639.0,19786.0,32437.86,玉米0805,227366.0,1639.0,1639.0
2008-01-28,C0805,1635.0,1645.0,1634.0,1639.0,12840.0,21070.67,玉米0805,224542.0,1641.0,1639.0
2008-01-29,C0805,1642.0,1645.0,1636.0,1644.0,17656.0,28955.66,玉米0805,220312.0,1639.0,1644.0
2008-01-30,C0805,1640.0,1645.0,1637.0,1641.0,16154.0,26514.81,玉米0805,215764.0,1641.0,1641.0
2008-01-31,C0805,1639.0,1645.0,1635.0,1639.0,22686.0,37207.25,玉米0805,212516.0,1640.0,1639.0
2008-02-01,C0805,1642.0,1653.0,1640.0,1653.0,24514.0,40352.57,玉米0805,202966.0,1646.0,1653.0
2008-02-04,C0805,1660.0,1669.0,1650.0,1663.0,21782.0,36144.03,玉米0805,197952.0,1659.0,1663.0
2008-02-05,C0805,1667.0,1674.0,1656.0,1668.0,21906.0,36508.73,玉米0805,195080.0,1666.0,1668.0
2008-02-13,C0805,1663.0,1671.0,1653.0,1671.0,17250.0,28629.5,玉米0805,192900.0,1659.0,1671.0
2008-02-14,C0805,1671.0,1686.0,1666.0,1682.0,40792.0,68444.91,玉米0805,190476.0,1677.0,1682.0
2008-02-15,C0805,1685.0,1690.0,1671.0,1672.0,23814.0,40058.41,玉米0805,190810.0,1682.0,1672.0
2008-02-18,C0805,1674.0,1698.0,1674.0,1694.0,55854.0,94315.11,玉米0805,186148.0,1688.0,1694.0
2008-02-19,C0805,1695.0,1698.0,1674.0,1678.0,24468.0,41223.69,玉米0805,191764.0,1684.0,1678.0
2008-02-20,C0805,1680.0,1683.0,1668.0,1669.0,35148.0,58901.11,玉米0805,199794.0,1675.0,1669.0
2008-02-21,C0805,1675.0,1679.0,1666.0,1669.0,14360.0,24017.48,玉米0805,201302.0,1672.0,1669.0
2008-02-22,C0805,1666.0,1666.0,1650.0,1651.0,18486.0,30615.16,玉米0805,199000.0,1656.0,1651.0
2008-02-25,C0805,1656.0,1671.0,1656.0,1664.0,24056.0,40077.15,玉米0805,198638.0,1665.0,1664.0
2008-02-26,C0805,1668.0,1671.0,1651.0,1655.0,15086.0,25046.34,玉米0805,200150.0,1660.0,1655.0
2008-02-27,C0805,1656.0,1664.0,1644.0,1646.0,13580.0,22429.83,玉米0805,199214.0,1651.0,1646.0
2008-02-28,C0805,1647.0,1649.0,1641.0,1648.0,9306.0,15304.62,玉米0805,199746.0,1644.0,1648.0
2008-02-29,C0805,1652.0,1671.0,1652.0,1671.0,31596.0,52561.71,玉米0805,200082.0,1663.0,1671.0
2008-03-03,C0805,1673.0,1725.0,1673.0,1718.0,92088.0,156890.78,玉米0805,211268.0,1703.0,1718.0
2008-03-04,C0805,1718.0,1719.0,1675.0,1688.0,57334.0,97557.99,玉米0805,206684.0,1701.0,1688.0
2008-03-05,C0805,1675.0,1697.0,1670.0,1687.0,29306.0,49335.44,玉米0805,201592.0,1683.0,1687.0
2008-03-06,C0805,1695.0,1708.0,1674.0,1686.0,28834.0,48884.91,玉米0805,201320.0,1695.0,1686.0
2008-03-07,C0805,1679.0,1683.0,1664.0,1668.0,12558.0,20992.62,玉米0805,197774.0,1671.0,1668.0
2008-03-10,C0805,1635.0,1659.0,1632.0,1654.0,31032.0,51240.16,玉米0805,189182.0,1651.0,1654.0
2008-03-11,C0805,1665.0,1679.0,1662.0,1670.0,8320.0,13876.1,玉米0805,188588.0,1667.0,1670.0
2008-03-12,C0805,1677.0,1677.0,1646.0,1650.0,11588.0,19197.27,玉米0805,184952.0,1656.0,1650.0
2008-03-13,C0805,1655.0,1658.0,1646.0,1657.0,7910.0,13060.6,玉米0805,182054.0,1651.0,1657.0
2008-03-14,C0805,1659.0,1659.0,1646.0,1652.0,10400.0,17169.09,玉米0805,176536.0,1650.0,1652.0
2008-03-17,C0805,1647.0,1655.0,1639.0,1652.0,9446.0,15589.8,玉米0805,170928.0,1650.0,1652.0
2008-03-18,C0805,1620.0,1647.0,1620.0,1631.0,71392.0,116424.26,玉米0805,131638.0,1630.0,1631.0
2008-03-19,C0805,1642.0,1662.0,1641.0,1652.0,8210.0,13544.56,玉米0805,129764.0,1649.0,1652.0
2008-03-20,C0805,1643.0,1648.0,1618.0,1644.0,17088.0,27807.34,玉米0805,121088.0,1627.0,1644.0
2008-03-21,C0805,1632.0,1646.0,1630.0,1640.0,4786.0,7847.44,玉米0805,120386.0,1639.0,1640.0
2008-03-24,C0805,1650.0,1650.0,1630.0,1632.0,3736.0,6110.1,玉米0805,120146.0,1635.0,1632.0
2008-03-25,C0805,1645.0,1645.0,1624.0,1628.0,6512.0,10606.53,玉米0805,119462.0,1628.0,1628.0
2008-03-26,C0805,1631.0,1636.0,1625.0,1625.0,5326.0,8673.6,玉米0805,118600.0,1628.0,1625.0
2008-03-27,C0805,1623.0,1632.0,1623.0,1628.0,5180.0,8431.84,玉米0805,119954.0,1627.0,1628.0
2008-03-28,C0805,1628.0,1634.0,1626.0,1633.0,4926.0,8031.61,玉米0805,119908.0,1630.0,1633.0
2008-03-31,C0805,1640.0,1656.0,1632.0,1648.0,15686.0,25824.66,玉米0805,118424.0,1646.0,1648.0
2008-04-01,C0805,1630.0,1639.0,1618.0,1618.0,20422.0,33151.21,玉米0805,111968.0,1623.0,1618.0
2008-04-02,C0805,1620.0,1632.0,1620.0,1621.0,4080.0,6626.34,玉米0805,110070.0,1624.0,1621.0
2008-04-03,C0805,1628.0,1628.0,1615.0,1617.0,2988.0,4837.9,玉米0805,108880.0,1619.0,1617.0
2008-04-07,C0805,1615.0,1619.0,1613.0,1618.0,4688.0,7578.94,玉米0805,106796.0,1616.0,1618.0
2008-04-08,C0805,1613.0,1614.0,1596.0,1596.0,11586.0,18578.89,玉米0805,102724.0,1603.0,1596.0
2008-04-09,C0805,1597.0,1606.0,1586.0,1601.0,7576.0,12125.78,玉米0805,101812.0,1600.0,1601.0
2008-04-10,C0805,1609.0,1615.0,1604.0,1605.0,11578.0,18632.82,玉米0805,94440.0,1609.0,1605.0
2008-04-11,C0805,1603.0,1618.0,1602.0,1616.0,10760.0,17309.73,玉米0805,87956.0,1608.0,1616.0
2008-04-14,C0805,1615.0,1627.0,1615.0,1620.0,6794.0,11033.59,玉米0805,89568.0,1624.0,1620.0
2008-04-15,C0805,1616.0,1630.0,1616.0,1624.0,6024.0,9786.67,玉米0805,86296.0,1624.0,1624.0
2008-04-16,C0805,1611.0,1626.0,1611.0,1621.0,3998.0,6489.66,玉米0805,83916.0,1623.0,1621.0
2008-04-17,C0805,1619.0,1625.0,1619.0,1625.0,3770.0,6118.99,玉米0805,81568.0,1623.0,1625.0
2008-04-18,C0805,1625.0,1632.0,1624.0,1626.0,3482.0,5667.6,玉米0805,79616.0,1627.0,1626.0
2008-04-21,C0805,1625.0,1630.0,1620.0,1622.0,8654.0,14055.32,玉米0805,71952.0,1624.0,1622.0
2008-04-22,C0805,1620.0,1629.0,1620.0,1624.0,3042.0,4947.86,玉米0805,71606.0,1626.0,1624.0
2008-04-23,C0805,1691.0,1691.0,1611.0,1628.0,2938.0,4784.6,玉米0805,71232.0,1628.0,1628.0
2008-04-24,C0805,1621.0,1632.0,1621.0,1632.0,5828.0,9478.54,玉米0805,66664.0,1626.0,1632.0
2008-04-25,C0805,1623.0,1636.0,1623.0,1635.0,744.0,1214.6,玉米0805,66464.0,1632.0,1635.0
2008-04-28,C0805,1640.0,1665.0,1630.0,1665.0,4652.0,7726.41,玉米0805,68812.0,1660.0,1665.0
2008-04-29,C0805,1662.0,1668.0,1662.0,1664.0,3680.0,6128.0,玉米0805,68448.0,1665.0,1664.0
2008-04-30,C0805,1653.0,1668.0,1653.0,1668.0,3868.0,6430.81,玉米0805,67278.0,1662.0,1668.0
2008-05-05,C0805,1679.0,1680.0,1665.0,1665.0,1078.0,1807.05,玉米0805,33948.0,1676.0,1665.0
2008-05-06,C0805,1675.0,1675.0,1660.0,1670.0,496.0,826.45,玉米0805,22740.0,1666.0,1670.0
2008-05-07,C0805,1670.0,1671.0,1670.0,1671.0,910.0,1519.71,玉米0805,20066.0,1670.0,1671.0
2008-05-08,C0805,1680.0,1685.0,1680.0,1685.0,1320.0,2221.68,玉米0805,17724.0,1683.0,1685.0
2008-05-09,C0805,1678.0,1690.0,1678.0,1678.0,222.0,374.09,玉米0805,15502.0,1685.0,1678.0
2008-05-12,C0805,0.0,0.0,0.0,1685.0,0.0,0.0,玉米0805,15502.0,1685.0,1685.0
2008-05-13,C0805,1700.0,1700.0,1685.0,1685.0,260.0,438.13,玉米0805,7934.0,1685.0,1685.0
2008-05-14,C0805,0.0,0.0,0.0,1685.0,0.0,0.0,玉米0805,7474.0,1685.0,1685.0
2008-05-15,C0805,1690.0,1690.0,1690.0,1690.0,188.0,317.72,玉米0805,4480.0,1690.0,1690.0
2008-05-16,C0805,1680.0,1680.0,1670.0,1670.0,200.0,335.0,玉米0805,0.0,1677.0,1670.0
