date,symbol,open,high,low,close,volume,amount,name,openinterest,settleprice,price
2008-09-16,C0909,1843.0,1852.0,1822.0,1828.0,7374.0,13539.63,玉米0909,4106.0,1836.0,1828.0
2008-09-17,C0909,1825.0,1846.0,1780.0,1838.0,7382.0,13485.43,玉米0909,7690.0,1826.0,1838.0
2008-09-18,C0909,1838.0,1849.0,1830.0,1843.0,13432.0,24690.29,玉米0909,12788.0,1838.0,1843.0
2008-09-19,C0909,1838.0,1850.0,1837.0,1848.0,53358.0,98348.63,玉米0909,46236.0,1843.0,1848.0
2008-09-22,C0909,1850.0,1868.0,1850.0,1867.0,20498.0,38080.46,玉米0909,53394.0,1857.0,1867.0
2008-09-23,C0909,1872.0,1875.0,1840.0,1842.0,19416.0,35901.7,玉米0909,55726.0,1849.0,1842.0
2008-09-24,C0909,1844.0,1848.0,1836.0,1845.0,25116.0,46290.42,玉米0909,62334.0,1843.0,1845.0
2008-09-25,C0909,1840.0,1846.0,1838.0,1842.0,23404.0,43130.16,玉米0909,66126.0,1842.0,1842.0
2008-09-26,C0909,1843.0,1845.0,1836.0,1844.0,13046.0,24015.24,玉米0909,66320.0,1840.0,1844.0
2008-10-06,C0909,1748.0,1751.0,1748.0,1748.0,28814.0,50373.0,玉米0909,65238.0,1748.0,1748.0
2008-10-07,C0909,1700.0,1754.0,1700.0,1753.0,32846.0,56833.15,玉米0909,58342.0,1730.0,1753.0
2008-10-08,C0909,1745.0,1759.0,1719.0,1726.0,38388.0,66479.34,玉米0909,65656.0,1731.0,1726.0
2008-10-09,C0909,1744.0,1744.0,1732.0,1740.0,22462.0,39033.49,玉米0909,63682.0,1737.0,1740.0
2008-10-10,C0909,1719.0,1725.0,1673.0,1687.0,29054.0,49056.96,玉米0909,68406.0,1688.0,1687.0
2008-10-13,C0909,1655.0,1735.0,1655.0,1707.0,34540.0,58831.63,玉米0909,63380.0,1703.0,1707.0
2008-10-14,C0909,1726.0,1747.0,1695.0,1697.0,22048.0,37912.16,玉米0909,61350.0,1719.0,1697.0
2008-10-15,C0909,1680.0,1703.0,1672.0,1699.0,27520.0,46474.72,玉米0909,65744.0,1688.0,1699.0
2008-10-16,C0909,1659.0,1692.0,1659.0,1676.0,25996.0,43693.83,玉米0909,71402.0,1680.0,1676.0
2008-10-17,C0909,1701.0,1730.0,1693.0,1722.0,26890.0,46133.59,玉米0909,70018.0,1715.0,1722.0
2008-10-20,C0909,1749.0,1769.0,1728.0,1761.0,44466.0,77750.98,玉米0909,65110.0,1748.0,1761.0
2008-10-21,C0909,1760.0,1760.0,1722.0,1722.0,27484.0,47684.65,玉米0909,61428.0,1734.0,1722.0
2008-10-22,C0909,1712.0,1727.0,1709.0,1712.0,41730.0,71672.57,玉米0909,63694.0,1717.0,1712.0
2008-10-23,C0909,1700.0,1714.0,1683.0,1710.0,25240.0,42856.85,玉米0909,64426.0,1697.0,1710.0
2008-10-24,C0909,1718.0,1724.0,1700.0,1702.0,18406.0,31455.63,玉米0909,63978.0,1708.0,1702.0
2008-10-27,C0909,1703.0,1703.0,1678.0,1687.0,21694.0,36668.78,玉米0909,74678.0,1690.0,1687.0
2008-10-28,C0909,1710.0,1710.0,1693.0,1706.0,17136.0,29155.02,玉米0909,78090.0,1701.0,1706.0
2008-10-29,C0909,1660.0,1705.0,1660.0,1703.0,14370.0,24375.03,玉米0909,80582.0,1696.0,1703.0
2008-10-30,C0909,1708.0,1712.0,1704.0,1708.0,26070.0,44520.2,玉米0909,74166.0,1707.0,1708.0
2008-10-31,C0909,1702.0,1706.0,1698.0,1700.0,14260.0,24280.39,玉米0909,68128.0,1702.0,1700.0
2008-11-03,C0909,1700.0,1702.0,1687.0,1694.0,10864.0,18398.04,玉米0909,70298.0,1693.0,1694.0
2008-11-04,C0909,1690.0,1695.0,1672.0,1674.0,15142.0,25478.76,玉米0909,70778.0,1682.0,1674.0
2008-11-05,C0909,1685.0,1686.0,1675.0,1682.0,10332.0,17369.98,玉米0909,70604.0,1681.0,1682.0
2008-11-06,C0909,1674.0,1675.0,1660.0,1667.0,12260.0,20456.57,玉米0909,71440.0,1668.0,1667.0
2008-11-07,C0909,1668.0,1678.0,1663.0,1676.0,10874.0,18186.17,玉米0909,72374.0,1672.0,1676.0
2008-11-10,C0909,1685.0,1689.0,1677.0,1683.0,16342.0,27501.29,玉米0909,64822.0,1682.0,1683.0
2008-11-11,C0909,1680.0,1681.0,1651.0,1666.0,33782.0,56231.12,玉米0909,65290.0,1664.0,1666.0
2008-11-12,C0909,1660.0,1668.0,1640.0,1646.0,24458.0,40399.53,玉米0909,65694.0,1651.0,1646.0
2008-11-13,C0909,1640.0,1640.0,1621.0,1625.0,20008.0,32588.16,玉米0909,65200.0,1628.0,1625.0
2008-11-14,C0909,1606.0,1638.0,1606.0,1628.0,19056.0,31056.81,玉米0909,64140.0,1629.0,1628.0
2008-11-17,C0909,1629.0,1655.0,1623.0,1640.0,40484.0,66337.06,玉米0909,64844.0,1638.0,1640.0
2008-11-18,C0909,1640.0,1658.0,1631.0,1637.0,33280.0,54763.56,玉米0909,65102.0,1645.0,1637.0
2008-11-19,C0909,1640.0,1648.0,1627.0,1647.0,27216.0,44560.76,玉米0909,66302.0,1637.0,1647.0
2008-11-20,C0909,1630.0,1652.0,1630.0,1651.0,33166.0,54484.71,玉米0909,68116.0,1642.0,1651.0
2008-11-21,C0909,1639.0,1654.0,1633.0,1648.0,33500.0,55093.87,玉米0909,68584.0,1644.0,1648.0
2008-11-24,C0909,1643.0,1650.0,1637.0,1639.0,10686.0,17534.88,玉米0909,69264.0,1640.0,1639.0
2008-11-25,C0909,1649.0,1649.0,1628.0,1632.0,16218.0,26526.12,玉米0909,65948.0,1635.0,1632.0
2008-11-26,C0909,1625.0,1636.0,1624.0,1628.0,11094.0,18067.89,玉米0909,69108.0,1628.0,1628.0
2008-11-27,C0909,1630.0,1633.0,1614.0,1616.0,17388.0,28230.64,玉米0909,68690.0,1623.0,1616.0
2008-11-28,C0909,1618.0,1620.0,1595.0,1600.0,32182.0,51749.23,玉米0909,71642.0,1608.0,1600.0
2008-12-01,C0909,1597.0,1597.0,1576.0,1577.0,28854.0,45646.84,玉米0909,76282.0,1581.0,1577.0
2008-12-02,C0909,1562.0,1577.0,1551.0,1552.0,28836.0,45169.75,玉米0909,78504.0,1566.0,1552.0
2008-12-03,C0909,1550.0,1567.0,1550.0,1559.0,34236.0,53341.87,玉米0909,83332.0,1558.0,1559.0
2008-12-04,C0909,1558.0,1570.0,1545.0,1552.0,31344.0,48781.35,玉米0909,88490.0,1556.0,1552.0
2008-12-05,C0909,1541.0,1544.0,1479.0,1497.0,66642.0,100178.16,玉米0909,91722.0,1503.0,1497.0
2008-12-08,C0909,1485.0,1523.0,1485.0,1510.0,55090.0,83088.14,玉米0909,97634.0,1508.0,1510.0
2008-12-09,C0909,1509.0,1520.0,1500.0,1507.0,38134.0,57643.81,玉米0909,99140.0,1511.0,1507.0
2008-12-10,C0909,1510.0,1524.0,1509.0,1516.0,25856.0,39204.95,玉米0909,99916.0,1516.0,1516.0
2008-12-11,C0909,1515.0,1522.0,1489.0,1494.0,69508.0,104562.68,玉米0909,101632.0,1504.0,1494.0
2008-12-12,C0909,1495.0,1516.0,1488.0,1504.0,39248.0,59043.65,玉米0909,105148.0,1504.0,1504.0
2008-12-15,C0909,1515.0,1536.0,1515.0,1532.0,45458.0,69336.96,玉米0909,107806.0,1525.0,1532.0
2008-12-16,C0909,1520.0,1526.0,1511.0,1524.0,42882.0,65184.56,玉米0909,103364.0,1520.0,1524.0
2008-12-17,C0909,1536.0,1540.0,1523.0,1528.0,25092.0,38354.49,玉米0909,102596.0,1528.0,1528.0
2008-12-18,C0909,1526.0,1545.0,1517.0,1518.0,58562.0,89783.83,玉米0909,110722.0,1533.0,1518.0
2008-12-19,C0909,1517.0,1556.0,1510.0,1554.0,70492.0,108064.35,玉米0909,100870.0,1533.0,1554.0
2008-12-22,C0909,1558.0,1581.0,1558.0,1575.0,52850.0,82888.46,玉米0909,98884.0,1568.0,1575.0
2008-12-23,C0909,1570.0,1580.0,1563.0,1573.0,44092.0,69304.18,玉米0909,106696.0,1571.0,1573.0
2008-12-24,C0909,1580.0,1585.0,1565.0,1580.0,40332.0,63547.34,玉米0909,108692.0,1575.0,1580.0
2008-12-25,C0909,1580.0,1585.0,1572.0,1576.0,23306.0,36778.3,玉米0909,105328.0,1578.0,1576.0
2008-12-26,C0909,1578.0,1587.0,1568.0,1587.0,43476.0,68608.89,玉米0909,98214.0,1578.0,1587.0
2008-12-29,C0909,1610.0,1616.0,1594.0,1610.0,64790.0,104071.78,玉米0909,103082.0,1606.0,1610.0
2008-12-30,C0909,1600.0,1608.0,1599.0,1607.0,25772.0,41368.92,玉米0909,101510.0,1605.0,1607.0
2008-12-31,C0909,1605.0,1619.0,1604.0,1615.0,27034.0,43531.49,玉米0909,100272.0,1610.0,1615.0
2009-01-05,C0909,1610.0,1627.0,1610.0,1621.0,30906.0,50067.8,玉米0909,102736.0,1620.0,1621.0
2009-01-06,C0909,1619.0,1620.0,1604.0,1604.0,55652.0,89670.63,玉米0909,109174.0,1611.0,1604.0
2009-01-07,C0909,1609.0,1616.0,1593.0,1595.0,51722.0,83010.08,玉米0909,104974.0,1604.0,1595.0
2009-01-08,C0909,1586.0,1615.0,1585.0,1613.0,66864.0,106955.25,玉米0909,102046.0,1599.0,1613.0
2009-01-09,C0909,1615.0,1622.0,1606.0,1614.0,41172.0,66364.84,玉米0909,104688.0,1611.0,1614.0
2009-01-12,C0909,1610.0,1625.0,1610.0,1617.0,35386.0,57269.99,玉米0909,110600.0,1618.0,1617.0
2009-01-13,C0909,1597.0,1610.0,1595.0,1603.0,42744.0,68565.68,玉米0909,110828.0,1604.0,1603.0
2009-01-14,C0909,1608.0,1612.0,1595.0,1605.0,43398.0,69531.02,玉米0909,116570.0,1602.0,1605.0
2009-01-15,C0909,1600.0,1604.0,1596.0,1600.0,24194.0,38708.46,玉米0909,120278.0,1599.0,1600.0
2009-01-16,C0909,1605.0,1608.0,1599.0,1605.0,17120.0,27459.29,玉米0909,120310.0,1603.0,1605.0
2009-01-19,C0909,1610.0,1615.0,1607.0,1609.0,16872.0,27160.54,玉米0909,117758.0,1609.0,1609.0
2009-01-20,C0909,1611.0,1613.0,1598.0,1600.0,18098.0,29005.87,玉米0909,116608.0,1602.0,1600.0
2009-01-21,C0909,1598.0,1605.0,1597.0,1604.0,10776.0,17258.19,玉米0909,113012.0,1601.0,1604.0
2009-01-22,C0909,1607.0,1609.0,1601.0,1606.0,11090.0,17799.35,玉米0909,109084.0,1604.0,1606.0
2009-01-23,C0909,1602.0,1635.0,1601.0,1632.0,49514.0,80422.12,玉米0909,119902.0,1624.0,1632.0
2009-02-02,C0909,1625.0,1642.0,1625.0,1635.0,40618.0,66357.66,玉米0909,120100.0,1633.0,1635.0
2009-02-03,C0909,1628.0,1649.0,1628.0,1647.0,55082.0,90486.21,玉米0909,127774.0,1642.0,1647.0
2009-02-04,C0909,1649.0,1661.0,1642.0,1643.0,74534.0,122848.52,玉米0909,126082.0,1648.0,1643.0
2009-02-05,C0909,1640.0,1644.0,1636.0,1636.0,29454.0,48301.87,玉米0909,124088.0,1639.0,1636.0
2009-02-06,C0909,1639.0,1648.0,1637.0,1644.0,46044.0,75644.0,玉米0909,125270.0,1642.0,1644.0
2009-02-09,C0909,1647.0,1661.0,1644.0,1646.0,64624.0,106833.12,玉米0909,130316.0,1653.0,1646.0
2009-02-10,C0909,1645.0,1657.0,1642.0,1655.0,38342.0,63229.69,玉米0909,132966.0,1649.0,1655.0
2009-02-11,C0909,1651.0,1682.0,1651.0,1677.0,224794.0,375741.48,玉米0909,164294.0,1671.0,1677.0
2009-02-12,C0909,1686.0,1686.0,1664.0,1676.0,92082.0,154097.78,玉米0909,158692.0,1673.0,1676.0
2009-02-13,C0909,1678.0,1680.0,1672.0,1677.0,48242.0,80856.75,玉米0909,161370.0,1676.0,1677.0
2009-02-16,C0909,1674.0,1701.0,1674.0,1698.0,170636.0,289070.63,玉米0909,172022.0,1694.0,1698.0
2009-02-17,C0909,1700.0,1707.0,1683.0,1689.0,134124.0,227420.57,玉米0909,187440.0,1695.0,1689.0
2009-02-18,C0909,1682.0,1685.0,1654.0,1668.0,150310.0,250740.67,玉米0909,210304.0,1668.0,1668.0
2009-02-19,C0909,1675.0,1678.0,1669.0,1677.0,69036.0,115509.45,玉米0909,210642.0,1673.0,1677.0
2009-02-20,C0909,1679.0,1694.0,1674.0,1689.0,88264.0,148835.91,玉米0909,216848.0,1686.0,1689.0
2009-02-23,C0909,1687.0,1698.0,1683.0,1688.0,103168.0,174457.18,玉米0909,226396.0,1691.0,1688.0
2009-02-24,C0909,1682.0,1698.0,1682.0,1686.0,104618.0,176710.51,玉米0909,228500.0,1689.0,1686.0
2009-02-25,C0909,1691.0,1694.0,1673.0,1681.0,142166.0,239118.28,玉米0909,245400.0,1681.0,1681.0
2009-02-26,C0909,1683.0,1689.0,1674.0,1675.0,105160.0,176793.84,玉米0909,225846.0,1681.0,1675.0
2009-02-27,C0909,1673.0,1676.0,1664.0,1666.0,113796.0,190022.48,玉米0909,225890.0,1669.0,1666.0
2009-03-02,C0909,1664.0,1675.0,1663.0,1669.0,67000.0,111882.5,玉米0909,224176.0,1669.0,1669.0
2009-03-03,C0909,1662.0,1688.0,1660.0,1683.0,116416.0,195172.26,玉米0909,216554.0,1676.0,1683.0
2009-03-04,C0909,1683.0,1688.0,1674.0,1688.0,90044.0,151575.31,玉米0909,212160.0,1683.0,1688.0
2009-03-05,C0909,1695.0,1695.0,1685.0,1687.0,78924.0,133305.25,玉米0909,204772.0,1689.0,1687.0
2009-03-06,C0909,1684.0,1689.0,1683.0,1686.0,42424.0,71516.73,玉米0909,199718.0,1685.0,1686.0
2009-03-09,C0909,1688.0,1703.0,1688.0,1692.0,152122.0,258125.52,玉米0909,220198.0,1696.0,1692.0
2009-03-10,C0909,1693.0,1698.0,1686.0,1691.0,68316.0,115526.48,玉米0909,218482.0,1691.0,1691.0
2009-03-11,C0909,1693.0,1696.0,1686.0,1688.0,67604.0,114294.68,玉米0909,220930.0,1690.0,1688.0
2009-03-12,C0909,1685.0,1688.0,1677.0,1684.0,94274.0,158567.49,玉米0909,224652.0,1681.0,1684.0
2009-03-13,C0909,1690.0,1693.0,1682.0,1692.0,65496.0,110497.81,玉米0909,215258.0,1687.0,1692.0
2009-03-16,C0909,1691.0,1716.0,1690.0,1715.0,260210.0,444125.31,玉米0909,273068.0,1706.0,1715.0
2009-03-17,C0909,1719.0,1719.0,1706.0,1711.0,143500.0,245779.41,玉米0909,267986.0,1712.0,1711.0
2009-03-18,C0909,1713.0,1717.0,1708.0,1710.0,109826.0,188130.9,玉米0909,262270.0,1712.0,1710.0
2009-03-19,C0909,1716.0,1722.0,1713.0,1718.0,95976.0,164853.84,玉米0909,267968.0,1717.0,1718.0
2009-03-20,C0909,1717.0,1725.0,1706.0,1710.0,129030.0,221466.59,玉米0909,254216.0,1716.0,1710.0
2009-03-23,C0909,1712.0,1720.0,1709.0,1714.0,94592.0,162231.12,玉米0909,251532.0,1715.0,1714.0
2009-03-24,C0909,1713.0,1720.0,1708.0,1712.0,95146.0,163102.35,玉米0909,253242.0,1714.0,1712.0
2009-03-25,C0909,1712.0,1715.0,1696.0,1701.0,81928.0,140058.82,玉米0909,253962.0,1709.0,1701.0
2009-03-26,C0909,1702.0,1707.0,1699.0,1705.0,65198.0,111076.48,玉米0909,252658.0,1703.0,1705.0
2009-03-27,C0909,1705.0,1710.0,1692.0,1698.0,88828.0,151190.22,玉米0909,256006.0,1702.0,1698.0
2009-03-30,C0909,1695.0,1701.0,1693.0,1694.0,67842.0,115102.24,玉米0909,262510.0,1696.0,1694.0
2009-03-31,C0909,1694.0,1701.0,1693.0,1695.0,66812.0,113379.98,玉米0909,259364.0,1697.0,1695.0
2009-04-01,C0909,1699.0,1704.0,1685.0,1686.0,76274.0,129374.65,玉米0909,248678.0,1696.0,1686.0
2009-04-02,C0909,1690.0,1690.0,1678.0,1688.0,140542.0,236767.81,玉米0909,258414.0,1684.0,1688.0
2009-04-03,C0909,1690.0,1693.0,1680.0,1682.0,76074.0,128166.48,玉米0909,265346.0,1684.0,1682.0
2009-04-07,C0909,1682.0,1698.0,1678.0,1692.0,109174.0,184241.47,玉米0909,255410.0,1687.0,1692.0
2009-04-08,C0909,1690.0,1693.0,1683.0,1684.0,54776.0,92414.22,玉米0909,250996.0,1687.0,1684.0
2009-04-09,C0909,1688.0,1692.0,1685.0,1689.0,35490.0,59911.04,玉米0909,247088.0,1688.0,1689.0
2009-04-10,C0909,1690.0,1706.0,1686.0,1697.0,96456.0,163639.11,玉米0909,248152.0,1696.0,1697.0
2009-04-13,C0909,1695.0,1700.0,1691.0,1695.0,51298.0,86966.75,玉米0909,239124.0,1695.0,1695.0
2009-04-14,C0909,1695.0,1698.0,1682.0,1684.0,90510.0,152895.28,玉米0909,227590.0,1689.0,1684.0
2009-04-15,C0909,1684.0,1688.0,1682.0,1685.0,46504.0,78345.15,玉米0909,225304.0,1684.0,1685.0
2009-04-16,C0909,1685.0,1692.0,1678.0,1687.0,70094.0,118072.46,玉米0909,220632.0,1684.0,1687.0
2009-04-17,C0909,1687.0,1690.0,1682.0,1685.0,32322.0,54490.44,玉米0909,217672.0,1685.0,1685.0
2009-04-20,C0909,1680.0,1685.0,1657.0,1658.0,205564.0,342800.7,玉米0909,275700.0,1667.0,1658.0
2009-04-21,C0909,1658.0,1668.0,1649.0,1666.0,222648.0,369654.89,玉米0909,278198.0,1660.0,1666.0
2009-04-22,C0909,1669.0,1673.0,1665.0,1669.0,91422.0,152562.34,玉米0909,269118.0,1668.0,1669.0
2009-04-23,C0909,1670.0,1692.0,1667.0,1689.0,221838.0,372896.83,玉米0909,244098.0,1680.0,1689.0
2009-04-24,C0909,1691.0,1697.0,1682.0,1686.0,94630.0,159754.14,玉米0909,230728.0,1688.0,1686.0
2009-04-27,C0909,1673.0,1675.0,1645.0,1659.0,360666.0,597157.92,玉米0909,278132.0,1655.0,1659.0
2009-04-28,C0909,1665.0,1674.0,1657.0,1665.0,143924.0,239500.89,玉米0909,268030.0,1664.0,1665.0
2009-04-29,C0909,1665.0,1671.0,1660.0,1669.0,93148.0,155286.44,玉米0909,239616.0,1667.0,1669.0
2009-04-30,C0909,1675.0,1677.0,1660.0,1670.0,100972.0,168431.44,玉米0909,223792.0,1668.0,1670.0
2009-05-04,C0909,1678.0,1678.0,1665.0,1667.0,83792.0,139975.35,玉米0909,215362.0,1670.0,1667.0
2009-05-05,C0909,1663.0,1665.0,1657.0,1662.0,54302.0,90256.0,玉米0909,208906.0,1662.0,1662.0
2009-05-06,C0909,1663.0,1669.0,1657.0,1664.0,72622.0,120751.59,玉米0909,203218.0,1662.0,1664.0
2009-05-07,C0909,1666.0,1667.0,1658.0,1661.0,41644.0,69281.72,玉米0909,200990.0,1663.0,1661.0
2009-05-08,C0909,1661.0,1665.0,1654.0,1665.0,56042.0,93004.83,玉米0909,197296.0,1659.0,1665.0
2009-05-11,C0909,1665.0,1665.0,1654.0,1660.0,54820.0,90899.23,玉米0909,198456.0,1658.0,1660.0
2009-05-12,C0909,1659.0,1663.0,1656.0,1663.0,24928.0,41370.62,玉米0909,194146.0,1659.0,1663.0
2009-05-13,C0909,1663.0,1669.0,1663.0,1666.0,45800.0,76303.82,玉米0909,188330.0,1666.0,1666.0
2009-05-14,C0909,1662.0,1672.0,1661.0,1667.0,50434.0,84086.16,玉米0909,181890.0,1667.0,1667.0
2009-05-15,C0909,1669.0,1687.0,1667.0,1680.0,129458.0,217427.68,玉米0909,173320.0,1679.0,1680.0
2009-05-18,C0909,1673.0,1689.0,1671.0,1678.0,74244.0,124699.6,玉米0909,164288.0,1679.0,1678.0
2009-05-19,C0909,1681.0,1685.0,1674.0,1677.0,46712.0,78340.58,玉米0909,153508.0,1677.0,1677.0
2009-05-20,C0909,1677.0,1683.0,1676.0,1681.0,37200.0,62496.25,玉米0909,155780.0,1680.0,1681.0
2009-05-21,C0909,1681.0,1682.0,1677.0,1677.0,23226.0,38989.87,玉米0909,149638.0,1678.0,1677.0
2009-05-22,C0909,1680.0,1680.0,1665.0,1674.0,53474.0,89376.06,玉米0909,148614.0,1671.0,1674.0
2009-05-25,C0909,1675.0,1676.0,1666.0,1667.0,33408.0,55817.41,玉米0909,147026.0,1670.0,1667.0
2009-05-26,C0909,1667.0,1673.0,1661.0,1661.0,49694.0,82819.91,玉米0909,143074.0,1666.0,1661.0
2009-05-27,C0909,1661.0,1666.0,1661.0,1662.0,24024.0,39949.16,玉米0909,139878.0,1662.0,1662.0
2009-06-01,C0909,1665.0,1677.0,1664.0,1676.0,34530.0,57636.15,玉米0909,132884.0,1669.0,1676.0
2009-06-02,C0909,1675.0,1684.0,1668.0,1669.0,47816.0,80101.6,玉米0909,124056.0,1675.0,1669.0
2009-06-03,C0909,1669.0,1675.0,1669.0,1672.0,20340.0,34005.82,玉米0909,120008.0,1671.0,1672.0
2009-06-04,C0909,1669.0,1671.0,1662.0,1663.0,33314.0,55483.54,玉米0909,115694.0,1665.0,1663.0
2009-06-05,C0909,1667.0,1667.0,1641.0,1644.0,92218.0,152208.76,玉米0909,136520.0,1650.0,1644.0
2009-06-08,C0909,1645.0,1646.0,1632.0,1632.0,51422.0,84277.23,玉米0909,133068.0,1638.0,1632.0
2009-06-09,C0909,1633.0,1643.0,1633.0,1641.0,36208.0,59319.0,玉米0909,126334.0,1638.0,1641.0
2009-06-10,C0909,1640.0,1647.0,1639.0,1644.0,30154.0,49568.7,玉米0909,113198.0,1643.0,1644.0
2009-06-11,C0909,1644.0,1645.0,1639.0,1642.0,12338.0,20256.07,玉米0909,109422.0,1641.0,1642.0
2009-06-12,C0909,1648.0,1649.0,1642.0,1644.0,8506.0,13987.03,玉米0909,106578.0,1644.0,1644.0
2009-06-15,C0909,1644.0,1644.0,1630.0,1639.0,27086.0,44348.11,玉米0909,105404.0,1637.0,1639.0
2009-06-16,C0909,1631.0,1640.0,1631.0,1640.0,6938.0,11364.69,玉米0909,102882.0,1638.0,1640.0
2009-06-17,C0909,1639.0,1647.0,1637.0,1646.0,9434.0,15501.05,玉米0909,97486.0,1643.0,1646.0
2009-06-18,C0909,1647.0,1647.0,1642.0,1643.0,3420.0,5620.1,玉米0909,95498.0,1643.0,1643.0
2009-06-19,C0909,1642.0,1648.0,1642.0,1645.0,5996.0,9868.16,玉米0909,91828.0,1645.0,1645.0
2009-06-22,C0909,1642.0,1656.0,1640.0,1651.0,14042.0,23161.35,玉米0909,86968.0,1649.0,1651.0
2009-06-23,C0909,1648.0,1658.0,1648.0,1654.0,8250.0,13657.13,玉米0909,84402.0,1655.0,1654.0
2009-06-24,C0909,1654.0,1656.0,1651.0,1654.0,2808.0,4644.51,玉米0909,83494.0,1654.0,1654.0
2009-06-25,C0909,1655.0,1661.0,1653.0,1658.0,5126.0,8498.9,玉米0909,80368.0,1657.0,1658.0
2009-06-26,C0909,1658.0,1663.0,1657.0,1661.0,8430.0,14001.05,玉米0909,74282.0,1660.0,1661.0
2009-06-29,C0909,1662.0,1668.0,1662.0,1667.0,8672.0,14444.9,玉米0909,69810.0,1665.0,1667.0
2009-06-30,C0909,1666.0,1668.0,1664.0,1667.0,5382.0,8969.42,玉米0909,66878.0,1666.0,1667.0
2009-07-01,C0909,1665.0,1668.0,1662.0,1667.0,3332.0,5550.16,玉米0909,65658.0,1665.0,1667.0
2009-07-02,C0909,1667.0,1670.0,1666.0,1667.0,3044.0,5076.32,玉米0909,64294.0,1667.0,1667.0
2009-07-03,C0909,1666.0,1669.0,1664.0,1666.0,5638.0,9397.78,玉米0909,62432.0,1666.0,1666.0
2009-07-06,C0909,1665.0,1671.0,1665.0,1668.0,7834.0,13076.42,玉米0909,58596.0,1669.0,1668.0
2009-07-07,C0909,1668.0,1677.0,1667.0,1676.0,8318.0,13909.9,玉米0909,54686.0,1672.0,1676.0
2009-07-08,C0909,1666.0,1675.0,1666.0,1674.0,4276.0,7152.73,玉米0909,53184.0,1672.0,1674.0
2009-07-09,C0909,1673.0,1679.0,1673.0,1677.0,4664.0,7819.22,玉米0909,50790.0,1676.0,1677.0
2009-07-10,C0909,1677.0,1682.0,1676.0,1680.0,6254.0,10506.57,玉米0909,48186.0,1679.0,1680.0
2009-07-13,C0909,1682.0,1682.0,1664.0,1667.0,7556.0,12638.87,玉米0909,48740.0,1672.0,1667.0
2009-07-14,C0909,1667.0,1671.0,1665.0,1670.0,2030.0,3387.03,玉米0909,48052.0,1668.0,1670.0
2009-07-15,C0909,1668.0,1676.0,1667.0,1670.0,10216.0,17076.27,玉米0909,50210.0,1671.0,1670.0
2009-07-16,C0909,1671.0,1671.0,1663.0,1665.0,3908.0,6508.13,玉米0909,50408.0,1665.0,1665.0
2009-07-17,C0909,1663.0,1667.0,1661.0,1664.0,3732.0,6210.39,玉米0909,48332.0,1664.0,1664.0
2009-07-20,C0909,1666.0,1670.0,1665.0,1669.0,1382.0,2304.95,玉米0909,47638.0,1667.0,1669.0
2009-07-21,C0909,1670.0,1679.0,1668.0,1678.0,5220.0,8737.35,玉米0909,46468.0,1673.0,1678.0
2009-07-22,C0909,1677.0,1677.0,1667.0,1670.0,4102.0,6852.71,玉米0909,45786.0,1670.0,1670.0
2009-07-23,C0909,1671.0,1673.0,1669.0,1669.0,1446.0,2414.74,玉米0909,45710.0,1669.0,1669.0
2009-07-24,C0909,1671.0,1675.0,1669.0,1671.0,3452.0,5768.59,玉米0909,45322.0,1671.0,1671.0
2009-07-27,C0909,1668.0,1672.0,1668.0,1669.0,1572.0,2625.78,玉米0909,43986.0,1670.0,1669.0
2009-07-28,C0909,1671.0,1682.0,1671.0,1678.0,4176.0,7009.99,玉米0909,41188.0,1678.0,1678.0
2009-07-29,C0909,1678.0,1678.0,1674.0,1676.0,1940.0,3250.66,玉米0909,39676.0,1675.0,1676.0
2009-07-30,C0909,1675.0,1683.0,1674.0,1680.0,3860.0,6476.9,玉米0909,36618.0,1677.0,1680.0
2009-07-31,C0909,1682.0,1682.0,1676.0,1679.0,4276.0,7177.72,玉米0909,32780.0,1678.0,1679.0
2009-08-03,C0909,1682.0,1682.0,1678.0,1678.0,4628.0,7774.22,玉米0909,28696.0,1679.0,1678.0
2009-08-04,C0909,1678.0,1680.0,1661.0,1673.0,3554.0,5954.11,玉米0909,25396.0,1675.0,1673.0
2009-08-05,C0909,1672.0,1675.0,1670.0,1672.0,1684.0,2815.37,玉米0909,23782.0,1671.0,1672.0
2009-08-06,C0909,1673.0,1673.0,1669.0,1669.0,956.0,1596.62,玉米0909,22906.0,1670.0,1669.0
2009-08-07,C0909,1670.0,1670.0,1665.0,1665.0,1830.0,3051.35,玉米0909,21508.0,1667.0,1665.0
2009-08-10,C0909,1667.0,1672.0,1664.0,1664.0,4352.0,7256.58,玉米0909,19682.0,1667.0,1664.0
2009-08-11,C0909,1666.0,1667.0,1662.0,1665.0,3950.0,6576.61,玉米0909,18364.0,1664.0,1665.0
2009-08-12,C0909,1663.0,1664.0,1662.0,1663.0,964.0,1603.88,玉米0909,17546.0,1663.0,1663.0
2009-08-13,C0909,1664.0,1669.0,1662.0,1662.0,3360.0,5598.28,玉米0909,16514.0,1666.0,1662.0
2009-08-14,C0909,1664.0,1669.0,1664.0,1665.0,1980.0,3301.21,玉米0909,16244.0,1667.0,1665.0
2009-08-17,C0909,1662.0,1665.0,1656.0,1659.0,866.0,1438.31,玉米0909,15444.0,1660.0,1659.0
2009-08-18,C0909,1665.0,1665.0,1660.0,1660.0,274.0,455.37,玉米0909,15180.0,1661.0,1660.0
2009-08-19,C0909,1655.0,1666.0,1655.0,1660.0,160.0,265.73,玉米0909,15040.0,1660.0,1660.0
2009-08-20,C0909,1664.0,1670.0,1654.0,1660.0,378.0,628.56,玉米0909,14676.0,1662.0,1660.0
2009-08-21,C0909,1658.0,1668.0,1658.0,1667.0,958.0,1594.3,玉米0909,14468.0,1664.0,1667.0
2009-08-24,C0909,1668.0,1715.0,1668.0,1697.0,212.0,358.46,玉米0909,14296.0,1690.0,1697.0
2009-08-25,C0909,1700.0,1705.0,1692.0,1705.0,834.0,1413.91,玉米0909,14256.0,1695.0,1705.0
2009-08-26,C0909,1705.0,1716.0,1701.0,1706.0,122.0,209.02,玉米0909,14240.0,1713.0,1706.0
2009-08-27,C0909,1716.0,1740.0,1716.0,1730.0,88.0,152.11,玉米0909,14172.0,1728.0,1730.0
2009-08-28,C0909,1730.0,1745.0,1730.0,1744.0,60.0,104.56,玉米0909,14142.0,1742.0,1744.0
2009-08-31,C0909,1726.0,1780.0,1706.0,1706.0,132.0,230.98,玉米0909,14024.0,1749.0,1706.0
2009-09-01,C0909,1750.0,1750.0,1700.0,1730.0,232.0,401.9,玉米0909,13986.0,1732.0,1730.0
2009-09-02,C0909,0.0,0.0,0.0,1732.0,0.0,0.0,玉米0909,13986.0,1732.0,1732.0
2009-09-03,C0909,1800.0,1800.0,1800.0,1800.0,2.0,3.6,玉米0909,13982.0,1800.0,1800.0
2009-09-04,C0909,1800.0,1800.0,1800.0,1800.0,2.0,3.6,玉米0909,13980.0,1800.0,1800.0
2009-09-07,C0909,0.0,0.0,0.0,1800.0,0.0,0.0,玉米0909,13980.0,1800.0,1800.0
2009-09-08,C0909,0.0,0.0,0.0,1800.0,0.0,0.0,玉米0909,13980.0,1800.0,1800.0
2009-09-09,C0909,0.0,0.0,0.0,1800.0,0.0,0.0,玉米0909,13980.0,1800.0,1800.0
2009-09-10,C0909,0.0,0.0,0.0,1800.0,0.0,0.0,玉米0909,13980.0,1800.0,1800.0
2009-09-11,C0909,1692.0,1800.0,1692.0,1800.0,6.0,10.37,玉米0909,13982.0,1728.0,1800.0
2009-09-14,C0909,1760.0,1770.0,1625.0,1740.0,1824.0,3131.38,玉米0909,0.0,1718.0,1740.0
