date,symbol,open,high,low,close,volume,amount,name,openinterest,settleprice,price
2008-05-19,C0905,1990.0,2002.0,1961.0,1998.0,42272.0,84206.09,玉米0905,34918.0,1992.0,1998.0
2008-05-20,C0905,2000.0,2013.0,1996.0,2012.0,29908.0,60009.77,玉米0905,54278.0,2006.0,2012.0
2008-05-21,C0905,2010.0,2014.0,1979.0,1981.0,47090.0,93778.36,玉米0905,62230.0,1991.0,1981.0
2008-05-22,C0905,1992.0,1997.0,1968.0,1975.0,59664.0,118297.77,玉米0905,78932.0,1982.0,1975.0
2008-05-23,C0905,1965.0,1965.0,1948.0,1958.0,78156.0,152738.58,玉米0905,112298.0,1954.0,1958.0
2008-05-26,C0905,1961.0,1981.0,1942.0,1972.0,86438.0,169522.08,玉米0905,125218.0,1961.0,1972.0
2008-05-27,C0905,1977.0,1981.0,1966.0,1973.0,47452.0,93586.08,玉米0905,137030.0,1972.0,1973.0
2008-05-28,C0905,1962.0,1969.0,1958.0,1962.0,47254.0,92763.57,玉米0905,144352.0,1963.0,1962.0
2008-05-29,C0905,1955.0,1963.0,1950.0,1953.0,38260.0,74864.13,玉米0905,141440.0,1956.0,1953.0
2008-05-30,C0905,1941.0,1949.0,1935.0,1941.0,57552.0,111689.6,玉米0905,141952.0,1940.0,1941.0
2008-06-02,C0905,1954.0,1955.0,1945.0,1947.0,31306.0,61062.68,玉米0905,144860.0,1950.0,1947.0
2008-06-03,C0905,1954.0,1966.0,1947.0,1963.0,51914.0,101728.42,玉米0905,147662.0,1959.0,1963.0
2008-06-04,C0905,1956.0,1959.0,1951.0,1951.0,32080.0,62684.43,玉米0905,145146.0,1954.0,1951.0
2008-06-05,C0905,1958.0,1962.0,1952.0,1953.0,17626.0,34484.09,玉米0905,144696.0,1956.0,1953.0
2008-06-06,C0905,1967.0,1984.0,1962.0,1974.0,59112.0,116768.23,玉米0905,153304.0,1975.0,1974.0
2008-06-10,C0905,1978.0,1991.0,1978.0,1989.0,41834.0,83090.27,玉米0905,153138.0,1986.0,1989.0
2008-06-11,C0905,1996.0,2001.0,1976.0,1978.0,67696.0,134620.19,玉米0905,147838.0,1988.0,1978.0
2008-06-12,C0905,1998.0,2010.0,1981.0,1989.0,66662.0,133057.11,玉米0905,153292.0,1995.0,1989.0
2008-06-13,C0905,1990.0,2008.0,1977.0,2002.0,82392.0,164385.4,玉米0905,169040.0,1995.0,2002.0
2008-06-16,C0905,2016.0,2025.0,2012.0,2022.0,122968.0,248145.07,玉米0905,173334.0,2017.0,2022.0
2008-06-17,C0905,2010.0,2016.0,2005.0,2007.0,77052.0,154800.92,玉米0905,158218.0,2009.0,2007.0
2008-06-18,C0905,2012.0,2013.0,1998.0,2007.0,78574.0,157505.56,玉米0905,156736.0,2004.0,2007.0
2008-06-19,C0905,2010.0,2017.0,2003.0,2003.0,54550.0,109585.71,玉米0905,160242.0,2008.0,2003.0
2008-06-20,C0905,1998.0,2032.0,1995.0,2012.0,105324.0,211861.19,玉米0905,161488.0,2011.0,2012.0
2008-06-23,C0905,2005.0,2025.0,2005.0,2019.0,69164.0,139537.49,玉米0905,166328.0,2017.0,2019.0
2008-06-24,C0905,2020.0,2029.0,2011.0,2014.0,61186.0,123536.41,玉米0905,162356.0,2019.0,2014.0
2008-06-25,C0905,2011.0,2017.0,2001.0,2012.0,34950.0,70257.76,玉米0905,159008.0,2010.0,2012.0
2008-06-26,C0905,2018.0,2020.0,2010.0,2014.0,26880.0,54123.54,玉米0905,160470.0,2013.0,2014.0
2008-06-27,C0905,2023.0,2024.0,2012.0,2014.0,41330.0,83321.66,玉米0905,153572.0,2016.0,2014.0
2008-06-30,C0905,2017.0,2042.0,2013.0,2041.0,120136.0,244216.45,玉米0905,188734.0,2032.0,2041.0
2008-07-01,C0905,2028.0,2035.0,2020.0,2025.0,76646.0,155383.29,玉米0905,191002.0,2027.0,2025.0
2008-07-02,C0905,2030.0,2035.0,2026.0,2030.0,46000.0,93424.84,玉米0905,191750.0,2030.0,2030.0
2008-07-03,C0905,2036.0,2040.0,2014.0,2025.0,76288.0,154746.62,玉米0905,176752.0,2028.0,2025.0
2008-07-04,C0905,2028.0,2031.0,2024.0,2030.0,24966.0,50625.42,玉米0905,178714.0,2027.0,2030.0
2008-07-07,C0905,2024.0,2025.0,2003.0,2005.0,64432.0,129655.0,玉米0905,178196.0,2012.0,2005.0
2008-07-08,C0905,1989.0,1989.0,1976.0,1978.0,87600.0,173665.74,玉米0905,175628.0,1982.0,1978.0
2008-07-09,C0905,1982.0,1988.0,1971.0,1977.0,59032.0,116853.6,玉米0905,175516.0,1979.0,1977.0
2008-07-10,C0905,1979.0,1983.0,1970.0,1973.0,57852.0,114328.14,玉米0905,174028.0,1976.0,1973.0
2008-07-11,C0905,1978.0,2050.0,1957.0,1997.0,212390.0,421869.99,玉米0905,177872.0,1986.0,1997.0
2008-07-14,C0905,1985.0,2009.0,1980.0,1998.0,88700.0,177232.84,玉米0905,161486.0,1998.0,1998.0
2008-07-15,C0905,1998.0,2013.0,1995.0,2008.0,85650.0,171755.08,玉米0905,174374.0,2005.0,2008.0
2008-07-16,C0905,2003.0,2011.0,2000.0,2003.0,50080.0,100414.99,玉米0905,170328.0,2005.0,2003.0
2008-07-17,C0905,2008.0,2009.0,2000.0,2004.0,21588.0,43278.08,玉米0905,169976.0,2004.0,2004.0
2008-07-18,C0905,1993.0,2003.0,1990.0,1997.0,43370.0,86577.24,玉米0905,163050.0,1996.0,1997.0
2008-07-21,C0905,1988.0,1990.0,1972.0,1978.0,67816.0,134160.7,玉米0905,167142.0,1978.0,1978.0
2008-07-22,C0905,1960.0,1980.0,1959.0,1979.0,67194.0,132566.96,玉米0905,172718.0,1972.0,1979.0
2008-07-23,C0905,1975.0,1979.0,1967.0,1974.0,39354.0,77624.25,玉米0905,176848.0,1972.0,1974.0
2008-07-24,C0905,1976.0,1982.0,1971.0,1980.0,33968.0,67170.61,玉米0905,178078.0,1977.0,1980.0
2008-07-25,C0905,1981.0,1985.0,1969.0,1970.0,60672.0,119792.59,玉米0905,195622.0,1974.0,1970.0
2008-07-28,C0905,1973.0,1976.0,1960.0,1965.0,121278.0,238601.85,玉米0905,190700.0,1967.0,1965.0
2008-07-29,C0905,1961.0,1964.0,1932.0,1932.0,120606.0,235065.61,玉米0905,194666.0,1949.0,1932.0
2008-07-30,C0905,1938.0,1941.0,1922.0,1935.0,97876.0,189091.5,玉米0905,196054.0,1931.0,1935.0
2008-07-31,C0905,1938.0,1944.0,1919.0,1920.0,91648.0,176538.84,玉米0905,197850.0,1926.0,1920.0
2008-08-01,C0905,1911.0,1915.0,1901.0,1902.0,85986.0,163979.38,玉米0905,192860.0,1907.0,1902.0
2008-08-04,C0905,1891.0,1893.0,1873.0,1880.0,139628.0,263156.69,玉米0905,171504.0,1884.0,1880.0
2008-08-05,C0905,1862.0,1886.0,1847.0,1871.0,185350.0,346556.96,玉米0905,154800.0,1869.0,1871.0
2008-08-06,C0905,1871.0,1887.0,1871.0,1875.0,78414.0,147238.36,玉米0905,163022.0,1877.0,1875.0
2008-08-07,C0905,1868.0,1877.0,1865.0,1877.0,53592.0,100301.64,玉米0905,168188.0,1871.0,1877.0
2008-08-08,C0905,1882.0,1882.0,1870.0,1870.0,34408.0,64470.7,玉米0905,170458.0,1873.0,1870.0
2008-08-11,C0905,1860.0,1860.0,1838.0,1840.0,169722.0,313052.48,玉米0905,183198.0,1844.0,1840.0
2008-08-12,C0905,1845.0,1868.0,1830.0,1853.0,128502.0,237097.99,玉米0905,187724.0,1845.0,1853.0
2008-08-13,C0905,1860.0,1869.0,1847.0,1856.0,117198.0,217581.88,玉米0905,211454.0,1856.0,1856.0
2008-08-14,C0905,1875.0,1878.0,1837.0,1837.0,198928.0,368809.51,玉米0905,239246.0,1853.0,1837.0
2008-08-15,C0905,1828.0,1830.0,1799.0,1801.0,277138.0,502770.15,玉米0905,281954.0,1814.0,1801.0
2008-08-18,C0905,1811.0,1826.0,1805.0,1816.0,188252.0,341604.0,玉米0905,262038.0,1814.0,1816.0
2008-08-19,C0905,1815.0,1815.0,1794.0,1796.0,212112.0,382055.95,玉米0905,248252.0,1801.0,1796.0
2008-08-20,C0905,1805.0,1827.0,1794.0,1823.0,215830.0,391021.05,玉米0905,241536.0,1811.0,1823.0
2008-08-21,C0905,1821.0,1828.0,1815.0,1820.0,94080.0,171271.85,玉米0905,243134.0,1820.0,1820.0
2008-08-22,C0905,1830.0,1830.0,1806.0,1810.0,126074.0,229089.38,玉米0905,254702.0,1817.0,1810.0
2008-08-25,C0905,1815.0,1833.0,1807.0,1830.0,139046.0,252998.42,玉米0905,249112.0,1819.0,1830.0
2008-08-26,C0905,1822.0,1845.0,1818.0,1831.0,287892.0,527162.74,玉米0905,269524.0,1831.0,1831.0
2008-08-27,C0905,1840.0,1848.0,1833.0,1844.0,213718.0,393448.18,玉米0905,263078.0,1840.0,1844.0
2008-08-28,C0905,1842.0,1845.0,1833.0,1840.0,128002.0,235405.44,玉米0905,265936.0,1839.0,1840.0
2008-08-29,C0905,1836.0,1854.0,1835.0,1853.0,175108.0,323282.81,玉米0905,284914.0,1846.0,1853.0
2008-09-01,C0905,1850.0,1864.0,1850.0,1857.0,160294.0,297853.76,玉米0905,301850.0,1858.0,1857.0
2008-09-02,C0905,1842.0,1850.0,1830.0,1831.0,230632.0,424688.18,玉米0905,320396.0,1841.0,1831.0
2008-09-03,C0905,1835.0,1837.0,1815.0,1820.0,209258.0,381555.86,玉米0905,331290.0,1823.0,1820.0
2008-09-04,C0905,1820.0,1823.0,1801.0,1805.0,210402.0,381123.1,玉米0905,329516.0,1811.0,1805.0
2008-09-05,C0905,1798.0,1799.0,1788.0,1793.0,182652.0,327618.98,玉米0905,335860.0,1793.0,1793.0
2008-09-08,C0905,1785.0,1798.0,1781.0,1781.0,177210.0,317231.54,玉米0905,356656.0,1790.0,1781.0
2008-09-09,C0905,1775.0,1781.0,1759.0,1772.0,286516.0,507130.96,玉米0905,331812.0,1769.0,1772.0
2008-09-10,C0905,1771.0,1782.0,1769.0,1779.0,243040.0,431716.18,玉米0905,348908.0,1776.0,1779.0
2008-09-11,C0905,1773.0,1777.0,1767.0,1776.0,156774.0,277855.71,玉米0905,342412.0,1772.0,1776.0
2008-09-12,C0905,1780.0,1788.0,1774.0,1781.0,173776.0,309378.21,玉米0905,346898.0,1780.0,1781.0
2008-09-16,C0905,1776.0,1777.0,1746.0,1751.0,400158.0,703486.52,玉米0905,336566.0,1758.0,1751.0
2008-09-17,C0905,1747.0,1770.0,1743.0,1761.0,347644.0,609875.71,玉米0905,345350.0,1754.0,1761.0
2008-09-18,C0905,1768.0,1774.0,1755.0,1766.0,327818.0,578096.0,玉米0905,381044.0,1763.0,1766.0
2008-09-19,C0905,1762.0,1782.0,1760.0,1779.0,371802.0,659411.97,玉米0905,395734.0,1773.0,1779.0
2008-09-22,C0905,1787.0,1794.0,1777.0,1792.0,296192.0,528617.71,玉米0905,405230.0,1784.0,1792.0
2008-09-23,C0905,1799.0,1799.0,1765.0,1767.0,289536.0,515039.3,玉米0905,378470.0,1778.0,1767.0
2008-09-24,C0905,1764.0,1771.0,1761.0,1770.0,261184.0,461288.43,玉米0905,342946.0,1766.0,1770.0
2008-09-25,C0905,1762.0,1771.0,1762.0,1766.0,117754.0,208050.52,玉米0905,322848.0,1766.0,1766.0
2008-09-26,C0905,1764.0,1770.0,1759.0,1769.0,145958.0,257456.4,玉米0905,298800.0,1763.0,1769.0
2008-10-06,C0905,1675.0,1680.0,1675.0,1675.0,156636.0,262444.31,玉米0905,276468.0,1675.0,1675.0
2008-10-07,C0905,1620.0,1677.0,1620.0,1676.0,935346.0,1545120.69,玉米0905,304584.0,1651.0,1676.0
2008-10-08,C0905,1670.0,1680.0,1648.0,1661.0,698780.0,1162136.43,玉米0905,310214.0,1663.0,1661.0
2008-10-09,C0905,1675.0,1677.0,1663.0,1671.0,303824.0,507294.21,玉米0905,289932.0,1669.0,1671.0
2008-10-10,C0905,1656.0,1658.0,1600.0,1621.0,1060608.0,1718390.37,玉米0905,375580.0,1620.0,1621.0
2008-10-13,C0905,1605.0,1684.0,1602.0,1650.0,1052388.0,1727264.13,玉米0905,323388.0,1641.0,1650.0
2008-10-14,C0905,1670.0,1697.0,1639.0,1640.0,777268.0,1295827.73,玉米0905,296944.0,1667.0,1640.0
2008-10-15,C0905,1625.0,1653.0,1619.0,1651.0,616604.0,1008449.74,玉米0905,268034.0,1635.0,1651.0
2008-10-16,C0905,1620.0,1645.0,1615.0,1630.0,708230.0,1156873.56,玉米0905,285218.0,1633.0,1630.0
2008-10-17,C0905,1670.0,1687.0,1646.0,1672.0,739770.0,1233208.62,玉米0905,250156.0,1667.0,1672.0
2008-10-20,C0905,1700.0,1710.0,1687.0,1701.0,826586.0,1403736.85,玉米0905,289696.0,1698.0,1701.0
2008-10-21,C0905,1700.0,1700.0,1660.0,1661.0,466354.0,780982.49,玉米0905,223774.0,1674.0,1661.0
2008-10-22,C0905,1655.0,1664.0,1648.0,1654.0,336658.0,557360.48,玉米0905,222140.0,1655.0,1654.0
2008-10-23,C0905,1638.0,1665.0,1633.0,1663.0,529998.0,871308.42,玉米0905,227336.0,1643.0,1663.0
2008-10-24,C0905,1670.0,1675.0,1652.0,1654.0,314642.0,522110.69,玉米0905,211684.0,1659.0,1654.0
2008-10-27,C0905,1653.0,1656.0,1634.0,1645.0,313178.0,515285.85,玉米0905,221562.0,1645.0,1645.0
2008-10-28,C0905,1670.0,1671.0,1650.0,1663.0,271384.0,450181.15,玉米0905,198898.0,1658.0,1663.0
2008-10-29,C0905,1658.0,1664.0,1651.0,1661.0,190240.0,315409.09,玉米0905,193476.0,1657.0,1661.0
2008-10-30,C0905,1670.0,1673.0,1662.0,1665.0,159240.0,265428.6,玉米0905,204270.0,1666.0,1665.0
2008-10-31,C0905,1658.0,1662.0,1652.0,1654.0,132530.0,219803.6,玉米0905,185400.0,1658.0,1654.0
2008-11-03,C0905,1653.0,1654.0,1641.0,1647.0,144812.0,238525.47,玉米0905,192882.0,1647.0,1647.0
2008-11-04,C0905,1646.0,1648.0,1623.0,1626.0,162162.0,265159.36,玉米0905,216338.0,1635.0,1626.0
2008-11-05,C0905,1635.0,1640.0,1624.0,1633.0,161904.0,264340.8,玉米0905,204968.0,1632.0,1633.0
2008-11-06,C0905,1611.0,1631.0,1610.0,1623.0,142274.0,230542.31,玉米0905,216920.0,1620.0,1623.0
2008-11-07,C0905,1623.0,1632.0,1617.0,1631.0,177396.0,288504.8,玉米0905,211092.0,1626.0,1631.0
2008-11-10,C0905,1641.0,1643.0,1633.0,1637.0,130254.0,213324.94,玉米0905,203020.0,1637.0,1637.0
2008-11-11,C0905,1639.0,1639.0,1603.0,1619.0,398676.0,644145.68,玉米0905,257124.0,1615.0,1619.0
2008-11-12,C0905,1615.0,1623.0,1591.0,1598.0,391066.0,627620.94,玉米0905,258210.0,1604.0,1598.0
2008-11-13,C0905,1591.0,1594.0,1575.0,1578.0,302786.0,479077.77,玉米0905,272144.0,1582.0,1578.0
2008-11-14,C0905,1582.0,1589.0,1577.0,1584.0,273766.0,433418.38,玉米0905,274522.0,1583.0,1584.0
2008-11-17,C0905,1585.0,1612.0,1577.0,1597.0,261014.0,416434.11,玉米0905,229918.0,1595.0,1597.0
2008-11-18,C0905,1597.0,1606.0,1586.0,1593.0,161304.0,257691.24,玉米0905,213466.0,1597.0,1593.0
2008-11-19,C0905,1595.0,1603.0,1584.0,1600.0,167044.0,265951.03,玉米0905,208286.0,1592.0,1600.0
2008-11-20,C0905,1588.0,1610.0,1587.0,1609.0,254088.0,406554.58,玉米0905,214836.0,1600.0,1609.0
2008-11-21,C0905,1600.0,1606.0,1588.0,1602.0,334992.0,535319.93,玉米0905,212252.0,1598.0,1602.0
2008-11-24,C0905,1598.0,1603.0,1591.0,1592.0,127460.0,203360.02,玉米0905,209236.0,1595.0,1592.0
2008-11-25,C0905,1605.0,1605.0,1582.0,1586.0,193220.0,307010.77,玉米0905,230064.0,1588.0,1586.0
2008-11-26,C0905,1586.0,1590.0,1579.0,1586.0,169294.0,268339.52,玉米0905,215822.0,1585.0,1586.0
2008-11-27,C0905,1588.0,1589.0,1567.0,1569.0,216764.0,341619.31,玉米0905,270126.0,1575.0,1569.0
2008-11-28,C0905,1569.0,1571.0,1552.0,1556.0,253054.0,395482.6,玉米0905,260710.0,1562.0,1556.0
2008-12-01,C0905,1550.0,1551.0,1530.0,1537.0,237222.0,365248.28,玉米0905,262846.0,1539.0,1537.0
2008-12-02,C0905,1530.0,1533.0,1510.0,1511.0,225624.0,343966.2,玉米0905,263682.0,1524.0,1511.0
2008-12-03,C0905,1514.0,1524.0,1508.0,1516.0,216356.0,327891.86,玉米0905,272494.0,1515.0,1516.0
2008-12-04,C0905,1519.0,1530.0,1511.0,1515.0,251680.0,382630.76,玉米0905,269608.0,1520.0,1515.0
2008-12-05,C0905,1508.0,1510.0,1445.0,1464.0,551142.0,809201.8,玉米0905,276848.0,1468.0,1464.0
2008-12-08,C0905,1460.0,1494.0,1458.0,1480.0,359178.0,531123.69,玉米0905,249824.0,1478.0,1480.0
2008-12-09,C0905,1460.0,1489.0,1460.0,1477.0,205374.0,303750.13,玉米0905,241700.0,1479.0,1477.0
2008-12-10,C0905,1477.0,1488.0,1475.0,1484.0,138534.0,205271.27,玉米0905,237530.0,1481.0,1484.0
2008-12-11,C0905,1483.0,1486.0,1446.0,1450.0,417316.0,609576.45,玉米0905,263452.0,1460.0,1450.0
2008-12-12,C0905,1452.0,1475.0,1440.0,1463.0,359608.0,525667.17,玉米0905,241080.0,1461.0,1463.0
2008-12-15,C0905,1476.0,1498.0,1476.0,1489.0,292692.0,434459.18,玉米0905,227560.0,1484.0,1489.0
2008-12-16,C0905,1482.0,1484.0,1465.0,1475.0,221966.0,327311.12,玉米0905,223526.0,1474.0,1475.0
2008-12-17,C0905,1485.0,1488.0,1473.0,1478.0,172924.0,255820.72,玉米0905,230308.0,1479.0,1478.0
2008-12-18,C0905,1470.0,1497.0,1465.0,1466.0,460444.0,683037.52,玉米0905,262048.0,1483.0,1466.0
2008-12-19,C0905,1461.0,1501.0,1456.0,1500.0,469150.0,692426.12,玉米0905,294326.0,1475.0,1500.0
2008-12-22,C0905,1514.0,1523.0,1500.0,1515.0,528306.0,798542.71,玉米0905,256100.0,1511.0,1515.0
2008-12-23,C0905,1510.0,1532.0,1506.0,1523.0,382240.0,581256.66,玉米0905,270898.0,1520.0,1523.0
2008-12-24,C0905,1528.0,1535.0,1512.0,1529.0,334390.0,509823.9,玉米0905,292932.0,1524.0,1529.0
2008-12-25,C0905,1528.0,1538.0,1521.0,1526.0,206036.0,314752.11,玉米0905,282686.0,1527.0,1526.0
2008-12-26,C0905,1527.0,1529.0,1515.0,1528.0,210484.0,320296.78,玉米0905,266506.0,1521.0,1528.0
2008-12-29,C0905,1541.0,1547.0,1531.0,1542.0,303574.0,467340.67,玉米0905,223280.0,1539.0,1542.0
2008-12-30,C0905,1532.0,1542.0,1531.0,1538.0,139898.0,215058.96,玉米0905,205258.0,1537.0,1538.0
2008-12-31,C0905,1537.0,1553.0,1536.0,1548.0,171758.0,264982.1,玉米0905,210188.0,1542.0,1548.0
2009-01-05,C0905,1551.0,1564.0,1545.0,1554.0,199356.0,309791.2,玉米0905,197340.0,1553.0,1554.0
2009-01-06,C0905,1555.0,1557.0,1540.0,1541.0,213514.0,330583.71,玉米0905,212210.0,1548.0,1541.0
2009-01-07,C0905,1546.0,1556.0,1529.0,1529.0,250256.0,386150.22,玉米0905,230688.0,1543.0,1529.0
2009-01-08,C0905,1521.0,1558.0,1520.0,1557.0,271888.0,418852.88,玉米0905,240780.0,1540.0,1557.0
2009-01-09,C0905,1560.0,1570.0,1551.0,1564.0,199494.0,310931.13,玉米0905,227882.0,1558.0,1564.0
2009-01-12,C0905,1564.0,1575.0,1558.0,1563.0,146112.0,229008.02,玉米0905,234604.0,1567.0,1563.0
2009-01-13,C0905,1533.0,1556.0,1533.0,1551.0,190286.0,294714.11,玉米0905,219234.0,1548.0,1551.0
2009-01-14,C0905,1551.0,1559.0,1547.0,1555.0,94644.0,147041.37,玉米0905,220838.0,1553.0,1555.0
2009-01-15,C0905,1551.0,1555.0,1547.0,1549.0,53552.0,83018.48,玉米0905,218142.0,1550.0,1549.0
2009-01-16,C0905,1552.0,1558.0,1548.0,1553.0,86232.0,133953.67,玉米0905,213988.0,1553.0,1553.0
2009-01-19,C0905,1556.0,1565.0,1554.0,1559.0,64730.0,100888.12,玉米0905,214404.0,1558.0,1559.0
2009-01-20,C0905,1560.0,1563.0,1544.0,1550.0,81468.0,126330.23,玉米0905,205994.0,1550.0,1550.0
2009-01-21,C0905,1545.0,1551.0,1544.0,1550.0,32284.0,49989.21,玉米0905,197720.0,1548.0,1550.0
2009-01-22,C0905,1554.0,1554.0,1545.0,1551.0,29140.0,45157.61,玉米0905,190354.0,1549.0,1551.0
2009-01-23,C0905,1549.0,1582.0,1547.0,1579.0,76190.0,119368.84,玉米0905,188592.0,1566.0,1579.0
2009-02-02,C0905,1582.0,1584.0,1570.0,1578.0,76796.0,121165.6,玉米0905,185814.0,1577.0,1578.0
2009-02-03,C0905,1582.0,1592.0,1575.0,1591.0,98928.0,156997.1,玉米0905,207642.0,1586.0,1591.0
2009-02-04,C0905,1592.0,1597.0,1585.0,1591.0,113510.0,180659.01,玉米0905,206944.0,1591.0,1591.0
2009-02-05,C0905,1586.0,1591.0,1581.0,1581.0,45500.0,72151.37,玉米0905,200062.0,1585.0,1581.0
2009-02-06,C0905,1584.0,1589.0,1580.0,1585.0,48030.0,76080.37,玉米0905,202868.0,1584.0,1585.0
2009-02-09,C0905,1585.0,1596.0,1582.0,1587.0,66760.0,106136.41,玉米0905,198036.0,1589.0,1587.0
2009-02-10,C0905,1585.0,1593.0,1582.0,1590.0,28784.0,45676.59,玉米0905,197716.0,1586.0,1590.0
2009-02-11,C0905,1587.0,1609.0,1587.0,1604.0,120260.0,192496.01,玉米0905,172676.0,1600.0,1604.0
2009-02-12,C0905,1604.0,1609.0,1598.0,1602.0,29608.0,47421.55,玉米0905,165330.0,1601.0,1602.0
2009-02-13,C0905,1603.0,1605.0,1597.0,1601.0,27230.0,43587.59,玉米0905,153666.0,1600.0,1601.0
2009-02-16,C0905,1600.0,1612.0,1593.0,1601.0,59602.0,95697.9,玉米0905,136038.0,1605.0,1601.0
2009-02-17,C0905,1602.0,1610.0,1595.0,1599.0,42924.0,68823.23,玉米0905,119348.0,1603.0,1599.0
2009-02-18,C0905,1595.0,1597.0,1574.0,1581.0,47802.0,75795.93,玉米0905,103412.0,1585.0,1581.0
2009-02-19,C0905,1584.0,1588.0,1578.0,1582.0,25914.0,40983.77,玉米0905,97556.0,1581.0,1582.0
2009-02-20,C0905,1582.0,1600.0,1580.0,1597.0,22244.0,35410.75,玉米0905,93654.0,1591.0,1597.0
2009-02-23,C0905,1595.0,1607.0,1595.0,1601.0,27342.0,43825.63,玉米0905,84294.0,1602.0,1601.0
2009-02-24,C0905,1595.0,1617.0,1595.0,1609.0,21592.0,34729.17,玉米0905,80416.0,1608.0,1609.0
2009-02-25,C0905,1611.0,1614.0,1601.0,1611.0,17596.0,28301.7,玉米0905,78108.0,1608.0,1611.0
2009-02-26,C0905,1613.0,1614.0,1605.0,1606.0,11188.0,18011.02,玉米0905,75090.0,1609.0,1606.0
2009-02-27,C0905,1609.0,1610.0,1599.0,1600.0,9720.0,15579.99,玉米0905,73532.0,1602.0,1600.0
2009-03-02,C0905,1600.0,1609.0,1600.0,1608.0,11220.0,18004.05,玉米0905,67026.0,1604.0,1608.0
2009-03-03,C0905,1602.0,1617.0,1600.0,1613.0,11022.0,17746.72,玉米0905,65012.0,1610.0,1613.0
2009-03-04,C0905,1613.0,1617.0,1609.0,1611.0,7746.0,12487.45,玉米0905,61570.0,1612.0,1611.0
2009-03-05,C0905,1613.0,1617.0,1609.0,1613.0,6546.0,10553.15,玉米0905,62520.0,1612.0,1613.0
2009-03-06,C0905,1612.0,1619.0,1610.0,1617.0,7954.0,12848.03,玉米0905,63170.0,1615.0,1617.0
2009-03-09,C0905,1620.0,1625.0,1617.0,1622.0,10024.0,16240.66,玉米0905,61456.0,1620.0,1622.0
2009-03-10,C0905,1621.0,1627.0,1620.0,1624.0,6090.0,9886.0,玉米0905,60642.0,1623.0,1624.0
2009-03-11,C0905,1626.0,1628.0,1622.0,1624.0,2358.0,3829.23,玉米0905,60304.0,1623.0,1624.0
2009-03-12,C0905,1622.0,1624.0,1616.0,1618.0,3868.0,6263.54,玉米0905,58584.0,1619.0,1618.0
2009-03-13,C0905,1620.0,1628.0,1619.0,1625.0,2480.0,4022.21,玉米0905,57568.0,1621.0,1625.0
2009-03-16,C0905,1623.0,1643.0,1623.0,1639.0,14278.0,23354.96,玉米0905,53162.0,1635.0,1639.0
2009-03-17,C0905,1643.0,1643.0,1637.0,1640.0,5212.0,8540.82,玉米0905,50748.0,1638.0,1640.0
2009-03-18,C0905,1639.0,1646.0,1638.0,1644.0,4048.0,6647.1,玉米0905,51158.0,1642.0,1644.0
2009-03-19,C0905,1646.0,1648.0,1644.0,1648.0,2480.0,4083.06,玉米0905,50124.0,1646.0,1648.0
2009-03-20,C0905,1649.0,1654.0,1644.0,1646.0,4102.0,6768.05,玉米0905,49220.0,1649.0,1646.0
2009-03-23,C0905,1649.0,1653.0,1646.0,1653.0,5164.0,8522.81,玉米0905,46532.0,1650.0,1653.0
2009-03-24,C0905,1653.0,1654.0,1648.0,1649.0,2760.0,4556.24,玉米0905,45678.0,1650.0,1649.0
2009-03-25,C0905,1648.0,1652.0,1646.0,1647.0,3278.0,5407.1,玉米0905,44102.0,1649.0,1647.0
2009-03-26,C0905,1648.0,1654.0,1645.0,1652.0,2846.0,4700.29,玉米0905,43106.0,1651.0,1652.0
2009-03-27,C0905,1654.0,1660.0,1652.0,1654.0,3430.0,5681.98,玉米0905,41678.0,1656.0,1654.0
2009-03-30,C0905,1657.0,1657.0,1649.0,1649.0,2414.0,3986.74,玉米0905,40382.0,1651.0,1649.0
2009-03-31,C0905,1651.0,1654.0,1650.0,1650.0,2410.0,3979.21,玉米0905,38532.0,1651.0,1650.0
2009-04-01,C0905,1654.0,1660.0,1650.0,1652.0,7152.0,11817.14,玉米0905,31762.0,1652.0,1652.0
2009-04-02,C0905,1648.0,1654.0,1633.0,1634.0,4216.0,6924.62,玉米0905,29728.0,1642.0,1634.0
2009-04-03,C0905,1641.0,1641.0,1627.0,1633.0,3210.0,5236.45,玉米0905,27952.0,1631.0,1633.0
2009-04-07,C0905,1636.0,1636.0,1625.0,1628.0,2738.0,4460.75,玉米0905,26776.0,1629.0,1628.0
2009-04-08,C0905,1627.0,1631.0,1625.0,1625.0,2024.0,3292.22,玉米0905,25910.0,1626.0,1625.0
2009-04-09,C0905,1625.0,1632.0,1625.0,1632.0,2018.0,3288.3,玉米0905,24138.0,1629.0,1632.0
2009-04-10,C0905,1637.0,1640.0,1629.0,1640.0,2050.0,3350.05,玉米0905,23020.0,1634.0,1640.0
2009-04-13,C0905,1639.0,1648.0,1629.0,1637.0,6404.0,10481.42,玉米0905,25098.0,1636.0,1637.0
2009-04-14,C0905,1636.0,1638.0,1631.0,1635.0,1036.0,1693.94,玉米0905,24408.0,1635.0,1635.0
2009-04-15,C0905,1659.0,1659.0,1630.0,1633.0,1236.0,2017.08,玉米0905,23744.0,1631.0,1633.0
2009-04-16,C0905,1633.0,1634.0,1628.0,1630.0,1952.0,3180.8,玉米0905,22454.0,1629.0,1630.0
2009-04-17,C0905,1627.0,1630.0,1624.0,1628.0,740.0,1203.51,玉米0905,22566.0,1626.0,1628.0
2009-04-20,C0905,1625.0,1629.0,1615.0,1615.0,1190.0,1931.85,玉米0905,21662.0,1623.0,1615.0
2009-04-21,C0905,1623.0,1623.0,1601.0,1623.0,528.0,855.1,玉米0905,21570.0,1619.0,1623.0
2009-04-22,C0905,1626.0,1626.0,1616.0,1622.0,246.0,398.19,玉米0905,21426.0,1618.0,1622.0
2009-04-23,C0905,1615.0,1622.0,1611.0,1620.0,4352.0,7042.51,玉米0905,18936.0,1618.0,1620.0
2009-04-24,C0905,1621.0,1622.0,1617.0,1620.0,744.0,1204.79,玉米0905,18822.0,1619.0,1620.0
2009-04-27,C0905,1605.0,1620.0,1582.0,1591.0,2372.0,3785.69,玉米0905,18424.0,1595.0,1591.0
2009-04-28,C0905,1600.0,1608.0,1598.0,1605.0,648.0,1036.25,玉米0905,18372.0,1599.0,1605.0
2009-04-29,C0905,1604.0,1610.0,1598.0,1609.0,2562.0,4120.58,玉米0905,18210.0,1608.0,1609.0
2009-04-30,C0905,1608.0,1618.0,1600.0,1609.0,642.0,1033.4,玉米0905,18088.0,1609.0,1609.0
2009-05-04,C0905,1609.0,1609.0,1598.0,1600.0,34.0,54.41,玉米0905,14176.0,1600.0,1600.0
2009-05-05,C0905,1599.0,1601.0,1599.0,1601.0,4076.0,6525.66,玉米0905,4034.0,1600.0,1601.0
2009-05-06,C0905,1599.0,1605.0,1594.0,1600.0,80.0,127.74,玉米0905,3112.0,1596.0,1600.0
2009-05-07,C0905,0.0,0.0,0.0,1596.0,0.0,0.0,玉米0905,2158.0,1596.0,1596.0
2009-05-08,C0905,0.0,0.0,0.0,1596.0,0.0,0.0,玉米0905,398.0,1596.0,1596.0
2009-05-11,C0905,1590.0,1590.0,1590.0,1590.0,72.0,114.48,玉米0905,264.0,1590.0,1590.0
2009-05-12,C0905,0.0,0.0,0.0,1590.0,0.0,0.0,玉米0905,264.0,1590.0,1590.0
2009-05-13,C0905,0.0,0.0,0.0,1590.0,0.0,0.0,玉米0905,264.0,1590.0,1590.0
2009-05-14,C0905,0.0,0.0,0.0,1590.0,0.0,0.0,玉米0905,0.0,1590.0,1590.0
2009-05-15,C0905,0.0,0.0,0.0,1590.0,0.0,0.0,玉米0905,0.0,1600.0,1590.0
