date,symbol,open,high,low,close,volume,amount,name,openinterest,settleprice,price
2008-03-17,C0903,2006.0,2025.0,2006.0,2019.0,1512.0,3052.28,玉米0903,1122.0,2018.0,2019.0
2008-03-18,C0903,1990.0,2010.0,1940.0,1953.0,2786.0,5481.63,玉米0903,1798.0,1967.0,1953.0
2008-03-19,C0903,1968.0,1990.0,1958.0,1985.0,1622.0,3201.1,玉米0903,1912.0,1973.0,1985.0
2008-03-20,C0903,1958.0,1989.0,1916.0,1974.0,2594.0,5067.62,玉米0903,1952.0,1953.0,1974.0
2008-03-21,C0903,1952.0,1983.0,1951.0,1956.0,1288.0,2523.04,玉米0903,2134.0,1958.0,1956.0
2008-03-24,C0903,1957.0,1958.0,1939.0,1941.0,1956.0,3813.24,玉米0903,2122.0,1949.0,1941.0
2008-03-25,C0903,1958.0,1978.0,1918.0,1928.0,1980.0,3833.58,玉米0903,2058.0,1936.0,1928.0
2008-03-26,C0903,1938.0,1940.0,1914.0,1921.0,4554.0,8768.49,玉米0903,3910.0,1925.0,1921.0
2008-03-27,C0903,1910.0,1930.0,1908.0,1922.0,6634.0,12774.0,玉米0903,4640.0,1925.0,1922.0
2008-03-28,C0903,1925.0,1945.0,1922.0,1943.0,3124.0,6038.28,玉米0903,5436.0,1932.0,1943.0
2008-03-31,C0903,1945.0,1991.0,1945.0,1988.0,6980.0,13769.6,玉米0903,7856.0,1972.0,1988.0
2008-04-01,C0903,1982.0,1982.0,1930.0,1936.0,8710.0,16983.46,玉米0903,7464.0,1949.0,1936.0
2008-04-02,C0903,1953.0,1965.0,1945.0,1951.0,4298.0,8402.21,玉米0903,8590.0,1954.0,1951.0
2008-04-03,C0903,1965.0,1966.0,1946.0,1947.0,3222.0,6295.79,玉米0903,8620.0,1954.0,1947.0
2008-04-07,C0903,1940.0,1949.0,1935.0,1943.0,2136.0,4146.92,玉米0903,8504.0,1941.0,1943.0
2008-04-08,C0903,1940.0,1943.0,1913.0,1915.0,4682.0,9010.02,玉米0903,7960.0,1924.0,1915.0
2008-04-09,C0903,1910.0,1927.0,1908.0,1923.0,5690.0,10929.35,玉米0903,8792.0,1920.0,1923.0
2008-04-10,C0903,1928.0,1942.0,1928.0,1933.0,4618.0,8925.71,玉米0903,9928.0,1932.0,1933.0
2008-04-11,C0903,1930.0,1958.0,1923.0,1950.0,7918.0,15393.79,玉米0903,12044.0,1944.0,1950.0
2008-04-14,C0903,1942.0,1970.0,1942.0,1964.0,4954.0,9719.06,玉米0903,12852.0,1961.0,1964.0
2008-04-15,C0903,1970.0,1982.0,1964.0,1971.0,3620.0,7146.89,玉米0903,13104.0,1974.0,1971.0
2008-04-16,C0903,1973.0,1983.0,1969.0,1974.0,3080.0,6082.95,玉米0903,13428.0,1974.0,1974.0
2008-04-17,C0903,1980.0,1980.0,1971.0,1973.0,4806.0,9491.92,玉米0903,14008.0,1975.0,1973.0
2008-04-18,C0903,1970.0,1986.0,1970.0,1975.0,5824.0,11518.47,玉米0903,13858.0,1977.0,1975.0
2008-04-21,C0903,1970.0,1976.0,1943.0,1946.0,5956.0,11640.31,玉米0903,12874.0,1954.0,1946.0
2008-04-22,C0903,1940.0,1956.0,1940.0,1946.0,5074.0,9885.09,玉米0903,12890.0,1948.0,1946.0
2008-04-23,C0903,1958.0,1962.0,1950.0,1956.0,1610.0,3148.11,玉米0903,12780.0,1955.0,1956.0
2008-04-24,C0903,1952.0,1969.0,1947.0,1966.0,1496.0,2928.24,玉米0903,13200.0,1957.0,1966.0
2008-04-25,C0903,1950.0,1968.0,1950.0,1961.0,2142.0,4202.2,玉米0903,13350.0,1961.0,1961.0
2008-04-28,C0903,1969.0,2005.0,1969.0,2005.0,6696.0,13386.95,玉米0903,15760.0,1999.0,2005.0
2008-04-29,C0903,2004.0,2015.0,1996.0,1998.0,4648.0,9303.76,玉米0903,15860.0,2001.0,1998.0
2008-04-30,C0903,1998.0,2003.0,1991.0,2000.0,2108.0,4211.89,玉米0903,15880.0,1998.0,2000.0
2008-05-05,C0903,2000.0,2017.0,1995.0,1995.0,6244.0,12530.76,玉米0903,19058.0,2006.0,1995.0
2008-05-06,C0903,1995.0,2005.0,1993.0,2000.0,2228.0,4452.72,玉米0903,19248.0,1998.0,2000.0
2008-05-07,C0903,2005.0,2009.0,1995.0,1997.0,3966.0,7941.98,玉米0903,20148.0,2002.0,1997.0
2008-05-08,C0903,2005.0,2009.0,1993.0,1999.0,4488.0,8975.09,玉米0903,20916.0,1999.0,1999.0
2008-05-09,C0903,2008.0,2013.0,2001.0,2007.0,6564.0,13172.97,玉米0903,21700.0,2006.0,2007.0
2008-05-12,C0903,2015.0,2015.0,2005.0,2010.0,5140.0,10330.32,玉米0903,23230.0,2009.0,2010.0
2008-05-13,C0903,2000.0,2005.0,1993.0,1994.0,2500.0,4994.62,玉米0903,22782.0,1997.0,1994.0
2008-05-14,C0903,1990.0,1996.0,1980.0,1981.0,4426.0,8784.94,玉米0903,22826.0,1984.0,1981.0
2008-05-15,C0903,1975.0,1979.0,1966.0,1969.0,3402.0,6711.41,玉米0903,22424.0,1972.0,1969.0
2008-05-16,C0903,1972.0,1980.0,1970.0,1978.0,2002.0,3956.06,玉米0903,22588.0,1976.0,1978.0
2008-05-19,C0903,1971.0,1973.0,1948.0,1950.0,17802.0,34745.76,玉米0903,13918.0,1951.0,1950.0
2008-05-20,C0903,1950.0,1958.0,1950.0,1956.0,5620.0,10980.78,玉米0903,10896.0,1953.0,1956.0
2008-05-21,C0903,1957.0,1957.0,1936.0,1936.0,4672.0,9089.13,玉米0903,10614.0,1945.0,1936.0
2008-05-22,C0903,1959.0,1959.0,1926.0,1935.0,2416.0,4681.83,玉米0903,10126.0,1937.0,1935.0
2008-05-23,C0903,1925.0,1928.0,1910.0,1924.0,4388.0,8425.58,玉米0903,8720.0,1920.0,1924.0
2008-05-26,C0903,1928.0,1944.0,1906.0,1939.0,3840.0,7386.91,玉米0903,7794.0,1923.0,1939.0
2008-05-27,C0903,1934.0,1948.0,1932.0,1942.0,1116.0,2163.41,玉米0903,7466.0,1938.0,1942.0
2008-05-28,C0903,1932.0,1935.0,1927.0,1928.0,886.0,1711.63,玉米0903,7052.0,1931.0,1928.0
2008-05-29,C0903,1923.0,1930.0,1916.0,1919.0,886.0,1703.18,玉米0903,6616.0,1922.0,1919.0
2008-05-30,C0903,1915.0,1915.0,1900.0,1905.0,1978.0,3768.93,玉米0903,6032.0,1905.0,1905.0
2008-06-02,C0903,1916.0,1917.0,1908.0,1908.0,694.0,1327.69,玉米0903,5852.0,1913.0,1908.0
2008-06-03,C0903,1914.0,1921.0,1910.0,1916.0,1280.0,2451.78,玉米0903,5440.0,1915.0,1916.0
2008-06-04,C0903,1913.0,1914.0,1907.0,1910.0,806.0,1539.13,玉米0903,5316.0,1909.0,1910.0
2008-06-05,C0903,1914.0,1916.0,1911.0,1911.0,222.0,424.86,玉米0903,5314.0,1913.0,1911.0
2008-06-06,C0903,1924.0,1940.0,1921.0,1932.0,902.0,1742.91,玉米0903,5168.0,1932.0,1932.0
2008-06-10,C0903,1937.0,1946.0,1935.0,1943.0,392.0,760.72,玉米0903,5152.0,1940.0,1943.0
2008-06-11,C0903,1947.0,1950.0,1925.0,1928.0,802.0,1557.28,玉米0903,4832.0,1941.0,1928.0
2008-06-12,C0903,1958.0,1959.0,1934.0,1937.0,790.0,1539.13,玉米0903,4802.0,1948.0,1937.0
2008-06-13,C0903,1935.0,1950.0,1926.0,1947.0,776.0,1508.37,玉米0903,4732.0,1943.0,1947.0
2008-06-16,C0903,1958.0,1965.0,1953.0,1958.0,1564.0,3063.0,玉米0903,4246.0,1958.0,1958.0
2008-06-17,C0903,1958.0,1958.0,1944.0,1944.0,416.0,810.45,玉米0903,4210.0,1948.0,1944.0
2008-06-18,C0903,1949.0,1952.0,1938.0,1945.0,468.0,909.87,玉米0903,4256.0,1944.0,1945.0
2008-06-19,C0903,1944.0,1955.0,1943.0,1943.0,318.0,619.69,玉米0903,4160.0,1948.0,1943.0
2008-06-20,C0903,1947.0,1965.0,1935.0,1950.0,728.0,1420.04,玉米0903,3938.0,1950.0,1950.0
2008-06-23,C0903,1948.0,1963.0,1948.0,1958.0,540.0,1056.45,玉米0903,4058.0,1956.0,1958.0
2008-06-24,C0903,1956.0,1968.0,1950.0,1952.0,634.0,1240.58,玉米0903,3974.0,1956.0,1952.0
2008-06-25,C0903,1940.0,1953.0,1940.0,1947.0,468.0,910.81,玉米0903,4100.0,1946.0,1947.0
2008-06-26,C0903,1953.0,1954.0,1949.0,1952.0,138.0,269.41,玉米0903,4190.0,1952.0,1952.0
2008-06-27,C0903,1959.0,1961.0,1952.0,1953.0,222.0,434.77,玉米0903,4318.0,1958.0,1953.0
2008-06-30,C0903,1968.0,1972.0,1954.0,1970.0,1768.0,3476.63,玉米0903,4070.0,1966.0,1970.0
2008-07-01,C0903,1961.0,1964.0,1955.0,1958.0,550.0,1077.72,玉米0903,4272.0,1959.0,1958.0
2008-07-02,C0903,1959.0,1964.0,1959.0,1961.0,260.0,510.08,玉米0903,4100.0,1961.0,1961.0
2008-07-03,C0903,1966.0,1970.0,1946.0,1954.0,1426.0,2798.94,玉米0903,4174.0,1962.0,1954.0
2008-07-04,C0903,1956.0,1958.0,1956.0,1957.0,92.0,180.04,玉米0903,4134.0,1956.0,1957.0
2008-07-07,C0903,1951.0,1951.0,1934.0,1935.0,1074.0,2084.15,玉米0903,3988.0,1940.0,1935.0
2008-07-08,C0903,1922.0,1922.0,1911.0,1914.0,1234.0,2365.42,玉米0903,3766.0,1916.0,1914.0
2008-07-09,C0903,1915.0,1923.0,1910.0,1913.0,754.0,1443.73,玉米0903,3570.0,1914.0,1913.0
2008-07-10,C0903,1915.0,1917.0,1908.0,1908.0,396.0,756.55,玉米0903,3556.0,1910.0,1908.0
2008-07-11,C0903,1916.0,1973.0,1892.0,1933.0,1252.0,2392.68,玉米0903,3110.0,1911.0,1933.0
2008-07-14,C0903,1921.0,1940.0,1919.0,1931.0,966.0,1864.07,玉米0903,2870.0,1929.0,1931.0
2008-07-15,C0903,1932.0,1947.0,1930.0,1945.0,426.0,826.71,玉米0903,2982.0,1940.0,1945.0
2008-07-16,C0903,1940.0,1946.0,1937.0,1938.0,464.0,900.34,玉米0903,2924.0,1940.0,1938.0
2008-07-17,C0903,1943.0,1946.0,1940.0,1942.0,284.0,551.92,玉米0903,2826.0,1943.0,1942.0
2008-07-18,C0903,1934.0,1939.0,1928.0,1934.0,652.0,1260.53,玉米0903,2428.0,1933.0,1934.0
2008-07-21,C0903,1922.0,1928.0,1911.0,1917.0,322.0,617.32,玉米0903,2442.0,1917.0,1917.0
2008-07-22,C0903,1904.0,1919.0,1904.0,1919.0,154.0,294.61,玉米0903,2404.0,1913.0,1919.0
2008-07-23,C0903,1919.0,1921.0,1911.0,1916.0,282.0,540.15,玉米0903,2532.0,1915.0,1916.0
2008-07-24,C0903,1916.0,1921.0,1914.0,1920.0,170.0,326.22,玉米0903,2612.0,1918.0,1920.0
2008-07-25,C0903,1921.0,1921.0,1915.0,1917.0,284.0,544.24,玉米0903,2880.0,1916.0,1917.0
2008-07-28,C0903,1921.0,1921.0,1904.0,1909.0,288.0,550.45,玉米0903,3010.0,1911.0,1909.0
2008-07-29,C0903,1907.0,1907.0,1879.0,1879.0,264.0,499.86,玉米0903,3008.0,1893.0,1879.0
2008-07-30,C0903,1888.0,1888.0,1868.0,1880.0,590.0,1107.2,玉米0903,3006.0,1876.0,1880.0
2008-07-31,C0903,1880.0,1889.0,1864.0,1864.0,858.0,1606.03,玉米0903,2568.0,1871.0,1864.0
2008-08-01,C0903,1855.0,1858.0,1847.0,1849.0,406.0,752.49,玉米0903,2764.0,1853.0,1849.0
2008-08-04,C0903,1836.0,1836.0,1814.0,1823.0,1128.0,2058.79,玉米0903,2322.0,1825.0,1823.0
2008-08-05,C0903,1807.0,1825.0,1795.0,1814.0,548.0,992.9,玉米0903,2140.0,1811.0,1814.0
2008-08-06,C0903,1816.0,1831.0,1816.0,1823.0,470.0,856.9,玉米0903,1856.0,1823.0,1823.0
2008-08-07,C0903,1823.0,1823.0,1815.0,1822.0,444.0,807.07,玉米0903,1684.0,1817.0,1822.0
2008-08-08,C0903,1827.0,1827.0,1822.0,1824.0,14.0,25.53,玉米0903,1688.0,1823.0,1824.0
2008-08-11,C0903,1808.0,1808.0,1793.0,1796.0,618.0,1111.93,玉米0903,1658.0,1799.0,1796.0
2008-08-12,C0903,1798.0,1823.0,1789.0,1814.0,592.0,1066.37,玉米0903,1468.0,1801.0,1814.0
2008-08-13,C0903,1816.0,1822.0,1807.0,1813.0,518.0,939.94,玉米0903,1500.0,1814.0,1813.0
2008-08-14,C0903,1832.0,1832.0,1801.0,1802.0,668.0,1211.08,玉米0903,1494.0,1812.0,1802.0
2008-08-15,C0903,1790.0,1790.0,1764.0,1764.0,860.0,1530.91,玉米0903,1620.0,1780.0,1764.0
2008-08-18,C0903,1773.0,1783.0,1766.0,1779.0,508.0,900.34,玉米0903,1528.0,1772.0,1779.0
2008-08-19,C0903,1764.0,1764.0,1752.0,1756.0,926.0,1630.78,玉米0903,1488.0,1761.0,1756.0
2008-08-20,C0903,1762.0,1788.0,1758.0,1784.0,496.0,876.88,玉米0903,1312.0,1767.0,1784.0
2008-08-21,C0903,1783.0,1787.0,1778.0,1778.0,92.0,163.98,玉米0903,1274.0,1782.0,1778.0
2008-08-22,C0903,1778.0,1789.0,1768.0,1771.0,166.0,294.64,玉米0903,1350.0,1774.0,1771.0
2008-08-25,C0903,1774.0,1786.0,1766.0,1786.0,494.0,877.66,玉米0903,1322.0,1776.0,1786.0
2008-08-26,C0903,1776.0,1795.0,1776.0,1783.0,566.0,1010.09,玉米0903,1182.0,1784.0,1783.0
2008-08-27,C0903,1792.0,1800.0,1789.0,1800.0,244.0,437.91,玉米0903,1188.0,1794.0,1800.0
2008-08-28,C0903,1796.0,1799.0,1790.0,1793.0,130.0,233.27,玉米0903,1130.0,1794.0,1793.0
2008-08-29,C0903,1797.0,1804.0,1793.0,1804.0,228.0,410.69,玉米0903,1306.0,1801.0,1804.0
2008-09-01,C0903,1804.0,1813.0,1804.0,1812.0,430.0,778.46,玉米0903,1114.0,1810.0,1812.0
2008-09-02,C0903,1798.0,1802.0,1789.0,1789.0,296.0,532.07,玉米0903,1066.0,1797.0,1789.0
2008-09-03,C0903,1785.0,1785.0,1773.0,1776.0,102.0,181.15,玉米0903,992.0,1775.0,1776.0
2008-09-04,C0903,1777.0,1777.0,1761.0,1763.0,260.0,459.64,玉米0903,1144.0,1767.0,1763.0
2008-09-05,C0903,1758.0,1758.0,1750.0,1756.0,118.0,206.82,玉米0903,1052.0,1752.0,1756.0
2008-09-08,C0903,1750.0,1755.0,1749.0,1750.0,306.0,535.71,玉米0903,922.0,1750.0,1750.0
2008-09-09,C0903,1745.0,1745.0,1723.0,1737.0,616.0,1067.66,玉米0903,1048.0,1733.0,1737.0
2008-09-10,C0903,1736.0,1740.0,1735.0,1739.0,62.0,107.78,玉米0903,1052.0,1738.0,1739.0
2008-09-11,C0903,1734.0,1737.0,1731.0,1734.0,104.0,180.36,玉米0903,1026.0,1734.0,1734.0
2008-09-12,C0903,1768.0,1768.0,1738.0,1744.0,46.0,80.18,玉米0903,1046.0,1743.0,1744.0
2008-09-16,C0903,1755.0,1755.0,1707.0,1713.0,140.0,240.71,玉米0903,1040.0,1719.0,1713.0
2008-09-17,C0903,1730.0,1730.0,1707.0,1726.0,116.0,199.25,玉米0903,1040.0,1717.0,1726.0
2008-09-18,C0903,1728.0,1738.0,1719.0,1725.0,114.0,196.74,玉米0903,1026.0,1725.0,1725.0
2008-09-19,C0903,1725.0,1759.0,1725.0,1739.0,108.0,187.69,玉米0903,1032.0,1737.0,1739.0
2008-09-22,C0903,1750.0,1752.0,1739.0,1752.0,86.0,150.07,玉米0903,1032.0,1744.0,1752.0
2008-09-23,C0903,1748.0,1748.0,1725.0,1725.0,254.0,442.87,玉米0903,830.0,1743.0,1725.0
2008-09-24,C0903,1722.0,1733.0,1722.0,1733.0,32.0,55.28,玉米0903,830.0,1727.0,1733.0
2008-09-25,C0903,1728.0,1734.0,1728.0,1732.0,32.0,55.41,玉米0903,814.0,1731.0,1732.0
2008-09-26,C0903,1731.0,1731.0,1715.0,1722.0,626.0,1077.44,玉米0903,282.0,1721.0,1722.0
2008-10-06,C0903,1635.0,1635.0,1635.0,1635.0,24.0,39.24,玉米0903,266.0,1635.0,1635.0
2008-10-07,C0903,1554.0,1634.0,1554.0,1623.0,392.0,623.4,玉米0903,202.0,1590.0,1623.0
2008-10-08,C0903,1638.0,1638.0,1612.0,1624.0,190.0,309.03,玉米0903,202.0,1626.0,1624.0
2008-10-09,C0903,1647.0,1647.0,1632.0,1641.0,308.0,503.98,玉米0903,320.0,1636.0,1641.0
2008-10-10,C0903,1635.0,1636.0,1571.0,1590.0,102.0,162.19,玉米0903,310.0,1590.0,1590.0
2008-10-13,C0903,1514.0,1645.0,1514.0,1627.0,276.0,446.59,玉米0903,268.0,1618.0,1627.0
2008-10-14,C0903,1640.0,1661.0,1618.0,1626.0,90.0,147.6,玉米0903,268.0,1639.0,1626.0
2008-10-15,C0903,1600.0,1620.0,1600.0,1614.0,84.0,135.39,玉米0903,248.0,1611.0,1614.0
2008-10-16,C0903,1600.0,1613.0,1591.0,1594.0,64.0,102.48,玉米0903,252.0,1601.0,1594.0
2008-10-17,C0903,1618.0,1644.0,1607.0,1640.0,246.0,399.44,玉米0903,182.0,1623.0,1640.0
2008-10-20,C0903,1645.0,1676.0,1645.0,1676.0,88.0,146.02,玉米0903,192.0,1659.0,1676.0
2008-10-21,C0903,1680.0,1680.0,1636.0,1645.0,74.0,122.03,玉米0903,178.0,1649.0,1645.0
2008-10-22,C0903,1629.0,1639.0,1623.0,1632.0,18.0,29.35,玉米0903,178.0,1630.0,1632.0
2008-10-23,C0903,1613.0,1653.0,1613.0,1642.0,74.0,120.85,玉米0903,166.0,1633.0,1642.0
2008-10-24,C0903,1669.0,1669.0,1612.0,1614.0,120.0,196.66,玉米0903,180.0,1638.0,1614.0
2008-10-27,C0903,1618.0,1621.0,1606.0,1615.0,114.0,184.03,玉米0903,166.0,1614.0,1615.0
2008-10-28,C0903,1630.0,1632.0,1618.0,1632.0,132.0,214.42,玉米0903,150.0,1624.0,1632.0
2008-10-29,C0903,1622.0,1630.0,1609.0,1609.0,446.0,723.74,玉米0903,132.0,1622.0,1609.0
2008-10-30,C0903,1634.0,1639.0,1628.0,1630.0,46.0,75.08,玉米0903,126.0,1632.0,1630.0
2008-10-31,C0903,1637.0,1637.0,1626.0,1626.0,50.0,81.61,玉米0903,118.0,1632.0,1626.0
2008-11-03,C0903,1620.0,1630.0,1620.0,1630.0,12.0,19.54,玉米0903,116.0,1628.0,1630.0
2008-11-04,C0903,1627.0,1631.0,1621.0,1625.0,60.0,97.56,玉米0903,96.0,1625.0,1625.0
2008-11-05,C0903,1622.0,1634.0,1622.0,1632.0,34.0,55.4,玉米0903,102.0,1629.0,1632.0
2008-11-06,C0903,1622.0,1625.0,1614.0,1617.0,28.0,45.33,玉米0903,104.0,1618.0,1617.0
2008-11-07,C0903,1622.0,1637.0,1622.0,1630.0,22.0,35.79,玉米0903,104.0,1626.0,1630.0
2008-11-10,C0903,1640.0,1641.0,1635.0,1636.0,58.0,95.05,玉米0903,92.0,1638.0,1636.0
2008-11-11,C0903,1627.0,1640.0,1607.0,1621.0,94.0,151.95,玉米0903,98.0,1616.0,1621.0
2008-11-12,C0903,1625.0,1629.0,1595.0,1598.0,106.0,170.97,玉米0903,120.0,1612.0,1598.0
2008-11-13,C0903,1583.0,1589.0,1571.0,1571.0,92.0,145.61,玉米0903,116.0,1582.0,1571.0
2008-11-14,C0903,1599.0,1599.0,1580.0,1584.0,114.0,180.81,玉米0903,134.0,1586.0,1584.0
2008-11-17,C0903,1590.0,1610.0,1581.0,1600.0,40.0,63.72,玉米0903,122.0,1592.0,1600.0
2008-11-18,C0903,1602.0,1608.0,1588.0,1588.0,28.0,44.76,玉米0903,116.0,1598.0,1588.0
2008-11-19,C0903,1591.0,1604.0,1582.0,1603.0,900.0,1434.58,玉米0903,126.0,1593.0,1603.0
2008-11-20,C0903,1604.0,1609.0,1598.0,1602.0,82.0,131.36,玉米0903,138.0,1601.0,1602.0
2008-11-21,C0903,1600.0,1602.0,1581.0,1601.0,88.0,140.57,玉米0903,128.0,1597.0,1601.0
2008-11-24,C0903,1600.0,1600.0,1591.0,1591.0,146.0,232.57,玉米0903,232.0,1592.0,1591.0
2008-11-25,C0903,1597.0,1597.0,1580.0,1585.0,40.0,63.72,玉米0903,222.0,1592.0,1585.0
2008-11-26,C0903,1581.0,1587.0,1568.0,1584.0,120.0,189.55,玉米0903,146.0,1579.0,1584.0
2008-11-27,C0903,1571.0,1588.0,1561.0,1563.0,362.0,571.5,玉米0903,236.0,1578.0,1563.0
2008-11-28,C0903,1544.0,1562.0,1537.0,1538.0,158.0,245.53,玉米0903,184.0,1553.0,1538.0
2008-12-01,C0903,1542.0,1542.0,1506.0,1524.0,130.0,197.19,玉米0903,146.0,1516.0,1524.0
2008-12-02,C0903,1462.0,1517.0,1462.0,1478.0,54.0,80.49,玉米0903,148.0,1490.0,1478.0
2008-12-03,C0903,1487.0,1489.0,1473.0,1474.0,44.0,65.14,玉米0903,152.0,1480.0,1474.0
2008-12-04,C0903,1480.0,1496.0,1474.0,1485.0,80.0,118.82,玉米0903,130.0,1485.0,1485.0
2008-12-05,C0903,1485.0,1490.0,1411.0,1420.0,806.0,1157.8,玉米0903,274.0,1436.0,1420.0
2008-12-08,C0903,1415.0,1482.0,1413.0,1440.0,398.0,574.64,玉米0903,360.0,1443.0,1440.0
2008-12-09,C0903,1430.0,1455.0,1418.0,1430.0,176.0,251.82,玉米0903,354.0,1430.0,1430.0
2008-12-10,C0903,1433.0,1441.0,1433.0,1435.0,44.0,63.2,玉米0903,340.0,1436.0,1435.0
2008-12-11,C0903,1431.0,1448.0,1409.0,1411.0,294.0,418.9,玉米0903,344.0,1424.0,1411.0
2008-12-12,C0903,1415.0,1464.0,1412.0,1416.0,276.0,393.9,玉米0903,378.0,1427.0,1416.0
2008-12-15,C0903,1455.0,1460.0,1434.0,1460.0,634.0,912.95,玉米0903,400.0,1439.0,1460.0
2008-12-16,C0903,1442.0,1448.0,1429.0,1437.0,458.0,658.34,玉米0903,390.0,1437.0,1437.0
2008-12-17,C0903,1451.0,1463.0,1443.0,1443.0,142.0,205.63,玉米0903,372.0,1448.0,1443.0
2008-12-18,C0903,1435.0,1453.0,1434.0,1436.0,266.0,384.09,玉米0903,326.0,1443.0,1436.0
2008-12-19,C0903,1437.0,1459.0,1423.0,1459.0,212.0,304.56,玉米0903,308.0,1436.0,1459.0
2008-12-22,C0903,1470.0,1490.0,1457.0,1470.0,402.0,592.67,玉米0903,240.0,1474.0,1470.0
2008-12-23,C0903,1467.0,1485.0,1467.0,1478.0,136.0,201.15,玉米0903,234.0,1479.0,1478.0
2008-12-24,C0903,1484.0,1488.0,1477.0,1479.0,200.0,296.09,玉米0903,360.0,1480.0,1479.0
2008-12-25,C0903,1478.0,1482.0,1467.0,1467.0,260.0,382.61,玉米0903,514.0,1471.0,1467.0
2008-12-26,C0903,1456.0,1471.0,1456.0,1459.0,366.0,534.8,玉米0903,686.0,1461.0,1459.0
2008-12-29,C0903,1466.0,1470.0,1458.0,1470.0,924.0,1349.36,玉米0903,1124.0,1460.0,1470.0
2008-12-30,C0903,1460.0,1463.0,1459.0,1461.0,232.0,338.79,玉米0903,1234.0,1460.0,1461.0
2008-12-31,C0903,1460.0,1470.0,1454.0,1465.0,148.0,216.44,玉米0903,1234.0,1462.0,1465.0
2009-01-05,C0903,1455.0,1488.0,1455.0,1485.0,176.0,260.19,玉米0903,1266.0,1478.0,1485.0
2009-01-06,C0903,1477.0,1483.0,1467.0,1476.0,246.0,363.33,玉米0903,1258.0,1476.0,1476.0
2009-01-07,C0903,1486.0,1486.0,1462.0,1462.0,130.0,191.66,玉米0903,1234.0,1474.0,1462.0
2009-01-08,C0903,1458.0,1475.0,1456.0,1475.0,224.0,327.92,玉米0903,1324.0,1463.0,1475.0
2009-01-09,C0903,1464.0,1486.0,1464.0,1475.0,160.0,235.84,玉米0903,1368.0,1473.0,1475.0
2009-01-12,C0903,1480.0,1482.0,1471.0,1477.0,158.0,233.63,玉米0903,1372.0,1478.0,1477.0
2009-01-13,C0903,1465.0,1472.0,1460.0,1464.0,94.0,137.75,玉米0903,1380.0,1465.0,1464.0
2009-01-14,C0903,1463.0,1475.0,1462.0,1475.0,154.0,226.12,玉米0903,1402.0,1468.0,1475.0
2009-01-15,C0903,1473.0,1473.0,1468.0,1471.0,112.0,164.68,玉米0903,1382.0,1470.0,1471.0
2009-01-16,C0903,1469.0,1478.0,1469.0,1476.0,66.0,97.36,玉米0903,1374.0,1475.0,1476.0
2009-01-19,C0903,1481.0,1481.0,1472.0,1475.0,86.0,126.93,玉米0903,1366.0,1475.0,1475.0
2009-01-20,C0903,1478.0,1478.0,1460.0,1460.0,220.0,322.49,玉米0903,1518.0,1465.0,1460.0
2009-01-21,C0903,1463.0,1465.0,1459.0,1460.0,50.0,73.07,玉米0903,1506.0,1461.0,1460.0
2009-01-22,C0903,1464.0,1468.0,1463.0,1463.0,162.0,237.52,玉米0903,1502.0,1466.0,1463.0
2009-01-23,C0903,1462.0,1475.0,1461.0,1471.0,192.0,282.68,玉米0903,1506.0,1472.0,1471.0
2009-02-02,C0903,1470.0,1479.0,1465.0,1470.0,266.0,391.1,玉米0903,1504.0,1470.0,1470.0
2009-02-03,C0903,1468.0,1471.0,1465.0,1471.0,36.0,52.89,玉米0903,1502.0,1469.0,1471.0
2009-02-04,C0903,1477.0,1479.0,1467.0,1467.0,80.0,117.82,玉米0903,1500.0,1472.0,1467.0
2009-02-05,C0903,1417.0,1473.0,1417.0,1473.0,224.0,328.97,玉米0903,1524.0,1468.0,1473.0
2009-02-06,C0903,1469.0,1473.0,1465.0,1473.0,100.0,147.15,玉米0903,1524.0,1471.0,1473.0
2009-02-09,C0903,1494.0,1494.0,1478.0,1485.0,352.0,521.87,玉米0903,1622.0,1482.0,1485.0
2009-02-10,C0903,1485.0,1485.0,1482.0,1483.0,68.0,100.89,玉米0903,1608.0,1483.0,1483.0
2009-02-11,C0903,1482.0,1491.0,1482.0,1489.0,32.0,47.63,玉米0903,1606.0,1488.0,1489.0
2009-02-12,C0903,1481.0,1490.0,1478.0,1478.0,18.0,26.67,玉米0903,1604.0,1481.0,1478.0
2009-02-13,C0903,1481.0,1490.0,1481.0,1489.0,316.0,470.29,玉米0903,1604.0,1488.0,1489.0
2009-02-16,C0903,1492.0,1497.0,1490.0,1490.0,150.0,224.27,玉米0903,1604.0,1495.0,1490.0
2009-02-17,C0903,1497.0,1498.0,1493.0,1493.0,132.0,197.61,玉米0903,1604.0,1497.0,1493.0
2009-02-18,C0903,1487.0,1490.0,1483.0,1487.0,284.0,422.64,玉米0903,1700.0,1488.0,1487.0
2009-02-19,C0903,1483.0,1488.0,1483.0,1487.0,216.0,320.95,玉米0903,1902.0,1485.0,1487.0
2009-02-20,C0903,1481.0,1487.0,1481.0,1487.0,74.0,110.02,玉米0903,1968.0,1486.0,1487.0
2009-02-23,C0903,1488.0,1488.0,1480.0,1480.0,108.0,160.43,玉米0903,2008.0,1485.0,1480.0
2009-02-24,C0903,1450.0,1460.0,1441.0,1460.0,104.0,150.91,玉米0903,2008.0,1451.0,1460.0
2009-02-25,C0903,1480.0,1482.0,1480.0,1482.0,126.0,186.65,玉米0903,2088.0,1481.0,1482.0
2009-02-26,C0903,1432.0,1432.0,1432.0,1432.0,2.0,2.87,玉米0903,2088.0,1432.0,1432.0
2009-02-27,C0903,1450.0,1475.0,1450.0,1450.0,588.0,867.11,玉米0903,2086.0,1474.0,1450.0
2009-03-02,C0903,1511.0,1511.0,1460.0,1460.0,18.0,26.39,玉米0903,0.0,1465.0,1460.0
2009-03-03,C0903,0.0,0.0,0.0,1465.0,0.0,0.0,玉米0903,0.0,1465.0,1465.0
2009-03-04,C0903,0.0,0.0,0.0,1465.0,0.0,0.0,玉米0903,0.0,1465.0,1465.0
2009-03-05,C0903,0.0,0.0,0.0,1465.0,0.0,0.0,玉米0903,0.0,1465.0,1465.0
2009-03-06,C0903,0.0,0.0,0.0,1465.0,0.0,0.0,玉米0903,0.0,1465.0,1465.0
2009-03-09,C0903,0.0,0.0,0.0,1465.0,0.0,0.0,玉米0903,0.0,1465.0,1465.0
2009-03-10,C0903,1530.0,1530.0,1530.0,1530.0,50.0,76.5,玉米0903,50.0,1530.0,1530.0
2009-03-11,C0903,0.0,0.0,0.0,1530.0,0.0,0.0,玉米0903,0.0,1530.0,1530.0
2009-03-12,C0903,0.0,0.0,0.0,1530.0,0.0,0.0,玉米0903,0.0,1530.0,1530.0
2009-03-13,C0903,0.0,0.0,0.0,1530.0,0.0,0.0,玉米0903,0.0,1512.0,1530.0
