date,symbol,open,high,low,close,volume,amount,name,openinterest,settleprice,price
2009-07-15,C1007,1656.0,1656.0,1656.0,1656.0,2.0,3.32,玉米1007,2.0,1656.0,1656.0
2009-07-16,C1007,1651.0,1651.0,1651.0,1651.0,2.0,3.31,玉米1007,2.0,1651.0,1651.0
2009-07-17,C1007,1652.0,1663.0,1635.0,1662.0,14.0,23.17,玉米1007,4.0,1654.0,1662.0
2009-07-20,C1007,1667.0,1668.0,1662.0,1665.0,14.0,23.32,玉米1007,10.0,1665.0,1665.0
2009-07-21,C1007,1665.0,1665.0,1658.0,1658.0,6.0,9.97,玉米1007,12.0,1660.0,1658.0
2009-07-22,C1007,1658.0,1659.0,1644.0,1659.0,10.0,16.55,玉米1007,10.0,1654.0,1659.0
2009-07-23,C1007,1670.0,1670.0,1670.0,1670.0,2.0,3.34,玉米1007,12.0,1670.0,1670.0
2009-07-24,C1007,0.0,0.0,0.0,1670.0,0.0,0.0,玉米1007,12.0,1670.0,1670.0
2009-07-27,C1007,0.0,0.0,0.0,1670.0,0.0,0.0,玉米1007,12.0,1670.0,1670.0
2009-07-28,C1007,1670.0,1682.0,1670.0,1679.0,8.0,13.43,玉米1007,12.0,1678.0,1679.0
2009-07-29,C1007,0.0,0.0,0.0,1678.0,0.0,0.0,玉米1007,12.0,1678.0,1678.0
2009-07-30,C1007,1658.0,1676.0,1658.0,1675.0,8.0,13.37,玉米1007,12.0,1671.0,1675.0
2009-07-31,C1007,1668.0,1680.0,1653.0,1680.0,8.0,13.36,玉米1007,10.0,1669.0,1680.0
2009-08-03,C1007,1701.0,1701.0,1672.0,1681.0,28.0,47.09,玉米1007,20.0,1681.0,1681.0
2009-08-04,C1007,1680.0,1680.0,1668.0,1680.0,6.0,10.06,玉米1007,20.0,1676.0,1680.0
2009-08-05,C1007,1668.0,1679.0,1668.0,1679.0,12.0,20.12,玉米1007,24.0,1676.0,1679.0
2009-08-06,C1007,1671.0,1678.0,1667.0,1667.0,18.0,30.08,玉米1007,34.0,1671.0,1667.0
2009-08-07,C1007,1666.0,1670.0,1659.0,1660.0,26.0,43.3,玉米1007,24.0,1665.0,1660.0
2009-08-10,C1007,1699.0,1699.0,1653.0,1683.0,34.0,56.89,玉米1007,34.0,1673.0,1683.0
2009-08-11,C1007,1679.0,1688.0,1675.0,1681.0,12.0,20.17,玉米1007,34.0,1680.0,1681.0
2009-08-12,C1007,1678.0,1681.0,1678.0,1680.0,2212.0,3716.16,玉米1007,44.0,1679.0,1680.0
2009-08-13,C1007,1688.0,1746.0,1688.0,1737.0,420.0,724.4,玉米1007,160.0,1724.0,1737.0
2009-08-14,C1007,1724.0,1742.0,1719.0,1726.0,196.0,338.9,玉米1007,158.0,1729.0,1726.0
2009-08-17,C1007,1722.0,1750.0,1721.0,1732.0,294.0,510.19,玉米1007,254.0,1735.0,1732.0
2009-08-18,C1007,1740.0,1765.0,1740.0,1742.0,182.0,318.41,玉米1007,234.0,1749.0,1742.0
2009-08-19,C1007,1742.0,1742.0,1699.0,1720.0,1124.0,1927.1,玉米1007,222.0,1714.0,1720.0
2009-08-20,C1007,1714.0,1730.0,1714.0,1727.0,300.0,517.54,玉米1007,268.0,1725.0,1727.0
2009-08-21,C1007,1729.0,1738.0,1729.0,1735.0,122.0,211.58,玉米1007,310.0,1734.0,1735.0
2009-08-24,C1007,1741.0,1768.0,1741.0,1763.0,360.0,633.93,玉米1007,496.0,1760.0,1763.0
2009-08-25,C1007,1762.0,1765.0,1751.0,1758.0,262.0,461.21,玉米1007,542.0,1760.0,1758.0
2009-08-26,C1007,1757.0,1760.0,1756.0,1757.0,100.0,175.78,玉米1007,506.0,1757.0,1757.0
2009-08-27,C1007,1758.0,1777.0,1755.0,1774.0,298.0,526.05,玉米1007,604.0,1765.0,1774.0
2009-08-28,C1007,1779.0,1784.0,1776.0,1784.0,140.0,249.27,玉米1007,664.0,1780.0,1784.0
2009-08-31,C1007,1784.0,1796.0,1766.0,1769.0,322.0,572.16,玉米1007,592.0,1776.0,1769.0
2009-09-01,C1007,1773.0,1785.0,1766.0,1769.0,662.0,1176.12,玉米1007,550.0,1776.0,1769.0
2009-09-02,C1007,1765.0,1767.0,1760.0,1763.0,94.0,165.82,玉米1007,522.0,1764.0,1763.0
2009-09-03,C1007,1769.0,1776.0,1767.0,1776.0,88.0,155.97,玉米1007,554.0,1772.0,1776.0
2009-09-04,C1007,1771.0,1773.0,1767.0,1768.0,86.0,152.18,玉米1007,534.0,1769.0,1768.0
2009-09-07,C1007,1767.0,1769.0,1757.0,1763.0,200.0,352.82,玉米1007,494.0,1764.0,1763.0
2009-09-08,C1007,1760.0,1770.0,1757.0,1768.0,72.0,127.1,玉米1007,520.0,1765.0,1768.0
2009-09-09,C1007,1773.0,1773.0,1760.0,1762.0,112.0,197.57,玉米1007,494.0,1763.0,1762.0
2009-09-10,C1007,1764.0,1764.0,1760.0,1760.0,34.0,59.91,玉米1007,476.0,1761.0,1760.0
2009-09-11,C1007,1758.0,1760.0,1750.0,1750.0,186.0,326.21,玉米1007,412.0,1753.0,1750.0
2009-09-14,C1007,1749.0,1758.0,1743.0,1755.0,64.0,112.01,玉米1007,408.0,1750.0,1755.0
2009-09-15,C1007,1755.0,1755.0,1751.0,1755.0,74.0,129.7,玉米1007,384.0,1752.0,1755.0
2009-09-16,C1007,1760.0,1761.0,1757.0,1761.0,28.0,49.27,玉米1007,402.0,1759.0,1761.0
2009-09-17,C1007,1756.0,1762.0,1756.0,1757.0,26.0,45.74,玉米1007,406.0,1759.0,1757.0
2009-09-18,C1007,1757.0,1767.0,1757.0,1763.0,34.0,59.92,玉米1007,412.0,1762.0,1763.0
2009-09-21,C1007,1761.0,1766.0,1758.0,1763.0,18.0,31.73,玉米1007,410.0,1762.0,1763.0
2009-09-22,C1007,1756.0,1766.0,1756.0,1756.0,52.0,91.46,玉米1007,402.0,1758.0,1756.0
2009-09-23,C1007,1758.0,1758.0,1754.0,1754.0,20.0,35.12,玉米1007,390.0,1755.0,1754.0
2009-09-24,C1007,1754.0,1757.0,1748.0,1755.0,186.0,325.97,玉米1007,232.0,1752.0,1755.0
2009-09-25,C1007,1747.0,1748.0,1743.0,1747.0,18.0,31.45,玉米1007,224.0,1747.0,1747.0
2009-09-28,C1007,1745.0,1745.0,1722.0,1737.0,36.0,62.51,玉米1007,208.0,1736.0,1737.0
2009-09-29,C1007,1732.0,1744.0,1732.0,1744.0,20.0,34.8,玉米1007,196.0,1740.0,1744.0
2009-09-30,C1007,1731.0,1748.0,1731.0,1739.0,40.0,69.74,玉米1007,174.0,1743.0,1739.0
2009-10-09,C1007,1749.0,1750.0,1744.0,1744.0,16.0,27.95,玉米1007,160.0,1746.0,1744.0
2009-10-12,C1007,1734.0,1745.0,1734.0,1740.0,24.0,41.77,玉米1007,164.0,1740.0,1740.0
2009-10-13,C1007,1740.0,1757.0,1740.0,1755.0,20.0,35.04,玉米1007,168.0,1751.0,1755.0
2009-10-14,C1007,1760.0,1765.0,1760.0,1762.0,12.0,21.15,玉米1007,168.0,1761.0,1762.0
2009-10-15,C1007,1750.0,1764.0,1750.0,1763.0,38.0,66.94,玉米1007,166.0,1761.0,1763.0
2009-10-16,C1007,1763.0,1767.0,1760.0,1764.0,24.0,42.32,玉米1007,174.0,1763.0,1764.0
2009-10-19,C1007,1772.0,1776.0,1767.0,1776.0,16.0,28.35,玉米1007,172.0,1771.0,1776.0
2009-10-20,C1007,1784.0,1784.0,1766.0,1766.0,36.0,63.89,玉米1007,180.0,1774.0,1766.0
2009-10-21,C1007,1763.0,1770.0,1763.0,1768.0,20.0,35.35,玉米1007,174.0,1767.0,1768.0
2009-10-22,C1007,1769.0,1774.0,1764.0,1768.0,16.0,28.31,玉米1007,176.0,1768.0,1768.0
2009-10-23,C1007,1768.0,1768.0,1768.0,1768.0,2.0,3.54,玉米1007,174.0,1768.0,1768.0
2009-10-26,C1007,1768.0,1774.0,1767.0,1768.0,20.0,35.4,玉米1007,172.0,1769.0,1768.0
2009-10-27,C1007,1766.0,1771.0,1766.0,1768.0,56.0,98.99,玉米1007,170.0,1767.0,1768.0
2009-10-28,C1007,1762.0,1766.0,1752.0,1752.0,36.0,63.3,玉米1007,148.0,1758.0,1752.0
2009-10-29,C1007,1757.0,1760.0,1757.0,1760.0,6.0,10.55,玉米1007,148.0,1758.0,1760.0
2009-10-30,C1007,1764.0,1764.0,1756.0,1756.0,66.0,116.12,玉米1007,144.0,1759.0,1756.0
2009-11-02,C1007,1751.0,1756.0,1751.0,1755.0,22.0,38.57,玉米1007,142.0,1753.0,1755.0
2009-11-03,C1007,1758.0,1758.0,1758.0,1758.0,2.0,3.52,玉米1007,140.0,1758.0,1758.0
2009-11-04,C1007,1760.0,1760.0,1760.0,1760.0,2.0,3.52,玉米1007,142.0,1760.0,1760.0
2009-11-05,C1007,1751.0,1762.0,1751.0,1760.0,66.0,115.96,玉米1007,140.0,1756.0,1760.0
2009-11-06,C1007,1753.0,1753.0,1753.0,1753.0,4.0,7.02,玉米1007,140.0,1753.0,1753.0
2009-11-09,C1007,1752.0,1754.0,1752.0,1754.0,4.0,7.02,玉米1007,140.0,1753.0,1754.0
2009-11-10,C1007,1751.0,1753.0,1751.0,1753.0,4.0,7.01,玉米1007,142.0,1752.0,1753.0
2009-11-11,C1007,1761.0,1775.0,1761.0,1769.0,250.0,442.96,玉米1007,156.0,1771.0,1769.0
2009-11-12,C1007,1769.0,1770.0,1767.0,1770.0,40.0,70.73,玉米1007,146.0,1768.0,1770.0
2009-11-13,C1007,1771.0,1774.0,1770.0,1774.0,28.0,49.59,玉米1007,156.0,1771.0,1774.0
2009-11-16,C1007,1772.0,1778.0,1770.0,1778.0,46.0,81.65,玉米1007,164.0,1774.0,1778.0
2009-11-17,C1007,1788.0,1788.0,1772.0,1776.0,44.0,78.4,玉米1007,154.0,1781.0,1776.0
2009-11-18,C1007,1776.0,1783.0,1776.0,1783.0,16.0,28.5,玉米1007,148.0,1781.0,1783.0
2009-11-19,C1007,1788.0,1790.0,1781.0,1784.0,18.0,32.18,玉米1007,154.0,1787.0,1784.0
2009-11-20,C1007,1784.0,1790.0,1784.0,1790.0,40.0,71.56,玉米1007,142.0,1788.0,1790.0
2009-11-23,C1007,1794.0,1805.0,1790.0,1801.0,10.0,17.99,玉米1007,144.0,1799.0,1801.0
2009-11-24,C1007,1800.0,1813.0,1800.0,1801.0,44.0,79.47,玉米1007,150.0,1805.0,1801.0
2009-11-25,C1007,1787.0,1799.0,1787.0,1797.0,40.0,71.85,玉米1007,152.0,1796.0,1797.0
2009-11-26,C1007,1800.0,1806.0,1799.0,1806.0,38.0,68.51,玉米1007,154.0,1802.0,1806.0
2009-11-27,C1007,1805.0,1805.0,1777.0,1785.0,42.0,75.31,玉米1007,152.0,1793.0,1785.0
2009-11-30,C1007,1804.0,1804.0,1797.0,1802.0,20.0,36.04,玉米1007,148.0,1801.0,1802.0
2009-12-01,C1007,1806.0,1808.0,1802.0,1808.0,52.0,93.9,玉米1007,172.0,1805.0,1808.0
2009-12-02,C1007,1801.0,1809.0,1801.0,1803.0,50.0,90.24,玉米1007,144.0,1804.0,1803.0
2009-12-03,C1007,1808.0,1817.0,1806.0,1807.0,50.0,90.43,玉米1007,152.0,1808.0,1807.0
2009-12-04,C1007,1801.0,1805.0,1801.0,1805.0,6.0,10.82,玉米1007,150.0,1802.0,1805.0
2009-12-07,C1007,1808.0,1810.0,1808.0,1810.0,14.0,25.33,玉米1007,148.0,1809.0,1810.0
2009-12-08,C1007,1802.0,1810.0,1802.0,1809.0,16.0,28.92,玉米1007,156.0,1807.0,1809.0
2009-12-09,C1007,1818.0,1819.0,1809.0,1814.0,14.0,25.4,玉米1007,150.0,1813.0,1814.0
2009-12-10,C1007,1818.0,1826.0,1814.0,1819.0,20.0,36.41,玉米1007,144.0,1820.0,1819.0
2009-12-11,C1007,1814.0,1823.0,1814.0,1818.0,6.0,10.91,玉米1007,142.0,1818.0,1818.0
2009-12-14,C1007,1823.0,1823.0,1811.0,1818.0,34.0,61.79,玉米1007,140.0,1817.0,1818.0
2009-12-15,C1007,1821.0,1824.0,1820.0,1824.0,36.0,65.6,玉米1007,134.0,1822.0,1824.0
2009-12-16,C1007,1823.0,1825.0,1818.0,1825.0,12.0,21.88,玉米1007,134.0,1823.0,1825.0
2009-12-17,C1007,1828.0,1828.0,1816.0,1823.0,16.0,29.14,玉米1007,132.0,1820.0,1823.0
2009-12-18,C1007,1818.0,1818.0,1806.0,1818.0,32.0,58.12,玉米1007,140.0,1816.0,1818.0
2009-12-21,C1007,1820.0,1821.0,1816.0,1818.0,18.0,32.74,玉米1007,134.0,1818.0,1818.0
2009-12-22,C1007,1817.0,1817.0,1815.0,1815.0,8.0,14.53,玉米1007,134.0,1815.0,1815.0
2009-12-23,C1007,1820.0,1820.0,1801.0,1813.0,12.0,21.74,玉米1007,138.0,1811.0,1813.0
2009-12-24,C1007,1819.0,1819.0,1812.0,1818.0,12.0,21.8,玉米1007,140.0,1816.0,1818.0
2009-12-25,C1007,1817.0,1819.0,1817.0,1819.0,4.0,7.28,玉米1007,138.0,1818.0,1819.0
2009-12-28,C1007,1822.0,1829.0,1820.0,1829.0,52.0,94.84,玉米1007,126.0,1823.0,1829.0
2009-12-29,C1007,1830.0,1830.0,1823.0,1824.0,32.0,58.46,玉米1007,128.0,1826.0,1824.0
2009-12-30,C1007,1820.0,1825.0,1820.0,1822.0,14.0,25.52,玉米1007,126.0,1822.0,1822.0
2009-12-31,C1007,1816.0,1825.0,1816.0,1825.0,22.0,40.07,玉米1007,128.0,1821.0,1825.0
2010-01-04,C1007,1829.0,1847.0,1829.0,1836.0,56.0,102.85,玉米1007,138.0,1836.0,1836.0
2010-01-05,C1007,1838.0,1842.0,1836.0,1842.0,22.0,40.48,玉米1007,128.0,1839.0,1842.0
2010-01-06,C1007,1832.0,1859.0,1832.0,1855.0,40.0,73.85,玉米1007,126.0,1846.0,1855.0
2010-01-07,C1007,1879.0,1880.0,1846.0,1853.0,80.0,149.24,玉米1007,122.0,1865.0,1853.0
2010-01-08,C1007,1868.0,1884.0,1862.0,1884.0,50.0,93.63,玉米1007,130.0,1872.0,1884.0
2010-01-11,C1007,1888.0,1888.0,1876.0,1876.0,34.0,63.95,玉米1007,126.0,1880.0,1876.0
2010-01-12,C1007,1876.0,1876.0,1868.0,1868.0,4.0,7.49,玉米1007,126.0,1872.0,1868.0
2010-01-13,C1007,1837.0,1855.0,1837.0,1848.0,32.0,59.12,玉米1007,126.0,1847.0,1848.0
2010-01-14,C1007,1865.0,1865.0,1850.0,1856.0,32.0,59.31,玉米1007,126.0,1853.0,1856.0
2010-01-15,C1007,1849.0,1858.0,1849.0,1852.0,34.0,63.07,玉米1007,128.0,1855.0,1852.0
2010-01-18,C1007,1854.0,1854.0,1849.0,1854.0,14.0,25.95,玉米1007,120.0,1853.0,1854.0
2010-01-19,C1007,1870.0,1870.0,1857.0,1857.0,14.0,26.09,玉米1007,120.0,1863.0,1857.0
2010-01-20,C1007,1853.0,1853.0,1853.0,1853.0,2.0,3.71,玉米1007,118.0,1853.0,1853.0
2010-01-21,C1007,1850.0,1850.0,1850.0,1850.0,12.0,22.2,玉米1007,118.0,1850.0,1850.0
2010-01-22,C1007,1848.0,1848.0,1834.0,1842.0,19130.0,35428.54,玉米1007,106.0,1851.0,1842.0
2010-01-25,C1007,0.0,0.0,0.0,1851.0,0.0,0.0,玉米1007,106.0,1851.0,1851.0
2010-01-26,C1007,1831.0,1831.0,1829.0,1829.0,4.0,7.32,玉米1007,106.0,1830.0,1829.0
2010-01-27,C1007,1825.0,1830.0,1825.0,1830.0,12.0,21.95,玉米1007,108.0,1828.0,1830.0
2010-01-28,C1007,1825.0,1826.0,1819.0,1824.0,140.0,255.16,玉米1007,108.0,1822.0,1824.0
2010-01-29,C1007,1830.0,1830.0,1830.0,1830.0,4.0,7.32,玉米1007,104.0,1830.0,1830.0
2010-02-01,C1007,1822.0,1829.0,1822.0,1823.0,20.0,36.51,玉米1007,104.0,1825.0,1823.0
2010-02-02,C1007,1817.0,1817.0,1817.0,1817.0,2.0,3.64,玉米1007,102.0,1817.0,1817.0
2010-02-03,C1007,1832.0,1847.0,1830.0,1831.0,14.0,25.72,玉米1007,106.0,1836.0,1831.0
2010-02-04,C1007,1831.0,1831.0,1830.0,1830.0,6.0,10.99,玉米1007,104.0,1830.0,1830.0
2010-02-05,C1007,1824.0,1834.0,1824.0,1831.0,6.0,10.98,玉米1007,104.0,1829.0,1831.0
2010-02-08,C1007,0.0,0.0,0.0,1829.0,0.0,0.0,玉米1007,104.0,1829.0,1829.0
2010-02-09,C1007,1825.0,1833.0,1825.0,1833.0,14.0,25.62,玉米1007,104.0,1829.0,1833.0
2010-02-10,C1007,1828.0,1835.0,1828.0,1833.0,12.0,21.99,玉米1007,102.0,1832.0,1833.0
2010-02-11,C1007,1831.0,1844.0,1831.0,1844.0,24.0,44.13,玉米1007,92.0,1838.0,1844.0
2010-02-12,C1007,1840.0,1848.0,1840.0,1844.0,14.0,25.81,玉米1007,84.0,1843.0,1844.0
2010-02-22,C1007,1842.0,1845.0,1842.0,1843.0,6.0,11.06,玉米1007,82.0,1843.0,1843.0
2010-02-23,C1007,1849.0,1852.0,1842.0,1852.0,20.0,36.95,玉米1007,84.0,1847.0,1852.0
2010-02-24,C1007,1853.0,1853.0,1850.0,1850.0,8.0,14.82,玉米1007,86.0,1852.0,1850.0
2010-02-25,C1007,1851.0,1851.0,1845.0,1845.0,30.0,55.47,玉米1007,86.0,1849.0,1845.0
2010-02-26,C1007,1849.0,1849.0,1843.0,1844.0,12.0,22.14,玉米1007,88.0,1845.0,1844.0
2010-03-01,C1007,1850.0,1850.0,1844.0,1844.0,22.0,40.67,玉米1007,76.0,1848.0,1844.0
2010-03-02,C1007,1842.0,1844.0,1842.0,1844.0,22.0,40.56,玉米1007,88.0,1843.0,1844.0
2010-03-03,C1007,1850.0,1850.0,1850.0,1850.0,4.0,7.4,玉米1007,90.0,1850.0,1850.0
2010-03-04,C1007,1841.0,1841.0,1841.0,1841.0,4.0,7.37,玉米1007,86.0,1841.0,1841.0
2010-03-05,C1007,1834.0,1846.0,1834.0,1842.0,18.0,33.16,玉米1007,92.0,1841.0,1842.0
2010-03-08,C1007,1855.0,1855.0,1845.0,1850.0,18.0,33.28,玉米1007,86.0,1848.0,1850.0
2010-03-09,C1007,1850.0,1850.0,1843.0,1849.0,12.0,22.18,玉米1007,82.0,1847.0,1849.0
2010-03-10,C1007,1845.0,1851.0,1845.0,1850.0,10.0,18.49,玉米1007,80.0,1848.0,1850.0
2010-03-11,C1007,1854.0,1879.0,1837.0,1848.0,78.0,144.27,玉米1007,72.0,1849.0,1848.0
2010-03-12,C1007,1855.0,1858.0,1845.0,1855.0,46.0,85.18,玉米1007,72.0,1851.0,1855.0
2010-03-15,C1007,1846.0,1868.0,1846.0,1862.0,16.0,29.74,玉米1007,74.0,1858.0,1862.0
2010-03-16,C1007,1863.0,1863.0,1855.0,1860.0,1100.0,2043.22,玉米1007,232.0,1857.0,1860.0
2010-03-17,C1007,1885.0,1885.0,1867.0,1867.0,20.0,37.44,玉米1007,232.0,1871.0,1867.0
2010-03-18,C1007,1862.0,1869.0,1861.0,1868.0,168.0,312.84,玉米1007,70.0,1862.0,1868.0
2010-03-19,C1007,1862.0,1870.0,1862.0,1869.0,18.0,33.62,玉米1007,68.0,1867.0,1869.0
2010-03-22,C1007,1884.0,1884.0,1876.0,1881.0,24.0,45.13,玉米1007,68.0,1880.0,1881.0
2010-03-23,C1007,1888.0,1888.0,1878.0,1878.0,26.0,48.87,玉米1007,72.0,1879.0,1878.0
2010-03-24,C1007,1884.0,1884.0,1884.0,1884.0,2.0,3.77,玉米1007,74.0,1884.0,1884.0
2010-03-25,C1007,1885.0,1885.0,1877.0,1881.0,30.0,56.43,玉米1007,80.0,1881.0,1881.0
2010-03-26,C1007,1884.0,1895.0,1884.0,1892.0,28.0,52.82,玉米1007,82.0,1886.0,1892.0
2010-03-29,C1007,1897.0,1927.0,1897.0,1927.0,70.0,134.0,玉米1007,106.0,1914.0,1927.0
2010-03-30,C1007,1929.0,1930.0,1918.0,1918.0,42.0,80.79,玉米1007,128.0,1923.0,1918.0
2010-03-31,C1007,1924.0,1926.0,1920.0,1923.0,38.0,73.05,玉米1007,138.0,1922.0,1923.0
2010-04-01,C1007,1926.0,1940.0,1926.0,1928.0,34.0,65.66,玉米1007,138.0,1930.0,1928.0
2010-04-02,C1007,1928.0,1935.0,1927.0,1929.0,70.0,134.97,玉米1007,168.0,1928.0,1929.0
2010-04-06,C1007,1932.0,1940.0,1929.0,1934.0,78.0,151.02,玉米1007,192.0,1936.0,1934.0
2010-04-07,C1007,1936.0,1936.0,1928.0,1933.0,42.0,81.18,玉米1007,204.0,1932.0,1933.0
2010-04-08,C1007,1929.0,1935.0,1916.0,1923.0,136.0,261.49,玉米1007,254.0,1922.0,1923.0
2010-04-09,C1007,1928.0,1928.0,1914.0,1914.0,50.0,95.92,玉米1007,256.0,1918.0,1914.0
2010-04-12,C1007,1918.0,1927.0,1907.0,1908.0,144.0,276.06,玉米1007,282.0,1917.0,1908.0
2010-04-13,C1007,1911.0,1918.0,1910.0,1917.0,92.0,176.26,玉米1007,300.0,1915.0,1917.0
2010-04-14,C1007,1917.0,1925.0,1915.0,1916.0,58.0,111.25,玉米1007,318.0,1918.0,1916.0
2010-04-15,C1007,1919.0,1919.0,1915.0,1917.0,20.0,38.36,玉米1007,318.0,1917.0,1917.0
2010-04-16,C1007,1920.0,1920.0,1915.0,1918.0,42.0,80.52,玉米1007,312.0,1917.0,1918.0
2010-04-19,C1007,1918.0,1924.0,1911.0,1918.0,150.0,287.88,玉米1007,282.0,1919.0,1918.0
2010-04-20,C1007,1925.0,1925.0,1917.0,1924.0,32.0,61.5,玉米1007,292.0,1921.0,1924.0
2010-04-21,C1007,1924.0,1926.0,1922.0,1926.0,46.0,88.51,玉米1007,286.0,1924.0,1926.0
2010-04-22,C1007,1923.0,1927.0,1923.0,1925.0,26.0,50.05,玉米1007,288.0,1924.0,1925.0
2010-04-23,C1007,1918.0,1926.0,1918.0,1924.0,64.0,123.12,玉米1007,280.0,1923.0,1924.0
2010-04-26,C1007,1921.0,1926.0,1917.0,1917.0,110.0,211.49,玉米1007,288.0,1922.0,1917.0
2010-04-27,C1007,1913.0,1934.0,1913.0,1930.0,104.0,199.67,玉米1007,270.0,1919.0,1930.0
2010-04-28,C1007,1932.0,1936.0,1915.0,1919.0,100.0,192.56,玉米1007,266.0,1925.0,1919.0
2010-04-29,C1007,1916.0,1917.0,1909.0,1912.0,74.0,141.59,玉米1007,262.0,1913.0,1912.0
2010-04-30,C1007,1920.0,1920.0,1914.0,1917.0,72.0,138.07,玉米1007,280.0,1917.0,1917.0
2010-05-04,C1007,1915.0,1919.0,1912.0,1919.0,50.0,95.85,玉米1007,278.0,1916.0,1919.0
2010-05-05,C1007,1916.0,1926.0,1916.0,1924.0,48.0,92.28,玉米1007,278.0,1922.0,1924.0
2010-05-06,C1007,1926.0,1926.0,1915.0,1915.0,22.0,42.25,玉米1007,274.0,1920.0,1915.0
2010-05-07,C1007,1915.0,1925.0,1915.0,1922.0,82.0,157.48,玉米1007,268.0,1920.0,1922.0
2010-05-10,C1007,1923.0,1933.0,1919.0,1932.0,142.0,273.25,玉米1007,246.0,1924.0,1932.0
2010-05-11,C1007,1930.0,1933.0,1922.0,1927.0,66.0,127.22,玉米1007,248.0,1927.0,1927.0
2010-05-12,C1007,1930.0,1936.0,1927.0,1932.0,70.0,135.29,玉米1007,226.0,1932.0,1932.0
2010-05-13,C1007,1926.0,1936.0,1903.0,1920.0,188.0,361.23,玉米1007,230.0,1921.0,1920.0
2010-05-14,C1007,1918.0,1928.0,1918.0,1922.0,122.0,234.8,玉米1007,230.0,1924.0,1922.0
2010-05-17,C1007,1918.0,1929.0,1918.0,1929.0,244.0,469.39,玉米1007,236.0,1923.0,1929.0
2010-05-18,C1007,1933.0,1951.0,1933.0,1949.0,184.0,357.82,玉米1007,232.0,1944.0,1949.0
2010-05-19,C1007,1947.0,1958.0,1946.0,1954.0,166.0,323.86,玉米1007,236.0,1950.0,1954.0
2010-05-20,C1007,1956.0,1972.0,1956.0,1965.0,270.0,530.29,玉米1007,290.0,1964.0,1965.0
2010-05-21,C1007,1962.0,1964.0,1950.0,1961.0,220.0,430.84,玉米1007,302.0,1958.0,1961.0
2010-05-24,C1007,1964.0,1964.0,1950.0,1950.0,84.0,164.05,玉米1007,254.0,1952.0,1950.0
2010-05-25,C1007,1943.0,1946.0,1935.0,1940.0,158.0,306.66,玉米1007,254.0,1940.0,1940.0
2010-05-26,C1007,1941.0,1950.0,1941.0,1947.0,74.0,143.97,玉米1007,254.0,1945.0,1947.0
2010-05-27,C1007,1953.0,1953.0,1945.0,1949.0,106.0,206.6,玉米1007,256.0,1949.0,1949.0
2010-05-28,C1007,1948.0,1948.0,1936.0,1938.0,122.0,236.94,玉米1007,248.0,1942.0,1938.0
2010-05-31,C1007,1954.0,1954.0,1941.0,1947.0,88.0,171.26,玉米1007,254.0,1946.0,1947.0
2010-06-01,C1007,1945.0,1947.0,1939.0,1939.0,134.0,260.7,玉米1007,152.0,1945.0,1939.0
2010-06-02,C1007,1941.0,1944.0,1934.0,1935.0,44.0,85.28,玉米1007,140.0,1938.0,1935.0
2010-06-03,C1007,1924.0,1934.0,1924.0,1928.0,10.0,19.28,玉米1007,136.0,1927.0,1928.0
2010-06-04,C1007,1930.0,1938.0,1930.0,1938.0,4.0,7.74,玉米1007,136.0,1934.0,1938.0
2010-06-07,C1007,1930.0,1939.0,1930.0,1939.0,4.0,7.74,玉米1007,136.0,1934.0,1939.0
2010-06-08,C1007,1950.0,1950.0,1925.0,1929.0,70.0,135.65,玉米1007,102.0,1937.0,1929.0
2010-06-09,C1007,1916.0,1928.0,1908.0,1908.0,190.0,363.82,玉米1007,78.0,1914.0,1908.0
2010-06-10,C1007,1902.0,1920.0,1900.0,1918.0,60.0,114.77,玉米1007,54.0,1912.0,1918.0
2010-06-11,C1007,1910.0,1932.0,1910.0,1921.0,42.0,80.64,玉米1007,54.0,1920.0,1921.0
2010-06-17,C1007,1933.0,1933.0,1913.0,1932.0,16.0,30.82,玉米1007,50.0,1926.0,1932.0
2010-06-18,C1007,1906.0,1916.0,1906.0,1916.0,4.0,7.65,玉米1007,46.0,1911.0,1916.0
2010-06-21,C1007,1916.0,1929.0,1916.0,1925.0,40.0,77.08,玉米1007,40.0,1926.0,1925.0
2010-06-22,C1007,1903.0,1929.0,1903.0,1912.0,30.0,57.42,玉米1007,38.0,1913.0,1912.0
2010-06-23,C1007,1838.0,1908.0,1838.0,1900.0,26.0,49.1,玉米1007,34.0,1888.0,1900.0
2010-06-24,C1007,1924.0,1924.0,1903.0,1910.0,34.0,65.07,玉米1007,36.0,1913.0,1910.0
2010-06-25,C1007,1921.0,1925.0,1882.0,1912.0,52.0,99.24,玉米1007,22.0,1908.0,1912.0
2010-06-28,C1007,1851.0,1899.0,1851.0,1853.0,46.0,86.02,玉米1007,18.0,1869.0,1853.0
2010-06-29,C1007,1873.0,1875.0,1873.0,1875.0,8.0,14.0,玉米1007,14.0,1874.0,1875.0
2010-06-30,C1007,1820.0,1948.0,1820.0,1948.0,60.0,112.95,玉米1007,8.0,1882.0,1948.0
2010-07-01,C1007,1994.0,1994.0,1994.0,1994.0,2.0,3.99,玉米1007,8.0,1994.0,1994.0
2010-07-02,C1007,2113.0,2113.0,2113.0,2113.0,8.0,16.91,玉米1007,0.0,2113.0,2113.0
2010-07-05,C1007,0.0,0.0,0.0,2113.0,0.0,0.0,玉米1007,0.0,2113.0,2113.0
2010-07-06,C1007,0.0,0.0,0.0,2113.0,0.0,0.0,玉米1007,0.0,2113.0,2113.0
2010-07-07,C1007,0.0,0.0,0.0,2113.0,0.0,0.0,玉米1007,0.0,2113.0,2113.0
2010-07-08,C1007,0.0,0.0,0.0,2113.0,0.0,0.0,玉米1007,0.0,2113.0,2113.0
2010-07-09,C1007,0.0,0.0,0.0,2113.0,0.0,0.0,玉米1007,0.0,2113.0,2113.0
2010-07-12,C1007,0.0,0.0,0.0,2113.0,0.0,0.0,玉米1007,0.0,2113.0,2113.0
2010-07-13,C1007,0.0,0.0,0.0,2113.0,0.0,0.0,玉米1007,0.0,2113.0,2113.0
2010-07-14,C1007,0.0,0.0,0.0,2113.0,0.0,0.0,玉米1007,0.0,2089.0,2113.0
