date,symbol,open,high,low,close,volume,amount,name,openinterest,settleprice,price
2009-01-19,C1001,1639.0,1644.0,1633.0,1637.0,122.0,199.88,玉米1001,104.0,1638.0,1637.0
2009-01-20,C1001,1638.0,1638.0,1607.0,1625.0,156.0,253.97,玉米1001,236.0,1627.0,1625.0
2009-01-21,C1001,1617.0,1632.0,1617.0,1632.0,154.0,250.35,玉米1001,354.0,1625.0,1632.0
2009-01-22,C1001,1627.0,1630.0,1626.0,1630.0,194.0,315.69,玉米1001,512.0,1627.0,1630.0
2009-01-23,C1001,1625.0,1658.0,1625.0,1648.0,2196.0,3613.72,玉米1001,2602.0,1645.0,1648.0
2009-02-02,C1001,1640.0,1655.0,1640.0,1652.0,556.0,918.77,玉米1001,2708.0,1652.0,1652.0
2009-02-03,C1001,1645.0,1666.0,1645.0,1666.0,890.0,1478.4,玉米1001,3002.0,1661.0,1666.0
2009-02-04,C1001,1674.0,1675.0,1666.0,1668.0,1048.0,1750.88,玉米1001,3400.0,1670.0,1668.0
2009-02-05,C1001,1665.0,1668.0,1660.0,1663.0,610.0,1014.53,玉米1001,3820.0,1663.0,1663.0
2009-02-06,C1001,1667.0,1674.0,1661.0,1673.0,922.0,1538.45,玉米1001,4048.0,1668.0,1673.0
2009-02-09,C1001,1670.0,1685.0,1670.0,1679.0,1294.0,2176.01,玉米1001,4928.0,1681.0,1679.0
2009-02-10,C1001,1673.0,1687.0,1673.0,1687.0,394.0,661.54,玉米1001,5212.0,1679.0,1687.0
2009-02-11,C1001,1680.0,1706.0,1680.0,1703.0,5656.0,9623.94,玉米1001,9028.0,1701.0,1703.0
2009-02-12,C1001,1703.0,1709.0,1694.0,1705.0,970.0,1651.28,玉米1001,9158.0,1702.0,1705.0
2009-02-13,C1001,1704.0,1706.0,1700.0,1705.0,384.0,654.1,玉米1001,9386.0,1703.0,1705.0
2009-02-16,C1001,1709.0,1727.0,1709.0,1722.0,3942.0,6782.16,玉米1001,11786.0,1720.0,1722.0
2009-02-17,C1001,1718.0,1729.0,1701.0,1712.0,7816.0,13420.01,玉米1001,16768.0,1716.0,1712.0
2009-02-18,C1001,1702.0,1702.0,1681.0,1688.0,4058.0,6853.93,玉米1001,18066.0,1688.0,1688.0
2009-02-19,C1001,1686.0,1697.0,1686.0,1697.0,2550.0,4315.92,玉米1001,19490.0,1692.0,1697.0
2009-02-20,C1001,1693.0,1709.0,1693.0,1704.0,5216.0,8891.22,玉米1001,21940.0,1704.0,1704.0
2009-02-23,C1001,1704.0,1711.0,1692.0,1696.0,3416.0,5811.06,玉米1001,23826.0,1701.0,1696.0
2009-02-24,C1001,1694.0,1703.0,1684.0,1692.0,4404.0,7445.07,玉米1001,25708.0,1690.0,1692.0
2009-02-25,C1001,1695.0,1699.0,1671.0,1672.0,11122.0,18696.73,玉米1001,31112.0,1681.0,1672.0
2009-02-26,C1001,1670.0,1677.0,1649.0,1650.0,11772.0,19571.07,玉米1001,29608.0,1662.0,1650.0
2009-02-27,C1001,1650.0,1650.0,1636.0,1645.0,8732.0,14351.32,玉米1001,28712.0,1643.0,1645.0
2009-03-02,C1001,1640.0,1656.0,1640.0,1651.0,4662.0,7706.84,玉米1001,28274.0,1653.0,1651.0
2009-03-03,C1001,1641.0,1662.0,1641.0,1658.0,7018.0,11615.46,玉米1001,28350.0,1655.0,1658.0
2009-03-04,C1001,1659.0,1663.0,1650.0,1663.0,3774.0,6257.59,玉米1001,28450.0,1658.0,1663.0
2009-03-05,C1001,1666.0,1672.0,1658.0,1665.0,8130.0,13533.56,玉米1001,30260.0,1664.0,1665.0
2009-03-06,C1001,1661.0,1667.0,1661.0,1664.0,1486.0,2473.19,玉米1001,30226.0,1664.0,1664.0
2009-03-09,C1001,1670.0,1675.0,1659.0,1660.0,9000.0,14989.99,玉米1001,34294.0,1665.0,1660.0
2009-03-10,C1001,1659.0,1666.0,1656.0,1661.0,4318.0,7173.61,玉米1001,34426.0,1661.0,1661.0
2009-03-11,C1001,1664.0,1664.0,1644.0,1645.0,7868.0,13010.01,玉米1001,34378.0,1653.0,1645.0
2009-03-12,C1001,1642.0,1646.0,1624.0,1645.0,16680.0,27259.68,玉米1001,36152.0,1634.0,1645.0
2009-03-13,C1001,1650.0,1653.0,1642.0,1652.0,4144.0,6820.09,玉米1001,35864.0,1645.0,1652.0
2009-03-16,C1001,1649.0,1669.0,1649.0,1667.0,9460.0,15719.79,玉米1001,34280.0,1661.0,1667.0
2009-03-17,C1001,1672.0,1672.0,1662.0,1669.0,6996.0,11665.59,玉米1001,32132.0,1667.0,1669.0
2009-03-18,C1001,1670.0,1678.0,1664.0,1674.0,7448.0,12446.11,玉米1001,31050.0,1671.0,1674.0
2009-03-19,C1001,1676.0,1693.0,1676.0,1690.0,9708.0,16376.94,玉米1001,30362.0,1686.0,1690.0
2009-03-20,C1001,1691.0,1696.0,1678.0,1688.0,7272.0,12278.08,玉米1001,32104.0,1688.0,1688.0
2009-03-23,C1001,1694.0,1698.0,1687.0,1691.0,6186.0,10472.38,玉米1001,31780.0,1692.0,1691.0
2009-03-24,C1001,1685.0,1695.0,1682.0,1687.0,8328.0,14075.71,玉米1001,32232.0,1690.0,1687.0
2009-03-25,C1001,1675.0,1693.0,1675.0,1678.0,5066.0,8546.53,玉米1001,30008.0,1687.0,1678.0
2009-03-26,C1001,1682.0,1684.0,1677.0,1683.0,2698.0,4533.72,玉米1001,29932.0,1680.0,1683.0
2009-03-27,C1001,1681.0,1687.0,1669.0,1669.0,6078.0,10182.93,玉米1001,30334.0,1675.0,1669.0
2009-03-30,C1001,1663.0,1673.0,1663.0,1667.0,2920.0,4869.68,玉米1001,30342.0,1667.0,1667.0
2009-03-31,C1001,1667.0,1673.0,1665.0,1667.0,6192.0,10334.44,玉米1001,31118.0,1668.0,1667.0
2009-04-01,C1001,1675.0,1675.0,1663.0,1663.0,2650.0,4427.27,玉米1001,30690.0,1670.0,1663.0
2009-04-02,C1001,1671.0,1671.0,1658.0,1665.0,7952.0,13229.81,玉米1001,29848.0,1663.0,1665.0
2009-04-03,C1001,1666.0,1672.0,1661.0,1662.0,4262.0,7095.66,玉米1001,29982.0,1664.0,1662.0
2009-04-07,C1001,1663.0,1677.0,1660.0,1673.0,6112.0,10197.17,玉米1001,30022.0,1668.0,1673.0
2009-04-08,C1001,1669.0,1672.0,1662.0,1662.0,3288.0,5482.25,玉米1001,29416.0,1667.0,1662.0
2009-04-09,C1001,1664.0,1670.0,1664.0,1668.0,1988.0,3314.64,玉米1001,29008.0,1667.0,1668.0
2009-04-10,C1001,1666.0,1686.0,1665.0,1680.0,10006.0,16784.78,玉米1001,29996.0,1677.0,1680.0
2009-04-13,C1001,1678.0,1689.0,1678.0,1685.0,9652.0,16263.3,玉米1001,31882.0,1684.0,1685.0
2009-04-14,C1001,1687.0,1700.0,1686.0,1691.0,18946.0,32070.31,玉米1001,38922.0,1692.0,1691.0
2009-04-15,C1001,1695.0,1697.0,1687.0,1689.0,8534.0,14445.62,玉米1001,40300.0,1692.0,1689.0
2009-04-16,C1001,1688.0,1694.0,1682.0,1690.0,15916.0,26861.76,玉米1001,41424.0,1687.0,1690.0
2009-04-17,C1001,1693.0,1695.0,1688.0,1689.0,7750.0,13107.21,玉米1001,41594.0,1691.0,1689.0
2009-04-20,C1001,1687.0,1689.0,1670.0,1670.0,20260.0,33987.29,玉米1001,37252.0,1677.0,1670.0
2009-04-21,C1001,1667.0,1673.0,1658.0,1668.0,11858.0,19773.09,玉米1001,37084.0,1667.0,1668.0
2009-04-22,C1001,1672.0,1682.0,1672.0,1676.0,11860.0,19889.95,玉米1001,34574.0,1677.0,1676.0
2009-04-23,C1001,1679.0,1691.0,1677.0,1691.0,16642.0,28042.98,玉米1001,36896.0,1685.0,1691.0
2009-04-24,C1001,1690.0,1695.0,1681.0,1684.0,7250.0,12225.04,玉米1001,36438.0,1686.0,1684.0
2009-04-27,C1001,1678.0,1678.0,1640.0,1652.0,48276.0,79899.65,玉米1001,30880.0,1655.0,1652.0
2009-04-28,C1001,1660.0,1669.0,1655.0,1664.0,15864.0,26405.14,玉米1001,28614.0,1664.0,1664.0
2009-04-29,C1001,1664.0,1669.0,1659.0,1666.0,9006.0,14986.58,玉米1001,28910.0,1664.0,1666.0
2009-04-30,C1001,1671.0,1674.0,1662.0,1671.0,9608.0,16024.88,玉米1001,27866.0,1667.0,1671.0
2009-05-04,C1001,1674.0,1681.0,1671.0,1671.0,12740.0,21345.57,玉米1001,27230.0,1675.0,1671.0
2009-05-05,C1001,1673.0,1673.0,1663.0,1664.0,9000.0,14990.54,玉米1001,27706.0,1665.0,1664.0
2009-05-06,C1001,1665.0,1670.0,1661.0,1666.0,10408.0,17324.75,玉米1001,29182.0,1664.0,1666.0
2009-05-07,C1001,1670.0,1670.0,1661.0,1663.0,8962.0,14922.94,玉米1001,29956.0,1665.0,1663.0
2009-05-08,C1001,1662.0,1664.0,1657.0,1663.0,14090.0,23405.83,玉米1001,31802.0,1661.0,1663.0
2009-05-11,C1001,1665.0,1665.0,1650.0,1652.0,15800.0,26137.21,玉米1001,33934.0,1654.0,1652.0
2009-05-12,C1001,1656.0,1657.0,1646.0,1653.0,13236.0,21839.86,玉米1001,35334.0,1650.0,1653.0
2009-05-13,C1001,1659.0,1660.0,1649.0,1649.0,11840.0,19561.25,玉米1001,38808.0,1652.0,1649.0
2009-05-14,C1001,1645.0,1653.0,1645.0,1650.0,14586.0,24071.23,玉米1001,41554.0,1650.0,1650.0
2009-05-15,C1001,1653.0,1665.0,1651.0,1656.0,19656.0,32579.17,玉米1001,41720.0,1657.0,1656.0
2009-05-18,C1001,1648.0,1667.0,1648.0,1654.0,16654.0,27569.95,玉米1001,44832.0,1655.0,1654.0
2009-05-19,C1001,1660.0,1661.0,1655.0,1660.0,29870.0,49510.38,玉米1001,59804.0,1657.0,1660.0
2009-05-20,C1001,1660.0,1661.0,1648.0,1653.0,37918.0,62765.08,玉米1001,65814.0,1655.0,1653.0
2009-05-21,C1001,1654.0,1655.0,1651.0,1653.0,11888.0,19654.03,玉米1001,66728.0,1653.0,1653.0
2009-05-22,C1001,1653.0,1654.0,1646.0,1650.0,31340.0,51687.89,玉米1001,69976.0,1649.0,1650.0
2009-05-25,C1001,1652.0,1655.0,1644.0,1653.0,20800.0,34328.39,玉米1001,74748.0,1650.0,1653.0
2009-05-26,C1001,1653.0,1657.0,1649.0,1650.0,36968.0,61077.16,玉米1001,85458.0,1652.0,1650.0
2009-05-27,C1001,1656.0,1656.0,1647.0,1652.0,12624.0,20838.48,玉米1001,87056.0,1650.0,1652.0
2009-06-01,C1001,1660.0,1672.0,1655.0,1671.0,46910.0,78054.18,玉米1001,88712.0,1663.0,1671.0
2009-06-02,C1001,1673.0,1692.0,1671.0,1673.0,54556.0,91583.54,玉米1001,94416.0,1678.0,1673.0
2009-06-03,C1001,1675.0,1687.0,1672.0,1686.0,79838.0,134246.91,玉米1001,108704.0,1681.0,1686.0
2009-06-04,C1001,1675.0,1684.0,1672.0,1676.0,78598.0,131896.37,玉米1001,111844.0,1678.0,1676.0
2009-06-05,C1001,1683.0,1685.0,1651.0,1653.0,197390.0,328877.13,玉米1001,154306.0,1666.0,1653.0
2009-06-08,C1001,1642.0,1650.0,1622.0,1624.0,220804.0,361693.13,玉米1001,183626.0,1638.0,1624.0
2009-06-09,C1001,1629.0,1637.0,1621.0,1632.0,189946.0,309538.32,玉米1001,198100.0,1629.0,1632.0
2009-06-10,C1001,1636.0,1642.0,1629.0,1631.0,150158.0,245517.53,玉米1001,191316.0,1635.0,1631.0
2009-06-11,C1001,1631.0,1638.0,1625.0,1636.0,80464.0,131312.39,玉米1001,196974.0,1631.0,1636.0
2009-06-12,C1001,1640.0,1641.0,1629.0,1629.0,78838.0,128874.65,玉米1001,184190.0,1634.0,1629.0
2009-06-15,C1001,1601.0,1625.0,1601.0,1619.0,142204.0,230005.05,玉米1001,220360.0,1617.0,1619.0
2009-06-16,C1001,1614.0,1622.0,1611.0,1620.0,77932.0,126041.26,玉米1001,223418.0,1617.0,1620.0
2009-06-17,C1001,1619.0,1633.0,1615.0,1633.0,102560.0,166656.18,玉米1001,211824.0,1624.0,1633.0
2009-06-18,C1001,1633.0,1634.0,1625.0,1626.0,48848.0,79562.93,玉米1001,211026.0,1628.0,1626.0
2009-06-19,C1001,1627.0,1631.0,1624.0,1625.0,44582.0,72578.48,玉米1001,216254.0,1627.0,1625.0
2009-06-22,C1001,1623.0,1626.0,1616.0,1622.0,63916.0,103653.65,玉米1001,229702.0,1621.0,1622.0
2009-06-23,C1001,1620.0,1637.0,1618.0,1631.0,95430.0,155319.07,玉米1001,221352.0,1627.0,1631.0
2009-06-24,C1001,1631.0,1632.0,1619.0,1622.0,78206.0,126998.44,玉米1001,221570.0,1623.0,1622.0
2009-06-25,C1001,1622.0,1627.0,1621.0,1624.0,49308.0,80082.43,玉米1001,214138.0,1624.0,1624.0
2009-06-26,C1001,1624.0,1631.0,1623.0,1626.0,55498.0,90288.81,玉米1001,200560.0,1626.0,1626.0
2009-06-29,C1001,1626.0,1630.0,1624.0,1626.0,37384.0,60834.65,玉米1001,201220.0,1627.0,1626.0
2009-06-30,C1001,1629.0,1634.0,1624.0,1627.0,53652.0,87383.82,玉米1001,197696.0,1628.0,1627.0
2009-07-01,C1001,1620.0,1632.0,1620.0,1631.0,53626.0,87234.45,玉米1001,187886.0,1626.0,1631.0
2009-07-02,C1001,1631.0,1636.0,1628.0,1630.0,39344.0,64186.98,玉米1001,189500.0,1631.0,1630.0
2009-07-03,C1001,1630.0,1631.0,1618.0,1622.0,52648.0,85499.5,玉米1001,200538.0,1623.0,1622.0
2009-07-06,C1001,1620.0,1621.0,1605.0,1606.0,102304.0,165029.64,玉米1001,229806.0,1613.0,1606.0
2009-07-07,C1001,1605.0,1616.0,1601.0,1612.0,78092.0,125763.82,玉米1001,247686.0,1610.0,1612.0
2009-07-08,C1001,1610.0,1612.0,1596.0,1602.0,99086.0,158935.04,玉米1001,258808.0,1604.0,1602.0
2009-07-09,C1001,1603.0,1608.0,1601.0,1606.0,31324.0,50298.2,玉米1001,257054.0,1605.0,1606.0
2009-07-10,C1001,1606.0,1629.0,1606.0,1625.0,131698.0,213489.99,玉米1001,262908.0,1621.0,1625.0
2009-07-13,C1001,1629.0,1633.0,1621.0,1624.0,81142.0,132045.48,玉米1001,253946.0,1627.0,1624.0
2009-07-14,C1001,1623.0,1629.0,1622.0,1627.0,34960.0,56844.36,玉米1001,251392.0,1625.0,1627.0
2009-07-15,C1001,1630.0,1630.0,1624.0,1625.0,48668.0,79171.2,玉米1001,246660.0,1626.0,1625.0
2009-07-16,C1001,1627.0,1627.0,1610.0,1612.0,69672.0,112647.52,玉米1001,249950.0,1616.0,1612.0
2009-07-17,C1001,1610.0,1616.0,1606.0,1616.0,36958.0,59578.22,玉米1001,250200.0,1612.0,1616.0
2009-07-20,C1001,1620.0,1621.0,1616.0,1619.0,26550.0,42949.3,玉米1001,247842.0,1617.0,1619.0
2009-07-21,C1001,1618.0,1621.0,1612.0,1614.0,30754.0,49690.59,玉米1001,251942.0,1615.0,1614.0
2009-07-22,C1001,1612.0,1618.0,1610.0,1617.0,26766.0,43224.02,玉米1001,252236.0,1614.0,1617.0
2009-07-23,C1001,1619.0,1623.0,1617.0,1620.0,33448.0,54198.73,玉米1001,249786.0,1620.0,1620.0
2009-07-24,C1001,1625.0,1625.0,1617.0,1621.0,41058.0,66527.6,玉米1001,244940.0,1620.0,1621.0
2009-07-27,C1001,1620.0,1623.0,1617.0,1621.0,24202.0,39210.05,玉米1001,239656.0,1620.0,1621.0
2009-07-28,C1001,1621.0,1628.0,1620.0,1626.0,33216.0,53947.02,玉米1001,238526.0,1624.0,1626.0
2009-07-29,C1001,1625.0,1627.0,1615.0,1618.0,48788.0,79050.93,玉米1001,225026.0,1620.0,1618.0
2009-07-30,C1001,1617.0,1620.0,1615.0,1617.0,27746.0,44871.84,玉米1001,220326.0,1617.0,1617.0
2009-07-31,C1001,1620.0,1632.0,1618.0,1629.0,61874.0,100529.69,玉米1001,208408.0,1624.0,1629.0
2009-08-03,C1001,1636.0,1639.0,1629.0,1632.0,58530.0,95575.65,玉米1001,189980.0,1632.0,1632.0
2009-08-04,C1001,1635.0,1635.0,1625.0,1628.0,27930.0,45516.33,玉米1001,182318.0,1629.0,1628.0
2009-08-05,C1001,1628.0,1631.0,1625.0,1627.0,34404.0,56035.14,玉米1001,166836.0,1628.0,1627.0
2009-08-06,C1001,1627.0,1628.0,1621.0,1622.0,15146.0,24595.58,玉米1001,159834.0,1623.0,1622.0
2009-08-07,C1001,1620.0,1620.0,1611.0,1613.0,29050.0,46926.08,玉米1001,151616.0,1615.0,1613.0
2009-08-10,C1001,1613.0,1622.0,1612.0,1622.0,15184.0,24581.22,玉米1001,146670.0,1618.0,1622.0
2009-08-11,C1001,1620.0,1628.0,1620.0,1624.0,18492.0,30039.59,玉米1001,141758.0,1624.0,1624.0
2009-08-12,C1001,1623.0,1627.0,1622.0,1624.0,16402.0,26636.18,玉米1001,139306.0,1623.0,1624.0
2009-08-13,C1001,1626.0,1678.0,1624.0,1656.0,148000.0,243980.23,玉米1001,103530.0,1648.0,1656.0
2009-08-14,C1001,1654.0,1660.0,1640.0,1644.0,60842.0,100444.68,玉米1001,83300.0,1650.0,1644.0
2009-08-17,C1001,1643.0,1660.0,1630.0,1644.0,54118.0,89194.31,玉米1001,73168.0,1648.0,1644.0
2009-08-18,C1001,1649.0,1665.0,1647.0,1652.0,24336.0,40315.67,玉米1001,73176.0,1656.0,1652.0
2009-08-19,C1001,1653.0,1656.0,1631.0,1631.0,33036.0,54157.66,玉米1001,67048.0,1639.0,1631.0
2009-08-20,C1001,1636.0,1649.0,1634.0,1647.0,15912.0,26156.0,玉米1001,64534.0,1643.0,1647.0
2009-08-21,C1001,1647.0,1659.0,1646.0,1658.0,14636.0,24200.84,玉米1001,62952.0,1653.0,1658.0
2009-08-24,C1001,1662.0,1685.0,1662.0,1679.0,21564.0,36099.06,玉米1001,55424.0,1674.0,1679.0
2009-08-25,C1001,1679.0,1679.0,1665.0,1668.0,14482.0,24204.73,玉米1001,50148.0,1671.0,1668.0
2009-08-26,C1001,1666.0,1673.0,1665.0,1673.0,8006.0,13372.54,玉米1001,50772.0,1670.0,1673.0
2009-08-27,C1001,1675.0,1696.0,1670.0,1694.0,17088.0,28798.1,玉米1001,52424.0,1685.0,1694.0
2009-08-28,C1001,1694.0,1701.0,1693.0,1701.0,11596.0,19677.37,玉米1001,50876.0,1696.0,1701.0
2009-08-31,C1001,1701.0,1711.0,1684.0,1688.0,11932.0,20200.84,玉米1001,50250.0,1692.0,1688.0
2009-09-01,C1001,1688.0,1700.0,1679.0,1685.0,12402.0,20982.46,玉米1001,46508.0,1691.0,1685.0
2009-09-02,C1001,1682.0,1684.0,1674.0,1681.0,9622.0,16162.3,玉米1001,44634.0,1679.0,1681.0
2009-09-03,C1001,1681.0,1694.0,1681.0,1692.0,4314.0,7283.95,玉米1001,44128.0,1688.0,1692.0
2009-09-04,C1001,1683.0,1689.0,1683.0,1686.0,3490.0,5883.78,玉米1001,44236.0,1685.0,1686.0
2009-09-07,C1001,1683.0,1688.0,1678.0,1683.0,6714.0,11301.44,玉米1001,43066.0,1683.0,1683.0
2009-09-08,C1001,1680.0,1691.0,1680.0,1691.0,3248.0,5477.78,玉米1001,42286.0,1686.0,1691.0
2009-09-09,C1001,1686.0,1690.0,1680.0,1684.0,4462.0,7514.6,玉米1001,41476.0,1684.0,1684.0
2009-09-10,C1001,1684.0,1686.0,1678.0,1679.0,2076.0,3493.28,玉米1001,41630.0,1682.0,1679.0
2009-09-11,C1001,1682.0,1682.0,1675.0,1677.0,5464.0,9165.74,玉米1001,40678.0,1677.0,1677.0
2009-09-14,C1001,1674.0,1686.0,1671.0,1683.0,5748.0,9655.0,玉米1001,39334.0,1679.0,1683.0
2009-09-15,C1001,1680.0,1686.0,1680.0,1685.0,3008.0,5062.08,玉米1001,39712.0,1682.0,1685.0
2009-09-16,C1001,1694.0,1695.0,1687.0,1689.0,1914.0,3233.91,玉米1001,39076.0,1689.0,1689.0
2009-09-17,C1001,1689.0,1694.0,1685.0,1690.0,2692.0,4546.53,玉米1001,38314.0,1688.0,1690.0
2009-09-18,C1001,1690.0,1697.0,1687.0,1694.0,3258.0,5514.23,玉米1001,37172.0,1692.0,1694.0
2009-09-21,C1001,1692.0,1694.0,1689.0,1690.0,3040.0,5139.36,玉米1001,35516.0,1690.0,1690.0
2009-09-22,C1001,1688.0,1691.0,1687.0,1690.0,1888.0,3187.98,玉米1001,34472.0,1688.0,1690.0
2009-09-23,C1001,1690.0,1691.0,1684.0,1686.0,1940.0,3273.79,玉米1001,33842.0,1687.0,1686.0
2009-09-24,C1001,1685.0,1686.0,1677.0,1678.0,2750.0,4623.05,玉米1001,32194.0,1681.0,1678.0
2009-09-25,C1001,1680.0,1682.0,1673.0,1678.0,3806.0,6382.68,玉米1001,29956.0,1677.0,1678.0
2009-09-28,C1001,1678.0,1678.0,1668.0,1672.0,2968.0,4960.2,玉米1001,27936.0,1671.0,1672.0
2009-09-29,C1001,1670.0,1685.0,1670.0,1682.0,3058.0,5132.97,玉米1001,25546.0,1678.0,1682.0
2009-09-30,C1001,1678.0,1688.0,1678.0,1683.0,1634.0,2748.93,玉米1001,24338.0,1682.0,1683.0
2009-10-09,C1001,1689.0,1689.0,1676.0,1676.0,1750.0,2938.19,玉米1001,23426.0,1678.0,1676.0
2009-10-12,C1001,1685.0,1685.0,1675.0,1681.0,4130.0,6931.28,玉米1001,22038.0,1678.0,1681.0
2009-10-13,C1001,1680.0,1696.0,1680.0,1690.0,4588.0,7737.3,玉米1001,18544.0,1686.0,1690.0
2009-10-14,C1001,1689.0,1692.0,1688.0,1691.0,4026.0,6803.95,玉米1001,15170.0,1690.0,1691.0
2009-10-15,C1001,1692.0,1717.0,1689.0,1689.0,2750.0,4650.67,玉米1001,13408.0,1691.0,1689.0
2009-10-16,C1001,1690.0,1699.0,1690.0,1698.0,1262.0,2136.32,玉米1001,12980.0,1692.0,1698.0
2009-10-19,C1001,1694.0,1708.0,1694.0,1706.0,2054.0,3493.41,玉米1001,12970.0,1700.0,1706.0
2009-10-20,C1001,1708.0,1711.0,1704.0,1705.0,1710.0,2918.27,玉米1001,12568.0,1706.0,1705.0
2009-10-21,C1001,1703.0,1707.0,1703.0,1704.0,2126.0,3627.54,玉米1001,10850.0,1706.0,1704.0
2009-10-22,C1001,1707.0,1707.0,1704.0,1705.0,1046.0,1783.93,玉米1001,10440.0,1705.0,1705.0
2009-10-23,C1001,1707.0,1707.0,1704.0,1707.0,834.0,1422.94,玉米1001,9982.0,1706.0,1707.0
2009-10-26,C1001,1707.0,1709.0,1705.0,1709.0,756.0,1291.29,玉米1001,9838.0,1708.0,1709.0
2009-10-27,C1001,1705.0,1709.0,1696.0,1701.0,1214.0,2066.23,玉米1001,9796.0,1702.0,1701.0
2009-10-28,C1001,1700.0,1702.0,1699.0,1701.0,644.0,1094.65,玉米1001,9576.0,1699.0,1701.0
2009-10-29,C1001,1699.0,1705.0,1698.0,1705.0,400.0,680.76,玉米1001,9418.0,1701.0,1705.0
2009-10-30,C1001,1707.0,1707.0,1702.0,1704.0,306.0,521.63,玉米1001,9316.0,1704.0,1704.0
2009-11-02,C1001,1703.0,1704.0,1700.0,1703.0,1634.0,2781.0,玉米1001,8012.0,1701.0,1703.0
2009-11-03,C1001,1705.0,1710.0,1702.0,1707.0,328.0,559.38,玉米1001,7976.0,1705.0,1707.0
2009-11-04,C1001,1704.0,1706.0,1704.0,1705.0,120.0,204.64,玉米1001,7948.0,1705.0,1705.0
2009-11-05,C1001,1707.0,1709.0,1704.0,1708.0,166.0,283.3,玉米1001,7904.0,1706.0,1708.0
2009-11-06,C1001,1706.0,1709.0,1705.0,1706.0,212.0,361.71,玉米1001,7812.0,1706.0,1706.0
2009-11-09,C1001,1707.0,1713.0,1707.0,1710.0,468.0,799.98,玉米1001,7752.0,1709.0,1710.0
2009-11-10,C1001,1715.0,1715.0,1709.0,1713.0,802.0,1372.88,玉米1001,7466.0,1711.0,1713.0
2009-11-11,C1001,1712.0,1716.0,1711.0,1714.0,2096.0,3589.92,玉米1001,7700.0,1712.0,1714.0
2009-11-12,C1001,1714.0,1723.0,1714.0,1720.0,398.0,683.93,玉米1001,7536.0,1718.0,1720.0
2009-11-13,C1001,1721.0,1731.0,1721.0,1729.0,770.0,1330.44,玉米1001,7494.0,1727.0,1729.0
2009-11-16,C1001,1730.0,1738.0,1730.0,1738.0,666.0,1155.44,玉米1001,6988.0,1734.0,1738.0
2009-11-17,C1001,1740.0,1741.0,1730.0,1734.0,300.0,520.33,玉米1001,6988.0,1734.0,1734.0
2009-11-18,C1001,1737.0,1737.0,1731.0,1733.0,306.0,530.24,玉米1001,7042.0,1732.0,1733.0
2009-11-19,C1001,1735.0,1738.0,1734.0,1738.0,194.0,336.82,玉米1001,6966.0,1736.0,1738.0
2009-11-20,C1001,1740.0,1745.0,1740.0,1743.0,530.0,923.95,玉米1001,6640.0,1743.0,1743.0
2009-11-23,C1001,1740.0,1759.0,1740.0,1757.0,722.0,1266.42,玉米1001,6394.0,1754.0,1757.0
2009-11-24,C1001,1757.0,1760.0,1749.0,1754.0,234.0,411.19,玉米1001,6308.0,1757.0,1754.0
2009-11-25,C1001,1752.0,1758.0,1750.0,1758.0,302.0,529.8,玉米1001,6116.0,1754.0,1758.0
2009-11-26,C1001,1760.0,1765.0,1757.0,1764.0,204.0,359.56,玉米1001,6044.0,1762.0,1764.0
2009-11-27,C1001,1764.0,1764.0,1748.0,1749.0,654.0,1146.71,玉米1001,5822.0,1753.0,1749.0
2009-11-30,C1001,1756.0,1768.0,1752.0,1768.0,366.0,644.78,玉米1001,5552.0,1761.0,1768.0
2009-12-01,C1001,1829.0,1829.0,1777.0,1782.0,428.0,764.49,玉米1001,5410.0,1786.0,1782.0
2009-12-02,C1001,1780.0,1785.0,1774.0,1778.0,118.0,209.91,玉米1001,5352.0,1778.0,1778.0
2009-12-03,C1001,1782.0,1782.0,1774.0,1778.0,68.0,120.93,玉米1001,5324.0,1778.0,1778.0
2009-12-04,C1001,1785.0,1785.0,1775.0,1778.0,346.0,615.65,玉米1001,5014.0,1779.0,1778.0
2009-12-07,C1001,1782.0,1796.0,1779.0,1780.0,192.0,342.96,玉米1001,4956.0,1786.0,1780.0
2009-12-08,C1001,1785.0,1786.0,1778.0,1782.0,338.0,601.86,玉米1001,4678.0,1780.0,1782.0
2009-12-09,C1001,1779.0,1782.0,1778.0,1778.0,122.0,217.07,玉米1001,4576.0,1779.0,1778.0
2009-12-10,C1001,1776.0,1797.0,1774.0,1778.0,164.0,291.99,玉米1001,4436.0,1780.0,1778.0
2009-12-11,C1001,1780.0,1780.0,1776.0,1776.0,224.0,398.56,玉米1001,4246.0,1779.0,1776.0
2009-12-14,C1001,1800.0,1800.0,1774.0,1774.0,374.0,667.21,玉米1001,3998.0,1783.0,1774.0
2009-12-15,C1001,1778.0,1778.0,1755.0,1763.0,534.0,941.66,玉米1001,3630.0,1763.0,1763.0
2009-12-16,C1001,1752.0,1755.0,1739.0,1752.0,358.0,626.6,玉米1001,3300.0,1750.0,1752.0
2009-12-17,C1001,1765.0,1768.0,1753.0,1765.0,50.0,88.16,玉米1001,3264.0,1763.0,1765.0
2009-12-18,C1001,1775.0,1775.0,1765.0,1775.0,34.0,60.25,玉米1001,3256.0,1771.0,1775.0
2009-12-21,C1001,1771.0,1781.0,1765.0,1780.0,370.0,657.3,玉米1001,2928.0,1776.0,1780.0
2009-12-22,C1001,1771.0,1785.0,1771.0,1782.0,606.0,1079.57,玉米1001,2324.0,1781.0,1782.0
2009-12-23,C1001,1787.0,1788.0,1780.0,1785.0,610.0,1089.93,玉米1001,1716.0,1786.0,1785.0
2009-12-24,C1001,1786.0,1786.0,1785.0,1785.0,42.0,74.98,玉米1001,1674.0,1785.0,1785.0
2009-12-25,C1001,1798.0,1798.0,1787.0,1787.0,96.0,171.83,玉米1001,1580.0,1789.0,1787.0
2009-12-28,C1001,1775.0,1788.0,1721.0,1781.0,66.0,117.48,玉米1001,1516.0,1779.0,1781.0
2009-12-29,C1001,1781.0,1790.0,1781.0,1790.0,146.0,261.1,玉米1001,1372.0,1788.0,1790.0
2009-12-30,C1001,1739.0,1830.0,1739.0,1792.0,858.0,1536.01,玉米1001,522.0,1790.0,1792.0
2009-12-31,C1001,1841.0,1859.0,1792.0,1844.0,50.0,90.35,玉米1001,476.0,1806.0,1844.0
2010-01-04,C1001,1791.0,1800.0,1730.0,1730.0,8.0,14.11,玉米1001,458.0,1762.0,1730.0
2010-01-05,C1001,1765.0,1817.0,1765.0,1817.0,858.0,1535.17,玉米1001,458.0,1789.0,1817.0
2010-01-06,C1001,0.0,0.0,0.0,1789.0,0.0,0.0,玉米1001,458.0,1789.0,1789.0
2010-01-07,C1001,0.0,0.0,0.0,1789.0,0.0,0.0,玉米1001,458.0,1789.0,1789.0
2010-01-08,C1001,0.0,0.0,0.0,1789.0,0.0,0.0,玉米1001,458.0,1789.0,1789.0
2010-01-11,C1001,0.0,0.0,0.0,1789.0,0.0,0.0,玉米1001,0.0,1789.0,1789.0
2010-01-12,C1001,0.0,0.0,0.0,1789.0,0.0,0.0,玉米1001,0.0,1789.0,1789.0
2010-01-13,C1001,0.0,0.0,0.0,1789.0,0.0,0.0,玉米1001,0.0,1789.0,1789.0
2010-01-14,C1001,0.0,0.0,0.0,1789.0,0.0,0.0,玉米1001,0.0,1789.0,1789.0
2010-01-15,C1001,0.0,0.0,0.0,1789.0,0.0,0.0,玉米1001,0.0,1789.0,1789.0
