date,symbol,open,high,low,close,volume,amount,name,openinterest,settleprice,price
2009-05-18,C1005,1669.0,1695.0,1669.0,1685.0,226.0,380.88,玉米1005,196.0,1685.0,1685.0
2009-05-19,C1005,1690.0,1698.0,1688.0,1694.0,598.0,1011.54,玉米1005,588.0,1691.0,1694.0
2009-05-20,C1005,1695.0,1695.0,1688.0,1690.0,648.0,1096.76,玉米1005,656.0,1692.0,1690.0
2009-05-21,C1005,1690.0,1691.0,1688.0,1688.0,268.0,452.73,玉米1005,682.0,1689.0,1688.0
2009-05-22,C1005,1694.0,1694.0,1680.0,1687.0,618.0,1041.48,玉米1005,998.0,1685.0,1687.0
2009-05-25,C1005,1688.0,1688.0,1680.0,1687.0,1992.0,3351.21,玉米1005,2346.0,1682.0,1687.0
2009-05-26,C1005,1689.0,1690.0,1680.0,1682.0,1228.0,2066.1,玉米1005,3304.0,1682.0,1682.0
2009-05-27,C1005,1688.0,1688.0,1680.0,1682.0,1780.0,2992.66,玉米1005,4476.0,1681.0,1682.0
2009-06-01,C1005,1686.0,1702.0,1686.0,1701.0,2420.0,4098.6,玉米1005,6336.0,1693.0,1701.0
2009-06-02,C1005,1700.0,1721.0,1700.0,1703.0,2172.0,3713.21,玉米1005,7324.0,1709.0,1703.0
2009-06-03,C1005,1705.0,1720.0,1705.0,1715.0,3314.0,5679.34,玉米1005,9076.0,1713.0,1715.0
2009-06-04,C1005,1710.0,1714.0,1704.0,1705.0,5716.0,9761.42,玉米1005,12254.0,1707.0,1705.0
2009-06-05,C1005,1708.0,1712.0,1685.0,1686.0,8274.0,14029.29,玉米1005,15196.0,1695.0,1686.0
2009-06-08,C1005,1686.0,1686.0,1662.0,1664.0,7828.0,13117.59,玉米1005,15740.0,1675.0,1664.0
2009-06-09,C1005,1670.0,1673.0,1660.0,1670.0,4262.0,7111.63,玉米1005,17152.0,1668.0,1670.0
2009-06-10,C1005,1670.0,1678.0,1666.0,1667.0,10300.0,17214.9,玉米1005,24166.0,1671.0,1667.0
2009-06-11,C1005,1673.0,1673.0,1664.0,1671.0,2348.0,3919.01,玉米1005,25454.0,1669.0,1671.0
2009-06-12,C1005,1673.0,1674.0,1667.0,1669.0,2928.0,4889.38,玉米1005,27140.0,1669.0,1669.0
2009-06-15,C1005,1668.0,1668.0,1642.0,1651.0,10848.0,17912.49,玉米1005,33158.0,1651.0,1651.0
2009-06-16,C1005,1645.0,1653.0,1645.0,1653.0,3612.0,5956.33,玉米1005,35704.0,1649.0,1653.0
2009-06-17,C1005,1651.0,1664.0,1649.0,1663.0,3428.0,5677.35,玉米1005,38112.0,1656.0,1663.0
2009-06-18,C1005,1665.0,1665.0,1657.0,1657.0,4664.0,7743.06,玉米1005,41728.0,1660.0,1657.0
2009-06-19,C1005,1660.0,1662.0,1656.0,1657.0,2158.0,3580.51,玉米1005,42628.0,1659.0,1657.0
2009-06-22,C1005,1654.0,1663.0,1648.0,1655.0,8058.0,13347.42,玉米1005,44340.0,1656.0,1655.0
2009-06-23,C1005,1651.0,1666.0,1650.0,1662.0,9968.0,16557.54,玉米1005,49550.0,1661.0,1662.0
2009-06-24,C1005,1662.0,1662.0,1653.0,1656.0,4968.0,8229.07,玉米1005,48654.0,1656.0,1656.0
2009-06-25,C1005,1655.0,1659.0,1653.0,1656.0,3342.0,5537.34,玉米1005,49510.0,1656.0,1656.0
2009-06-26,C1005,1658.0,1663.0,1657.0,1659.0,6146.0,10198.19,玉米1005,52240.0,1659.0,1659.0
2009-06-29,C1005,1657.0,1662.0,1656.0,1657.0,5010.0,8311.27,玉米1005,55538.0,1658.0,1657.0
2009-06-30,C1005,1659.0,1663.0,1656.0,1658.0,8404.0,13946.13,玉米1005,61630.0,1659.0,1658.0
2009-07-01,C1005,1655.0,1660.0,1651.0,1660.0,3856.0,6388.88,玉米1005,62464.0,1656.0,1660.0
2009-07-02,C1005,1661.0,1664.0,1657.0,1657.0,6764.0,11232.55,玉米1005,65708.0,1660.0,1657.0
2009-07-03,C1005,1655.0,1660.0,1645.0,1648.0,14442.0,23859.67,玉米1005,71552.0,1652.0,1648.0
2009-07-06,C1005,1644.0,1647.0,1630.0,1630.0,17814.0,29192.94,玉米1005,73150.0,1638.0,1630.0
2009-07-07,C1005,1634.0,1638.0,1627.0,1638.0,14476.0,23670.99,玉米1005,81950.0,1635.0,1638.0
2009-07-08,C1005,1627.0,1633.0,1622.0,1628.0,13424.0,21861.05,玉米1005,85794.0,1628.0,1628.0
2009-07-09,C1005,1628.0,1632.0,1627.0,1630.0,3414.0,5562.18,玉米1005,86238.0,1629.0,1630.0
2009-07-10,C1005,1634.0,1650.0,1631.0,1646.0,15576.0,25586.29,玉米1005,92368.0,1642.0,1646.0
2009-07-13,C1005,1645.0,1658.0,1645.0,1648.0,10912.0,18034.27,玉米1005,94482.0,1652.0,1648.0
2009-07-14,C1005,1651.0,1654.0,1648.0,1650.0,2860.0,4721.47,玉米1005,94714.0,1650.0,1650.0
2009-07-15,C1005,1652.0,1655.0,1646.0,1650.0,4076.0,6729.5,玉米1005,94616.0,1651.0,1650.0
2009-07-16,C1005,1648.0,1649.0,1639.0,1642.0,9478.0,15570.67,玉米1005,93354.0,1642.0,1642.0
2009-07-17,C1005,1639.0,1645.0,1638.0,1642.0,8374.0,13748.25,玉米1005,93042.0,1641.0,1642.0
2009-07-20,C1005,1645.0,1650.0,1642.0,1649.0,4116.0,6775.19,玉米1005,93128.0,1646.0,1649.0
2009-07-21,C1005,1651.0,1651.0,1643.0,1644.0,1882.0,3098.34,玉米1005,93070.0,1646.0,1644.0
2009-07-22,C1005,1640.0,1646.0,1640.0,1646.0,4394.0,7221.83,玉米1005,93300.0,1643.0,1646.0
2009-07-23,C1005,1650.0,1651.0,1645.0,1647.0,3414.0,5626.73,玉米1005,94202.0,1648.0,1647.0
2009-07-24,C1005,1653.0,1654.0,1645.0,1647.0,3802.0,6266.23,玉米1005,94602.0,1648.0,1647.0
2009-07-27,C1005,1645.0,1650.0,1644.0,1647.0,71158.0,117134.04,玉米1005,96144.0,1646.0,1647.0
2009-07-28,C1005,1648.0,1652.0,1647.0,1652.0,27794.0,45878.07,玉米1005,99460.0,1650.0,1652.0
2009-07-29,C1005,1651.0,1653.0,1645.0,1648.0,29778.0,49165.67,玉米1005,98616.0,1651.0,1648.0
2009-07-30,C1005,1648.0,1651.0,1645.0,1646.0,25698.0,42304.48,玉米1005,98956.0,1646.0,1646.0
2009-07-31,C1005,1653.0,1668.0,1644.0,1666.0,77692.0,128666.05,玉米1005,116906.0,1656.0,1666.0
2009-08-03,C1005,1678.0,1679.0,1665.0,1675.0,97084.0,162389.57,玉米1005,142832.0,1672.0,1675.0
2009-08-04,C1005,1682.0,1682.0,1663.0,1670.0,56634.0,94601.41,玉米1005,144796.0,1670.0,1670.0
2009-08-05,C1005,1672.0,1674.0,1667.0,1669.0,46902.0,78396.71,玉米1005,155600.0,1671.0,1669.0
2009-08-06,C1005,1670.0,1670.0,1664.0,1666.0,32492.0,54159.46,玉米1005,145796.0,1666.0,1666.0
2009-08-07,C1005,1663.0,1665.0,1650.0,1654.0,61178.0,101381.56,玉米1005,135734.0,1657.0,1654.0
2009-08-10,C1005,1652.0,1667.0,1652.0,1666.0,47390.0,78724.62,玉米1005,140762.0,1661.0,1666.0
2009-08-11,C1005,1667.0,1675.0,1663.0,1671.0,62396.0,104208.75,玉米1005,151614.0,1670.0,1671.0
2009-08-12,C1005,1673.0,1675.0,1666.0,1667.0,59228.0,98914.32,玉米1005,146250.0,1670.0,1667.0
2009-08-13,C1005,1671.0,1736.0,1671.0,1726.0,777156.0,1333176.59,玉米1005,332350.0,1715.0,1726.0
2009-08-14,C1005,1722.0,1733.0,1701.0,1711.0,793750.0,1364147.0,玉米1005,329502.0,1718.0,1711.0
2009-08-17,C1005,1702.0,1735.0,1688.0,1717.0,980894.0,1685279.6,玉米1005,355226.0,1718.0,1717.0
2009-08-18,C1005,1722.0,1745.0,1718.0,1720.0,717276.0,1241742.97,玉米1005,359874.0,1731.0,1720.0
2009-08-19,C1005,1725.0,1728.0,1688.0,1690.0,525092.0,894736.03,玉米1005,261090.0,1703.0,1690.0
2009-08-20,C1005,1697.0,1713.0,1696.0,1708.0,330058.0,562838.05,玉米1005,256720.0,1705.0,1708.0
2009-08-21,C1005,1705.0,1719.0,1701.0,1717.0,236642.0,405480.24,玉米1005,270266.0,1713.0,1717.0
2009-08-24,C1005,1735.0,1755.0,1730.0,1745.0,352410.0,613746.64,玉米1005,296124.0,1741.0,1745.0
2009-08-25,C1005,1743.0,1749.0,1732.0,1737.0,266670.0,464234.5,玉米1005,287150.0,1740.0,1737.0
2009-08-26,C1005,1731.0,1743.0,1731.0,1738.0,175862.0,305610.53,玉米1005,282084.0,1737.0,1738.0
2009-08-27,C1005,1739.0,1761.0,1732.0,1757.0,599264.0,1049384.96,玉米1005,376198.0,1751.0,1757.0
2009-08-28,C1005,1760.0,1769.0,1757.0,1767.0,391620.0,690643.3,玉米1005,403034.0,1763.0,1767.0
2009-08-31,C1005,1773.0,1778.0,1744.0,1751.0,429224.0,753692.07,玉米1005,363134.0,1755.0,1751.0
2009-09-01,C1005,1750.0,1768.0,1742.0,1749.0,454368.0,798057.36,玉米1005,330278.0,1756.0,1749.0
2009-09-02,C1005,1739.0,1750.0,1735.0,1745.0,338966.0,590699.72,玉米1005,315256.0,1742.0,1745.0
2009-09-03,C1005,1748.0,1759.0,1746.0,1755.0,220518.0,386434.69,玉米1005,314028.0,1752.0,1755.0
2009-09-04,C1005,1754.0,1755.0,1745.0,1747.0,143050.0,250177.67,玉米1005,303014.0,1748.0,1747.0
2009-09-07,C1005,1745.0,1747.0,1738.0,1741.0,164020.0,285803.03,玉米1005,301476.0,1742.0,1741.0
2009-09-08,C1005,1738.0,1753.0,1737.0,1749.0,147520.0,257590.73,玉米1005,295368.0,1746.0,1749.0
2009-09-09,C1005,1751.0,1754.0,1736.0,1742.0,176248.0,307381.12,玉米1005,292490.0,1744.0,1742.0
2009-09-10,C1005,1744.0,1748.0,1737.0,1739.0,115102.0,200651.06,玉米1005,289152.0,1743.0,1739.0
2009-09-11,C1005,1739.0,1741.0,1724.0,1726.0,232616.0,402999.75,玉米1005,276524.0,1732.0,1726.0
2009-09-14,C1005,1722.0,1742.0,1718.0,1734.0,213892.0,370795.74,玉米1005,279752.0,1733.0,1734.0
2009-09-15,C1005,1737.0,1740.0,1729.0,1735.0,84600.0,146739.76,玉米1005,275140.0,1734.0,1735.0
2009-09-16,C1005,1746.0,1750.0,1741.0,1743.0,128400.0,224034.61,玉米1005,267800.0,1744.0,1743.0
2009-09-17,C1005,1741.0,1748.0,1738.0,1743.0,140694.0,245235.65,玉米1005,280366.0,1743.0,1743.0
2009-09-18,C1005,1741.0,1753.0,1741.0,1751.0,197788.0,345691.32,玉米1005,273912.0,1747.0,1751.0
2009-09-21,C1005,1751.0,1752.0,1742.0,1744.0,78768.0,137497.86,玉米1005,269228.0,1745.0,1744.0
2009-09-22,C1005,1743.0,1745.0,1736.0,1737.0,72032.0,125342.18,玉米1005,255438.0,1740.0,1737.0
2009-09-23,C1005,1740.0,1742.0,1734.0,1735.0,63050.0,109529.81,玉米1005,254184.0,1737.0,1735.0
2009-09-24,C1005,1735.0,1736.0,1723.0,1728.0,125068.0,216216.94,玉米1005,235276.0,1728.0,1728.0
2009-09-25,C1005,1728.0,1731.0,1719.0,1720.0,77304.0,133172.83,玉米1005,225446.0,1722.0,1720.0
2009-09-28,C1005,1722.0,1723.0,1706.0,1714.0,98882.0,169357.17,玉米1005,197634.0,1712.0,1714.0
2009-09-29,C1005,1716.0,1723.0,1712.0,1722.0,43172.0,74180.37,玉米1005,191458.0,1718.0,1722.0
2009-09-30,C1005,1718.0,1732.0,1718.0,1722.0,36416.0,62703.49,玉米1005,180290.0,1721.0,1722.0
2009-10-09,C1005,1730.0,1731.0,1718.0,1722.0,47736.0,82239.19,玉米1005,186934.0,1722.0,1722.0
2009-10-12,C1005,1724.0,1724.0,1715.0,1722.0,79918.0,137395.42,玉米1005,198822.0,1719.0,1722.0
2009-10-13,C1005,1725.0,1745.0,1724.0,1735.0,161412.0,280304.71,玉米1005,216900.0,1736.0,1735.0
2009-10-14,C1005,1736.0,1741.0,1735.0,1738.0,71848.0,124890.01,玉米1005,223184.0,1738.0,1738.0
2009-10-15,C1005,1738.0,1744.0,1732.0,1733.0,62034.0,107736.24,玉米1005,217646.0,1736.0,1733.0
2009-10-16,C1005,1733.0,1748.0,1731.0,1745.0,142648.0,248416.61,玉米1005,218188.0,1741.0,1745.0
2009-10-19,C1005,1741.0,1755.0,1741.0,1747.0,108518.0,189790.31,玉米1005,226634.0,1748.0,1747.0
2009-10-20,C1005,1753.0,1754.0,1740.0,1743.0,82316.0,143795.21,玉米1005,222140.0,1746.0,1743.0
2009-10-21,C1005,1744.0,1748.0,1738.0,1746.0,66440.0,115879.53,玉米1005,213178.0,1744.0,1746.0
2009-10-22,C1005,1749.0,1754.0,1739.0,1740.0,66726.0,116474.82,玉米1005,206584.0,1745.0,1740.0
2009-10-23,C1005,1744.0,1753.0,1742.0,1752.0,82018.0,143338.37,玉米1005,215842.0,1747.0,1752.0
2009-10-26,C1005,1752.0,1752.0,1746.0,1748.0,50586.0,88450.73,玉米1005,219844.0,1748.0,1748.0
2009-10-27,C1005,1746.0,1747.0,1740.0,1742.0,56248.0,98029.58,玉米1005,211668.0,1742.0,1742.0
2009-10-28,C1005,1740.0,1741.0,1730.0,1735.0,80718.0,140038.32,玉米1005,203198.0,1734.0,1735.0
2009-10-29,C1005,1732.0,1745.0,1730.0,1738.0,90844.0,157880.07,玉米1005,214012.0,1737.0,1738.0
2009-10-30,C1005,1742.0,1743.0,1735.0,1736.0,32942.0,57254.09,玉米1005,213724.0,1738.0,1736.0
2009-11-02,C1005,1730.0,1741.0,1730.0,1741.0,47522.0,82552.18,玉米1005,204390.0,1737.0,1741.0
2009-11-03,C1005,1745.0,1745.0,1738.0,1739.0,42520.0,73995.21,玉米1005,204638.0,1740.0,1739.0
2009-11-04,C1005,1741.0,1743.0,1734.0,1735.0,45156.0,78449.84,玉米1005,210824.0,1737.0,1735.0
2009-11-05,C1005,1734.0,1737.0,1733.0,1735.0,24174.0,41946.39,玉米1005,204384.0,1735.0,1735.0
2009-11-06,C1005,1735.0,1738.0,1731.0,1733.0,42072.0,72970.05,玉米1005,201160.0,1734.0,1733.0
2009-11-09,C1005,1732.0,1736.0,1731.0,1734.0,40946.0,70975.87,玉米1005,204190.0,1733.0,1734.0
2009-11-10,C1005,1737.0,1747.0,1733.0,1746.0,119262.0,207627.87,玉米1005,230138.0,1740.0,1746.0
2009-11-11,C1005,1747.0,1761.0,1746.0,1748.0,213886.0,375235.0,玉米1005,249142.0,1754.0,1748.0
2009-11-12,C1005,1748.0,1756.0,1746.0,1755.0,112800.0,197555.62,玉米1005,235432.0,1751.0,1755.0
2009-11-13,C1005,1757.0,1765.0,1753.0,1756.0,152526.0,268205.79,玉米1005,248284.0,1758.0,1756.0
2009-11-16,C1005,1759.0,1770.0,1755.0,1762.0,148272.0,261513.08,玉米1005,271350.0,1763.0,1762.0
2009-11-17,C1005,1767.0,1768.0,1759.0,1763.0,81138.0,143067.1,玉米1005,269224.0,1763.0,1763.0
2009-11-18,C1005,1765.0,1766.0,1759.0,1764.0,72326.0,127465.41,玉米1005,264136.0,1762.0,1764.0
2009-11-19,C1005,1763.0,1773.0,1762.0,1765.0,113378.0,200365.34,玉米1005,272720.0,1767.0,1765.0
2009-11-20,C1005,1767.0,1772.0,1760.0,1767.0,90512.0,159931.06,玉米1005,267926.0,1766.0,1767.0
2009-11-23,C1005,1771.0,1786.0,1767.0,1784.0,151932.0,270154.86,玉米1005,274804.0,1778.0,1784.0
2009-11-24,C1005,1780.0,1791.0,1772.0,1774.0,130546.0,232429.26,玉米1005,262738.0,1780.0,1774.0
2009-11-25,C1005,1778.0,1781.0,1774.0,1781.0,65476.0,116364.08,玉米1005,258940.0,1777.0,1781.0
2009-11-26,C1005,1785.0,1793.0,1783.0,1786.0,106066.0,189580.17,玉米1005,267924.0,1787.0,1786.0
2009-11-27,C1005,1781.0,1785.0,1758.0,1767.0,130396.0,231122.4,玉米1005,238798.0,1772.0,1767.0
2009-11-30,C1005,1775.0,1786.0,1772.0,1784.0,113478.0,202166.57,玉米1005,236696.0,1781.0,1784.0
2009-12-01,C1005,1785.0,1792.0,1783.0,1788.0,89322.0,159676.63,玉米1005,244372.0,1787.0,1788.0
2009-12-02,C1005,1789.0,1790.0,1783.0,1787.0,55806.0,99684.57,玉米1005,238496.0,1786.0,1787.0
2009-12-03,C1005,1785.0,1790.0,1779.0,1783.0,80770.0,144200.33,玉米1005,220764.0,1785.0,1783.0
2009-12-04,C1005,1781.0,1788.0,1776.0,1783.0,73498.0,130910.01,玉米1005,217756.0,1781.0,1783.0
2009-12-07,C1005,1781.0,1790.0,1780.0,1788.0,93518.0,167056.44,玉米1005,210030.0,1786.0,1788.0
2009-12-08,C1005,1789.0,1793.0,1786.0,1788.0,58200.0,104102.96,玉米1005,207914.0,1788.0,1788.0
2009-12-09,C1005,1785.0,1799.0,1784.0,1789.0,84592.0,151472.56,玉米1005,200154.0,1790.0,1789.0
2009-12-10,C1005,1788.0,1804.0,1788.0,1794.0,76940.0,138180.27,玉米1005,194844.0,1795.0,1794.0
2009-12-11,C1005,1805.0,1806.0,1791.0,1792.0,42544.0,76347.71,玉米1005,190496.0,1794.0,1792.0
2009-12-14,C1005,1795.0,1798.0,1787.0,1792.0,62590.0,112208.63,玉米1005,193814.0,1792.0,1792.0
2009-12-15,C1005,1795.0,1798.0,1794.0,1797.0,27574.0,49514.51,玉米1005,190440.0,1795.0,1797.0
2009-12-16,C1005,1798.0,1801.0,1795.0,1800.0,40432.0,72701.27,玉米1005,179868.0,1798.0,1800.0
2009-12-17,C1005,1802.0,1803.0,1795.0,1797.0,26568.0,47777.69,玉米1005,171210.0,1798.0,1797.0
2009-12-18,C1005,1794.0,1798.0,1792.0,1792.0,18108.0,32474.79,玉米1005,167546.0,1793.0,1792.0
2009-12-21,C1005,1795.0,1795.0,1791.0,1794.0,7326.0,13139.6,玉米1005,165524.0,1793.0,1794.0
2009-12-22,C1005,1793.0,1794.0,1789.0,1790.0,10584.0,18951.89,玉米1005,163444.0,1790.0,1790.0
2009-12-23,C1005,1789.0,1790.0,1779.0,1785.0,21574.0,38502.41,玉米1005,157052.0,1784.0,1785.0
2009-12-24,C1005,1787.0,1789.0,1782.0,1788.0,11530.0,20592.25,玉米1005,153500.0,1785.0,1788.0
2009-12-25,C1005,1788.0,1790.0,1783.0,1785.0,12110.0,21624.2,玉米1005,148830.0,1785.0,1785.0
2009-12-28,C1005,1788.0,1805.0,1783.0,1804.0,34014.0,61103.25,玉米1005,133566.0,1796.0,1804.0
2009-12-29,C1005,1805.0,1808.0,1798.0,1800.0,15012.0,27039.35,玉米1005,127820.0,1801.0,1800.0
2009-12-30,C1005,1802.0,1802.0,1796.0,1797.0,6246.0,11229.47,玉米1005,126302.0,1797.0,1797.0
2009-12-31,C1005,1801.0,1805.0,1796.0,1803.0,8994.0,16187.79,玉米1005,123670.0,1799.0,1803.0
2010-01-04,C1005,1809.0,1818.0,1803.0,1817.0,53554.0,96911.86,玉米1005,99970.0,1809.0,1817.0
2010-01-05,C1005,1816.0,1825.0,1813.0,1815.0,9472.0,17218.54,玉米1005,99618.0,1817.0,1815.0
2010-01-06,C1005,1817.0,1835.0,1813.0,1832.0,20794.0,37993.54,玉米1005,98038.0,1827.0,1832.0
2010-01-07,C1005,1832.0,1842.0,1818.0,1826.0,19518.0,35725.2,玉米1005,91980.0,1830.0,1826.0
2010-01-08,C1005,1826.0,1847.0,1824.0,1847.0,32464.0,59664.22,玉米1005,87482.0,1837.0,1847.0
2010-01-11,C1005,1850.0,1855.0,1845.0,1849.0,6826.0,12616.72,玉米1005,86858.0,1848.0,1849.0
2010-01-12,C1005,1846.0,1848.0,1838.0,1842.0,10208.0,18819.32,玉米1005,81760.0,1843.0,1842.0
2010-01-13,C1005,1831.0,1834.0,1821.0,1827.0,21470.0,39266.49,玉米1005,72730.0,1828.0,1827.0
2010-01-14,C1005,1832.0,1842.0,1832.0,1836.0,4388.0,8058.12,玉米1005,72424.0,1836.0,1836.0
2010-01-15,C1005,1836.0,1837.0,1830.0,1832.0,3948.0,7237.61,玉米1005,71916.0,1833.0,1832.0
2010-01-18,C1005,1830.0,1835.0,1828.0,1834.0,6656.0,12192.87,玉米1005,67972.0,1831.0,1834.0
2010-01-19,C1005,1838.0,1838.0,1832.0,1833.0,1032.0,1892.29,玉米1005,67764.0,1833.0,1833.0
2010-01-20,C1005,1833.0,1835.0,1830.0,1832.0,4578.0,8385.67,玉米1005,63842.0,1831.0,1832.0
2010-01-21,C1005,1824.0,1835.0,1824.0,1834.0,6972.0,12758.01,玉米1005,61424.0,1829.0,1834.0
2010-01-22,C1005,1835.0,1835.0,1818.0,1823.0,11000.0,20071.61,玉米1005,56802.0,1824.0,1823.0
2010-01-25,C1005,1820.0,1821.0,1814.0,1814.0,5670.0,10301.8,玉米1005,58390.0,1816.0,1814.0
2010-01-26,C1005,1816.0,1816.0,1802.0,1808.0,12338.0,22304.0,玉米1005,50074.0,1807.0,1808.0
2010-01-27,C1005,1809.0,1811.0,1803.0,1810.0,3678.0,6651.31,玉米1005,47692.0,1808.0,1810.0
2010-01-28,C1005,1811.0,1811.0,1796.0,1800.0,4538.0,8175.91,玉米1005,46818.0,1801.0,1800.0
2010-01-29,C1005,1802.0,1815.0,1801.0,1811.0,3886.0,7027.56,玉米1005,46234.0,1808.0,1811.0
2010-02-01,C1005,1812.0,1813.0,1800.0,1804.0,3502.0,6317.09,玉米1005,45014.0,1803.0,1804.0
2010-02-02,C1005,1803.0,1807.0,1797.0,1799.0,3828.0,6890.98,玉米1005,43820.0,1800.0,1799.0
2010-02-03,C1005,1803.0,1825.0,1800.0,1812.0,2632.0,4756.11,玉米1005,43018.0,1807.0,1812.0
2010-02-04,C1005,1805.0,1810.0,1799.0,1801.0,2190.0,3947.53,玉米1005,43388.0,1802.0,1801.0
2010-02-05,C1005,1802.0,1803.0,1797.0,1800.0,2258.0,4066.37,玉米1005,42912.0,1800.0,1800.0
2010-02-08,C1005,1802.0,1804.0,1801.0,1803.0,866.0,1561.13,玉米1005,42732.0,1802.0,1803.0
2010-02-09,C1005,1805.0,1805.0,1797.0,1804.0,4360.0,7855.64,玉米1005,42414.0,1801.0,1804.0
2010-02-10,C1005,1802.0,1811.0,1802.0,1811.0,3692.0,6666.1,玉米1005,42356.0,1805.0,1811.0
2010-02-11,C1005,1819.0,1819.0,1810.0,1810.0,2080.0,3767.41,玉米1005,41822.0,1811.0,1810.0
2010-02-12,C1005,1826.0,1826.0,1811.0,1815.0,1378.0,2499.53,玉米1005,41158.0,1813.0,1815.0
2010-02-22,C1005,1818.0,1818.0,1813.0,1817.0,1608.0,2920.86,玉米1005,40176.0,1816.0,1817.0
2010-02-23,C1005,1818.0,1825.0,1818.0,1825.0,2228.0,4058.51,玉米1005,38900.0,1821.0,1825.0
2010-02-24,C1005,1821.0,1825.0,1821.0,1825.0,1576.0,2874.4,玉米1005,37762.0,1823.0,1825.0
2010-02-25,C1005,1825.0,1826.0,1822.0,1824.0,1482.0,2702.07,玉米1005,37450.0,1823.0,1824.0
2010-02-26,C1005,1823.0,1825.0,1822.0,1823.0,2058.0,3753.14,玉米1005,35938.0,1823.0,1823.0
2010-03-01,C1005,1825.0,1830.0,1824.0,1828.0,2418.0,4422.17,玉米1005,34182.0,1828.0,1828.0
2010-03-02,C1005,1827.0,1828.0,1825.0,1826.0,940.0,1716.89,玉米1005,33638.0,1826.0,1826.0
2010-03-03,C1005,1826.0,1828.0,1825.0,1826.0,1292.0,2361.23,玉米1005,33202.0,1827.0,1826.0
2010-03-04,C1005,1826.0,1826.0,1823.0,1826.0,1310.0,2391.0,玉米1005,32910.0,1825.0,1826.0
2010-03-05,C1005,1824.0,1827.0,1823.0,1827.0,1826.0,3334.07,玉米1005,31424.0,1825.0,1827.0
2010-03-08,C1005,1827.0,1827.0,1825.0,1827.0,1002.0,1830.21,玉米1005,30692.0,1826.0,1827.0
2010-03-09,C1005,1825.0,1832.0,1825.0,1831.0,2598.0,4750.29,玉米1005,29776.0,1828.0,1831.0
2010-03-10,C1005,1832.0,1836.0,1829.0,1836.0,1416.0,2595.93,玉米1005,29706.0,1833.0,1836.0
2010-03-11,C1005,1837.0,1840.0,1833.0,1838.0,1428.0,2623.73,玉米1005,29570.0,1837.0,1838.0
2010-03-12,C1005,1849.0,1849.0,1837.0,1843.0,722.0,1329.14,玉米1005,29466.0,1840.0,1843.0
2010-03-15,C1005,1841.0,1853.0,1841.0,1853.0,3342.0,6184.4,玉米1005,27682.0,1850.0,1853.0
2010-03-16,C1005,1854.0,1859.0,1850.0,1857.0,3836.0,7113.26,玉米1005,27356.0,1854.0,1857.0
2010-03-17,C1005,1858.0,1864.0,1857.0,1864.0,3130.0,5826.84,玉米1005,25464.0,1861.0,1864.0
2010-03-18,C1005,1862.0,1863.0,1858.0,1859.0,1448.0,2693.51,玉米1005,24424.0,1860.0,1859.0
2010-03-19,C1005,1868.0,1873.0,1860.0,1872.0,2982.0,5572.01,玉米1005,23428.0,1868.0,1872.0
2010-03-22,C1005,1874.0,1879.0,1874.0,1877.0,2434.0,4567.23,玉米1005,21720.0,1876.0,1877.0
2010-03-23,C1005,1877.0,1880.0,1874.0,1875.0,1524.0,2859.59,玉米1005,20746.0,1876.0,1875.0
2010-03-24,C1005,1871.0,1878.0,1871.0,1875.0,1018.0,1909.93,玉米1005,20458.0,1876.0,1875.0
2010-03-25,C1005,1876.0,1881.0,1876.0,1879.0,1036.0,1945.97,玉米1005,19648.0,1878.0,1879.0
2010-03-26,C1005,1878.0,1888.0,1878.0,1885.0,2614.0,4926.3,玉米1005,17992.0,1884.0,1885.0
2010-03-29,C1005,1886.0,1922.0,1886.0,1916.0,6218.0,11873.75,玉米1005,14794.0,1909.0,1916.0
2010-03-30,C1005,1918.0,1922.0,1909.0,1909.0,4864.0,9323.43,玉米1005,10932.0,1916.0,1909.0
2010-03-31,C1005,1911.0,1914.0,1908.0,1911.0,952.0,1818.77,玉米1005,10330.0,1910.0,1911.0
2010-04-01,C1005,1912.0,1938.0,1912.0,1928.0,2300.0,4436.85,玉米1005,9274.0,1929.0,1928.0
2010-04-02,C1005,1926.0,1928.0,1922.0,1924.0,1054.0,2027.64,玉米1005,8550.0,1923.0,1924.0
2010-04-06,C1005,1926.0,1932.0,1925.0,1932.0,968.0,1868.08,玉米1005,8206.0,1929.0,1932.0
2010-04-07,C1005,1929.0,1931.0,1922.0,1929.0,1586.0,3060.1,玉米1005,7248.0,1929.0,1929.0
2010-04-08,C1005,1928.0,1933.0,1921.0,1922.0,2496.0,4812.55,玉米1005,6006.0,1928.0,1922.0
2010-04-09,C1005,1922.0,1930.0,1921.0,1926.0,796.0,1533.93,玉米1005,5418.0,1927.0,1926.0
2010-04-12,C1005,1926.0,1927.0,1911.0,1911.0,714.0,1371.69,玉米1005,5014.0,1921.0,1911.0
2010-04-13,C1005,1909.0,1925.0,1906.0,1921.0,596.0,1142.26,玉米1005,4648.0,1916.0,1921.0
2010-04-14,C1005,1927.0,1928.0,1921.0,1925.0,244.0,469.32,玉米1005,4478.0,1923.0,1925.0
2010-04-15,C1005,1927.0,1931.0,1925.0,1927.0,380.0,732.69,玉米1005,4332.0,1928.0,1927.0
2010-04-16,C1005,1931.0,1935.0,1929.0,1934.0,596.0,1152.08,玉米1005,3990.0,1933.0,1934.0
2010-04-19,C1005,1930.0,1934.0,1927.0,1930.0,484.0,933.93,玉米1005,3626.0,1929.0,1930.0
2010-04-20,C1005,1929.0,1929.0,1922.0,1923.0,160.0,308.1,玉米1005,3504.0,1925.0,1923.0
2010-04-21,C1005,1923.0,1928.0,1920.0,1920.0,132.0,253.95,玉米1005,3398.0,1923.0,1920.0
2010-04-22,C1005,1919.0,1925.0,1912.0,1912.0,134.0,256.96,玉米1005,3336.0,1917.0,1912.0
2010-04-23,C1005,1911.0,1920.0,1911.0,1917.0,2178.0,4176.87,玉米1005,1252.0,1917.0,1917.0
2010-04-26,C1005,1918.0,1920.0,1910.0,1911.0,220.0,420.83,玉米1005,1160.0,1912.0,1911.0
2010-04-27,C1005,1913.0,1927.0,1913.0,1921.0,98.0,187.94,玉米1005,1110.0,1917.0,1921.0
2010-04-28,C1005,1898.0,1924.0,1898.0,1902.0,1042.0,1994.18,玉米1005,1030.0,1913.0,1902.0
2010-04-29,C1005,1910.0,1914.0,1907.0,1908.0,56.0,106.98,玉米1005,990.0,1910.0,1908.0
2010-04-30,C1005,1918.0,1926.0,1900.0,1926.0,94.0,179.6,玉米1005,940.0,1910.0,1926.0
2010-05-04,C1005,1920.0,2000.0,1920.0,2000.0,36.0,71.84,玉米1005,904.0,1995.0,2000.0
2010-05-05,C1005,0.0,0.0,0.0,1995.0,0.0,0.0,玉米1005,904.0,1995.0,1995.0
2010-05-06,C1005,1878.0,1930.0,1878.0,1878.0,42.0,80.6,玉米1005,40.0,1918.0,1878.0
2010-05-07,C1005,0.0,0.0,0.0,1918.0,0.0,0.0,玉米1005,40.0,1918.0,1918.0
2010-05-10,C1005,1960.0,1960.0,1960.0,1960.0,6.0,11.76,玉米1005,40.0,1960.0,1960.0
2010-05-11,C1005,0.0,0.0,0.0,1960.0,0.0,0.0,玉米1005,40.0,1960.0,1960.0
2010-05-12,C1005,0.0,0.0,0.0,1960.0,0.0,0.0,玉米1005,40.0,1960.0,1960.0
2010-05-13,C1005,1881.0,1881.0,1881.0,1881.0,4.0,7.53,玉米1005,0.0,1881.0,1881.0
2010-05-14,C1005,0.0,0.0,0.0,1881.0,0.0,0.0,玉米1005,0.0,1881.0,1881.0
2010-05-17,C1005,0.0,0.0,0.0,1881.0,0.0,0.0,玉米1005,0.0,1951.0,1881.0
