date,symbol,open,high,low,close,volume,amount,name,openinterest,settleprice,price
2010-01-18,C1101,1938.0,1938.0,1897.0,1907.0,344.0,656.2,玉米1101,234.0,1907.0,1907.0
2010-01-19,C1101,1910.0,1910.0,1890.0,1897.0,3470.0,6594.81,玉米1101,2948.0,1900.0,1897.0
2010-01-20,C1101,1898.0,1898.0,1882.0,1886.0,1164.0,2195.23,玉米1101,2982.0,1885.0,1886.0
2010-01-21,C1101,1888.0,1889.0,1879.0,1887.0,396.0,746.23,玉米1101,3068.0,1884.0,1887.0
2010-01-22,C1101,1884.0,1885.0,1856.0,1864.0,1700.0,3180.66,玉米1101,3142.0,1870.0,1864.0
2010-01-25,C1101,1868.0,1868.0,1855.0,1856.0,968.0,1800.68,玉米1101,3120.0,1860.0,1856.0
2010-01-26,C1101,1855.0,1857.0,1845.0,1845.0,1454.0,2690.37,玉米1101,3264.0,1850.0,1845.0
2010-01-27,C1101,1846.0,1852.0,1843.0,1849.0,600.0,1109.69,玉米1101,3432.0,1849.0,1849.0
2010-01-28,C1101,1844.0,1848.0,1828.0,1832.0,1144.0,2100.37,玉米1101,4002.0,1835.0,1832.0
2010-01-29,C1101,1832.0,1838.0,1825.0,1836.0,2706.0,4959.19,玉米1101,4076.0,1832.0,1836.0
2010-02-01,C1101,1835.0,1837.0,1827.0,1827.0,1080.0,1975.24,玉米1101,4202.0,1828.0,1827.0
2010-02-02,C1101,1831.0,1831.0,1816.0,1819.0,1098.0,2002.25,玉米1101,4466.0,1823.0,1819.0
2010-02-03,C1101,1825.0,1851.0,1825.0,1850.0,2004.0,3686.26,玉米1101,4548.0,1839.0,1850.0
2010-02-04,C1101,1846.0,1846.0,1829.0,1829.0,1232.0,2262.22,玉米1101,4136.0,1836.0,1829.0
2010-02-05,C1101,1826.0,1837.0,1824.0,1831.0,1134.0,2074.62,玉米1101,3752.0,1829.0,1831.0
2010-02-08,C1101,1832.0,1834.0,1829.0,1831.0,772.0,1413.34,玉米1101,3224.0,1830.0,1831.0
2010-02-09,C1101,1834.0,1834.0,1829.0,1831.0,434.0,794.48,玉米1101,3418.0,1830.0,1831.0
2010-02-10,C1101,1833.0,1836.0,1826.0,1834.0,608.0,1113.03,玉米1101,3584.0,1830.0,1834.0
2010-02-11,C1101,1835.0,1837.0,1833.0,1835.0,618.0,1133.99,玉米1101,3484.0,1834.0,1835.0
2010-02-12,C1101,1836.0,1839.0,1832.0,1835.0,140.0,256.86,玉米1101,3494.0,1834.0,1835.0
2010-02-22,C1101,1838.0,1845.0,1838.0,1845.0,568.0,1046.69,玉米1101,3504.0,1842.0,1845.0
2010-02-23,C1101,1845.0,1863.0,1845.0,1860.0,3028.0,5618.65,玉米1101,5636.0,1855.0,1860.0
2010-02-24,C1101,1858.0,1860.0,1854.0,1857.0,1618.0,3005.28,玉米1101,6380.0,1857.0,1857.0
2010-02-25,C1101,1860.0,1863.0,1853.0,1858.0,1522.0,2827.56,玉米1101,6544.0,1857.0,1858.0
2010-02-26,C1101,1857.0,1864.0,1851.0,1855.0,2594.0,4819.14,玉米1101,7038.0,1857.0,1855.0
2010-03-01,C1101,1859.0,1866.0,1858.0,1865.0,1730.0,3221.83,玉米1101,7180.0,1862.0,1865.0
2010-03-02,C1101,1862.0,1864.0,1859.0,1861.0,1132.0,2106.48,玉米1101,7000.0,1860.0,1861.0
2010-03-03,C1101,1862.0,1863.0,1860.0,1861.0,728.0,1354.86,玉米1101,6948.0,1861.0,1861.0
2010-03-04,C1101,1860.0,1861.0,1850.0,1851.0,1788.0,3314.16,玉米1101,6880.0,1853.0,1851.0
2010-03-05,C1101,1852.0,1854.0,1845.0,1850.0,2496.0,4612.64,玉米1101,7672.0,1848.0,1850.0
2010-03-08,C1101,1850.0,1858.0,1850.0,1858.0,670.0,1241.64,玉米1101,7752.0,1853.0,1858.0
2010-03-09,C1101,1856.0,1858.0,1854.0,1856.0,642.0,1191.36,玉米1101,7740.0,1855.0,1856.0
2010-03-10,C1101,1854.0,1858.0,1853.0,1857.0,1414.0,2624.78,玉米1101,7080.0,1856.0,1857.0
2010-03-11,C1101,1858.0,1860.0,1855.0,1860.0,2114.0,3926.32,玉米1101,6634.0,1857.0,1860.0
2010-03-12,C1101,1859.0,1865.0,1859.0,1865.0,2658.0,4950.91,玉米1101,5516.0,1862.0,1865.0
2010-03-15,C1101,1865.0,1907.0,1865.0,1882.0,4694.0,8827.43,玉米1101,5198.0,1880.0,1882.0
2010-03-16,C1101,1882.0,1885.0,1876.0,1885.0,1580.0,2973.16,玉米1101,4966.0,1881.0,1885.0
2010-03-17,C1101,1885.0,1889.0,1883.0,1888.0,1248.0,2353.39,玉米1101,5030.0,1885.0,1888.0
2010-03-18,C1101,1886.0,1888.0,1881.0,1882.0,1278.0,2406.47,玉米1101,4632.0,1882.0,1882.0
2010-03-19,C1101,1884.0,1897.0,1883.0,1895.0,1326.0,2509.11,玉米1101,5208.0,1892.0,1895.0
2010-03-22,C1101,1893.0,1901.0,1893.0,1897.0,1220.0,2314.24,玉米1101,5144.0,1896.0,1897.0
2010-03-23,C1101,1896.0,1901.0,1892.0,1896.0,2590.0,4912.96,玉米1101,5844.0,1896.0,1896.0
2010-03-24,C1101,1895.0,1898.0,1888.0,1888.0,1784.0,3376.0,玉米1101,5430.0,1892.0,1888.0
2010-03-25,C1101,1890.0,1898.0,1889.0,1895.0,1658.0,3140.06,玉米1101,5676.0,1893.0,1895.0
2010-03-26,C1101,1892.0,1898.0,1892.0,1898.0,1178.0,2233.49,玉米1101,5650.0,1896.0,1898.0
2010-03-29,C1101,1899.0,1908.0,1899.0,1907.0,2612.0,4969.43,玉米1101,5812.0,1902.0,1907.0
2010-03-30,C1101,1909.0,1909.0,1901.0,1901.0,1714.0,3262.56,玉米1101,5952.0,1903.0,1901.0
2010-03-31,C1101,1901.0,1904.0,1894.0,1894.0,1736.0,3296.14,玉米1101,6098.0,1898.0,1894.0
2010-04-01,C1101,1892.0,1897.0,1890.0,1891.0,1492.0,2824.43,玉米1101,6512.0,1893.0,1891.0
2010-04-02,C1101,1892.0,1895.0,1889.0,1891.0,1258.0,2379.32,玉米1101,7024.0,1891.0,1891.0
2010-04-06,C1101,1890.0,1896.0,1890.0,1893.0,1416.0,2680.68,玉米1101,7358.0,1893.0,1893.0
2010-04-07,C1101,1893.0,1894.0,1889.0,1894.0,1412.0,2670.86,玉米1101,7248.0,1891.0,1894.0
2010-04-08,C1101,1896.0,1896.0,1872.0,1873.0,4818.0,9072.59,玉米1101,7798.0,1883.0,1873.0
2010-04-09,C1101,1875.0,1877.0,1871.0,1875.0,2238.0,4195.61,玉米1101,7696.0,1874.0,1875.0
2010-04-12,C1101,1876.0,1884.0,1867.0,1876.0,4086.0,7667.79,玉米1101,8976.0,1876.0,1876.0
2010-04-13,C1101,1876.0,1888.0,1875.0,1887.0,4460.0,8396.18,玉米1101,9350.0,1882.0,1887.0
2010-04-14,C1101,1888.0,1893.0,1888.0,1891.0,3046.0,5760.49,玉米1101,10188.0,1891.0,1891.0
2010-04-15,C1101,1894.0,1895.0,1889.0,1892.0,5996.0,11343.09,玉米1101,10876.0,1891.0,1892.0
2010-04-16,C1101,1890.0,1896.0,1890.0,1896.0,3532.0,6688.62,玉米1101,10334.0,1893.0,1896.0
2010-04-19,C1101,1894.0,1904.0,1890.0,1900.0,10548.0,20022.27,玉米1101,11384.0,1898.0,1900.0
2010-04-20,C1101,1900.0,1911.0,1899.0,1905.0,6280.0,11971.83,玉米1101,11896.0,1906.0,1905.0
2010-04-21,C1101,1909.0,1912.0,1905.0,1909.0,7586.0,14479.27,玉米1101,13988.0,1908.0,1909.0
2010-04-22,C1101,1911.0,1911.0,1906.0,1906.0,4308.0,8221.3,玉米1101,14838.0,1908.0,1906.0
2010-04-23,C1101,1907.0,1915.0,1906.0,1912.0,6914.0,13224.86,玉米1101,17034.0,1912.0,1912.0
2010-04-26,C1101,1913.0,1918.0,1904.0,1906.0,10518.0,20088.31,玉米1101,18910.0,1909.0,1906.0
2010-04-27,C1101,1901.0,1915.0,1900.0,1912.0,24990.0,47633.87,玉米1101,29086.0,1906.0,1912.0
2010-04-28,C1101,1905.0,1914.0,1900.0,1901.0,24316.0,46343.9,玉米1101,32902.0,1905.0,1901.0
2010-04-29,C1101,1905.0,1907.0,1889.0,1892.0,27078.0,51326.91,玉米1101,36594.0,1895.0,1892.0
2010-04-30,C1101,1890.0,1900.0,1890.0,1895.0,8748.0,16582.13,玉米1101,35336.0,1895.0,1895.0
2010-05-04,C1101,1894.0,1895.0,1885.0,1893.0,6920.0,13089.97,玉米1101,36270.0,1891.0,1893.0
2010-05-05,C1101,1893.0,1910.0,1889.0,1908.0,21730.0,41342.57,玉米1101,37496.0,1902.0,1908.0
2010-05-06,C1101,1909.0,1918.0,1908.0,1914.0,40644.0,77806.81,玉米1101,49086.0,1914.0,1914.0
2010-05-07,C1101,1909.0,1930.0,1901.0,1924.0,70150.0,134709.07,玉米1101,58920.0,1920.0,1924.0
2010-05-10,C1101,1931.0,1947.0,1925.0,1943.0,79602.0,154148.11,玉米1101,75766.0,1936.0,1943.0
2010-05-11,C1101,1944.0,1950.0,1931.0,1932.0,65636.0,127401.15,玉米1101,72450.0,1941.0,1932.0
2010-05-12,C1101,1935.0,1947.0,1935.0,1943.0,52674.0,102331.76,玉米1101,74436.0,1942.0,1943.0
2010-05-13,C1101,1944.0,1944.0,1934.0,1940.0,54396.0,105436.86,玉米1101,84350.0,1938.0,1940.0
2010-05-14,C1101,1937.0,1946.0,1935.0,1939.0,46776.0,90793.03,玉米1101,88006.0,1941.0,1939.0
2010-05-17,C1101,1937.0,1947.0,1919.0,1932.0,139086.0,268773.3,玉米1101,111276.0,1932.0,1932.0
2010-05-18,C1101,1933.0,1993.0,1933.0,1951.0,94430.0,183884.03,玉米1101,111754.0,1947.0,1951.0
2010-05-19,C1101,1948.0,1960.0,1943.0,1959.0,100038.0,195422.2,玉米1101,116212.0,1953.0,1959.0
2010-05-20,C1101,1960.0,1970.0,1953.0,1956.0,95462.0,187267.32,玉米1101,130556.0,1961.0,1956.0
2010-05-21,C1101,1952.0,1959.0,1946.0,1957.0,70406.0,137589.35,玉米1101,129230.0,1954.0,1957.0
2010-05-24,C1101,1961.0,1965.0,1947.0,1948.0,73962.0,144390.07,玉米1101,146422.0,1952.0,1948.0
2010-05-25,C1101,1945.0,1946.0,1931.0,1937.0,92064.0,178342.76,玉米1101,143524.0,1937.0,1937.0
2010-05-26,C1101,1940.0,1944.0,1934.0,1937.0,47492.0,92033.15,玉米1101,146304.0,1937.0,1937.0
2010-05-27,C1101,1939.0,1941.0,1932.0,1934.0,50744.0,98222.09,玉米1101,143828.0,1935.0,1934.0
2010-05-28,C1101,1933.0,1935.0,1914.0,1915.0,94622.0,181812.06,玉米1101,145222.0,1921.0,1915.0
2010-05-31,C1101,1907.0,1917.0,1907.0,1912.0,79084.0,151270.19,玉米1101,143412.0,1912.0,1912.0
2010-06-01,C1101,1912.0,1916.0,1909.0,1913.0,56448.0,107979.33,玉米1101,144466.0,1912.0,1913.0
2010-06-02,C1101,1908.0,1912.0,1881.0,1884.0,144968.0,274592.43,玉米1101,157186.0,1894.0,1884.0
2010-06-03,C1101,1885.0,1887.0,1866.0,1870.0,121708.0,228205.52,玉米1101,173528.0,1875.0,1870.0
2010-06-04,C1101,1872.0,1878.0,1861.0,1871.0,111456.0,208343.44,玉米1101,162934.0,1869.0,1871.0
2010-06-07,C1101,1858.0,1862.0,1850.0,1856.0,102112.0,189533.64,玉米1101,161754.0,1856.0,1856.0
2010-06-08,C1101,1859.0,1867.0,1848.0,1858.0,105798.0,196476.01,玉米1101,160824.0,1857.0,1858.0
2010-06-09,C1101,1859.0,1865.0,1853.0,1865.0,87204.0,162160.58,玉米1101,156462.0,1859.0,1865.0
2010-06-10,C1101,1866.0,1868.0,1848.0,1849.0,108300.0,201056.37,玉米1101,160168.0,1856.0,1849.0
2010-06-11,C1101,1851.0,1860.0,1844.0,1858.0,86734.0,160773.46,玉米1101,153304.0,1853.0,1858.0
2010-06-17,C1101,1863.0,1867.0,1853.0,1853.0,51326.0,95457.36,玉米1101,153330.0,1859.0,1853.0
2010-06-18,C1101,1851.0,1854.0,1834.0,1839.0,211788.0,389926.87,玉米1101,207092.0,1841.0,1839.0
2010-06-21,C1101,1844.0,1869.0,1841.0,1865.0,243020.0,451016.91,玉米1101,173868.0,1855.0,1865.0
2010-06-22,C1101,1858.0,1872.0,1852.0,1864.0,161474.0,300914.87,玉米1101,181652.0,1863.0,1864.0
2010-06-23,C1101,1858.0,1864.0,1854.0,1860.0,118884.0,220960.6,玉米1101,191846.0,1858.0,1860.0
2010-06-24,C1101,1858.0,1870.0,1856.0,1869.0,120860.0,225366.04,玉米1101,194436.0,1864.0,1869.0
2010-06-25,C1101,1868.0,1885.0,1868.0,1884.0,176610.0,331800.2,玉米1101,194676.0,1878.0,1884.0
2010-06-28,C1101,1885.0,1886.0,1861.0,1863.0,174414.0,326239.05,玉米1101,198594.0,1870.0,1863.0
2010-06-29,C1101,1860.0,1861.0,1847.0,1853.0,173830.0,322242.46,玉米1101,198748.0,1853.0,1853.0
2010-06-30,C1101,1848.0,1858.0,1845.0,1858.0,115958.0,214892.68,玉米1101,193662.0,1853.0,1858.0
2010-07-01,C1101,1868.0,1878.0,1865.0,1866.0,141384.0,264499.12,玉米1101,190476.0,1870.0,1866.0
2010-07-02,C1101,1870.0,1879.0,1867.0,1878.0,96046.0,179944.11,玉米1101,184564.0,1873.0,1878.0
2010-07-05,C1101,1880.0,1884.0,1872.0,1877.0,94748.0,177877.81,玉米1101,181340.0,1877.0,1877.0
2010-07-06,C1101,1877.0,1883.0,1874.0,1882.0,78960.0,148435.18,玉米1101,185002.0,1879.0,1882.0
2010-07-07,C1101,1879.0,1893.0,1878.0,1888.0,90946.0,171479.64,玉米1101,184984.0,1885.0,1888.0
2010-07-08,C1101,1896.0,1896.0,1888.0,1892.0,67910.0,128483.96,玉米1101,182640.0,1891.0,1892.0
2010-07-09,C1101,1893.0,1912.0,1893.0,1912.0,140738.0,267741.95,玉米1101,187582.0,1902.0,1912.0
2010-07-12,C1101,1915.0,1933.0,1910.0,1925.0,380126.0,732153.87,玉米1101,251526.0,1926.0,1925.0
2010-07-13,C1101,1922.0,1923.0,1906.0,1908.0,217926.0,416702.98,玉米1101,198616.0,1912.0,1908.0
2010-07-14,C1101,1910.0,1916.0,1895.0,1897.0,171588.0,327099.71,玉米1101,203596.0,1906.0,1897.0
2010-07-15,C1101,1901.0,1908.0,1893.0,1897.0,154966.0,294502.39,玉米1101,201618.0,1900.0,1897.0
2010-07-16,C1101,1907.0,1926.0,1903.0,1925.0,251882.0,483197.0,玉米1101,227288.0,1918.0,1925.0
2010-07-19,C1101,1921.0,1935.0,1918.0,1923.0,194812.0,375196.63,玉米1101,233414.0,1925.0,1923.0
2010-07-20,C1101,1917.0,1936.0,1914.0,1932.0,227392.0,438154.87,玉米1101,254584.0,1926.0,1932.0
2010-07-21,C1101,1933.0,1943.0,1921.0,1925.0,305180.0,589894.56,玉米1101,252952.0,1932.0,1925.0
2010-07-22,C1101,1927.0,1930.0,1920.0,1925.0,187198.0,360266.22,玉米1101,256490.0,1924.0,1925.0
2010-07-23,C1101,1928.0,1935.0,1921.0,1930.0,169414.0,326712.98,玉米1101,248882.0,1928.0,1930.0
2010-07-26,C1101,1930.0,1940.0,1926.0,1937.0,237582.0,459268.78,玉米1101,265874.0,1933.0,1937.0
2010-07-27,C1101,1931.0,1937.0,1928.0,1929.0,218798.0,422683.21,玉米1101,249288.0,1931.0,1929.0
2010-07-28,C1101,1928.0,1938.0,1928.0,1936.0,118358.0,228956.76,玉米1101,245732.0,1934.0,1936.0
2010-07-29,C1101,1940.0,1946.0,1931.0,1933.0,177244.0,343021.98,玉米1101,236062.0,1935.0,1933.0
2010-07-30,C1101,1935.0,1936.0,1924.0,1930.0,162348.0,312997.1,玉米1101,230396.0,1927.0,1930.0
2010-08-02,C1101,1939.0,1963.0,1936.0,1961.0,365720.0,713266.69,玉米1101,246846.0,1950.0,1961.0
2010-08-03,C1101,1960.0,1964.0,1951.0,1954.0,268368.0,525531.05,玉米1101,242424.0,1958.0,1954.0
2010-08-04,C1101,1955.0,1971.0,1955.0,1969.0,272774.0,536196.69,玉米1101,262548.0,1965.0,1969.0
2010-08-05,C1101,1975.0,1981.0,1959.0,1960.0,225940.0,445079.38,玉米1101,246592.0,1969.0,1960.0
2010-08-06,C1101,1965.0,1973.0,1960.0,1971.0,209132.0,411485.45,玉米1101,242764.0,1967.0,1971.0
2010-08-09,C1101,1967.0,1975.0,1964.0,1970.0,170972.0,336801.76,玉米1101,229524.0,1969.0,1970.0
2010-08-10,C1101,1971.0,1975.0,1962.0,1963.0,199202.0,392025.97,玉米1101,225902.0,1967.0,1963.0
2010-08-11,C1101,1961.0,1968.0,1956.0,1958.0,123014.0,241464.04,玉米1101,231440.0,1962.0,1958.0
2010-08-12,C1101,1957.0,1967.0,1955.0,1963.0,103870.0,203719.73,玉米1101,229596.0,1961.0,1963.0
2010-08-13,C1101,1968.0,1974.0,1964.0,1972.0,134630.0,265105.19,玉米1101,225970.0,1969.0,1972.0
2010-08-16,C1101,1977.0,2001.0,1975.0,1995.0,261280.0,520517.68,玉米1101,235910.0,1992.0,1995.0
2010-08-17,C1101,1992.0,2002.0,1991.0,1999.0,131636.0,262998.37,玉米1101,235416.0,1997.0,1999.0
2010-08-18,C1101,2005.0,2006.0,1987.0,1989.0,103702.0,206978.26,玉米1101,232554.0,1995.0,1989.0
2010-08-19,C1101,1986.0,1997.0,1986.0,1994.0,103720.0,206618.26,玉米1101,240242.0,1992.0,1994.0
2010-08-20,C1101,1989.0,1992.0,1976.0,1976.0,91094.0,180642.37,玉米1101,227428.0,1983.0,1976.0
2010-08-23,C1101,1982.0,1989.0,1979.0,1985.0,60522.0,120132.96,玉米1101,222902.0,1984.0,1985.0
2010-08-24,C1101,1982.0,1982.0,1966.0,1967.0,76858.0,151802.41,玉米1101,200166.0,1975.0,1967.0
2010-08-25,C1101,1965.0,1970.0,1958.0,1963.0,73708.0,144657.91,玉米1101,198432.0,1962.0,1963.0
2010-08-26,C1101,1963.0,1969.0,1961.0,1968.0,41330.0,81214.81,玉米1101,195936.0,1965.0,1968.0
2010-08-27,C1101,1974.0,1980.0,1970.0,1980.0,46398.0,91611.33,玉米1101,186698.0,1974.0,1980.0
2010-08-30,C1101,1983.0,1989.0,1976.0,1980.0,56826.0,112698.74,玉米1101,172498.0,1983.0,1980.0
2010-08-31,C1101,1976.0,1976.0,1963.0,1966.0,35406.0,69671.22,玉米1101,168402.0,1967.0,1966.0
2010-09-01,C1101,1968.0,1975.0,1967.0,1968.0,31202.0,61485.99,玉米1101,165764.0,1970.0,1968.0
2010-09-02,C1101,1974.0,1980.0,1954.0,1955.0,54158.0,106261.52,玉米1101,167042.0,1962.0,1955.0
2010-09-03,C1101,1954.0,1965.0,1950.0,1963.0,46792.0,91565.13,玉米1101,162528.0,1956.0,1963.0
2010-09-06,C1101,1985.0,1985.0,1973.0,1978.0,54502.0,107770.67,玉米1101,145036.0,1977.0,1978.0
2010-09-07,C1101,1976.0,1985.0,1969.0,1984.0,29090.0,57498.78,玉米1101,143970.0,1976.0,1984.0
2010-09-08,C1101,1982.0,1995.0,1980.0,1985.0,58674.0,116715.96,玉米1101,130962.0,1989.0,1985.0
2010-09-09,C1101,1985.0,1986.0,1966.0,1969.0,33276.0,65675.89,玉米1101,129170.0,1973.0,1969.0
2010-09-10,C1101,1974.0,1979.0,1972.0,1974.0,17432.0,34424.22,玉米1101,123624.0,1974.0,1974.0
2010-09-13,C1101,1975.0,1980.0,1964.0,1967.0,41558.0,81850.61,玉米1101,112882.0,1969.0,1967.0
2010-09-14,C1101,1968.0,1970.0,1958.0,1962.0,21838.0,42867.93,玉米1101,107790.0,1962.0,1962.0
2010-09-15,C1101,1967.0,1977.0,1964.0,1974.0,36330.0,71682.01,玉米1101,107484.0,1973.0,1974.0
2010-09-16,C1101,1976.0,1977.0,1969.0,1971.0,15938.0,31443.85,玉米1101,106036.0,1972.0,1971.0
2010-09-17,C1101,1977.0,1990.0,1973.0,1990.0,37552.0,74419.81,玉米1101,108134.0,1981.0,1990.0
2010-09-20,C1101,1998.0,2038.0,1997.0,2035.0,53390.0,108079.19,玉米1101,108116.0,2024.0,2035.0
2010-09-21,C1101,2012.0,2024.0,2003.0,2014.0,28558.0,57523.51,玉米1101,100586.0,2014.0,2014.0
2010-09-27,C1101,2033.0,2042.0,2008.0,2013.0,18280.0,36963.37,玉米1101,101274.0,2022.0,2013.0
2010-09-28,C1101,2005.0,2011.0,1998.0,2007.0,6282.0,12599.99,玉米1101,100274.0,2005.0,2007.0
2010-09-29,C1101,1998.0,2002.0,1986.0,1989.0,12296.0,24496.85,玉米1101,96228.0,1992.0,1989.0
2010-09-30,C1101,1990.0,1996.0,1988.0,1993.0,7706.0,15359.16,玉米1101,92638.0,1993.0,1993.0
2010-10-08,C1101,1990.0,2009.0,1990.0,2001.0,8748.0,17524.07,玉米1101,92224.0,2003.0,2001.0
2010-10-11,C1101,2076.0,2083.0,2053.0,2083.0,49386.0,102398.96,玉米1101,101226.0,2073.0,2083.0
2010-10-12,C1101,2071.0,2073.0,2040.0,2048.0,22558.0,46339.8,玉米1101,98534.0,2054.0,2048.0
2010-10-13,C1101,2058.0,2062.0,2048.0,2052.0,15664.0,32204.04,玉米1101,93274.0,2055.0,2052.0
2010-10-14,C1101,2055.0,2056.0,2044.0,2050.0,11716.0,24011.24,玉米1101,93438.0,2049.0,2050.0
2010-10-15,C1101,2047.0,2063.0,2040.0,2056.0,36504.0,74750.38,玉米1101,78260.0,2047.0,2056.0
2010-10-18,C1101,2047.0,2078.0,2042.0,2062.0,14508.0,29844.65,玉米1101,76906.0,2057.0,2062.0
2010-10-19,C1101,2057.0,2073.0,2057.0,2065.0,14136.0,29193.73,玉米1101,76796.0,2065.0,2065.0
2010-10-20,C1101,2049.0,2083.0,2046.0,2080.0,14458.0,29920.24,玉米1101,77278.0,2069.0,2080.0
2010-10-21,C1101,2084.0,2136.0,2084.0,2112.0,38192.0,80630.14,玉米1101,88612.0,2111.0,2112.0
2010-10-22,C1101,2107.0,2120.0,2102.0,2112.0,12364.0,26110.45,玉米1101,86558.0,2111.0,2112.0
2010-10-25,C1101,2116.0,2163.0,2116.0,2145.0,15608.0,33407.25,玉米1101,88494.0,2140.0,2145.0
2010-10-26,C1101,2149.0,2149.0,2115.0,2117.0,9806.0,20920.36,玉米1101,86978.0,2133.0,2117.0
2010-10-27,C1101,2130.0,2139.0,2095.0,2095.0,15046.0,31762.54,玉米1101,82216.0,2111.0,2095.0
2010-10-28,C1101,2106.0,2118.0,2100.0,2115.0,7030.0,14840.27,玉米1101,83390.0,2110.0,2115.0
2010-10-29,C1101,2118.0,2118.0,2091.0,2104.0,7758.0,16344.28,玉米1101,80172.0,2106.0,2104.0
2010-11-01,C1101,2110.0,2137.0,2110.0,2126.0,10002.0,21282.01,玉米1101,85466.0,2127.0,2126.0
2010-11-02,C1101,2124.0,2128.0,2116.0,2118.0,5178.0,10990.5,玉米1101,83270.0,2122.0,2118.0
2010-11-03,C1101,2118.0,2124.0,2106.0,2112.0,5622.0,11911.84,玉米1101,82666.0,2118.0,2112.0
2010-11-04,C1101,2116.0,2120.0,2109.0,2113.0,5810.0,12279.88,玉米1101,82312.0,2113.0,2113.0
2010-11-05,C1101,2122.0,2156.0,2120.0,2135.0,14658.0,31358.06,玉米1101,83630.0,2139.0,2135.0
2010-11-08,C1101,2136.0,2142.0,2119.0,2131.0,6390.0,13632.79,玉米1101,84966.0,2133.0,2131.0
2010-11-09,C1101,2130.0,2151.0,2127.0,2149.0,11164.0,23851.67,玉米1101,84884.0,2136.0,2149.0
2010-11-10,C1101,2138.0,2163.0,2129.0,2140.0,6104.0,13106.69,玉米1101,84694.0,2147.0,2140.0
2010-11-11,C1101,2135.0,2146.0,2132.0,2134.0,4248.0,9093.44,玉米1101,85740.0,2140.0,2134.0
2010-11-12,C1101,2131.0,2133.0,2072.0,2090.0,54602.0,114318.26,玉米1101,71104.0,2093.0,2090.0
2010-11-15,C1101,2093.0,2135.0,2093.0,2120.0,28726.0,60619.14,玉米1101,58312.0,2110.0,2120.0
2010-11-16,C1101,2125.0,2130.0,2103.0,2104.0,6474.0,13688.97,玉米1101,56710.0,2114.0,2104.0
2010-11-17,C1101,2093.0,2120.0,2070.0,2086.0,16764.0,35034.11,玉米1101,51030.0,2089.0,2086.0
2010-11-18,C1101,2107.0,2133.0,2088.0,2105.0,5340.0,11244.26,玉米1101,50286.0,2105.0,2105.0
2010-11-19,C1101,2124.0,2124.0,2089.0,2102.0,5324.0,11208.27,玉米1101,48454.0,2105.0,2102.0
2010-11-22,C1101,2098.0,2101.0,2089.0,2090.0,2884.0,6034.51,玉米1101,47224.0,2092.0,2090.0
2010-11-23,C1101,2096.0,2096.0,2072.0,2079.0,5768.0,12007.33,玉米1101,43702.0,2081.0,2079.0
2010-11-24,C1101,2083.0,2093.0,2081.0,2086.0,1222.0,2547.34,玉米1101,43126.0,2084.0,2086.0
2010-11-25,C1101,2093.0,2107.0,2085.0,2094.0,10238.0,21447.16,玉米1101,36004.0,2094.0,2094.0
2010-11-26,C1101,2130.0,2130.0,2077.0,2087.0,5512.0,11560.96,玉米1101,34726.0,2097.0,2087.0
2010-11-29,C1101,2089.0,2094.0,2079.0,2090.0,3074.0,6404.38,玉米1101,32512.0,2083.0,2090.0
2010-11-30,C1101,2076.0,2099.0,2076.0,2092.0,4276.0,8934.55,玉米1101,28816.0,2089.0,2092.0
2010-12-01,C1101,2082.0,2096.0,2082.0,2096.0,3294.0,6884.51,玉米1101,27638.0,2090.0,2096.0
2010-12-02,C1101,2100.0,2105.0,2091.0,2096.0,2966.0,6214.22,玉米1101,25508.0,2095.0,2096.0
2010-12-03,C1101,2100.0,2100.0,2088.0,2091.0,998.0,2087.69,玉米1101,24874.0,2091.0,2091.0
2010-12-06,C1101,2100.0,2100.0,2074.0,2076.0,8506.0,17724.08,玉米1101,19710.0,2083.0,2076.0
2010-12-07,C1101,2075.0,2075.0,2055.0,2069.0,4082.0,8421.64,玉米1101,16766.0,2063.0,2069.0
2010-12-08,C1101,2054.0,2065.0,2054.0,2062.0,958.0,1975.67,玉米1101,15934.0,2062.0,2062.0
2010-12-09,C1101,2060.0,2070.0,2060.0,2070.0,2958.0,6113.27,玉米1101,13074.0,2066.0,2070.0
2010-12-10,C1101,2061.0,2069.0,2060.0,2067.0,1178.0,2430.25,玉米1101,12736.0,2063.0,2067.0
2010-12-13,C1101,2056.0,2068.0,2056.0,2068.0,170.0,351.17,玉米1101,12678.0,2065.0,2068.0
2010-12-14,C1101,2075.0,2089.0,2063.0,2067.0,4702.0,9710.58,玉米1101,8162.0,2065.0,2067.0
2010-12-15,C1101,2069.0,2069.0,2061.0,2062.0,278.0,573.88,玉米1101,7916.0,2064.0,2062.0
2010-12-16,C1101,2064.0,2065.0,2058.0,2058.0,82.0,169.04,玉米1101,7862.0,2061.0,2058.0
2010-12-17,C1101,2057.0,2060.0,2056.0,2060.0,56.0,115.2,玉米1101,7842.0,2057.0,2060.0
2010-12-20,C1101,2058.0,2070.0,2031.0,2038.0,1158.0,2375.41,玉米1101,6876.0,2051.0,2038.0
2010-12-21,C1101,2040.0,2043.0,2032.0,2042.0,3342.0,6812.26,玉米1101,6778.0,2038.0,2042.0
2010-12-22,C1101,2041.0,2045.0,2020.0,2029.0,1674.0,3408.07,玉米1101,5822.0,2035.0,2029.0
2010-12-23,C1101,2030.0,2037.0,2030.0,2037.0,90.0,182.82,玉米1101,5736.0,2031.0,2037.0
2010-12-24,C1101,2023.0,2029.0,2020.0,2028.0,18.0,36.46,玉米1101,5726.0,2025.0,2028.0
2010-12-27,C1101,2005.0,2047.0,2005.0,2029.0,3076.0,6237.9,玉米1101,5616.0,2027.0,2029.0
2010-12-28,C1101,2030.0,2035.0,2017.0,2030.0,164.0,332.1,玉米1101,5504.0,2025.0,2030.0
2010-12-29,C1101,2030.0,2030.0,2013.0,2027.0,48.0,96.96,玉米1101,5462.0,2019.0,2027.0
2010-12-30,C1101,2010.0,2029.0,2002.0,2005.0,252.0,505.96,玉米1101,5402.0,2007.0,2005.0
2010-12-31,C1101,2003.0,2020.0,2002.0,2005.0,1316.0,2644.12,玉米1101,4326.0,2009.0,2005.0
2011-01-04,C1101,2129.0,2129.0,2003.0,2010.0,142.0,290.17,玉米1101,3428.0,2043.0,2010.0
2011-01-05,C1101,2010.0,2010.0,2010.0,2010.0,100.0,201.0,玉米1101,2482.0,2010.0,2010.0
2011-01-06,C1101,0.0,0.0,0.0,2010.0,0.0,0.0,玉米1101,742.0,2010.0,2010.0
2011-01-07,C1101,0.0,0.0,0.0,2010.0,0.0,0.0,玉米1101,0.0,2010.0,2010.0
2011-01-10,C1101,0.0,0.0,0.0,2010.0,0.0,0.0,玉米1101,0.0,2010.0,2010.0
2011-01-11,C1101,0.0,0.0,0.0,2010.0,0.0,0.0,玉米1101,0.0,2010.0,2010.0
2011-01-12,C1101,0.0,0.0,0.0,2010.0,0.0,0.0,玉米1101,0.0,2010.0,2010.0
2011-01-13,C1101,0.0,0.0,0.0,2010.0,0.0,0.0,玉米1101,0.0,2010.0,2010.0
2011-01-14,C1101,0.0,0.0,0.0,2010.0,0.0,0.0,玉米1101,0.0,2010.0,2010.0
2011-01-17,C1101,0.0,0.0,0.0,2010.0,0.0,0.0,玉米1101,0.0,2029.0,2010.0
