date,symbol,open,high,low,close,volume,amount,name,openinterest,settleprice,price
2010-05-18,C1105,1940.0,1960.0,1940.0,1959.0,730.0,1425.55,玉米1105,632.0,1952.0,1959.0
2010-05-19,C1105,1955.0,1971.0,1954.0,1971.0,1396.0,2741.1,玉米1105,1846.0,1963.0,1971.0
2010-05-20,C1105,1970.0,1982.0,1968.0,1969.0,1714.0,3383.5,玉米1105,2844.0,1974.0,1969.0
2010-05-21,C1105,1960.0,1974.0,1960.0,1971.0,1258.0,2477.24,玉米1105,2866.0,1969.0,1971.0
2010-05-24,C1105,1974.0,1979.0,1965.0,1966.0,816.0,1607.11,玉米1105,3080.0,1969.0,1966.0
2010-05-25,C1105,1963.0,1963.0,1956.0,1959.0,1806.0,3538.22,玉米1105,3748.0,1959.0,1959.0
2010-05-26,C1105,1962.0,1964.0,1953.0,1958.0,2146.0,4202.32,玉米1105,4990.0,1958.0,1958.0
2010-05-27,C1105,1960.0,1962.0,1958.0,1959.0,2122.0,4159.42,玉米1105,6140.0,1960.0,1959.0
2010-05-28,C1105,1960.0,1960.0,1942.0,1943.0,3062.0,5971.17,玉米1105,6410.0,1950.0,1943.0
2010-05-31,C1105,1939.0,1945.0,1936.0,1938.0,5382.0,10438.91,玉米1105,9340.0,1939.0,1938.0
2010-06-01,C1105,1938.0,1942.0,1934.0,1936.0,3536.0,6849.84,玉米1105,10890.0,1937.0,1936.0
2010-06-02,C1105,1935.0,1936.0,1907.0,1910.0,9220.0,17683.88,玉米1105,15050.0,1917.0,1910.0
2010-06-03,C1105,1910.0,1910.0,1895.0,1899.0,7052.0,13422.88,玉米1105,16252.0,1903.0,1899.0
2010-06-04,C1105,1900.0,1910.0,1893.0,1905.0,5754.0,10937.74,玉米1105,16564.0,1900.0,1905.0
2010-06-07,C1105,1897.0,1897.0,1878.0,1884.0,10010.0,18873.21,玉米1105,19814.0,1885.0,1884.0
2010-06-08,C1105,1886.0,1898.0,1878.0,1885.0,7570.0,14278.04,玉米1105,18998.0,1886.0,1885.0
2010-06-09,C1105,1885.0,1894.0,1882.0,1894.0,4550.0,8585.55,玉米1105,18160.0,1886.0,1894.0
2010-06-10,C1105,1893.0,1896.0,1880.0,1880.0,5586.0,10537.77,玉米1105,18342.0,1886.0,1880.0
2010-06-11,C1105,1885.0,1889.0,1875.0,1887.0,7402.0,13924.94,玉米1105,18264.0,1881.0,1887.0
2010-06-17,C1105,1886.0,1896.0,1883.0,1885.0,3134.0,5920.44,玉米1105,18592.0,1889.0,1885.0
2010-06-18,C1105,1884.0,1885.0,1870.0,1875.0,9598.0,18006.05,玉米1105,21346.0,1876.0,1875.0
2010-06-21,C1105,1879.0,1900.0,1876.0,1896.0,8852.0,16722.55,玉米1105,22654.0,1889.0,1896.0
2010-06-22,C1105,1890.0,1899.0,1886.0,1896.0,5258.0,9962.52,玉米1105,22370.0,1894.0,1896.0
2010-06-23,C1105,1891.0,1894.0,1886.0,1891.0,8346.0,15776.5,玉米1105,22628.0,1890.0,1891.0
2010-06-24,C1105,1889.0,1898.0,1887.0,1896.0,7152.0,13538.77,玉米1105,22558.0,1893.0,1896.0
2010-06-25,C1105,1894.0,1911.0,1894.0,1910.0,11234.0,21405.66,玉米1105,23924.0,1905.0,1910.0
2010-06-28,C1105,1909.0,1910.0,1892.0,1893.0,9154.0,17383.5,玉米1105,25126.0,1899.0,1893.0
2010-06-29,C1105,1891.0,1891.0,1879.0,1885.0,7234.0,13643.15,玉米1105,24740.0,1885.0,1885.0
2010-06-30,C1105,1881.0,1888.0,1879.0,1888.0,4970.0,9367.73,玉米1105,24812.0,1884.0,1888.0
2010-07-01,C1105,1899.0,1905.0,1895.0,1896.0,6856.0,13023.12,玉米1105,24726.0,1899.0,1896.0
2010-07-02,C1105,1898.0,1917.0,1897.0,1917.0,7546.0,14396.89,玉米1105,24658.0,1907.0,1917.0
2010-07-05,C1105,1913.0,1920.0,1910.0,1915.0,4410.0,8446.41,玉米1105,25132.0,1915.0,1915.0
2010-07-06,C1105,1913.0,1921.0,1912.0,1919.0,4932.0,9453.53,玉米1105,26950.0,1916.0,1919.0
2010-07-07,C1105,1915.0,1929.0,1915.0,1922.0,4286.0,8231.45,玉米1105,27330.0,1920.0,1922.0
2010-07-08,C1105,1930.0,1938.0,1928.0,1935.0,10322.0,19973.99,玉米1105,26256.0,1935.0,1935.0
2010-07-09,C1105,1938.0,1944.0,1934.0,1944.0,6710.0,13005.23,玉米1105,26578.0,1938.0,1944.0
2010-07-12,C1105,1941.0,1962.0,1941.0,1954.0,21838.0,42700.25,玉米1105,32752.0,1955.0,1954.0
2010-07-13,C1105,1950.0,1953.0,1936.0,1936.0,17648.0,34285.06,玉米1105,34138.0,1942.0,1936.0
2010-07-14,C1105,1938.0,1944.0,1927.0,1927.0,9846.0,19060.25,玉米1105,34924.0,1935.0,1927.0
2010-07-15,C1105,1930.0,1938.0,1926.0,1932.0,12466.0,24090.24,玉米1105,35450.0,1932.0,1932.0
2010-07-16,C1105,1938.0,1958.0,1937.0,1958.0,12952.0,25239.07,玉米1105,38632.0,1948.0,1958.0
2010-07-19,C1105,1953.0,1964.0,1951.0,1954.0,12058.0,23607.69,玉米1105,41588.0,1957.0,1954.0
2010-07-20,C1105,1950.0,1965.0,1947.0,1962.0,20158.0,39436.11,玉米1105,48052.0,1956.0,1962.0
2010-07-21,C1105,1958.0,1970.0,1955.0,1958.0,22824.0,44824.41,玉米1105,50340.0,1963.0,1958.0
2010-07-22,C1105,1960.0,1964.0,1954.0,1959.0,13594.0,26612.99,玉米1105,51644.0,1957.0,1959.0
2010-07-23,C1105,1959.0,1966.0,1957.0,1962.0,13066.0,25640.89,玉米1105,51486.0,1962.0,1962.0
2010-07-26,C1105,1960.0,1970.0,1957.0,1968.0,22694.0,44555.44,玉米1105,55960.0,1963.0,1968.0
2010-07-27,C1105,1963.0,1966.0,1958.0,1959.0,17630.0,34583.41,玉米1105,58620.0,1961.0,1959.0
2010-07-28,C1105,1960.0,1970.0,1958.0,1968.0,15214.0,29910.54,玉米1105,60750.0,1965.0,1968.0
2010-07-29,C1105,1971.0,1975.0,1963.0,1967.0,17308.0,34077.62,玉米1105,59694.0,1968.0,1967.0
2010-07-30,C1105,1961.0,1971.0,1960.0,1967.0,24288.0,47686.12,玉米1105,56882.0,1963.0,1967.0
2010-08-02,C1105,1973.0,1990.0,1970.0,1988.0,38338.0,75973.6,玉米1105,71012.0,1981.0,1988.0
2010-08-03,C1105,1986.0,1989.0,1978.0,1982.0,28270.0,56092.06,玉米1105,76896.0,1984.0,1982.0
2010-08-04,C1105,1982.0,1994.0,1980.0,1993.0,46576.0,92633.76,玉米1105,99208.0,1988.0,1993.0
2010-08-05,C1105,2000.0,2005.0,1985.0,1986.0,48394.0,96532.19,玉米1105,110430.0,1994.0,1986.0
2010-08-06,C1105,1992.0,2005.0,1988.0,2004.0,55446.0,110717.73,玉米1105,118382.0,1996.0,2004.0
2010-08-09,C1105,2001.0,2010.0,1998.0,2007.0,53842.0,107892.9,玉米1105,121652.0,2003.0,2007.0
2010-08-10,C1105,2005.0,2006.0,1993.0,1995.0,60866.0,121697.26,玉米1105,119016.0,1999.0,1995.0
2010-08-11,C1105,1994.0,1998.0,1986.0,1988.0,42008.0,83728.74,玉米1105,124920.0,1993.0,1988.0
2010-08-12,C1105,1990.0,2002.0,1988.0,1997.0,64668.0,129165.74,玉米1105,130630.0,1997.0,1997.0
2010-08-13,C1105,2004.0,2008.0,1998.0,2006.0,46452.0,93060.13,玉米1105,137066.0,2003.0,2006.0
2010-08-16,C1105,2009.0,2043.0,2008.0,2040.0,174690.0,355474.45,玉米1105,187698.0,2034.0,2040.0
2010-08-17,C1105,2039.0,2050.0,2032.0,2045.0,152908.0,312180.12,玉米1105,211410.0,2041.0,2045.0
2010-08-18,C1105,2050.0,2052.0,2027.0,2030.0,101996.0,207962.85,玉米1105,198554.0,2038.0,2030.0
2010-08-19,C1105,2027.0,2039.0,2022.0,2036.0,117054.0,237780.64,玉米1105,207588.0,2031.0,2036.0
2010-08-20,C1105,2030.0,2033.0,2018.0,2019.0,102202.0,206937.02,玉米1105,201070.0,2024.0,2019.0
2010-08-23,C1105,2025.0,2034.0,2023.0,2029.0,108000.0,219118.26,玉米1105,210602.0,2028.0,2029.0
2010-08-24,C1105,2020.0,2026.0,2009.0,2010.0,136080.0,274799.91,玉米1105,194218.0,2019.0,2010.0
2010-08-25,C1105,2002.0,2012.0,1998.0,2005.0,140600.0,281787.33,玉米1105,193618.0,2004.0,2005.0
2010-08-26,C1105,2009.0,2012.0,2001.0,2009.0,88628.0,177810.18,玉米1105,206034.0,2006.0,2009.0
2010-08-27,C1105,2015.0,2028.0,2014.0,2027.0,108684.0,219591.46,玉米1105,212426.0,2020.0,2027.0
2010-08-30,C1105,2050.0,2051.0,2031.0,2038.0,129216.0,263411.36,玉米1105,219484.0,2038.0,2038.0
2010-08-31,C1105,2032.0,2033.0,2014.0,2016.0,125356.0,253185.71,玉米1105,225834.0,2019.0,2016.0
2010-09-01,C1105,2020.0,2028.0,2018.0,2027.0,116504.0,235763.94,玉米1105,238906.0,2023.0,2027.0
2010-09-02,C1105,2030.0,2036.0,2010.0,2015.0,184560.0,372760.85,玉米1105,266028.0,2019.0,2015.0
2010-09-03,C1105,2016.0,2025.0,2005.0,2020.0,233612.0,471131.07,玉米1105,272244.0,2016.0,2020.0
2010-09-06,C1105,2040.0,2045.0,2030.0,2038.0,209932.0,427578.13,玉米1105,308492.0,2036.0,2038.0
2010-09-07,C1105,2037.0,2046.0,2030.0,2046.0,209308.0,426394.13,玉米1105,318078.0,2037.0,2046.0
2010-09-08,C1105,2044.0,2070.0,2042.0,2052.0,536174.0,1104749.49,玉米1105,380832.0,2060.0,2052.0
2010-09-09,C1105,2055.0,2056.0,2030.0,2033.0,271890.0,554107.93,玉米1105,346864.0,2037.0,2033.0
2010-09-10,C1105,2038.0,2049.0,2037.0,2043.0,165818.0,338530.6,玉米1105,359244.0,2041.0,2043.0
2010-09-13,C1105,2040.0,2047.0,2026.0,2039.0,257028.0,524112.68,玉米1105,368030.0,2039.0,2039.0
2010-09-14,C1105,2038.0,2045.0,2035.0,2038.0,153088.0,312255.57,玉米1105,351392.0,2039.0,2038.0
2010-09-15,C1105,2049.0,2059.0,2043.0,2050.0,329642.0,676301.88,玉米1105,387354.0,2051.0,2050.0
2010-09-16,C1105,2053.0,2055.0,2041.0,2046.0,166394.0,340685.14,玉米1105,368410.0,2047.0,2046.0
2010-09-17,C1105,2052.0,2074.0,2050.0,2071.0,352668.0,727108.99,玉米1105,424150.0,2061.0,2071.0
2010-09-20,C1105,2088.0,2122.0,2087.0,2119.0,484542.0,1023322.43,玉米1105,462000.0,2111.0,2119.0
2010-09-21,C1105,2102.0,2103.0,2078.0,2091.0,272444.0,569319.16,玉米1105,395760.0,2089.0,2091.0
2010-09-27,C1105,2120.0,2128.0,2080.0,2082.0,294728.0,618059.34,玉米1105,387024.0,2097.0,2082.0
2010-09-28,C1105,2075.0,2085.0,2067.0,2081.0,167570.0,348155.57,玉米1105,376368.0,2077.0,2081.0
2010-09-29,C1105,2070.0,2076.0,2051.0,2056.0,221838.0,457093.76,玉米1105,327964.0,2060.0,2056.0
2010-09-30,C1105,2060.0,2066.0,2054.0,2060.0,119972.0,247362.65,玉米1105,326470.0,2061.0,2060.0
2010-10-08,C1105,2060.0,2082.0,2057.0,2066.0,137126.0,284044.29,玉米1105,329932.0,2071.0,2066.0
2010-10-11,C1105,2153.0,2153.0,2137.0,2153.0,504344.0,1084272.14,玉米1105,451496.0,2149.0,2153.0
2010-10-12,C1105,2140.0,2145.0,2118.0,2126.0,516998.0,1101697.75,玉米1105,411420.0,2130.0,2126.0
2010-10-13,C1105,2136.0,2144.0,2125.0,2135.0,362280.0,773403.45,玉米1105,444352.0,2134.0,2135.0
2010-10-14,C1105,2134.0,2141.0,2129.0,2134.0,267582.0,571367.11,玉米1105,445200.0,2135.0,2134.0
2010-10-15,C1105,2133.0,2149.0,2123.0,2141.0,325596.0,695339.77,玉米1105,443824.0,2135.0,2141.0
2010-10-18,C1105,2126.0,2165.0,2125.0,2147.0,622948.0,1336325.96,玉米1105,456972.0,2145.0,2147.0
2010-10-19,C1105,2150.0,2162.0,2141.0,2149.0,468576.0,1008143.63,玉米1105,451730.0,2151.0,2149.0
2010-10-20,C1105,2125.0,2173.0,2123.0,2166.0,711438.0,1534393.61,玉米1105,492842.0,2156.0,2166.0
2010-10-21,C1105,2181.0,2238.0,2171.0,2197.0,2079586.0,4588586.51,玉米1105,612974.0,2206.0,2197.0
2010-10-22,C1105,2192.0,2209.0,2184.0,2197.0,922230.0,2026184.01,玉米1105,574646.0,2197.0,2197.0
2010-10-25,C1105,2210.0,2250.0,2201.0,2230.0,1269666.0,2831178.76,玉米1105,592132.0,2229.0,2230.0
2010-10-26,C1105,2225.0,2235.0,2201.0,2204.0,592740.0,1315265.06,玉米1105,556362.0,2218.0,2204.0
2010-10-27,C1105,2215.0,2233.0,2178.0,2178.0,888402.0,1957505.5,玉米1105,505190.0,2203.0,2178.0
2010-10-28,C1105,2195.0,2209.0,2187.0,2205.0,622568.0,1368533.65,玉米1105,481216.0,2198.0,2205.0
2010-10-29,C1105,2199.0,2207.0,2170.0,2190.0,467590.0,1025580.6,玉米1105,467466.0,2193.0,2190.0
2010-11-01,C1105,2205.0,2228.0,2204.0,2220.0,436676.0,969439.3,玉米1105,477812.0,2220.0,2220.0
2010-11-02,C1105,2217.0,2220.0,2202.0,2208.0,248600.0,549187.84,玉米1105,467800.0,2209.0,2208.0
2010-11-03,C1105,2208.0,2216.0,2195.0,2202.0,212622.0,469466.11,玉米1105,458166.0,2207.0,2202.0
2010-11-04,C1105,2210.0,2218.0,2203.0,2215.0,209254.0,462693.32,玉米1105,468642.0,2211.0,2215.0
2010-11-05,C1105,2230.0,2265.0,2229.0,2253.0,576994.0,1299348.1,玉米1105,495786.0,2251.0,2253.0
2010-11-08,C1105,2250.0,2264.0,2238.0,2254.0,453622.0,1021706.08,玉米1105,479608.0,2252.0,2254.0
2010-11-09,C1105,2247.0,2282.0,2246.0,2281.0,454728.0,1028885.09,玉米1105,504056.0,2262.0,2281.0
2010-11-10,C1105,2261.0,2288.0,2245.0,2256.0,565600.0,1282904.47,玉米1105,474988.0,2268.0,2256.0
2010-11-11,C1105,2252.0,2266.0,2244.0,2253.0,280702.0,633775.23,玉米1105,458702.0,2257.0,2253.0
2010-11-12,C1105,2251.0,2252.0,2167.0,2205.0,848678.0,1868256.75,玉米1105,384868.0,2201.0,2205.0
2010-11-15,C1105,2185.0,2268.0,2185.0,2260.0,758226.0,1700926.76,玉米1105,375030.0,2243.0,2260.0
2010-11-16,C1105,2270.0,2274.0,2224.0,2228.0,432370.0,971368.94,玉米1105,351898.0,2246.0,2228.0
2010-11-17,C1105,2185.0,2212.0,2161.0,2169.0,727672.0,1589494.79,玉米1105,304140.0,2184.0,2169.0
2010-11-18,C1105,2195.0,2209.0,2168.0,2202.0,343120.0,751440.91,玉米1105,272554.0,2190.0,2202.0
2010-11-19,C1105,2212.0,2219.0,2182.0,2194.0,205184.0,450658.04,玉米1105,261496.0,2196.0,2194.0
2010-11-22,C1105,2173.0,2190.0,2170.0,2182.0,100984.0,220493.13,玉米1105,258522.0,2183.0,2182.0
2010-11-23,C1105,2183.0,2185.0,2158.0,2162.0,133076.0,288370.01,玉米1105,233142.0,2166.0,2162.0
2010-11-24,C1105,2170.0,2178.0,2168.0,2174.0,58994.0,128157.72,玉米1105,223832.0,2172.0,2174.0
2010-11-25,C1105,2180.0,2194.0,2170.0,2171.0,83448.0,182048.97,玉米1105,219770.0,2181.0,2171.0
2010-11-26,C1105,2171.0,2178.0,2149.0,2157.0,82834.0,178803.54,玉米1105,204484.0,2158.0,2157.0
2010-11-29,C1105,2156.0,2164.0,2144.0,2163.0,63750.0,137196.82,玉米1105,189446.0,2152.0,2163.0
2010-11-30,C1105,2152.0,2174.0,2148.0,2157.0,42978.0,92606.4,玉米1105,176708.0,2154.0,2157.0
2010-12-01,C1105,2154.0,2163.0,2150.0,2159.0,23356.0,50406.67,玉米1105,173450.0,2158.0,2159.0
2010-12-02,C1105,2173.0,2177.0,2167.0,2169.0,32730.0,71065.34,玉米1105,171454.0,2171.0,2169.0
2010-12-03,C1105,2168.0,2172.0,2163.0,2169.0,21462.0,46515.37,玉米1105,168986.0,2167.0,2169.0
2010-12-06,C1105,2174.0,2178.0,2170.0,2174.0,23210.0,50459.75,玉米1105,161016.0,2174.0,2174.0
2010-12-07,C1105,2190.0,2190.0,2162.0,2182.0,32954.0,71561.57,玉米1105,151556.0,2171.0,2182.0
2010-12-08,C1105,2175.0,2179.0,2166.0,2166.0,21028.0,45698.36,玉米1105,142790.0,2173.0,2166.0
2010-12-09,C1105,2175.0,2187.0,2173.0,2180.0,27456.0,59928.6,玉米1105,142266.0,2182.0,2180.0
2010-12-10,C1105,2182.0,2187.0,2176.0,2182.0,9624.0,20994.13,玉米1105,141302.0,2181.0,2182.0
2010-12-13,C1105,2184.0,2192.0,2177.0,2188.0,16854.0,36857.89,玉米1105,140530.0,2186.0,2188.0
2010-12-14,C1105,2191.0,2206.0,2189.0,2204.0,34744.0,76299.72,玉米1105,136980.0,2196.0,2204.0
2010-12-15,C1105,2203.0,2206.0,2190.0,2190.0,14008.0,30788.38,玉米1105,135716.0,2197.0,2190.0
2010-12-16,C1105,2190.0,2193.0,2183.0,2185.0,9060.0,19819.25,玉米1105,136780.0,2187.0,2185.0
2010-12-17,C1105,2187.0,2192.0,2184.0,2191.0,10094.0,22088.95,玉米1105,137260.0,2188.0,2191.0
2010-12-20,C1105,2197.0,2204.0,2191.0,2193.0,17184.0,37760.24,玉米1105,139662.0,2197.0,2193.0
2010-12-21,C1105,2198.0,2199.0,2190.0,2191.0,11496.0,25214.84,玉米1105,139174.0,2193.0,2191.0
2010-12-22,C1105,2193.0,2200.0,2188.0,2189.0,11376.0,24948.91,玉米1105,138406.0,2193.0,2189.0
2010-12-23,C1105,2194.0,2207.0,2193.0,2200.0,20000.0,43975.5,玉米1105,139668.0,2198.0,2200.0
2010-12-24,C1105,2200.0,2206.0,2199.0,2203.0,15398.0,33908.82,玉米1105,140840.0,2202.0,2203.0
2010-12-27,C1105,2199.0,2200.0,2189.0,2192.0,10614.0,23300.97,玉米1105,139212.0,2195.0,2192.0
2010-12-28,C1105,2196.0,2200.0,2183.0,2186.0,9818.0,21542.24,玉米1105,137618.0,2194.0,2186.0
2010-12-29,C1105,2189.0,2190.0,2172.0,2180.0,18600.0,40575.39,玉米1105,135114.0,2181.0,2180.0
2010-12-30,C1105,2177.0,2185.0,2173.0,2184.0,10508.0,22881.28,玉米1105,134728.0,2177.0,2184.0
2010-12-31,C1105,2183.0,2185.0,2177.0,2184.0,4122.0,8993.03,玉米1105,133996.0,2181.0,2184.0
2011-01-04,C1105,2185.0,2199.0,2185.0,2197.0,10550.0,23149.95,玉米1105,127456.0,2194.0,2197.0
2011-01-05,C1105,2194.0,2194.0,2185.0,2188.0,12608.0,27589.97,玉米1105,117608.0,2188.0,2188.0
2011-01-06,C1105,2198.0,2198.0,2190.0,2191.0,5728.0,12564.2,玉米1105,114416.0,2193.0,2191.0
2011-01-07,C1105,2186.0,2188.0,2168.0,2170.0,14372.0,31271.9,玉米1105,110720.0,2175.0,2170.0
2011-01-10,C1105,2171.0,2178.0,2168.0,2173.0,10042.0,21833.76,玉米1105,104442.0,2174.0,2173.0
2011-01-11,C1105,2176.0,2180.0,2162.0,2168.0,8284.0,17973.13,玉米1105,102990.0,2169.0,2168.0
2011-01-12,C1105,2166.0,2175.0,2166.0,2174.0,3846.0,8349.57,玉米1105,101010.0,2170.0,2174.0
2011-01-13,C1105,2195.0,2203.0,2175.0,2177.0,10046.0,21933.33,玉米1105,99060.0,2183.0,2177.0
2011-01-14,C1105,2178.0,2192.0,2178.0,2192.0,22772.0,49800.63,玉米1105,93888.0,2186.0,2192.0
2011-01-17,C1105,2195.0,2214.0,2193.0,2202.0,23874.0,52644.06,玉米1105,79946.0,2205.0,2202.0
2011-01-18,C1105,2202.0,2228.0,2191.0,2225.0,17550.0,38743.08,玉米1105,78832.0,2207.0,2225.0
2011-01-19,C1105,2223.0,2228.0,2217.0,2217.0,7858.0,17453.45,玉米1105,78874.0,2221.0,2217.0
2011-01-20,C1105,2212.0,2212.0,2195.0,2195.0,9496.0,20902.95,玉米1105,76924.0,2201.0,2195.0
2011-01-21,C1105,2256.0,2256.0,2195.0,2200.0,4934.0,10883.0,玉米1105,76564.0,2205.0,2200.0
2011-01-24,C1105,2200.0,2210.0,2193.0,2204.0,7604.0,16752.43,玉米1105,77734.0,2203.0,2204.0
2011-01-25,C1105,2200.0,2212.0,2195.0,2198.0,8820.0,19436.45,玉米1105,76730.0,2203.0,2198.0
2011-01-26,C1105,2198.0,2198.0,2180.0,2188.0,7380.0,16162.64,玉米1105,72110.0,2190.0,2188.0
2011-01-27,C1105,2194.0,2201.0,2194.0,2198.0,3514.0,7721.08,玉米1105,71890.0,2197.0,2198.0
2011-01-28,C1105,2196.0,2205.0,2196.0,2198.0,4070.0,8948.37,玉米1105,70982.0,2198.0,2198.0
2011-01-31,C1105,2198.0,2216.0,2198.0,2212.0,6730.0,14837.33,玉米1105,72174.0,2204.0,2212.0
2011-02-01,C1105,2211.0,2231.0,2211.0,2229.0,13610.0,30278.65,玉米1105,78500.0,2224.0,2229.0
2011-02-09,C1105,2230.0,2290.0,2224.0,2273.0,21112.0,47686.18,玉米1105,85660.0,2258.0,2273.0
2011-02-10,C1105,2288.0,2288.0,2267.0,2271.0,8856.0,20185.26,玉米1105,85852.0,2279.0,2271.0
2011-02-11,C1105,2271.0,2292.0,2268.0,2277.0,15762.0,35941.79,玉米1105,93446.0,2280.0,2277.0
2011-02-14,C1105,2280.0,2306.0,2268.0,2306.0,18690.0,42939.21,玉米1105,101530.0,2297.0,2306.0
2011-02-15,C1105,2304.0,2304.0,2280.0,2282.0,13874.0,31764.71,玉米1105,104890.0,2289.0,2282.0
2011-02-16,C1105,2275.0,2275.0,2254.0,2264.0,17498.0,39584.24,玉米1105,112164.0,2262.0,2264.0
2011-02-17,C1105,2265.0,2286.0,2258.0,2264.0,14350.0,32635.9,玉米1105,113018.0,2274.0,2264.0
2011-02-18,C1105,2274.0,2285.0,2268.0,2269.0,12558.0,28592.8,玉米1105,112790.0,2276.0,2269.0
2011-02-21,C1105,2270.0,2272.0,2259.0,2268.0,8074.0,18305.18,玉米1105,114752.0,2267.0,2268.0
2011-02-22,C1105,2276.0,2283.0,2255.0,2265.0,9382.0,21288.66,玉米1105,115540.0,2269.0,2265.0
2011-02-23,C1105,2210.0,2246.0,2200.0,2231.0,22058.0,49302.1,玉米1105,105084.0,2235.0,2231.0
2011-02-24,C1105,2244.0,2247.0,2226.0,2235.0,12718.0,28401.19,玉米1105,98158.0,2233.0,2235.0
2011-02-25,C1105,2236.0,2254.0,2233.0,2251.0,5784.0,12972.64,玉米1105,97954.0,2242.0,2251.0
2011-02-28,C1105,2259.0,2268.0,2249.0,2261.0,7650.0,17273.74,玉米1105,99780.0,2258.0,2261.0
2011-03-01,C1105,2268.0,2268.0,2259.0,2264.0,5732.0,12973.24,玉米1105,98598.0,2263.0,2264.0
2011-03-02,C1105,2269.0,2273.0,2256.0,2268.0,11300.0,25606.12,玉米1105,99954.0,2266.0,2268.0
2011-03-03,C1105,2262.0,2267.0,2257.0,2258.0,2618.0,5924.07,玉米1105,100020.0,2262.0,2258.0
2011-03-04,C1105,2266.0,2268.0,2259.0,2265.0,3874.0,8769.58,玉米1105,98530.0,2263.0,2265.0
2011-03-07,C1105,2263.0,2279.0,2263.0,2276.0,9554.0,21697.96,玉米1105,94198.0,2271.0,2276.0
2011-03-08,C1105,2273.0,2289.0,2260.0,2266.0,5814.0,13226.97,玉米1105,94024.0,2275.0,2266.0
2011-03-09,C1105,2270.0,2273.0,2268.0,2271.0,4122.0,9360.05,玉米1105,91826.0,2270.0,2271.0
2011-03-10,C1105,2270.0,2272.0,2264.0,2269.0,13770.0,31225.28,玉米1105,83508.0,2267.0,2269.0
2011-03-11,C1105,2262.0,2266.0,2252.0,2256.0,10798.0,24383.63,玉米1105,76058.0,2258.0,2256.0
2011-03-14,C1105,2249.0,2266.0,2247.0,2252.0,16720.0,37691.1,玉米1105,66864.0,2254.0,2252.0
2011-03-15,C1105,2252.0,2263.0,2248.0,2258.0,7364.0,16618.74,玉米1105,62002.0,2256.0,2258.0
2011-03-16,C1105,2245.0,2369.0,2241.0,2250.0,12160.0,27348.19,玉米1105,57356.0,2249.0,2250.0
2011-03-17,C1105,2249.0,2260.0,2245.0,2258.0,5320.0,11988.51,玉米1105,56972.0,2253.0,2258.0
2011-03-18,C1105,2265.0,2277.0,2254.0,2255.0,7506.0,16984.65,玉米1105,56924.0,2262.0,2255.0
2011-03-21,C1105,2260.0,2260.0,2253.0,2254.0,4326.0,9764.4,玉米1105,55332.0,2257.0,2254.0
2011-03-22,C1105,2254.0,2255.0,2241.0,2242.0,768.0,1726.27,玉米1105,55260.0,2247.0,2242.0
2011-03-23,C1105,2241.0,2250.0,2241.0,2250.0,3940.0,8856.08,玉米1105,55182.0,2247.0,2250.0
2011-03-24,C1105,2245.0,2249.0,2238.0,2239.0,1096.0,2458.53,玉米1105,55072.0,2243.0,2239.0
2011-03-25,C1105,2243.0,2248.0,2242.0,2245.0,1576.0,3538.21,玉米1105,54622.0,2245.0,2245.0
2011-03-28,C1105,2240.0,2244.0,2228.0,2230.0,1812.0,4049.65,玉米1105,54094.0,2234.0,2230.0
2011-03-29,C1105,2231.0,2231.0,2221.0,2226.0,1872.0,4167.07,玉米1105,53916.0,2225.0,2226.0
2011-03-30,C1105,2229.0,2232.0,2225.0,2229.0,1040.0,2316.32,玉米1105,53534.0,2227.0,2229.0
2011-03-31,C1105,2229.0,2229.0,2221.0,2222.0,1698.0,3774.76,玉米1105,52672.0,2223.0,2222.0
2011-04-01,C1105,2237.0,2248.0,2232.0,2233.0,2362.0,5281.66,玉米1105,52774.0,2236.0,2233.0
2011-04-06,C1105,2234.0,2242.0,2234.0,2241.0,2032.0,4547.56,玉米1105,52848.0,2237.0,2241.0
2011-04-07,C1105,2236.0,2238.0,2218.0,2227.0,986.0,2193.76,玉米1105,52254.0,2224.0,2227.0
2011-04-08,C1105,2221.0,2228.0,2220.0,2226.0,2278.0,5066.44,玉米1105,52246.0,2224.0,2226.0
2011-04-11,C1105,2229.0,2241.0,2226.0,2234.0,6298.0,14066.56,玉米1105,53330.0,2233.0,2234.0
2011-04-12,C1105,2219.0,2230.0,2219.0,2224.0,2388.0,5316.76,玉米1105,51750.0,2226.0,2224.0
2011-04-13,C1105,2224.0,2228.0,2217.0,2228.0,3064.0,6811.44,玉米1105,51342.0,2223.0,2228.0
2011-04-14,C1105,2230.0,2234.0,2222.0,2222.0,2060.0,4590.09,玉米1105,51756.0,2228.0,2222.0
2011-04-15,C1105,2229.0,2229.0,2222.0,2226.0,1464.0,3257.44,玉米1105,52214.0,2225.0,2226.0
2011-04-18,C1105,2226.0,2229.0,2218.0,2225.0,1282.0,2850.33,玉米1105,52658.0,2223.0,2225.0
2011-04-19,C1105,2232.0,2232.0,2220.0,2225.0,458.0,1018.58,玉米1105,52636.0,2223.0,2225.0
2011-04-20,C1105,2228.0,2228.0,2221.0,2226.0,1440.0,3203.07,玉米1105,52722.0,2224.0,2226.0
2011-04-21,C1105,2220.0,2224.0,2214.0,2215.0,1504.0,3336.26,玉米1105,51796.0,2218.0,2215.0
2011-04-22,C1105,2215.0,2219.0,2210.0,2217.0,2566.0,5681.69,玉米1105,50300.0,2214.0,2217.0
2011-04-25,C1105,2217.0,2221.0,2216.0,2220.0,2842.0,6307.51,玉米1105,39042.0,2219.0,2220.0
2011-04-26,C1105,2219.0,2223.0,2216.0,2222.0,3394.0,7537.36,玉米1105,37596.0,2220.0,2222.0
2011-04-27,C1105,2220.0,2223.0,2215.0,2216.0,4034.0,8957.0,玉米1105,34152.0,2220.0,2216.0
2011-04-28,C1105,2219.0,2221.0,2213.0,2217.0,1642.0,3642.58,玉米1105,32694.0,2218.0,2217.0
2011-04-29,C1105,2213.0,2213.0,2198.0,2200.0,8174.0,18003.43,玉米1105,28548.0,2202.0,2200.0
2011-05-03,C1105,2322.0,2322.0,2205.0,2208.0,2706.0,6041.16,玉米1105,20626.0,2232.0,2208.0
2011-05-04,C1105,2210.0,2219.0,2208.0,2219.0,788.0,1748.25,玉米1105,12042.0,2218.0,2219.0
2011-05-05,C1105,2206.0,2215.0,2206.0,2209.0,620.0,1370.62,玉米1105,12228.0,2210.0,2209.0
2011-05-06,C1105,2199.0,2214.0,2199.0,2206.0,982.0,2169.54,玉米1105,10246.0,2209.0,2206.0
2011-05-09,C1105,2219.0,2219.0,2215.0,2216.0,156.0,345.86,玉米1105,6944.0,2217.0,2216.0
2011-05-10,C1105,2222.0,2225.0,2217.0,2220.0,530.0,1176.85,玉米1105,4694.0,2220.0,2220.0
2011-05-11,C1105,2224.0,2225.0,2219.0,2220.0,622.0,1380.99,玉米1105,2334.0,2220.0,2220.0
2011-05-12,C1105,2250.0,2250.0,2250.0,2250.0,28.0,63.0,玉米1105,176.0,2250.0,2250.0
2011-05-13,C1105,0.0,0.0,0.0,2250.0,0.0,0.0,玉米1105,80.0,2250.0,2250.0
2011-05-16,C1105,0.0,0.0,0.0,2250.0,0.0,0.0,玉米1105,0.0,2222.0,2250.0
