date,symbol,open,high,low,close,volume,amount,name,openinterest,settleprice,price
2010-11-15,C1111,2307.0,2417.0,2307.0,2416.0,94.0,224.87,玉米1111,44.0,2392.0,2416.0
2010-11-16,C1111,2420.0,2420.0,2376.0,2387.0,138.0,330.3,玉米1111,72.0,2393.0,2387.0
2010-11-17,C1111,2347.0,2347.0,2298.0,2298.0,184.0,427.37,玉米1111,74.0,2322.0,2298.0
2010-11-18,C1111,2338.0,2340.0,2301.0,2330.0,104.0,241.73,玉米1111,68.0,2324.0,2330.0
2010-11-19,C1111,2360.0,2360.0,2308.0,2334.0,250.0,580.44,玉米1111,274.0,2321.0,2334.0
2010-11-22,C1111,2313.0,2323.0,2310.0,2315.0,76.0,175.9,玉米1111,276.0,2314.0,2315.0
2010-11-23,C1111,2311.0,2319.0,2250.0,2290.0,258.0,592.87,玉米1111,306.0,2297.0,2290.0
2010-11-24,C1111,2321.0,2321.0,2283.0,2302.0,92.0,211.72,玉米1111,316.0,2301.0,2302.0
2010-11-25,C1111,2304.0,2328.0,2304.0,2313.0,320.0,741.86,玉米1111,464.0,2318.0,2313.0
2010-11-26,C1111,2308.0,2312.0,2279.0,2286.0,324.0,743.29,玉米1111,504.0,2294.0,2286.0
2010-11-29,C1111,2281.0,2292.0,2280.0,2292.0,180.0,411.0,玉米1111,454.0,2283.0,2292.0
2010-11-30,C1111,2283.0,2298.0,2280.0,2290.0,92.0,210.28,玉米1111,454.0,2285.0,2290.0
2010-12-01,C1111,2284.0,2298.0,2279.0,2290.0,72.0,165.03,玉米1111,448.0,2292.0,2290.0
2010-12-02,C1111,2320.0,2320.0,2294.0,2294.0,246.0,565.92,玉米1111,526.0,2300.0,2294.0
2010-12-03,C1111,2292.0,2300.0,2287.0,2296.0,174.0,399.46,玉米1111,500.0,2295.0,2296.0
2010-12-06,C1111,2300.0,2305.0,2293.0,2296.0,292.0,671.69,玉米1111,652.0,2300.0,2296.0
2010-12-07,C1111,2296.0,2309.0,2291.0,2309.0,402.0,925.84,玉米1111,834.0,2303.0,2309.0
2010-12-08,C1111,2296.0,2305.0,2296.0,2297.0,128.0,294.48,玉米1111,830.0,2300.0,2297.0
2010-12-09,C1111,2300.0,2366.0,2300.0,2340.0,648.0,1506.34,玉米1111,1194.0,2324.0,2340.0
2010-12-10,C1111,2329.0,2349.0,2326.0,2346.0,988.0,2311.08,玉米1111,1464.0,2339.0,2346.0
2010-12-13,C1111,2339.0,2370.0,2339.0,2370.0,970.0,2287.95,玉米1111,1962.0,2358.0,2370.0
2010-12-14,C1111,2371.0,2393.0,2366.0,2392.0,1842.0,4388.32,玉米1111,2556.0,2382.0,2392.0
2010-12-15,C1111,2387.0,2400.0,2356.0,2361.0,3974.0,9445.77,玉米1111,4522.0,2376.0,2361.0
2010-12-16,C1111,2361.0,2370.0,2350.0,2355.0,1946.0,4591.91,玉米1111,5354.0,2359.0,2355.0
2010-12-17,C1111,2354.0,2369.0,2354.0,2369.0,564.0,1332.8,玉米1111,5346.0,2363.0,2369.0
2010-12-20,C1111,2378.0,2378.0,2363.0,2367.0,896.0,2123.89,玉米1111,5430.0,2370.0,2367.0
2010-12-21,C1111,2373.0,2373.0,2357.0,2363.0,766.0,1809.98,玉米1111,5196.0,2362.0,2363.0
2010-12-22,C1111,2365.0,2372.0,2361.0,2362.0,250.0,591.64,玉米1111,5186.0,2366.0,2362.0
2010-12-23,C1111,2365.0,2375.0,2365.0,2375.0,278.0,658.86,玉米1111,5236.0,2369.0,2375.0
2010-12-24,C1111,2377.0,2380.0,2372.0,2377.0,340.0,808.35,玉米1111,5246.0,2377.0,2377.0
2010-12-27,C1111,2363.0,2390.0,2362.0,2369.0,658.0,1562.39,玉米1111,5254.0,2374.0,2369.0
2010-12-28,C1111,2378.0,2382.0,2361.0,2361.0,514.0,1220.39,玉米1111,5170.0,2374.0,2361.0
2010-12-29,C1111,2368.0,2368.0,2341.0,2349.0,914.0,2147.63,玉米1111,5242.0,2349.0,2349.0
2010-12-30,C1111,2349.0,2393.0,2345.0,2367.0,1284.0,3029.88,玉米1111,5696.0,2359.0,2367.0
2010-12-31,C1111,2361.0,2375.0,2360.0,2364.0,2490.0,5899.66,玉米1111,7702.0,2369.0,2364.0
2011-01-04,C1111,2365.0,2390.0,2365.0,2376.0,968.0,2303.43,玉米1111,7680.0,2379.0,2376.0
2011-01-05,C1111,2372.0,2375.0,2368.0,2369.0,1404.0,3327.7,玉米1111,8078.0,2370.0,2369.0
2011-01-06,C1111,2376.0,2378.0,2373.0,2374.0,284.0,674.51,玉米1111,8098.0,2375.0,2374.0
2011-01-07,C1111,2365.0,2368.0,2346.0,2348.0,1602.0,3774.04,玉米1111,8026.0,2355.0,2348.0
2011-01-10,C1111,2343.0,2352.0,2341.0,2348.0,2142.0,5032.55,玉米1111,8180.0,2349.0,2348.0
2011-01-11,C1111,2353.0,2354.0,2336.0,2344.0,2166.0,5078.31,玉米1111,7176.0,2344.0,2344.0
2011-01-12,C1111,2344.0,2355.0,2344.0,2351.0,542.0,1273.24,玉米1111,7242.0,2349.0,2351.0
2011-01-13,C1111,2363.0,2375.0,2362.0,2362.0,498.0,1178.51,玉米1111,7144.0,2366.0,2362.0
2011-01-14,C1111,2365.0,2381.0,2362.0,2379.0,1014.0,2409.38,玉米1111,7078.0,2376.0,2379.0
2011-01-17,C1111,2382.0,2392.0,2377.0,2385.0,2226.0,5311.08,玉米1111,7010.0,2385.0,2385.0
2011-01-18,C1111,2380.0,2528.0,2370.0,2400.0,1828.0,4377.16,玉米1111,7256.0,2394.0,2400.0
2011-01-19,C1111,2399.0,2406.0,2395.0,2399.0,1184.0,2842.27,玉米1111,6868.0,2400.0,2399.0
2011-01-20,C1111,2388.0,2392.0,2377.0,2378.0,1016.0,2421.83,玉米1111,6868.0,2383.0,2378.0
2011-01-21,C1111,2382.0,2389.0,2381.0,2385.0,426.0,1015.64,玉米1111,6928.0,2384.0,2385.0
2011-01-24,C1111,2399.0,2399.0,2386.0,2398.0,636.0,1523.41,玉米1111,7032.0,2395.0,2398.0
2011-01-25,C1111,2393.0,2399.0,2384.0,2389.0,1036.0,2476.71,玉米1111,6978.0,2390.0,2389.0
2011-01-26,C1111,2386.0,2386.0,2363.0,2373.0,1410.0,3344.54,玉米1111,7036.0,2372.0,2373.0
2011-01-27,C1111,2379.0,2384.0,2377.0,2380.0,1726.0,4107.61,玉米1111,5588.0,2379.0,2380.0
2011-01-28,C1111,2375.0,2384.0,2375.0,2380.0,148.0,352.33,玉米1111,5558.0,2380.0,2380.0
2011-01-31,C1111,2380.0,2398.0,2380.0,2394.0,922.0,2203.66,玉米1111,5044.0,2390.0,2394.0
2011-02-01,C1111,2398.0,2417.0,2398.0,2412.0,314.0,756.3,玉米1111,4888.0,2408.0,2412.0
2011-02-09,C1111,2421.0,2472.0,2415.0,2454.0,838.0,2050.99,玉米1111,4434.0,2447.0,2454.0
2011-02-10,C1111,2452.0,2466.0,2449.0,2459.0,516.0,1269.62,玉米1111,4394.0,2460.0,2459.0
2011-02-11,C1111,2459.0,2480.0,2459.0,2466.0,206.0,508.36,玉米1111,4396.0,2467.0,2466.0
2011-02-14,C1111,2480.0,2510.0,2470.0,2508.0,996.0,2490.16,玉米1111,4364.0,2500.0,2508.0
2011-02-15,C1111,2500.0,2504.0,2493.0,2494.0,758.0,1894.79,玉米1111,4364.0,2499.0,2494.0
2011-02-16,C1111,2491.0,2491.0,2466.0,2470.0,654.0,1618.53,玉米1111,4360.0,2474.0,2470.0
2011-02-17,C1111,2479.0,2492.0,2464.0,2464.0,214.0,530.85,玉米1111,4354.0,2480.0,2464.0
2011-02-18,C1111,2480.0,2500.0,2479.0,2483.0,578.0,1440.31,玉米1111,4392.0,2491.0,2483.0
2011-02-21,C1111,2479.0,2488.0,2475.0,2484.0,366.0,908.73,玉米1111,4366.0,2482.0,2484.0
2011-02-22,C1111,2496.0,2502.0,2466.0,2482.0,600.0,1486.94,玉米1111,4382.0,2478.0,2482.0
2011-02-23,C1111,2454.0,2454.0,2418.0,2435.0,1466.0,3576.09,玉米1111,4426.0,2439.0,2435.0
2011-02-24,C1111,2430.0,2450.0,2421.0,2429.0,1050.0,2554.33,玉米1111,4636.0,2432.0,2429.0
2011-02-25,C1111,2418.0,2448.0,2418.0,2448.0,218.0,531.19,玉米1111,4612.0,2436.0,2448.0
2011-02-28,C1111,2469.0,2474.0,2459.0,2466.0,508.0,1251.9,玉米1111,4462.0,2464.0,2466.0
2011-03-01,C1111,2466.0,2470.0,2454.0,2458.0,368.0,905.34,玉米1111,4434.0,2460.0,2458.0
2011-03-02,C1111,2459.0,2468.0,2447.0,2464.0,462.0,1135.46,玉米1111,4444.0,2457.0,2464.0
2011-03-03,C1111,2460.0,2462.0,2455.0,2455.0,404.0,992.86,玉米1111,4472.0,2457.0,2455.0
2011-03-04,C1111,2462.0,2464.0,2451.0,2458.0,398.0,977.21,玉米1111,4464.0,2455.0,2458.0
2011-03-07,C1111,2454.0,2468.0,2452.0,2467.0,164.0,403.44,玉米1111,4428.0,2460.0,2467.0
2011-03-08,C1111,2465.0,2468.0,2441.0,2446.0,602.0,1476.28,玉米1111,4408.0,2452.0,2446.0
2011-03-09,C1111,2445.0,2450.0,2444.0,2447.0,126.0,308.32,玉米1111,4386.0,2446.0,2447.0
2011-03-10,C1111,2442.0,2443.0,2418.0,2429.0,492.0,1195.38,玉米1111,4410.0,2429.0,2429.0
2011-03-11,C1111,2411.0,2430.0,2411.0,2416.0,252.0,610.29,玉米1111,4382.0,2421.0,2416.0
2011-03-14,C1111,2416.0,2423.0,2406.0,2407.0,610.0,1472.19,玉米1111,4344.0,2413.0,2407.0
2011-03-15,C1111,2413.0,2422.0,2400.0,2415.0,750.0,1807.2,玉米1111,4360.0,2409.0,2415.0
2011-03-16,C1111,2410.0,2410.0,2397.0,2406.0,1064.0,2557.32,玉米1111,4350.0,2403.0,2406.0
2011-03-17,C1111,2400.0,2410.0,2397.0,2410.0,244.0,585.94,玉米1111,4362.0,2401.0,2410.0
2011-03-18,C1111,2418.0,2426.0,2415.0,2415.0,266.0,643.34,玉米1111,4362.0,2418.0,2415.0
2011-03-21,C1111,2417.0,2426.0,2415.0,2419.0,96.0,232.33,玉米1111,4358.0,2420.0,2419.0
2011-03-22,C1111,2420.0,2420.0,2412.0,2414.0,192.0,463.94,玉米1111,4350.0,2416.0,2414.0
2011-03-23,C1111,2416.0,2434.0,2415.0,2434.0,580.0,1407.54,玉米1111,4328.0,2426.0,2434.0
2011-03-24,C1111,2428.0,2430.0,2402.0,2403.0,758.0,1829.22,玉米1111,4556.0,2413.0,2403.0
2011-03-25,C1111,2412.0,2433.0,2412.0,2425.0,2014.0,4891.68,玉米1111,4494.0,2428.0,2425.0
2011-03-28,C1111,2421.0,2424.0,2403.0,2408.0,1862.0,4489.51,玉米1111,4658.0,2411.0,2408.0
2011-03-29,C1111,2397.0,2405.0,2391.0,2399.0,1022.0,2449.49,玉米1111,4668.0,2396.0,2399.0
2011-03-30,C1111,2402.0,2426.0,2396.0,2402.0,5228.0,12600.37,玉米1111,4676.0,2410.0,2402.0
2011-03-31,C1111,2399.0,2402.0,2392.0,2396.0,1028.0,2464.38,玉米1111,4718.0,2397.0,2396.0
2011-04-01,C1111,2408.0,2416.0,2403.0,2412.0,1020.0,2458.08,玉米1111,4652.0,2409.0,2412.0
2011-04-06,C1111,2421.0,2434.0,2416.0,2431.0,2002.0,4862.38,玉米1111,4604.0,2428.0,2431.0
2011-04-07,C1111,2428.0,2432.0,2418.0,2423.0,900.0,2182.72,玉米1111,4394.0,2425.0,2423.0
2011-04-08,C1111,2423.0,2430.0,2419.0,2426.0,666.0,1614.26,玉米1111,4392.0,2423.0,2426.0
2011-04-11,C1111,2433.0,2459.0,2430.0,2450.0,958.0,2344.99,玉米1111,4404.0,2447.0,2450.0
2011-04-12,C1111,2446.0,2451.0,2426.0,2434.0,876.0,2135.91,玉米1111,4368.0,2438.0,2434.0
2011-04-13,C1111,2430.0,2431.0,2421.0,2431.0,626.0,1518.64,玉米1111,4322.0,2425.0,2431.0
2011-04-14,C1111,2429.0,2438.0,2425.0,2426.0,324.0,787.48,玉米1111,4348.0,2430.0,2426.0
2011-04-15,C1111,2432.0,2432.0,2420.0,2421.0,544.0,1318.51,玉米1111,4346.0,2423.0,2421.0
2011-04-18,C1111,2414.0,2439.0,2414.0,2433.0,376.0,912.77,玉米1111,4434.0,2427.0,2433.0
2011-04-19,C1111,2436.0,2436.0,2425.0,2428.0,198.0,480.87,玉米1111,4428.0,2428.0,2428.0
2011-04-20,C1111,2431.0,2435.0,2430.0,2433.0,4140.0,10068.6,玉米1111,4438.0,2432.0,2433.0
2011-04-21,C1111,2430.0,2431.0,2419.0,2420.0,404.0,980.07,玉米1111,4446.0,2425.0,2420.0
2011-04-22,C1111,2421.0,2425.0,2414.0,2423.0,412.0,997.25,玉米1111,4442.0,2420.0,2423.0
2011-04-25,C1111,2421.0,2428.0,2421.0,2427.0,164.0,397.64,玉米1111,4438.0,2424.0,2427.0
2011-04-26,C1111,2423.0,2433.0,2420.0,2427.0,426.0,1033.65,玉米1111,4418.0,2426.0,2427.0
2011-04-27,C1111,2427.0,2427.0,2416.0,2418.0,368.0,890.92,玉米1111,4422.0,2420.0,2418.0
2011-04-28,C1111,2421.0,2422.0,2415.0,2417.0,302.0,730.33,玉米1111,4414.0,2418.0,2417.0
2011-04-29,C1111,2411.0,2411.0,2377.0,2378.0,1168.0,2792.7,玉米1111,4386.0,2391.0,2378.0
2011-05-03,C1111,2378.0,2394.0,2378.0,2389.0,466.0,1113.38,玉米1111,4374.0,2389.0,2389.0
2011-05-04,C1111,2389.0,2392.0,2386.0,2386.0,238.0,568.75,玉米1111,4378.0,2389.0,2386.0
2011-05-05,C1111,2388.0,2397.0,2384.0,2393.0,584.0,1397.01,玉米1111,4360.0,2392.0,2393.0
2011-05-06,C1111,2384.0,2389.0,2367.0,2378.0,818.0,1948.3,玉米1111,4378.0,2381.0,2378.0
2011-05-09,C1111,2395.0,2418.0,2389.0,2396.0,410.0,982.31,玉米1111,4478.0,2395.0,2396.0
2011-05-10,C1111,2399.0,2409.0,2394.0,2407.0,502.0,1206.21,玉米1111,4494.0,2402.0,2407.0
2011-05-11,C1111,2402.0,2410.0,2402.0,2404.0,302.0,726.45,玉米1111,4488.0,2405.0,2404.0
2011-05-12,C1111,2392.0,2401.0,2389.0,2390.0,398.0,953.57,玉米1111,4490.0,2395.0,2390.0
2011-05-13,C1111,2398.0,2405.0,2396.0,2403.0,246.0,590.54,玉米1111,4476.0,2400.0,2403.0
2011-05-16,C1111,2405.0,2406.0,2400.0,2405.0,470.0,1129.76,玉米1111,4484.0,2403.0,2405.0
2011-05-17,C1111,2409.0,2409.0,2400.0,2401.0,666.0,1600.17,玉米1111,4476.0,2402.0,2401.0
2011-05-18,C1111,2408.0,2411.0,2400.0,2402.0,496.0,1193.28,玉米1111,4482.0,2405.0,2402.0
2011-05-19,C1111,2408.0,2414.0,2408.0,2410.0,328.0,791.27,玉米1111,4476.0,2412.0,2410.0
2011-05-20,C1111,2410.0,2414.0,2410.0,2414.0,144.0,347.41,玉米1111,4472.0,2412.0,2414.0
2011-05-23,C1111,2416.0,2432.0,2416.0,2425.0,588.0,1426.5,玉米1111,4484.0,2426.0,2425.0
2011-05-24,C1111,2426.0,2430.0,2423.0,2428.0,310.0,752.03,玉米1111,4432.0,2425.0,2428.0
2011-05-25,C1111,2425.0,2430.0,2425.0,2428.0,234.0,568.04,玉米1111,4434.0,2427.0,2428.0
2011-05-26,C1111,2430.0,2439.0,2429.0,2438.0,406.0,987.98,玉米1111,4462.0,2433.0,2438.0
2011-05-27,C1111,2435.0,2443.0,2430.0,2434.0,186.0,452.82,玉米1111,4474.0,2434.0,2434.0
2011-05-30,C1111,2442.0,2448.0,2438.0,2444.0,496.0,1212.27,玉米1111,4556.0,2444.0,2444.0
2011-05-31,C1111,2441.0,2441.0,2433.0,2434.0,142.0,345.99,玉米1111,4548.0,2436.0,2434.0
2011-06-01,C1111,2435.0,2435.0,2428.0,2429.0,92.0,223.66,玉米1111,4530.0,2431.0,2429.0
2011-06-02,C1111,2433.0,2434.0,2430.0,2433.0,58.0,141.08,玉米1111,4528.0,2432.0,2433.0
2011-06-03,C1111,2435.0,2443.0,2435.0,2442.0,144.0,351.34,玉米1111,4530.0,2439.0,2442.0
2011-06-07,C1111,2435.0,2435.0,2423.0,2425.0,238.0,577.38,玉米1111,4494.0,2425.0,2425.0
2011-06-08,C1111,2424.0,2427.0,2424.0,2425.0,78.0,189.19,玉米1111,4488.0,2425.0,2425.0
2011-06-09,C1111,2432.0,2433.0,2428.0,2428.0,78.0,189.56,玉米1111,4508.0,2430.0,2428.0
2011-06-10,C1111,2437.0,2437.0,2428.0,2428.0,90.0,218.79,玉米1111,4490.0,2431.0,2428.0
2011-06-13,C1111,2433.0,2438.0,2433.0,2436.0,72.0,175.3,玉米1111,4466.0,2434.0,2436.0
2011-06-14,C1111,2431.0,2432.0,2429.0,2429.0,94.0,228.48,玉米1111,4458.0,2430.0,2429.0
2011-06-15,C1111,2428.0,2430.0,2427.0,2428.0,76.0,184.59,玉米1111,4464.0,2428.0,2428.0
2011-06-16,C1111,2424.0,2425.0,2409.0,2410.0,330.0,797.46,玉米1111,4456.0,2416.0,2410.0
2011-06-17,C1111,2405.0,2409.0,2396.0,2397.0,858.0,2062.48,玉米1111,4536.0,2403.0,2397.0
2011-06-20,C1111,2400.0,2403.0,2397.0,2397.0,262.0,628.66,玉米1111,4542.0,2399.0,2397.0
2011-06-21,C1111,2402.0,2407.0,2402.0,2407.0,124.0,298.22,玉米1111,4484.0,2404.0,2407.0
2011-06-22,C1111,2410.0,2410.0,2399.0,2403.0,156.0,374.96,玉米1111,4472.0,2403.0,2403.0
2011-06-23,C1111,2393.0,2393.0,2375.0,2381.0,288.0,685.99,玉米1111,4496.0,2381.0,2381.0
2011-06-24,C1111,2386.0,2388.0,2383.0,2385.0,76.0,181.27,玉米1111,4508.0,2385.0,2385.0
2011-06-27,C1111,2377.0,2377.0,2355.0,2355.0,404.0,955.04,玉米1111,4574.0,2363.0,2355.0
2011-06-28,C1111,2360.0,2360.0,2330.0,2338.0,744.0,1743.34,玉米1111,4552.0,2343.0,2338.0
2011-06-29,C1111,2352.0,2355.0,2347.0,2350.0,108.0,253.87,玉米1111,4542.0,2350.0,2350.0
2011-06-30,C1111,2350.0,2350.0,2330.0,2339.0,274.0,640.43,玉米1111,4536.0,2337.0,2339.0
2011-07-01,C1111,2330.0,2330.0,2300.0,2303.0,622.0,1435.35,玉米1111,4558.0,2307.0,2303.0
2011-07-04,C1111,2330.0,2330.0,2305.0,2318.0,576.0,1333.72,玉米1111,4552.0,2315.0,2318.0
2011-07-05,C1111,2316.0,2317.0,2305.0,2313.0,274.0,633.27,玉米1111,4520.0,2311.0,2313.0
2011-07-06,C1111,2320.0,2327.0,2302.0,2324.0,644.0,1490.02,玉米1111,4510.0,2313.0,2324.0
2011-07-07,C1111,2324.0,2327.0,2319.0,2323.0,232.0,538.96,玉米1111,4422.0,2323.0,2323.0
2011-07-08,C1111,2323.0,2334.0,2323.0,2329.0,96.0,223.71,玉米1111,4418.0,2330.0,2329.0
2011-07-11,C1111,2335.0,2335.0,2325.0,2325.0,54.0,125.78,玉米1111,4422.0,2329.0,2325.0
2011-07-12,C1111,2317.0,2317.0,2305.0,2310.0,144.0,332.66,玉米1111,4412.0,2310.0,2310.0
2011-07-13,C1111,2350.0,2350.0,2330.0,2338.0,206.0,480.93,玉米1111,4402.0,2334.0,2338.0
2011-07-14,C1111,2350.0,2353.0,2341.0,2346.0,278.0,652.52,玉米1111,4420.0,2347.0,2346.0
2011-07-15,C1111,2341.0,2346.0,2340.0,2345.0,98.0,229.68,玉米1111,4432.0,2343.0,2345.0
2011-07-18,C1111,2342.0,2355.0,2342.0,2348.0,106.0,249.25,玉米1111,4436.0,2351.0,2348.0
2011-07-19,C1111,2348.0,2354.0,2348.0,2354.0,42.0,98.71,玉米1111,4434.0,2350.0,2354.0
2011-07-20,C1111,2352.0,2357.0,2351.0,2351.0,56.0,131.8,玉米1111,4434.0,2353.0,2351.0
2011-07-21,C1111,2346.0,2351.0,2345.0,2350.0,102.0,239.57,玉米1111,4432.0,2348.0,2350.0
2011-07-22,C1111,2349.0,2353.0,2349.0,2351.0,30.0,70.51,玉米1111,4432.0,2350.0,2351.0
2011-07-25,C1111,2349.0,2350.0,2343.0,2349.0,72.0,169.01,玉米1111,4418.0,2347.0,2349.0
2011-07-26,C1111,2353.0,2357.0,2351.0,2357.0,66.0,155.35,玉米1111,4416.0,2353.0,2357.0
2011-07-27,C1111,2359.0,2367.0,2359.0,2365.0,210.0,496.67,玉米1111,4334.0,2365.0,2365.0
2011-07-28,C1111,2364.0,2366.0,2359.0,2360.0,98.0,231.57,玉米1111,4282.0,2362.0,2360.0
2011-07-29,C1111,2362.0,2364.0,2354.0,2354.0,284.0,670.12,玉米1111,4256.0,2359.0,2354.0
2011-08-01,C1111,2356.0,2360.0,2354.0,2358.0,94.0,221.56,玉米1111,4252.0,2356.0,2358.0
2011-08-02,C1111,2362.0,2368.0,2361.0,2363.0,842.0,1991.18,玉米1111,3972.0,2364.0,2363.0
2011-08-03,C1111,2372.0,2374.0,2367.0,2371.0,86.0,203.94,玉米1111,3980.0,2371.0,2371.0
2011-08-04,C1111,2370.0,2374.0,2364.0,2366.0,906.0,2146.06,玉米1111,3872.0,2368.0,2366.0
2011-08-05,C1111,2358.0,2358.0,2341.0,2348.0,534.0,1255.73,玉米1111,3850.0,2351.0,2348.0
2011-08-08,C1111,2353.0,2359.0,2352.0,2359.0,256.0,602.92,玉米1111,3770.0,2355.0,2359.0
2011-08-09,C1111,2351.0,2370.0,2339.0,2356.0,502.0,1181.57,玉米1111,3772.0,2353.0,2356.0
2011-08-10,C1111,2363.0,2365.0,2357.0,2357.0,48.0,113.28,玉米1111,3776.0,2359.0,2357.0
2011-08-11,C1111,2352.0,2374.0,2347.0,2373.0,1100.0,2601.44,玉米1111,3296.0,2364.0,2373.0
2011-08-12,C1111,2376.0,2378.0,2367.0,2367.0,194.0,460.43,玉米1111,3212.0,2373.0,2367.0
2011-08-15,C1111,2377.0,2377.0,2368.0,2371.0,448.0,1062.07,玉米1111,2880.0,2370.0,2371.0
2011-08-16,C1111,2370.0,2370.0,2361.0,2361.0,82.0,194.02,玉米1111,2814.0,2366.0,2361.0
2011-08-17,C1111,2363.0,2363.0,2360.0,2360.0,34.0,80.29,玉米1111,2820.0,2361.0,2360.0
2011-08-18,C1111,2359.0,2359.0,2349.0,2350.0,148.0,348.27,玉米1111,2824.0,2353.0,2350.0
2011-08-19,C1111,2348.0,2358.0,2345.0,2353.0,220.0,517.05,玉米1111,2806.0,2350.0,2353.0
2011-08-22,C1111,2359.0,2360.0,2352.0,2352.0,40.0,94.32,玉米1111,2808.0,2357.0,2352.0
2011-08-23,C1111,2361.0,2361.0,2349.0,2352.0,76.0,178.73,玉米1111,2794.0,2351.0,2352.0
2011-08-24,C1111,2351.0,2353.0,2348.0,2350.0,240.0,564.02,玉米1111,2718.0,2350.0,2350.0
2011-08-25,C1111,2348.0,2349.0,2344.0,2345.0,264.0,619.51,玉米1111,2708.0,2346.0,2345.0
2011-08-26,C1111,2348.0,2352.0,2347.0,2347.0,280.0,657.86,玉米1111,2656.0,2349.0,2347.0
2011-08-29,C1111,2350.0,2361.0,2350.0,2361.0,134.0,315.61,玉米1111,2640.0,2355.0,2361.0
2011-08-30,C1111,2362.0,2367.0,2362.0,2365.0,158.0,373.65,玉米1111,2592.0,2364.0,2365.0
2011-08-31,C1111,2366.0,2375.0,2366.0,2371.0,334.0,792.01,玉米1111,2570.0,2371.0,2371.0
2011-09-01,C1111,2373.0,2380.0,2372.0,2377.0,586.0,1392.3,玉米1111,2766.0,2375.0,2377.0
2011-09-02,C1111,2380.0,2383.0,2376.0,2382.0,120.0,285.54,玉米1111,2788.0,2379.0,2382.0
2011-09-05,C1111,2386.0,2391.0,2380.0,2387.0,242.0,577.53,玉米1111,2824.0,2386.0,2387.0
2011-09-06,C1111,2386.0,2391.0,2384.0,2391.0,120.0,286.45,玉米1111,2816.0,2387.0,2391.0
2011-09-07,C1111,2388.0,2395.0,2387.0,2391.0,132.0,315.6,玉米1111,2854.0,2390.0,2391.0
2011-09-08,C1111,2387.0,2392.0,2384.0,2388.0,96.0,229.29,玉米1111,2848.0,2388.0,2388.0
2011-09-09,C1111,2389.0,2394.0,2387.0,2393.0,96.0,229.6,玉米1111,2846.0,2391.0,2393.0
2011-09-13,C1111,2391.0,2396.0,2390.0,2395.0,78.0,186.7,玉米1111,2828.0,2393.0,2395.0
2011-09-14,C1111,2392.0,2403.0,2392.0,2401.0,278.0,666.51,玉米1111,2996.0,2397.0,2401.0
2011-09-15,C1111,2400.0,2435.0,2400.0,2404.0,434.0,1044.45,玉米1111,2970.0,2406.0,2404.0
2011-09-16,C1111,2406.0,2420.0,2406.0,2419.0,202.0,487.47,玉米1111,3066.0,2413.0,2419.0
2011-09-19,C1111,2415.0,2421.0,2413.0,2419.0,172.0,415.84,玉米1111,3080.0,2417.0,2419.0
2011-09-20,C1111,2422.0,2431.0,2422.0,2427.0,258.0,625.99,玉米1111,2996.0,2426.0,2427.0
2011-09-21,C1111,2422.0,2434.0,2420.0,2426.0,122.0,295.84,玉米1111,2966.0,2424.0,2426.0
2011-09-22,C1111,2423.0,2429.0,2421.0,2426.0,262.0,635.4,玉米1111,2868.0,2425.0,2426.0
2011-09-23,C1111,2429.0,2429.0,2404.0,2410.0,492.0,1185.92,玉米1111,2850.0,2410.0,2410.0
2011-09-26,C1111,2409.0,2419.0,2409.0,2415.0,308.0,743.65,玉米1111,2826.0,2414.0,2415.0
2011-09-27,C1111,2424.0,2453.0,2424.0,2443.0,1080.0,2639.01,玉米1111,2418.0,2443.0,2443.0
2011-09-28,C1111,2430.0,2439.0,2398.0,2400.0,698.0,1683.65,玉米1111,2536.0,2412.0,2400.0
2011-09-29,C1111,2392.0,2403.0,2381.0,2401.0,334.0,799.88,玉米1111,2566.0,2394.0,2401.0
2011-09-30,C1111,2417.0,2419.0,2397.0,2398.0,486.0,1170.43,玉米1111,2694.0,2408.0,2398.0
2011-10-10,C1111,2408.0,2408.0,2389.0,2390.0,166.0,397.28,玉米1111,2626.0,2393.0,2390.0
2011-10-11,C1111,2394.0,2399.0,2377.0,2377.0,266.0,635.17,玉米1111,2538.0,2387.0,2377.0
2011-10-12,C1111,2388.0,2397.0,2381.0,2395.0,196.0,468.54,玉米1111,2590.0,2390.0,2395.0
2011-10-13,C1111,2392.0,2392.0,2383.0,2391.0,110.0,262.58,玉米1111,2592.0,2387.0,2391.0
2011-10-14,C1111,2399.0,2405.0,2389.0,2395.0,264.0,632.84,玉米1111,2590.0,2397.0,2395.0
2011-10-17,C1111,2402.0,2402.0,2382.0,2390.0,446.0,1069.6,玉米1111,2588.0,2398.0,2390.0
2011-10-18,C1111,2390.0,2391.0,2360.0,2365.0,226.0,536.05,玉米1111,2586.0,2371.0,2365.0
2011-10-19,C1111,2368.0,2368.0,2339.0,2350.0,774.0,1827.27,玉米1111,2622.0,2360.0,2350.0
2011-10-20,C1111,2342.0,2347.0,2330.0,2340.0,58.0,135.55,玉米1111,2622.0,2337.0,2340.0
2011-10-21,C1111,2367.0,2367.0,2341.0,2353.0,184.0,433.23,玉米1111,2626.0,2354.0,2353.0
2011-10-24,C1111,2345.0,2363.0,2336.0,2358.0,96.0,225.89,玉米1111,2624.0,2353.0,2358.0
2011-10-25,C1111,2448.0,2448.0,2346.0,2348.0,336.0,790.62,玉米1111,2624.0,2353.0,2348.0
2011-10-26,C1111,2351.0,2356.0,2345.0,2355.0,62.0,145.72,玉米1111,2608.0,2350.0,2355.0
2011-10-27,C1111,2350.0,2369.0,2350.0,2358.0,264.0,622.39,玉米1111,2608.0,2357.0,2358.0
2011-10-28,C1111,2361.0,2367.0,2355.0,2361.0,112.0,264.39,玉米1111,2604.0,2360.0,2361.0
2011-10-31,C1111,2345.0,2371.0,2343.0,2371.0,88.0,207.25,玉米1111,2600.0,2355.0,2371.0
2011-11-01,C1111,2400.0,2400.0,2400.0,2400.0,30.0,72.0,玉米1111,1920.0,2400.0,2400.0
2011-11-02,C1111,2261.0,2261.0,2261.0,2261.0,2.0,4.53,玉米1111,1634.0,2261.0,2261.0
2011-11-03,C1111,2350.0,2350.0,2350.0,2350.0,4.0,9.4,玉米1111,1638.0,2350.0,2350.0
2011-11-04,C1111,0.0,0.0,0.0,2350.0,0.0,0.0,玉米1111,1638.0,2350.0,2350.0
2011-11-07,C1111,2301.0,2301.0,2301.0,2301.0,2.0,4.61,玉米1111,1638.0,2301.0,2301.0
2011-11-08,C1111,2350.0,2350.0,2350.0,2350.0,8.0,18.8,玉米1111,1646.0,2350.0,2350.0
2011-11-09,C1111,2350.0,2350.0,2350.0,2350.0,2.0,4.7,玉米1111,1648.0,2350.0,2350.0
2011-11-10,C1111,0.0,0.0,0.0,2350.0,0.0,0.0,玉米1111,1390.0,2350.0,2350.0
2011-11-11,C1111,0.0,0.0,0.0,2350.0,0.0,0.0,玉米1111,1390.0,2350.0,2350.0
2011-11-14,C1111,0.0,0.0,0.0,2350.0,0.0,0.0,玉米1111,0.0,2375.0,2350.0
