date,symbol,open,high,low,close,volume,amount,name,openinterest,settleprice,price
2011-09-16,C1209,2428.0,2449.0,2428.0,2449.0,17700.0,43281.63,玉米1209,16012.0,2445.0,2449.0
2011-09-19,C1209,2445.0,2446.0,2429.0,2430.0,21366.0,52005.92,玉米1209,34752.0,2434.0,2430.0
2011-09-20,C1209,2435.0,2445.0,2433.0,2442.0,14154.0,34534.77,玉米1209,46512.0,2439.0,2442.0
2011-09-21,C1209,2437.0,2440.0,2423.0,2428.0,32162.0,78239.97,玉米1209,60572.0,2432.0,2428.0
2011-09-22,C1209,2415.0,2419.0,2377.0,2408.0,33640.0,81149.33,玉米1209,76182.0,2412.0,2408.0
2011-09-23,C1209,2375.0,2395.0,2344.0,2355.0,52726.0,124888.92,玉米1209,82836.0,2368.0,2355.0
2011-09-26,C1209,2360.0,2360.0,2308.0,2310.0,25790.0,60203.37,玉米1209,88546.0,2334.0,2310.0
2011-09-27,C1209,2334.0,2357.0,2333.0,2347.0,24396.0,57316.18,玉米1209,94238.0,2349.0,2347.0
2011-09-28,C1209,2343.0,2343.0,2323.0,2326.0,19894.0,46378.97,玉米1209,98808.0,2331.0,2326.0
2011-09-29,C1209,2300.0,2319.0,2275.0,2315.0,25110.0,57807.61,玉米1209,95424.0,2302.0,2315.0
2011-09-30,C1209,2320.0,2345.0,2313.0,2333.0,31118.0,72686.03,玉米1209,88862.0,2335.0,2333.0
2011-10-10,C1209,2325.0,2325.0,2310.0,2312.0,40878.0,94690.85,玉米1209,94180.0,2316.0,2312.0
2011-10-11,C1209,2321.0,2321.0,2258.0,2262.0,63888.0,146098.85,玉米1209,103854.0,2286.0,2262.0
2011-10-12,C1209,2278.0,2300.0,2269.0,2292.0,44360.0,101412.53,玉米1209,106270.0,2286.0,2292.0
2011-10-13,C1209,2285.0,2293.0,2277.0,2285.0,28058.0,64065.07,玉米1209,108882.0,2283.0,2285.0
2011-10-14,C1209,2290.0,2331.0,2286.0,2327.0,46678.0,108061.2,玉米1209,94310.0,2315.0,2327.0
2011-10-17,C1209,2330.0,2339.0,2319.0,2324.0,21254.0,49513.46,玉米1209,91558.0,2329.0,2324.0
2011-10-18,C1209,2320.0,2320.0,2298.0,2300.0,37198.0,85778.0,玉米1209,91086.0,2305.0,2300.0
2011-10-19,C1209,2306.0,2322.0,2294.0,2304.0,32504.0,74933.7,玉米1209,95276.0,2305.0,2304.0
2011-10-20,C1209,2293.0,2293.0,2276.0,2289.0,33658.0,76785.61,玉米1209,102606.0,2281.0,2289.0
2011-10-21,C1209,2298.0,2309.0,2298.0,2306.0,21032.0,48466.42,玉米1209,98954.0,2304.0,2306.0
2011-10-24,C1209,2310.0,2321.0,2288.0,2316.0,39066.0,90147.41,玉米1209,87656.0,2307.0,2316.0
2011-10-25,C1209,2317.0,2318.0,2305.0,2314.0,22292.0,51532.34,玉米1209,91010.0,2311.0,2314.0
2011-10-26,C1209,2307.0,2317.0,2303.0,2313.0,16398.0,37902.86,玉米1209,91062.0,2311.0,2313.0
2011-10-27,C1209,2307.0,2317.0,2304.0,2316.0,14218.0,32871.87,玉米1209,94254.0,2311.0,2316.0
2011-10-28,C1209,2323.0,2328.0,2309.0,2311.0,36550.0,84679.95,玉米1209,104304.0,2316.0,2311.0
2011-10-31,C1209,2308.0,2311.0,2288.0,2291.0,17794.0,40885.55,玉米1209,104840.0,2297.0,2291.0
2011-11-01,C1209,2292.0,2301.0,2289.0,2294.0,11992.0,27524.38,玉米1209,106098.0,2295.0,2294.0
2011-11-02,C1209,2290.0,2307.0,2287.0,2306.0,20942.0,48102.63,玉米1209,105440.0,2296.0,2306.0
2011-11-03,C1209,2300.0,2301.0,2282.0,2292.0,24072.0,55160.59,玉米1209,108502.0,2291.0,2292.0
2011-11-04,C1209,2300.0,2302.0,2280.0,2284.0,30924.0,70857.43,玉米1209,108422.0,2291.0,2284.0
2011-11-07,C1209,2284.0,2284.0,2258.0,2266.0,46060.0,104399.22,玉米1209,129518.0,2266.0,2266.0
2011-11-08,C1209,2262.0,2287.0,2262.0,2282.0,46226.0,105218.11,玉米1209,139056.0,2276.0,2282.0
2011-11-09,C1209,2289.0,2291.0,2280.0,2284.0,30034.0,68604.59,玉米1209,141164.0,2284.0,2284.0
2011-11-10,C1209,2279.0,2281.0,2261.0,2278.0,56346.0,128008.03,玉米1209,148988.0,2271.0,2278.0
2011-11-11,C1209,2281.0,2281.0,2266.0,2276.0,27654.0,62875.75,玉米1209,153320.0,2273.0,2276.0
2011-11-14,C1209,2280.0,2280.0,2267.0,2269.0,41544.0,94385.05,玉米1209,154170.0,2271.0,2269.0
2011-11-15,C1209,2229.0,2271.0,2229.0,2270.0,35840.0,81040.4,玉米1209,157778.0,2261.0,2270.0
2011-11-16,C1209,2275.0,2276.0,2261.0,2264.0,22008.0,49889.3,玉米1209,159442.0,2266.0,2264.0
2011-11-17,C1209,2264.0,2270.0,2259.0,2266.0,13718.0,31071.42,玉米1209,157822.0,2265.0,2266.0
2011-11-18,C1209,2248.0,2260.0,2244.0,2254.0,44836.0,101074.02,玉米1209,172168.0,2254.0,2254.0
2011-11-21,C1209,2253.0,2253.0,2225.0,2227.0,106756.0,238510.51,玉米1209,213542.0,2234.0,2227.0
2011-11-22,C1209,2220.0,2223.0,2207.0,2211.0,74896.0,165893.16,玉米1209,236366.0,2214.0,2211.0
2011-11-23,C1209,2213.0,2224.0,2193.0,2202.0,114546.0,252829.32,玉米1209,269838.0,2207.0,2202.0
2011-11-24,C1209,2195.0,2198.0,2177.0,2190.0,122372.0,267777.52,玉米1209,300166.0,2188.0,2190.0
2011-11-25,C1209,2188.0,2195.0,2180.0,2188.0,78846.0,172381.68,玉米1209,317674.0,2186.0,2188.0
2011-11-28,C1209,2195.0,2217.0,2193.0,2212.0,112314.0,247676.41,玉米1209,302068.0,2205.0,2212.0
2011-11-29,C1209,2214.0,2217.0,2204.0,2216.0,77574.0,171535.06,玉米1209,310452.0,2211.0,2216.0
2011-11-30,C1209,2220.0,2220.0,2204.0,2205.0,57434.0,126960.74,玉米1209,315438.0,2210.0,2205.0
2011-12-01,C1209,2230.0,2243.0,2226.0,2227.0,97044.0,216544.19,玉米1209,296160.0,2231.0,2227.0
2011-12-02,C1209,2224.0,2224.0,2209.0,2214.0,85308.0,188992.87,玉米1209,321412.0,2215.0,2214.0
2011-12-05,C1209,2217.0,2225.0,2215.0,2224.0,90604.0,201124.04,玉米1209,355524.0,2219.0,2224.0
2011-12-06,C1209,2220.0,2226.0,2216.0,2226.0,69964.0,155387.53,玉米1209,369850.0,2220.0,2226.0
2011-12-07,C1209,2227.0,2230.0,2222.0,2225.0,56424.0,125566.54,玉米1209,373810.0,2225.0,2225.0
2011-12-08,C1209,2222.0,2227.0,2216.0,2220.0,104598.0,232272.05,玉米1209,394422.0,2220.0,2220.0
2011-12-09,C1209,2225.0,2251.0,2223.0,2249.0,262776.0,589042.74,玉米1209,434618.0,2241.0,2249.0
2011-12-12,C1209,2249.0,2258.0,2245.0,2252.0,200360.0,451043.65,玉米1209,464392.0,2251.0,2252.0
2011-12-13,C1209,2250.0,2253.0,2242.0,2245.0,122048.0,274206.72,玉米1209,461998.0,2246.0,2245.0
2011-12-14,C1209,2246.0,2252.0,2240.0,2250.0,142132.0,319202.18,玉米1209,483526.0,2245.0,2250.0
2011-12-15,C1209,2235.0,2255.0,2235.0,2254.0,184094.0,413381.06,玉米1209,474588.0,2245.0,2254.0
2011-12-16,C1209,2254.0,2263.0,2243.0,2257.0,217436.0,489526.81,玉米1209,454726.0,2251.0,2257.0
2011-12-19,C1209,2259.0,2274.0,2258.0,2264.0,231742.0,525009.16,玉米1209,475680.0,2265.0,2264.0
2011-12-20,C1209,2266.0,2269.0,2258.0,2260.0,138012.0,312213.15,玉米1209,473584.0,2262.0,2260.0
2011-12-21,C1209,2265.0,2265.0,2242.0,2243.0,198440.0,446681.48,玉米1209,450832.0,2250.0,2243.0
2011-12-22,C1209,2244.0,2250.0,2241.0,2248.0,93720.0,210564.18,玉米1209,439872.0,2246.0,2248.0
2011-12-23,C1209,2247.0,2257.0,2246.0,2256.0,84030.0,189334.26,玉米1209,437436.0,2253.0,2256.0
2011-12-26,C1209,2258.0,2262.0,2254.0,2257.0,88190.0,199106.83,玉米1209,436072.0,2257.0,2257.0
2011-12-27,C1209,2256.0,2258.0,2252.0,2254.0,46224.0,104234.65,玉米1209,437148.0,2254.0,2254.0
2011-12-28,C1209,2261.0,2268.0,2257.0,2267.0,100468.0,227410.13,玉米1209,412330.0,2263.0,2267.0
2011-12-29,C1209,2263.0,2272.0,2260.0,2269.0,109472.0,248195.9,玉米1209,397260.0,2267.0,2269.0
2011-12-30,C1209,2270.0,2277.0,2268.0,2273.0,111040.0,252484.0,玉米1209,379614.0,2273.0,2273.0
2012-01-04,C1209,2282.0,2290.0,2278.0,2283.0,97502.0,222778.15,玉米1209,364452.0,2284.0,2283.0
2012-01-05,C1209,2283.0,2287.0,2279.0,2283.0,61036.0,139347.98,玉米1209,363474.0,2283.0,2283.0
2012-01-06,C1209,2271.0,2295.0,2271.0,2294.0,91456.0,208931.97,玉米1209,375788.0,2284.0,2294.0
2012-01-09,C1209,2290.0,2300.0,2288.0,2293.0,111276.0,255343.78,玉米1209,380458.0,2294.0,2293.0
2012-01-10,C1209,2297.0,2311.0,2291.0,2298.0,177302.0,408065.71,玉米1209,371768.0,2301.0,2298.0
2012-01-11,C1209,2298.0,2308.0,2294.0,2299.0,73936.0,170070.78,玉米1209,369894.0,2300.0,2299.0
2012-01-12,C1209,2295.0,2309.0,2295.0,2306.0,67980.0,156520.95,玉米1209,364172.0,2302.0,2306.0
2012-01-13,C1209,2292.0,2300.0,2285.0,2289.0,172432.0,395212.51,玉米1209,375514.0,2291.0,2289.0
2012-01-16,C1209,2284.0,2287.0,2276.0,2279.0,154760.0,352864.04,玉米1209,424750.0,2280.0,2279.0
2012-01-17,C1209,2281.0,2300.0,2281.0,2296.0,109650.0,251292.4,玉米1209,408932.0,2291.0,2296.0
2012-01-18,C1209,2295.0,2299.0,2292.0,2295.0,61100.0,140257.89,玉米1209,395236.0,2295.0,2295.0
2012-01-19,C1209,2295.0,2299.0,2288.0,2295.0,71486.0,163980.36,玉米1209,386790.0,2293.0,2295.0
2012-01-20,C1209,2298.0,2305.0,2297.0,2304.0,57264.0,131817.99,玉米1209,370960.0,2301.0,2304.0
2012-01-30,C1209,2312.0,2330.0,2309.0,2327.0,130222.0,302340.48,玉米1209,393054.0,2321.0,2327.0
2012-01-31,C1209,2321.0,2340.0,2320.0,2337.0,164898.0,384631.77,玉米1209,436556.0,2332.0,2337.0
2012-02-01,C1209,2340.0,2342.0,2329.0,2332.0,108432.0,253160.2,玉米1209,441072.0,2334.0,2332.0
2012-02-02,C1209,2335.0,2338.0,2328.0,2330.0,78224.0,182429.46,玉米1209,440010.0,2332.0,2330.0
2012-02-03,C1209,2333.0,2357.0,2332.0,2349.0,231126.0,542862.71,玉米1209,447518.0,2348.0,2349.0
2012-02-06,C1209,2352.0,2372.0,2352.0,2367.0,142118.0,336370.89,玉米1209,441208.0,2366.0,2367.0
2012-02-07,C1209,2368.0,2381.0,2363.0,2375.0,172616.0,409324.56,玉米1209,458458.0,2371.0,2375.0
2012-02-08,C1209,2380.0,2393.0,2376.0,2389.0,249028.0,593999.54,玉米1209,489444.0,2385.0,2389.0
2012-02-09,C1209,2384.0,2390.0,2376.0,2381.0,169136.0,403148.36,玉米1209,502172.0,2383.0,2381.0
2012-02-10,C1209,2377.0,2386.0,2370.0,2383.0,198682.0,472597.86,玉米1209,539108.0,2378.0,2383.0
2012-02-13,C1209,2383.0,2396.0,2380.0,2388.0,201496.0,481431.9,玉米1209,566474.0,2389.0,2388.0
2012-02-14,C1209,2394.0,2397.0,2370.0,2373.0,257116.0,612859.02,玉米1209,552598.0,2383.0,2373.0
2012-02-15,C1209,2373.0,2385.0,2365.0,2368.0,282142.0,669962.28,玉米1209,569988.0,2374.0,2368.0
2012-02-16,C1209,2368.0,2374.0,2359.0,2368.0,256468.0,606762.31,玉米1209,583136.0,2365.0,2368.0
2012-02-17,C1209,2375.0,2379.0,2369.0,2371.0,164844.0,391254.03,玉米1209,562014.0,2373.0,2371.0
2012-02-20,C1209,2380.0,2388.0,2378.0,2386.0,203318.0,484580.69,玉米1209,567988.0,2383.0,2386.0
2012-02-21,C1209,2388.0,2388.0,2374.0,2383.0,160206.0,381500.85,玉米1209,546436.0,2381.0,2383.0
2012-02-22,C1209,2380.0,2380.0,2372.0,2374.0,224732.0,533838.29,玉米1209,580706.0,2375.0,2374.0
2012-02-23,C1209,2380.0,2380.0,2373.0,2378.0,133912.0,318231.05,玉米1209,579544.0,2376.0,2378.0
2012-02-24,C1209,2375.0,2385.0,2375.0,2382.0,166262.0,395890.8,玉米1209,572604.0,2381.0,2382.0
2012-02-27,C1209,2384.0,2398.0,2383.0,2397.0,194180.0,464364.14,玉米1209,567974.0,2391.0,2397.0
2012-02-28,C1209,2401.0,2410.0,2401.0,2410.0,201214.0,484220.61,玉米1209,582756.0,2406.0,2410.0
2012-02-29,C1209,2414.0,2423.0,2407.0,2421.0,233156.0,562864.7,玉米1209,613364.0,2414.0,2421.0
2012-03-01,C1209,2414.0,2428.0,2411.0,2411.0,272166.0,658263.71,玉米1209,630552.0,2418.0,2411.0
2012-03-02,C1209,2416.0,2420.0,2407.0,2409.0,267110.0,644388.79,玉米1209,596706.0,2412.0,2409.0
2012-03-05,C1209,2411.0,2418.0,2403.0,2406.0,233708.0,563172.27,玉米1209,586904.0,2409.0,2406.0
2012-03-06,C1209,2410.0,2410.0,2393.0,2395.0,208968.0,501724.45,玉米1209,568708.0,2400.0,2395.0
2012-03-07,C1209,2387.0,2410.0,2386.0,2402.0,315628.0,757927.71,玉米1209,599980.0,2401.0,2402.0
2012-03-08,C1209,2399.0,2410.0,2397.0,2404.0,261072.0,627807.52,玉米1209,623812.0,2404.0,2404.0
2012-03-09,C1209,2408.0,2435.0,2408.0,2434.0,403764.0,979320.55,玉米1209,665122.0,2425.0,2434.0
2012-03-12,C1209,2433.0,2446.0,2426.0,2445.0,407590.0,993207.9,玉米1209,728262.0,2436.0,2445.0
2012-03-13,C1209,2450.0,2458.0,2442.0,2449.0,472302.0,1156966.84,玉米1209,753884.0,2449.0,2449.0
2012-03-14,C1209,2451.0,2454.0,2436.0,2437.0,404004.0,987083.89,玉米1209,711756.0,2443.0,2437.0
2012-03-15,C1209,2443.0,2471.0,2433.0,2470.0,807716.0,1982821.51,玉米1209,856072.0,2454.0,2470.0
2012-03-16,C1209,2477.0,2497.0,2473.0,2487.0,1107834.0,2751052.73,玉米1209,945374.0,2483.0,2487.0
2012-03-19,C1209,2494.0,2495.0,2470.0,2477.0,832446.0,2065821.1,玉米1209,904402.0,2481.0,2477.0
2012-03-20,C1209,2474.0,2477.0,2463.0,2466.0,570006.0,1408207.2,玉米1209,897776.0,2470.0,2466.0
2012-03-21,C1209,2462.0,2485.0,2460.0,2468.0,770984.0,1907424.57,玉米1209,911170.0,2474.0,2468.0
2012-03-22,C1209,2473.0,2473.0,2461.0,2465.0,440350.0,1085880.09,玉米1209,901674.0,2465.0,2465.0
2012-03-23,C1209,2470.0,2475.0,2456.0,2459.0,541426.0,1333577.77,玉米1209,852758.0,2463.0,2459.0
2012-03-26,C1209,2461.0,2461.0,2445.0,2447.0,464572.0,1139544.69,玉米1209,779662.0,2452.0,2447.0
2012-03-27,C1209,2448.0,2456.0,2441.0,2444.0,343290.0,840476.83,玉米1209,745302.0,2448.0,2444.0
2012-03-28,C1209,2438.0,2462.0,2438.0,2457.0,708652.0,1739047.59,玉米1209,802636.0,2454.0,2457.0
2012-03-29,C1209,2454.0,2456.0,2430.0,2433.0,497044.0,1214258.05,玉米1209,708066.0,2442.0,2433.0
2012-03-30,C1209,2428.0,2436.0,2421.0,2432.0,450450.0,1094563.11,玉米1209,664654.0,2429.0,2432.0
2012-04-05,C1209,2450.0,2468.0,2447.0,2464.0,432564.0,1062484.2,玉米1209,635064.0,2456.0,2464.0
2012-04-06,C1209,2462.0,2464.0,2450.0,2453.0,275928.0,677551.76,玉米1209,614754.0,2455.0,2453.0
2012-04-09,C1209,2458.0,2463.0,2450.0,2454.0,263418.0,647134.95,玉米1209,620848.0,2456.0,2454.0
2012-04-10,C1209,2450.0,2453.0,2441.0,2448.0,242138.0,592258.26,玉米1209,621952.0,2445.0,2448.0
2012-04-11,C1209,2436.0,2439.0,2429.0,2432.0,227966.0,554818.43,玉米1209,631952.0,2433.0,2432.0
2012-04-12,C1209,2433.0,2437.0,2428.0,2434.0,183212.0,445730.53,玉米1209,628472.0,2432.0,2434.0
2012-04-13,C1209,2435.0,2444.0,2425.0,2426.0,344584.0,838785.42,玉米1209,636702.0,2434.0,2426.0
2012-04-16,C1209,2418.0,2422.0,2407.0,2416.0,239498.0,578339.66,玉米1209,642278.0,2414.0,2416.0
2012-04-17,C1209,2418.0,2424.0,2413.0,2420.0,193620.0,468610.05,玉米1209,659424.0,2420.0,2420.0
2012-04-18,C1209,2420.0,2428.0,2414.0,2423.0,266040.0,644055.93,玉米1209,660730.0,2420.0,2423.0
2012-04-19,C1209,2419.0,2440.0,2415.0,2439.0,435708.0,1059256.93,玉米1209,701572.0,2431.0,2439.0
2012-04-20,C1209,2439.0,2440.0,2428.0,2429.0,236624.0,575773.64,玉米1209,686240.0,2433.0,2429.0
2012-04-23,C1209,2425.0,2429.0,2417.0,2422.0,205400.0,497402.31,玉米1209,673752.0,2421.0,2422.0
2012-04-24,C1209,2422.0,2427.0,2413.0,2414.0,230792.0,558309.17,玉米1209,678150.0,2419.0,2414.0
2012-04-25,C1209,2418.0,2421.0,2403.0,2421.0,386780.0,932676.61,玉米1209,734398.0,2411.0,2421.0
2012-04-26,C1209,2419.0,2428.0,2417.0,2425.0,191360.0,463464.46,玉米1209,732292.0,2421.0,2425.0
2012-04-27,C1209,2425.0,2432.0,2422.0,2430.0,163280.0,396312.23,玉米1209,729876.0,2427.0,2430.0
2012-05-02,C1209,2435.0,2436.0,2425.0,2428.0,192786.0,468421.61,玉米1209,706886.0,2429.0,2428.0
2012-05-03,C1209,2422.0,2427.0,2413.0,2417.0,203136.0,491434.38,玉米1209,733500.0,2419.0,2417.0
2012-05-04,C1209,2418.0,2429.0,2414.0,2428.0,243152.0,589235.39,玉米1209,758156.0,2423.0,2428.0
2012-05-07,C1209,2423.0,2429.0,2415.0,2424.0,255628.0,619218.5,玉米1209,796530.0,2422.0,2424.0
2012-05-08,C1209,2426.0,2432.0,2423.0,2424.0,190656.0,462628.93,玉米1209,790870.0,2426.0,2424.0
2012-05-09,C1209,2421.0,2425.0,2405.0,2407.0,335262.0,809455.66,玉米1209,839518.0,2414.0,2407.0
2012-05-10,C1209,2406.0,2415.0,2398.0,2412.0,348460.0,838801.32,玉米1209,845298.0,2407.0,2412.0
2012-05-11,C1209,2406.0,2408.0,2391.0,2396.0,447584.0,1074102.23,玉米1209,929628.0,2399.0,2396.0
2012-05-14,C1209,2400.0,2404.0,2378.0,2388.0,507630.0,1212972.69,玉米1209,1002668.0,2389.0,2388.0
2012-05-15,C1209,2380.0,2401.0,2380.0,2394.0,507478.0,1211982.23,玉米1209,1038710.0,2388.0,2394.0
2012-05-16,C1209,2397.0,2397.0,2376.0,2377.0,333834.0,796395.8,玉米1209,1055716.0,2385.0,2377.0
2012-05-17,C1209,2391.0,2399.0,2378.0,2396.0,342984.0,819549.41,玉米1209,1033442.0,2389.0,2396.0
2012-05-18,C1209,2393.0,2396.0,2384.0,2395.0,204244.0,488292.07,玉米1209,1034664.0,2390.0,2395.0
2012-05-21,C1209,2400.0,2417.0,2400.0,2410.0,276124.0,664964.89,玉米1209,1002276.0,2408.0,2410.0
2012-05-22,C1209,2408.0,2410.0,2401.0,2402.0,131404.0,316032.31,玉米1209,996084.0,2405.0,2402.0
2012-05-23,C1209,2390.0,2393.0,2383.0,2391.0,213338.0,509540.47,玉米1209,1001594.0,2388.0,2391.0
2012-05-24,C1209,2394.0,2396.0,2386.0,2391.0,134402.0,321426.51,玉米1209,988690.0,2391.0,2391.0
2012-05-25,C1209,2385.0,2386.0,2348.0,2359.0,885482.0,2089756.32,玉米1209,1141972.0,2360.0,2359.0
2012-05-28,C1209,2363.0,2372.0,2346.0,2368.0,473616.0,1118625.01,玉米1209,1103392.0,2361.0,2368.0
2012-05-29,C1209,2365.0,2375.0,2357.0,2371.0,289496.0,684807.46,玉米1209,1096904.0,2365.0,2371.0
2012-05-30,C1209,2359.0,2368.0,2352.0,2361.0,324820.0,766545.08,玉米1209,1099658.0,2359.0,2361.0
2012-05-31,C1209,2357.0,2372.0,2354.0,2367.0,223580.0,529248.68,玉米1209,1078188.0,2367.0,2367.0
2012-06-01,C1209,2365.0,2373.0,2362.0,2366.0,220062.0,520814.6,玉米1209,1083614.0,2366.0,2366.0
2012-06-04,C1209,2361.0,2372.0,2359.0,2367.0,356930.0,844346.42,玉米1209,1068158.0,2365.0,2367.0
2012-06-05,C1209,2371.0,2425.0,2368.0,2406.0,815892.0,1958016.34,玉米1209,1004852.0,2399.0,2406.0
2012-06-06,C1209,2407.0,2411.0,2401.0,2405.0,256688.0,617742.89,玉米1209,976016.0,2406.0,2405.0
2012-06-07,C1209,2416.0,2420.0,2398.0,2402.0,222110.0,535146.32,玉米1209,980136.0,2409.0,2402.0
2012-06-08,C1209,2402.0,2406.0,2391.0,2393.0,213496.0,511976.06,玉米1209,961310.0,2398.0,2393.0
2012-06-11,C1209,2399.0,2414.0,2399.0,2412.0,247028.0,594707.98,玉米1209,953136.0,2407.0,2412.0
2012-06-12,C1209,2405.0,2410.0,2401.0,2409.0,94022.0,226236.78,玉米1209,950062.0,2406.0,2409.0
2012-06-13,C1209,2405.0,2418.0,2405.0,2416.0,221520.0,534727.14,玉米1209,935984.0,2413.0,2416.0
2012-06-14,C1209,2413.0,2419.0,2408.0,2410.0,181868.0,438872.63,玉米1209,943470.0,2413.0,2410.0
2012-06-15,C1209,2413.0,2417.0,2407.0,2417.0,163080.0,393463.56,玉米1209,922674.0,2412.0,2417.0
2012-06-18,C1209,2420.0,2431.0,2416.0,2425.0,291774.0,706967.0,玉米1209,939448.0,2422.0,2425.0
2012-06-19,C1209,2432.0,2441.0,2430.0,2435.0,249442.0,607388.98,玉米1209,859894.0,2434.0,2435.0
2012-06-20,C1209,2441.0,2447.0,2438.0,2441.0,115258.0,281518.2,玉米1209,826594.0,2442.0,2441.0
2012-06-21,C1209,2435.0,2446.0,2433.0,2440.0,165392.0,403946.47,玉米1209,807478.0,2442.0,2440.0
2012-06-25,C1209,2451.0,2455.0,2447.0,2449.0,136658.0,335124.88,玉米1209,761518.0,2452.0,2449.0
2012-06-26,C1209,2461.0,2464.0,2446.0,2448.0,188514.0,462932.65,玉米1209,744604.0,2455.0,2448.0
2012-06-27,C1209,2454.0,2454.0,2444.0,2445.0,59726.0,146189.69,玉米1209,744944.0,2447.0,2445.0
2012-06-28,C1209,2447.0,2449.0,2438.0,2443.0,52662.0,128673.36,玉米1209,742848.0,2443.0,2443.0
2012-06-29,C1209,2441.0,2449.0,2433.0,2447.0,56388.0,137733.53,玉米1209,747120.0,2442.0,2447.0
2012-07-02,C1209,2459.0,2464.0,2443.0,2444.0,82192.0,201340.93,玉米1209,724862.0,2449.0,2444.0
2012-07-03,C1209,2448.0,2454.0,2442.0,2444.0,101900.0,249244.19,玉米1209,685858.0,2445.0,2444.0
2012-07-04,C1209,2444.0,2450.0,2444.0,2448.0,146328.0,358091.99,玉米1209,590882.0,2447.0,2448.0
2012-07-05,C1209,2446.0,2457.0,2446.0,2456.0,116716.0,286194.33,玉米1209,528916.0,2452.0,2456.0
2012-07-06,C1209,2453.0,2467.0,2453.0,2461.0,111640.0,274980.54,玉米1209,477180.0,2463.0,2461.0
2012-07-09,C1209,2463.0,2476.0,2458.0,2474.0,172294.0,425161.13,玉米1209,367728.0,2467.0,2474.0
2012-07-10,C1209,2469.0,2474.0,2467.0,2472.0,40524.0,100101.36,玉米1209,354294.0,2470.0,2472.0
2012-07-11,C1209,2470.0,2477.0,2468.0,2470.0,29822.0,73681.21,玉米1209,344944.0,2470.0,2470.0
2012-07-12,C1209,2474.0,2474.0,2465.0,2467.0,21794.0,53788.57,玉米1209,337984.0,2468.0,2467.0
2012-07-13,C1209,2471.0,2478.0,2469.0,2477.0,22714.0,56198.55,玉米1209,327252.0,2474.0,2477.0
2012-07-16,C1209,2473.0,2500.0,2473.0,2499.0,121394.0,302721.2,玉米1209,269260.0,2493.0,2499.0
2012-07-17,C1209,2503.0,2506.0,2484.0,2495.0,29404.0,73392.79,玉米1209,259668.0,2496.0,2495.0
2012-07-18,C1209,2495.0,2498.0,2490.0,2495.0,16484.0,41124.71,玉米1209,253988.0,2494.0,2495.0
2012-07-19,C1209,2499.0,2515.0,2497.0,2515.0,28874.0,72396.36,玉米1209,250416.0,2507.0,2515.0
2012-07-20,C1209,2514.0,2522.0,2511.0,2520.0,29210.0,73570.85,玉米1209,235926.0,2518.0,2520.0
2012-07-23,C1209,2515.0,2552.0,2511.0,2536.0,54590.0,138296.24,玉米1209,225510.0,2533.0,2536.0
2012-07-24,C1209,2511.0,2526.0,2500.0,2522.0,59486.0,149854.76,玉米1209,198460.0,2519.0,2522.0
2012-07-25,C1209,2510.0,2524.0,2510.0,2520.0,25896.0,65279.05,玉米1209,182254.0,2520.0,2520.0
2012-07-26,C1209,2522.0,2524.0,2516.0,2518.0,9268.0,23355.47,玉米1209,176956.0,2520.0,2518.0
2012-07-27,C1209,2518.0,2520.0,2500.0,2506.0,19618.0,49208.4,玉米1209,174564.0,2508.0,2506.0
2012-07-30,C1209,2518.0,2520.0,2510.0,2515.0,19704.0,49573.82,玉米1209,159874.0,2515.0,2515.0
2012-07-31,C1209,2515.0,2517.0,2510.0,2513.0,12118.0,30467.86,玉米1209,150636.0,2514.0,2513.0
2012-08-01,C1209,2516.0,2521.0,2512.0,2517.0,17884.0,45035.23,玉米1209,140214.0,2518.0,2517.0
2012-08-02,C1209,2515.0,2518.0,2510.0,2510.0,9018.0,22658.03,玉米1209,133768.0,2512.0,2510.0
2012-08-03,C1209,2510.0,2520.0,2506.0,2520.0,8264.0,20743.47,玉米1209,130306.0,2510.0,2520.0
2012-08-06,C1209,2510.0,2515.0,2505.0,2515.0,5644.0,14154.53,玉米1209,127402.0,2507.0,2515.0
2012-08-07,C1209,2515.0,2515.0,2506.0,2513.0,14794.0,37136.44,玉米1209,115940.0,2510.0,2513.0
2012-08-08,C1209,2508.0,2517.0,2505.0,2514.0,30242.0,75939.07,玉米1209,89672.0,2511.0,2514.0
2012-08-09,C1209,2514.0,2515.0,2505.0,2506.0,18880.0,47355.74,玉米1209,78792.0,2508.0,2506.0
2012-08-10,C1209,2505.0,2510.0,2505.0,2509.0,10718.0,26876.59,玉米1209,73222.0,2507.0,2509.0
2012-08-13,C1209,2506.0,2524.0,2505.0,2513.0,18880.0,47475.46,玉米1209,61984.0,2514.0,2513.0
2012-08-14,C1209,2517.0,2525.0,2517.0,2520.0,6468.0,16298.78,玉米1209,58032.0,2519.0,2520.0
2012-08-15,C1209,2523.0,2532.0,2520.0,2531.0,5338.0,13503.27,玉米1209,54800.0,2529.0,2531.0
2012-08-16,C1209,2531.0,2534.0,2525.0,2526.0,2236.0,5655.41,玉米1209,53088.0,2529.0,2526.0
2012-08-17,C1209,2530.0,2530.0,2527.0,2527.0,3138.0,7932.57,玉米1209,50048.0,2527.0,2527.0
2012-08-20,C1209,2532.0,2532.0,2520.0,2520.0,6002.0,15155.91,玉米1209,46750.0,2525.0,2520.0
2012-08-21,C1209,2527.0,2527.0,2515.0,2515.0,7158.0,18030.76,玉米1209,41040.0,2518.0,2515.0
2012-08-22,C1209,2520.0,2520.0,2510.0,2511.0,4648.0,11682.95,玉米1209,38204.0,2513.0,2511.0
2012-08-23,C1209,2508.0,2510.0,2497.0,2497.0,4488.0,11221.75,玉米1209,37150.0,2500.0,2497.0
2012-08-24,C1209,2494.0,2497.0,2481.0,2490.0,2660.0,6623.22,玉米1209,36916.0,2489.0,2490.0
2012-08-27,C1209,2490.0,2499.0,2483.0,2490.0,2616.0,6512.54,玉米1209,35830.0,2489.0,2490.0
2012-08-28,C1209,2498.0,2498.0,2482.0,2484.0,3300.0,8210.38,玉米1209,35574.0,2487.0,2484.0
2012-08-29,C1209,2481.0,2490.0,2394.0,2490.0,2030.0,5037.96,玉米1209,35044.0,2481.0,2490.0
2012-08-30,C1209,2481.0,2495.0,2481.0,2486.0,2086.0,5186.45,玉米1209,33226.0,2486.0,2486.0
2012-08-31,C1209,2486.0,2494.0,2479.0,2494.0,1114.0,2772.62,玉米1209,33194.0,2488.0,2494.0
2012-09-03,C1209,2490.0,2490.0,2483.0,2489.0,628.0,1563.46,玉米1209,9230.0,2489.0,2489.0
2012-09-04,C1209,2490.0,2490.0,2484.0,2485.0,502.0,1249.24,玉米1209,8116.0,2488.0,2485.0
2012-09-05,C1209,2490.0,2490.0,2484.0,2484.0,94.0,233.72,玉米1209,1712.0,2486.0,2484.0
2012-09-06,C1209,2489.0,2490.0,2484.0,2490.0,100.0,248.82,玉米1209,1712.0,2488.0,2490.0
2012-09-07,C1209,0.0,0.0,0.0,2488.0,0.0,0.0,玉米1209,1352.0,2488.0,2488.0
2012-09-10,C1209,0.0,0.0,0.0,2488.0,0.0,0.0,玉米1209,716.0,2488.0,2488.0
2012-09-11,C1209,0.0,0.0,0.0,2488.0,0.0,0.0,玉米1209,696.0,2488.0,2488.0
2012-09-12,C1209,0.0,0.0,0.0,2488.0,0.0,0.0,玉米1209,696.0,2488.0,2488.0
2012-09-13,C1209,0.0,0.0,0.0,2488.0,0.0,0.0,玉米1209,696.0,2488.0,2488.0
2012-09-14,C1209,0.0,0.0,0.0,2488.0,0.0,0.0,玉米1209,0.0,2488.0,2488.0
