date,symbol,open,high,low,close,volume,amount,name,openinterest,settleprice,price
2011-07-15,C1207,2367.0,2378.0,2366.0,2378.0,96.0,227.75,玉米1207,76.0,2372.0,2378.0
2011-07-18,C1207,2375.0,2396.0,2375.0,2391.0,86.0,205.66,玉米1207,112.0,2391.0,2391.0
2011-07-19,C1207,2390.0,2403.0,2390.0,2401.0,166.0,398.37,玉米1207,182.0,2399.0,2401.0
2011-07-20,C1207,2405.0,2411.0,2404.0,2404.0,108.0,259.84,玉米1207,230.0,2405.0,2404.0
2011-07-21,C1207,2401.0,2404.0,2397.0,2400.0,68.0,163.24,玉米1207,224.0,2400.0,2400.0
2011-07-22,C1207,2405.0,2405.0,2398.0,2401.0,42.0,100.85,玉米1207,232.0,2401.0,2401.0
2011-07-25,C1207,2404.0,2404.0,2393.0,2397.0,88.0,211.12,玉米1207,238.0,2399.0,2397.0
2011-07-26,C1207,2404.0,2407.0,2402.0,2407.0,50.0,120.25,玉米1207,246.0,2404.0,2407.0
2011-07-27,C1207,2410.0,2421.0,2410.0,2419.0,116.0,280.47,玉米1207,286.0,2417.0,2419.0
2011-07-28,C1207,2414.0,2417.0,2412.0,2412.0,40.0,96.58,玉米1207,286.0,2414.0,2412.0
2011-07-29,C1207,2411.0,2418.0,2410.0,2410.0,98.0,236.54,玉米1207,312.0,2413.0,2410.0
2011-08-01,C1207,2411.0,2415.0,2407.0,2410.0,48.0,115.75,玉米1207,330.0,2411.0,2410.0
2011-08-02,C1207,2416.0,2424.0,2409.0,2412.0,84.0,203.05,玉米1207,316.0,2417.0,2412.0
2011-08-03,C1207,2422.0,2427.0,2418.0,2419.0,130.0,314.89,玉米1207,370.0,2422.0,2419.0
2011-08-04,C1207,2413.0,2420.0,2410.0,2411.0,82.0,198.03,玉米1207,336.0,2414.0,2411.0
2011-08-05,C1207,2396.0,2408.0,2391.0,2395.0,96.0,230.12,玉米1207,328.0,2397.0,2395.0
2011-08-08,C1207,2405.0,2410.0,2394.0,2405.0,94.0,225.0,玉米1207,348.0,2404.0,2405.0
2011-08-09,C1207,2385.0,2416.0,2384.0,2407.0,96.0,230.52,玉米1207,372.0,2401.0,2407.0
2011-08-10,C1207,2407.0,2417.0,2406.0,2412.0,70.0,168.77,玉米1207,388.0,2410.0,2412.0
2011-08-11,C1207,2407.0,2444.0,2402.0,2441.0,440.0,1067.1,玉米1207,654.0,2425.0,2441.0
2011-08-12,C1207,2435.0,2449.0,2435.0,2438.0,366.0,893.31,玉米1207,786.0,2440.0,2438.0
2011-08-15,C1207,2441.0,2448.0,2440.0,2447.0,212.0,518.12,玉米1207,926.0,2443.0,2447.0
2011-08-16,C1207,2448.0,2448.0,2439.0,2440.0,134.0,327.23,玉米1207,964.0,2442.0,2440.0
2011-08-17,C1207,2442.0,2446.0,2437.0,2439.0,98.0,239.19,玉米1207,968.0,2440.0,2439.0
2011-08-18,C1207,2439.0,2439.0,2431.0,2432.0,158.0,384.64,玉米1207,948.0,2434.0,2432.0
2011-08-19,C1207,2426.0,2438.0,2426.0,2433.0,256.0,622.6,玉米1207,916.0,2432.0,2433.0
2011-08-22,C1207,2444.0,2444.0,2436.0,2437.0,104.0,253.7,玉米1207,924.0,2439.0,2437.0
2011-08-23,C1207,2442.0,2444.0,2434.0,2439.0,140.0,341.34,玉米1207,948.0,2438.0,2439.0
2011-08-24,C1207,2440.0,2440.0,2426.0,2426.0,192.0,466.57,玉米1207,956.0,2430.0,2426.0
2011-08-25,C1207,2426.0,2426.0,2417.0,2419.0,344.0,832.63,玉米1207,936.0,2420.0,2419.0
2011-08-26,C1207,2420.0,2425.0,2412.0,2415.0,238.0,575.32,玉米1207,952.0,2417.0,2415.0
2011-08-29,C1207,2436.0,2437.0,2416.0,2425.0,146.0,353.48,玉米1207,972.0,2421.0,2425.0
2011-08-30,C1207,2425.0,2426.0,2418.0,2419.0,160.0,387.56,玉米1207,1006.0,2422.0,2419.0
2011-08-31,C1207,2420.0,2428.0,2420.0,2423.0,446.0,1081.49,玉米1207,1160.0,2424.0,2423.0
2011-09-01,C1207,2425.0,2427.0,2421.0,2424.0,226.0,547.81,玉米1207,1206.0,2423.0,2424.0
2011-09-02,C1207,2420.0,2426.0,2420.0,2422.0,192.0,465.1,玉米1207,1270.0,2422.0,2422.0
2011-09-05,C1207,2427.0,2438.0,2422.0,2428.0,1044.0,2534.92,玉米1207,1956.0,2428.0,2428.0
2011-09-06,C1207,2428.0,2435.0,2422.0,2435.0,214.0,520.06,玉米1207,2006.0,2430.0,2435.0
2011-09-07,C1207,2432.0,2434.0,2426.0,2432.0,104.0,252.74,玉米1207,2024.0,2430.0,2432.0
2011-09-08,C1207,2422.0,2431.0,2422.0,2428.0,140.0,339.79,玉米1207,2028.0,2427.0,2428.0
2011-09-09,C1207,2428.0,2432.0,2426.0,2430.0,102.0,247.69,玉米1207,2040.0,2428.0,2430.0
2011-09-13,C1207,2430.0,2433.0,2426.0,2431.0,146.0,354.76,玉米1207,2106.0,2429.0,2431.0
2011-09-14,C1207,2424.0,2430.0,2410.0,2416.0,824.0,1992.82,玉米1207,2080.0,2418.0,2416.0
2011-09-15,C1207,2419.0,2420.0,2415.0,2420.0,230.0,556.21,玉米1207,2096.0,2418.0,2420.0
2011-09-16,C1207,2417.0,2423.0,2412.0,2421.0,312.0,754.68,玉米1207,2100.0,2418.0,2421.0
2011-09-19,C1207,2418.0,2424.0,2410.0,2412.0,1238.0,2988.6,玉米1207,1600.0,2414.0,2412.0
2011-09-20,C1207,2415.0,2422.0,2412.0,2412.0,346.0,835.62,玉米1207,1330.0,2415.0,2412.0
2011-09-21,C1207,2416.0,2416.0,2399.0,2402.0,390.0,937.66,玉米1207,1066.0,2404.0,2402.0
2011-09-22,C1207,2400.0,2400.0,2371.0,2384.0,78.0,186.31,玉米1207,1050.0,2388.0,2384.0
2011-09-23,C1207,2378.0,2378.0,2329.0,2330.0,182.0,427.32,玉米1207,1010.0,2347.0,2330.0
2011-09-26,C1207,2334.0,2334.0,2300.0,2301.0,584.0,1353.62,玉米1207,992.0,2317.0,2301.0
2011-09-27,C1207,2321.0,2326.0,2313.0,2326.0,372.0,863.15,玉米1207,1072.0,2320.0,2326.0
2011-09-28,C1207,2314.0,2322.0,2306.0,2312.0,588.0,1359.61,玉米1207,932.0,2312.0,2312.0
2011-09-29,C1207,2272.0,2298.0,2265.0,2293.0,278.0,636.05,玉米1207,812.0,2287.0,2293.0
2011-09-30,C1207,2313.0,2325.0,2310.0,2310.0,44.0,101.97,玉米1207,800.0,2317.0,2310.0
2011-10-10,C1207,2314.0,2315.0,2299.0,2299.0,20.0,46.12,玉米1207,798.0,2305.0,2299.0
2011-10-11,C1207,2304.0,2306.0,2256.0,2256.0,88.0,200.49,玉米1207,836.0,2278.0,2256.0
2011-10-12,C1207,2258.0,2289.0,2258.0,2274.0,58.0,131.81,玉米1207,800.0,2272.0,2274.0
2011-10-13,C1207,2269.0,2283.0,2268.0,2277.0,62.0,141.05,玉米1207,806.0,2274.0,2277.0
2011-10-14,C1207,2280.0,2315.0,2280.0,2309.0,96.0,221.26,玉米1207,786.0,2304.0,2309.0
2011-10-17,C1207,2320.0,2324.0,2304.0,2315.0,412.0,952.33,玉米1207,780.0,2311.0,2315.0
2011-10-18,C1207,2302.0,2302.0,2289.0,2289.0,38.0,87.12,玉米1207,784.0,2292.0,2289.0
2011-10-19,C1207,2298.0,2302.0,2281.0,2292.0,116.0,265.64,玉米1207,790.0,2290.0,2292.0
2011-10-20,C1207,2270.0,2279.0,2268.0,2278.0,116.0,263.8,玉米1207,788.0,2274.0,2278.0
2011-10-21,C1207,2292.0,2299.0,2291.0,2295.0,60.0,137.61,玉米1207,770.0,2293.0,2295.0
2011-10-24,C1207,2299.0,2310.0,2284.0,2306.0,76.0,174.51,玉米1207,770.0,2296.0,2306.0
2011-10-25,C1207,2304.0,2306.0,2298.0,2305.0,62.0,142.74,玉米1207,756.0,2302.0,2305.0
2011-10-26,C1207,2298.0,2309.0,2298.0,2305.0,98.0,225.86,玉米1207,766.0,2304.0,2305.0
2011-10-27,C1207,2300.0,2306.0,2299.0,2306.0,88.0,202.52,玉米1207,696.0,2301.0,2306.0
2011-10-28,C1207,2310.0,2312.0,2301.0,2303.0,46.0,106.1,玉米1207,702.0,2306.0,2303.0
2011-10-31,C1207,2296.0,2296.0,2286.0,2286.0,58.0,132.67,玉米1207,720.0,2287.0,2286.0
2011-11-01,C1207,2283.0,2292.0,2282.0,2288.0,32.0,73.21,玉米1207,720.0,2287.0,2288.0
2011-11-02,C1207,2288.0,2295.0,2283.0,2295.0,32.0,73.24,玉米1207,714.0,2288.0,2295.0
2011-11-03,C1207,2288.0,2290.0,2273.0,2283.0,64.0,146.19,玉米1207,702.0,2284.0,2283.0
2011-11-04,C1207,2290.0,2292.0,2272.0,2277.0,216.0,492.07,玉米1207,602.0,2278.0,2277.0
2011-11-07,C1207,2277.0,2277.0,2252.0,2258.0,86.0,194.26,玉米1207,588.0,2258.0,2258.0
2011-11-08,C1207,2263.0,2275.0,2258.0,2274.0,58.0,131.47,玉米1207,596.0,2266.0,2274.0
2011-11-09,C1207,2281.0,2283.0,2260.0,2272.0,852.0,1936.54,玉米1207,632.0,2272.0,2272.0
2011-11-10,C1207,2252.0,2270.0,2250.0,2268.0,90.0,203.74,玉米1207,608.0,2263.0,2268.0
2011-11-11,C1207,2263.0,2267.0,2258.0,2267.0,82.0,185.29,玉米1207,568.0,2259.0,2267.0
2011-11-14,C1207,2263.0,2263.0,2255.0,2257.0,34.0,76.8,玉米1207,570.0,2258.0,2257.0
2011-11-15,C1207,2247.0,2262.0,2247.0,2260.0,200.0,451.89,玉米1207,510.0,2259.0,2260.0
2011-11-16,C1207,2263.0,2263.0,2255.0,2256.0,32.0,72.28,玉米1207,516.0,2258.0,2256.0
2011-11-17,C1207,2253.0,2259.0,2253.0,2259.0,10.0,22.56,玉米1207,516.0,2255.0,2259.0
2011-11-18,C1207,2236.0,2249.0,2236.0,2242.0,154.0,345.55,玉米1207,444.0,2243.0,2242.0
2011-11-21,C1207,2237.0,2242.0,2209.0,2210.0,240.0,533.52,玉米1207,444.0,2222.0,2210.0
2011-11-22,C1207,2190.0,2210.0,2190.0,2198.0,168.0,370.27,玉米1207,458.0,2203.0,2198.0
2011-11-23,C1207,2202.0,2208.0,2182.0,2186.0,76.0,166.49,玉米1207,474.0,2190.0,2186.0
2011-11-24,C1207,2182.0,2182.0,2165.0,2176.0,100.0,217.3,玉米1207,514.0,2172.0,2176.0
2011-11-25,C1207,2171.0,2178.0,2170.0,2177.0,84.0,182.79,玉米1207,516.0,2176.0,2177.0
2011-11-28,C1207,2183.0,2198.0,2180.0,2193.0,70.0,153.5,玉米1207,502.0,2192.0,2193.0
2011-11-29,C1207,2196.0,2202.0,2194.0,2202.0,28.0,61.49,玉米1207,494.0,2196.0,2202.0
2011-11-30,C1207,2206.0,2206.0,2193.0,2193.0,70.0,153.96,玉米1207,492.0,2199.0,2193.0
2011-12-01,C1207,2226.0,2231.0,2215.0,2217.0,76.0,168.78,玉米1207,480.0,2220.0,2217.0
2011-12-02,C1207,2201.0,2206.0,2199.0,2201.0,102.0,224.52,玉米1207,500.0,2201.0,2201.0
2011-12-05,C1207,2208.0,2209.0,2205.0,2208.0,76.0,167.8,玉米1207,470.0,2207.0,2208.0
2011-12-06,C1207,2208.0,2220.0,2200.0,2214.0,814.0,1800.76,玉米1207,568.0,2212.0,2214.0
2011-12-07,C1207,2222.0,2222.0,2214.0,2217.0,186.0,412.55,玉米1207,632.0,2217.0,2217.0
2011-12-08,C1207,2216.0,2216.0,2204.0,2211.0,198.0,436.99,玉米1207,598.0,2206.0,2211.0
2011-12-09,C1207,2218.0,2236.0,2218.0,2234.0,218.0,485.84,玉米1207,482.0,2228.0,2234.0
2011-12-12,C1207,2238.0,2243.0,2233.0,2238.0,18.0,40.28,玉米1207,478.0,2237.0,2238.0
2011-12-13,C1207,2234.0,2237.0,2232.0,2233.0,46.0,102.77,玉米1207,458.0,2234.0,2233.0
2011-12-14,C1207,2237.0,2240.0,2231.0,2240.0,132.0,294.93,玉米1207,454.0,2234.0,2240.0
2011-12-15,C1207,2229.0,2244.0,2229.0,2244.0,162.0,362.06,玉米1207,438.0,2234.0,2244.0
2011-12-16,C1207,2242.0,2249.0,2238.0,2246.0,94.0,210.88,玉米1207,428.0,2243.0,2246.0
2011-12-19,C1207,2250.0,2256.0,2249.0,2254.0,44.0,99.12,玉米1207,424.0,2252.0,2254.0
2011-12-20,C1207,2250.0,2250.0,2250.0,2250.0,10.0,22.5,玉米1207,414.0,2250.0,2250.0
2011-12-21,C1207,2247.0,2247.0,2233.0,2233.0,40.0,89.62,玉米1207,414.0,2240.0,2233.0
2011-12-22,C1207,2238.0,2239.0,2234.0,2238.0,32.0,71.58,玉米1207,414.0,2236.0,2238.0
2011-12-23,C1207,2241.0,2246.0,2241.0,2244.0,50.0,112.18,玉米1207,398.0,2243.0,2244.0
2011-12-26,C1207,2244.0,2247.0,2244.0,2244.0,162.0,363.79,玉米1207,384.0,2245.0,2244.0
2011-12-27,C1207,2242.0,2245.0,2242.0,2243.0,20.0,44.86,玉米1207,376.0,2242.0,2243.0
2011-12-28,C1207,2250.0,2253.0,2246.0,2251.0,56.0,126.06,玉米1207,378.0,2251.0,2251.0
2011-12-29,C1207,2251.0,2260.0,2251.0,2260.0,52.0,117.28,玉米1207,350.0,2255.0,2260.0
2011-12-30,C1207,2264.0,2264.0,2260.0,2262.0,28.0,63.33,玉米1207,352.0,2261.0,2262.0
2012-01-04,C1207,2273.0,2277.0,2268.0,2272.0,26.0,59.11,玉米1207,354.0,2273.0,2272.0
2012-01-05,C1207,2272.0,2274.0,2267.0,2274.0,16.0,36.35,玉米1207,350.0,2271.0,2274.0
2012-01-06,C1207,2263.0,2278.0,2263.0,2278.0,36.0,81.71,玉米1207,338.0,2269.0,2278.0
2012-01-09,C1207,2280.0,2286.0,2280.0,2281.0,10.0,22.82,玉米1207,340.0,2281.0,2281.0
2012-01-10,C1207,2283.0,2298.0,2283.0,2285.0,28.0,64.17,玉米1207,342.0,2291.0,2285.0
2012-01-11,C1207,2286.0,2296.0,2286.0,2293.0,130.0,297.95,玉米1207,368.0,2291.0,2293.0
2012-01-12,C1207,2292.0,2294.0,2290.0,2294.0,16.0,36.66,玉米1207,366.0,2291.0,2294.0
2012-01-13,C1207,2284.0,2288.0,2281.0,2281.0,30.0,68.55,玉米1207,362.0,2284.0,2281.0
2012-01-16,C1207,2274.0,2277.0,2272.0,2274.0,40.0,90.96,玉米1207,350.0,2273.0,2274.0
2012-01-17,C1207,2286.0,2288.0,2283.0,2287.0,16.0,36.58,玉米1207,350.0,2286.0,2287.0
2012-01-18,C1207,2292.0,2292.0,2289.0,2290.0,38.0,86.99,玉米1207,318.0,2289.0,2290.0
2012-01-19,C1207,2285.0,2289.0,2282.0,2289.0,24.0,54.83,玉米1207,302.0,2284.0,2289.0
2012-01-20,C1207,2289.0,2292.0,2289.0,2292.0,30.0,68.75,玉米1207,290.0,2291.0,2292.0
2012-01-30,C1207,2312.0,2318.0,2312.0,2318.0,26.0,60.22,玉米1207,290.0,2315.0,2318.0
2012-01-31,C1207,2317.0,2327.0,2317.0,2327.0,20.0,46.49,玉米1207,296.0,2324.0,2327.0
2012-02-01,C1207,2325.0,2329.0,2323.0,2327.0,40.0,93.01,玉米1207,288.0,2325.0,2327.0
2012-02-02,C1207,2326.0,2326.0,2318.0,2320.0,26.0,60.34,玉米1207,290.0,2320.0,2320.0
2012-02-03,C1207,2330.0,2343.0,2329.0,2334.0,84.0,196.12,玉米1207,286.0,2334.0,2334.0
2012-02-06,C1207,2358.0,2358.0,2356.0,2356.0,14.0,33.01,玉米1207,286.0,2357.0,2356.0
2012-02-07,C1207,2357.0,2367.0,2356.0,2367.0,18.0,42.45,玉米1207,278.0,2358.0,2367.0
2012-02-08,C1207,2375.0,2382.0,2370.0,2377.0,200.0,475.07,玉米1207,278.0,2375.0,2377.0
2012-02-09,C1207,2378.0,2381.0,2368.0,2368.0,78.0,185.01,玉米1207,282.0,2371.0,2368.0
2012-02-10,C1207,2363.0,2372.0,2361.0,2368.0,8.0,18.93,玉米1207,282.0,2366.0,2368.0
2012-02-13,C1207,2369.0,2382.0,2369.0,2375.0,28.0,66.53,玉米1207,298.0,2376.0,2375.0
2012-02-14,C1207,2386.0,2386.0,2362.0,2362.0,24.0,56.94,玉米1207,292.0,2372.0,2362.0
2012-02-15,C1207,2363.0,2373.0,2359.0,2361.0,64.0,151.47,玉米1207,318.0,2366.0,2361.0
2012-02-16,C1207,2360.0,2360.0,2348.0,2352.0,44.0,103.6,玉米1207,296.0,2354.0,2352.0
2012-02-17,C1207,2366.0,2366.0,2358.0,2358.0,14.0,33.07,玉米1207,294.0,2362.0,2358.0
2012-02-20,C1207,2365.0,2375.0,2365.0,2370.0,30.0,71.11,玉米1207,298.0,2370.0,2370.0
2012-02-21,C1207,2368.0,2376.0,2368.0,2375.0,14.0,33.21,玉米1207,296.0,2372.0,2375.0
2012-02-22,C1207,2368.0,2368.0,2364.0,2366.0,6.0,14.2,玉米1207,296.0,2366.0,2366.0
2012-02-23,C1207,2368.0,2370.0,2364.0,2370.0,36.0,85.21,玉米1207,292.0,2366.0,2370.0
2012-02-24,C1207,2372.0,2374.0,2370.0,2373.0,12.0,28.47,玉米1207,288.0,2372.0,2373.0
2012-02-27,C1207,2388.0,2392.0,2387.0,2392.0,26.0,62.1,玉米1207,268.0,2388.0,2392.0
2012-02-28,C1207,2397.0,2407.0,2397.0,2407.0,156.0,374.59,玉米1207,226.0,2401.0,2407.0
2012-02-29,C1207,2406.0,2415.0,2405.0,2415.0,30.0,72.29,玉米1207,222.0,2409.0,2415.0
2012-03-01,C1207,2413.0,2427.0,2411.0,2412.0,86.0,208.2,玉米1207,180.0,2420.0,2412.0
2012-03-02,C1207,2411.0,2418.0,2409.0,2415.0,42.0,101.38,玉米1207,172.0,2413.0,2415.0
2012-03-05,C1207,2417.0,2417.0,2408.0,2410.0,32.0,77.15,玉米1207,178.0,2410.0,2410.0
2012-03-06,C1207,2417.0,2417.0,2405.0,2405.0,26.0,62.69,玉米1207,192.0,2410.0,2405.0
2012-03-07,C1207,2405.0,2415.0,2404.0,2413.0,36.0,86.71,玉米1207,198.0,2408.0,2413.0
2012-03-08,C1207,2415.0,2417.0,2412.0,2414.0,16.0,38.64,玉米1207,206.0,2414.0,2414.0
2012-03-09,C1207,2417.0,2435.0,2416.0,2434.0,72.0,174.48,玉米1207,250.0,2423.0,2434.0
2012-03-12,C1207,2435.0,2438.0,2431.0,2438.0,114.0,277.69,玉米1207,346.0,2435.0,2438.0
2012-03-13,C1207,2454.0,2457.0,2446.0,2454.0,182.0,446.55,玉米1207,378.0,2453.0,2454.0
2012-03-14,C1207,2452.0,2452.0,2442.0,2442.0,44.0,107.53,玉米1207,358.0,2443.0,2442.0
2012-03-15,C1207,2445.0,2473.0,2441.0,2470.0,232.0,569.65,玉米1207,332.0,2455.0,2470.0
2012-03-16,C1207,2489.0,2492.0,2479.0,2491.0,54.0,134.18,玉米1207,334.0,2484.0,2491.0
2012-03-19,C1207,2489.0,2494.0,2474.0,2479.0,90.0,223.54,玉米1207,342.0,2483.0,2479.0
2012-03-20,C1207,2476.0,2478.0,2470.0,2470.0,78.0,192.95,玉米1207,336.0,2473.0,2470.0
2012-03-21,C1207,2485.0,2485.0,2471.0,2471.0,14.0,34.68,玉米1207,340.0,2477.0,2471.0
2012-03-22,C1207,2469.0,2470.0,2469.0,2469.0,36.0,88.89,玉米1207,304.0,2469.0,2469.0
2012-03-23,C1207,2474.0,2474.0,2462.0,2463.0,72.0,177.77,玉米1207,296.0,2468.0,2463.0
2012-03-26,C1207,2457.0,2460.0,2452.0,2452.0,10.0,24.58,玉米1207,294.0,2457.0,2452.0
2012-03-27,C1207,2455.0,2456.0,2448.0,2451.0,36.0,88.3,玉米1207,268.0,2452.0,2451.0
2012-03-28,C1207,2446.0,2464.0,2446.0,2464.0,80.0,196.65,玉米1207,276.0,2458.0,2464.0
2012-03-29,C1207,2460.0,2460.0,2433.0,2433.0,44.0,107.67,玉米1207,260.0,2446.0,2433.0
2012-03-30,C1207,2435.0,2438.0,2428.0,2438.0,30.0,73.04,玉米1207,254.0,2434.0,2438.0
2012-04-05,C1207,2449.0,2468.0,2449.0,2465.0,58.0,142.81,玉米1207,296.0,2462.0,2465.0
2012-04-06,C1207,2459.0,2462.0,2455.0,2457.0,44.0,108.13,玉米1207,280.0,2457.0,2457.0
2012-04-09,C1207,2458.0,2464.0,2458.0,2461.0,54.0,132.85,玉米1207,268.0,2460.0,2461.0
2012-04-10,C1207,2455.0,2455.0,2447.0,2452.0,14.0,34.33,玉米1207,260.0,2452.0,2452.0
2012-04-11,C1207,2443.0,2446.0,2433.0,2436.0,598.0,1459.59,玉米1207,246.0,2440.0,2436.0
2012-04-12,C1207,2437.0,2442.0,2433.0,2438.0,72.0,175.58,玉米1207,232.0,2438.0,2438.0
2012-04-13,C1207,2450.0,2450.0,2431.0,2431.0,16.0,38.99,玉米1207,230.0,2436.0,2431.0
2012-04-16,C1207,2414.0,2427.0,2414.0,2419.0,46.0,111.39,玉米1207,218.0,2421.0,2419.0
2012-04-17,C1207,2421.0,2429.0,2420.0,2420.0,22.0,53.33,玉米1207,214.0,2424.0,2420.0
2012-04-18,C1207,2423.0,2432.0,2419.0,2425.0,20.0,48.51,玉米1207,212.0,2425.0,2425.0
2012-04-19,C1207,2426.0,2441.0,2426.0,2441.0,48.0,116.98,玉米1207,224.0,2437.0,2441.0
2012-04-20,C1207,2438.0,2441.0,2430.0,2430.0,106.0,258.06,玉米1207,252.0,2434.0,2430.0
2012-04-23,C1207,2423.0,2427.0,2422.0,2426.0,38.0,92.1,玉米1207,266.0,2423.0,2426.0
2012-04-24,C1207,2429.0,2430.0,2421.0,2421.0,60.0,145.52,玉米1207,238.0,2425.0,2421.0
2012-04-25,C1207,2418.0,2424.0,2409.0,2422.0,116.0,279.89,玉米1207,208.0,2412.0,2422.0
2012-04-26,C1207,2418.0,2429.0,2418.0,2426.0,80.0,193.95,玉米1207,192.0,2424.0,2426.0
2012-04-27,C1207,2425.0,2437.0,2422.0,2437.0,502.0,1218.74,玉米1207,108.0,2427.0,2437.0
2012-05-02,C1207,2434.0,2434.0,2425.0,2433.0,56.0,136.06,玉米1207,98.0,2429.0,2433.0
2012-05-03,C1207,2424.0,2426.0,2417.0,2420.0,22.0,53.27,玉米1207,90.0,2421.0,2420.0
2012-05-04,C1207,2416.0,2433.0,2416.0,2432.0,154.0,373.65,玉米1207,84.0,2426.0,2432.0
2012-05-07,C1207,2424.0,2428.0,2415.0,2424.0,104.0,251.75,玉米1207,86.0,2420.0,2424.0
2012-05-08,C1207,2426.0,2430.0,2426.0,2427.0,26.0,63.13,玉米1207,86.0,2428.0,2427.0
2012-05-09,C1207,2426.0,2426.0,2411.0,2412.0,18.0,43.53,玉米1207,76.0,2418.0,2412.0
2012-05-10,C1207,2409.0,2416.0,2404.0,2412.0,28.0,67.5,玉米1207,76.0,2410.0,2412.0
2012-05-11,C1207,2382.0,2404.0,2382.0,2397.0,30.0,71.94,玉米1207,74.0,2397.0,2397.0
2012-05-14,C1207,2379.0,2404.0,2379.0,2404.0,238.0,570.32,玉米1207,192.0,2396.0,2404.0
2012-05-15,C1207,2395.0,2430.0,2395.0,2413.0,78.0,187.77,玉米1207,212.0,2407.0,2413.0
2012-05-16,C1207,2407.0,2420.0,2405.0,2411.0,34.0,81.96,玉米1207,220.0,2410.0,2411.0
2012-05-17,C1207,2427.0,2427.0,2405.0,2406.0,14.0,33.74,玉米1207,218.0,2410.0,2406.0
2012-05-18,C1207,2427.0,2427.0,2422.0,2422.0,4.0,9.7,玉米1207,218.0,2424.0,2422.0
2012-05-21,C1207,2455.0,2460.0,2427.0,2427.0,30.0,73.43,玉米1207,218.0,2447.0,2427.0
2012-05-22,C1207,2427.0,2433.0,2421.0,2433.0,84.0,203.87,玉米1207,182.0,2426.0,2433.0
2012-05-23,C1207,2406.0,2423.0,2406.0,2419.0,46.0,111.3,玉米1207,184.0,2419.0,2419.0
2012-05-24,C1207,2433.0,2433.0,2421.0,2423.0,74.0,179.72,玉米1207,182.0,2428.0,2423.0
2012-05-25,C1207,2410.0,2415.0,2391.0,2391.0,112.0,268.65,玉米1207,192.0,2398.0,2391.0
2012-05-28,C1207,2399.0,2418.0,2393.0,2406.0,74.0,177.9,玉米1207,184.0,2404.0,2406.0
2012-05-29,C1207,2413.0,2416.0,2399.0,2409.0,42.0,101.11,玉米1207,186.0,2407.0,2409.0
2012-05-30,C1207,2381.0,2410.0,2381.0,2400.0,24.0,57.61,玉米1207,182.0,2400.0,2400.0
2012-05-31,C1207,2416.0,2416.0,2400.0,2401.0,20.0,48.07,玉米1207,186.0,2403.0,2401.0
2012-06-01,C1207,2392.0,2413.0,2392.0,2403.0,54.0,129.81,玉米1207,188.0,2403.0,2403.0
2012-06-04,C1207,2408.0,2408.0,2398.0,2398.0,28.0,67.22,玉米1207,190.0,2400.0,2398.0
2012-06-05,C1207,2423.0,2454.0,2403.0,2418.0,76.0,184.81,玉米1207,188.0,2431.0,2418.0
2012-06-06,C1207,2405.0,2432.0,2405.0,2412.0,20.0,48.37,玉米1207,190.0,2418.0,2412.0
2012-06-07,C1207,2412.0,2412.0,2401.0,2401.0,38.0,91.52,玉米1207,196.0,2408.0,2401.0
2012-06-08,C1207,2385.0,2431.0,2385.0,2409.0,22.0,52.91,玉米1207,190.0,2405.0,2409.0
2012-06-11,C1207,2387.0,2403.0,2387.0,2397.0,68.0,163.05,玉米1207,194.0,2397.0,2397.0
2012-06-12,C1207,2393.0,2401.0,2393.0,2401.0,12.0,28.78,玉米1207,190.0,2398.0,2401.0
2012-06-13,C1207,2416.0,2416.0,2393.0,2393.0,36.0,86.67,玉米1207,200.0,2407.0,2393.0
2012-06-14,C1207,2413.0,2413.0,2396.0,2397.0,14.0,33.59,玉米1207,198.0,2399.0,2397.0
2012-06-15,C1207,2398.0,2398.0,2398.0,2398.0,2.0,4.8,玉米1207,196.0,2398.0,2398.0
2012-06-18,C1207,2419.0,2419.0,2419.0,2419.0,2.0,4.84,玉米1207,194.0,2419.0,2419.0
2012-06-19,C1207,2401.0,2407.0,2380.0,2407.0,18.0,43.15,玉米1207,190.0,2397.0,2407.0
2012-06-20,C1207,2398.0,2409.0,2398.0,2409.0,6.0,14.41,玉米1207,190.0,2401.0,2409.0
2012-06-21,C1207,2409.0,2449.0,2400.0,2414.0,56.0,134.78,玉米1207,176.0,2406.0,2414.0
2012-06-25,C1207,2416.0,2420.0,2415.0,2415.0,10.0,24.18,玉米1207,170.0,2417.0,2415.0
2012-06-26,C1207,2415.0,2420.0,2366.0,2386.0,20.0,47.98,玉米1207,168.0,2399.0,2386.0
2012-06-27,C1207,2400.0,2423.0,2363.0,2363.0,10.0,24.02,玉米1207,164.0,2401.0,2363.0
2012-06-28,C1207,0.0,0.0,0.0,2401.0,0.0,0.0,玉米1207,164.0,2401.0,2401.0
2012-06-29,C1207,2350.0,2350.0,2305.0,2305.0,16.0,37.15,玉米1207,164.0,2321.0,2305.0
2012-07-02,C1207,2182.0,2182.0,2182.0,2182.0,4.0,8.73,玉米1207,164.0,2182.0,2182.0
2012-07-03,C1207,0.0,0.0,0.0,2182.0,0.0,0.0,玉米1207,0.0,2182.0,2182.0
2012-07-04,C1207,0.0,0.0,0.0,2182.0,0.0,0.0,玉米1207,0.0,2182.0,2182.0
2012-07-05,C1207,0.0,0.0,0.0,2182.0,0.0,0.0,玉米1207,0.0,2182.0,2182.0
2012-07-06,C1207,0.0,0.0,0.0,2182.0,0.0,0.0,玉米1207,0.0,2182.0,2182.0
2012-07-09,C1207,0.0,0.0,0.0,2182.0,0.0,0.0,玉米1207,0.0,2182.0,2182.0
2012-07-10,C1207,0.0,0.0,0.0,2182.0,0.0,0.0,玉米1207,0.0,2182.0,2182.0
2012-07-11,C1207,0.0,0.0,0.0,2182.0,0.0,0.0,玉米1207,0.0,2182.0,2182.0
2012-07-12,C1207,0.0,0.0,0.0,2182.0,0.0,0.0,玉米1207,0.0,2182.0,2182.0
2012-07-13,C1207,0.0,0.0,0.0,2182.0,0.0,0.0,玉米1207,0.0,2182.0,2182.0
