date,symbol,open,high,low,close,volume,amount,name,openinterest,settleprice,price
2011-05-17,C1205,2420.0,2437.0,2408.0,2411.0,23436.0,56610.79,玉米1205,20408.0,2415.0,2411.0
2011-05-18,C1205,2416.0,2426.0,2413.0,2414.0,15344.0,37136.19,玉米1205,33028.0,2420.0,2414.0
2011-05-19,C1205,2425.0,2437.0,2425.0,2434.0,24666.0,60024.57,玉米1205,52952.0,2433.0,2434.0
2011-05-20,C1205,2433.0,2439.0,2433.0,2437.0,7108.0,17317.85,玉米1205,57260.0,2436.0,2437.0
2011-05-23,C1205,2440.0,2460.0,2440.0,2453.0,31974.0,78422.5,玉米1205,82240.0,2452.0,2453.0
2011-05-24,C1205,2451.0,2458.0,2449.0,2454.0,10608.0,26018.73,玉米1205,86564.0,2452.0,2454.0
2011-05-25,C1205,2448.0,2456.0,2447.0,2453.0,7524.0,18452.92,玉米1205,88942.0,2452.0,2453.0
2011-05-26,C1205,2458.0,2470.0,2455.0,2469.0,22840.0,56302.38,玉米1205,99006.0,2465.0,2469.0
2011-05-27,C1205,2471.0,2471.0,2462.0,2467.0,5776.0,14240.02,玉米1205,101322.0,2465.0,2467.0
2011-05-30,C1205,2470.0,2479.0,2468.0,2473.0,15948.0,39448.01,玉米1205,106900.0,2473.0,2473.0
2011-05-31,C1205,2473.0,2473.0,2461.0,2461.0,8400.0,20713.29,玉米1205,107086.0,2465.0,2461.0
2011-06-01,C1205,2461.0,2465.0,2456.0,2456.0,9224.0,22694.31,玉米1205,108886.0,2460.0,2456.0
2011-06-02,C1205,2459.0,2464.0,2456.0,2460.0,7788.0,19149.47,玉米1205,111012.0,2458.0,2460.0
2011-06-03,C1205,2465.0,2475.0,2465.0,2471.0,9510.0,23487.45,玉米1205,113960.0,2469.0,2471.0
2011-06-07,C1205,2466.0,2466.0,2450.0,2454.0,15744.0,38647.91,玉米1205,119146.0,2454.0,2454.0
2011-06-08,C1205,2455.0,2458.0,2452.0,2453.0,7560.0,18562.04,玉米1205,118866.0,2455.0,2453.0
2011-06-09,C1205,2465.0,2465.0,2455.0,2460.0,27106.0,66674.11,玉米1205,118864.0,2459.0,2460.0
2011-06-10,C1205,2465.0,2467.0,2456.0,2459.0,12242.0,30134.75,玉米1205,120518.0,2461.0,2459.0
2011-06-13,C1205,2459.0,2469.0,2456.0,2463.0,10730.0,26444.85,玉米1205,118516.0,2464.0,2463.0
2011-06-14,C1205,2460.0,2463.0,2456.0,2458.0,5270.0,12958.64,玉米1205,119162.0,2458.0,2458.0
2011-06-15,C1205,2451.0,2458.0,2451.0,2456.0,7604.0,18668.52,玉米1205,119542.0,2455.0,2456.0
2011-06-16,C1205,2450.0,2452.0,2435.0,2437.0,27086.0,66229.29,玉米1205,116964.0,2445.0,2437.0
2011-06-17,C1205,2435.0,2435.0,2419.0,2420.0,32304.0,78374.34,玉米1205,116708.0,2426.0,2420.0
2011-06-20,C1205,2420.0,2424.0,2414.0,2416.0,26734.0,64649.29,玉米1205,125708.0,2418.0,2416.0
2011-06-21,C1205,2420.0,2426.0,2420.0,2424.0,14964.0,36253.07,玉米1205,130006.0,2422.0,2424.0
2011-06-22,C1205,2427.0,2428.0,2414.0,2416.0,16438.0,39771.45,玉米1205,137210.0,2419.0,2416.0
2011-06-23,C1205,2405.0,2405.0,2381.0,2386.0,69896.0,167126.87,玉米1205,171772.0,2391.0,2386.0
2011-06-24,C1205,2386.0,2401.0,2386.0,2397.0,23518.0,56303.73,玉米1205,176438.0,2394.0,2397.0
2011-06-27,C1205,2386.0,2389.0,2360.0,2364.0,35444.0,84173.57,玉米1205,189552.0,2374.0,2364.0
2011-06-28,C1205,2368.0,2371.0,2338.0,2341.0,47416.0,111366.26,玉米1205,199366.0,2348.0,2341.0
2011-06-29,C1205,2356.0,2360.0,2351.0,2356.0,31808.0,74943.93,玉米1205,199518.0,2356.0,2356.0
2011-06-30,C1205,2357.0,2357.0,2335.0,2346.0,52810.0,123751.8,玉米1205,215796.0,2343.0,2346.0
2011-07-01,C1205,2305.0,2312.0,2295.0,2305.0,48944.0,112746.36,玉米1205,220086.0,2303.0,2305.0
2011-07-04,C1205,2313.0,2318.0,2304.0,2314.0,54326.0,125572.52,玉米1205,219828.0,2311.0,2314.0
2011-07-05,C1205,2315.0,2320.0,2302.0,2315.0,51346.0,118671.5,玉米1205,228392.0,2311.0,2315.0
2011-07-06,C1205,2317.0,2330.0,2313.0,2327.0,38808.0,90120.78,玉米1205,226824.0,2322.0,2327.0
2011-07-07,C1205,2322.0,2329.0,2321.0,2327.0,17424.0,40539.57,玉米1205,228232.0,2326.0,2327.0
2011-07-08,C1205,2334.0,2343.0,2332.0,2339.0,31182.0,72935.82,玉米1205,222738.0,2339.0,2339.0
2011-07-11,C1205,2339.0,2342.0,2329.0,2329.0,25008.0,58388.79,玉米1205,229554.0,2334.0,2329.0
2011-07-12,C1205,2328.0,2329.0,2309.0,2319.0,34978.0,80959.75,玉米1205,227510.0,2314.0,2319.0
2011-07-13,C1205,2330.0,2350.0,2330.0,2348.0,41358.0,96848.66,玉米1205,227094.0,2341.0,2348.0
2011-07-14,C1205,2359.0,2373.0,2355.0,2365.0,75846.0,179331.78,玉米1205,217314.0,2364.0,2365.0
2011-07-15,C1205,2362.0,2371.0,2358.0,2370.0,50482.0,119492.26,玉米1205,216604.0,2367.0,2370.0
2011-07-18,C1205,2362.0,2385.0,2362.0,2376.0,84074.0,200104.45,玉米1205,227520.0,2380.0,2376.0
2011-07-19,C1205,2375.0,2383.0,2375.0,2382.0,34882.0,82998.68,玉米1205,222808.0,2379.0,2382.0
2011-07-20,C1205,2385.0,2389.0,2375.0,2378.0,47170.0,112279.89,玉米1205,226640.0,2380.0,2378.0
2011-07-21,C1205,2375.0,2376.0,2366.0,2369.0,46424.0,110035.51,玉米1205,232540.0,2370.0,2369.0
2011-07-22,C1205,2373.0,2378.0,2368.0,2377.0,31246.0,74166.85,玉米1205,229162.0,2373.0,2377.0
2011-07-25,C1205,2373.0,2374.0,2356.0,2364.0,54248.0,128289.86,玉米1205,241148.0,2364.0,2364.0
2011-07-26,C1205,2364.0,2382.0,2363.0,2381.0,47580.0,112955.11,玉米1205,240752.0,2374.0,2381.0
2011-07-27,C1205,2385.0,2400.0,2385.0,2397.0,70548.0,168912.99,玉米1205,232786.0,2394.0,2397.0
2011-07-28,C1205,2395.0,2397.0,2385.0,2391.0,41484.0,99185.47,玉米1205,231188.0,2390.0,2391.0
2011-07-29,C1205,2392.0,2398.0,2383.0,2383.0,47124.0,112719.05,玉米1205,229448.0,2391.0,2383.0
2011-08-01,C1205,2389.0,2392.0,2384.0,2391.0,32228.0,76949.72,玉米1205,234658.0,2387.0,2391.0
2011-08-02,C1205,2396.0,2399.0,2384.0,2386.0,50252.0,120138.81,玉米1205,245060.0,2390.0,2386.0
2011-08-03,C1205,2397.0,2406.0,2395.0,2397.0,84842.0,203681.24,玉米1205,253138.0,2400.0,2397.0
2011-08-04,C1205,2395.0,2399.0,2384.0,2386.0,80904.0,193357.28,玉米1205,252486.0,2389.0,2386.0
2011-08-05,C1205,2371.0,2379.0,2350.0,2373.0,131902.0,312352.23,玉米1205,248962.0,2368.0,2373.0
2011-08-08,C1205,2371.0,2393.0,2367.0,2387.0,112110.0,267034.68,玉米1205,247668.0,2381.0,2387.0
2011-08-09,C1205,2363.0,2402.0,2353.0,2391.0,329622.0,784451.38,玉米1205,285268.0,2379.0,2391.0
2011-08-10,C1205,2398.0,2402.0,2382.0,2388.0,142980.0,341651.49,玉米1205,283586.0,2389.0,2388.0
2011-08-11,C1205,2379.0,2419.0,2376.0,2413.0,289852.0,695752.69,玉米1205,292004.0,2400.0,2413.0
2011-08-12,C1205,2426.0,2429.0,2406.0,2409.0,127256.0,307098.26,玉米1205,291952.0,2413.0,2409.0
2011-08-15,C1205,2415.0,2422.0,2410.0,2419.0,142748.0,344973.83,玉米1205,276782.0,2416.0,2419.0
2011-08-16,C1205,2423.0,2423.0,2406.0,2406.0,84886.0,204978.49,玉米1205,260910.0,2414.0,2406.0
2011-08-17,C1205,2406.0,2412.0,2404.0,2405.0,57852.0,139363.53,玉米1205,262226.0,2408.0,2405.0
2011-08-18,C1205,2408.0,2409.0,2390.0,2393.0,118198.0,283322.09,玉米1205,263924.0,2397.0,2393.0
2011-08-19,C1205,2388.0,2399.0,2382.0,2389.0,117404.0,280573.53,玉米1205,242610.0,2389.0,2389.0
2011-08-22,C1205,2397.0,2404.0,2392.0,2392.0,76208.0,182849.65,玉米1205,243046.0,2399.0,2392.0
2011-08-23,C1205,2399.0,2403.0,2385.0,2394.0,94258.0,225597.92,玉米1205,257796.0,2393.0,2394.0
2011-08-24,C1205,2397.0,2397.0,2375.0,2380.0,135546.0,322821.68,玉米1205,274774.0,2381.0,2380.0
2011-08-25,C1205,2379.0,2382.0,2368.0,2370.0,122952.0,291761.5,玉米1205,282028.0,2372.0,2370.0
2011-08-26,C1205,2374.0,2376.0,2369.0,2371.0,79560.0,188735.35,玉米1205,279598.0,2372.0,2371.0
2011-08-29,C1205,2383.0,2392.0,2373.0,2391.0,161818.0,385512.47,玉米1205,278088.0,2382.0,2391.0
2011-08-30,C1205,2385.0,2397.0,2385.0,2390.0,110734.0,264815.25,玉米1205,278800.0,2391.0,2390.0
2011-08-31,C1205,2393.0,2403.0,2390.0,2396.0,105048.0,251879.15,玉米1205,292386.0,2397.0,2396.0
2011-09-01,C1205,2398.0,2401.0,2391.0,2395.0,83868.0,200980.56,玉米1205,287016.0,2396.0,2395.0
2011-09-02,C1205,2387.0,2402.0,2386.0,2397.0,109828.0,263248.4,玉米1205,298088.0,2396.0,2397.0
2011-09-05,C1205,2401.0,2413.0,2399.0,2405.0,148392.0,356992.19,玉米1205,286364.0,2405.0,2405.0
2011-09-06,C1205,2405.0,2411.0,2398.0,2406.0,128776.0,309640.98,玉米1205,286054.0,2404.0,2406.0
2011-09-07,C1205,2408.0,2410.0,2401.0,2406.0,63950.0,153782.35,玉米1205,286538.0,2404.0,2406.0
2011-09-08,C1205,2405.0,2406.0,2398.0,2403.0,75212.0,180629.9,玉米1205,288044.0,2401.0,2403.0
2011-09-09,C1205,2405.0,2408.0,2400.0,2404.0,56678.0,136245.74,玉米1205,288954.0,2403.0,2404.0
2011-09-13,C1205,2405.0,2409.0,2395.0,2402.0,86828.0,208586.63,玉米1205,275326.0,2402.0,2402.0
2011-09-14,C1205,2398.0,2399.0,2381.0,2383.0,176564.0,421817.77,玉米1205,282390.0,2389.0,2383.0
2011-09-15,C1205,2383.0,2390.0,2383.0,2385.0,57700.0,137684.34,玉米1205,280322.0,2386.0,2385.0
2011-09-16,C1205,2380.0,2389.0,2378.0,2386.0,106680.0,254232.27,玉米1205,264596.0,2383.0,2386.0
2011-09-19,C1205,2382.0,2384.0,2373.0,2375.0,143076.0,340264.68,玉米1205,249860.0,2378.0,2375.0
2011-09-20,C1205,2379.0,2390.0,2379.0,2386.0,74616.0,178038.49,玉米1205,240936.0,2386.0,2386.0
2011-09-21,C1205,2384.0,2385.0,2369.0,2378.0,103292.0,245405.24,玉米1205,228430.0,2375.0,2378.0
2011-09-22,C1205,2359.0,2367.0,2358.0,2360.0,102996.0,243311.3,玉米1205,225190.0,2362.0,2360.0
2011-09-23,C1205,2345.0,2348.0,2297.0,2302.0,287198.0,665878.25,玉米1205,238662.0,2318.0,2302.0
2011-09-26,C1205,2300.0,2302.0,2263.0,2264.0,274190.0,625412.8,玉米1205,250508.0,2280.0,2264.0
2011-09-27,C1205,2290.0,2307.0,2287.0,2302.0,150634.0,346371.77,玉米1205,233206.0,2299.0,2302.0
2011-09-28,C1205,2298.0,2299.0,2276.0,2282.0,120166.0,274855.4,玉米1205,237992.0,2287.0,2282.0
2011-09-29,C1205,2230.0,2267.0,2202.0,2260.0,147092.0,330873.76,玉米1205,226022.0,2249.0,2260.0
2011-09-30,C1205,2268.0,2298.0,2264.0,2285.0,118154.0,269869.7,玉米1205,209706.0,2284.0,2285.0
2011-10-10,C1205,2275.0,2275.0,2260.0,2266.0,66994.0,151918.94,玉米1205,214942.0,2267.0,2266.0
2011-10-11,C1205,2270.0,2274.0,2211.0,2214.0,245720.0,549575.73,玉米1205,282696.0,2236.0,2214.0
2011-10-12,C1205,2239.0,2251.0,2221.0,2239.0,345078.0,771715.75,玉米1205,295848.0,2236.0,2239.0
2011-10-13,C1205,2231.0,2244.0,2224.0,2235.0,188264.0,420327.08,玉米1205,301442.0,2232.0,2235.0
2011-10-14,C1205,2235.0,2280.0,2235.0,2279.0,342078.0,774235.49,玉米1205,261380.0,2263.0,2279.0
2011-10-17,C1205,2280.0,2292.0,2265.0,2273.0,209704.0,477616.1,玉米1205,231794.0,2277.0,2273.0
2011-10-18,C1205,2264.0,2268.0,2247.0,2251.0,165438.0,372990.55,玉米1205,231720.0,2254.0,2251.0
2011-10-19,C1205,2260.0,2271.0,2242.0,2258.0,215996.0,486749.8,玉米1205,250768.0,2253.0,2258.0
2011-10-20,C1205,2240.0,2241.0,2222.0,2235.0,270196.0,602895.51,玉米1205,287728.0,2231.0,2235.0
2011-10-21,C1205,2245.0,2258.0,2245.0,2253.0,142122.0,320033.87,玉米1205,273818.0,2251.0,2253.0
2011-10-24,C1205,2250.0,2267.0,2235.0,2259.0,248632.0,559843.21,玉米1205,265016.0,2251.0,2259.0
2011-10-25,C1205,2259.0,2266.0,2252.0,2259.0,135182.0,305383.87,玉米1205,265596.0,2259.0,2259.0
2011-10-26,C1205,2255.0,2268.0,2249.0,2259.0,148290.0,335133.18,玉米1205,262020.0,2259.0,2259.0
2011-10-27,C1205,2251.0,2265.0,2251.0,2263.0,104562.0,236211.01,玉米1205,254054.0,2259.0,2263.0
2011-10-28,C1205,2276.0,2277.0,2261.0,2262.0,95234.0,215955.05,玉米1205,248876.0,2267.0,2262.0
2011-10-31,C1205,2258.0,2260.0,2235.0,2242.0,140706.0,315972.36,玉米1205,264432.0,2245.0,2242.0
2011-11-01,C1205,2243.0,2253.0,2239.0,2240.0,107616.0,241555.27,玉米1205,261572.0,2244.0,2240.0
2011-11-02,C1205,2245.0,2252.0,2238.0,2251.0,93860.0,210610.09,玉米1205,252644.0,2243.0,2251.0
2011-11-03,C1205,2240.0,2249.0,2225.0,2240.0,237082.0,530283.0,玉米1205,267430.0,2236.0,2240.0
2011-11-04,C1205,2248.0,2250.0,2228.0,2232.0,162816.0,364199.79,玉米1205,288638.0,2236.0,2232.0
2011-11-07,C1205,2228.0,2230.0,2205.0,2216.0,209824.0,464748.84,玉米1205,334646.0,2214.0,2216.0
2011-11-08,C1205,2216.0,2235.0,2213.0,2228.0,204168.0,454080.73,玉米1205,300836.0,2224.0,2228.0
2011-11-09,C1205,2233.0,2236.0,2225.0,2231.0,94532.0,210890.64,玉米1205,298084.0,2230.0,2231.0
2011-11-10,C1205,2219.0,2232.0,2207.0,2227.0,245518.0,545637.4,玉米1205,316080.0,2222.0,2227.0
2011-11-11,C1205,2225.0,2231.0,2214.0,2224.0,148148.0,329255.93,玉米1205,324930.0,2222.0,2224.0
2011-11-14,C1205,2227.0,2228.0,2214.0,2216.0,137964.0,306286.26,玉米1205,338200.0,2220.0,2216.0
2011-11-15,C1205,2207.0,2219.0,2196.0,2217.0,158432.0,350005.42,玉米1205,353428.0,2209.0,2217.0
2011-11-16,C1205,2224.0,2224.0,2209.0,2210.0,86962.0,192527.76,玉米1205,357694.0,2213.0,2210.0
2011-11-17,C1205,2210.0,2217.0,2205.0,2213.0,69996.0,154860.87,玉米1205,351404.0,2212.0,2213.0
2011-11-18,C1205,2193.0,2208.0,2193.0,2203.0,95174.0,209667.25,玉米1205,360436.0,2202.0,2203.0
2011-11-21,C1205,2202.0,2204.0,2170.0,2175.0,229438.0,500978.12,玉米1205,412360.0,2183.0,2175.0
2011-11-22,C1205,2165.0,2174.0,2158.0,2165.0,185278.0,401231.41,玉米1205,404972.0,2165.0,2165.0
2011-11-23,C1205,2169.0,2179.0,2152.0,2159.0,174768.0,378562.53,玉米1205,396416.0,2166.0,2159.0
2011-11-24,C1205,2155.0,2162.0,2148.0,2161.0,124454.0,268251.26,玉米1205,370542.0,2155.0,2161.0
2011-11-25,C1205,2175.0,2175.0,2149.0,2159.0,101730.0,219392.6,玉米1205,382112.0,2156.0,2159.0
2011-11-28,C1205,2170.0,2184.0,2162.0,2180.0,171484.0,372832.22,玉米1205,384660.0,2174.0,2180.0
2011-11-29,C1205,2180.0,2185.0,2174.0,2183.0,101194.0,220614.46,玉米1205,377560.0,2180.0,2183.0
2011-11-30,C1205,2183.0,2189.0,2174.0,2178.0,65920.0,143601.5,玉米1205,381762.0,2178.0,2178.0
2011-12-01,C1205,2190.0,2208.0,2190.0,2190.0,109868.0,241435.91,玉米1205,372278.0,2197.0,2190.0
2011-12-02,C1205,2187.0,2187.0,2178.0,2182.0,79288.0,173036.05,玉米1205,379654.0,2182.0,2182.0
2011-12-05,C1205,2186.0,2195.0,2182.0,2195.0,88876.0,194672.43,玉米1205,385320.0,2190.0,2195.0
2011-12-06,C1205,2190.0,2197.0,2186.0,2195.0,63634.0,139393.21,玉米1205,385082.0,2190.0,2195.0
2011-12-07,C1205,2200.0,2202.0,2190.0,2195.0,57732.0,126757.6,玉米1205,379016.0,2195.0,2195.0
2011-12-08,C1205,2195.0,2199.0,2188.0,2193.0,71858.0,157519.67,玉米1205,381462.0,2192.0,2193.0
2011-12-09,C1205,2195.0,2228.0,2193.0,2228.0,240986.0,534440.38,玉米1205,360504.0,2217.0,2228.0
2011-12-12,C1205,2230.0,2237.0,2225.0,2231.0,96312.0,214886.61,玉米1205,345572.0,2231.0,2231.0
2011-12-13,C1205,2230.0,2234.0,2226.0,2228.0,51248.0,114218.2,玉米1205,337724.0,2228.0,2228.0
2011-12-14,C1205,2230.0,2243.0,2228.0,2243.0,68842.0,153839.11,玉米1205,331116.0,2234.0,2243.0
2011-12-15,C1205,2230.0,2245.0,2230.0,2244.0,87472.0,195885.3,玉米1205,322398.0,2239.0,2244.0
2011-12-16,C1205,2238.0,2248.0,2238.0,2244.0,49472.0,110919.71,玉米1205,318740.0,2242.0,2244.0
2011-12-19,C1205,2247.0,2253.0,2240.0,2242.0,49654.0,111527.75,玉米1205,311022.0,2246.0,2242.0
2011-12-20,C1205,2245.0,2246.0,2237.0,2244.0,55634.0,124691.87,玉米1205,299496.0,2241.0,2244.0
2011-12-21,C1205,2247.0,2248.0,2230.0,2234.0,54984.0,122960.77,玉米1205,285554.0,2236.0,2234.0
2011-12-22,C1205,2237.0,2240.0,2232.0,2237.0,21072.0,47123.64,玉米1205,281056.0,2236.0,2237.0
2011-12-23,C1205,2236.0,2242.0,2236.0,2240.0,19784.0,44310.48,玉米1205,278282.0,2239.0,2240.0
2011-12-26,C1205,2240.0,2247.0,2240.0,2244.0,17832.0,40026.1,玉米1205,272742.0,2244.0,2244.0
2011-12-27,C1205,2245.0,2246.0,2241.0,2242.0,11852.0,26577.0,玉米1205,268520.0,2242.0,2242.0
2011-12-28,C1205,2247.0,2252.0,2244.0,2252.0,34466.0,77484.27,玉米1205,244148.0,2248.0,2252.0
2011-12-29,C1205,2250.0,2255.0,2246.0,2254.0,30778.0,69311.99,玉米1205,227484.0,2251.0,2254.0
2011-12-30,C1205,2260.0,2260.0,2252.0,2260.0,16428.0,37073.54,玉米1205,220680.0,2256.0,2260.0
2012-01-04,C1205,2265.0,2274.0,2259.0,2270.0,32906.0,74670.13,玉米1205,204784.0,2269.0,2270.0
2012-01-05,C1205,2270.0,2272.0,2265.0,2269.0,11894.0,26980.35,玉米1205,200396.0,2268.0,2269.0
2012-01-06,C1205,2265.0,2278.0,2262.0,2276.0,13228.0,30015.27,玉米1205,199494.0,2269.0,2276.0
2012-01-09,C1205,2273.0,2281.0,2270.0,2276.0,14866.0,33844.12,玉米1205,194516.0,2276.0,2276.0
2012-01-10,C1205,2281.0,2295.0,2276.0,2284.0,19030.0,43498.65,玉米1205,191838.0,2285.0,2284.0
2012-01-11,C1205,2282.0,2291.0,2280.0,2285.0,9858.0,22526.69,玉米1205,191566.0,2285.0,2285.0
2012-01-12,C1205,2284.0,2296.0,2282.0,2292.0,10334.0,23662.13,玉米1205,194376.0,2289.0,2292.0
2012-01-13,C1205,2281.0,2287.0,2275.0,2278.0,34130.0,77835.53,玉米1205,199604.0,2280.0,2278.0
2012-01-16,C1205,2277.0,2277.0,2269.0,2270.0,14268.0,32404.75,玉米1205,198520.0,2271.0,2270.0
2012-01-17,C1205,2275.0,2286.0,2272.0,2283.0,11518.0,26259.32,玉米1205,195640.0,2279.0,2283.0
2012-01-18,C1205,2281.0,2284.0,2279.0,2282.0,6732.0,15360.74,玉米1205,192338.0,2281.0,2282.0
2012-01-19,C1205,2281.0,2286.0,2274.0,2286.0,15386.0,35089.83,玉米1205,186762.0,2280.0,2286.0
2012-01-20,C1205,2288.0,2295.0,2286.0,2293.0,11394.0,26118.18,玉米1205,180806.0,2292.0,2293.0
2012-01-30,C1205,2294.0,2314.0,2294.0,2312.0,14402.0,33223.41,玉米1205,172912.0,2306.0,2312.0
2012-01-31,C1205,2303.0,2324.0,2303.0,2323.0,12510.0,28985.99,玉米1205,169180.0,2317.0,2323.0
2012-02-01,C1205,2324.0,2325.0,2315.0,2317.0,11902.0,27593.17,玉米1205,165500.0,2318.0,2317.0
2012-02-02,C1205,2317.0,2319.0,2311.0,2313.0,16088.0,37239.15,玉米1205,159808.0,2314.0,2313.0
2012-02-03,C1205,2315.0,2332.0,2315.0,2328.0,20424.0,47539.84,玉米1205,156626.0,2327.0,2328.0
2012-02-06,C1205,2349.0,2350.0,2336.0,2347.0,19084.0,44782.73,玉米1205,150416.0,2346.0,2347.0
2012-02-07,C1205,2349.0,2362.0,2347.0,2356.0,24246.0,57069.13,玉米1205,142346.0,2353.0,2356.0
2012-02-08,C1205,2357.0,2376.0,2357.0,2373.0,18540.0,43917.96,玉米1205,141562.0,2368.0,2373.0
2012-02-09,C1205,2372.0,2373.0,2360.0,2364.0,17588.0,41622.86,玉米1205,135114.0,2366.0,2364.0
2012-02-10,C1205,2363.0,2367.0,2355.0,2366.0,20756.0,49020.37,玉米1205,132016.0,2361.0,2366.0
2012-02-13,C1205,2365.0,2381.0,2365.0,2374.0,25296.0,60070.64,玉米1205,139432.0,2374.0,2374.0
2012-02-14,C1205,2379.0,2383.0,2360.0,2361.0,14324.0,33934.94,玉米1205,142766.0,2369.0,2361.0
2012-02-15,C1205,2365.0,2369.0,2356.0,2357.0,12292.0,29033.76,玉米1205,147956.0,2362.0,2357.0
2012-02-16,C1205,2352.0,2363.0,2352.0,2358.0,19002.0,44761.43,玉米1205,150076.0,2355.0,2358.0
2012-02-17,C1205,2361.0,2366.0,2359.0,2361.0,8976.0,21201.41,玉米1205,150220.0,2362.0,2361.0
2012-02-20,C1205,2366.0,2378.0,2366.0,2378.0,13334.0,31638.6,玉米1205,148888.0,2372.0,2378.0
2012-02-21,C1205,2379.0,2379.0,2369.0,2374.0,8052.0,19111.14,玉米1205,147078.0,2373.0,2374.0
2012-02-22,C1205,2370.0,2372.0,2367.0,2368.0,9744.0,23086.04,玉米1205,150294.0,2369.0,2368.0
2012-02-23,C1205,2371.0,2374.0,2367.0,2371.0,4720.0,11185.13,玉米1205,149020.0,2369.0,2371.0
2012-02-24,C1205,2371.0,2375.0,2370.0,2372.0,10108.0,23976.3,玉米1205,144384.0,2372.0,2372.0
2012-02-27,C1205,2373.0,2392.0,2373.0,2391.0,14576.0,34779.89,玉米1205,140536.0,2386.0,2391.0
2012-02-28,C1205,2391.0,2410.0,2391.0,2409.0,14374.0,34567.88,玉米1205,142428.0,2404.0,2409.0
2012-02-29,C1205,2415.0,2423.0,2408.0,2421.0,15796.0,38120.1,玉米1205,134940.0,2413.0,2421.0
2012-03-01,C1205,2418.0,2428.0,2412.0,2417.0,15456.0,37403.4,玉米1205,133884.0,2419.0,2417.0
2012-03-02,C1205,2421.0,2425.0,2416.0,2418.0,12754.0,30846.83,玉米1205,131580.0,2418.0,2418.0
2012-03-05,C1205,2419.0,2422.0,2415.0,2418.0,10848.0,26224.63,玉米1205,129094.0,2417.0,2418.0
2012-03-06,C1205,2415.0,2421.0,2415.0,2416.0,12824.0,31009.15,玉米1205,123778.0,2418.0,2416.0
2012-03-07,C1205,2414.0,2424.0,2412.0,2422.0,12030.0,29107.82,玉米1205,120742.0,2419.0,2422.0
2012-03-08,C1205,2418.0,2438.0,2418.0,2434.0,15936.0,38760.65,玉米1205,120508.0,2432.0,2434.0
2012-03-09,C1205,2435.0,2456.0,2435.0,2455.0,18714.0,45780.89,玉米1205,114016.0,2446.0,2455.0
2012-03-12,C1205,2450.0,2470.0,2450.0,2468.0,23658.0,58241.53,玉米1205,111492.0,2461.0,2468.0
2012-03-13,C1205,2472.0,2478.0,2468.0,2473.0,12620.0,31219.27,玉米1205,107594.0,2473.0,2473.0
2012-03-14,C1205,2477.0,2478.0,2464.0,2464.0,12892.0,31817.36,玉米1205,100026.0,2467.0,2464.0
2012-03-15,C1205,2464.0,2487.0,2463.0,2485.0,17780.0,44030.53,玉米1205,93376.0,2476.0,2485.0
2012-03-16,C1205,2490.0,2505.0,2487.0,2500.0,20728.0,51784.8,玉米1205,85066.0,2498.0,2500.0
2012-03-19,C1205,2504.0,2504.0,2491.0,2493.0,9972.0,24888.27,玉米1205,80720.0,2495.0,2493.0
2012-03-20,C1205,2490.0,2494.0,2479.0,2482.0,9636.0,23947.82,玉米1205,76624.0,2485.0,2482.0
2012-03-21,C1205,2480.0,2493.0,2476.0,2483.0,12480.0,31019.7,玉米1205,67852.0,2485.0,2483.0
2012-03-22,C1205,2480.0,2489.0,2474.0,2480.0,6626.0,16453.61,玉米1205,66000.0,2483.0,2480.0
2012-03-23,C1205,2485.0,2486.0,2478.0,2481.0,4624.0,11473.89,玉米1205,63218.0,2481.0,2481.0
2012-03-26,C1205,2476.0,2483.0,2465.0,2468.0,7124.0,17605.39,玉米1205,57574.0,2471.0,2468.0
2012-03-27,C1205,2468.0,2470.0,2460.0,2462.0,6144.0,15138.72,玉米1205,53388.0,2463.0,2462.0
2012-03-28,C1205,2459.0,2473.0,2458.0,2469.0,8426.0,20800.96,玉米1205,48188.0,2468.0,2469.0
2012-03-29,C1205,2463.0,2468.0,2450.0,2451.0,5132.0,12608.26,玉米1205,44658.0,2456.0,2451.0
2012-03-30,C1205,2449.0,2460.0,2446.0,2460.0,2490.0,6112.9,玉米1205,44598.0,2454.0,2460.0
2012-04-05,C1205,2463.0,2486.0,2463.0,2476.0,8604.0,21324.3,玉米1205,40090.0,2478.0,2476.0
2012-04-06,C1205,2475.0,2477.0,2448.0,2466.0,4026.0,9927.55,玉米1205,37594.0,2465.0,2466.0
2012-04-09,C1205,2469.0,2474.0,2465.0,2467.0,2038.0,5035.11,玉米1205,36674.0,2470.0,2467.0
2012-04-10,C1205,2464.0,2470.0,2461.0,2468.0,1166.0,2873.86,玉米1205,35916.0,2464.0,2468.0
2012-04-11,C1205,2464.0,2465.0,2453.0,2461.0,1240.0,3050.79,玉米1205,35200.0,2460.0,2461.0
2012-04-12,C1205,2461.0,2471.0,2461.0,2470.0,3750.0,9256.55,玉米1205,32232.0,2468.0,2470.0
2012-04-13,C1205,2473.0,2474.0,2456.0,2466.0,1300.0,3207.47,玉米1205,31370.0,2467.0,2466.0
2012-04-16,C1205,2470.0,2470.0,2458.0,2463.0,1348.0,3320.34,玉米1205,30694.0,2463.0,2463.0
2012-04-17,C1205,2463.0,2470.0,2463.0,2464.0,3590.0,8849.88,玉米1205,26474.0,2465.0,2464.0
2012-04-18,C1205,2467.0,2469.0,2464.0,2468.0,4658.0,11488.86,玉米1205,22416.0,2466.0,2468.0
2012-04-19,C1205,2466.0,2475.0,2465.0,2471.0,2304.0,5694.81,玉米1205,21292.0,2471.0,2471.0
2012-04-20,C1205,2468.0,2475.0,2462.0,2468.0,1140.0,2814.29,玉米1205,21124.0,2468.0,2468.0
2012-04-23,C1205,2468.0,2468.0,2457.0,2457.0,1604.0,3948.98,玉米1205,21084.0,2461.0,2457.0
2012-04-24,C1205,2459.0,2459.0,2440.0,2445.0,2036.0,4990.3,玉米1205,20970.0,2451.0,2445.0
2012-04-25,C1205,2446.0,2446.0,2404.0,2435.0,6140.0,14928.31,玉米1205,20276.0,2431.0,2435.0
2012-04-26,C1205,2435.0,2435.0,2427.0,2430.0,792.0,1924.82,玉米1205,20092.0,2430.0,2430.0
2012-04-27,C1205,2440.0,2449.0,2430.0,2449.0,1188.0,2896.98,玉米1205,20080.0,2438.0,2449.0
2012-05-02,C1205,2372.0,2450.0,2372.0,2445.0,14.0,34.11,玉米1205,6112.0,2436.0,2445.0
2012-05-03,C1205,2430.0,2430.0,2430.0,2430.0,6.0,14.58,玉米1205,5112.0,2430.0,2430.0
2012-05-04,C1205,2425.0,2425.0,2425.0,2425.0,30.0,72.75,玉米1205,5112.0,2425.0,2425.0
2012-05-07,C1205,2425.0,2425.0,2410.0,2425.0,64.0,154.79,玉米1205,3732.0,2418.0,2425.0
2012-05-08,C1205,2418.0,2418.0,2418.0,2418.0,36.0,87.05,玉米1205,2296.0,2418.0,2418.0
2012-05-09,C1205,2415.0,2415.0,2415.0,2415.0,2.0,4.83,玉米1205,1218.0,2415.0,2415.0
2012-05-10,C1205,0.0,0.0,0.0,2415.0,0.0,0.0,玉米1205,1218.0,2415.0,2415.0
2012-05-11,C1205,0.0,0.0,0.0,2415.0,0.0,0.0,玉米1205,30.0,2415.0,2415.0
2012-05-14,C1205,0.0,0.0,0.0,2415.0,0.0,0.0,玉米1205,30.0,2415.0,2415.0
2012-05-15,C1205,0.0,0.0,0.0,2415.0,0.0,0.0,玉米1205,0.0,2421.0,2415.0
