date,symbol,open,high,low,close,volume,amount,name,openinterest,settleprice,price
2012-09-17,C1309,2454.0,2466.0,2454.0,2463.0,1356.0,3340.69,玉米1309,1146.0,2463.0,2463.0
2012-09-18,C1309,2454.0,2472.0,2448.0,2470.0,2244.0,5528.6,玉米1309,2682.0,2463.0,2470.0
2012-09-19,C1309,2470.0,2470.0,2463.0,2465.0,2120.0,5225.36,玉米1309,4024.0,2464.0,2465.0
2012-09-20,C1309,2466.0,2486.0,2466.0,2477.0,3416.0,8461.29,玉米1309,5800.0,2476.0,2477.0
2012-09-21,C1309,2474.0,2479.0,2474.0,2476.0,1724.0,4268.45,玉米1309,5596.0,2475.0,2476.0
2012-09-24,C1309,2473.0,2473.0,2462.0,2466.0,1348.0,3325.73,玉米1309,5842.0,2467.0,2466.0
2012-09-25,C1309,2466.0,2470.0,2464.0,2467.0,1036.0,2554.47,玉米1309,6086.0,2465.0,2467.0
2012-09-26,C1309,2466.0,2476.0,2459.0,2459.0,1554.0,3831.34,玉米1309,6446.0,2465.0,2459.0
2012-09-27,C1309,2457.0,2460.0,2435.0,2439.0,2272.0,5561.85,玉米1309,6946.0,2447.0,2439.0
2012-09-28,C1309,2445.0,2457.0,2436.0,2453.0,2430.0,5934.49,玉米1309,8128.0,2442.0,2453.0
2012-10-08,C1309,2450.0,2451.0,2424.0,2424.0,6022.0,14672.04,玉米1309,10014.0,2436.0,2424.0
2012-10-09,C1309,2425.0,2429.0,2417.0,2429.0,8810.0,21354.25,玉米1309,14526.0,2423.0,2429.0
2012-10-10,C1309,2427.0,2436.0,2423.0,2433.0,4250.0,10327.9,玉米1309,15864.0,2430.0,2433.0
2012-10-11,C1309,2430.0,2439.0,2426.0,2430.0,5958.0,14501.32,玉米1309,14674.0,2433.0,2430.0
2012-10-12,C1309,2441.0,2444.0,2429.0,2431.0,5266.0,12825.82,玉米1309,14328.0,2435.0,2431.0
2012-10-15,C1309,2425.0,2435.0,2423.0,2435.0,5748.0,13972.48,玉米1309,17438.0,2430.0,2435.0
2012-10-16,C1309,2433.0,2443.0,2433.0,2441.0,5400.0,13171.31,玉米1309,18498.0,2439.0,2441.0
2012-10-17,C1309,2440.0,2457.0,2435.0,2453.0,6952.0,17011.61,玉米1309,19646.0,2447.0,2453.0
2012-10-18,C1309,2452.0,2465.0,2452.0,2464.0,6254.0,15391.72,玉米1309,22072.0,2461.0,2464.0
2012-10-19,C1309,2466.0,2467.0,2452.0,2453.0,4294.0,10545.3,玉米1309,20432.0,2455.0,2453.0
2012-10-22,C1309,2452.0,2459.0,2450.0,2454.0,5042.0,12376.54,玉米1309,20260.0,2454.0,2454.0
2012-10-23,C1309,2455.0,2458.0,2453.0,2454.0,3086.0,7576.99,玉米1309,20768.0,2455.0,2454.0
2012-10-24,C1309,2456.0,2457.0,2451.0,2456.0,2386.0,5857.64,玉米1309,20084.0,2455.0,2456.0
2012-10-25,C1309,2456.0,2481.0,2455.0,2480.0,7872.0,19426.58,玉米1309,22526.0,2467.0,2480.0
2012-10-26,C1309,2475.0,2479.0,2467.0,2473.0,5014.0,12399.12,玉米1309,23390.0,2472.0,2473.0
2012-10-29,C1309,2468.0,2474.0,2467.0,2468.0,3664.0,9051.52,玉米1309,24738.0,2470.0,2468.0
2012-10-30,C1309,2466.0,2471.0,2417.0,2471.0,7878.0,19400.99,玉米1309,25888.0,2462.0,2471.0
2012-10-31,C1309,2469.0,2484.0,2468.0,2475.0,11462.0,28380.87,玉米1309,27412.0,2476.0,2475.0
2012-11-01,C1309,2475.0,2481.0,2471.0,2475.0,8258.0,20454.19,玉米1309,25786.0,2476.0,2475.0
2012-11-02,C1309,2473.0,2483.0,2471.0,2481.0,5160.0,12785.75,玉米1309,26858.0,2477.0,2481.0
2012-11-05,C1309,2472.0,2498.0,2471.0,2494.0,18076.0,45034.77,玉米1309,33000.0,2491.0,2494.0
2012-11-06,C1309,2494.0,2498.0,2488.0,2494.0,5670.0,14134.61,玉米1309,32510.0,2492.0,2494.0
2012-11-07,C1309,2499.0,2500.0,2490.0,2493.0,6600.0,16466.28,玉米1309,33724.0,2494.0,2493.0
2012-11-08,C1309,2492.0,2495.0,2490.0,2492.0,3310.0,8250.3,玉米1309,33856.0,2492.0,2492.0
2012-11-09,C1309,2491.0,2497.0,2485.0,2487.0,6486.0,16147.33,玉米1309,34164.0,2489.0,2487.0
2012-11-12,C1309,2488.0,2491.0,2480.0,2486.0,10066.0,25019.3,玉米1309,38448.0,2485.0,2486.0
2012-11-13,C1309,2486.0,2489.0,2461.0,2471.0,22904.0,56684.67,玉米1309,43734.0,2474.0,2471.0
2012-11-14,C1309,2472.0,2500.0,2462.0,2478.0,18530.0,45844.38,玉米1309,46174.0,2474.0,2478.0
2012-11-15,C1309,2475.0,2486.0,2470.0,2478.0,7502.0,18605.24,玉米1309,48530.0,2480.0,2478.0
2012-11-16,C1309,2478.0,2487.0,2473.0,2483.0,9024.0,22399.55,玉米1309,51916.0,2482.0,2483.0
2012-11-19,C1309,2487.0,2499.0,2487.0,2498.0,9094.0,22682.81,玉米1309,54770.0,2494.0,2498.0
2012-11-20,C1309,2499.0,2500.0,2494.0,2495.0,4070.0,10160.36,玉米1309,55954.0,2496.0,2495.0
2012-11-21,C1309,2496.0,2499.0,2493.0,2496.0,5284.0,13187.81,玉米1309,58072.0,2495.0,2496.0
2012-11-22,C1309,2497.0,2499.0,2494.0,2497.0,7404.0,18479.83,玉米1309,61152.0,2495.0,2497.0
2012-11-23,C1309,2496.0,2514.0,2493.0,2509.0,17494.0,43806.42,玉米1309,65130.0,2504.0,2509.0
2012-11-26,C1309,2511.0,2518.0,2507.0,2512.0,12432.0,31228.48,玉米1309,69856.0,2511.0,2512.0
2012-11-27,C1309,2514.0,2515.0,2504.0,2507.0,12392.0,31076.33,玉米1309,73508.0,2507.0,2507.0
2012-11-28,C1309,2512.0,2513.0,2498.0,2502.0,17294.0,43314.21,玉米1309,73798.0,2504.0,2502.0
2012-11-29,C1309,2504.0,2507.0,2499.0,2505.0,6308.0,15792.02,玉米1309,74970.0,2503.0,2505.0
2012-11-30,C1309,2506.0,2510.0,2503.0,2508.0,6940.0,17398.59,玉米1309,76460.0,2507.0,2508.0
2012-12-03,C1309,2508.0,2516.0,2505.0,2513.0,13144.0,32994.92,玉米1309,79528.0,2510.0,2513.0
2012-12-04,C1309,2512.0,2512.0,2504.0,2509.0,7456.0,18704.65,玉米1309,78662.0,2508.0,2509.0
2012-12-05,C1309,2508.0,2521.0,2507.0,2520.0,9256.0,23268.41,玉米1309,79002.0,2513.0,2520.0
2012-12-06,C1309,2520.0,2529.0,2517.0,2520.0,10374.0,26173.41,玉米1309,80536.0,2522.0,2520.0
2012-12-07,C1309,2516.0,2520.0,2514.0,2516.0,8092.0,20360.04,玉米1309,81440.0,2516.0,2516.0
2012-12-10,C1309,2510.0,2515.0,2503.0,2507.0,31902.0,79993.74,玉米1309,84728.0,2507.0,2507.0
2012-12-11,C1309,2505.0,2510.0,2503.0,2505.0,7676.0,19246.87,玉米1309,84666.0,2507.0,2505.0
2012-12-12,C1309,2504.0,2508.0,2495.0,2496.0,11958.0,29898.54,玉米1309,85556.0,2500.0,2496.0
2012-12-13,C1309,2498.0,2500.0,2493.0,2495.0,6514.0,16263.75,玉米1309,86576.0,2496.0,2495.0
2012-12-14,C1309,2492.0,2505.0,2492.0,2502.0,9330.0,23332.1,玉米1309,86578.0,2500.0,2502.0
2012-12-17,C1309,2498.0,2510.0,2497.0,2508.0,11488.0,28783.4,玉米1309,85794.0,2505.0,2508.0
2012-12-18,C1309,2508.0,2510.0,2504.0,2504.0,7598.0,19042.87,玉米1309,84944.0,2506.0,2504.0
2012-12-19,C1309,2503.0,2509.0,2501.0,2507.0,9708.0,24315.68,玉米1309,85414.0,2504.0,2507.0
2012-12-20,C1309,2503.0,2504.0,2492.0,2503.0,24206.0,60490.65,玉米1309,90022.0,2498.0,2503.0
2012-12-21,C1309,2495.0,2502.0,2495.0,2498.0,10858.0,27135.72,玉米1309,90568.0,2499.0,2498.0
2012-12-24,C1309,2500.0,2501.0,2479.0,2481.0,48806.0,121463.9,玉米1309,114494.0,2488.0,2481.0
2012-12-25,C1309,2481.0,2492.0,2476.0,2483.0,36062.0,89580.12,玉米1309,114276.0,2484.0,2483.0
2012-12-26,C1309,2481.0,2489.0,2477.0,2487.0,26606.0,66112.04,玉米1309,116044.0,2484.0,2487.0
2012-12-27,C1309,2484.0,2496.0,2482.0,2493.0,26918.0,67021.98,玉米1309,111800.0,2489.0,2493.0
2012-12-28,C1309,2494.0,2496.0,2490.0,2494.0,9128.0,22754.3,玉米1309,110284.0,2492.0,2494.0
2012-12-31,C1309,2491.0,2498.0,2491.0,2495.0,24858.0,62032.4,玉米1309,107748.0,2495.0,2495.0
2013-01-04,C1309,2495.0,2505.0,2492.0,2505.0,32794.0,82009.55,玉米1309,117956.0,2500.0,2505.0
2013-01-07,C1309,2503.0,2503.0,2496.0,2501.0,25134.0,62828.96,玉米1309,123648.0,2499.0,2501.0
2013-01-08,C1309,2503.0,2507.0,2495.0,2505.0,28024.0,70077.95,玉米1309,129626.0,2500.0,2505.0
2013-01-09,C1309,2503.0,2508.0,2489.0,2490.0,38012.0,94918.58,玉米1309,136910.0,2497.0,2490.0
2013-01-10,C1309,2490.0,2494.0,2477.0,2484.0,55938.0,138940.34,玉米1309,146250.0,2483.0,2484.0
2013-01-11,C1309,2483.0,2488.0,2480.0,2481.0,30138.0,74853.28,玉米1309,145246.0,2483.0,2481.0
2013-01-14,C1309,2485.0,2488.0,2451.0,2470.0,68366.0,168977.42,玉米1309,162196.0,2471.0,2470.0
2013-01-15,C1309,2473.0,2476.0,2466.0,2467.0,32900.0,81317.78,玉米1309,162458.0,2471.0,2467.0
2013-01-16,C1309,2465.0,2471.0,2465.0,2470.0,13752.0,33955.24,玉米1309,164878.0,2469.0,2470.0
2013-01-17,C1309,2470.0,2477.0,2460.0,2470.0,31886.0,78735.88,玉米1309,168180.0,2469.0,2470.0
2013-01-18,C1309,2469.0,2478.0,2469.0,2477.0,18318.0,45338.88,玉米1309,169318.0,2475.0,2477.0
2013-01-21,C1309,2473.0,2479.0,2466.0,2468.0,28994.0,71680.02,玉米1309,183482.0,2472.0,2468.0
2013-01-22,C1309,2466.0,2472.0,2464.0,2469.0,19468.0,48052.44,玉米1309,182204.0,2468.0,2469.0
2013-01-23,C1309,2469.0,2476.0,2461.0,2467.0,41612.0,102718.38,玉米1309,187938.0,2468.0,2467.0
2013-01-24,C1309,2463.0,2467.0,2453.0,2454.0,65404.0,160774.92,玉米1309,209622.0,2458.0,2454.0
2013-01-25,C1309,2454.0,2462.0,2453.0,2460.0,30530.0,75050.75,玉米1309,217048.0,2458.0,2460.0
2013-01-28,C1309,2460.0,2464.0,2455.0,2463.0,26388.0,64885.59,玉米1309,221858.0,2458.0,2463.0
2013-01-29,C1309,2465.0,2466.0,2459.0,2466.0,29078.0,71607.96,玉米1309,225964.0,2462.0,2466.0
2013-01-30,C1309,2465.0,2470.0,2463.0,2468.0,39604.0,97685.17,玉米1309,223970.0,2466.0,2468.0
2013-01-31,C1309,2470.0,2476.0,2470.0,2474.0,41626.0,102946.18,玉米1309,227370.0,2473.0,2474.0
2013-02-01,C1309,2474.0,2475.0,2468.0,2475.0,44846.0,110878.22,玉米1309,232702.0,2472.0,2475.0
2013-02-04,C1309,2475.0,2487.0,2473.0,2478.0,43130.0,106872.91,玉米1309,226672.0,2477.0,2478.0
2013-02-05,C1309,2478.0,2478.0,2465.0,2468.0,61422.0,151702.72,玉米1309,237322.0,2469.0,2468.0
2013-02-06,C1309,2467.0,2472.0,2464.0,2469.0,39578.0,97685.46,玉米1309,234074.0,2468.0,2469.0
2013-02-07,C1309,2467.0,2467.0,2461.0,2464.0,35596.0,87729.87,玉米1309,233758.0,2464.0,2464.0
2013-02-08,C1309,2460.0,2465.0,2453.0,2462.0,55536.0,136568.88,玉米1309,241648.0,2459.0,2462.0
2013-02-18,C1309,2450.0,2458.0,2437.0,2440.0,81178.0,198502.9,玉米1309,270082.0,2445.0,2440.0
2013-02-19,C1309,2441.0,2450.0,2440.0,2448.0,83088.0,203228.98,玉米1309,292896.0,2445.0,2448.0
2013-02-20,C1309,2450.0,2452.0,2444.0,2445.0,58816.0,143989.79,玉米1309,302042.0,2448.0,2445.0
2013-02-21,C1309,2443.0,2448.0,2432.0,2447.0,143964.0,351218.6,玉米1309,321254.0,2439.0,2447.0
2013-02-22,C1309,2446.0,2453.0,2443.0,2448.0,73284.0,179497.79,玉米1309,315848.0,2449.0,2448.0
2013-02-25,C1309,2442.0,2446.0,2438.0,2439.0,56312.0,137497.37,玉米1309,324830.0,2441.0,2439.0
2013-02-26,C1309,2437.0,2442.0,2430.0,2433.0,82092.0,199900.79,玉米1309,354602.0,2435.0,2433.0
2013-02-27,C1309,2436.0,2440.0,2431.0,2433.0,54470.0,132672.33,玉米1309,358928.0,2435.0,2433.0
2013-02-28,C1309,2436.0,2442.0,2430.0,2441.0,124654.0,303793.72,玉米1309,354348.0,2437.0,2441.0
2013-03-01,C1309,2439.0,2441.0,2433.0,2438.0,54118.0,131876.95,玉米1309,357032.0,2436.0,2438.0
2013-03-04,C1309,2436.0,2437.0,2424.0,2425.0,92204.0,223778.47,玉米1309,372632.0,2426.0,2425.0
2013-03-05,C1309,2425.0,2433.0,2424.0,2429.0,58892.0,143039.53,玉米1309,371092.0,2428.0,2429.0
2013-03-06,C1309,2430.0,2437.0,2428.0,2437.0,61396.0,149416.13,玉米1309,382714.0,2433.0,2437.0
2013-03-07,C1309,2430.0,2446.0,2428.0,2443.0,107314.0,261635.46,玉米1309,396314.0,2438.0,2443.0
2013-03-08,C1309,2441.0,2444.0,2438.0,2443.0,38422.0,93788.64,玉米1309,390722.0,2441.0,2443.0
2013-03-11,C1309,2446.0,2452.0,2444.0,2445.0,60584.0,148218.99,玉米1309,390508.0,2446.0,2445.0
2013-03-12,C1309,2447.0,2448.0,2441.0,2445.0,40894.0,99954.3,玉米1309,386108.0,2444.0,2445.0
2013-03-13,C1309,2444.0,2452.0,2443.0,2450.0,67774.0,165917.44,玉米1309,379748.0,2448.0,2450.0
2013-03-14,C1309,2450.0,2451.0,2442.0,2445.0,61564.0,150552.93,玉米1309,382638.0,2445.0,2445.0
2013-03-15,C1309,2445.0,2461.0,2445.0,2460.0,119774.0,293913.83,玉米1309,375674.0,2453.0,2460.0
2013-03-18,C1309,2453.0,2463.0,2449.0,2458.0,123680.0,303676.09,玉米1309,383852.0,2455.0,2458.0
2013-03-19,C1309,2460.0,2463.0,2456.0,2460.0,71346.0,175539.78,玉米1309,371094.0,2460.0,2460.0
2013-03-20,C1309,2463.0,2463.0,2454.0,2459.0,56440.0,138691.94,玉米1309,367094.0,2457.0,2459.0
2013-03-21,C1309,2460.0,2462.0,2454.0,2459.0,51466.0,126497.08,玉米1309,369186.0,2457.0,2459.0
2013-03-22,C1309,2461.0,2467.0,2458.0,2463.0,44092.0,108504.74,玉米1309,373222.0,2460.0,2463.0
2013-03-25,C1309,2460.0,2463.0,2458.0,2463.0,21626.0,53229.36,玉米1309,375184.0,2461.0,2463.0
2013-03-26,C1309,2463.0,2464.0,2457.0,2459.0,43834.0,107810.91,玉米1309,372090.0,2459.0,2459.0
2013-03-27,C1309,2459.0,2463.0,2456.0,2461.0,46676.0,114814.0,玉米1309,362014.0,2459.0,2461.0
2013-03-28,C1309,2464.0,2474.0,2462.0,2474.0,106974.0,264206.53,玉米1309,360830.0,2469.0,2474.0
2013-03-29,C1309,2460.0,2472.0,2455.0,2468.0,109386.0,269487.3,玉米1309,368426.0,2463.0,2468.0
2013-04-01,C1309,2460.0,2462.0,2437.0,2437.0,279796.0,684692.09,玉米1309,408650.0,2447.0,2437.0
2013-04-02,C1309,2437.0,2446.0,2434.0,2440.0,138050.0,336796.47,玉米1309,413702.0,2439.0,2440.0
2013-04-03,C1309,2435.0,2437.0,2427.0,2431.0,135312.0,329100.92,玉米1309,444206.0,2432.0,2431.0
2013-04-08,C1309,2415.0,2422.0,2405.0,2420.0,256350.0,619031.87,玉米1309,448544.0,2414.0,2420.0
2013-04-09,C1309,2423.0,2423.0,2392.0,2399.0,399284.0,959828.04,玉米1309,558300.0,2403.0,2399.0
2013-04-10,C1309,2403.0,2420.0,2403.0,2418.0,286196.0,690749.32,玉米1309,515928.0,2413.0,2418.0
2013-04-11,C1309,2420.0,2422.0,2413.0,2418.0,108076.0,261235.78,玉米1309,529006.0,2417.0,2418.0
2013-04-12,C1309,2420.0,2427.0,2415.0,2426.0,170118.0,412023.2,玉米1309,548586.0,2421.0,2426.0
2013-04-15,C1309,2414.0,2420.0,2401.0,2406.0,245310.0,590992.97,玉米1309,587102.0,2409.0,2406.0
2013-04-16,C1309,2394.0,2405.0,2389.0,2402.0,192036.0,460761.55,玉米1309,594458.0,2399.0,2402.0
2013-04-17,C1309,2405.0,2414.0,2400.0,2403.0,114112.0,274281.89,玉米1309,585062.0,2403.0,2403.0
2013-04-18,C1309,2402.0,2407.0,2398.0,2405.0,130040.0,312533.97,玉米1309,578042.0,2403.0,2405.0
2013-04-19,C1309,2403.0,2410.0,2399.0,2402.0,110962.0,266756.02,玉米1309,580274.0,2404.0,2402.0
2013-04-22,C1309,2395.0,2398.0,2377.0,2378.0,358182.0,854513.2,玉米1309,706456.0,2385.0,2378.0
2013-04-23,C1309,2378.0,2381.0,2364.0,2372.0,254072.0,602029.4,玉米1309,749040.0,2369.0,2372.0
2013-04-24,C1309,2366.0,2381.0,2362.0,2376.0,233598.0,554404.42,玉米1309,739392.0,2373.0,2376.0
2013-04-25,C1309,2376.0,2388.0,2375.0,2388.0,128514.0,306172.45,玉米1309,748634.0,2382.0,2388.0
2013-04-26,C1309,2390.0,2395.0,2387.0,2391.0,120056.0,287058.71,玉米1309,727208.0,2391.0,2391.0
2013-05-02,C1309,2409.0,2419.0,2403.0,2417.0,308414.0,743850.45,玉米1309,704202.0,2411.0,2417.0
2013-05-03,C1309,2419.0,2424.0,2414.0,2418.0,163822.0,396345.56,玉米1309,694338.0,2419.0,2418.0
2013-05-06,C1309,2416.0,2426.0,2413.0,2423.0,91084.0,220479.15,玉米1309,677710.0,2420.0,2423.0
2013-05-07,C1309,2419.0,2433.0,2417.0,2433.0,192234.0,466614.07,玉米1309,658998.0,2427.0,2433.0
2013-05-08,C1309,2433.0,2440.0,2432.0,2439.0,181280.0,441844.34,玉米1309,608120.0,2437.0,2439.0
2013-05-09,C1309,2438.0,2442.0,2430.0,2433.0,131760.0,320674.48,玉米1309,634904.0,2433.0,2433.0
2013-05-10,C1309,2436.0,2440.0,2434.0,2438.0,86650.0,211252.53,玉米1309,617478.0,2437.0,2438.0
2013-05-13,C1309,2438.0,2440.0,2431.0,2433.0,71540.0,174202.4,玉米1309,620442.0,2435.0,2433.0
2013-05-14,C1309,2440.0,2442.0,2434.0,2437.0,58538.0,142678.9,玉米1309,623840.0,2437.0,2437.0
2013-05-15,C1309,2435.0,2442.0,2433.0,2436.0,115710.0,282064.51,玉米1309,616374.0,2437.0,2436.0
2013-05-16,C1309,2436.0,2449.0,2432.0,2446.0,138418.0,338007.83,玉米1309,601626.0,2441.0,2446.0
2013-05-17,C1309,2444.0,2450.0,2444.0,2447.0,80698.0,197496.56,玉米1309,575854.0,2447.0,2447.0
2013-05-20,C1309,2448.0,2449.0,2429.0,2431.0,166042.0,404936.65,玉米1309,598660.0,2438.0,2431.0
2013-05-21,C1309,2434.0,2434.0,2422.0,2427.0,102194.0,247986.27,玉米1309,610366.0,2426.0,2427.0
2013-05-22,C1309,2425.0,2438.0,2422.0,2435.0,97904.0,237881.28,玉米1309,601390.0,2429.0,2435.0
2013-05-23,C1309,2440.0,2446.0,2428.0,2428.0,91882.0,223604.62,玉米1309,614352.0,2433.0,2428.0
2013-05-24,C1309,2423.0,2435.0,2423.0,2432.0,38066.0,92580.8,玉米1309,607250.0,2432.0,2432.0
2013-05-27,C1309,2435.0,2442.0,2432.0,2439.0,75416.0,183855.47,玉米1309,595368.0,2437.0,2439.0
2013-05-28,C1309,2438.0,2443.0,2437.0,2441.0,55480.0,135416.78,玉米1309,593940.0,2440.0,2441.0
2013-05-29,C1309,2446.0,2450.0,2440.0,2443.0,93762.0,229321.14,玉米1309,561364.0,2445.0,2443.0
2013-05-30,C1309,2445.0,2448.0,2442.0,2447.0,48922.0,119648.01,玉米1309,557978.0,2445.0,2447.0
2013-05-31,C1309,2445.0,2449.0,2444.0,2447.0,34252.0,83787.37,玉米1309,550972.0,2446.0,2447.0
2013-06-03,C1309,2450.0,2454.0,2442.0,2447.0,117814.0,288456.44,玉米1309,535754.0,2448.0,2447.0
2013-06-04,C1309,2446.0,2447.0,2433.0,2435.0,106218.0,259030.71,玉米1309,520296.0,2438.0,2435.0
2013-06-05,C1309,2435.0,2439.0,2431.0,2436.0,76382.0,186020.56,玉米1309,507410.0,2435.0,2436.0
2013-06-06,C1309,2436.0,2437.0,2426.0,2428.0,88372.0,214797.4,玉米1309,507270.0,2430.0,2428.0
2013-06-07,C1309,2430.0,2431.0,2421.0,2427.0,83078.0,201475.13,玉米1309,508366.0,2425.0,2427.0
2013-06-13,C1309,2423.0,2430.0,2420.0,2424.0,51438.0,124698.54,玉米1309,506178.0,2424.0,2424.0
2013-06-14,C1309,2420.0,2426.0,2420.0,2424.0,34860.0,84487.43,玉米1309,504680.0,2423.0,2424.0
2013-06-17,C1309,2424.0,2428.0,2421.0,2426.0,47104.0,114210.06,玉米1309,501374.0,2424.0,2426.0
2013-06-18,C1309,2426.0,2431.0,2424.0,2426.0,31510.0,76511.66,玉米1309,501332.0,2428.0,2426.0
2013-06-19,C1309,2425.0,2428.0,2424.0,2427.0,21996.0,53360.35,玉米1309,499952.0,2425.0,2427.0
2013-06-20,C1309,2429.0,2430.0,2421.0,2422.0,56000.0,135827.37,玉米1309,489018.0,2425.0,2422.0
2013-06-21,C1309,2416.0,2425.0,2410.0,2421.0,50728.0,122678.29,玉米1309,487490.0,2418.0,2421.0
2013-06-24,C1309,2417.0,2424.0,2413.0,2414.0,58448.0,141338.8,玉米1309,473598.0,2418.0,2414.0
2013-06-25,C1309,2418.0,2424.0,2415.0,2420.0,38830.0,93966.59,玉米1309,464498.0,2419.0,2420.0
2013-06-26,C1309,2420.0,2422.0,2413.0,2415.0,40698.0,98329.28,玉米1309,460732.0,2416.0,2415.0
2013-06-27,C1309,2415.0,2419.0,2405.0,2418.0,71736.0,173104.41,玉米1309,434966.0,2413.0,2418.0
2013-06-28,C1309,2417.0,2425.0,2415.0,2418.0,57906.0,140100.26,玉米1309,427232.0,2419.0,2418.0
2013-07-01,C1309,2409.0,2420.0,2408.0,2418.0,48844.0,117984.23,玉米1309,418536.0,2415.0,2418.0
2013-07-02,C1309,2417.0,2425.0,2416.0,2424.0,37650.0,91155.5,玉米1309,417914.0,2421.0,2424.0
2013-07-03,C1309,2424.0,2428.0,2421.0,2427.0,47926.0,116227.99,玉米1309,408518.0,2425.0,2427.0
2013-07-04,C1309,2429.0,2438.0,2429.0,2435.0,104690.0,254871.31,玉米1309,381092.0,2434.0,2435.0
2013-07-05,C1309,2435.0,2445.0,2432.0,2433.0,68576.0,167058.85,玉米1309,361008.0,2436.0,2433.0
2013-07-08,C1309,2430.0,2435.0,2422.0,2424.0,43350.0,105136.42,玉米1309,370938.0,2425.0,2424.0
2013-07-09,C1309,2426.0,2427.0,2423.0,2426.0,11742.0,28476.19,玉米1309,366062.0,2425.0,2426.0
2013-07-10,C1309,2426.0,2430.0,2421.0,2427.0,30516.0,74047.04,玉米1309,349746.0,2426.0,2427.0
2013-07-11,C1309,2426.0,2431.0,2426.0,2427.0,31154.0,75685.83,玉米1309,324180.0,2429.0,2427.0
2013-07-12,C1309,2429.0,2430.0,2425.0,2427.0,13784.0,33443.03,玉米1309,324126.0,2426.0,2427.0
2013-07-15,C1309,2425.0,2428.0,2420.0,2425.0,29684.0,71991.61,玉米1309,315128.0,2425.0,2425.0
2013-07-16,C1309,2426.0,2429.0,2423.0,2426.0,9762.0,23690.66,玉米1309,310114.0,2426.0,2426.0
2013-07-17,C1309,2427.0,2429.0,2423.0,2425.0,13194.0,32004.18,玉米1309,307604.0,2425.0,2425.0
2013-07-18,C1309,2423.0,2427.0,2422.0,2426.0,18550.0,44963.64,玉米1309,304680.0,2423.0,2426.0
2013-07-19,C1309,2426.0,2427.0,2423.0,2423.0,16928.0,41051.03,玉米1309,298572.0,2425.0,2423.0
2013-07-22,C1309,2423.0,2423.0,2402.0,2411.0,63080.0,152073.41,玉米1309,315752.0,2410.0,2411.0
2013-07-22,C1309,4.17,4.2,4.17,4.2,20.0,,欧盟排放配额1309,954.0,4.2,4.2
2013-07-23,C1309,2409.0,2416.0,2409.0,2411.0,25090.0,60536.95,玉米1309,318734.0,2412.0,2411.0
2013-07-23,C1309,4.25,4.3,4.25,4.25,67.0,,欧盟排放配额1309,1021.0,4.25,4.25
2013-07-24,C1309,4.3,4.31,4.29,4.29,51.0,,欧盟排放配额1309,1071.0,4.29,4.29
2013-07-24,C1309,2409.0,2410.0,2406.0,2408.0,10540.0,25377.31,玉米1309,315362.0,2407.0,2408.0
2013-07-25,C1309,2406.0,2409.0,2402.0,2405.0,10938.0,26301.61,玉米1309,314398.0,2404.0,2405.0
2013-07-25,C1309,4.35,4.35,4.29,4.29,50.0,,欧盟排放配额1309,1121.0,4.29,4.29
2013-07-26,C1309,2400.0,2406.0,2398.0,2402.0,18108.0,43503.33,玉米1309,314358.0,2402.0,2402.0
2013-07-26,C1309,,,,4.32,0.0,,欧盟排放配额1309,1121.0,4.32,4.32
2013-07-29,C1309,4.32,4.32,4.3,4.32,83.0,,欧盟排放配额1309,1121.0,4.32,4.32
2013-07-29,C1309,2402.0,2402.0,2382.0,2388.0,28314.0,67705.24,玉米1309,304560.0,2391.0,2388.0
2013-07-30,C1309,2389.0,2395.0,2389.0,2395.0,13924.0,33306.11,玉米1309,293950.0,2391.0,2395.0
2013-07-30,C1309,4.3,4.3,4.27,4.27,75.0,,欧盟排放配额1309,1121.0,4.27,4.27
2013-07-31,C1309,2394.0,2407.0,2393.0,2406.0,27992.0,67200.99,玉米1309,279622.0,2400.0,2406.0
2013-07-31,C1309,4.18,4.32,4.13,4.32,55.0,,欧盟排放配额1309,1148.0,4.32,4.32
2013-08-01,C1309,4.39,4.41,4.33,4.33,91.0,,欧盟排放配额1309,1239.0,4.33,4.33
2013-08-01,C1309,2402.0,2409.0,2402.0,2405.0,13578.0,32659.63,玉米1309,276666.0,2405.0,2405.0
2013-08-02,C1309,2403.0,2409.0,2396.0,2407.0,21134.0,50797.84,玉米1309,268660.0,2403.0,2407.0
2013-08-02,C1309,4.32,4.38,4.28,4.38,25.0,,欧盟排放配额1309,1264.0,4.38,4.38
2013-08-05,C1309,2406.0,2407.0,2402.0,2406.0,18724.0,45016.91,玉米1309,266070.0,2404.0,2406.0
2013-08-05,C1309,4.41,4.41,4.41,4.41,5.0,,欧盟排放配额1309,1269.0,4.41,4.41
2013-08-06,C1309,4.44,4.5,4.44,4.5,1.0,,欧盟排放配额1309,1270.0,4.5,4.5
2013-08-06,C1309,2404.0,2418.0,2404.0,2415.0,43114.0,104006.84,玉米1309,250672.0,2412.0,2415.0
2013-08-07,C1309,2415.0,2416.0,2391.0,2394.0,28548.0,68641.24,玉米1309,250458.0,2404.0,2394.0
2013-08-07,C1309,4.53,4.54,4.44,4.44,18.0,,欧盟排放配额1309,1288.0,4.44,4.44
2013-08-08,C1309,2396.0,2404.0,2388.0,2400.0,9172.0,22013.2,玉米1309,248328.0,2400.0,2400.0
2013-08-08,C1309,4.5,4.53,4.5,4.51,25.0,,欧盟排放配额1309,1313.0,4.51,4.51
2013-08-09,C1309,4.55,4.55,4.44,4.44,10.0,,欧盟排放配额1309,1323.0,4.44,4.44
2013-08-09,C1309,2400.0,2402.0,2392.0,2398.0,17634.0,42316.51,玉米1309,245904.0,2399.0,2398.0
2013-08-12,C1309,2394.0,2396.0,2384.0,2388.0,11288.0,26967.47,玉米1309,244258.0,2389.0,2388.0
2013-08-12,C1309,4.41,4.42,4.31,4.31,5.0,,欧盟排放配额1309,1328.0,4.31,4.31
2013-08-13,C1309,2396.0,2398.0,2384.0,2384.0,11016.0,26304.78,玉米1309,240956.0,2387.0,2384.0
2013-08-13,C1309,4.29,4.31,4.27,4.29,169.0,,欧盟排放配额1309,1396.0,4.29,4.29
2013-08-14,C1309,,,,4.35,0.0,,欧盟排放配额1309,1396.0,4.35,4.35
2013-08-14,C1309,2381.0,2387.0,2380.0,2384.0,19816.0,47235.91,玉米1309,236864.0,2383.0,2384.0
2013-08-15,C1309,2382.0,2386.0,2380.0,2382.0,7716.0,18392.41,玉米1309,235540.0,2383.0,2382.0
2013-08-15,C1309,4.36,4.36,4.35,4.35,10.0,,欧盟排放配额1309,1396.0,4.35,4.35
2013-08-16,C1309,2383.0,2390.0,2382.0,2384.0,14420.0,34394.1,玉米1309,232770.0,2385.0,2384.0
2013-08-16,C1309,4.35,4.35,4.34,4.35,55.0,,欧盟排放配额1309,1381.0,4.35,4.35
2013-08-19,C1309,4.32,4.32,4.32,4.32,1.0,,欧盟排放配额1309,1382.0,4.32,4.32
2013-08-19,C1309,2387.0,2387.0,2379.0,2384.0,4324.0,10300.37,玉米1309,232122.0,2382.0,2384.0
2013-08-20,C1309,2387.0,2388.0,2380.0,2386.0,15344.0,36563.31,玉米1309,228738.0,2382.0,2386.0
2013-08-20,C1309,4.34,4.34,4.34,4.34,10.0,,欧盟排放配额1309,1392.0,4.34,4.34
2013-08-21,C1309,2384.0,2410.0,2384.0,2408.0,13046.0,31251.28,玉米1309,223550.0,2395.0,2408.0
2013-08-21,C1309,4.36,4.36,4.33,4.36,18.0,,欧盟排放配额1309,1404.0,4.36,4.36
2013-08-22,C1309,4.41,4.51,4.41,4.51,19.0,,欧盟排放配额1309,1415.0,4.51,4.51
2013-08-22,C1309,2408.0,2423.0,2408.0,2421.0,26930.0,65144.69,玉米1309,219842.0,2419.0,2421.0
2013-08-23,C1309,2418.0,2423.0,2418.0,2419.0,22350.0,54088.24,玉米1309,215594.0,2420.0,2419.0
2013-08-23,C1309,4.51,4.51,4.42,4.42,24.0,,欧盟排放配额1309,1436.0,4.42,4.42
2013-08-26,C1309,2420.0,2425.0,2404.0,2405.0,23218.0,56063.48,玉米1309,209230.0,2414.0,2405.0
2013-08-26,C1309,4.44,4.45,4.41,4.41,700.0,,欧盟排放配额1309,2110.0,4.41,4.41
2013-08-27,C1309,4.46,4.55,4.46,4.53,673.0,,欧盟排放配额1309,2750.0,4.53,4.53
2013-08-27,C1309,2407.0,2411.0,2396.0,2399.0,21660.0,52042.49,玉米1309,205494.0,2402.0,2399.0
2013-08-28,C1309,2394.0,2400.0,2391.0,2397.0,33378.0,79995.58,玉米1309,194934.0,2396.0,2397.0
2013-08-28,C1309,4.57,4.61,4.55,4.59,858.0,,欧盟排放配额1309,3367.0,4.59,4.59
2013-08-29,C1309,2402.0,2412.0,2396.0,2410.0,25458.0,61179.68,玉米1309,191098.0,2403.0,2410.0
2013-08-29,C1309,4.56,4.61,4.55,4.58,494.0,,欧盟排放配额1309,3726.0,4.58,4.58
2013-08-30,C1309,4.55,4.58,4.53,4.55,832.0,,欧盟排放配额1309,4265.0,4.55,4.55
2013-08-30,C1309,2404.0,2414.0,2403.0,2413.0,24096.0,58068.02,玉米1309,173150.0,2409.0,2413.0
2013-09-02,C1309,2409.0,2450.0,2408.0,2450.0,25044.0,60828.86,玉米1309,129746.0,2428.0,2450.0
2013-09-02,C1309,4.53,4.53,4.44,4.49,345.0,,欧盟排放配额1309,4610.0,4.49,4.49
2013-09-03,C1309,2415.0,2450.0,2415.0,2440.0,9246.0,22531.11,玉米1309,117666.0,2436.0,2440.0
2013-09-03,C1309,4.4,4.43,4.37,4.4,770.0,,欧盟排放配额1309,5356.0,4.4,4.4
2013-09-04,C1309,4.42,4.54,4.42,4.54,600.0,,欧盟排放配额1309,5663.0,4.54,4.54
2013-09-04,C1309,2440.0,2455.0,2439.0,2439.0,8638.0,21102.33,玉米1309,107790.0,2442.0,2439.0
2013-09-05,C1309,2439.0,2440.0,2436.0,2437.0,12468.0,30400.86,玉米1309,81670.0,2438.0,2437.0
2013-09-05,C1309,4.56,4.95,4.56,4.95,130.0,,欧盟排放配额1309,5792.0,4.95,4.95
2013-09-06,C1309,2420.0,2443.0,2420.0,2443.0,10030.0,24381.48,玉米1309,65918.0,2430.0,2443.0
2013-09-06,C1309,5.09,5.32,4.96,5.32,41.0,,欧盟排放配额1309,5828.0,5.32,5.32
2013-09-09,C1309,5.24,5.52,5.24,5.3,566.0,,欧盟排放配额1309,6387.0,5.3,5.3
2013-09-09,C1309,2460.0,2460.0,2441.0,2460.0,22406.0,54955.19,玉米1309,37122.0,2452.0,2460.0
2013-09-10,C1309,2450.0,2465.0,2426.0,2465.0,3770.0,9266.88,玉米1309,29660.0,2458.0,2465.0
2013-09-10,C1309,5.24,5.24,5.12,5.12,896.0,,欧盟排放配额1309,6819.0,5.12,5.12
2013-09-11,C1309,2425.0,2464.0,2425.0,2455.0,7878.0,19337.34,玉米1309,13838.0,2454.0,2455.0
2013-09-11,C1309,4.99,5.25,4.95,5.25,408.0,,欧盟排放配额1309,7220.0,5.25,5.25
2013-09-12,C1309,5.36,5.7,5.34,5.61,671.0,,欧盟排放配额1309,7491.0,5.61,5.61
2013-09-12,C1309,2441.0,2442.0,2405.0,2405.0,344.0,830.63,玉米1309,8058.0,2414.0,2405.0
2013-09-13,C1309,2399.0,2400.0,2385.0,2395.0,304.0,727.56,玉米1309,0.0,2440.0,2395.0
2013-09-13,C1309,5.52,5.7,5.39,5.39,733.0,,欧盟排放配额1309,7925.0,5.39,5.39
2013-09-16,C1309,5.41,5.58,5.38,5.46,555.0,,欧盟排放配额1309,8178.0,5.46,5.46
2013-09-17,C1309,5.42,5.69,5.39,5.66,670.0,,欧盟排放配额1309,8501.0,5.66,5.66
2013-09-18,C1309,5.82,5.86,5.51,5.52,823.0,,欧盟排放配额1309,9166.0,5.52,5.52
2013-09-19,C1309,5.45,5.47,5.31,5.35,590.0,,欧盟排放配额1309,9666.0,5.35,5.35
2013-09-20,C1309,5.31,5.35,5.3,5.35,1102.0,,欧盟排放配额1309,10208.0,5.35,5.35
2013-09-23,C1309,5.25,5.42,5.24,5.41,3073.0,,欧盟排放配额1309,11173.0,5.41,5.41
2013-09-24,C1309,5.5,5.51,5.37,5.37,426.0,,欧盟排放配额1309,11593.0,5.37,5.37
2013-09-25,C1309,5.33,5.38,5.3,5.37,347.0,,欧盟排放配额1309,11905.0,5.37,5.37
2013-09-26,C1309,5.45,5.46,5.45,5.46,351.0,,欧盟排放配额1309,12231.0,5.46,5.46
2013-09-27,C1309,5.35,5.42,5.3,5.39,10154.0,,欧盟排放配额1309,17579.0,5.39,5.39
2013-09-30,C1309,5.3,5.3,5.02,5.02,1811.0,,欧盟排放配额1309,17345.0,5.02,5.02
