date,symbol,open,high,low,close,volume,amount,name,openinterest,settleprice,price
2012-05-16,C1305,2308.0,2308.0,2282.0,2283.0,1620.0,3704.49,玉米1305,1364.0,2286.0,2283.0
2012-05-17,C1305,2295.0,2308.0,2287.0,2304.0,2766.0,6342.05,玉米1305,3320.0,2292.0,2304.0
2012-05-18,C1305,2299.0,2312.0,2296.0,2302.0,4372.0,10068.68,玉米1305,6562.0,2302.0,2302.0
2012-05-21,C1305,2310.0,2335.0,2310.0,2330.0,2832.0,6599.33,玉米1305,8306.0,2330.0,2330.0
2012-05-22,C1305,2327.0,2328.0,2318.0,2318.0,1750.0,4065.88,玉米1305,9016.0,2323.0,2318.0
2012-05-23,C1305,2306.0,2306.0,2297.0,2302.0,5556.0,12786.01,玉米1305,12356.0,2301.0,2302.0
2012-05-24,C1305,2306.0,2314.0,2302.0,2309.0,2926.0,6751.67,玉米1305,13116.0,2307.0,2309.0
2012-05-25,C1305,2310.0,2310.0,2276.0,2283.0,6582.0,15055.35,玉米1305,11944.0,2287.0,2283.0
2012-05-28,C1305,2280.0,2293.0,2267.0,2282.0,6042.0,13756.27,玉米1305,13970.0,2276.0,2282.0
2012-05-29,C1305,2282.0,2289.0,2270.0,2286.0,3102.0,7071.82,玉米1305,15048.0,2279.0,2286.0
2012-05-30,C1305,2280.0,2285.0,2274.0,2279.0,3202.0,7300.28,玉米1305,16078.0,2279.0,2279.0
2012-05-31,C1305,2276.0,2299.0,2275.0,2286.0,9264.0,21198.48,玉米1305,18680.0,2288.0,2286.0
2012-06-01,C1305,2284.0,2290.0,2278.0,2278.0,8722.0,19926.0,玉米1305,21226.0,2284.0,2278.0
2012-06-04,C1305,2275.0,2300.0,2262.0,2271.0,11262.0,25588.48,玉米1305,26562.0,2272.0,2271.0
2012-06-05,C1305,2268.0,2321.0,2268.0,2301.0,16408.0,37681.91,玉米1305,27846.0,2296.0,2301.0
2012-06-06,C1305,2299.0,2314.0,2297.0,2306.0,5588.0,12892.54,玉米1305,28404.0,2307.0,2306.0
2012-06-07,C1305,2322.0,2322.0,2305.0,2307.0,6424.0,14868.73,玉米1305,28190.0,2314.0,2307.0
2012-06-08,C1305,2307.0,2314.0,2298.0,2303.0,7420.0,17108.13,玉米1305,27964.0,2305.0,2303.0
2012-06-11,C1305,2308.0,2330.0,2307.0,2330.0,10030.0,23237.74,玉米1305,29328.0,2316.0,2330.0
2012-06-12,C1305,2325.0,2326.0,2315.0,2325.0,11310.0,26232.37,玉米1305,30036.0,2319.0,2325.0
2012-06-13,C1305,2326.0,2332.0,2318.0,2327.0,7774.0,18083.5,玉米1305,28976.0,2326.0,2327.0
2012-06-14,C1305,2325.0,2326.0,2306.0,2308.0,7412.0,17177.79,玉米1305,30342.0,2317.0,2308.0
2012-06-15,C1305,2311.0,2318.0,2302.0,2318.0,7160.0,16539.27,玉米1305,29938.0,2309.0,2318.0
2012-06-18,C1305,2321.0,2325.0,2312.0,2317.0,4008.0,9284.18,玉米1305,30942.0,2316.0,2317.0
2012-06-19,C1305,2322.0,2351.0,2322.0,2347.0,19392.0,45404.36,玉米1305,33500.0,2341.0,2347.0
2012-06-20,C1305,2365.0,2365.0,2354.0,2359.0,13822.0,32621.71,玉米1305,34560.0,2360.0,2359.0
2012-06-21,C1305,2357.0,2361.0,2345.0,2355.0,5210.0,12274.94,玉米1305,34994.0,2356.0,2355.0
2012-06-25,C1305,2370.0,2382.0,2362.0,2367.0,9276.0,22022.75,玉米1305,35396.0,2374.0,2367.0
2012-06-26,C1305,2383.0,2393.0,2367.0,2375.0,7568.0,17996.62,玉米1305,36642.0,2377.0,2375.0
2012-06-27,C1305,2381.0,2381.0,2367.0,2369.0,9172.0,21768.28,玉米1305,38738.0,2373.0,2369.0
2012-06-28,C1305,2372.0,2378.0,2363.0,2366.0,6018.0,14257.52,玉米1305,38532.0,2369.0,2366.0
2012-06-29,C1305,2367.0,2375.0,2363.0,2374.0,6292.0,14896.41,玉米1305,35854.0,2367.0,2374.0
2012-07-02,C1305,2390.0,2395.0,2369.0,2369.0,6376.0,15160.0,玉米1305,35536.0,2377.0,2369.0
2012-07-03,C1305,2375.0,2391.0,2370.0,2387.0,6058.0,14425.05,玉米1305,36162.0,2381.0,2387.0
2012-07-04,C1305,2392.0,2399.0,2388.0,2395.0,9820.0,23518.16,玉米1305,40174.0,2394.0,2395.0
2012-07-05,C1305,2399.0,2399.0,2390.0,2396.0,6992.0,16738.66,玉米1305,41616.0,2393.0,2396.0
2012-07-06,C1305,2406.0,2406.0,2390.0,2393.0,11122.0,26654.79,玉米1305,44714.0,2396.0,2393.0
2012-07-09,C1305,2391.0,2418.0,2390.0,2415.0,16834.0,40522.06,玉米1305,48530.0,2407.0,2415.0
2012-07-10,C1305,2409.0,2416.0,2400.0,2401.0,7868.0,18927.9,玉米1305,48648.0,2405.0,2401.0
2012-07-11,C1305,2398.0,2406.0,2383.0,2392.0,12134.0,29056.18,玉米1305,50108.0,2394.0,2392.0
2012-07-12,C1305,2390.0,2393.0,2384.0,2388.0,6830.0,16308.25,玉米1305,52144.0,2387.0,2388.0
2012-07-13,C1305,2391.0,2409.0,2391.0,2407.0,9124.0,21898.59,玉米1305,55090.0,2400.0,2407.0
2012-07-16,C1305,2419.0,2463.0,2419.0,2457.0,36038.0,88138.57,玉米1305,67608.0,2445.0,2457.0
2012-07-17,C1305,2466.0,2466.0,2439.0,2447.0,30878.0,75680.45,玉米1305,71074.0,2450.0,2447.0
2012-07-18,C1305,2448.0,2451.0,2436.0,2438.0,13580.0,33172.74,玉米1305,73094.0,2442.0,2438.0
2012-07-19,C1305,2444.0,2450.0,2438.0,2444.0,16024.0,39173.22,玉米1305,72162.0,2444.0,2444.0
2012-07-20,C1305,2448.0,2448.0,2429.0,2430.0,29042.0,70702.38,玉米1305,80332.0,2434.0,2430.0
2012-07-23,C1305,2427.0,2439.0,2413.0,2426.0,25630.0,62235.09,玉米1305,87152.0,2428.0,2426.0
2012-07-24,C1305,2385.0,2420.0,2384.0,2410.0,27254.0,65673.56,玉米1305,94192.0,2409.0,2410.0
2012-07-25,C1305,2410.0,2420.0,2405.0,2415.0,19676.0,47527.58,玉米1305,99646.0,2415.0,2415.0
2012-07-26,C1305,2418.0,2419.0,2406.0,2410.0,26754.0,64524.65,玉米1305,113672.0,2411.0,2410.0
2012-07-27,C1305,2409.0,2417.0,2408.0,2414.0,17638.0,42551.3,玉米1305,114164.0,2412.0,2414.0
2012-07-30,C1305,2425.0,2438.0,2425.0,2434.0,41602.0,101206.89,玉米1305,109032.0,2432.0,2434.0
2012-07-31,C1305,2430.0,2436.0,2426.0,2432.0,16860.0,40987.86,玉米1305,109084.0,2431.0,2432.0
2012-08-01,C1305,2431.0,2461.0,2427.0,2438.0,50926.0,124470.66,玉米1305,114396.0,2444.0,2438.0
2012-08-02,C1305,2433.0,2442.0,2429.0,2432.0,29966.0,72969.32,玉米1305,118090.0,2435.0,2432.0
2012-08-03,C1305,2428.0,2441.0,2428.0,2430.0,19146.0,46603.77,玉米1305,115908.0,2434.0,2430.0
2012-08-06,C1305,2429.0,2439.0,2423.0,2426.0,28324.0,68766.9,玉米1305,115718.0,2427.0,2426.0
2012-08-07,C1305,2430.0,2430.0,2418.0,2424.0,25750.0,62413.2,玉米1305,123026.0,2423.0,2424.0
2012-08-08,C1305,2421.0,2422.0,2411.0,2412.0,41246.0,99617.62,玉米1305,134728.0,2415.0,2412.0
2012-08-09,C1305,2420.0,2424.0,2416.0,2419.0,23848.0,57692.95,玉米1305,127272.0,2419.0,2419.0
2012-08-10,C1305,2425.0,2433.0,2424.0,2429.0,23874.0,57946.16,玉米1305,128290.0,2427.0,2429.0
2012-08-13,C1305,2427.0,2471.0,2427.0,2458.0,156738.0,384855.41,玉米1305,188112.0,2455.0,2458.0
2012-08-14,C1305,2460.0,2478.0,2453.0,2464.0,82254.0,202836.55,玉米1305,186812.0,2465.0,2464.0
2012-08-15,C1305,2466.0,2482.0,2465.0,2476.0,67468.0,167029.36,玉米1305,193524.0,2475.0,2476.0
2012-08-16,C1305,2475.0,2478.0,2458.0,2460.0,57562.0,141805.96,玉米1305,196118.0,2463.0,2460.0
2012-08-17,C1305,2464.0,2470.0,2458.0,2459.0,31070.0,76570.39,玉米1305,195270.0,2464.0,2459.0
2012-08-20,C1305,2462.0,2470.0,2459.0,2464.0,33458.0,82473.17,玉米1305,200274.0,2464.0,2464.0
2012-08-21,C1305,2470.0,2473.0,2462.0,2465.0,31144.0,76848.97,玉米1305,200150.0,2467.0,2465.0
2012-08-22,C1305,2469.0,2472.0,2452.0,2454.0,23638.0,58155.1,玉米1305,196210.0,2460.0,2454.0
2012-08-23,C1305,2455.0,2468.0,2454.0,2463.0,47738.0,117480.22,玉米1305,178168.0,2460.0,2463.0
2012-08-24,C1305,2457.0,2461.0,2443.0,2446.0,46614.0,114163.37,玉米1305,177080.0,2449.0,2446.0
2012-08-27,C1305,2450.0,2457.0,2445.0,2449.0,33402.0,81893.75,玉米1305,175582.0,2451.0,2449.0
2012-08-28,C1305,2444.0,2452.0,2437.0,2439.0,33474.0,81888.49,玉米1305,175436.0,2446.0,2439.0
2012-08-29,C1305,2442.0,2450.0,2442.0,2448.0,27652.0,67640.16,玉米1305,171296.0,2446.0,2448.0
2012-08-30,C1305,2449.0,2459.0,2448.0,2458.0,19888.0,48796.34,玉米1305,177922.0,2453.0,2458.0
2012-08-31,C1305,2455.0,2458.0,2451.0,2453.0,15706.0,38532.49,玉米1305,178972.0,2453.0,2453.0
2012-09-03,C1305,2453.0,2462.0,2453.0,2459.0,20190.0,49610.75,玉米1305,177906.0,2457.0,2459.0
2012-09-04,C1305,2462.0,2469.0,2457.0,2467.0,21696.0,53460.17,玉米1305,176264.0,2464.0,2467.0
2012-09-05,C1305,2461.0,2463.0,2431.0,2435.0,48474.0,118511.83,玉米1305,172122.0,2444.0,2435.0
2012-09-06,C1305,2420.0,2438.0,2420.0,2434.0,34810.0,84613.24,玉米1305,174786.0,2430.0,2434.0
2012-09-07,C1305,2436.0,2438.0,2432.0,2434.0,22770.0,55437.44,玉米1305,168712.0,2434.0,2434.0
2012-09-10,C1305,2435.0,2438.0,2422.0,2437.0,49224.0,119639.53,玉米1305,177336.0,2430.0,2437.0
2012-09-11,C1305,2433.0,2435.0,2414.0,2419.0,58388.0,141529.71,玉米1305,186452.0,2423.0,2419.0
2012-09-12,C1305,2415.0,2424.0,2413.0,2421.0,40458.0,97862.03,玉米1305,191614.0,2418.0,2421.0
2012-09-13,C1305,2420.0,2432.0,2417.0,2428.0,43274.0,104957.92,玉米1305,201906.0,2425.0,2428.0
2012-09-14,C1305,2442.0,2442.0,2421.0,2423.0,45888.0,111471.58,玉米1305,209272.0,2429.0,2423.0
2012-09-17,C1305,2425.0,2426.0,2408.0,2414.0,63262.0,152914.47,玉米1305,222230.0,2417.0,2414.0
2012-09-18,C1305,2398.0,2421.0,2398.0,2414.0,60164.0,145212.03,玉米1305,224610.0,2413.0,2414.0
2012-09-19,C1305,2416.0,2421.0,2412.0,2418.0,30368.0,73401.73,玉米1305,218090.0,2417.0,2418.0
2012-09-20,C1305,2424.0,2446.0,2415.0,2436.0,104520.0,254343.11,玉米1305,195050.0,2433.0,2436.0
2012-09-21,C1305,2433.0,2437.0,2425.0,2428.0,37118.0,90217.49,玉米1305,190886.0,2430.0,2428.0
2012-09-24,C1305,2426.0,2427.0,2415.0,2420.0,38094.0,92205.8,玉米1305,189012.0,2420.0,2420.0
2012-09-25,C1305,2418.0,2424.0,2418.0,2423.0,19126.0,46302.88,玉米1305,184384.0,2420.0,2423.0
2012-09-26,C1305,2420.0,2426.0,2413.0,2415.0,44264.0,107072.05,玉米1305,198312.0,2418.0,2415.0
2012-09-27,C1305,2411.0,2416.0,2388.0,2392.0,81376.0,195446.23,玉米1305,202200.0,2401.0,2392.0
2012-09-28,C1305,2407.0,2409.0,2385.0,2408.0,86246.0,206475.4,玉米1305,203258.0,2394.0,2408.0
2012-10-08,C1305,2407.0,2409.0,2368.0,2368.0,100198.0,239102.5,玉米1305,221788.0,2386.0,2368.0
2012-10-09,C1305,2370.0,2376.0,2358.0,2373.0,114672.0,271610.03,玉米1305,255454.0,2368.0,2373.0
2012-10-10,C1305,2370.0,2382.0,2367.0,2382.0,85250.0,202410.24,玉米1305,267000.0,2374.0,2382.0
2012-10-11,C1305,2377.0,2388.0,2375.0,2383.0,67390.0,160603.46,玉米1305,276094.0,2383.0,2383.0
2012-10-12,C1305,2386.0,2394.0,2376.0,2380.0,103848.0,247420.68,玉米1305,282748.0,2382.0,2380.0
2012-10-15,C1305,2373.0,2380.0,2370.0,2378.0,73916.0,175621.05,玉米1305,291304.0,2375.0,2378.0
2012-10-16,C1305,2378.0,2391.0,2378.0,2388.0,78266.0,186775.77,玉米1305,271872.0,2386.0,2388.0
2012-10-17,C1305,2388.0,2406.0,2383.0,2406.0,102320.0,245220.3,玉米1305,275046.0,2396.0,2406.0
2012-10-18,C1305,2423.0,2423.0,2408.0,2415.0,156142.0,376773.31,玉米1305,289354.0,2413.0,2415.0
2012-10-19,C1305,2418.0,2419.0,2402.0,2407.0,87438.0,210536.02,玉米1305,286616.0,2407.0,2407.0
2012-10-22,C1305,2404.0,2411.0,2401.0,2411.0,61636.0,148376.43,玉米1305,299264.0,2407.0,2411.0
2012-10-23,C1305,2411.0,2414.0,2407.0,2410.0,73326.0,176753.58,玉米1305,293902.0,2410.0,2410.0
2012-10-24,C1305,2410.0,2414.0,2404.0,2410.0,99746.0,240200.11,玉米1305,306134.0,2408.0,2410.0
2012-10-25,C1305,2411.0,2438.0,2411.0,2437.0,272742.0,661837.42,玉米1305,351352.0,2426.0,2437.0
2012-10-26,C1305,2435.0,2435.0,2421.0,2424.0,142630.0,346061.35,玉米1305,335168.0,2426.0,2424.0
2012-10-29,C1305,2420.0,2424.0,2417.0,2418.0,126528.0,306230.31,玉米1305,322326.0,2420.0,2418.0
2012-10-30,C1305,2417.0,2421.0,2408.0,2421.0,134436.0,324567.17,玉米1305,327184.0,2414.0,2421.0
2012-10-31,C1305,2421.0,2432.0,2415.0,2420.0,135486.0,328407.3,玉米1305,331236.0,2423.0,2420.0
2012-11-01,C1305,2422.0,2430.0,2416.0,2419.0,166820.0,404065.68,玉米1305,332352.0,2422.0,2419.0
2012-11-02,C1305,2419.0,2427.0,2415.0,2426.0,130024.0,314836.38,玉米1305,333404.0,2421.0,2426.0
2012-11-05,C1305,2420.0,2442.0,2418.0,2428.0,280642.0,682769.29,玉米1305,338852.0,2432.0,2428.0
2012-11-06,C1305,2430.0,2430.0,2422.0,2427.0,72346.0,175510.08,玉米1305,338720.0,2425.0,2427.0
2012-11-07,C1305,2431.0,2434.0,2425.0,2427.0,74388.0,180698.27,玉米1305,338084.0,2429.0,2427.0
2012-11-08,C1305,2425.0,2431.0,2424.0,2427.0,78774.0,191303.44,玉米1305,332492.0,2428.0,2427.0
2012-11-09,C1305,2426.0,2430.0,2417.0,2421.0,112792.0,273135.69,玉米1305,330354.0,2421.0,2421.0
2012-11-12,C1305,2417.0,2426.0,2415.0,2423.0,182164.0,440821.23,玉米1305,319850.0,2419.0,2423.0
2012-11-13,C1305,2418.0,2424.0,2390.0,2399.0,443082.0,1065799.83,玉米1305,404542.0,2405.0,2399.0
2012-11-14,C1305,2404.0,2433.0,2389.0,2411.0,423406.0,1017585.7,玉米1305,379340.0,2403.0,2411.0
2012-11-15,C1305,2410.0,2417.0,2406.0,2408.0,154078.0,371574.92,玉米1305,371054.0,2411.0,2408.0
2012-11-16,C1305,2405.0,2418.0,2404.0,2414.0,140792.0,339848.42,玉米1305,380696.0,2413.0,2414.0
2012-11-19,C1305,2420.0,2429.0,2418.0,2428.0,193650.0,469458.25,玉米1305,369480.0,2424.0,2428.0
2012-11-20,C1305,2431.0,2431.0,2424.0,2426.0,82978.0,201336.97,玉米1305,357392.0,2426.0,2426.0
2012-11-21,C1305,2426.0,2431.0,2422.0,2428.0,77846.0,188825.68,玉米1305,345992.0,2425.0,2428.0
2012-11-22,C1305,2428.0,2429.0,2424.0,2427.0,80618.0,195585.58,玉米1305,341296.0,2426.0,2427.0
2012-11-23,C1305,2429.0,2445.0,2424.0,2440.0,237578.0,578805.06,玉米1305,353400.0,2436.0,2440.0
2012-11-26,C1305,2440.0,2451.0,2438.0,2445.0,200272.0,489710.08,玉米1305,384086.0,2445.0,2445.0
2012-11-27,C1305,2448.0,2448.0,2437.0,2441.0,132342.0,323066.26,玉米1305,367050.0,2441.0,2441.0
2012-11-28,C1305,2445.0,2448.0,2429.0,2433.0,192568.0,469539.01,玉米1305,327540.0,2438.0,2433.0
2012-11-29,C1305,2434.0,2437.0,2430.0,2436.0,70136.0,170714.98,玉米1305,324662.0,2434.0,2436.0
2012-11-30,C1305,2432.0,2439.0,2432.0,2438.0,65660.0,159982.45,玉米1305,327042.0,2436.0,2438.0
2012-12-03,C1305,2438.0,2447.0,2436.0,2444.0,112898.0,275737.33,玉米1305,328794.0,2442.0,2444.0
2012-12-04,C1305,2442.0,2444.0,2435.0,2441.0,83396.0,203358.92,玉米1305,320124.0,2438.0,2441.0
2012-12-05,C1305,2442.0,2457.0,2439.0,2454.0,125922.0,308222.92,玉米1305,344132.0,2447.0,2454.0
2012-12-06,C1305,2454.0,2467.0,2453.0,2455.0,173548.0,426769.98,玉米1305,365074.0,2459.0,2455.0
2012-12-07,C1305,2457.0,2458.0,2449.0,2452.0,121500.0,298029.37,玉米1305,357010.0,2452.0,2452.0
2012-12-10,C1305,2447.0,2451.0,2443.0,2448.0,105104.0,257143.99,玉米1305,370832.0,2446.0,2448.0
2012-12-11,C1305,2448.0,2453.0,2443.0,2444.0,86720.0,212330.6,玉米1305,360806.0,2448.0,2444.0
2012-12-12,C1305,2445.0,2448.0,2438.0,2442.0,86952.0,212346.14,玉米1305,346510.0,2442.0,2442.0
2012-12-13,C1305,2442.0,2445.0,2439.0,2440.0,56716.0,138458.02,玉米1305,344428.0,2441.0,2440.0
2012-12-14,C1305,2439.0,2448.0,2436.0,2445.0,108042.0,263919.19,玉米1305,340014.0,2442.0,2445.0
2012-12-17,C1305,2445.0,2451.0,2442.0,2450.0,81618.0,199799.57,玉米1305,351236.0,2447.0,2450.0
2012-12-18,C1305,2447.0,2452.0,2445.0,2446.0,50716.0,124125.58,玉米1305,347602.0,2447.0,2446.0
2012-12-19,C1305,2445.0,2452.0,2443.0,2448.0,82060.0,200796.47,玉米1305,347332.0,2446.0,2448.0
2012-12-20,C1305,2441.0,2448.0,2440.0,2447.0,87798.0,214609.01,玉米1305,348688.0,2444.0,2447.0
2012-12-21,C1305,2447.0,2447.0,2440.0,2443.0,82444.0,201381.33,玉米1305,331226.0,2442.0,2443.0
2012-12-24,C1305,2446.0,2446.0,2427.0,2428.0,183242.0,446159.32,玉米1305,357238.0,2434.0,2428.0
2012-12-25,C1305,2430.0,2437.0,2425.0,2431.0,116184.0,282515.17,玉米1305,350046.0,2431.0,2431.0
2012-12-26,C1305,2430.0,2436.0,2429.0,2434.0,49302.0,119951.06,玉米1305,347304.0,2432.0,2434.0
2012-12-27,C1305,2429.0,2440.0,2428.0,2438.0,67328.0,164008.68,玉米1305,342988.0,2435.0,2438.0
2012-12-28,C1305,2438.0,2440.0,2433.0,2437.0,48942.0,119259.16,玉米1305,323210.0,2436.0,2437.0
2012-12-31,C1305,2436.0,2439.0,2432.0,2433.0,53658.0,130687.39,玉米1305,310144.0,2435.0,2433.0
2013-01-04,C1305,2433.0,2450.0,2432.0,2446.0,91620.0,223916.04,玉米1305,267328.0,2443.0,2446.0
2013-01-07,C1305,2443.0,2449.0,2442.0,2445.0,50224.0,122780.68,玉米1305,264112.0,2444.0,2445.0
2013-01-08,C1305,2448.0,2459.0,2443.0,2456.0,124930.0,306249.18,玉米1305,281932.0,2451.0,2456.0
2013-01-09,C1305,2458.0,2465.0,2441.0,2444.0,132728.0,325492.3,玉米1305,279048.0,2452.0,2444.0
2013-01-10,C1305,2446.0,2448.0,2439.0,2445.0,50784.0,124078.7,玉米1305,271250.0,2443.0,2445.0
2013-01-11,C1305,2444.0,2447.0,2438.0,2438.0,50524.0,123415.95,玉米1305,263566.0,2442.0,2438.0
2013-01-14,C1305,2441.0,2445.0,2429.0,2434.0,102254.0,248987.39,玉米1305,275276.0,2434.0,2434.0
2013-01-15,C1305,2436.0,2439.0,2429.0,2434.0,59178.0,144075.55,玉米1305,272328.0,2434.0,2434.0
2013-01-16,C1305,2432.0,2436.0,2431.0,2435.0,34832.0,84756.8,玉米1305,270462.0,2433.0,2435.0
2013-01-17,C1305,2435.0,2437.0,2420.0,2431.0,88926.0,215926.54,玉米1305,281810.0,2428.0,2431.0
2013-01-18,C1305,2430.0,2435.0,2428.0,2434.0,38760.0,94310.59,玉米1305,272274.0,2433.0,2434.0
2013-01-21,C1305,2433.0,2436.0,2425.0,2427.0,35148.0,85442.9,玉米1305,270580.0,2430.0,2427.0
2013-01-22,C1305,2425.0,2431.0,2425.0,2426.0,30682.0,74487.89,玉米1305,266826.0,2427.0,2426.0
2013-01-23,C1305,2426.0,2429.0,2423.0,2427.0,30676.0,74427.27,玉米1305,264376.0,2426.0,2427.0
2013-01-24,C1305,2426.0,2426.0,2415.0,2417.0,67404.0,163086.46,玉米1305,262582.0,2419.0,2417.0
2013-01-25,C1305,2418.0,2421.0,2415.0,2419.0,19518.0,47209.24,玉米1305,258318.0,2418.0,2419.0
2013-01-28,C1305,2419.0,2424.0,2415.0,2424.0,25606.0,61922.67,玉米1305,259144.0,2418.0,2424.0
2013-01-29,C1305,2425.0,2425.0,2419.0,2422.0,27328.0,66171.8,玉米1305,252976.0,2421.0,2422.0
2013-01-30,C1305,2415.0,2427.0,2415.0,2424.0,30598.0,74129.51,玉米1305,244132.0,2422.0,2424.0
2013-01-31,C1305,2426.0,2426.0,2421.0,2424.0,21892.0,53074.82,玉米1305,235662.0,2424.0,2424.0
2013-02-01,C1305,2426.0,2426.0,2422.0,2425.0,16946.0,41073.52,玉米1305,233566.0,2423.0,2425.0
2013-02-04,C1305,2425.0,2429.0,2423.0,2424.0,19646.0,47648.31,玉米1305,225680.0,2425.0,2424.0
2013-02-05,C1305,2425.0,2425.0,2405.0,2408.0,54084.0,130543.41,玉米1305,232930.0,2413.0,2408.0
2013-02-06,C1305,2408.0,2414.0,2407.0,2410.0,24122.0,58164.13,玉米1305,228386.0,2411.0,2410.0
2013-02-07,C1305,2409.0,2410.0,2405.0,2407.0,23186.0,55811.32,玉米1305,231118.0,2407.0,2407.0
2013-02-08,C1305,2406.0,2414.0,2400.0,2409.0,22682.0,54576.45,玉米1305,226350.0,2406.0,2409.0
2013-02-18,C1305,2400.0,2402.0,2391.0,2391.0,29542.0,70762.15,玉米1305,231984.0,2395.0,2391.0
2013-02-19,C1305,2390.0,2400.0,2388.0,2398.0,22954.0,54994.88,玉米1305,229270.0,2395.0,2398.0
2013-02-20,C1305,2396.0,2398.0,2393.0,2396.0,13230.0,31699.13,玉米1305,229016.0,2396.0,2396.0
2013-02-21,C1305,2395.0,2400.0,2392.0,2399.0,32100.0,76924.97,玉米1305,218370.0,2396.0,2399.0
2013-02-22,C1305,2398.0,2405.0,2396.0,2398.0,14790.0,35495.78,玉米1305,214616.0,2399.0,2398.0
2013-02-25,C1305,2397.0,2398.0,2393.0,2397.0,11006.0,26376.27,玉米1305,211600.0,2396.0,2397.0
2013-02-26,C1305,2396.0,2396.0,2386.0,2387.0,22062.0,52757.24,玉米1305,208652.0,2391.0,2387.0
2013-02-27,C1305,2390.0,2392.0,2385.0,2387.0,11710.0,27966.72,玉米1305,210628.0,2388.0,2387.0
2013-02-28,C1305,2388.0,2388.0,2380.0,2383.0,26122.0,62245.65,玉米1305,199982.0,2382.0,2383.0
2013-03-01,C1305,2384.0,2384.0,2375.0,2376.0,28634.0,68094.11,玉米1305,208316.0,2378.0,2376.0
2013-03-04,C1305,2367.0,2371.0,2360.0,2360.0,33392.0,78926.54,玉米1305,202850.0,2363.0,2360.0
2013-03-05,C1305,2360.0,2371.0,2358.0,2368.0,36860.0,87236.66,玉米1305,189422.0,2366.0,2368.0
2013-03-06,C1305,2368.0,2378.0,2367.0,2378.0,21086.0,50033.36,玉米1305,183874.0,2372.0,2378.0
2013-03-07,C1305,2374.0,2386.0,2371.0,2380.0,23308.0,55442.08,玉米1305,178548.0,2378.0,2380.0
2013-03-08,C1305,2381.0,2383.0,2367.0,2379.0,9520.0,22647.29,玉米1305,173778.0,2378.0,2379.0
2013-03-11,C1305,2380.0,2385.0,2376.0,2377.0,9484.0,22566.0,玉米1305,171072.0,2379.0,2377.0
2013-03-12,C1305,2377.0,2381.0,2377.0,2379.0,11320.0,26929.89,玉米1305,167290.0,2378.0,2379.0
2013-03-13,C1305,2383.0,2383.0,2378.0,2381.0,10882.0,25900.8,玉米1305,159050.0,2380.0,2381.0
2013-03-14,C1305,2381.0,2382.0,2378.0,2380.0,9790.0,23300.63,玉米1305,151978.0,2380.0,2380.0
2013-03-15,C1305,2380.0,2389.0,2380.0,2386.0,11606.0,27682.16,玉米1305,146090.0,2385.0,2386.0
2013-03-18,C1305,2384.0,2384.0,2375.0,2380.0,11078.0,26358.27,玉米1305,141100.0,2379.0,2380.0
2013-03-19,C1305,2378.0,2382.0,2378.0,2379.0,10354.0,24639.23,玉米1305,133754.0,2379.0,2379.0
2013-03-20,C1305,2373.0,2381.0,2373.0,2379.0,9978.0,23728.96,玉米1305,126290.0,2378.0,2379.0
2013-03-21,C1305,2380.0,2382.0,2377.0,2381.0,8924.0,21232.41,玉米1305,120376.0,2379.0,2381.0
2013-03-22,C1305,2383.0,2383.0,2378.0,2381.0,11342.0,27004.02,玉米1305,111132.0,2380.0,2381.0
2013-03-25,C1305,2380.0,2383.0,2380.0,2383.0,4194.0,9986.12,玉米1305,107968.0,2381.0,2383.0
2013-03-26,C1305,2381.0,2383.0,2373.0,2373.0,9982.0,23719.88,玉米1305,105386.0,2376.0,2373.0
2013-03-27,C1305,2373.0,2377.0,2372.0,2376.0,10968.0,26035.9,玉米1305,103238.0,2373.0,2376.0
2013-03-28,C1305,2376.0,2380.0,2373.0,2377.0,6406.0,15231.87,玉米1305,101646.0,2377.0,2377.0
2013-03-29,C1305,2371.0,2378.0,2367.0,2374.0,7756.0,18405.09,玉米1305,97012.0,2373.0,2374.0
2013-04-01,C1305,2372.0,2374.0,2364.0,2366.0,13746.0,32559.18,玉米1305,91920.0,2368.0,2366.0
2013-04-02,C1305,2365.0,2376.0,2365.0,2369.0,3504.0,8302.98,玉米1305,90248.0,2369.0,2369.0
2013-04-03,C1305,2367.0,2368.0,2360.0,2364.0,13326.0,31498.24,玉米1305,77610.0,2363.0,2364.0
2013-04-08,C1305,2360.0,2360.0,2348.0,2353.0,6396.0,15047.46,玉米1305,72854.0,2352.0,2353.0
2013-04-09,C1305,2353.0,2359.0,2346.0,2347.0,10338.0,24294.96,玉米1305,64726.0,2350.0,2347.0
2013-04-10,C1305,2348.0,2354.0,2346.0,2350.0,5786.0,13589.78,玉米1305,61010.0,2348.0,2350.0
2013-04-11,C1305,2352.0,2352.0,2341.0,2342.0,4992.0,11702.65,玉米1305,57550.0,2344.0,2342.0
2013-04-12,C1305,2342.0,2347.0,2342.0,2345.0,5394.0,12646.13,玉米1305,55212.0,2344.0,2345.0
2013-04-15,C1305,2343.0,2344.0,2332.0,2333.0,11204.0,26202.67,玉米1305,48690.0,2338.0,2333.0
2013-04-16,C1305,2330.0,2330.0,2320.0,2322.0,3736.0,8682.45,玉米1305,45344.0,2323.0,2322.0
2013-04-17,C1305,2323.0,2325.0,2318.0,2319.0,1240.0,2876.81,玉米1305,44808.0,2320.0,2319.0
2013-04-18,C1305,2320.0,2323.0,2318.0,2321.0,3062.0,7105.09,玉米1305,42216.0,2320.0,2321.0
2013-04-19,C1305,2322.0,2326.0,2319.0,2319.0,2288.0,5312.93,玉米1305,40398.0,2322.0,2319.0
2013-04-22,C1305,2319.0,2319.0,2301.0,2304.0,900.0,2075.46,玉米1305,39792.0,2306.0,2304.0
2013-04-23,C1305,2301.0,2322.0,2297.0,2302.0,12806.0,29532.1,玉米1305,32762.0,2306.0,2302.0
2013-04-24,C1305,2302.0,2314.0,2296.0,2296.0,10584.0,24366.91,玉米1305,29026.0,2302.0,2296.0
2013-04-25,C1305,2292.0,2320.0,2282.0,2316.0,4358.0,10020.35,玉米1305,25618.0,2299.0,2316.0
2013-04-26,C1305,2310.0,2323.0,2290.0,2323.0,4336.0,10014.18,玉米1305,23974.0,2309.0,2323.0
2013-05-02,C1305,2315.0,2350.0,2315.0,2350.0,550.0,1288.22,玉米1305,8476.0,2342.0,2350.0
2013-05-03,C1305,2350.0,2356.0,2350.0,2355.0,900.0,2118.68,玉米1305,7238.0,2354.0,2355.0
2013-05-06,C1305,2379.0,2379.0,2214.0,2214.0,504.0,1198.69,玉米1305,6258.0,2378.0,2214.0
2013-05-07,C1305,2350.0,2388.0,2350.0,2360.0,3000.0,7145.9,玉米1305,5164.0,2381.0,2360.0
2013-05-08,C1305,0.0,0.0,0.0,2381.0,0.0,0.0,玉米1305,4318.0,2381.0,2381.0
2013-05-09,C1305,2310.0,2310.0,2310.0,2310.0,30.0,69.3,玉米1305,2778.0,2310.0,2310.0
2013-05-10,C1305,0.0,0.0,0.0,2310.0,0.0,0.0,玉米1305,2778.0,2310.0,2310.0
2013-05-13,C1305,0.0,0.0,0.0,2310.0,0.0,0.0,玉米1305,406.0,2310.0,2310.0
2013-05-14,C1305,0.0,0.0,0.0,2310.0,0.0,0.0,玉米1305,406.0,2310.0,2310.0
2013-05-15,C1305,0.0,0.0,0.0,2371.0,0.0,0.0,玉米1305,0.0,2371.0,2371.0
