date,symbol,open,high,low,close,volume,amount,name,openinterest,settleprice,price
2013-07-22,C1312,4.15,4.25,4.12,4.21,9378.0,,欧盟排放配额1312,570047.0,4.21,4.21
2013-07-23,C1312,4.2,4.32,4.2,4.26,10394.0,,欧盟排放配额1312,569266.0,4.26,4.26
2013-07-24,C1312,4.22,4.35,4.22,4.3,23270.0,,欧盟排放配额1312,581824.0,4.3,4.3
2013-07-25,C1312,4.3,4.39,4.26,4.3,9899.0,,欧盟排放配额1312,582373.0,4.3,4.3
2013-07-26,C1312,4.32,4.38,4.23,4.33,8885.0,,欧盟排放配额1312,581150.0,4.33,4.33
2013-07-29,C1312,4.39,4.45,4.26,4.33,10965.0,,欧盟排放配额1312,583776.0,4.33,4.33
2013-07-30,C1312,4.31,4.4,4.28,4.29,12006.0,,欧盟排放配额1312,584631.0,4.29,4.29
2013-07-31,C1312,4.31,4.35,4.12,4.34,14577.0,,欧盟排放配额1312,584091.0,4.34,4.34
2013-08-01,C1312,4.34,4.45,4.33,4.35,10457.0,,欧盟排放配额1312,584012.0,4.35,4.35
2013-08-02,C1312,4.34,4.43,4.22,4.4,7920.0,,欧盟排放配额1312,583318.0,4.4,4.4
2013-08-05,C1312,4.45,4.5,4.4,4.43,4804.0,,欧盟排放配额1312,583701.0,4.43,4.43
2013-08-06,C1312,4.42,4.53,4.4,4.52,6752.0,,欧盟排放配额1312,584204.0,4.52,4.52
2013-08-07,C1312,4.51,4.58,4.45,4.46,11029.0,,欧盟排放配额1312,588081.0,4.46,4.46
2013-08-08,C1312,4.5,4.55,4.4,4.53,7579.0,,欧盟排放配额1312,591322.0,4.53,4.53
2013-08-09,C1312,4.53,4.59,4.43,4.46,8955.0,,欧盟排放配额1312,591326.0,4.46,4.46
2013-08-12,C1312,4.42,4.54,4.3,4.33,11146.0,,欧盟排放配额1312,587719.0,4.33,4.33
2013-08-13,C1312,4.31,4.36,4.27,4.31,10511.0,,欧盟排放配额1312,583660.0,4.31,4.31
2013-08-14,C1312,4.34,4.4,4.28,4.37,4861.0,,欧盟排放配额1312,583929.0,4.37,4.37
2013-08-15,C1312,4.35,4.45,4.35,4.37,12103.0,,欧盟排放配额1312,578969.0,4.37,4.37
2013-08-16,C1312,4.4,4.4,4.34,4.37,5831.0,,欧盟排放配额1312,577960.0,4.37,4.37
2013-08-19,C1312,4.37,4.39,4.3,4.34,5284.0,,欧盟排放配额1312,576673.0,4.34,4.34
2013-08-20,C1312,4.34,4.37,4.28,4.36,7846.0,,欧盟排放配额1312,576800.0,4.36,4.36
2013-08-21,C1312,4.36,4.39,4.32,4.38,10670.0,,欧盟排放配额1312,578788.0,4.38,4.38
2013-08-22,C1312,4.36,4.54,4.35,4.53,12300.0,,欧盟排放配额1312,580094.0,4.53,4.53
2013-08-23,C1312,4.53,4.55,4.42,4.44,6152.0,,欧盟排放配额1312,580072.0,4.44,4.44
2013-08-26,C1312,4.5,4.5,4.41,4.43,2874.0,,欧盟排放配额1312,579682.0,4.43,4.43
2013-08-27,C1312,4.42,4.57,4.39,4.55,9145.0,,欧盟排放配额1312,578741.0,4.55,4.55
2013-08-28,C1312,4.57,4.72,4.57,4.61,11121.0,,欧盟排放配额1312,577800.0,4.61,4.61
2013-08-29,C1312,4.62,4.63,4.55,4.6,7491.0,,欧盟排放配额1312,576606.0,4.6,4.6
2013-08-30,C1312,4.59,4.6,4.55,4.57,5794.0,,欧盟排放配额1312,577086.0,4.57,4.57
2013-09-02,C1312,4.55,4.57,4.47,4.51,9812.0,,欧盟排放配额1312,575540.0,4.51,4.51
2013-09-03,C1312,4.48,4.48,4.38,4.42,13948.0,,欧盟排放配额1312,574488.0,4.42,4.42
2013-09-04,C1312,4.43,4.59,4.41,4.57,13535.0,,欧盟排放配额1312,574245.0,4.57,4.57
2013-09-05,C1312,4.59,5.02,4.52,4.98,22723.0,,欧盟排放配额1312,576117.0,4.98,4.98
2013-09-06,C1312,4.95,5.43,4.91,5.33,26948.0,,欧盟排放配额1312,570540.0,5.33,5.33
2013-09-09,C1312,5.35,5.56,5.2,5.33,20223.0,,欧盟排放配额1312,569492.0,5.33,5.33
2013-09-10,C1312,5.34,5.38,5.11,5.15,13529.0,,欧盟排放配额1312,569029.0,5.15,5.15
2013-09-11,C1312,5.11,5.31,4.96,5.28,16256.0,,欧盟排放配额1312,568952.0,5.28,5.28
2013-09-12,C1312,5.23,5.75,5.21,5.63,29440.0,,欧盟排放配额1312,564244.0,5.63,5.63
2013-09-13,C1312,5.69,5.83,5.4,5.41,22112.0,,欧盟排放配额1312,562634.0,5.41,5.41
2013-09-16,C1312,5.32,5.62,5.3,5.48,16535.0,,欧盟排放配额1312,563976.0,5.48,5.48
2013-09-17,C1312,5.49,5.73,5.37,5.68,18805.0,,欧盟排放配额1312,561948.0,5.68,5.68
2013-09-18,C1312,5.61,5.92,5.52,5.53,22404.0,,欧盟排放配额1312,561127.0,5.53,5.53
2013-09-19,C1312,5.52,5.58,5.32,5.36,16497.0,,欧盟排放配额1312,561617.0,5.36,5.36
2013-09-20,C1312,5.36,5.42,5.21,5.36,14833.0,,欧盟排放配额1312,561775.0,5.36,5.36
2013-09-23,C1312,5.35,5.55,5.25,5.43,17327.0,,欧盟排放配额1312,561312.0,5.43,5.43
2013-09-24,C1312,5.45,5.58,5.37,5.39,10845.0,,欧盟排放配额1312,562147.0,5.39,5.39
2013-09-25,C1312,5.41,5.42,5.29,5.4,16321.0,,欧盟排放配额1312,558698.0,5.4,5.4
2013-09-26,C1312,5.39,5.51,5.36,5.49,9995.0,,欧盟排放配额1312,559567.0,5.49,5.49
2013-09-27,C1312,5.48,5.54,5.31,5.39,22975.0,,欧盟排放配额1312,566075.0,5.39,5.39
2013-09-30,C1312,5.33,5.34,5.01,5.04,27423.0,,欧盟排放配额1312,556655.0,5.04,5.04
2013-10-01,C1312,5.05,5.2,4.95,5.15,13229.0,,欧盟排放配额1312,556060.0,5.15,5.15
2013-10-02,C1312,5.2,5.34,5.1,5.28,11727.0,,欧盟排放配额1312,553226.0,5.28,5.28
2013-10-03,C1312,5.25,5.29,5.19,5.2,7934.0,,欧盟排放配额1312,550172.0,5.2,5.2
2013-10-04,C1312,5.15,5.22,5.09,5.11,11250.0,,欧盟排放配额1312,548078.0,5.11,5.11
2013-10-07,C1312,5.14,5.23,4.96,4.97,22892.0,,欧盟排放配额1312,552603.0,4.97,4.97
2013-10-08,C1312,4.95,5.07,4.83,4.87,20851.0,,欧盟排放配额1312,554529.0,4.87,4.87
2013-10-09,C1312,4.75,4.83,4.7,4.8,16580.0,,欧盟排放配额1312,555198.0,4.8,4.8
2013-10-10,C1312,4.82,4.87,4.67,4.77,17275.0,,欧盟排放配额1312,555901.0,4.77,4.77
2013-10-11,C1312,4.76,4.76,4.57,4.62,12932.0,,欧盟排放配额1312,555734.0,4.62,4.62
2013-10-14,C1312,4.61,4.85,4.51,4.82,11652.0,,欧盟排放配额1312,555687.0,4.82,4.82
2013-10-15,C1312,4.85,5.14,4.8,4.96,22230.0,,欧盟排放配额1312,555530.0,4.96,4.96
2013-10-16,C1312,4.98,5.5,4.89,5.34,33815.0,,欧盟排放配额1312,547879.0,5.34,5.34
2013-10-17,C1312,5.28,5.42,5.17,5.18,15087.0,,欧盟排放配额1312,546568.0,5.18,5.18
2013-10-18,C1312,5.16,5.28,5.1,5.13,14714.0,,欧盟排放配额1312,548115.0,5.13,5.13
2013-10-21,C1312,5.17,5.17,4.57,4.59,28212.0,,欧盟排放配额1312,553584.0,4.59,4.59
2013-10-22,C1312,4.61,4.77,4.45,4.71,15269.0,,欧盟排放配额1312,552846.0,4.71,4.71
2013-10-23,C1312,4.74,4.74,4.59,4.62,10933.0,,欧盟排放配额1312,551756.0,4.62,4.62
2013-10-24,C1312,4.56,4.72,4.56,4.67,17354.0,,欧盟排放配额1312,546882.0,4.67,4.67
2013-10-25,C1312,4.64,5.07,4.61,5.01,33591.0,,欧盟排放配额1312,535911.0,5.01,5.01
2013-10-28,C1312,5.02,5.02,4.77,4.83,10128.0,,欧盟排放配额1312,536402.0,4.83,4.83
2013-10-29,C1312,4.84,5.12,4.75,5.09,20331.0,,欧盟排放配额1312,531979.0,5.09,5.09
2013-10-30,C1312,5.1,5.14,4.94,4.97,13357.0,,欧盟排放配额1312,531172.0,4.97,4.97
2013-10-31,C1312,4.97,4.98,4.76,4.81,13617.0,,欧盟排放配额1312,532331.0,4.81,4.81
2013-11-01,C1312,4.83,4.83,4.57,4.62,12104.0,,欧盟排放配额1312,531457.0,4.62,4.62
2013-11-04,C1312,4.61,4.82,4.54,4.56,22683.0,,欧盟排放配额1312,533094.0,4.56,4.56
2013-11-05,C1312,4.59,4.83,4.59,4.8,16141.0,,欧盟排放配额1312,532749.0,4.8,4.8
2013-11-06,C1312,4.89,4.89,4.73,4.78,12198.0,,欧盟排放配额1312,533805.0,4.78,4.78
2013-11-07,C1312,4.8,4.88,4.74,4.8,15478.0,,欧盟排放配额1312,532431.0,4.8,4.8
2013-11-08,C1312,4.78,5.04,4.42,4.49,23079.0,,欧盟排放配额1312,532730.0,4.49,4.49
2013-11-11,C1312,4.53,4.62,4.42,4.61,17322.0,,欧盟排放配额1312,531619.0,4.61,4.61
2013-11-12,C1312,4.63,4.68,4.54,4.65,15247.0,,欧盟排放配额1312,530570.0,4.65,4.65
2013-11-13,C1312,4.67,4.74,4.6,4.65,13831.0,,欧盟排放配额1312,528724.0,4.65,4.65
2013-11-14,C1312,4.6,4.67,4.55,4.59,14645.0,,欧盟排放配额1312,533305.0,4.59,4.59
2013-11-15,C1312,4.62,4.62,4.47,4.5,10258.0,,欧盟排放配额1312,532430.0,4.5,4.5
2013-11-18,C1312,4.49,4.51,4.31,4.35,20803.0,,欧盟排放配额1312,532264.0,4.35,4.35
2013-11-19,C1312,4.33,4.53,4.28,4.42,26652.0,,欧盟排放配额1312,526464.0,4.42,4.42
2013-11-20,C1312,4.45,4.5,4.35,4.5,11377.0,,欧盟排放配额1312,528243.0,4.49,4.5
2013-11-21,C1312,4.5,4.5,4.39,4.43,12329.0,,欧盟排放配额1312,533302.0,4.41,4.43
2013-11-22,C1312,4.43,4.57,4.38,4.43,32165.0,,欧盟排放配额1312,536683.0,4.43,4.43
2013-11-25,C1312,4.41,4.45,4.37,4.4,21583.0,,欧盟排放配额1312,540670.0,4.4,4.4
2013-11-26,C1312,4.4,4.5,4.4,4.46,21065.0,,欧盟排放配额1312,546708.0,4.49,4.46
2013-11-27,C1312,4.49,4.58,4.45,4.51,37481.0,,欧盟排放配额1312,540147.0,4.47,4.51
2013-11-28,C1312,4.45,4.51,4.38,4.43,36119.0,,欧盟排放配额1312,548564.0,4.43,4.43
2013-11-29,C1312,4.4,4.43,4.35,4.36,20303.0,,欧盟排放配额1312,558562.0,4.36,4.36
2013-12-02,C1312,4.35,4.71,4.34,4.48,26197.0,,欧盟排放配额1312,561934.0,4.5,4.48
2013-12-03,C1312,4.5,4.54,4.47,4.48,15317.0,,欧盟排放配额1312,561015.0,4.48,4.48
2013-12-04,C1312,4.48,4.48,4.43,4.47,10117.0,,欧盟排放配额1312,562461.0,4.48,4.47
2013-12-05,C1312,4.47,4.68,4.45,4.64,22333.0,,欧盟排放配额1312,562044.0,4.64,4.64
2013-12-06,C1312,4.66,4.81,4.63,4.79,16468.0,,欧盟排放配额1312,563240.0,4.79,4.79
2013-12-09,C1312,4.75,4.92,4.65,4.75,29962.0,,欧盟排放配额1312,549884.0,4.9,4.75
2013-12-10,C1312,4.89,5.03,4.73,4.95,28735.0,,欧盟排放配额1312,548892.0,5.02,4.95
2013-12-11,C1312,5.0,5.01,4.76,4.85,22322.0,,欧盟排放配额1312,534100.0,4.88,4.85
2013-12-12,C1312,4.88,4.95,4.7,4.77,18264.0,,欧盟排放配额1312,532102.0,4.9,4.77
2013-12-13,C1312,4.84,4.93,4.78,4.78,13044.0,,欧盟排放配额1312,532317.0,4.8,4.78
2013-12-16,C1312,4.79,4.79,4.63,4.66,17267.0,,欧盟排放配额1312,529590.0,4.67,4.66
