date,symbol,open,high,low,close,volume,amount,name,openinterest,settleprice,price
2013-01-18,C1401,2380.0,2389.0,2346.0,2388.0,2670.0,6312.03,玉米1401,1878.0,2364.0,2388.0
2013-01-21,C1401,2400.0,2400.0,2385.0,2387.0,1386.0,3311.85,玉米1401,2742.0,2389.0,2387.0
2013-01-22,C1401,2389.0,2396.0,2388.0,2393.0,396.0,947.71,玉米1401,2938.0,2393.0,2393.0
2013-01-23,C1401,2394.0,2397.0,2393.0,2397.0,640.0,1533.38,玉米1401,3216.0,2395.0,2397.0
2013-01-24,C1401,2396.0,2396.0,2381.0,2381.0,1508.0,3599.04,玉米1401,4332.0,2386.0,2381.0
2013-01-25,C1401,2388.0,2388.0,2379.0,2382.0,1636.0,3897.75,玉米1401,5770.0,2382.0,2382.0
2013-01-28,C1401,2380.0,2385.0,2380.0,2384.0,188.0,447.97,玉米1401,5776.0,2382.0,2384.0
2013-01-29,C1401,2381.0,2385.0,2381.0,2385.0,216.0,514.63,玉米1401,5792.0,2382.0,2385.0
2013-01-30,C1401,2383.0,2391.0,2383.0,2390.0,696.0,1661.17,玉米1401,5926.0,2386.0,2390.0
2013-01-31,C1401,2396.0,2396.0,2390.0,2394.0,1482.0,3545.5,玉米1401,6386.0,2392.0,2394.0
2013-02-01,C1401,2392.0,2398.0,2392.0,2396.0,258.0,617.68,玉米1401,6396.0,2394.0,2396.0
2013-02-04,C1401,2395.0,2403.0,2394.0,2399.0,644.0,1544.72,玉米1401,6486.0,2398.0,2399.0
2013-02-05,C1401,2401.0,2401.0,2395.0,2398.0,1124.0,2695.22,玉米1401,6622.0,2397.0,2398.0
2013-02-06,C1401,2396.0,2398.0,2388.0,2392.0,3620.0,8650.48,玉米1401,8198.0,2389.0,2392.0
2013-02-07,C1401,2393.0,2393.0,2379.0,2385.0,2546.0,6066.3,玉米1401,10024.0,2382.0,2385.0
2013-02-08,C1401,2382.0,2383.0,2374.0,2379.0,2366.0,5623.65,玉米1401,12012.0,2376.0,2379.0
2013-02-18,C1401,2375.0,2375.0,2368.0,2369.0,3220.0,7636.97,玉米1401,13726.0,2371.0,2369.0
2013-02-19,C1401,2371.0,2375.0,2367.0,2371.0,3882.0,9197.36,玉米1401,16208.0,2369.0,2371.0
2013-02-20,C1401,2371.0,2372.0,2367.0,2369.0,3560.0,8433.18,玉米1401,18982.0,2368.0,2369.0
2013-02-21,C1401,2371.0,2371.0,2354.0,2364.0,6336.0,14957.16,玉米1401,22768.0,2360.0,2364.0
2013-02-22,C1401,2363.0,2369.0,2361.0,2366.0,2290.0,5420.33,玉米1401,23628.0,2366.0,2366.0
2013-02-25,C1401,2364.0,2366.0,2360.0,2363.0,874.0,2064.7,玉米1401,23952.0,2362.0,2363.0
2013-02-26,C1401,2364.0,2365.0,2353.0,2354.0,1722.0,4061.77,玉米1401,24982.0,2358.0,2354.0
2013-02-27,C1401,2356.0,2359.0,2351.0,2352.0,1390.0,3271.74,玉米1401,25778.0,2353.0,2352.0
2013-02-28,C1401,2352.0,2360.0,2352.0,2359.0,1494.0,3522.17,玉米1401,26552.0,2357.0,2359.0
2013-03-01,C1401,2358.0,2367.0,2354.0,2361.0,4954.0,11697.25,玉米1401,26728.0,2361.0,2361.0
2013-03-04,C1401,2361.0,2361.0,2350.0,2353.0,4976.0,11717.51,玉米1401,27962.0,2354.0,2353.0
2013-03-05,C1401,2355.0,2359.0,2352.0,2353.0,2490.0,5862.59,玉米1401,29562.0,2354.0,2353.0
2013-03-06,C1401,2355.0,2356.0,2353.0,2354.0,756.0,1779.85,玉米1401,29782.0,2354.0,2354.0
2013-03-07,C1401,2353.0,2356.0,2348.0,2354.0,3248.0,7637.62,玉米1401,31854.0,2351.0,2354.0
2013-03-08,C1401,2354.0,2354.0,2347.0,2348.0,3286.0,7718.06,玉米1401,34194.0,2348.0,2348.0
2013-03-11,C1401,2348.0,2352.0,2343.0,2343.0,6524.0,15314.69,玉米1401,37254.0,2347.0,2343.0
2013-03-12,C1401,2342.0,2350.0,2340.0,2341.0,5966.0,13982.34,玉米1401,38882.0,2343.0,2341.0
2013-03-13,C1401,2342.0,2349.0,2340.0,2344.0,1880.0,4406.96,玉米1401,38866.0,2344.0,2344.0
2013-03-14,C1401,2343.0,2346.0,2339.0,2342.0,10372.0,24304.36,玉米1401,39194.0,2343.0,2342.0
2013-03-15,C1401,2342.0,2351.0,2342.0,2351.0,2588.0,6073.11,玉米1401,40040.0,2346.0,2351.0
2013-03-18,C1401,2348.0,2351.0,2344.0,2349.0,6356.0,14924.85,玉米1401,40486.0,2348.0,2349.0
2013-03-19,C1401,2351.0,2361.0,2349.0,2358.0,5598.0,13191.59,玉米1401,41860.0,2356.0,2358.0
2013-03-20,C1401,2361.0,2361.0,2355.0,2359.0,3950.0,9308.12,玉米1401,42404.0,2356.0,2359.0
2013-03-21,C1401,2359.0,2361.0,2357.0,2360.0,2696.0,6360.45,玉米1401,43468.0,2359.0,2360.0
2013-03-22,C1401,2361.0,2363.0,2359.0,2360.0,1364.0,3218.81,玉米1401,43392.0,2359.0,2360.0
2013-03-25,C1401,2359.0,2364.0,2357.0,2364.0,2638.0,6229.27,玉米1401,42802.0,2361.0,2364.0
2013-03-26,C1401,2365.0,2365.0,2357.0,2362.0,2262.0,5340.03,玉米1401,43568.0,2360.0,2362.0
2013-03-27,C1401,2362.0,2373.0,2362.0,2371.0,20614.0,48811.44,玉米1401,45622.0,2367.0,2371.0
2013-03-28,C1401,2373.0,2374.0,2369.0,2373.0,6226.0,14768.55,玉米1401,46974.0,2372.0,2373.0
2013-03-29,C1401,2353.0,2364.0,2326.0,2356.0,28546.0,67191.27,玉米1401,55792.0,2353.0,2356.0
2013-04-01,C1401,2355.0,2356.0,2331.0,2332.0,17936.0,42075.89,玉米1401,59044.0,2345.0,2332.0
2013-04-02,C1401,2333.0,2344.0,2333.0,2344.0,11454.0,26763.83,玉米1401,61678.0,2336.0,2344.0
2013-04-03,C1401,2341.0,2341.0,2330.0,2336.0,7966.0,18613.42,玉米1401,62774.0,2336.0,2336.0
2013-04-08,C1401,2333.0,2333.0,2321.0,2331.0,7488.0,17420.7,玉米1401,64930.0,2326.0,2331.0
2013-04-09,C1401,2332.0,2335.0,2317.0,2322.0,23340.0,54248.8,玉米1401,76398.0,2324.0,2322.0
2013-04-10,C1401,2325.0,2337.0,2325.0,2337.0,9912.0,23121.97,玉米1401,76162.0,2332.0,2337.0
2013-04-11,C1401,2338.0,2339.0,2334.0,2337.0,4092.0,9560.91,玉米1401,76112.0,2336.0,2337.0
2013-04-12,C1401,2338.0,2350.0,2337.0,2348.0,5742.0,13460.93,玉米1401,75540.0,2344.0,2348.0
2013-04-15,C1401,2345.0,2345.0,2328.0,2334.0,13450.0,31408.42,玉米1401,77378.0,2335.0,2334.0
2013-04-16,C1401,2321.0,2333.0,2318.0,2332.0,9322.0,21704.58,玉米1401,77078.0,2328.0,2332.0
2013-04-17,C1401,2333.0,2344.0,2333.0,2338.0,22302.0,52174.14,玉米1401,87006.0,2339.0,2338.0
2013-04-18,C1401,2336.0,2357.0,2335.0,2355.0,11868.0,27863.61,玉米1401,89646.0,2347.0,2355.0
2013-04-19,C1401,2353.0,2356.0,2348.0,2348.0,10940.0,25725.51,玉米1401,89240.0,2351.0,2348.0
2013-04-22,C1401,2347.0,2348.0,2335.0,2337.0,32168.0,75286.7,玉米1401,93688.0,2340.0,2337.0
2013-04-23,C1401,2338.0,2339.0,2332.0,2335.0,13434.0,31355.09,玉米1401,91774.0,2334.0,2335.0
2013-04-24,C1401,2331.0,2333.0,2312.0,2317.0,47530.0,110256.49,玉米1401,96854.0,2319.0,2317.0
2013-04-25,C1401,2321.0,2330.0,2312.0,2325.0,22194.0,51537.86,玉米1401,98262.0,2322.0,2325.0
2013-04-26,C1401,2328.0,2335.0,2322.0,2327.0,16442.0,38269.76,玉米1401,99644.0,2327.0,2327.0
2013-05-02,C1401,2334.0,2340.0,2331.0,2337.0,37594.0,87855.89,玉米1401,96038.0,2336.0,2337.0
2013-05-03,C1401,2339.0,2344.0,2332.0,2335.0,18486.0,43215.93,玉米1401,99766.0,2337.0,2335.0
2013-05-06,C1401,2330.0,2342.0,2328.0,2339.0,32300.0,75439.71,玉米1401,110120.0,2335.0,2339.0
2013-05-07,C1401,2335.0,2343.0,2334.0,2340.0,27632.0,64639.51,玉米1401,111256.0,2339.0,2340.0
2013-05-08,C1401,2339.0,2344.0,2337.0,2342.0,15268.0,35739.08,玉米1401,112292.0,2340.0,2342.0
2013-05-09,C1401,2360.0,2363.0,2345.0,2361.0,86738.0,204526.66,玉米1401,146172.0,2357.0,2361.0
2013-05-10,C1401,2360.0,2375.0,2360.0,2366.0,75946.0,179912.36,玉米1401,165982.0,2368.0,2366.0
2013-05-13,C1401,2368.0,2370.0,2359.0,2362.0,48942.0,115601.44,玉米1401,172778.0,2362.0,2362.0
2013-05-14,C1401,2368.0,2369.0,2360.0,2363.0,9844.0,23271.91,玉米1401,172200.0,2364.0,2363.0
2013-05-15,C1401,2361.0,2368.0,2361.0,2366.0,23824.0,56355.74,玉米1401,183320.0,2365.0,2366.0
2013-05-16,C1401,2364.0,2375.0,2362.0,2373.0,62172.0,147336.85,玉米1401,198174.0,2369.0,2373.0
2013-05-17,C1401,2374.0,2375.0,2366.0,2367.0,39988.0,94765.41,玉米1401,211704.0,2369.0,2367.0
2013-05-20,C1401,2365.0,2370.0,2354.0,2357.0,39346.0,92937.47,玉米1401,223334.0,2362.0,2357.0
2013-05-21,C1401,2361.0,2361.0,2350.0,2354.0,25456.0,59930.51,玉米1401,222320.0,2354.0,2354.0
2013-05-22,C1401,2354.0,2358.0,2348.0,2357.0,42072.0,99006.54,玉米1401,232680.0,2353.0,2357.0
2013-05-23,C1401,2360.0,2366.0,2350.0,2350.0,22246.0,52427.75,玉米1401,234626.0,2356.0,2350.0
2013-05-24,C1401,2351.0,2359.0,2350.0,2354.0,20300.0,47819.79,玉米1401,234548.0,2355.0,2354.0
2013-05-27,C1401,2354.0,2358.0,2352.0,2356.0,19802.0,46631.24,玉米1401,233640.0,2354.0,2356.0
2013-05-28,C1401,2357.0,2364.0,2357.0,2361.0,17050.0,40261.01,玉米1401,234606.0,2361.0,2361.0
2013-05-29,C1401,2363.0,2368.0,2360.0,2361.0,25282.0,59789.17,玉米1401,240026.0,2364.0,2361.0
2013-05-30,C1401,2363.0,2377.0,2362.0,2372.0,53058.0,125781.63,玉米1401,252470.0,2370.0,2372.0
2013-05-31,C1401,2370.0,2378.0,2369.0,2372.0,27548.0,65379.4,玉米1401,258924.0,2373.0,2372.0
2013-06-03,C1401,2375.0,2382.0,2372.0,2374.0,62574.0,148749.79,玉米1401,269032.0,2377.0,2374.0
2013-06-04,C1401,2370.0,2375.0,2366.0,2370.0,35486.0,84109.47,玉米1401,269216.0,2370.0,2370.0
2013-06-05,C1401,2369.0,2372.0,2365.0,2365.0,30780.0,72888.89,玉米1401,280134.0,2368.0,2365.0
2013-06-06,C1401,2365.0,2374.0,2358.0,2358.0,44654.0,105482.88,玉米1401,277434.0,2362.0,2358.0
2013-06-07,C1401,2360.0,2365.0,2355.0,2365.0,19132.0,45139.35,玉米1401,276464.0,2359.0,2365.0
2013-06-13,C1401,2361.0,2365.0,2355.0,2356.0,23936.0,56490.58,玉米1401,281774.0,2360.0,2356.0
2013-06-14,C1401,2356.0,2359.0,2353.0,2355.0,23420.0,55178.73,玉米1401,281618.0,2356.0,2355.0
2013-06-17,C1401,2352.0,2355.0,2342.0,2350.0,39732.0,93333.73,玉米1401,291160.0,2349.0,2350.0
2013-06-18,C1401,2354.0,2358.0,2350.0,2350.0,24342.0,57290.53,玉米1401,291090.0,2353.0,2350.0
2013-06-19,C1401,2356.0,2356.0,2349.0,2349.0,13720.0,32253.64,玉米1401,291764.0,2350.0,2349.0
2013-06-20,C1401,2351.0,2363.0,2348.0,2350.0,51220.0,120610.43,玉米1401,288008.0,2354.0,2350.0
2013-06-21,C1401,2344.0,2354.0,2338.0,2347.0,49754.0,116797.44,玉米1401,306106.0,2347.0,2347.0
2013-06-24,C1401,2340.0,2346.0,2338.0,2340.0,37540.0,87935.52,玉米1401,314682.0,2342.0,2340.0
2013-06-25,C1401,2340.0,2352.0,2340.0,2350.0,25800.0,60535.67,玉米1401,309118.0,2346.0,2350.0
2013-06-26,C1401,2350.0,2351.0,2343.0,2346.0,25610.0,60096.31,玉米1401,306926.0,2346.0,2346.0
2013-06-27,C1401,2346.0,2346.0,2331.0,2340.0,52444.0,122612.74,玉米1401,320986.0,2337.0,2340.0
2013-06-28,C1401,2338.0,2343.0,2334.0,2338.0,22520.0,52680.38,玉米1401,321412.0,2339.0,2338.0
2013-07-01,C1401,2317.0,2329.0,2315.0,2327.0,77174.0,179245.17,玉米1401,338238.0,2322.0,2327.0
2013-07-02,C1401,2325.0,2338.0,2325.0,2338.0,42974.0,100255.26,玉米1401,340778.0,2332.0,2338.0
2013-07-03,C1401,2348.0,2348.0,2334.0,2344.0,49826.0,116602.65,玉米1401,340428.0,2340.0,2344.0
2013-07-04,C1401,2355.0,2375.0,2350.0,2369.0,198678.0,469737.04,玉米1401,361396.0,2364.0,2369.0
2013-07-05,C1401,2380.0,2398.0,2375.0,2381.0,342024.0,816642.96,玉米1401,421822.0,2387.0,2381.0
2013-07-08,C1401,2382.0,2385.0,2371.0,2374.0,86316.0,205070.92,玉米1401,424770.0,2375.0,2374.0
2013-07-09,C1401,2379.0,2382.0,2373.0,2376.0,69324.0,164812.02,玉米1401,427892.0,2377.0,2376.0
2013-07-10,C1401,2381.0,2385.0,2375.0,2380.0,40100.0,95411.06,玉米1401,428838.0,2379.0,2380.0
2013-07-11,C1401,2381.0,2388.0,2375.0,2379.0,91100.0,217069.26,玉米1401,414946.0,2382.0,2379.0
2013-07-12,C1401,2378.0,2382.0,2375.0,2375.0,40248.0,95670.97,玉米1401,417198.0,2377.0,2375.0
2013-07-15,C1401,2372.0,2372.0,2360.0,2369.0,74266.0,175857.64,玉米1401,387836.0,2367.0,2369.0
2013-07-16,C1401,2370.0,2374.0,2367.0,2370.0,22706.0,53793.1,玉米1401,391518.0,2369.0,2370.0
2013-07-17,C1401,2371.0,2373.0,2366.0,2368.0,39818.0,94335.35,玉米1401,392818.0,2369.0,2368.0
2013-07-18,C1401,2365.0,2367.0,2361.0,2366.0,26096.0,61701.34,玉米1401,391332.0,2364.0,2366.0
2013-07-19,C1401,2368.0,2372.0,2362.0,2363.0,29028.0,68757.84,玉米1401,385022.0,2368.0,2363.0
2013-07-22,C1401,2368.0,2368.0,2351.0,2353.0,89348.0,210537.02,玉米1401,377556.0,2356.0,2353.0
2013-07-23,C1401,2353.0,2359.0,2351.0,2355.0,45718.0,107696.37,玉米1401,372930.0,2355.0,2355.0
2013-07-24,C1401,2351.0,2353.0,2343.0,2343.0,58378.0,137063.08,玉米1401,380836.0,2347.0,2343.0
2013-07-25,C1401,2340.0,2348.0,2338.0,2347.0,30808.0,72225.51,玉米1401,381862.0,2344.0,2347.0
2013-07-26,C1401,2344.0,2348.0,2334.0,2340.0,99946.0,233834.0,玉米1401,388588.0,2339.0,2340.0
2013-07-29,C1401,2337.0,2341.0,2304.0,2324.0,146890.0,341232.96,玉米1401,409382.0,2323.0,2324.0
2013-07-30,C1401,2322.0,2331.0,2320.0,2330.0,44422.0,103387.59,玉米1401,404374.0,2327.0,2330.0
2013-07-31,C1401,2326.0,2340.0,2324.0,2338.0,66904.0,156182.06,玉米1401,396232.0,2334.0,2338.0
2013-08-01,C1401,2338.0,2340.0,2327.0,2331.0,68706.0,160289.43,玉米1401,403946.0,2332.0,2331.0
2013-08-02,C1401,2326.0,2327.0,2307.0,2327.0,205336.0,475876.87,玉米1401,424480.0,2317.0,2327.0
2013-08-05,C1401,2325.0,2337.0,2321.0,2330.0,76318.0,177732.35,玉米1401,416226.0,2328.0,2330.0
2013-08-06,C1401,2325.0,2331.0,2320.0,2325.0,60824.0,141487.02,玉米1401,420252.0,2326.0,2325.0
2013-08-07,C1401,2325.0,2327.0,2313.0,2314.0,92478.0,214414.41,玉米1401,441998.0,2318.0,2314.0
2013-08-08,C1401,2314.0,2326.0,2294.0,2313.0,123588.0,286182.93,玉米1401,434720.0,2315.0,2313.0
2013-08-09,C1401,2317.0,2327.0,2315.0,2319.0,92634.0,214995.51,玉米1401,420862.0,2320.0,2319.0
2013-08-12,C1401,2316.0,2320.0,2311.0,2313.0,81124.0,187797.93,玉米1401,410444.0,2314.0,2313.0
2013-08-13,C1401,2325.0,2326.0,2315.0,2316.0,86618.0,201067.55,玉米1401,400554.0,2321.0,2316.0
2013-08-14,C1401,2306.0,2316.0,2304.0,2307.0,91828.0,212235.87,玉米1401,407500.0,2311.0,2307.0
2013-08-15,C1401,2313.0,2320.0,2309.0,2319.0,53568.0,124047.88,玉米1401,404504.0,2315.0,2319.0
2013-08-16,C1401,2322.0,2332.0,2318.0,2319.0,79566.0,184944.75,玉米1401,394564.0,2324.0,2319.0
2013-08-19,C1401,2326.0,2329.0,2321.0,2324.0,55596.0,129228.69,玉米1401,394286.0,2324.0,2324.0
2013-08-20,C1401,2330.0,2331.0,2315.0,2320.0,53372.0,123899.43,玉米1401,389252.0,2321.0,2320.0
2013-08-21,C1401,2316.0,2325.0,2316.0,2324.0,35098.0,81475.76,玉米1401,384664.0,2321.0,2324.0
2013-08-22,C1401,2322.0,2330.0,2322.0,2328.0,49900.0,116086.65,玉米1401,372898.0,2326.0,2328.0
2013-08-23,C1401,2327.0,2331.0,2322.0,2328.0,60728.0,141304.95,玉米1401,366904.0,2326.0,2328.0
2013-08-26,C1401,2335.0,2347.0,2334.0,2343.0,157832.0,369393.23,玉米1401,347924.0,2340.0,2343.0
2013-08-27,C1401,2347.0,2349.0,2335.0,2337.0,56498.0,132215.42,玉米1401,339724.0,2340.0,2337.0
2013-08-28,C1401,2336.0,2339.0,2327.0,2327.0,53902.0,125809.85,玉米1401,328674.0,2334.0,2327.0
2013-08-29,C1401,2326.0,2328.0,2320.0,2322.0,56568.0,131397.31,玉米1401,322256.0,2322.0,2322.0
2013-08-30,C1401,2322.0,2324.0,2316.0,2320.0,37068.0,85997.71,玉米1401,323178.0,2319.0,2320.0
2013-09-02,C1401,2321.0,2331.0,2319.0,2329.0,60530.0,140834.48,玉米1401,329922.0,2326.0,2329.0
2013-09-03,C1401,2329.0,2334.0,2324.0,2333.0,63562.0,148052.02,玉米1401,328488.0,2329.0,2333.0
2013-09-04,C1401,2326.0,2328.0,2323.0,2324.0,34864.0,81070.39,玉米1401,329896.0,2325.0,2324.0
2013-09-05,C1401,2323.0,2324.0,2320.0,2322.0,33960.0,78849.08,玉米1401,330516.0,2321.0,2322.0
2013-09-06,C1401,2323.0,2325.0,2319.0,2323.0,24348.0,56544.95,玉米1401,328462.0,2322.0,2323.0
2013-09-09,C1401,2320.0,2327.0,2320.0,2322.0,30048.0,69811.14,玉米1401,328178.0,2323.0,2322.0
2013-09-10,C1401,2322.0,2325.0,2305.0,2314.0,76824.0,177993.85,玉米1401,328796.0,2316.0,2314.0
2013-09-11,C1401,2316.0,2324.0,2311.0,2323.0,35780.0,83028.34,玉米1401,325314.0,2320.0,2323.0
2013-09-12,C1401,2325.0,2326.0,2320.0,2322.0,18766.0,43599.42,玉米1401,324912.0,2323.0,2322.0
2013-09-13,C1401,2323.0,2326.0,2317.0,2326.0,53082.0,123350.76,玉米1401,339262.0,2323.0,2326.0
2013-09-16,C1401,2325.0,2342.0,2320.0,2325.0,165158.0,384805.41,玉米1401,334910.0,2329.0,2325.0
2013-09-17,C1401,2324.0,2336.0,2324.0,2333.0,31998.0,74576.2,玉米1401,331266.0,2330.0,2333.0
2013-09-18,C1401,2332.0,2343.0,2329.0,2335.0,82324.0,192294.72,玉米1401,333928.0,2335.0,2335.0
2013-09-23,C1401,2332.0,2340.0,2331.0,2338.0,30422.0,71102.93,玉米1401,331254.0,2337.0,2338.0
2013-09-24,C1401,2339.0,2341.0,2332.0,2333.0,28998.0,67741.01,玉米1401,320568.0,2336.0,2333.0
2013-09-25,C1401,2332.0,2332.0,2327.0,2327.0,23588.0,54936.88,玉米1401,316100.0,2329.0,2327.0
2013-09-26,C1401,2331.0,2331.0,2327.0,2328.0,22776.0,53057.51,玉米1401,311974.0,2329.0,2328.0
2013-09-27,C1401,2328.0,2329.0,2321.0,2322.0,50058.0,116325.74,玉米1401,297108.0,2323.0,2322.0
2013-09-30,C1401,2320.0,2320.0,2312.0,2318.0,51298.0,118804.19,玉米1401,296292.0,2315.0,2318.0
2013-10-08,C1401,2318.0,2325.0,2316.0,2323.0,23412.0,54364.94,玉米1401,295200.0,2322.0,2323.0
2013-10-09,C1401,2324.0,2330.0,2321.0,2329.0,22294.0,51840.48,玉米1401,297058.0,2325.0,2329.0
2013-10-10,C1401,2328.0,2337.0,2328.0,2334.0,28486.0,66483.31,玉米1401,287318.0,2333.0,2334.0
2013-10-11,C1401,2335.0,2340.0,2333.0,2336.0,25168.0,58811.67,玉米1401,282734.0,2336.0,2336.0
2013-10-14,C1401,2340.0,2348.0,2339.0,2346.0,45526.0,106733.34,玉米1401,271414.0,2344.0,2346.0
2013-10-15,C1401,2347.0,2354.0,2334.0,2334.0,25684.0,60143.85,玉米1401,263720.0,2341.0,2334.0
2013-10-16,C1401,2334.0,2339.0,2331.0,2334.0,19896.0,46472.97,玉米1401,252036.0,2335.0,2334.0
2013-10-17,C1401,2335.0,2343.0,2329.0,2343.0,37960.0,88767.5,玉米1401,232308.0,2338.0,2343.0
2013-10-18,C1401,2340.0,2341.0,2339.0,2339.0,25776.0,60321.93,玉米1401,216052.0,2340.0,2339.0
2013-10-21,C1401,2339.0,2344.0,2338.0,2340.0,19060.0,44612.93,玉米1401,205234.0,2340.0,2340.0
2013-10-22,C1401,2341.0,2341.0,2334.0,2336.0,17856.0,41704.3,玉米1401,201740.0,2335.0,2336.0
2013-10-23,C1401,2336.0,2339.0,2335.0,2338.0,10302.0,24075.51,玉米1401,195792.0,2336.0,2338.0
2013-10-24,C1401,2338.0,2338.0,2333.0,2335.0,19872.0,46415.76,玉米1401,186348.0,2335.0,2335.0
2013-10-25,C1401,2338.0,2338.0,2332.0,2334.0,20398.0,47622.77,玉米1401,174478.0,2334.0,2334.0
2013-10-28,C1401,2334.0,2335.0,2317.0,2318.0,42148.0,97989.85,玉米1401,168850.0,2324.0,2318.0
2013-10-29,C1401,,,,5.11,0.0,,欧盟排放配额1401,0.0,5.11,5.11
2013-10-29,C1401,2317.0,2319.0,2310.0,2311.0,25760.0,59603.22,玉米1401,162128.0,2313.0,2311.0
2013-10-30,C1401,,,,4.99,0.0,,欧盟排放配额1401,0.0,4.99,4.99
2013-10-30,C1401,2311.0,2319.0,2311.0,2318.0,16780.0,38868.95,玉米1401,154640.0,2316.0,2318.0
2013-10-31,C1401,2316.0,2320.0,2311.0,2314.0,11862.0,27481.98,玉米1401,147158.0,2316.0,2314.0
2013-10-31,C1401,,,,4.83,0.0,,欧盟排放配额1401,0.0,4.83,4.83
2013-11-01,C1401,,,,4.63,0.0,,欧盟排放配额1401,0.0,4.63,4.63
2013-11-01,C1401,2317.0,2317.0,2312.0,2314.0,6674.0,15443.78,玉米1401,144986.0,2314.0,2314.0
2013-11-04,C1401,,,,4.57,0.0,,欧盟排放配额1401,0.0,4.57,4.57
2013-11-04,C1401,2310.0,2315.0,2309.0,2313.0,10994.0,25422.33,玉米1401,140168.0,2312.0,2313.0
2013-11-05,C1401,2314.0,2324.0,2314.0,2322.0,22850.0,52986.28,玉米1401,123440.0,2318.0,2322.0
2013-11-05,C1401,,,,4.81,0.0,,欧盟排放配额1401,0.0,4.81,4.81
2013-11-06,C1401,,,,4.79,0.0,,欧盟排放配额1401,0.0,4.79,4.79
2013-11-06,C1401,2325.0,2327.0,2320.0,2323.0,14286.0,33211.68,玉米1401,113626.0,2324.0,2323.0
2013-11-07,C1401,,,,4.82,0.0,,欧盟排放配额1401,0.0,4.82,4.82
2013-11-07,C1401,2322.0,2322.0,2314.0,2318.0,13148.0,30482.12,玉米1401,104658.0,2318.0,2318.0
2013-11-08,C1401,2320.0,2320.0,2311.0,2315.0,15290.0,35400.96,玉米1401,98204.0,2315.0,2315.0
2013-11-08,C1401,,,,4.5,0.0,,欧盟排放配额1401,0.0,4.5,4.5
2013-11-11,C1401,,,,4.62,0.0,,欧盟排放配额1401,0.0,4.62,4.62
2013-11-11,C1401,2314.0,2323.0,2304.0,2313.0,8430.0,19495.91,玉米1401,93524.0,2312.0,2313.0
2013-11-12,C1401,,,,4.66,0.0,,欧盟排放配额1401,0.0,4.66,4.66
2013-11-12,C1401,2315.0,2316.0,2308.0,2310.0,12566.0,29026.94,玉米1401,85804.0,2309.0,2310.0
2013-11-13,C1401,2311.0,2314.0,2309.0,2312.0,10194.0,23567.27,玉米1401,77018.0,2311.0,2312.0
2013-11-13,C1401,,,,4.66,0.0,,欧盟排放配额1401,0.0,4.66,4.66
2013-11-14,C1401,,,,4.59,0.0,,欧盟排放配额1401,0.0,4.59,4.59
2013-11-14,C1401,2315.0,2316.0,2310.0,2315.0,8916.0,20623.14,玉米1401,72866.0,2313.0,2315.0
2013-11-15,C1401,,,,4.51,0.0,,欧盟排放配额1401,0.0,4.51,4.51
2013-11-15,C1401,2314.0,2316.0,2313.0,2315.0,2012.0,4657.6,玉米1401,71942.0,2314.0,2315.0
2013-11-18,C1401,2314.0,2314.0,2304.0,2306.0,11500.0,26542.98,玉米1401,66438.0,2308.0,2306.0
2013-11-18,C1401,,,,4.36,0.0,,欧盟排放配额1401,0.0,4.36,4.36
2013-11-19,C1401,,,,4.43,0.0,,欧盟排放配额1401,0.0,4.43,4.43
2013-11-19,C1401,2305.0,2305.0,2295.0,2300.0,10192.0,23436.75,玉米1401,63490.0,2299.0,2300.0
2013-11-20,C1401,,,,4.5,0.0,,欧盟排放配额1401,0.0,4.5,4.5
2013-11-20,C1401,2306.0,2306.0,2300.0,2306.0,6818.0,15702.23,玉米1401,57666.0,2303.0,2306.0
2013-11-21,C1401,2307.0,2310.0,2304.0,2310.0,6904.0,15939.74,玉米1401,54412.0,2308.0,2310.0
2013-11-21,C1401,,,,4.42,0.0,,欧盟排放配额1401,0.0,4.42,4.42
2013-11-22,C1401,,,,4.44,0.0,,欧盟排放配额1401,0.0,4.44,4.44
2013-11-22,C1401,2311.0,2316.0,2311.0,2315.0,6892.0,15950.87,玉米1401,48972.0,2314.0,2315.0
2013-11-25,C1401,,,,4.41,0.0,,欧盟排放配额1401,0.0,4.41,4.41
2013-11-25,C1401,2316.0,2319.0,2316.0,2318.0,7458.0,17284.42,玉米1401,42572.0,2317.0,2318.0
2013-11-26,C1401,2319.0,2319.0,2313.0,2313.0,3740.0,8657.25,玉米1401,41040.0,2314.0,2313.0
2013-11-26,C1401,,,,4.5,0.0,,欧盟排放配额1401,0.0,4.5,4.5
2013-11-27,C1401,,,,4.48,0.0,,欧盟排放配额1401,0.0,4.48,4.48
2013-11-27,C1401,2314.0,2329.0,2314.0,2329.0,7834.0,18200.75,玉米1401,37062.0,2323.0,2329.0
2013-11-28,C1401,,,,4.44,0.0,,欧盟排放配额1401,0.0,4.44,4.44
2013-11-28,C1401,2324.0,2329.0,2323.0,2324.0,4332.0,10073.96,玉米1401,35854.0,2325.0,2324.0
2013-11-29,C1401,2324.0,2324.0,2318.0,2319.0,3096.0,7184.06,玉米1401,34844.0,2320.0,2319.0
2013-11-29,C1401,,,,4.37,0.0,,欧盟排放配额1401,0.0,4.37,4.37
2013-12-02,C1401,,,,4.51,0.0,,欧盟排放配额1401,0.0,4.51,4.51
2013-12-02,C1401,2318.0,2321.0,2315.0,2315.0,5198.0,12048.77,玉米1401,32036.0,2317.0,2315.0
2013-12-03,C1401,,,,4.49,0.0,,欧盟排放配额1401,0.0,4.49,4.49
2013-12-03,C1401,2316.0,2318.0,2310.0,2311.0,3502.0,8102.65,玉米1401,29756.0,2313.0,2311.0
2013-12-04,C1401,2311.0,2313.0,2304.0,2309.0,4158.0,9591.74,玉米1401,27094.0,2306.0,2309.0
2013-12-04,C1401,,,,4.49,0.0,,欧盟排放配额1401,0.0,4.49,4.49
2013-12-05,C1401,,,,4.65,0.0,,欧盟排放配额1401,0.0,4.65,4.65
2013-12-05,C1401,2310.0,2310.0,2301.0,2306.0,3556.0,8193.5,玉米1401,24308.0,2304.0,2306.0
2013-12-06,C1401,,,,4.8,0.0,,欧盟排放配额1401,0.0,4.8,4.8
2013-12-06,C1401,2304.0,2310.0,2302.0,2309.0,1764.0,4070.26,玉米1401,22946.0,2307.0,2309.0
2013-12-09,C1401,2311.0,2312.0,2306.0,2310.0,2138.0,4936.39,玉米1401,21024.0,2308.0,2310.0
2013-12-09,C1401,,,,4.91,0.0,,欧盟排放配额1401,0.0,4.91,4.91
2013-12-10,C1401,,,,5.03,0.0,,欧盟排放配额1401,0.0,5.03,5.03
2013-12-10,C1401,2310.0,2310.0,2302.0,2304.0,2700.0,6222.19,玉米1401,19990.0,2304.0,2304.0
2013-12-11,C1401,,,,4.89,0.0,,欧盟排放配额1401,0.0,4.89,4.89
2013-12-11,C1401,2304.0,2310.0,2300.0,2302.0,4310.0,9926.28,玉米1401,16690.0,2303.0,2302.0
2013-12-12,C1401,2302.0,2305.0,2289.0,2290.0,4962.0,11394.4,玉米1401,14132.0,2296.0,2290.0
2013-12-12,C1401,,,,4.91,0.0,,欧盟排放配额1401,0.0,4.91,4.91
2013-12-13,C1401,,,,4.8,0.0,,欧盟排放配额1401,0.0,4.8,4.8
2013-12-13,C1401,2284.0,2289.0,2243.0,2243.0,4410.0,9993.94,玉米1401,12014.0,2266.0,2243.0
2013-12-16,C1401,4.76,4.76,4.76,4.76,100.0,,欧盟排放配额1401,100.0,4.67,4.76
2013-12-16,C1401,2240.0,2248.0,2215.0,2224.0,3030.0,6742.41,玉米1401,10700.0,2225.0,2224.0
2013-12-17,C1401,2225.0,2256.0,2225.0,2237.0,1884.0,4233.86,玉米1401,10130.0,2247.0,2237.0
2013-12-17,C1401,,,,4.89,300.0,,欧盟排放配额1401,400.0,4.89,4.89
2013-12-18,C1401,4.9,4.9,4.9,4.9,10.0,,欧盟排放配额1401,410.0,4.87,4.9
2013-12-18,C1401,2238.0,2238.0,2213.0,2221.0,1266.0,2812.03,玉米1401,9596.0,2221.0,2221.0
2013-12-19,C1401,4.97,4.97,4.94,4.94,57.0,,欧盟排放配额1401,410.0,4.93,4.94
2013-12-19,C1401,2220.0,2220.0,2201.0,2201.0,1730.0,3811.3,玉米1401,9272.0,2203.0,2201.0
2013-12-20,C1401,2195.0,2202.0,2181.0,2191.0,482.0,1057.26,玉米1401,9164.0,2193.0,2191.0
2013-12-20,C1401,4.89,4.89,4.76,4.76,18.0,,欧盟排放配额1401,410.0,4.75,4.76
2013-12-23,C1401,4.78,4.79,4.78,4.79,20.0,,欧盟排放配额1401,410.0,4.78,4.79
2013-12-23,C1401,2185.0,2185.0,2161.0,2162.0,760.0,1648.23,玉米1401,9106.0,2168.0,2162.0
2013-12-24,C1401,,,,4.91,0.0,,欧盟排放配额1401,410.0,4.91,4.91
2013-12-24,C1401,2167.0,2167.0,2141.0,2142.0,726.0,1564.72,玉米1401,8984.0,2155.0,2142.0
2013-12-25,C1401,2142.0,2167.0,2110.0,2145.0,1172.0,2498.26,玉米1401,8872.0,2131.0,2145.0
2013-12-26,C1401,2150.0,2172.0,2132.0,2167.0,536.0,1153.56,玉米1401,8726.0,2152.0,2167.0
2013-12-26,C1401,,,,4.91,0.0,,欧盟排放配额1401,410.0,4.91,4.91
2013-12-27,C1401,4.94,4.95,4.94,4.94,45.0,,欧盟排放配额1401,427.0,4.92,4.94
2013-12-27,C1401,2156.0,2170.0,2140.0,2155.0,226.0,486.75,玉米1401,8636.0,2153.0,2155.0
2013-12-30,C1401,2149.0,2149.0,2100.0,2118.0,1336.0,2836.01,玉米1401,8410.0,2122.0,2118.0
2013-12-30,C1401,,,,4.91,0.0,,欧盟排放配额1401,427.0,4.91,4.91
2013-12-31,C1401,2119.0,2135.0,2103.0,2114.0,1292.0,2728.05,玉米1401,8340.0,2111.0,2114.0
2013-12-31,C1401,4.83,4.99,4.81,4.99,177.0,,欧盟排放配额1401,577.0,4.83,4.99
2014-01-02,C1401,4.83,4.83,4.75,4.75,11.0,,欧盟排放配额1401,577.0,4.71,4.75
2014-01-02,C1401,2110.0,2110.0,2110.0,2110.0,52.0,109.72,玉米1401,0.0,2110.0,2110.0
2014-01-03,C1401,0.0,0.0,0.0,2110.0,0.0,0.0,玉米1401,0.0,2110.0,2110.0
2014-01-03,C1401,,,,4.69,0.0,,欧盟排放配额1401,577.0,4.69,4.69
2014-01-06,C1401,0.0,0.0,0.0,2110.0,0.0,0.0,玉米1401,0.0,2110.0,2110.0
2014-01-06,C1401,4.7,4.7,4.7,4.7,46.0,,欧盟排放配额1401,623.0,4.61,4.7
2014-01-07,C1401,4.65,4.7,4.65,4.7,20.0,,欧盟排放配额1401,633.0,4.66,4.7
2014-01-07,C1401,0.0,0.0,0.0,2110.0,0.0,0.0,玉米1401,0.0,2110.0,2110.0
2014-01-08,C1401,0.0,0.0,0.0,2110.0,0.0,0.0,玉米1401,0.0,2110.0,2110.0
2014-01-08,C1401,4.73,4.73,4.61,4.61,1201.0,,欧盟排放配额1401,1771.0,4.57,4.61
2014-01-09,C1401,0.0,0.0,0.0,2110.0,0.0,0.0,玉米1401,0.0,2110.0,2110.0
2014-01-09,C1401,4.5,4.5,4.5,4.5,20.0,,欧盟排放配额1401,1651.0,4.5,4.5
2014-01-10,C1401,4.52,4.52,4.52,4.52,1.0,,欧盟排放配额1401,1651.0,4.52,4.52
2014-01-10,C1401,0.0,0.0,0.0,2110.0,0.0,0.0,玉米1401,0.0,2110.0,2110.0
2014-01-13,C1401,0.0,0.0,0.0,2110.0,0.0,0.0,玉米1401,0.0,2110.0,2110.0
2014-01-13,C1401,4.55,4.55,4.55,4.55,5.0,,欧盟排放配额1401,1656.0,4.62,4.55
2014-01-14,C1401,0.0,0.0,0.0,2110.0,0.0,0.0,玉米1401,0.0,2110.0,2110.0
2014-01-14,C1401,4.79,4.84,4.79,4.8,53.0,,欧盟排放配额1401,1656.0,4.81,4.8
2014-01-15,C1401,4.9,4.9,4.8,4.8,25.0,,欧盟排放配额1401,1656.0,4.8,4.8
2014-01-15,C1401,0.0,0.0,0.0,2110.0,0.0,0.0,玉米1401,0.0,2110.0,2110.0
2014-01-16,C1401,4.94,5.1,4.94,4.95,3015.0,,欧盟排放配额1401,4656.0,5.05,4.95
2014-01-17,C1401,5.05,5.11,5.01,5.01,7031.0,,欧盟排放配额1401,11651.0,5.05,5.01
2014-01-20,C1401,4.88,4.88,4.85,4.85,4000.0,,欧盟排放配额1401,15651.0,4.91,4.85
2014-01-21,C1401,4.84,4.94,4.84,4.84,5046.0,,欧盟排放配额1401,20605.0,5.02,4.84
2014-01-22,C1401,5.05,5.06,5.05,5.05,6841.0,,欧盟排放配额1401,27389.0,5.11,5.05
2014-01-23,C1401,5.04,5.12,4.98,5.08,27.0,,欧盟排放配额1401,27395.0,5.01,5.08
2014-01-24,C1401,5.0,5.0,4.95,4.95,11.0,,欧盟排放配额1401,27395.0,5.24,4.95
2014-01-27,C1401,5.4,5.4,5.4,5.4,2301.0,,欧盟排放配额1401,29595.0,5.35,5.4
