date,symbol,open,high,low,close,volume,amount,name,openinterest,settleprice,price
2013-11-15,C1411,0.0,0.0,0.0,2369.0,0.0,0.0,玉米1411,0.0,2369.0,2369.0
2013-11-18,C1411,2345.0,2348.0,2345.0,2348.0,6.0,14.08,玉米1411,6.0,2346.0,2348.0
2013-11-19,C1411,2350.0,2350.0,2334.0,2342.0,16.0,37.5,玉米1411,6.0,2343.0,2342.0
2013-11-20,C1411,0.0,0.0,0.0,2343.0,0.0,0.0,玉米1411,6.0,2343.0,2343.0
2013-11-21,C1411,2357.0,2364.0,2357.0,2363.0,16.0,37.81,玉米1411,14.0,2362.0,2363.0
2013-11-22,C1411,0.0,0.0,0.0,2362.0,0.0,0.0,玉米1411,14.0,2362.0,2362.0
2013-11-25,C1411,2363.0,2363.0,2363.0,2363.0,2.0,4.73,玉米1411,14.0,2363.0,2363.0
2013-11-26,C1411,2364.0,2384.0,2364.0,2367.0,10.0,23.7,玉米1411,14.0,2369.0,2367.0
2013-11-27,C1411,2361.0,2378.0,2361.0,2366.0,16.0,37.91,玉米1411,14.0,2369.0,2366.0
2013-11-28,C1411,2367.0,2367.0,2367.0,2367.0,2.0,4.74,玉米1411,14.0,2367.0,2367.0
2013-11-29,C1411,2375.0,2375.0,2367.0,2370.0,10.0,23.72,玉米1411,14.0,2372.0,2370.0
2013-12-02,C1411,0.0,0.0,0.0,2374.0,0.0,0.0,玉米1411,14.0,2374.0,2374.0
2013-12-03,C1411,0.0,0.0,0.0,2374.0,0.0,0.0,玉米1411,14.0,2374.0,2374.0
2013-12-04,C1411,2370.0,2370.0,2370.0,2370.0,2.0,4.74,玉米1411,16.0,2370.0,2370.0
2013-12-05,C1411,2374.0,2374.0,2374.0,2374.0,4.0,9.5,玉米1411,14.0,2374.0,2374.0
2013-12-06,C1411,2373.0,2373.0,2373.0,2373.0,2.0,4.75,玉米1411,14.0,2373.0,2373.0
2013-12-09,C1411,0.0,0.0,0.0,2373.0,0.0,0.0,玉米1411,14.0,2373.0,2373.0
2013-12-10,C1411,0.0,0.0,0.0,2373.0,0.0,0.0,玉米1411,14.0,2373.0,2373.0
2013-12-11,C1411,2375.0,2376.0,2375.0,2376.0,4.0,9.51,玉米1411,16.0,2375.0,2376.0
2013-12-12,C1411,2370.0,2370.0,2370.0,2370.0,2.0,4.74,玉米1411,16.0,2370.0,2370.0
2013-12-13,C1411,2358.0,2358.0,2358.0,2358.0,2.0,4.72,玉米1411,16.0,2358.0,2358.0
2013-12-16,C1411,0.0,0.0,0.0,2358.0,0.0,0.0,玉米1411,16.0,2358.0,2358.0
2013-12-17,C1411,2360.0,2360.0,2360.0,2360.0,6.0,14.16,玉米1411,16.0,2360.0,2360.0
2013-12-18,C1411,2357.0,2357.0,2355.0,2355.0,4.0,9.43,玉米1411,16.0,2356.0,2355.0
2013-12-19,C1411,0.0,0.0,0.0,2356.0,0.0,0.0,玉米1411,16.0,2356.0,2356.0
2013-12-20,C1411,2354.0,2360.0,2353.0,2360.0,16.0,37.69,玉米1411,20.0,2355.0,2360.0
2013-12-23,C1411,2353.0,2353.0,2348.0,2350.0,16.0,37.62,玉米1411,30.0,2351.0,2350.0
2013-12-24,C1411,2350.0,2350.0,2350.0,2350.0,2.0,4.7,玉米1411,28.0,2350.0,2350.0
2013-12-25,C1411,2328.0,2347.0,2328.0,2344.0,6.0,14.04,玉米1411,28.0,2339.0,2344.0
2013-12-26,C1411,2352.0,2352.0,2347.0,2347.0,6.0,14.1,玉米1411,24.0,2350.0,2347.0
2013-12-27,C1411,2348.0,2348.0,2348.0,2348.0,2.0,4.7,玉米1411,22.0,2348.0,2348.0
2013-12-30,C1411,0.0,0.0,0.0,2348.0,0.0,0.0,玉米1411,22.0,2348.0,2348.0
2013-12-31,C1411,2350.0,2351.0,2340.0,2345.0,14.0,32.87,玉米1411,24.0,2347.0,2345.0
2014-01-02,C1411,0.0,0.0,0.0,2347.0,0.0,0.0,玉米1411,24.0,2347.0,2347.0
2014-01-03,C1411,0.0,0.0,0.0,2346.0,0.0,0.0,玉米1411,24.0,2346.0,2346.0
2014-01-06,C1411,2346.0,2346.0,2346.0,2346.0,2.0,4.7,玉米1411,24.0,2346.0,2346.0
2014-01-07,C1411,2352.0,2352.0,2347.0,2347.0,12.0,28.21,玉米1411,32.0,2350.0,2347.0
2014-01-08,C1411,2353.0,2370.0,2353.0,2370.0,22.0,51.98,玉米1411,22.0,2362.0,2370.0
2014-01-09,C1411,2370.0,2370.0,2368.0,2368.0,8.0,18.96,玉米1411,18.0,2369.0,2368.0
2014-01-10,C1411,2367.0,2367.0,2363.0,2363.0,8.0,18.93,玉米1411,22.0,2365.0,2363.0
2014-01-13,C1411,2361.0,2374.0,2356.0,2365.0,26.0,61.45,玉米1411,26.0,2363.0,2365.0
2014-01-14,C1411,2353.0,2353.0,2350.0,2350.0,10.0,23.52,玉米1411,28.0,2351.0,2350.0
2014-01-15,C1411,2347.0,2349.0,2347.0,2348.0,6.0,14.09,玉米1411,28.0,2348.0,2348.0
2014-01-16,C1411,2351.0,2351.0,2351.0,2351.0,2.0,4.71,玉米1411,26.0,2351.0,2351.0
2014-01-17,C1411,2352.0,2352.0,2352.0,2352.0,2.0,4.71,玉米1411,24.0,2352.0,2352.0
2014-01-20,C1411,0.0,0.0,0.0,2352.0,0.0,0.0,玉米1411,24.0,2352.0,2352.0
2014-01-21,C1411,2341.0,2341.0,2341.0,2341.0,18.0,42.14,玉米1411,24.0,2341.0,2341.0
2014-01-22,C1411,2354.0,2354.0,2344.0,2344.0,4.0,9.4,玉米1411,24.0,2349.0,2344.0
2014-01-23,C1411,0.0,0.0,0.0,2349.0,0.0,0.0,玉米1411,24.0,2349.0,2349.0
2014-01-24,C1411,2350.0,2354.0,2342.0,2345.0,10.0,23.47,玉米1411,22.0,2346.0,2345.0
2014-01-27,C1411,0.0,0.0,0.0,2346.0,0.0,0.0,玉米1411,22.0,2346.0,2346.0
2014-01-28,C1411,2358.0,2358.0,2347.0,2347.0,4.0,9.41,玉米1411,20.0,2352.0,2347.0
2014-01-29,C1411,2370.0,2370.0,2370.0,2370.0,2.0,4.74,玉米1411,18.0,2370.0,2370.0
2014-01-30,C1411,2353.0,2353.0,2353.0,2353.0,2.0,4.71,玉米1411,18.0,2353.0,2353.0
2014-02-07,C1411,2370.0,2370.0,2353.0,2353.0,8.0,18.93,玉米1411,20.0,2365.0,2353.0
2014-02-10,C1411,2350.0,2350.0,2345.0,2345.0,8.0,18.79,玉米1411,20.0,2347.0,2345.0
2014-02-11,C1411,2344.0,2344.0,2344.0,2344.0,4.0,9.38,玉米1411,20.0,2344.0,2344.0
2014-02-12,C1411,0.0,0.0,0.0,2344.0,0.0,0.0,玉米1411,20.0,2344.0,2344.0
2014-02-13,C1411,2350.0,2350.0,2350.0,2350.0,2.0,4.7,玉米1411,20.0,2350.0,2350.0
2014-02-14,C1411,2350.0,2350.0,2350.0,2350.0,2.0,4.7,玉米1411,20.0,2350.0,2350.0
2014-02-17,C1411,2351.0,2352.0,2351.0,2352.0,6.0,14.11,玉米1411,16.0,2351.0,2352.0
2014-02-18,C1411,2362.0,2362.0,2351.0,2351.0,4.0,9.43,玉米1411,16.0,2356.0,2351.0
2014-02-19,C1411,2351.0,2352.0,2347.0,2351.0,12.0,28.21,玉米1411,8.0,2350.0,2351.0
2014-02-20,C1411,0.0,0.0,0.0,2350.0,0.0,0.0,玉米1411,8.0,2350.0,2350.0
2014-02-21,C1411,2349.0,2354.0,2349.0,2352.0,14.0,32.92,玉米1411,12.0,2351.0,2352.0
2014-02-24,C1411,2348.0,2348.0,2328.0,2328.0,34.0,79.42,玉米1411,36.0,2335.0,2328.0
2014-02-25,C1411,2365.0,2365.0,2321.0,2331.0,6.0,14.04,玉米1411,38.0,2339.0,2331.0
2014-02-26,C1411,2294.0,2358.0,2294.0,2316.0,8.0,18.54,玉米1411,38.0,2317.0,2316.0
2014-02-27,C1411,2317.0,2317.0,2309.0,2309.0,14.0,32.42,玉米1411,50.0,2315.0,2309.0
2014-02-28,C1411,2302.0,2302.0,2301.0,2301.0,4.0,9.21,玉米1411,54.0,2301.0,2301.0
2014-03-03,C1411,2290.0,2304.0,2290.0,2301.0,20.0,46.01,玉米1411,62.0,2300.0,2301.0
2014-03-04,C1411,2305.0,2305.0,2300.0,2300.0,20.0,46.03,玉米1411,76.0,2301.0,2300.0
2014-03-05,C1411,2301.0,2301.0,2299.0,2301.0,8.0,18.41,玉米1411,76.0,2300.0,2301.0
2014-03-06,C1411,2299.0,2300.0,2299.0,2300.0,4.0,9.2,玉米1411,74.0,2299.0,2300.0
2014-03-07,C1411,2304.0,2304.0,2300.0,2301.0,10.0,23.03,玉米1411,76.0,2302.0,2301.0
2014-03-10,C1411,2282.0,2282.0,2276.0,2276.0,4.0,9.12,玉米1411,76.0,2279.0,2276.0
2014-03-11,C1411,2265.0,2275.0,2255.0,2274.0,24.0,54.38,玉米1411,80.0,2265.0,2274.0
2014-03-12,C1411,2269.0,2270.0,2268.0,2268.0,10.0,22.69,玉米1411,82.0,2269.0,2268.0
2014-03-13,C1411,2259.0,2276.0,2259.0,2276.0,28.0,63.51,玉米1411,80.0,2267.0,2276.0
2014-03-14,C1411,2272.0,2283.0,2272.0,2277.0,26.0,59.19,玉米1411,82.0,2276.0,2277.0
2014-03-17,C1411,2286.0,2287.0,2280.0,2280.0,16.0,36.52,玉米1411,78.0,2282.0,2280.0
2014-03-18,C1411,2286.0,2290.0,2286.0,2286.0,6.0,13.73,玉米1411,78.0,2287.0,2286.0
2014-03-19,C1411,2287.0,2288.0,2287.0,2288.0,8.0,18.3,玉米1411,78.0,2287.0,2288.0
2014-03-20,C1411,2291.0,2292.0,2291.0,2292.0,12.0,27.5,玉米1411,80.0,2291.0,2292.0
2014-03-21,C1411,0.0,0.0,0.0,2291.0,0.0,0.0,玉米1411,80.0,2291.0,2291.0
2014-03-24,C1411,2280.0,2293.0,2280.0,2285.0,12.0,27.44,玉米1411,80.0,2286.0,2285.0
2014-03-25,C1411,2298.0,2298.0,2291.0,2291.0,6.0,13.78,玉米1411,80.0,2295.0,2291.0
2014-03-26,C1411,2348.0,2348.0,2286.0,2291.0,32.0,73.57,玉米1411,80.0,2298.0,2291.0
2014-03-27,C1411,2298.0,2298.0,2284.0,2292.0,24.0,55.01,玉米1411,70.0,2291.0,2292.0
2014-03-28,C1411,0.0,0.0,0.0,2291.0,0.0,0.0,玉米1411,70.0,2291.0,2291.0
2014-03-31,C1411,2292.0,2292.0,2288.0,2288.0,6.0,13.75,玉米1411,68.0,2290.0,2288.0
2014-04-01,C1411,2292.0,2292.0,2289.0,2289.0,4.0,9.17,玉米1411,66.0,2290.0,2289.0
2014-04-02,C1411,2285.0,2285.0,2276.0,2278.0,10.0,22.81,玉米1411,70.0,2280.0,2278.0
2014-04-03,C1411,2283.0,2291.0,2281.0,2291.0,8.0,18.29,玉米1411,70.0,2286.0,2291.0
2014-04-04,C1411,2286.0,2288.0,2285.0,2288.0,8.0,18.29,玉米1411,70.0,2286.0,2288.0
2014-04-08,C1411,2288.0,2330.0,2288.0,2291.0,20.0,45.89,玉米1411,68.0,2294.0,2291.0
2014-04-09,C1411,2285.0,2292.0,2285.0,2292.0,8.0,18.33,玉米1411,68.0,2290.0,2292.0
2014-04-10,C1411,2289.0,2289.0,2288.0,2288.0,6.0,13.73,玉米1411,74.0,2288.0,2288.0
2014-04-11,C1411,2287.0,2287.0,2285.0,2285.0,8.0,18.29,玉米1411,74.0,2285.0,2285.0
2014-04-14,C1411,2301.0,2301.0,2287.0,2293.0,10.0,22.92,玉米1411,72.0,2291.0,2293.0
2014-04-15,C1411,2293.0,2298.0,2291.0,2298.0,8.0,18.36,玉米1411,72.0,2295.0,2298.0
2014-04-16,C1411,2298.0,2298.0,2294.0,2297.0,14.0,32.15,玉米1411,70.0,2296.0,2297.0
2014-04-17,C1411,0.0,0.0,0.0,2296.0,0.0,0.0,玉米1411,70.0,2296.0,2296.0
2014-04-18,C1411,0.0,0.0,0.0,2296.0,0.0,0.0,玉米1411,70.0,2296.0,2296.0
2014-04-21,C1411,2294.0,2294.0,2290.0,2290.0,6.0,13.75,玉米1411,70.0,2291.0,2290.0
2014-04-22,C1411,2280.0,2300.0,2280.0,2300.0,10.0,22.94,玉米1411,70.0,2293.0,2300.0
2014-04-23,C1411,2291.0,2295.0,2291.0,2295.0,4.0,9.18,玉米1411,70.0,2293.0,2295.0
2014-04-24,C1411,2295.0,2295.0,2295.0,2295.0,2.0,4.59,玉米1411,72.0,2295.0,2295.0
2014-04-25,C1411,0.0,0.0,0.0,2295.0,0.0,0.0,玉米1411,72.0,2295.0,2295.0
2014-04-28,C1411,2301.0,2302.0,2301.0,2302.0,8.0,18.41,玉米1411,72.0,2301.0,2302.0
2014-04-29,C1411,2258.0,2300.0,2258.0,2300.0,38.0,87.2,玉米1411,78.0,2294.0,2300.0
2014-04-30,C1411,0.0,0.0,0.0,2302.0,0.0,0.0,玉米1411,78.0,2302.0,2302.0
2014-05-05,C1411,2312.0,2314.0,2312.0,2314.0,4.0,9.26,玉米1411,76.0,2313.0,2314.0
2014-05-06,C1411,0.0,0.0,0.0,2304.0,0.0,0.0,玉米1411,76.0,2304.0,2304.0
2014-05-07,C1411,0.0,0.0,0.0,2304.0,0.0,0.0,玉米1411,76.0,2304.0,2304.0
2014-05-08,C1411,2302.0,2302.0,2302.0,2302.0,2.0,4.61,玉米1411,78.0,2302.0,2302.0
2014-05-09,C1411,2304.0,2310.0,2304.0,2310.0,8.0,18.46,玉米1411,78.0,2307.0,2310.0
2014-05-12,C1411,2300.0,2305.0,2300.0,2300.0,36.0,82.82,玉米1411,78.0,2300.0,2300.0
2014-05-13,C1411,2310.0,2310.0,2305.0,2307.0,12.0,27.7,玉米1411,80.0,2307.0,2307.0
2014-05-14,C1411,2325.0,2325.0,2301.0,2309.0,12.0,27.73,玉米1411,82.0,2310.0,2309.0
2014-05-15,C1411,2328.0,2328.0,2308.0,2308.0,18.0,41.68,玉米1411,80.0,2315.0,2308.0
2014-05-16,C1411,2310.0,2317.0,2301.0,2301.0,6.0,13.86,玉米1411,80.0,2309.0,2301.0
2014-05-19,C1411,2305.0,2309.0,2304.0,2305.0,24.0,55.33,玉米1411,76.0,2305.0,2305.0
2014-05-20,C1411,2312.0,2312.0,2303.0,2305.0,10.0,23.07,玉米1411,74.0,2307.0,2305.0
2014-05-21,C1411,2313.0,2316.0,2313.0,2316.0,10.0,23.14,玉米1411,78.0,2313.0,2316.0
2014-05-22,C1411,2316.0,2316.0,2316.0,2316.0,2.0,4.64,玉米1411,80.0,2316.0,2316.0
2014-05-23,C1411,2320.0,2320.0,2320.0,2320.0,2.0,4.64,玉米1411,78.0,2320.0,2320.0
2014-05-26,C1411,2317.0,2323.0,2317.0,2318.0,6.0,13.92,玉米1411,78.0,2319.0,2318.0
2014-05-27,C1411,0.0,0.0,0.0,2319.0,0.0,0.0,玉米1411,78.0,2319.0,2319.0
2014-05-28,C1411,0.0,0.0,0.0,2319.0,0.0,0.0,玉米1411,78.0,2319.0,2319.0
2014-05-29,C1411,2330.0,2341.0,2330.0,2341.0,16.0,37.39,玉米1411,76.0,2336.0,2341.0
2014-05-30,C1411,0.0,0.0,0.0,2336.0,0.0,0.0,玉米1411,76.0,2336.0,2336.0
2014-06-03,C1411,2310.0,2330.0,2310.0,2330.0,12.0,27.82,玉米1411,76.0,2318.0,2330.0
2014-06-04,C1411,2331.0,2331.0,2331.0,2331.0,2.0,4.67,玉米1411,76.0,2331.0,2331.0
2014-06-05,C1411,2322.0,2322.0,2321.0,2321.0,6.0,13.93,玉米1411,72.0,2321.0,2321.0
2014-06-06,C1411,2316.0,2316.0,2316.0,2316.0,6.0,13.9,玉米1411,76.0,2316.0,2316.0
2014-06-09,C1411,2311.0,2313.0,2311.0,2313.0,4.0,9.25,玉米1411,76.0,2312.0,2313.0
2014-06-10,C1411,2313.0,2313.0,2303.0,2311.0,24.0,55.36,玉米1411,70.0,2306.0,2311.0
2014-06-11,C1411,2313.0,2313.0,2313.0,2313.0,2.0,4.63,玉米1411,70.0,2313.0,2313.0
2014-06-12,C1411,2309.0,2318.0,2309.0,2318.0,10.0,23.14,玉米1411,74.0,2313.0,2318.0
2014-06-13,C1411,0.0,0.0,0.0,2313.0,0.0,0.0,玉米1411,74.0,2313.0,2313.0
2014-06-16,C1411,2297.0,2317.0,2297.0,2315.0,62.0,143.25,玉米1411,68.0,2310.0,2315.0
2014-06-17,C1411,0.0,0.0,0.0,2310.0,0.0,0.0,玉米1411,68.0,2310.0,2310.0
2014-06-18,C1411,2313.0,2313.0,2300.0,2300.0,6.0,13.86,玉米1411,68.0,2308.0,2300.0
2014-06-19,C1411,2307.0,2311.0,2307.0,2311.0,10.0,23.09,玉米1411,68.0,2308.0,2311.0
2014-06-20,C1411,0.0,0.0,0.0,2308.0,0.0,0.0,玉米1411,68.0,2308.0,2308.0
2014-06-23,C1411,2307.0,2310.0,2307.0,2309.0,16.0,36.93,玉米1411,66.0,2307.0,2309.0
2014-06-24,C1411,2303.0,2325.0,2303.0,2309.0,8.0,18.49,玉米1411,66.0,2310.0,2309.0
2014-06-25,C1411,0.0,0.0,0.0,2310.0,0.0,0.0,玉米1411,66.0,2310.0,2310.0
2014-06-26,C1411,2309.0,2318.0,2299.0,2312.0,42.0,97.01,玉米1411,68.0,2309.0,2312.0
2014-06-27,C1411,2310.0,2312.0,2310.0,2310.0,8.0,18.49,玉米1411,68.0,2311.0,2310.0
2014-06-30,C1411,2308.0,2309.0,2307.0,2307.0,6.0,13.85,玉米1411,66.0,2308.0,2307.0
2014-07-01,C1411,2307.0,2307.0,2307.0,2307.0,2.0,4.62,玉米1411,66.0,2307.0,2307.0
2014-07-02,C1411,2307.0,2307.0,2304.0,2307.0,10.0,23.07,玉米1411,66.0,2306.0,2307.0
2014-07-03,C1411,0.0,0.0,0.0,2306.0,0.0,0.0,玉米1411,66.0,2306.0,2306.0
2014-07-04,C1411,2304.0,2304.0,2304.0,2304.0,4.0,9.22,玉米1411,66.0,2304.0,2304.0
2014-07-07,C1411,2300.0,2300.0,2293.0,2293.0,26.0,59.7,玉米1411,62.0,2296.0,2293.0
2014-07-08,C1411,0.0,0.0,0.0,2296.0,0.0,0.0,玉米1411,62.0,2296.0,2296.0
2014-07-09,C1411,2305.0,2305.0,2299.0,2299.0,6.0,13.81,玉米1411,62.0,2301.0,2299.0
2014-07-10,C1411,2296.0,2297.0,2296.0,2297.0,4.0,9.19,玉米1411,64.0,2296.0,2297.0
2014-07-11,C1411,2295.0,2295.0,2295.0,2295.0,2.0,4.59,玉米1411,64.0,2295.0,2295.0
2014-07-14,C1411,2266.0,2314.0,2266.0,2292.0,16.0,36.66,玉米1411,62.0,2291.0,2292.0
2014-07-15,C1411,2290.0,2290.0,2273.0,2279.0,346.0,791.92,玉米1411,358.0,2288.0,2279.0
2014-07-16,C1411,2259.0,2260.0,2259.0,2260.0,4.0,9.04,玉米1411,360.0,2259.0,2260.0
2014-07-17,C1411,2267.0,2270.0,2267.0,2269.0,20.0,45.36,玉米1411,354.0,2268.0,2269.0
2014-07-18,C1411,0.0,0.0,0.0,2268.0,0.0,0.0,玉米1411,354.0,2268.0,2268.0
2014-07-21,C1411,2260.0,2274.0,2260.0,2274.0,6.0,13.62,玉米1411,356.0,2269.0,2274.0
2014-07-22,C1411,2275.0,2290.0,2275.0,2289.0,14.0,32.01,玉米1411,360.0,2285.0,2289.0
2014-07-23,C1411,2271.0,2284.0,2255.0,2270.0,36.0,81.76,玉米1411,340.0,2271.0,2270.0
2014-07-24,C1411,2272.0,2275.0,2267.0,2275.0,14.0,31.8,玉米1411,342.0,2271.0,2275.0
2014-07-25,C1411,2282.0,2282.0,2267.0,2269.0,36.0,81.8,玉米1411,332.0,2272.0,2269.0
2014-07-28,C1411,2280.0,2280.0,2274.0,2280.0,30.0,68.32,玉米1411,330.0,2277.0,2280.0
2014-07-29,C1411,2284.0,2293.0,2277.0,2291.0,154.0,351.49,玉米1411,266.0,2282.0,2291.0
2014-07-30,C1411,2283.0,2299.0,2283.0,2299.0,62.0,142.32,玉米1411,242.0,2295.0,2299.0
2014-07-31,C1411,2307.0,2316.0,2210.0,2305.0,250.0,572.06,玉米1411,210.0,2288.0,2305.0
2014-08-01,C1411,2291.0,2306.0,2290.0,2306.0,22.0,50.54,玉米1411,202.0,2297.0,2306.0
2014-08-04,C1411,2319.0,2346.0,2314.0,2335.0,84.0,195.55,玉米1411,192.0,2327.0,2335.0
2014-08-05,C1411,2335.0,2346.0,2331.0,2346.0,78.0,182.1,玉米1411,196.0,2334.0,2346.0
2014-08-06,C1411,2343.0,2351.0,2336.0,2351.0,36.0,84.3,玉米1411,178.0,2341.0,2351.0
2014-08-07,C1411,2343.0,2352.0,2341.0,2341.0,26.0,60.98,玉米1411,174.0,2345.0,2341.0
2014-08-08,C1411,2344.0,2351.0,2340.0,2347.0,24.0,56.27,玉米1411,164.0,2344.0,2347.0
2014-08-11,C1411,2353.0,2354.0,2346.0,2353.0,24.0,56.43,玉米1411,164.0,2350.0,2353.0
2014-08-12,C1411,2358.0,2375.0,2358.0,2375.0,62.0,146.71,玉米1411,184.0,2366.0,2375.0
2014-08-13,C1411,2372.0,2380.0,2362.0,2365.0,32.0,75.89,玉米1411,172.0,2371.0,2365.0
2014-08-14,C1411,2370.0,2402.0,2366.0,2389.0,52.0,123.92,玉米1411,182.0,2382.0,2389.0
2014-08-15,C1411,2381.0,2400.0,2381.0,2400.0,88.0,210.45,玉米1411,166.0,2391.0,2400.0
2014-08-18,C1411,2395.0,2409.0,2392.0,2402.0,28.0,67.17,玉米1411,166.0,2398.0,2402.0
2014-08-19,C1411,2393.0,2409.0,2343.0,2377.0,54.0,128.49,玉米1411,148.0,2379.0,2377.0
2014-08-19,C1411,,,,6.44,0.0,,欧盟排放配额1411,0.0,6.44,6.44
2014-08-20,C1411,2394.0,2394.0,2394.0,2394.0,8.0,19.16,玉米1411,150.0,2394.0,2394.0
2014-08-20,C1411,,,,6.42,0.0,,欧盟排放配额1411,0.0,6.42,6.42
2014-08-21,C1411,2392.0,2392.0,2392.0,2392.0,6.0,14.36,玉米1411,150.0,2392.0,2392.0
2014-08-21,C1411,,,,6.36,0.0,,欧盟排放配额1411,0.0,6.36,6.36
2014-08-22,C1411,2470.0,2470.0,2392.0,2401.0,26.0,62.5,玉米1411,138.0,2403.0,2401.0
2014-08-22,C1411,,,,6.37,0.0,,欧盟排放配额1411,0.0,6.37,6.37
2014-08-25,C1411,2400.0,2400.0,2396.0,2396.0,8.0,19.18,玉米1411,138.0,2397.0,2396.0
2014-08-25,C1411,,,,6.34,0.0,,欧盟排放配额1411,0.0,6.34,6.34
2014-08-26,C1411,2389.0,2389.0,2389.0,2389.0,2.0,4.78,玉米1411,140.0,2389.0,2389.0
2014-08-26,C1411,,,,6.3,0.0,,欧盟排放配额1411,0.0,6.3,6.3
2014-08-27,C1411,2400.0,2400.0,2382.0,2382.0,10.0,23.92,玉米1411,134.0,2391.0,2382.0
2014-08-27,C1411,,,,6.36,0.0,,欧盟排放配额1411,0.0,6.36,6.36
2014-08-28,C1411,2380.0,2388.0,2380.0,2382.0,8.0,19.08,玉米1411,138.0,2384.0,2382.0
2014-08-28,C1411,,,,6.44,0.0,,欧盟排放配额1411,0.0,6.44,6.44
2014-08-29,C1411,2383.0,2383.0,2380.0,2380.0,4.0,9.53,玉米1411,138.0,2381.0,2380.0
2014-08-29,C1411,,,,6.39,350.0,,欧盟排放配额1411,350.0,6.39,6.39
2014-09-01,C1411,2370.0,2381.0,2370.0,2371.0,14.0,33.23,玉米1411,136.0,2373.0,2371.0
2014-09-01,C1411,,,,6.41,0.0,,欧盟排放配额1411,350.0,6.41,6.41
2014-09-02,C1411,0.0,0.0,0.0,2373.0,0.0,0.0,玉米1411,136.0,2373.0,2373.0
2014-09-02,C1411,,,,6.4,0.0,,欧盟排放配额1411,350.0,6.4,6.4
2014-09-03,C1411,2326.0,2372.0,2326.0,2369.0,20.0,47.29,玉米1411,148.0,2364.0,2369.0
2014-09-03,C1411,,,,6.33,0.0,,欧盟排放配额1411,350.0,6.33,6.33
2014-09-04,C1411,2376.0,2395.0,2375.0,2375.0,22.0,52.38,玉米1411,142.0,2380.0,2375.0
2014-09-04,C1411,6.26,6.26,6.26,6.26,4.0,,欧盟排放配额1411,354.0,6.12,6.26
2014-09-05,C1411,2368.0,2368.0,2368.0,2368.0,8.0,18.95,玉米1411,134.0,2368.0,2368.0
2014-09-05,C1411,,,,6.27,0.0,,欧盟排放配额1411,354.0,6.27,6.27
2014-09-08,C1411,6.3,6.3,6.3,6.3,5.0,,欧盟排放配额1411,359.0,6.28,6.3
2014-09-09,C1411,2426.0,2426.0,2365.0,2383.0,26.0,62.15,玉米1411,122.0,2390.0,2383.0
2014-09-09,C1411,6.15,6.15,6.15,6.15,5.0,,欧盟排放配额1411,359.0,6.13,6.15
2014-09-10,C1411,2371.0,2390.0,2359.0,2390.0,60.0,142.71,玉米1411,104.0,2378.0,2390.0
2014-09-10,C1411,,,,6.09,0.0,,欧盟排放配额1411,359.0,6.09,6.09
2014-09-11,C1411,2375.0,2390.0,2375.0,2380.0,16.0,38.11,玉米1411,100.0,2381.0,2380.0
2014-09-11,C1411,,,,6.11,0.0,,欧盟排放配额1411,359.0,6.11,6.11
2014-09-12,C1411,2363.0,2392.0,2363.0,2389.0,22.0,52.48,玉米1411,90.0,2385.0,2389.0
2014-09-12,C1411,,,,6.05,0.0,,欧盟排放配额1411,359.0,6.05,6.05
2014-09-15,C1411,2390.0,2390.0,2365.0,2365.0,8.0,19.07,玉米1411,86.0,2383.0,2365.0
2014-09-15,C1411,,,,5.92,0.0,,欧盟排放配额1411,359.0,5.92,5.92
2014-09-16,C1411,2389.0,2389.0,2355.0,2364.0,16.0,37.96,玉米1411,90.0,2372.0,2364.0
2014-09-16,C1411,,,,5.8,456.0,,欧盟排放配额1411,460.0,5.8,5.8
2014-09-17,C1411,0.0,0.0,0.0,2372.0,0.0,0.0,玉米1411,90.0,2372.0,2372.0
2014-09-17,C1411,,,,5.89,0.0,,欧盟排放配额1411,460.0,5.89,5.89
2014-09-18,C1411,2360.0,2360.0,2360.0,2360.0,4.0,9.44,玉米1411,90.0,2360.0,2360.0
2014-09-18,C1411,,,,5.98,0.0,,欧盟排放配额1411,460.0,5.98,5.98
2014-09-19,C1411,0.0,0.0,0.0,2360.0,0.0,0.0,玉米1411,90.0,2360.0,2360.0
2014-09-19,C1411,,,,6.02,0.0,,欧盟排放配额1411,460.0,6.02,6.02
2014-09-22,C1411,0.0,0.0,0.0,2360.0,0.0,0.0,玉米1411,90.0,2360.0,2360.0
2014-09-22,C1411,,,,5.99,0.0,,欧盟排放配额1411,460.0,5.99,5.99
2014-09-23,C1411,2342.0,2342.0,2342.0,2342.0,2.0,4.69,玉米1411,88.0,2342.0,2342.0
2014-09-23,C1411,5.9,5.9,5.86,5.86,94.0,,欧盟排放配额1411,549.0,5.66,5.86
2014-09-24,C1411,2337.0,2338.0,2337.0,2338.0,12.0,28.05,玉米1411,76.0,2337.0,2338.0
2014-09-24,C1411,,,,5.81,0.0,,欧盟排放配额1411,549.0,5.81,5.81
2014-09-25,C1411,2327.0,2327.0,2327.0,2327.0,2.0,4.66,玉米1411,76.0,2327.0,2327.0
2014-09-25,C1411,,,,5.81,0.0,,欧盟排放配额1411,549.0,5.81,5.81
2014-09-26,C1411,2322.0,2348.0,2322.0,2348.0,34.0,79.57,玉米1411,64.0,2340.0,2348.0
2014-09-26,C1411,,,,5.92,0.0,,欧盟排放配额1411,549.0,5.92,5.92
2014-09-29,C1411,2355.0,2355.0,2349.0,2349.0,14.0,32.94,玉米1411,62.0,2352.0,2349.0
2014-09-29,C1411,5.85,5.85,5.82,5.82,3.0,,欧盟排放配额1411,549.0,5.76,5.82
2014-09-30,C1411,2354.0,2354.0,2325.0,2331.0,54.0,126.43,玉米1411,62.0,2341.0,2331.0
2014-09-30,C1411,,,,5.83,1.0,,欧盟排放配额1411,549.0,5.83,5.83
2014-10-01,C1411,5.83,5.83,5.83,5.83,1.0,,欧盟排放配额1411,549.0,5.8,5.83
2014-10-02,C1411,,,,5.68,0.0,,欧盟排放配额1411,549.0,5.68,5.68
2014-10-03,C1411,5.6,5.6,5.6,5.6,9.0,,欧盟排放配额1411,549.0,5.67,5.6
2014-10-06,C1411,5.58,5.58,5.58,5.58,40.0,,欧盟排放配额1411,509.0,5.67,5.58
2014-10-07,C1411,,,,5.72,0.0,,欧盟排放配额1411,509.0,5.72,5.72
2014-10-08,C1411,2339.0,2343.0,2332.0,2334.0,14.0,32.74,玉米1411,58.0,2338.0,2334.0
2014-10-08,C1411,,,,6.04,0.0,,欧盟排放配额1411,509.0,6.04,6.04
2014-10-09,C1411,2308.0,2331.0,2308.0,2311.0,8.0,18.52,玉米1411,60.0,2314.0,2311.0
2014-10-09,C1411,,,,6.11,0.0,,欧盟排放配额1411,509.0,6.11,6.11
2014-10-10,C1411,2366.0,2366.0,2320.0,2340.0,8.0,18.77,玉米1411,58.0,2346.0,2340.0
2014-10-10,C1411,,,,6.03,0.0,,欧盟排放配额1411,509.0,6.03,6.03
2014-10-13,C1411,2357.0,2357.0,2357.0,2357.0,6.0,14.15,玉米1411,58.0,2357.0,2357.0
2014-10-13,C1411,,,,6.05,0.0,,欧盟排放配额1411,509.0,6.05,6.05
2014-10-14,C1411,2387.0,2387.0,2346.0,2379.0,66.0,156.33,玉米1411,52.0,2368.0,2379.0
2014-10-14,C1411,,,,6.08,0.0,,欧盟排放配额1411,509.0,6.08,6.08
2014-10-15,C1411,2387.0,2400.0,2380.0,2400.0,64.0,152.98,玉米1411,16.0,2390.0,2400.0
2014-10-15,C1411,,,,6.15,0.0,,欧盟排放配额1411,509.0,6.15,6.15
2014-10-16,C1411,2388.0,2391.0,2386.0,2391.0,8.0,19.11,玉米1411,10.0,2388.0,2391.0
2014-10-16,C1411,,,,6.21,0.0,,欧盟排放配额1411,509.0,6.21,6.21
2014-10-17,C1411,2461.0,2461.0,2461.0,2461.0,2.0,4.93,玉米1411,10.0,2461.0,2461.0
2014-10-17,C1411,,,,6.13,0.0,,欧盟排放配额1411,509.0,6.13,6.13
2014-10-20,C1411,0.0,0.0,0.0,2461.0,0.0,0.0,玉米1411,10.0,2461.0,2461.0
2014-10-20,C1411,6.05,6.05,6.05,6.05,5.0,,欧盟排放配额1411,509.0,6.14,6.05
2014-10-21,C1411,2376.0,2491.0,2376.0,2380.0,38.0,91.26,玉米1411,22.0,2401.0,2380.0
2014-10-21,C1411,,,,6.18,0.0,,欧盟排放配额1411,509.0,6.18,6.18
2014-10-22,C1411,2311.0,2313.0,2311.0,2313.0,6.0,13.87,玉米1411,22.0,2311.0,2313.0
2014-10-22,C1411,6.24,6.24,6.24,6.24,7.0,,欧盟排放配额1411,509.0,6.22,6.24
2014-10-23,C1411,0.0,0.0,0.0,2311.0,0.0,0.0,玉米1411,22.0,2311.0,2311.0
2014-10-23,C1411,6.21,6.21,6.21,6.21,101.0,,欧盟排放配额1411,511.0,6.33,6.21
2014-10-24,C1411,2269.0,2269.0,2269.0,2269.0,4.0,9.08,玉米1411,18.0,2269.0,2269.0
2014-10-24,C1411,,,,6.4,0.0,,欧盟排放配额1411,511.0,6.4,6.4
2014-10-27,C1411,0.0,0.0,0.0,2269.0,0.0,0.0,玉米1411,18.0,2269.0,2269.0
2014-10-27,C1411,,,,6.28,0.0,,欧盟排放配额1411,511.0,6.28,6.28
2014-10-28,C1411,2260.0,2260.0,2260.0,2260.0,4.0,9.04,玉米1411,16.0,2260.0,2260.0
2014-10-28,C1411,,,,6.15,1.0,,欧盟排放配额1411,511.0,6.15,6.15
2014-10-29,C1411,0.0,0.0,0.0,2260.0,0.0,0.0,玉米1411,16.0,2260.0,2260.0
2014-10-29,C1411,,,,6.41,0.0,,欧盟排放配额1411,511.0,6.41,6.41
2014-10-30,C1411,2242.0,2244.0,2241.0,2242.0,12.0,26.91,玉米1411,6.0,2242.0,2242.0
2014-10-30,C1411,,,,6.41,1600.0,,欧盟排放配额1411,2111.0,6.41,6.41
2014-10-31,C1411,2210.0,2210.0,2210.0,2210.0,4.0,8.84,玉米1411,2.0,2210.0,2210.0
2014-10-31,C1411,,,,6.34,100.0,,欧盟排放配额1411,2211.0,6.34,6.34
2014-11-03,C1411,0.0,0.0,0.0,2210.0,0.0,0.0,玉米1411,2.0,2210.0,2210.0
2014-11-03,C1411,6.5,6.5,6.5,6.5,200.0,,欧盟排放配额1411,2274.0,6.57,6.5
2014-11-04,C1411,0.0,0.0,0.0,2210.0,0.0,0.0,玉米1411,2.0,2210.0,2210.0
2014-11-04,C1411,6.58,6.58,6.47,6.5,31.0,,欧盟排放配额1411,2275.0,6.47,6.5
2014-11-05,C1411,0.0,0.0,0.0,2210.0,0.0,0.0,玉米1411,0.0,2210.0,2210.0
2014-11-05,C1411,,,,6.63,0.0,,欧盟排放配额1411,2275.0,6.63,6.63
2014-11-06,C1411,0.0,0.0,0.0,2210.0,0.0,0.0,玉米1411,0.0,2210.0,2210.0
2014-11-06,C1411,,,,6.62,0.0,,欧盟排放配额1411,2275.0,6.62,6.62
2014-11-07,C1411,0.0,0.0,0.0,2210.0,0.0,0.0,玉米1411,0.0,2210.0,2210.0
2014-11-07,C1411,6.56,6.56,6.56,6.56,7.0,,欧盟排放配额1411,2282.0,6.75,6.56
2014-11-10,C1411,0.0,0.0,0.0,2210.0,0.0,0.0,玉米1411,0.0,2210.0,2210.0
2014-11-10,C1411,,,,6.71,0.0,,欧盟排放配额1411,2282.0,6.71,6.71
2014-11-11,C1411,0.0,0.0,0.0,2210.0,0.0,0.0,玉米1411,0.0,2210.0,2210.0
2014-11-11,C1411,6.66,6.66,6.66,6.66,81.0,,欧盟排放配额1411,2361.0,6.79,6.66
2014-11-12,C1411,0.0,0.0,0.0,2210.0,0.0,0.0,玉米1411,0.0,2210.0,2210.0
2014-11-12,C1411,6.79,6.79,6.79,6.79,16.0,,欧盟排放配额1411,2377.0,6.84,6.79
2014-11-13,C1411,0.0,0.0,0.0,2210.0,0.0,0.0,玉米1411,0.0,2210.0,2210.0
2014-11-13,C1411,6.81,6.81,6.81,6.81,5.0,,欧盟排放配额1411,2382.0,6.78,6.81
2014-11-14,C1411,0.0,0.0,0.0,2210.0,0.0,0.0,玉米1411,0.0,2210.0,2210.0
2014-11-14,C1411,6.7,6.7,6.7,6.7,105.0,,欧盟排放配额1411,2486.0,6.61,6.7
2014-11-17,C1411,,,,6.89,0.0,,欧盟排放配额1411,2486.0,6.89,6.89
2014-11-18,C1411,,,,7.01,0.0,,欧盟排放配额1411,2486.0,7.01,7.01
2014-11-19,C1411,,,,7.03,0.0,,欧盟排放配额1411,2486.0,7.03,7.03
2014-11-20,C1411,,,,6.95,0.0,,欧盟排放配额1411,2486.0,6.95,6.95
2014-11-21,C1411,6.93,6.93,6.91,6.91,212.0,,欧盟排放配额1411,2694.0,6.99,6.91
2014-11-24,C1411,7.07,7.07,7.07,7.07,10.0,,欧盟排放配额1411,2702.0,7.04,7.07
