date,symbol,open,high,low,close,volume,amount,name,openinterest,settleprice,price
2014-01-16,C1501,2355.0,2355.0,2308.0,2328.0,3750.0,8738.91,玉米1501,3076.0,2330.0,2328.0
2014-01-17,C1501,2325.0,2330.0,2317.0,2318.0,2388.0,5555.83,玉米1501,5202.0,2326.0,2318.0
2014-01-20,C1501,2320.0,2323.0,2310.0,2320.0,2130.0,4938.4,玉米1501,5894.0,2318.0,2320.0
2014-01-21,C1501,2320.0,2326.0,2317.0,2324.0,842.0,1955.88,玉米1501,6268.0,2322.0,2324.0
2014-01-22,C1501,2322.0,2325.0,2321.0,2322.0,574.0,1333.67,玉米1501,6384.0,2323.0,2322.0
2014-01-23,C1501,2324.0,2325.0,2322.0,2323.0,176.0,409.03,玉米1501,6416.0,2323.0,2323.0
2014-01-24,C1501,2322.0,2322.0,2318.0,2321.0,470.0,1090.31,玉米1501,6544.0,2319.0,2321.0
2014-01-27,C1501,2321.0,2325.0,2319.0,2321.0,480.0,1114.19,玉米1501,6790.0,2321.0,2321.0
2014-01-28,C1501,2322.0,2326.0,2320.0,2323.0,422.0,980.01,玉米1501,7022.0,2322.0,2323.0
2014-01-29,C1501,2325.0,2326.0,2317.0,2319.0,234.0,542.95,玉米1501,7032.0,2320.0,2319.0
2014-01-30,C1501,2318.0,2330.0,2315.0,2330.0,354.0,822.95,玉米1501,7272.0,2324.0,2330.0
2014-02-07,C1501,2335.0,2335.0,2327.0,2333.0,3996.0,9324.88,玉米1501,10816.0,2333.0,2333.0
2014-02-10,C1501,2333.0,2335.0,2321.0,2322.0,6972.0,16226.9,玉米1501,16540.0,2327.0,2322.0
2014-02-11,C1501,2322.0,2326.0,2320.0,2321.0,2192.0,5091.43,玉米1501,17622.0,2322.0,2321.0
2014-02-12,C1501,2322.0,2324.0,2318.0,2322.0,4742.0,11008.81,玉米1501,21000.0,2321.0,2322.0
2014-02-13,C1501,2321.0,2334.0,2320.0,2332.0,5276.0,12287.56,玉米1501,23698.0,2328.0,2332.0
2014-02-14,C1501,2335.0,2338.0,2330.0,2332.0,3198.0,7460.16,玉米1501,24738.0,2332.0,2332.0
2014-02-17,C1501,2332.0,2335.0,2324.0,2325.0,2614.0,6088.77,玉米1501,25450.0,2329.0,2325.0
2014-02-18,C1501,2325.0,2331.0,2325.0,2327.0,948.0,2207.43,玉米1501,26070.0,2328.0,2327.0
2014-02-19,C1501,2328.0,2329.0,2324.0,2326.0,312.0,725.69,玉米1501,26038.0,2325.0,2326.0
2014-02-20,C1501,2328.0,2333.0,2323.0,2332.0,1406.0,3274.24,玉米1501,26964.0,2328.0,2332.0
2014-02-21,C1501,2333.0,2334.0,2325.0,2326.0,1582.0,3682.6,玉米1501,27490.0,2327.0,2326.0
2014-02-24,C1501,2328.0,2328.0,2320.0,2322.0,2578.0,5988.99,玉米1501,29080.0,2323.0,2322.0
2014-02-25,C1501,2323.0,2326.0,2320.0,2321.0,966.0,2243.49,玉米1501,29606.0,2322.0,2321.0
2014-02-26,C1501,2324.0,2326.0,2320.0,2325.0,1028.0,2388.76,玉米1501,29832.0,2323.0,2325.0
2014-02-27,C1501,2325.0,2326.0,2322.0,2323.0,416.0,966.51,玉米1501,29870.0,2323.0,2323.0
2014-02-28,C1501,2324.0,2325.0,2320.0,2322.0,1564.0,3630.53,玉米1501,30704.0,2321.0,2322.0
2014-03-03,C1501,2325.0,2332.0,2323.0,2329.0,1280.0,2980.83,玉米1501,30590.0,2328.0,2329.0
2014-03-04,C1501,2328.0,2334.0,2328.0,2334.0,2764.0,6445.25,玉米1501,31796.0,2331.0,2334.0
2014-03-05,C1501,2334.0,2334.0,2329.0,2330.0,806.0,1878.69,玉米1501,31540.0,2330.0,2330.0
2014-03-06,C1501,2329.0,2329.0,2324.0,2325.0,642.0,1493.15,玉米1501,31806.0,2325.0,2325.0
2014-03-07,C1501,2327.0,2332.0,2327.0,2331.0,2216.0,5165.28,玉米1501,31962.0,2330.0,2331.0
2014-03-10,C1501,2325.0,2328.0,2319.0,2322.0,3786.0,8791.31,玉米1501,33656.0,2322.0,2322.0
2014-03-11,C1501,2322.0,2330.0,2320.0,2330.0,1782.0,4144.34,玉米1501,33868.0,2325.0,2330.0
2014-03-12,C1501,2330.0,2334.0,2328.0,2332.0,4056.0,9457.32,玉米1501,35204.0,2331.0,2332.0
2014-03-13,C1501,2330.0,2339.0,2329.0,2330.0,6904.0,16119.78,玉米1501,37156.0,2334.0,2330.0
2014-03-14,C1501,2330.0,2332.0,2326.0,2329.0,2522.0,5873.32,玉米1501,37904.0,2328.0,2329.0
2014-03-17,C1501,2330.0,2330.0,2317.0,2324.0,5490.0,12749.56,玉米1501,40522.0,2322.0,2324.0
2014-03-18,C1501,2323.0,2325.0,2320.0,2323.0,1572.0,3651.84,玉米1501,40934.0,2323.0,2323.0
2014-03-19,C1501,2324.0,2331.0,2323.0,2328.0,3578.0,8322.47,玉米1501,40462.0,2326.0,2328.0
2014-03-20,C1501,2327.0,2329.0,2323.0,2325.0,1730.0,4023.91,玉米1501,40644.0,2325.0,2325.0
2014-03-21,C1501,2325.0,2328.0,2323.0,2327.0,1980.0,4604.73,玉米1501,40568.0,2325.0,2327.0
2014-03-24,C1501,2327.0,2330.0,2326.0,2330.0,1040.0,2420.69,玉米1501,40816.0,2327.0,2330.0
2014-03-25,C1501,2330.0,2331.0,2324.0,2325.0,2028.0,4722.29,玉米1501,40396.0,2328.0,2325.0
2014-03-26,C1501,2324.0,2340.0,2317.0,2322.0,6496.0,15086.75,玉米1501,43580.0,2322.0,2322.0
2014-03-27,C1501,2322.0,2330.0,2322.0,2327.0,3036.0,7060.85,玉米1501,44242.0,2325.0,2327.0
2014-03-28,C1501,2328.0,2330.0,2322.0,2326.0,3984.0,9263.79,玉米1501,44234.0,2325.0,2326.0
2014-03-31,C1501,2325.0,2327.0,2324.0,2325.0,1684.0,3915.98,玉米1501,45110.0,2325.0,2325.0
2014-04-01,C1501,2326.0,2326.0,2321.0,2323.0,6740.0,15667.98,玉米1501,43740.0,2324.0,2323.0
2014-04-02,C1501,2324.0,2325.0,2315.0,2316.0,6838.0,15864.51,玉米1501,48806.0,2320.0,2316.0
2014-04-03,C1501,2317.0,2320.0,2316.0,2319.0,3556.0,8243.81,玉米1501,49544.0,2318.0,2319.0
2014-04-04,C1501,2319.0,2322.0,2318.0,2321.0,3224.0,7480.62,玉米1501,49956.0,2320.0,2321.0
2014-04-08,C1501,2320.0,2324.0,2318.0,2321.0,3194.0,7409.65,玉米1501,50270.0,2319.0,2321.0
2014-04-09,C1501,2321.0,2322.0,2317.0,2318.0,2134.0,4949.28,玉米1501,50612.0,2319.0,2318.0
2014-04-10,C1501,2318.0,2321.0,2317.0,2319.0,1948.0,4518.29,玉米1501,50606.0,2319.0,2319.0
2014-04-11,C1501,2319.0,2320.0,2317.0,2317.0,2646.0,6134.69,玉米1501,51222.0,2318.0,2317.0
2014-04-14,C1501,2316.0,2326.0,2316.0,2321.0,6986.0,16223.14,玉米1501,49558.0,2322.0,2321.0
2014-04-15,C1501,2323.0,2326.0,2319.0,2324.0,8540.0,19835.64,玉米1501,46494.0,2322.0,2324.0
2014-04-16,C1501,2324.0,2326.0,2320.0,2321.0,3842.0,8924.69,玉米1501,45928.0,2322.0,2321.0
2014-04-17,C1501,2322.0,2326.0,2321.0,2325.0,5132.0,11924.32,玉米1501,44250.0,2323.0,2325.0
2014-04-18,C1501,2325.0,2325.0,2316.0,2319.0,8484.0,19679.15,玉米1501,41946.0,2319.0,2319.0
2014-04-21,C1501,2319.0,2324.0,2317.0,2320.0,8438.0,19585.21,玉米1501,40500.0,2321.0,2320.0
2014-04-22,C1501,2320.0,2329.0,2318.0,2328.0,8448.0,19639.24,玉米1501,37488.0,2324.0,2328.0
2014-04-23,C1501,2328.0,2329.0,2324.0,2326.0,1824.0,4241.51,玉米1501,37062.0,2325.0,2326.0
2014-04-24,C1501,2326.0,2332.0,2325.0,2329.0,2870.0,6681.43,玉米1501,37660.0,2328.0,2329.0
2014-04-25,C1501,2332.0,2336.0,2328.0,2336.0,4682.0,10921.18,玉米1501,39604.0,2332.0,2336.0
2014-04-28,C1501,2339.0,2343.0,2333.0,2339.0,5998.0,14022.57,玉米1501,40358.0,2337.0,2339.0
2014-04-29,C1501,2337.0,2340.0,2332.0,2334.0,1858.0,4340.81,玉米1501,39856.0,2336.0,2334.0
2014-04-30,C1501,2335.0,2339.0,2335.0,2338.0,4280.0,10004.28,玉米1501,38534.0,2337.0,2338.0
2014-05-05,C1501,2336.0,2340.0,2332.0,2339.0,3822.0,8932.54,玉米1501,37270.0,2337.0,2339.0
2014-05-06,C1501,2339.0,2340.0,2334.0,2338.0,2742.0,6405.96,玉米1501,37382.0,2336.0,2338.0
2014-05-07,C1501,2338.0,2339.0,2333.0,2333.0,6370.0,14874.94,玉米1501,37062.0,2335.0,2333.0
2014-05-08,C1501,2333.0,2339.0,2332.0,2336.0,5386.0,12587.23,玉米1501,38542.0,2337.0,2336.0
2014-05-09,C1501,2336.0,2340.0,2335.0,2336.0,3874.0,9054.75,玉米1501,39770.0,2337.0,2336.0
2014-05-12,C1501,2336.0,2340.0,2332.0,2339.0,4924.0,11506.99,玉米1501,42240.0,2336.0,2339.0
2014-05-13,C1501,2335.0,2340.0,2330.0,2331.0,10894.0,25421.27,玉米1501,46400.0,2333.0,2331.0
2014-05-14,C1501,2332.0,2332.0,2323.0,2324.0,13518.0,31467.09,玉米1501,50088.0,2327.0,2324.0
2014-05-15,C1501,2322.0,2327.0,2322.0,2322.0,3666.0,8519.34,玉米1501,51450.0,2323.0,2322.0
2014-05-16,C1501,2321.0,2331.0,2321.0,2323.0,5384.0,12524.05,玉米1501,52360.0,2326.0,2323.0
2014-05-19,C1501,2321.0,2325.0,2319.0,2319.0,7782.0,18066.8,玉米1501,55680.0,2321.0,2319.0
2014-05-20,C1501,2319.0,2323.0,2318.0,2321.0,6108.0,14172.35,玉米1501,57450.0,2320.0,2321.0
2014-05-21,C1501,2321.0,2326.0,2320.0,2324.0,6922.0,16084.46,玉米1501,57212.0,2323.0,2324.0
2014-05-22,C1501,2328.0,2336.0,2328.0,2333.0,12670.0,29528.97,玉米1501,54068.0,2330.0,2333.0
2014-05-23,C1501,2330.0,2333.0,2327.0,2331.0,5420.0,12624.97,玉米1501,54014.0,2329.0,2331.0
2014-05-26,C1501,2331.0,2331.0,2325.0,2325.0,2092.0,4867.63,玉米1501,53540.0,2326.0,2325.0
2014-05-27,C1501,2326.0,2334.0,2323.0,2327.0,6238.0,14522.09,玉米1501,51408.0,2328.0,2327.0
2014-05-28,C1501,2328.0,2332.0,2327.0,2331.0,2576.0,6000.0,玉米1501,50836.0,2329.0,2331.0
2014-05-29,C1501,2333.0,2355.0,2331.0,2339.0,18576.0,43439.23,玉米1501,54372.0,2338.0,2339.0
2014-05-30,C1501,2340.0,2340.0,2333.0,2333.0,3128.0,7304.3,玉米1501,54528.0,2335.0,2333.0
2014-06-03,C1501,2332.0,2335.0,2321.0,2324.0,3654.0,8498.93,玉米1501,55220.0,2325.0,2324.0
2014-06-04,C1501,2322.0,2325.0,2321.0,2324.0,2564.0,5954.15,玉米1501,55484.0,2322.0,2324.0
2014-06-05,C1501,2322.0,2325.0,2318.0,2322.0,2726.0,6325.81,玉米1501,56172.0,2320.0,2322.0
2014-06-06,C1501,2320.0,2324.0,2318.0,2320.0,6650.0,15429.43,玉米1501,58278.0,2320.0,2320.0
2014-06-09,C1501,2320.0,2323.0,2317.0,2321.0,7512.0,17425.93,玉米1501,60690.0,2319.0,2321.0
2014-06-10,C1501,2320.0,2324.0,2319.0,2322.0,2192.0,5089.45,玉米1501,60636.0,2321.0,2322.0
2014-06-11,C1501,2323.0,2326.0,2319.0,2320.0,5116.0,11875.62,玉米1501,62632.0,2321.0,2320.0
2014-06-12,C1501,2321.0,2327.0,2318.0,2322.0,7508.0,17437.63,玉米1501,63728.0,2322.0,2322.0
2014-06-13,C1501,2322.0,2324.0,2320.0,2324.0,4148.0,9628.52,玉米1501,66248.0,2321.0,2324.0
2014-06-16,C1501,2324.0,2330.0,2321.0,2330.0,3760.0,8748.08,玉米1501,64212.0,2326.0,2330.0
2014-06-17,C1501,2330.0,2335.0,2327.0,2334.0,15298.0,35681.97,玉米1501,63700.0,2332.0,2334.0
2014-06-18,C1501,2334.0,2336.0,2329.0,2329.0,4490.0,10462.39,玉米1501,66244.0,2330.0,2329.0
2014-06-19,C1501,2331.0,2341.0,2329.0,2338.0,9178.0,21450.74,玉米1501,69992.0,2337.0,2338.0
2014-06-20,C1501,2338.0,2339.0,2333.0,2335.0,4438.0,10371.56,玉米1501,68686.0,2336.0,2335.0
2014-06-23,C1501,2337.0,2340.0,2335.0,2337.0,4348.0,10161.32,玉米1501,68854.0,2337.0,2337.0
2014-06-24,C1501,2336.0,2340.0,2334.0,2340.0,2470.0,5772.4,玉米1501,68988.0,2337.0,2340.0
2014-06-25,C1501,2340.0,2342.0,2337.0,2341.0,4470.0,10456.56,玉米1501,70550.0,2339.0,2341.0
2014-06-26,C1501,2340.0,2350.0,2340.0,2346.0,10464.0,24550.18,玉米1501,71954.0,2346.0,2346.0
2014-06-27,C1501,2348.0,2349.0,2345.0,2348.0,3820.0,8966.27,玉米1501,72586.0,2347.0,2348.0
2014-06-30,C1501,2346.0,2347.0,2342.0,2345.0,9292.0,21786.94,玉米1501,77576.0,2344.0,2345.0
2014-07-01,C1501,2340.0,2340.0,2334.0,2337.0,14312.0,33451.13,玉米1501,76328.0,2337.0,2337.0
2014-07-02,C1501,2337.0,2344.0,2333.0,2336.0,10308.0,24097.54,玉米1501,77680.0,2337.0,2336.0
2014-07-03,C1501,2334.0,2336.0,2329.0,2329.0,10844.0,25293.61,玉米1501,83960.0,2332.0,2329.0
2014-07-04,C1501,2328.0,2330.0,2317.0,2317.0,28534.0,66300.78,玉米1501,98114.0,2323.0,2317.0
2014-07-07,C1501,2315.0,2317.0,2298.0,2301.0,54422.0,125394.16,玉米1501,110770.0,2304.0,2301.0
2014-07-08,C1501,2300.0,2308.0,2295.0,2303.0,25130.0,57890.64,玉米1501,120604.0,2303.0,2303.0
2014-07-09,C1501,2303.0,2307.0,2299.0,2301.0,28084.0,64649.46,玉米1501,129402.0,2302.0,2301.0
2014-07-10,C1501,2299.0,2315.0,2299.0,2312.0,49494.0,114161.66,玉米1501,128772.0,2306.0,2312.0
2014-07-11,C1501,2310.0,2317.0,2304.0,2308.0,19768.0,45651.21,玉米1501,129048.0,2309.0,2308.0
2014-07-14,C1501,2302.0,2310.0,2299.0,2300.0,40978.0,94377.62,玉米1501,151342.0,2303.0,2300.0
2014-07-15,C1501,2299.0,2305.0,2287.0,2298.0,95916.0,220165.75,玉米1501,175266.0,2295.0,2298.0
2014-07-16,C1501,2298.0,2326.0,2290.0,2321.0,80674.0,185987.07,玉米1501,165196.0,2305.0,2321.0
2014-07-17,C1501,2317.0,2331.0,2316.0,2321.0,47266.0,109804.03,玉米1501,156302.0,2323.0,2321.0
2014-07-18,C1501,2323.0,2329.0,2316.0,2324.0,24500.0,56917.72,玉米1501,158680.0,2323.0,2324.0
2014-07-21,C1501,2322.0,2328.0,2318.0,2323.0,21198.0,49230.57,玉米1501,161274.0,2322.0,2323.0
2014-07-22,C1501,2321.0,2337.0,2319.0,2335.0,36482.0,85041.69,玉米1501,156196.0,2331.0,2335.0
2014-07-23,C1501,2336.0,2342.0,2321.0,2323.0,27918.0,65070.27,玉米1501,157904.0,2330.0,2323.0
2014-07-24,C1501,2323.0,2331.0,2322.0,2327.0,13534.0,31502.58,玉米1501,158580.0,2327.0,2327.0
2014-07-25,C1501,2330.0,2336.0,2327.0,2332.0,17230.0,40175.57,玉米1501,155882.0,2331.0,2332.0
2014-07-28,C1501,2335.0,2340.0,2331.0,2333.0,19458.0,45458.02,玉米1501,160630.0,2336.0,2333.0
2014-07-29,C1501,2335.0,2357.0,2333.0,2350.0,125844.0,295456.05,玉米1501,176218.0,2347.0,2350.0
2014-07-30,C1501,2347.0,2352.0,2327.0,2350.0,63892.0,149994.22,玉米1501,181278.0,2347.0,2350.0
2014-07-31,C1501,2350.0,2371.0,2348.0,2367.0,135840.0,321331.28,玉米1501,222398.0,2365.0,2367.0
2014-08-01,C1501,2367.0,2370.0,2362.0,2369.0,62668.0,148326.22,玉米1501,238474.0,2366.0,2369.0
2014-08-04,C1501,2372.0,2399.0,2371.0,2389.0,256176.0,611945.82,玉米1501,312912.0,2388.0,2389.0
2014-08-05,C1501,2390.0,2394.0,2374.0,2377.0,178780.0,425525.55,玉米1501,315272.0,2380.0,2377.0
2014-08-06,C1501,2376.0,2384.0,2368.0,2373.0,73620.0,174893.45,玉米1501,302716.0,2375.0,2373.0
2014-08-07,C1501,2376.0,2384.0,2369.0,2374.0,56214.0,133534.57,玉米1501,293942.0,2375.0,2374.0
2014-08-08,C1501,2374.0,2382.0,2371.0,2376.0,56476.0,134236.01,玉米1501,298198.0,2376.0,2376.0
2014-08-11,C1501,2380.0,2389.0,2377.0,2388.0,94354.0,225032.4,玉米1501,304094.0,2384.0,2388.0
2014-08-12,C1501,2388.0,2411.0,2383.0,2408.0,206148.0,494031.83,玉米1501,311194.0,2396.0,2408.0
2014-08-13,C1501,2410.0,2414.0,2391.0,2399.0,147478.0,354317.38,玉米1501,300232.0,2402.0,2399.0
2014-08-14,C1501,2400.0,2410.0,2393.0,2400.0,149514.0,358929.03,玉米1501,279510.0,2400.0,2400.0
2014-08-15,C1501,2401.0,2421.0,2396.0,2415.0,164612.0,396918.41,玉米1501,305496.0,2411.0,2415.0
2014-08-18,C1501,2415.0,2418.0,2404.0,2406.0,87016.0,209553.86,玉米1501,288536.0,2408.0,2406.0
2014-08-19,C1501,2404.0,2404.0,2312.0,2382.0,196832.0,469261.74,玉米1501,264542.0,2384.0,2382.0
2014-08-20,C1501,2383.0,2396.0,2382.0,2385.0,59474.0,141942.86,玉米1501,263080.0,2386.0,2385.0
2014-08-21,C1501,2384.0,2389.0,2380.0,2385.0,40828.0,97355.44,玉米1501,253562.0,2384.0,2385.0
2014-08-22,C1501,2388.0,2399.0,2386.0,2394.0,51338.0,122907.19,玉米1501,258808.0,2394.0,2394.0
2014-08-25,C1501,2386.0,2396.0,2384.0,2390.0,58160.0,139093.85,玉米1501,257560.0,2391.0,2390.0
2014-08-26,C1501,2392.0,2395.0,2387.0,2391.0,39724.0,94951.97,玉米1501,260120.0,2390.0,2391.0
2014-08-27,C1501,2388.0,2396.0,2388.0,2396.0,33844.0,81047.21,玉米1501,260952.0,2394.0,2396.0
2014-08-28,C1501,2395.0,2398.0,2383.0,2386.0,61386.0,146587.75,玉米1501,262796.0,2387.0,2386.0
2014-08-29,C1501,2386.0,2387.0,2373.0,2374.0,82854.0,197115.49,玉米1501,273358.0,2379.0,2374.0
2014-09-01,C1501,2375.0,2384.0,2366.0,2377.0,83908.0,199113.44,玉米1501,277600.0,2372.0,2377.0
2014-09-02,C1501,2377.0,2388.0,2373.0,2380.0,59064.0,140719.53,玉米1501,276220.0,2382.0,2380.0
2014-09-03,C1501,2376.0,2387.0,2376.0,2385.0,33972.0,80959.7,玉米1501,276462.0,2383.0,2385.0
2014-09-04,C1501,2384.0,2395.0,2379.0,2388.0,48458.0,115742.16,玉米1501,277474.0,2388.0,2388.0
2014-09-05,C1501,2387.0,2389.0,2375.0,2378.0,70528.0,167814.59,玉米1501,277466.0,2379.0,2378.0
2014-09-09,C1501,2376.0,2384.0,2371.0,2378.0,39696.0,94453.88,玉米1501,275650.0,2379.0,2378.0
2014-09-10,C1501,2378.0,2380.0,2367.0,2369.0,57712.0,136891.31,玉米1501,272924.0,2371.0,2369.0
2014-09-11,C1501,2368.0,2373.0,2357.0,2363.0,81060.0,191567.91,玉米1501,272716.0,2363.0,2363.0
2014-09-12,C1501,2361.0,2377.0,2360.0,2374.0,52568.0,124584.67,玉米1501,270836.0,2369.0,2374.0
2014-09-15,C1501,2371.0,2376.0,2371.0,2374.0,37098.0,88056.47,玉米1501,262090.0,2373.0,2374.0
2014-09-16,C1501,2385.0,2385.0,2361.0,2362.0,57392.0,136089.33,玉米1501,259788.0,2371.0,2362.0
2014-09-17,C1501,2352.0,2371.0,2352.0,2369.0,42710.0,101030.3,玉米1501,256524.0,2365.0,2369.0
2014-09-18,C1501,2366.0,2371.0,2356.0,2357.0,58196.0,137428.78,玉米1501,264828.0,2361.0,2357.0
2014-09-19,C1501,2356.0,2365.0,2356.0,2361.0,51022.0,120437.81,玉米1501,266326.0,2360.0,2361.0
2014-09-22,C1501,2358.0,2364.0,2343.0,2359.0,118574.0,279019.43,玉米1501,285976.0,2353.0,2359.0
2014-09-23,C1501,2358.0,2360.0,2348.0,2348.0,51352.0,120828.43,玉米1501,292008.0,2352.0,2348.0
2014-09-24,C1501,2343.0,2360.0,2343.0,2354.0,60972.0,143553.17,玉米1501,284668.0,2354.0,2354.0
2014-09-25,C1501,2354.0,2358.0,2352.0,2354.0,28142.0,66263.14,玉米1501,277512.0,2354.0,2354.0
2014-09-26,C1501,2346.0,2357.0,2346.0,2356.0,38050.0,89553.78,玉米1501,266808.0,2353.0,2356.0
2014-09-29,C1501,2361.0,2365.0,2354.0,2360.0,52598.0,124045.84,玉米1501,247562.0,2358.0,2360.0
2014-09-30,C1501,2360.0,2362.0,2354.0,2358.0,30094.0,70965.17,玉米1501,234412.0,2358.0,2358.0
2014-10-08,C1501,2365.0,2365.0,2347.0,2355.0,28584.0,67298.0,玉米1501,233882.0,2354.0,2355.0
2014-10-09,C1501,2353.0,2355.0,2339.0,2347.0,67538.0,158433.17,玉米1501,237134.0,2345.0,2347.0
2014-10-10,C1501,2347.0,2349.0,2329.0,2340.0,108662.0,253991.45,玉米1501,255934.0,2337.0,2340.0
2014-10-13,C1501,2339.0,2351.0,2333.0,2341.0,49000.0,114850.17,玉米1501,244966.0,2343.0,2341.0
2014-10-14,C1501,2350.0,2350.0,2338.0,2347.0,40670.0,95379.51,玉米1501,229770.0,2345.0,2347.0
2014-10-15,C1501,2350.0,2352.0,2345.0,2351.0,27702.0,65092.13,玉米1501,219574.0,2349.0,2351.0
2014-10-16,C1501,2350.0,2360.0,2345.0,2360.0,39880.0,93908.75,玉米1501,195690.0,2354.0,2360.0
2014-10-17,C1501,2360.0,2360.0,2350.0,2356.0,29272.0,68952.4,玉米1501,186990.0,2355.0,2356.0
2014-10-20,C1501,2356.0,2357.0,2348.0,2349.0,36838.0,86686.03,玉米1501,184932.0,2353.0,2349.0
2014-10-21,C1501,2349.0,2349.0,2333.0,2337.0,38390.0,89841.32,玉米1501,183358.0,2340.0,2337.0
2014-10-22,C1501,2339.0,2340.0,2330.0,2333.0,30688.0,71611.69,玉米1501,171690.0,2333.0,2333.0
2014-10-23,C1501,2332.0,2340.0,2332.0,2337.0,19838.0,46350.47,玉米1501,161410.0,2336.0,2337.0
2014-10-24,C1501,2340.0,2346.0,2338.0,2345.0,31042.0,72675.65,玉米1501,151232.0,2341.0,2345.0
2014-10-27,C1501,2343.0,2347.0,2338.0,2340.0,17574.0,41144.34,玉米1501,146118.0,2341.0,2340.0
2014-10-28,C1501,2340.0,2346.0,2340.0,2346.0,14340.0,33604.9,玉米1501,139720.0,2343.0,2346.0
2014-10-28,C1501,,,,6.17,0.0,,欧盟排放配额1501,0.0,6.17,6.17
2014-10-29,C1501,2346.0,2349.0,2343.0,2345.0,8432.0,19783.22,玉米1501,134966.0,2346.0,2345.0
2014-10-29,C1501,,,,6.43,0.0,,欧盟排放配额1501,0.0,6.43,6.43
2014-10-30,C1501,2346.0,2361.0,2346.0,2350.0,26818.0,63129.23,玉米1501,126548.0,2353.0,2350.0
2014-10-30,C1501,,,,6.43,0.0,,欧盟排放配额1501,0.0,6.43,6.43
2014-10-31,C1501,2343.0,2349.0,2343.0,2346.0,16238.0,38095.71,玉米1501,120368.0,2346.0,2346.0
2014-10-31,C1501,,,,6.36,0.0,,欧盟排放配额1501,0.0,6.36,6.36
2014-11-03,C1501,2349.0,2355.0,2342.0,2353.0,13722.0,32242.04,玉米1501,120664.0,2349.0,2353.0
2014-11-03,C1501,,,,6.6,0.0,,欧盟排放配额1501,0.0,6.6,6.6
2014-11-04,C1501,2352.0,2359.0,2350.0,2356.0,15422.0,36332.61,玉米1501,118438.0,2355.0,2356.0
2014-11-04,C1501,,,,6.51,0.0,,欧盟排放配额1501,0.0,6.51,6.51
2014-11-05,C1501,2354.0,2360.0,2354.0,2358.0,6572.0,15493.25,玉米1501,115626.0,2357.0,2358.0
2014-11-05,C1501,,,,6.67,0.0,,欧盟排放配额1501,0.0,6.67,6.67
2014-11-06,C1501,2358.0,2365.0,2353.0,2361.0,9512.0,22439.69,玉米1501,113182.0,2359.0,2361.0
2014-11-06,C1501,,,,6.65,0.0,,欧盟排放配额1501,0.0,6.65,6.65
2014-11-07,C1501,2363.0,2363.0,2356.0,2359.0,7122.0,16799.48,玉米1501,110180.0,2358.0,2359.0
2014-11-07,C1501,,,,6.78,0.0,,欧盟排放配额1501,0.0,6.78,6.78
2014-11-10,C1501,2357.0,2365.0,2357.0,2359.0,6944.0,16385.63,玉米1501,107942.0,2359.0,2359.0
2014-11-10,C1501,,,,6.74,0.0,,欧盟排放配额1501,0.0,6.74,6.74
2014-11-11,C1501,2359.0,2363.0,2359.0,2361.0,7788.0,18385.72,玉米1501,103636.0,2360.0,2361.0
2014-11-11,C1501,,,,6.82,0.0,,欧盟排放配额1501,0.0,6.82,6.82
2014-11-12,C1501,2363.0,2370.0,2360.0,2368.0,12974.0,30690.72,玉米1501,97494.0,2365.0,2368.0
2014-11-12,C1501,,,,6.87,0.0,,欧盟排放配额1501,0.0,6.87,6.87
2014-11-13,C1501,2368.0,2368.0,2363.0,2364.0,4324.0,10227.77,玉米1501,95734.0,2365.0,2364.0
2014-11-13,C1501,,,,6.81,0.0,,欧盟排放配额1501,0.0,6.81,6.81
2014-11-14,C1501,2365.0,2373.0,2365.0,2368.0,14278.0,33817.33,玉米1501,86426.0,2368.0,2368.0
2014-11-14,C1501,,,,6.63,0.0,,欧盟排放配额1501,0.0,6.63,6.63
2014-11-17,C1501,2367.0,2379.0,2367.0,2376.0,6554.0,15549.13,玉米1501,82872.0,2372.0,2376.0
2014-11-17,C1501,,,,6.91,0.0,,欧盟排放配额1501,0.0,6.91,6.91
2014-11-18,C1501,2376.0,2376.0,2371.0,2375.0,7262.0,17243.01,玉米1501,79302.0,2374.0,2375.0
2014-11-18,C1501,,,,7.03,0.0,,欧盟排放配额1501,0.0,7.03,7.03
2014-11-19,C1501,2372.0,2375.0,2368.0,2371.0,12118.0,28729.08,玉米1501,72048.0,2370.0,2371.0
2014-11-19,C1501,,,,7.05,0.0,,欧盟排放配额1501,0.0,7.05,7.05
2014-11-20,C1501,2370.0,2370.0,2368.0,2369.0,3174.0,7519.47,玉米1501,70534.0,2369.0,2369.0
2014-11-20,C1501,,,,6.97,0.0,,欧盟排放配额1501,0.0,6.97,6.97
2014-11-21,C1501,2371.0,2372.0,2369.0,2371.0,4234.0,10036.1,玉米1501,67362.0,2370.0,2371.0
2014-11-21,C1501,,,,7.01,0.0,,欧盟排放配额1501,0.0,7.01,7.01
2014-11-24,C1501,2370.0,2370.0,2359.0,2362.0,6466.0,15278.9,玉米1501,63806.0,2362.0,2362.0
2014-11-24,C1501,,,,7.06,0.0,,欧盟排放配额1501,0.0,7.06,7.06
2014-11-25,C1501,2362.0,2380.0,2359.0,2379.0,11422.0,27044.84,玉米1501,60456.0,2367.0,2379.0
2014-11-25,C1501,,,,7.13,0.0,,欧盟排放配额1501,0.0,7.13,7.13
2014-11-26,C1501,2377.0,2390.0,2377.0,2389.0,6102.0,14552.1,玉米1501,59784.0,2384.0,2389.0
2014-11-26,C1501,,,,7.2,0.0,,欧盟排放配额1501,0.0,7.2,7.2
2014-11-27,C1501,2389.0,2392.0,2386.0,2392.0,7020.0,16771.45,玉米1501,56244.0,2389.0,2392.0
2014-11-27,C1501,,,,7.1,0.0,,欧盟排放配额1501,0.0,7.1,7.1
2014-11-28,C1501,2396.0,2413.0,2396.0,2398.0,10962.0,26351.35,玉米1501,55358.0,2403.0,2398.0
2014-11-28,C1501,,,,7.05,0.0,,欧盟排放配额1501,0.0,7.05,7.05
2014-12-01,C1501,2394.0,2395.0,2375.0,2379.0,9234.0,22033.44,玉米1501,51664.0,2386.0,2379.0
2014-12-01,C1501,,,,7.08,0.0,,欧盟排放配额1501,0.0,7.08,7.08
2014-12-02,C1501,2380.0,2388.0,2378.0,2383.0,2564.0,6110.43,玉米1501,50926.0,2383.0,2383.0
2014-12-02,C1501,,,,6.86,0.0,,欧盟排放配额1501,0.0,6.86,6.86
2014-12-03,C1501,2380.0,2387.0,2377.0,2385.0,3050.0,7264.78,玉米1501,48626.0,2381.0,2385.0
2014-12-03,C1501,,,,6.9,0.0,,欧盟排放配额1501,0.0,6.9,6.9
2014-12-04,C1501,2385.0,2398.0,2385.0,2395.0,6280.0,15028.61,玉米1501,44154.0,2393.0,2395.0
2014-12-04,C1501,,,,6.85,0.0,,欧盟排放配额1501,0.0,6.85,6.85
2014-12-05,C1501,2395.0,2399.0,2395.0,2397.0,4924.0,11809.44,玉米1501,39982.0,2398.0,2397.0
2014-12-05,C1501,,,,6.67,500.0,,欧盟排放配额1501,500.0,6.67,6.67
2014-12-08,C1501,2400.0,2400.0,2383.0,2389.0,6210.0,14857.64,玉米1501,36918.0,2392.0,2389.0
2014-12-08,C1501,,,,6.67,0.0,,欧盟排放配额1501,500.0,6.67,6.67
2014-12-09,C1501,2388.0,2390.0,2385.0,2387.0,2058.0,4912.43,玉米1501,35784.0,2386.0,2387.0
2014-12-09,C1501,,,,6.75,0.0,,欧盟排放配额1501,500.0,6.75,6.75
2014-12-10,C1501,2390.0,2390.0,2377.0,2385.0,4090.0,9749.4,玉米1501,33416.0,2383.0,2385.0
2014-12-10,C1501,,,,6.57,0.0,,欧盟排放配额1501,500.0,6.57,6.57
2014-12-11,C1501,2385.0,2386.0,2379.0,2380.0,992.0,2363.7,玉米1501,32856.0,2382.0,2380.0
2014-12-11,C1501,,,,6.74,0.0,,欧盟排放配额1501,500.0,6.74,6.74
2014-12-12,C1501,2377.0,2383.0,2362.0,2379.0,4328.0,10287.83,玉米1501,29396.0,2377.0,2379.0
2014-12-12,C1501,,,,6.67,0.0,,欧盟排放配额1501,500.0,6.67,6.67
2014-12-15,C1501,2378.0,2381.0,2370.0,2372.0,2182.0,5180.7,玉米1501,27754.0,2374.0,2372.0
2014-12-15,C1501,,,,6.9,0.0,,欧盟排放配额1501,500.0,6.9,6.9
2014-12-16,C1501,2373.0,2374.0,2367.0,2368.0,1028.0,2436.67,玉米1501,27222.0,2370.0,2368.0
2014-12-16,C1501,6.95,6.95,6.85,6.85,1647.0,,欧盟排放配额1501,2114.0,6.91,6.85
2014-12-17,C1501,2369.0,2370.0,2363.0,2365.0,1582.0,3744.55,玉米1501,26020.0,2366.0,2365.0
2014-12-17,C1501,6.98,6.99,6.95,6.95,55.0,,欧盟排放配额1501,2135.0,6.99,6.95
2014-12-18,C1501,2365.0,2368.0,2352.0,2358.0,3856.0,9095.37,玉米1501,22778.0,2358.0,2358.0
2014-12-18,C1501,7.0,7.0,7.0,7.0,3.0,,欧盟排放配额1501,2135.0,7.04,7.0
2014-12-19,C1501,2360.0,2361.0,2325.0,2326.0,4420.0,10343.1,玉米1501,20196.0,2340.0,2326.0
2014-12-19,C1501,7.08,7.08,7.04,7.04,444.0,,欧盟排放配额1501,2141.0,7.08,7.04
2014-12-22,C1501,2325.0,2325.0,2267.0,2272.0,9416.0,21524.72,玉米1501,13930.0,2285.0,2272.0
2014-12-22,C1501,7.08,7.1,7.08,7.08,67.0,,欧盟排放配额1501,2190.0,7.11,7.08
2014-12-23,C1501,2269.0,2290.0,2268.0,2281.0,1280.0,2921.6,玉米1501,13192.0,2282.0,2281.0
2014-12-23,C1501,7.18,7.18,7.18,7.18,350.0,,欧盟排放配额1501,2540.0,7.25,7.18
2014-12-24,C1501,2290.0,2290.0,2277.0,2284.0,1002.0,2287.51,玉米1501,12540.0,2282.0,2284.0
2014-12-24,C1501,,,,7.37,0.0,,欧盟排放配额1501,2540.0,7.37,7.37
2014-12-25,C1501,2282.0,2286.0,2272.0,2272.0,888.0,2023.78,玉米1501,12076.0,2279.0,2272.0
2014-12-26,C1501,2271.0,2278.0,2270.0,2275.0,874.0,1987.84,玉米1501,11714.0,2274.0,2275.0
2014-12-26,C1501,,,,7.37,0.0,,欧盟排放配额1501,2540.0,7.37,7.37
2014-12-29,C1501,2282.0,2299.0,2280.0,2284.0,1778.0,4063.49,玉米1501,11164.0,2285.0,2284.0
2014-12-29,C1501,7.17,7.25,7.17,7.25,160.0,,欧盟排放配额1501,2700.0,7.25,7.25
2014-12-30,C1501,2286.0,2294.0,2283.0,2291.0,1964.0,4493.14,玉米1501,10538.0,2287.0,2291.0
2014-12-30,C1501,7.25,7.26,7.18,7.18,207.0,,欧盟排放配额1501,2900.0,7.21,7.18
2014-12-31,C1501,2291.0,2291.0,2238.0,2265.0,1990.0,4520.77,玉米1501,9516.0,2271.0,2265.0
2014-12-31,C1501,,,,7.25,0.0,,欧盟排放配额1501,2900.0,7.25,7.25
2015-01-02,C1501,,,,7.01,0.0,,欧盟排放配额1501,2900.0,7.01,7.01
2015-01-05,C1501,2251.0,2271.0,2245.0,2255.0,5862.0,13236.34,玉米1501,7506.0,2257.0,2255.0
2015-01-05,C1501,6.92,6.92,6.9,6.9,87.0,,欧盟排放配额1501,2951.0,6.9,6.9
2015-01-06,C1501,2240.0,2240.0,2240.0,2240.0,170.0,380.8,玉米1501,3434.0,2240.0,2240.0
2015-01-06,C1501,6.8,6.84,6.7,6.78,590.0,,欧盟排放配额1501,3541.0,6.77,6.78
2015-01-07,C1501,2228.0,2249.0,2228.0,2235.0,374.0,833.95,玉米1501,3256.0,2229.0,2235.0
2015-01-07,C1501,6.71,6.71,6.66,6.66,709.0,,欧盟排放配额1501,4250.0,6.78,6.66
2015-01-08,C1501,2235.0,2249.0,2235.0,2249.0,6.0,13.47,玉米1501,3256.0,2244.0,2249.0
2015-01-08,C1501,6.7,6.7,6.7,6.7,998.0,,欧盟排放配额1501,5248.0,6.81,6.7
2015-01-09,C1501,2239.0,2239.0,2230.0,2235.0,46.0,102.74,玉米1501,2282.0,2233.0,2235.0
2015-01-09,C1501,6.71,6.71,6.71,6.71,556.0,,欧盟排放配额1501,5803.0,6.71,6.71
2015-01-12,C1501,2250.0,2250.0,2250.0,2250.0,2.0,4.5,玉米1501,2280.0,2250.0,2250.0
2015-01-12,C1501,6.65,6.65,6.63,6.63,40.0,,欧盟排放配额1501,5843.0,6.71,6.63
2015-01-13,C1501,2280.0,2280.0,2250.0,2250.0,116.0,264.0,玉米1501,2164.0,2275.0,2250.0
2015-01-13,C1501,6.86,7.31,6.86,7.3,882.0,,欧盟排放配额1501,6699.0,7.29,7.3
2015-01-14,C1501,0.0,0.0,0.0,2268.0,0.0,0.0,玉米1501,2164.0,2268.0,2268.0
2015-01-14,C1501,7.2,7.23,7.2,7.23,487.0,,欧盟排放配额1501,7120.0,7.16,7.23
2015-01-15,C1501,2250.0,2270.0,2250.0,2270.0,6.0,13.54,玉米1501,2158.0,2256.0,2270.0
2015-01-15,C1501,7.17,7.17,7.07,7.07,1210.0,,欧盟排放配额1501,8310.0,7.12,7.07
2015-01-16,C1501,0.0,0.0,0.0,2256.0,0.0,0.0,玉米1501,0.0,2256.0,2256.0
2015-01-16,C1501,7.12,7.13,7.11,7.11,1831.0,,欧盟排放配额1501,10111.0,7.13,7.11
2015-01-19,C1501,7.07,7.22,7.03,7.22,201.0,,欧盟排放配额1501,10272.0,7.21,7.22
2015-01-20,C1501,7.1,7.1,7.1,7.1,100.0,,欧盟排放配额1501,10211.0,7.16,7.1
2015-01-21,C1501,7.23,7.34,7.22,7.34,10066.0,,欧盟排放配额1501,19230.0,7.32,7.34
2015-01-22,C1501,7.34,7.34,6.77,6.77,3353.0,,欧盟排放配额1501,21356.0,6.76,6.77
2015-01-23,C1501,6.91,6.92,6.8,6.8,1899.0,,欧盟排放配额1501,23110.0,6.8,6.8
2015-01-26,C1501,6.82,6.82,6.77,6.77,4.0,,欧盟排放配额1501,23114.0,6.85,6.77
