date,symbol,open,high,low,close,volume,amount,name,openinterest,settleprice,price
2014-11-17,C1511,2344.0,2345.0,2330.0,2335.0,482.0,1129.56,玉米1511,414.0,2343.0,2335.0
2014-11-18,C1511,2336.0,2338.0,2311.0,2311.0,42.0,97.68,玉米1511,428.0,2325.0,2311.0
2014-11-19,C1511,2320.0,2320.0,2272.0,2277.0,46.0,105.07,玉米1511,412.0,2284.0,2277.0
2014-11-20,C1511,2255.0,2278.0,2255.0,2271.0,170.0,384.36,玉米1511,270.0,2260.0,2271.0
2014-11-21,C1511,2272.0,2277.0,2262.0,2277.0,72.0,163.66,玉米1511,278.0,2273.0,2277.0
2014-11-24,C1511,2263.0,2281.0,2263.0,2281.0,106.0,241.42,玉米1511,292.0,2277.0,2281.0
2014-11-25,C1511,2273.0,2285.0,2268.0,2285.0,32.0,72.79,玉米1511,296.0,2274.0,2285.0
2014-11-26,C1511,2285.0,2285.0,2285.0,2285.0,4.0,9.14,玉米1511,296.0,2285.0,2285.0
2014-11-27,C1511,2272.0,2289.0,2272.0,2286.0,28.0,63.9,玉米1511,292.0,2282.0,2286.0
2014-11-28,C1511,2298.0,2298.0,2288.0,2292.0,34.0,77.92,玉米1511,306.0,2291.0,2292.0
2014-12-01,C1511,2289.0,2289.0,2279.0,2280.0,20.0,45.62,玉米1511,310.0,2280.0,2280.0
2014-12-02,C1511,2278.0,2285.0,2278.0,2285.0,6.0,13.69,玉米1511,310.0,2281.0,2285.0
2014-12-03,C1511,2282.0,2283.0,2278.0,2280.0,14.0,31.92,玉米1511,314.0,2279.0,2280.0
2014-12-04,C1511,2284.0,2291.0,2284.0,2285.0,22.0,50.33,玉米1511,320.0,2287.0,2285.0
2014-12-05,C1511,2291.0,2293.0,2285.0,2293.0,8.0,18.32,玉米1511,322.0,2290.0,2293.0
2014-12-08,C1511,2299.0,2300.0,2293.0,2296.0,28.0,64.32,玉米1511,322.0,2297.0,2296.0
2014-12-09,C1511,2295.0,2304.0,2295.0,2304.0,16.0,36.79,玉米1511,328.0,2298.0,2304.0
2014-12-10,C1511,2309.0,2309.0,2302.0,2302.0,20.0,46.09,玉米1511,328.0,2304.0,2302.0
2014-12-11,C1511,2302.0,2304.0,2300.0,2302.0,38.0,87.44,玉米1511,326.0,2300.0,2302.0
2014-12-12,C1511,2305.0,2305.0,2292.0,2293.0,20.0,45.92,玉米1511,330.0,2295.0,2293.0
2014-12-15,C1511,2295.0,2295.0,2289.0,2292.0,40.0,91.63,玉米1511,352.0,2290.0,2292.0
2014-12-16,C1511,2288.0,2292.0,2282.0,2291.0,42.0,96.02,玉米1511,352.0,2286.0,2291.0
2014-12-17,C1511,2281.0,2289.0,2281.0,2282.0,14.0,31.97,玉米1511,352.0,2283.0,2282.0
2014-12-18,C1511,2285.0,2285.0,2285.0,2285.0,2.0,4.57,玉米1511,352.0,2285.0,2285.0
2014-12-19,C1511,2285.0,2285.0,2282.0,2284.0,8.0,18.27,玉米1511,356.0,2283.0,2284.0
2014-12-22,C1511,2277.0,2277.0,2246.0,2246.0,128.0,289.81,玉米1511,382.0,2264.0,2246.0
2014-12-23,C1511,2250.0,2250.0,2204.0,2207.0,252.0,559.12,玉米1511,564.0,2218.0,2207.0
2014-12-24,C1511,2226.0,2226.0,2203.0,2214.0,196.0,433.24,玉米1511,650.0,2210.0,2214.0
2014-12-25,C1511,2211.0,2217.0,2200.0,2213.0,96.0,212.17,玉米1511,690.0,2210.0,2213.0
2014-12-26,C1511,2202.0,2220.0,2202.0,2215.0,76.0,168.3,玉米1511,698.0,2214.0,2215.0
2014-12-29,C1511,2216.0,2231.0,2216.0,2231.0,84.0,187.15,玉米1511,714.0,2227.0,2231.0
2014-12-30,C1511,2236.0,2257.0,2232.0,2246.0,188.0,421.89,玉米1511,668.0,2244.0,2246.0
2014-12-31,C1511,2242.0,2243.0,2230.0,2235.0,54.0,120.66,玉米1511,696.0,2234.0,2235.0
2015-01-05,C1511,2223.0,2229.0,2220.0,2229.0,106.0,235.81,玉米1511,756.0,2224.0,2229.0
2015-01-06,C1511,2240.0,2240.0,2233.0,2234.0,70.0,156.62,玉米1511,770.0,2237.0,2234.0
2015-01-07,C1511,2238.0,2246.0,2212.0,2241.0,108.0,241.72,玉米1511,784.0,2238.0,2241.0
2015-01-08,C1511,2240.0,2255.0,2237.0,2253.0,92.0,206.7,玉米1511,750.0,2246.0,2253.0
2015-01-09,C1511,2250.0,2250.0,2234.0,2243.0,78.0,174.74,玉米1511,738.0,2240.0,2243.0
2015-01-12,C1511,2245.0,2248.0,2244.0,2248.0,32.0,71.87,玉米1511,738.0,2245.0,2248.0
2015-01-13,C1511,2240.0,2249.0,2240.0,2247.0,52.0,116.69,玉米1511,736.0,2243.0,2247.0
2015-01-14,C1511,2239.0,2244.0,2223.0,2235.0,138.0,308.05,玉米1511,694.0,2232.0,2235.0
2015-01-15,C1511,2238.0,2243.0,2235.0,2243.0,66.0,147.69,玉米1511,694.0,2237.0,2243.0
2015-01-16,C1511,2238.0,2243.0,2238.0,2239.0,12.0,26.88,玉米1511,690.0,2239.0,2239.0
2015-01-19,C1511,2247.0,2268.0,2246.0,2257.0,132.0,298.06,玉米1511,688.0,2258.0,2257.0
2015-01-20,C1511,2257.0,2270.0,2256.0,2260.0,86.0,194.57,玉米1511,634.0,2262.0,2260.0
2015-01-21,C1511,2260.0,2277.0,2260.0,2275.0,138.0,313.63,玉米1511,518.0,2272.0,2275.0
2015-01-22,C1511,2275.0,2281.0,2270.0,2281.0,56.0,127.5,玉米1511,508.0,2276.0,2281.0
2015-01-23,C1511,2275.0,2275.0,2270.0,2274.0,46.0,104.51,玉米1511,490.0,2271.0,2274.0
2015-01-26,C1511,2278.0,2284.0,2278.0,2284.0,18.0,41.02,玉米1511,474.0,2278.0,2284.0
2015-01-27,C1511,2295.0,2305.0,2290.0,2302.0,120.0,275.82,玉米1511,458.0,2298.0,2302.0
2015-01-28,C1511,2299.0,2299.0,2288.0,2299.0,86.0,197.28,玉米1511,416.0,2293.0,2299.0
2015-01-29,C1511,2299.0,2304.0,2299.0,2304.0,14.0,32.2,玉米1511,414.0,2299.0,2304.0
2015-01-30,C1511,2312.0,2312.0,2302.0,2302.0,52.0,120.16,玉米1511,410.0,2310.0,2302.0
2015-02-02,C1511,2295.0,2302.0,2295.0,2302.0,40.0,91.89,玉米1511,388.0,2297.0,2302.0
2015-02-03,C1511,2304.0,2309.0,2303.0,2309.0,14.0,32.3,玉米1511,376.0,2306.0,2309.0
2015-02-04,C1511,2315.0,2330.0,2315.0,2326.0,52.0,120.94,玉米1511,352.0,2325.0,2326.0
2015-02-05,C1511,2332.0,2349.0,2328.0,2328.0,30.0,70.19,玉米1511,342.0,2339.0,2328.0
2015-02-06,C1511,2326.0,2329.0,2312.0,2329.0,10.0,23.24,玉米1511,342.0,2323.0,2329.0
2015-02-09,C1511,2334.0,2339.0,2330.0,2336.0,30.0,70.01,玉米1511,334.0,2333.0,2336.0
2015-02-10,C1511,2334.0,2343.0,2334.0,2335.0,36.0,84.1,玉米1511,326.0,2336.0,2335.0
2015-02-11,C1511,2325.0,2325.0,2316.0,2316.0,30.0,69.56,玉米1511,314.0,2318.0,2316.0
2015-02-12,C1511,2313.0,2313.0,2312.0,2312.0,6.0,13.88,玉米1511,308.0,2312.0,2312.0
2015-02-13,C1511,2310.0,2311.0,2310.0,2311.0,6.0,13.87,玉米1511,304.0,2310.0,2311.0
2015-02-16,C1511,2300.0,2306.0,2300.0,2306.0,10.0,23.02,玉米1511,300.0,2301.0,2306.0
2015-02-17,C1511,2302.0,2302.0,2271.0,2286.0,44.0,100.52,玉米1511,294.0,2284.0,2286.0
2015-02-25,C1511,2294.0,2300.0,2269.0,2269.0,14.0,32.11,玉米1511,298.0,2293.0,2269.0
2015-02-26,C1511,2272.0,2309.0,2272.0,2309.0,50.0,114.78,玉米1511,328.0,2295.0,2309.0
2015-02-27,C1511,2300.0,2321.0,2300.0,2318.0,50.0,115.72,玉米1511,306.0,2314.0,2318.0
2015-03-02,C1511,2324.0,2330.0,2317.0,2321.0,50.0,116.05,玉米1511,276.0,2320.0,2321.0
2015-03-03,C1511,2328.0,2328.0,2320.0,2325.0,14.0,32.52,玉米1511,272.0,2322.0,2325.0
2015-03-04,C1511,2328.0,2340.0,2328.0,2340.0,48.0,112.08,玉米1511,270.0,2334.0,2340.0
2015-03-05,C1511,2328.0,2345.0,2328.0,2336.0,36.0,84.08,玉米1511,266.0,2335.0,2336.0
2015-03-06,C1511,2316.0,2332.0,2292.0,2330.0,58.0,134.6,玉米1511,238.0,2320.0,2330.0
2015-03-09,C1511,2334.0,2335.0,2317.0,2319.0,24.0,55.82,玉米1511,240.0,2325.0,2319.0
2015-03-10,C1511,2329.0,2338.0,2329.0,2338.0,12.0,27.99,玉米1511,240.0,2331.0,2338.0
2015-03-11,C1511,2332.0,2332.0,2332.0,2332.0,2.0,4.67,玉米1511,240.0,2332.0,2332.0
2015-03-12,C1511,0.0,0.0,0.0,2332.0,0.0,0.0,玉米1511,240.0,2332.0,2332.0
2015-03-13,C1511,2324.0,2324.0,2324.0,2324.0,2.0,4.65,玉米1511,238.0,2324.0,2324.0
2015-03-16,C1511,2328.0,2328.0,2328.0,2328.0,6.0,13.97,玉米1511,242.0,2328.0,2328.0
2015-03-17,C1511,2333.0,2338.0,2333.0,2335.0,20.0,46.72,玉米1511,254.0,2335.0,2335.0
2015-03-18,C1511,2332.0,2332.0,2322.0,2325.0,12.0,27.92,玉米1511,246.0,2326.0,2325.0
2015-03-19,C1511,2341.0,2341.0,2333.0,2333.0,20.0,46.7,玉米1511,240.0,2334.0,2333.0
2015-03-20,C1511,2336.0,2339.0,2335.0,2339.0,62.0,144.88,玉米1511,258.0,2336.0,2339.0
2015-03-23,C1511,2347.0,2359.0,2342.0,2353.0,96.0,226.16,玉米1511,234.0,2355.0,2353.0
2015-03-24,C1511,2354.0,2355.0,2350.0,2350.0,46.0,108.28,玉米1511,198.0,2353.0,2350.0
2015-03-25,C1511,2337.0,2345.0,2337.0,2340.0,26.0,60.93,玉米1511,188.0,2343.0,2340.0
2015-03-26,C1511,2335.0,2340.0,2334.0,2339.0,10.0,23.38,玉米1511,186.0,2337.0,2339.0
2015-03-27,C1511,2351.0,2418.0,2310.0,2340.0,54.0,126.86,玉米1511,190.0,2349.0,2340.0
2015-03-30,C1511,0.0,0.0,0.0,2348.0,0.0,0.0,玉米1511,190.0,2348.0,2348.0
2015-03-31,C1511,0.0,0.0,0.0,2348.0,0.0,0.0,玉米1511,190.0,2348.0,2348.0
2015-04-01,C1511,2340.0,2340.0,2338.0,2338.0,10.0,23.39,玉米1511,180.0,2338.0,2338.0
2015-04-02,C1511,2336.0,2336.0,2336.0,2336.0,2.0,4.68,玉米1511,180.0,2336.0,2336.0
2015-04-03,C1511,2327.0,2327.0,2327.0,2327.0,10.0,23.27,玉米1511,174.0,2327.0,2327.0
2015-04-07,C1511,2328.0,2352.0,2322.0,2325.0,12.0,27.98,玉米1511,174.0,2331.0,2325.0
2015-04-08,C1511,2335.0,2337.0,2327.0,2327.0,16.0,37.31,玉米1511,170.0,2331.0,2327.0
2015-04-09,C1511,2326.0,2326.0,2321.0,2321.0,24.0,55.79,玉米1511,148.0,2324.0,2321.0
2015-04-10,C1511,2332.0,2339.0,2324.0,2339.0,30.0,69.85,玉米1511,146.0,2328.0,2339.0
2015-04-13,C1511,2342.0,2342.0,2337.0,2337.0,4.0,9.36,玉米1511,146.0,2339.0,2337.0
2015-04-14,C1511,2337.0,2338.0,2317.0,2320.0,80.0,186.35,玉米1511,146.0,2329.0,2320.0
2015-04-15,C1511,2315.0,2335.0,2315.0,2335.0,16.0,37.23,玉米1511,146.0,2326.0,2335.0
2015-04-16,C1511,2337.0,2349.0,2315.0,2331.0,44.0,102.62,玉米1511,146.0,2332.0,2331.0
2015-04-17,C1511,2347.0,2350.0,2335.0,2349.0,42.0,98.47,玉米1511,132.0,2344.0,2349.0
2015-04-20,C1511,2343.0,2349.0,2336.0,2341.0,42.0,98.41,玉米1511,138.0,2342.0,2341.0
2015-04-21,C1511,2335.0,2347.0,2332.0,2335.0,80.0,186.99,玉米1511,112.0,2337.0,2335.0
2015-04-22,C1511,2340.0,2345.0,2340.0,2340.0,6.0,14.05,玉米1511,114.0,2341.0,2340.0
2015-04-23,C1511,2346.0,2346.0,2346.0,2346.0,2.0,4.7,玉米1511,112.0,2346.0,2346.0
2015-04-24,C1511,2342.0,2348.0,2342.0,2348.0,4.0,9.38,玉米1511,110.0,2345.0,2348.0
2015-04-27,C1511,2343.0,2350.0,2342.0,2350.0,34.0,79.81,玉米1511,114.0,2347.0,2350.0
2015-04-28,C1511,2344.0,2344.0,2325.0,2330.0,58.0,135.45,玉米1511,132.0,2335.0,2330.0
2015-04-29,C1511,2329.0,2330.0,2321.0,2328.0,102.0,237.24,玉米1511,180.0,2325.0,2328.0
2015-04-30,C1511,2312.0,2340.0,2305.0,2338.0,92.0,214.21,玉米1511,194.0,2328.0,2338.0
2015-05-04,C1511,2331.0,2344.0,2331.0,2340.0,12.0,28.07,玉米1511,196.0,2339.0,2340.0
2015-05-05,C1511,2334.0,2337.0,2334.0,2337.0,14.0,32.7,玉米1511,200.0,2335.0,2337.0
2015-05-06,C1511,0.0,0.0,0.0,2336.0,0.0,0.0,玉米1511,200.0,2336.0,2336.0
2015-05-07,C1511,2328.0,2344.0,2323.0,2331.0,42.0,97.99,玉米1511,204.0,2332.0,2331.0
2015-05-08,C1511,2327.0,2337.0,2273.0,2322.0,424.0,974.63,玉米1511,214.0,2298.0,2322.0
2015-05-11,C1511,2326.0,2330.0,2314.0,2321.0,60.0,139.44,玉米1511,222.0,2323.0,2321.0
2015-05-12,C1511,2324.0,2328.0,2320.0,2328.0,20.0,46.52,玉米1511,220.0,2326.0,2328.0
2015-05-13,C1511,2340.0,2355.0,2335.0,2335.0,46.0,107.8,玉米1511,232.0,2343.0,2335.0
2015-05-14,C1511,2337.0,2337.0,2334.0,2335.0,14.0,32.71,玉米1511,226.0,2336.0,2335.0
2015-05-15,C1511,2339.0,2428.0,2249.0,2332.0,158.0,370.22,玉米1511,228.0,2343.0,2332.0
2015-05-18,C1511,2334.0,2334.0,2322.0,2322.0,14.0,32.56,玉米1511,230.0,2325.0,2322.0
2015-05-19,C1511,2323.0,2324.0,2318.0,2324.0,26.0,60.37,玉米1511,232.0,2321.0,2324.0
2015-05-20,C1511,2324.0,2325.0,2312.0,2318.0,16.0,37.14,玉米1511,228.0,2321.0,2318.0
2015-05-21,C1511,2322.0,2322.0,2322.0,2322.0,2.0,4.65,玉米1511,228.0,2322.0,2322.0
2015-05-22,C1511,2321.0,2323.0,2317.0,2323.0,20.0,46.42,玉米1511,238.0,2321.0,2323.0
2015-05-25,C1511,2319.0,2319.0,2315.0,2315.0,4.0,9.27,玉米1511,238.0,2317.0,2315.0
2015-05-26,C1511,2316.0,2321.0,2311.0,2311.0,8.0,18.53,玉米1511,240.0,2316.0,2311.0
2015-05-27,C1511,2325.0,2333.0,2310.0,2310.0,50.0,116.03,玉米1511,242.0,2320.0,2310.0
2015-05-28,C1511,2318.0,2324.0,2318.0,2318.0,16.0,37.11,玉米1511,236.0,2319.0,2318.0
2015-05-29,C1511,2331.0,2331.0,2316.0,2319.0,42.0,97.5,玉米1511,222.0,2321.0,2319.0
2015-06-01,C1511,2325.0,2325.0,2319.0,2319.0,50.0,116.04,玉米1511,196.0,2320.0,2319.0
2015-06-02,C1511,2320.0,2323.0,2320.0,2323.0,68.0,157.8,玉米1511,146.0,2320.0,2323.0
2015-06-03,C1511,2320.0,2327.0,2320.0,2324.0,30.0,69.64,玉米1511,124.0,2321.0,2324.0
2015-06-04,C1511,2310.0,2310.0,2297.0,2308.0,50.0,115.37,玉米1511,116.0,2307.0,2308.0
2015-06-05,C1511,2304.0,2305.0,2288.0,2288.0,6.0,13.8,玉米1511,114.0,2299.0,2288.0
2015-06-08,C1511,2294.0,2319.0,2288.0,2312.0,46.0,105.84,玉米1511,120.0,2300.0,2312.0
2015-06-09,C1511,2311.0,2316.0,2287.0,2300.0,22.0,50.74,玉米1511,114.0,2306.0,2300.0
2015-06-10,C1511,2303.0,2303.0,2299.0,2299.0,16.0,36.84,玉米1511,106.0,2302.0,2299.0
2015-06-11,C1511,2304.0,2304.0,2304.0,2304.0,2.0,4.61,玉米1511,106.0,2304.0,2304.0
2015-06-12,C1511,2303.0,2312.0,2295.0,2312.0,14.0,32.24,玉米1511,98.0,2302.0,2312.0
2015-06-15,C1511,2305.0,2305.0,2292.0,2292.0,36.0,82.83,玉米1511,102.0,2300.0,2292.0
2015-06-16,C1511,2304.0,2318.0,2293.0,2312.0,78.0,180.15,玉米1511,100.0,2309.0,2312.0
2015-06-17,C1511,2312.0,2312.0,2301.0,2304.0,6.0,13.84,玉米1511,98.0,2305.0,2304.0
2015-06-18,C1511,0.0,0.0,0.0,2305.0,0.0,0.0,玉米1511,98.0,2305.0,2305.0
2015-06-19,C1511,2300.0,2312.0,2300.0,2312.0,4.0,9.23,玉米1511,98.0,2306.0,2312.0
2015-06-23,C1511,2324.0,2324.0,2319.0,2319.0,4.0,9.29,玉米1511,100.0,2321.0,2319.0
2015-06-24,C1511,2312.0,2316.0,2294.0,2300.0,84.0,193.38,玉米1511,102.0,2302.0,2300.0
2015-06-25,C1511,2309.0,2314.0,2295.0,2301.0,96.0,221.31,玉米1511,100.0,2305.0,2301.0
2015-06-26,C1511,2291.0,2305.0,2290.0,2305.0,20.0,45.92,玉米1511,104.0,2295.0,2305.0
2015-06-29,C1511,2298.0,2304.0,2291.0,2291.0,30.0,68.91,玉米1511,104.0,2296.0,2291.0
2015-06-30,C1511,2290.0,2297.0,2283.0,2291.0,46.0,105.27,玉米1511,94.0,2288.0,2291.0
2015-07-01,C1511,2295.0,2312.0,2294.0,2294.0,24.0,55.28,玉米1511,100.0,2303.0,2294.0
2015-07-02,C1511,2295.0,2306.0,2290.0,2305.0,46.0,105.64,玉米1511,84.0,2296.0,2305.0
2015-07-03,C1511,2315.0,2315.0,2303.0,2304.0,14.0,32.3,玉米1511,82.0,2306.0,2304.0
2015-07-06,C1511,2295.0,2307.0,2284.0,2297.0,70.0,160.6,玉米1511,90.0,2294.0,2297.0
2015-07-07,C1511,2295.0,2295.0,2265.0,2265.0,38.0,86.88,玉米1511,88.0,2286.0,2265.0
2015-07-08,C1511,2250.0,2263.0,2209.0,2239.0,84.0,187.88,玉米1511,76.0,2236.0,2239.0
2015-07-09,C1511,2283.0,2289.0,2252.0,2257.0,22.0,49.98,玉米1511,72.0,2271.0,2257.0
2015-07-10,C1511,2262.0,2275.0,2259.0,2262.0,30.0,67.96,玉米1511,68.0,2265.0,2262.0
2015-07-13,C1511,2249.0,2249.0,2235.0,2249.0,72.0,161.61,玉米1511,56.0,2244.0,2249.0
2015-07-14,C1511,2236.0,2261.0,2229.0,2239.0,26.0,58.3,玉米1511,56.0,2242.0,2239.0
2015-07-15,C1511,2235.0,2246.0,2235.0,2246.0,12.0,26.93,玉米1511,58.0,2243.0,2246.0
2015-07-16,C1511,2260.0,2260.0,2247.0,2247.0,28.0,63.04,玉米1511,64.0,2251.0,2247.0
2015-07-17,C1511,2266.0,2266.0,2250.0,2250.0,6.0,13.54,玉米1511,66.0,2255.0,2250.0
2015-07-20,C1511,2238.0,2246.0,2198.0,2216.0,68.0,151.82,玉米1511,68.0,2232.0,2216.0
2015-07-21,C1511,2235.0,2235.0,2163.0,2224.0,28.0,62.08,玉米1511,68.0,2217.0,2224.0
2015-07-22,C1511,2243.0,2243.0,2212.0,2225.0,108.0,240.61,玉米1511,78.0,2227.0,2225.0
2015-07-23,C1511,2233.0,2235.0,2191.0,2224.0,50.0,110.77,玉米1511,76.0,2215.0,2224.0
2015-07-24,C1511,2170.0,2243.0,2170.0,2208.0,20.0,44.26,玉米1511,74.0,2213.0,2208.0
2015-07-27,C1511,2208.0,2235.0,2150.0,2162.0,68.0,148.4,玉米1511,78.0,2182.0,2162.0
2015-07-28,C1511,2181.0,2181.0,2128.0,2171.0,28.0,60.55,玉米1511,84.0,2162.0,2171.0
2015-07-29,C1511,2170.0,2170.0,2148.0,2158.0,50.0,107.99,玉米1511,86.0,2159.0,2158.0
2015-07-30,C1511,2119.0,2160.0,2119.0,2150.0,66.0,141.43,玉米1511,74.0,2142.0,2150.0
2015-07-31,C1511,2153.0,2153.0,2140.0,2143.0,14.0,30.02,玉米1511,74.0,2144.0,2143.0
2015-08-03,C1511,2137.0,2137.0,2137.0,2137.0,6.0,12.83,玉米1511,72.0,2137.0,2137.0
2015-08-04,C1511,2159.0,2159.0,2140.0,2155.0,22.0,47.32,玉米1511,70.0,2150.0,2155.0
2015-08-05,C1511,2175.0,2175.0,2100.0,2118.0,136.0,287.78,玉米1511,158.0,2116.0,2118.0
2015-08-06,C1511,2119.0,2119.0,2083.0,2108.0,16.0,33.78,玉米1511,148.0,2111.0,2108.0
2015-08-07,C1511,2090.0,2090.0,2073.0,2073.0,16.0,33.24,玉米1511,144.0,2077.0,2073.0
2015-08-10,C1511,2092.0,2095.0,2076.0,2090.0,60.0,125.21,玉米1511,136.0,2086.0,2090.0
2015-08-11,C1511,2093.0,2118.0,2078.0,2078.0,58.0,121.41,玉米1511,116.0,2093.0,2078.0
2015-08-12,C1511,0.0,0.0,0.0,2093.0,0.0,0.0,玉米1511,116.0,2093.0,2093.0
2015-08-13,C1511,2059.0,2078.0,2059.0,2075.0,28.0,57.82,玉米1511,118.0,2065.0,2075.0
2015-08-14,C1511,2075.0,2075.0,2062.0,2072.0,26.0,53.76,玉米1511,114.0,2067.0,2072.0
2015-08-17,C1511,2108.0,2108.0,2035.0,2054.0,62.0,127.56,玉米1511,122.0,2057.0,2054.0
2015-08-18,C1511,2043.0,2063.0,2043.0,2060.0,42.0,86.38,玉米1511,124.0,2056.0,2060.0
2015-08-19,C1511,2064.0,2064.0,2064.0,2064.0,2.0,4.13,玉米1511,124.0,2064.0,2064.0
2015-08-20,C1511,0.0,0.0,0.0,2054.0,0.0,0.0,玉米1511,124.0,2054.0,2054.0
2015-08-21,C1511,2054.0,2056.0,2037.0,2042.0,20.0,40.92,玉米1511,132.0,2046.0,2042.0
2015-08-24,C1511,2029.0,2043.0,2029.0,2030.0,32.0,65.0,玉米1511,132.0,2031.0,2030.0
2015-08-25,C1511,2048.0,2060.0,2022.0,2042.0,42.0,85.85,玉米1511,132.0,2043.0,2042.0
2015-08-25,C1511,,,,8.25,0.0,,欧盟排放配额1511,0.0,8.25,8.25
2015-08-26,C1511,2043.0,2060.0,2035.0,2037.0,74.0,151.35,玉米1511,132.0,2045.0,2037.0
2015-08-26,C1511,,,,8.1,0.0,,欧盟排放配额1511,0.0,8.1,8.1
2015-08-27,C1511,2037.0,2057.0,2031.0,2057.0,42.0,85.93,玉米1511,136.0,2045.0,2057.0
2015-08-27,C1511,,,,8.04,0.0,,欧盟排放配额1511,0.0,8.04,8.04
2015-08-28,C1511,2054.0,2068.0,2046.0,2048.0,32.0,65.69,玉米1511,130.0,2052.0,2048.0
2015-08-28,C1511,,,,8.11,0.0,,欧盟排放配额1511,0.0,8.11,8.11
2015-08-31,C1511,2049.0,2054.0,2033.0,2033.0,38.0,77.61,玉米1511,130.0,2042.0,2033.0
2015-08-31,C1511,,,,8.07,0.0,,欧盟排放配额1511,0.0,8.07,8.07
2015-09-01,C1511,2045.0,2047.0,2015.0,2020.0,20.0,40.59,玉米1511,120.0,2029.0,2020.0
2015-09-01,C1511,,,,8.01,0.0,,欧盟排放配额1511,0.0,8.01,8.01
2015-09-02,C1511,1994.0,2025.0,1991.0,2025.0,10.0,20.06,玉米1511,118.0,2005.0,2025.0
2015-09-02,C1511,,,,8.12,0.0,,欧盟排放配额1511,0.0,8.12,8.12
2015-09-03,C1511,,,,8.17,0.0,,欧盟排放配额1511,0.0,8.17,8.17
2015-09-04,C1511,,,,8.09,0.0,,欧盟排放配额1511,0.0,8.09,8.09
2015-09-07,C1511,2012.0,2012.0,1976.0,1976.0,18.0,35.93,玉米1511,132.0,1995.0,1976.0
2015-09-07,C1511,,,,8.08,0.0,,欧盟排放配额1511,0.0,8.08,8.08
2015-09-08,C1511,2009.0,2009.0,1965.0,1972.0,86.0,170.37,玉米1511,140.0,1980.0,1972.0
2015-09-08,C1511,,,,8.24,0.0,,欧盟排放配额1511,0.0,8.24,8.24
2015-09-09,C1511,1982.0,1982.0,1955.0,1964.0,70.0,137.72,玉米1511,154.0,1967.0,1964.0
2015-09-09,C1511,,,,8.27,0.0,,欧盟排放配额1511,0.0,8.27,8.27
2015-09-10,C1511,1936.0,1960.0,1935.0,1949.0,62.0,120.81,玉米1511,182.0,1948.0,1949.0
2015-09-10,C1511,,,,8.28,0.0,,欧盟排放配额1511,0.0,8.28,8.28
2015-09-11,C1511,1951.0,1952.0,1942.0,1943.0,18.0,35.08,玉米1511,184.0,1948.0,1943.0
2015-09-11,C1511,,,,8.26,0.0,,欧盟排放配额1511,0.0,8.26,8.26
2015-09-14,C1511,1935.0,1963.0,1934.0,1942.0,76.0,147.7,玉米1511,182.0,1943.0,1942.0
2015-09-14,C1511,,,,8.23,0.0,,欧盟排放配额1511,0.0,8.23,8.23
2015-09-15,C1511,1943.0,1950.0,1910.0,1949.0,36.0,69.84,玉米1511,180.0,1940.0,1949.0
2015-09-15,C1511,,,,8.17,0.0,,欧盟排放配额1511,0.0,8.17,8.17
2015-09-16,C1511,1956.0,1962.0,1950.0,1957.0,64.0,125.16,玉米1511,150.0,1955.0,1957.0
2015-09-16,C1511,,,,8.23,0.0,,欧盟排放配额1511,0.0,8.23,8.23
2015-09-17,C1511,1974.0,1974.0,1932.0,1951.0,90.0,175.53,玉米1511,140.0,1950.0,1951.0
2015-09-17,C1511,,,,8.23,0.0,,欧盟排放配额1511,0.0,8.23,8.23
2015-09-18,C1511,1942.0,1959.0,1931.0,1941.0,142.0,276.01,玉米1511,110.0,1943.0,1941.0
2015-09-18,C1511,,,,8.11,0.0,,欧盟排放配额1511,0.0,8.11,8.11
2015-09-21,C1511,1964.0,1984.0,1946.0,1949.0,252.0,492.84,玉米1511,110.0,1955.0,1949.0
2015-09-21,C1511,,,,7.98,0.0,,欧盟排放配额1511,0.0,7.98,7.98
2015-09-22,C1511,1950.0,1952.0,1944.0,1950.0,24.0,46.78,玉米1511,116.0,1949.0,1950.0
2015-09-22,C1511,,,,8.02,0.0,,欧盟排放配额1511,0.0,8.02,8.02
2015-09-23,C1511,1921.0,1921.0,1921.0,1921.0,6.0,11.53,玉米1511,114.0,1921.0,1921.0
2015-09-23,C1511,,,,8.07,0.0,,欧盟排放配额1511,0.0,8.07,8.07
2015-09-24,C1511,1944.0,1958.0,1941.0,1953.0,30.0,58.5,玉米1511,104.0,1949.0,1953.0
2015-09-24,C1511,,,,8.0,0.0,,欧盟排放配额1511,0.0,8.0,8.0
2015-09-25,C1511,1934.0,1968.0,1934.0,1939.0,8.0,15.62,玉米1511,98.0,1952.0,1939.0
2015-09-25,C1511,,,,7.99,0.0,,欧盟排放配额1511,0.0,7.99,7.99
2015-09-28,C1511,1937.0,1959.0,1931.0,1936.0,8.0,15.53,玉米1511,100.0,1940.0,1936.0
2015-09-28,C1511,,,,7.91,0.0,,欧盟排放配额1511,0.0,7.91,7.91
2015-09-29,C1511,1967.0,1967.0,1916.0,1919.0,14.0,27.17,玉米1511,96.0,1940.0,1919.0
2015-09-29,C1511,,,,7.97,0.0,,欧盟排放配额1511,0.0,7.97,7.97
2015-09-30,C1511,1858.0,1900.0,1858.0,1892.0,18.0,33.98,玉米1511,90.0,1887.0,1892.0
2015-09-30,C1511,,,,8.14,0.0,,欧盟排放配额1511,0.0,8.14,8.14
2015-10-01,C1511,,,,8.16,0.0,,欧盟排放配额1511,0.0,8.16,8.16
2015-10-02,C1511,,,,8.14,0.0,,欧盟排放配额1511,0.0,8.14,8.14
2015-10-05,C1511,,,,8.2,0.0,,欧盟排放配额1511,0.0,8.2,8.2
2015-10-06,C1511,,,,8.21,0.0,,欧盟排放配额1511,0.0,8.21,8.21
2015-10-07,C1511,,,,8.1,0.0,,欧盟排放配额1511,0.0,8.1,8.1
2015-10-08,C1511,0.0,0.0,0.0,1887.0,0.0,0.0,玉米1511,90.0,1887.0,1887.0
2015-10-08,C1511,,,,8.12,0.0,,欧盟排放配额1511,0.0,8.12,8.12
2015-10-09,C1511,1899.0,1903.0,1899.0,1903.0,10.0,19.01,玉米1511,84.0,1900.0,1903.0
2015-10-09,C1511,,,,8.34,0.0,,欧盟排放配额1511,0.0,8.34,8.34
2015-10-12,C1511,1841.0,1934.0,1831.0,1905.0,26.0,49.16,玉米1511,84.0,1890.0,1905.0
2015-10-12,C1511,,,,8.29,0.0,,欧盟排放配额1511,0.0,8.29,8.29
2015-10-13,C1511,0.0,0.0,0.0,1890.0,0.0,0.0,玉米1511,84.0,1890.0,1890.0
2015-10-13,C1511,,,,8.32,0.0,,欧盟排放配额1511,0.0,8.32,8.32
2015-10-14,C1511,0.0,0.0,0.0,1890.0,0.0,0.0,玉米1511,84.0,1890.0,1890.0
2015-10-14,C1511,,,,8.43,0.0,,欧盟排放配额1511,0.0,8.43,8.43
2015-10-15,C1511,0.0,0.0,0.0,1890.0,0.0,0.0,玉米1511,84.0,1890.0,1890.0
2015-10-15,C1511,,,,8.42,0.0,,欧盟排放配额1511,0.0,8.42,8.42
2015-10-16,C1511,0.0,0.0,0.0,1890.0,0.0,0.0,玉米1511,84.0,1890.0,1890.0
2015-10-16,C1511,,,,8.38,0.0,,欧盟排放配额1511,0.0,8.38,8.38
2015-10-19,C1511,1942.0,1942.0,1942.0,1942.0,2.0,3.89,玉米1511,82.0,1942.0,1942.0
2015-10-19,C1511,,,,8.34,0.0,,欧盟排放配额1511,0.0,8.34,8.34
2015-10-20,C1511,1865.0,1866.0,1865.0,1866.0,4.0,7.47,玉米1511,80.0,1865.0,1866.0
2015-10-20,C1511,,,,8.46,0.0,,欧盟排放配额1511,0.0,8.46,8.46
2015-10-21,C1511,1830.0,1830.0,1830.0,1830.0,2.0,3.66,玉米1511,80.0,1830.0,1830.0
2015-10-21,C1511,,,,8.44,0.0,,欧盟排放配额1511,0.0,8.44,8.44
2015-10-22,C1511,1783.0,1898.0,1757.0,1831.0,88.0,158.08,玉米1511,84.0,1796.0,1831.0
2015-10-22,C1511,,,,8.47,0.0,,欧盟排放配额1511,0.0,8.47,8.47
2015-10-23,C1511,1860.0,1860.0,1786.0,1810.0,16.0,29.12,玉米1511,82.0,1819.0,1810.0
2015-10-23,C1511,,,,8.62,0.0,,欧盟排放配额1511,0.0,8.62,8.62
2015-10-26,C1511,1848.0,1848.0,1755.0,1755.0,4.0,7.21,玉米1511,80.0,1801.0,1755.0
2015-10-26,C1511,,,,8.65,0.0,,欧盟排放配额1511,0.0,8.65,8.65
2015-10-27,C1511,1752.0,1856.0,1736.0,1855.0,90.0,162.78,玉米1511,88.0,1808.0,1855.0
2015-10-27,C1511,,,,8.6,0.0,,欧盟排放配额1511,0.0,8.6,8.6
2015-10-28,C1511,1846.0,1879.0,1801.0,1806.0,16.0,29.27,玉米1511,84.0,1829.0,1806.0
2015-10-28,C1511,,,,8.56,0.0,,欧盟排放配额1511,0.0,8.56,8.56
2015-10-29,C1511,1801.0,1830.0,1801.0,1830.0,4.0,7.27,玉米1511,82.0,1815.0,1830.0
2015-10-29,C1511,,,,8.67,0.0,,欧盟排放配额1511,0.0,8.67,8.67
2015-10-30,C1511,1791.0,1886.0,1790.0,1825.0,36.0,65.55,玉米1511,74.0,1820.0,1825.0
2015-10-30,C1511,,,,8.63,0.0,,欧盟排放配额1511,0.0,8.63,8.63
2015-11-02,C1511,1801.0,1801.0,1801.0,1801.0,2.0,3.61,玉米1511,0.0,1801.0,1801.0
2015-11-02,C1511,,,,8.59,0.0,,欧盟排放配额1511,0.0,8.59,8.59
2015-11-03,C1511,0.0,0.0,0.0,1850.0,0.0,0.0,玉米1511,0.0,1850.0,1850.0
2015-11-03,C1511,8.5,8.5,8.5,8.5,11.0,,欧盟排放配额1511,11.0,8.44,8.5
2015-11-04,C1511,0.0,0.0,0.0,1850.0,0.0,0.0,玉米1511,0.0,1850.0,1850.0
2015-11-04,C1511,8.48,8.48,8.48,8.48,5.0,,欧盟排放配额1511,11.0,8.39,8.48
2015-11-05,C1511,0.0,0.0,0.0,1850.0,0.0,0.0,玉米1511,0.0,1850.0,1850.0
2015-11-05,C1511,,,,8.46,0.0,,欧盟排放配额1511,11.0,8.46,8.46
2015-11-06,C1511,0.0,0.0,0.0,1850.0,0.0,0.0,玉米1511,0.0,1850.0,1850.0
2015-11-06,C1511,,,,8.4,0.0,,欧盟排放配额1511,11.0,8.4,8.4
2015-11-09,C1511,0.0,0.0,0.0,1850.0,0.0,0.0,玉米1511,0.0,1850.0,1850.0
2015-11-09,C1511,,,,8.31,0.0,,欧盟排放配额1511,11.0,8.31,8.31
2015-11-10,C1511,0.0,0.0,0.0,1850.0,0.0,0.0,玉米1511,0.0,1850.0,1850.0
2015-11-10,C1511,,,,8.44,0.0,,欧盟排放配额1511,11.0,8.44,8.44
2015-11-11,C1511,0.0,0.0,0.0,1850.0,0.0,0.0,玉米1511,0.0,1850.0,1850.0
2015-11-11,C1511,,,,8.44,0.0,,欧盟排放配额1511,11.0,8.44,8.44
2015-11-12,C1511,0.0,0.0,0.0,1850.0,0.0,0.0,玉米1511,0.0,1850.0,1850.0
2015-11-12,C1511,,,,8.37,0.0,,欧盟排放配额1511,11.0,8.37,8.37
2015-11-13,C1511,0.0,0.0,0.0,1801.0,0.0,0.0,玉米1511,0.0,1801.0,1801.0
2015-11-13,C1511,,,,8.39,0.0,,欧盟排放配额1511,11.0,8.39,8.39
2015-11-16,C1511,8.38,8.4,8.38,8.4,15.0,,欧盟排放配额1511,26.0,8.53,8.4
2015-11-17,C1511,,,,8.61,0.0,,欧盟排放配额1511,26.0,8.61,8.61
2015-11-18,C1511,8.55,8.55,8.55,8.55,5.0,,欧盟排放配额1511,26.0,8.58,8.55
2015-11-19,C1511,,,,8.63,0.0,,欧盟排放配额1511,26.0,8.63,8.63
2015-11-20,C1511,,,,8.51,0.0,,欧盟排放配额1511,26.0,8.51,8.51
2015-11-23,C1511,,,,8.56,0.0,,欧盟排放配额1511,26.0,8.56,8.56
2015-11-24,C1511,8.62,8.62,8.62,8.62,1.0,,欧盟排放配额1511,27.0,8.65,8.62
2015-11-25,C1511,,,,8.62,0.0,,欧盟排放配额1511,27.0,8.62,8.62
2015-11-26,C1511,,,,8.58,0.0,,欧盟排放配额1511,27.0,8.58,8.58
2015-11-27,C1511,8.56,8.56,8.56,8.56,6.0,,欧盟排放配额1511,27.0,8.58,8.56
2015-11-30,C1511,,,,8.58,0.0,,欧盟排放配额1511,27.0,8.58,8.58
