date,symbol,open,high,low,close,volume,amount,name,openinterest,settleprice,price
2015-05-18,C1605,2322.0,2338.0,2306.0,2310.0,1192.0,2759.04,玉米1605,886.0,2314.0,2310.0
2015-05-19,C1605,2308.0,2325.0,2307.0,2318.0,766.0,1771.87,玉米1605,1354.0,2313.0,2318.0
2015-05-20,C1605,2315.0,2325.0,2311.0,2317.0,952.0,2204.13,玉米1605,1706.0,2315.0,2317.0
2015-05-21,C1605,2315.0,2317.0,2311.0,2311.0,490.0,1133.87,玉米1605,2068.0,2314.0,2311.0
2015-05-22,C1605,2313.0,2314.0,2304.0,2313.0,578.0,1334.71,玉米1605,2420.0,2309.0,2313.0
2015-05-25,C1605,2311.0,2313.0,2297.0,2300.0,1646.0,3792.15,玉米1605,3596.0,2303.0,2300.0
2015-05-26,C1605,2303.0,2303.0,2290.0,2290.0,848.0,1945.8,玉米1605,4214.0,2294.0,2290.0
2015-05-27,C1605,2290.0,2290.0,2255.0,2269.0,2304.0,5236.74,玉米1605,5834.0,2272.0,2269.0
2015-05-28,C1605,2266.0,2273.0,2264.0,2271.0,596.0,1351.15,玉米1605,6132.0,2267.0,2271.0
2015-05-29,C1605,2266.0,2282.0,2266.0,2278.0,834.0,1895.33,玉米1605,6576.0,2272.0,2278.0
2015-06-01,C1605,2275.0,2276.0,2266.0,2272.0,772.0,1754.06,玉米1605,6934.0,2272.0,2272.0
2015-06-02,C1605,2270.0,2274.0,2268.0,2271.0,1080.0,2452.18,玉米1605,7060.0,2270.0,2271.0
2015-06-03,C1605,2272.0,2272.0,2266.0,2266.0,652.0,1479.43,玉米1605,7300.0,2269.0,2266.0
2015-06-04,C1605,2264.0,2267.0,2214.0,2215.0,4666.0,10452.52,玉米1605,9672.0,2240.0,2215.0
2015-06-05,C1605,2226.0,2231.0,2209.0,2213.0,1986.0,4399.76,玉米1605,10646.0,2215.0,2213.0
2015-06-08,C1605,2211.0,2212.0,2187.0,2206.0,2224.0,4896.1,玉米1605,11406.0,2201.0,2206.0
2015-06-09,C1605,2208.0,2217.0,2191.0,2206.0,2296.0,5068.03,玉米1605,11776.0,2207.0,2206.0
2015-06-10,C1605,2201.0,2202.0,2180.0,2185.0,2302.0,5033.68,玉米1605,13046.0,2186.0,2185.0
2015-06-11,C1605,2182.0,2207.0,2182.0,2202.0,2354.0,5164.07,玉米1605,13004.0,2193.0,2202.0
2015-06-12,C1605,2197.0,2197.0,2185.0,2193.0,2184.0,4783.88,玉米1605,14216.0,2190.0,2193.0
2015-06-15,C1605,2190.0,2190.0,2171.0,2176.0,4280.0,9315.55,玉米1605,17626.0,2176.0,2176.0
2015-06-16,C1605,2178.0,2186.0,2176.0,2182.0,2360.0,5150.24,玉米1605,18920.0,2182.0,2182.0
2015-06-17,C1605,2187.0,2194.0,2179.0,2185.0,1718.0,3757.92,玉米1605,19208.0,2187.0,2185.0
2015-06-18,C1605,2187.0,2193.0,2178.0,2185.0,2082.0,4547.33,玉米1605,20264.0,2184.0,2185.0
2015-06-19,C1605,2184.0,2189.0,2180.0,2181.0,1154.0,2522.03,玉米1605,20554.0,2185.0,2181.0
2015-06-23,C1605,2185.0,2197.0,2185.0,2193.0,1350.0,2958.64,玉米1605,20516.0,2191.0,2193.0
2015-06-24,C1605,2196.0,2196.0,2182.0,2184.0,1870.0,4089.53,玉米1605,21438.0,2186.0,2184.0
2015-06-25,C1605,2185.0,2189.0,2182.0,2186.0,1134.0,2478.96,玉米1605,21924.0,2186.0,2186.0
2015-06-26,C1605,2192.0,2192.0,2179.0,2183.0,3130.0,6838.17,玉米1605,22438.0,2184.0,2183.0
2015-06-29,C1605,2187.0,2187.0,2160.0,2165.0,3216.0,6976.65,玉米1605,23922.0,2169.0,2165.0
2015-06-30,C1605,2154.0,2161.0,2143.0,2148.0,4196.0,9010.95,玉米1605,26882.0,2147.0,2148.0
2015-07-01,C1605,2156.0,2184.0,2155.0,2169.0,4716.0,10205.6,玉米1605,29452.0,2164.0,2169.0
2015-07-02,C1605,2165.0,2176.0,2156.0,2169.0,5036.0,10891.87,玉米1605,32800.0,2162.0,2169.0
2015-07-03,C1605,2169.0,2188.0,2169.0,2186.0,3646.0,7954.37,玉米1605,32552.0,2181.0,2186.0
2015-07-06,C1605,2185.0,2185.0,2164.0,2170.0,1816.0,3947.97,玉米1605,32694.0,2173.0,2170.0
2015-07-07,C1605,2170.0,2174.0,2101.0,2120.0,13146.0,28080.41,玉米1605,40028.0,2136.0,2120.0
2015-07-08,C1605,2104.0,2121.0,2058.0,2095.0,23826.0,49775.23,玉米1605,45964.0,2089.0,2095.0
2015-07-09,C1605,2099.0,2136.0,2096.0,2109.0,19280.0,40724.15,玉米1605,55806.0,2112.0,2109.0
2015-07-10,C1605,2114.0,2149.0,2111.0,2126.0,16636.0,35471.62,玉米1605,57178.0,2132.0,2126.0
2015-07-13,C1605,2130.0,2138.0,2104.0,2110.0,11754.0,24887.08,玉米1605,60946.0,2117.0,2110.0
2015-07-14,C1605,2117.0,2119.0,2073.0,2073.0,33096.0,69252.02,玉米1605,75722.0,2092.0,2073.0
2015-07-15,C1605,2069.0,2092.0,2069.0,2085.0,15054.0,31291.41,玉米1605,76196.0,2078.0,2085.0
2015-07-16,C1605,2085.0,2123.0,2080.0,2109.0,24632.0,51965.82,玉米1605,81588.0,2109.0,2109.0
2015-07-17,C1605,2106.0,2117.0,2097.0,2110.0,25660.0,54066.86,玉米1605,83156.0,2107.0,2110.0
2015-07-20,C1605,2108.0,2112.0,2094.0,2098.0,13578.0,28508.48,玉米1605,82722.0,2099.0,2098.0
2015-07-21,C1605,2099.0,2101.0,2078.0,2083.0,15744.0,32877.18,玉米1605,91368.0,2088.0,2083.0
2015-07-22,C1605,2083.0,2103.0,2080.0,2087.0,41762.0,87324.05,玉米1605,98886.0,2090.0,2087.0
2015-07-23,C1605,2085.0,2089.0,2080.0,2087.0,11448.0,23861.41,玉米1605,102818.0,2084.0,2087.0
2015-07-24,C1605,2080.0,2088.0,2036.0,2038.0,41892.0,86264.97,玉米1605,122714.0,2059.0,2038.0
2015-07-27,C1605,2037.0,2037.0,1977.0,1977.0,116392.0,230640.63,玉米1605,166248.0,1981.0,1977.0
2015-07-28,C1605,1961.0,1997.0,1945.0,1973.0,106360.0,209333.7,玉米1605,203932.0,1968.0,1973.0
2015-07-29,C1605,1977.0,1993.0,1973.0,1986.0,98414.0,195166.32,玉米1605,227810.0,1983.0,1986.0
2015-07-30,C1605,1984.0,1985.0,1960.0,1963.0,77958.0,153579.63,玉米1605,265410.0,1970.0,1963.0
2015-07-31,C1605,1969.0,1980.0,1969.0,1974.0,66604.0,131509.86,玉米1605,288388.0,1974.0,1974.0
2015-08-03,C1605,1970.0,1972.0,1950.0,1953.0,77176.0,151064.66,玉米1605,324314.0,1957.0,1953.0
2015-08-04,C1605,1957.0,1975.0,1950.0,1959.0,77746.0,152361.48,玉米1605,343516.0,1959.0,1959.0
2015-08-05,C1605,1963.0,1964.0,1947.0,1962.0,96192.0,188048.53,玉米1605,367634.0,1954.0,1962.0
2015-08-06,C1605,1962.0,1966.0,1952.0,1964.0,40790.0,79932.21,玉米1605,376084.0,1959.0,1964.0
2015-08-07,C1605,1962.0,1962.0,1949.0,1957.0,88098.0,172171.1,玉米1605,408958.0,1954.0,1957.0
2015-08-10,C1605,1956.0,1970.0,1953.0,1963.0,70336.0,137880.53,玉米1605,426216.0,1960.0,1963.0
2015-08-11,C1605,1970.0,1986.0,1965.0,1968.0,69466.0,137064.72,玉米1605,441676.0,1973.0,1968.0
2015-08-12,C1605,1964.0,1987.0,1959.0,1984.0,95434.0,188631.85,玉米1605,447534.0,1976.0,1984.0
2015-08-13,C1605,1971.0,1997.0,1971.0,1983.0,93188.0,184707.55,玉米1605,463228.0,1982.0,1983.0
2015-08-14,C1605,1983.0,1996.0,1972.0,1975.0,79204.0,157272.19,玉米1605,478882.0,1985.0,1975.0
2015-08-17,C1605,1975.0,2002.0,1972.0,1999.0,97312.0,193915.02,玉米1605,453100.0,1992.0,1999.0
2015-08-18,C1605,1999.0,2015.0,1999.0,2009.0,87024.0,174847.16,玉米1605,452282.0,2009.0,2009.0
2015-08-19,C1605,2010.0,2014.0,1995.0,2005.0,93202.0,186769.39,玉米1605,471326.0,2003.0,2005.0
2015-08-20,C1605,2000.0,2004.0,1987.0,1989.0,69912.0,139444.21,玉米1605,488788.0,1994.0,1989.0
2015-08-21,C1605,1993.0,1994.0,1963.0,1977.0,142906.0,282574.39,玉米1605,522390.0,1977.0,1977.0
2015-08-24,C1605,1970.0,1973.0,1952.0,1966.0,106568.0,209213.81,玉米1605,539772.0,1963.0,1966.0
2015-08-25,C1605,1968.0,2001.0,1965.0,1990.0,159250.0,315525.59,玉米1605,540548.0,1981.0,1990.0
2015-08-26,C1605,1999.0,1999.0,1984.0,1987.0,44858.0,89263.16,玉米1605,541834.0,1989.0,1987.0
2015-08-27,C1605,1986.0,1991.0,1969.0,1979.0,88152.0,174451.36,玉米1605,542608.0,1978.0,1979.0
2015-08-28,C1605,1991.0,1996.0,1972.0,1978.0,96912.0,192262.83,玉米1605,555340.0,1983.0,1978.0
2015-08-31,C1605,1978.0,1978.0,1910.0,1912.0,203736.0,396892.52,玉米1605,599984.0,1948.0,1912.0
2015-09-01,C1605,1932.0,1937.0,1906.0,1926.0,210004.0,403819.82,玉米1605,613974.0,1922.0,1926.0
2015-09-02,C1605,1922.0,1926.0,1914.0,1923.0,108384.0,207998.09,玉米1605,632366.0,1919.0,1923.0
2015-09-07,C1605,1916.0,1928.0,1896.0,1918.0,233980.0,447472.29,玉米1605,643302.0,1912.0,1918.0
2015-09-08,C1605,1914.0,1933.0,1908.0,1931.0,144790.0,278073.06,玉米1605,644576.0,1920.0,1931.0
2015-09-09,C1605,1936.0,1940.0,1919.0,1920.0,153890.0,296274.04,玉米1605,703726.0,1925.0,1920.0
2015-09-10,C1605,1928.0,1929.0,1901.0,1921.0,286124.0,547527.95,玉米1605,719398.0,1913.0,1921.0
2015-09-11,C1605,1922.0,1934.0,1920.0,1925.0,109364.0,210754.02,玉米1605,700466.0,1927.0,1925.0
2015-09-14,C1605,1929.0,1932.0,1910.0,1915.0,163170.0,312733.61,玉米1605,718412.0,1916.0,1915.0
2015-09-15,C1605,1915.0,1924.0,1907.0,1914.0,142626.0,273092.44,玉米1605,734624.0,1914.0,1914.0
2015-09-16,C1605,1919.0,1930.0,1911.0,1926.0,173868.0,333951.96,玉米1605,740692.0,1920.0,1926.0
2015-09-17,C1605,1927.0,1929.0,1894.0,1907.0,378026.0,721354.34,玉米1605,786148.0,1908.0,1907.0
2015-09-18,C1605,1902.0,1906.0,1836.0,1836.0,956844.0,1782051.87,玉米1605,977844.0,1862.0,1836.0
2015-09-21,C1605,1856.0,1883.0,1835.0,1856.0,955768.0,1771408.52,玉米1605,956234.0,1853.0,1856.0
2015-09-22,C1605,1859.0,1862.0,1833.0,1839.0,409422.0,754858.08,玉米1605,990456.0,1843.0,1839.0
2015-09-23,C1605,1834.0,1848.0,1823.0,1840.0,531930.0,975941.06,玉米1605,1003610.0,1834.0,1840.0
2015-09-24,C1605,1839.0,1847.0,1831.0,1836.0,261984.0,481472.14,玉米1605,1013902.0,1837.0,1836.0
2015-09-25,C1605,1838.0,1864.0,1831.0,1839.0,337610.0,623050.87,玉米1605,996750.0,1845.0,1839.0
2015-09-28,C1605,1830.0,1841.0,1825.0,1830.0,274280.0,502105.12,玉米1605,1003260.0,1830.0,1830.0
2015-09-29,C1605,1828.0,1828.0,1794.0,1801.0,368842.0,666467.81,玉米1605,1030670.0,1806.0,1801.0
2015-09-30,C1605,1801.0,1813.0,1797.0,1799.0,345270.0,622391.7,玉米1605,1114854.0,1802.0,1799.0
2015-10-08,C1605,1790.0,1813.0,1774.0,1801.0,408070.0,733880.1,玉米1605,1108996.0,1798.0,1801.0
2015-10-09,C1605,1801.0,1819.0,1792.0,1800.0,389732.0,704379.11,玉米1605,1132824.0,1807.0,1800.0
2015-10-12,C1605,1807.0,1809.0,1780.0,1791.0,522270.0,935892.43,玉米1605,1217332.0,1791.0,1791.0
2015-10-13,C1605,1786.0,1793.0,1760.0,1770.0,602938.0,1068467.25,玉米1605,1289768.0,1772.0,1770.0
2015-10-14,C1605,1773.0,1801.0,1769.0,1797.0,480076.0,857988.73,玉米1605,1246620.0,1787.0,1797.0
2015-10-15,C1605,1795.0,1812.0,1792.0,1801.0,358602.0,646361.19,玉米1605,1235520.0,1802.0,1801.0
2015-10-16,C1605,1800.0,1814.0,1793.0,1814.0,377462.0,680429.26,玉米1605,1264302.0,1802.0,1814.0
2015-10-19,C1605,1814.0,1817.0,1796.0,1801.0,409754.0,740135.48,玉米1605,1254856.0,1806.0,1801.0
2015-10-20,C1605,1801.0,1804.0,1788.0,1792.0,381944.0,685532.84,玉米1605,1271622.0,1794.0,1792.0
2015-10-21,C1605,1794.0,1811.0,1793.0,1803.0,351574.0,633261.99,玉米1605,1243666.0,1801.0,1803.0
2015-10-22,C1605,1806.0,1810.0,1793.0,1803.0,324054.0,583724.26,玉米1605,1235914.0,1801.0,1803.0
2015-10-23,C1605,1796.0,1807.0,1792.0,1804.0,301368.0,542794.6,玉米1605,1217216.0,1801.0,1804.0
2015-10-26,C1605,1804.0,1833.0,1799.0,1827.0,631118.0,1150588.19,玉米1605,1219142.0,1823.0,1827.0
2015-10-27,C1605,1827.0,1841.0,1818.0,1839.0,485356.0,888477.71,玉米1605,1189538.0,1830.0,1839.0
2015-10-28,C1605,1836.0,1839.0,1820.0,1822.0,313042.0,571648.86,玉米1605,1181220.0,1826.0,1822.0
2015-10-29,C1605,1823.0,1828.0,1809.0,1821.0,323946.0,589234.45,玉米1605,1179692.0,1818.0,1821.0
2015-10-30,C1605,1821.0,1827.0,1810.0,1810.0,227300.0,412680.25,玉米1605,1191808.0,1815.0,1810.0
2015-11-02,C1605,1814.0,1827.0,1812.0,1816.0,229220.0,416799.29,玉米1605,1204352.0,1818.0,1816.0
2015-11-03,C1605,1815.0,1838.0,1811.0,1836.0,304964.0,557660.39,玉米1605,1209766.0,1828.0,1836.0
2015-11-04,C1605,1835.0,1849.0,1830.0,1832.0,446468.0,821505.43,玉米1605,1169594.0,1840.0,1832.0
2015-11-05,C1605,1830.0,1845.0,1827.0,1838.0,247548.0,454842.47,玉米1605,1188276.0,1837.0,1838.0
2015-11-06,C1605,1836.0,1853.0,1822.0,1847.0,368586.0,678162.62,玉米1605,1170668.0,1839.0,1847.0
2015-11-09,C1605,1853.0,1912.0,1853.0,1893.0,1680192.0,3178712.97,玉米1605,1088800.0,1891.0,1893.0
2015-11-10,C1605,1883.0,1884.0,1839.0,1848.0,1124692.0,2090308.38,玉米1605,1276598.0,1858.0,1848.0
2015-11-11,C1605,1836.0,1853.0,1836.0,1845.0,424078.0,782051.07,玉米1605,1333940.0,1844.0,1845.0
2015-11-12,C1605,1848.0,1883.0,1840.0,1874.0,1220504.0,2273230.19,玉米1605,1391544.0,1862.0,1874.0
2015-11-13,C1605,1875.0,1886.0,1865.0,1872.0,613978.0,1151105.07,玉米1605,1370140.0,1874.0,1872.0
2015-11-16,C1605,1875.0,1896.0,1859.0,1860.0,756974.0,1418305.99,玉米1605,1419084.0,1873.0,1860.0
2015-11-17,C1605,1858.0,1878.0,1846.0,1877.0,768070.0,1429686.95,玉米1605,1451640.0,1861.0,1877.0
2015-11-18,C1605,1884.0,1884.0,1865.0,1876.0,550832.0,1032026.01,玉米1605,1422790.0,1873.0,1876.0
2015-11-19,C1605,1876.0,1877.0,1846.0,1861.0,862920.0,1605945.34,玉米1605,1436994.0,1861.0,1861.0
2015-11-20,C1605,1864.0,1874.0,1831.0,1844.0,1328882.0,2458376.24,玉米1605,1459184.0,1849.0,1844.0
2015-11-23,C1605,1846.0,1865.0,1844.0,1856.0,772750.0,1432121.68,玉米1605,1466244.0,1853.0,1856.0
2015-11-24,C1605,1860.0,1870.0,1854.0,1858.0,709988.0,1321770.57,玉米1605,1419186.0,1861.0,1858.0
2015-11-25,C1605,1859.0,1872.0,1845.0,1869.0,780576.0,1452189.6,玉米1605,1405074.0,1860.0,1869.0
2015-11-26,C1605,1871.0,1888.0,1866.0,1872.0,546662.0,1024829.42,玉米1605,1343372.0,1874.0,1872.0
2015-11-27,C1605,1870.0,1902.0,1863.0,1899.0,725926.0,1367603.21,玉米1605,1319560.0,1883.0,1899.0
2015-11-30,C1605,1900.0,1912.0,1884.0,1893.0,801646.0,1520458.66,玉米1605,1448470.0,1896.0,1893.0
2015-12-01,C1605,1898.0,1899.0,1881.0,1887.0,465350.0,878875.72,玉米1605,1430156.0,1888.0,1887.0
2015-12-02,C1605,1889.0,1899.0,1887.0,1894.0,418624.0,792703.64,玉米1605,1412270.0,1893.0,1894.0
2015-12-03,C1605,1893.0,1909.0,1881.0,1901.0,468238.0,888617.7,玉米1605,1441070.0,1897.0,1901.0
2015-12-04,C1605,1906.0,1910.0,1892.0,1894.0,586846.0,1112790.12,玉米1605,1417580.0,1896.0,1894.0
2015-12-07,C1605,1890.0,1891.0,1854.0,1869.0,925162.0,1731990.03,玉米1605,1383074.0,1872.0,1869.0
2015-12-08,C1605,1865.0,1875.0,1856.0,1869.0,450854.0,840815.13,玉米1605,1341350.0,1864.0,1869.0
2015-12-09,C1605,1870.0,1880.0,1866.0,1873.0,318328.0,595863.09,玉米1605,1358794.0,1871.0,1873.0
2015-12-10,C1605,1869.0,1890.0,1858.0,1889.0,689520.0,1293903.38,玉米1605,1327802.0,1876.0,1889.0
2015-12-11,C1605,1889.0,1894.0,1880.0,1889.0,269864.0,509196.75,玉米1605,1301506.0,1886.0,1889.0
2015-12-14,C1605,1886.0,1905.0,1885.0,1894.0,387840.0,735716.76,玉米1605,1264200.0,1896.0,1894.0
2015-12-15,C1605,1896.0,1905.0,1894.0,1903.0,295276.0,560836.1,玉米1605,1258722.0,1899.0,1903.0
2015-12-16,C1605,1903.0,1906.0,1893.0,1900.0,231544.0,439532.98,玉米1605,1268158.0,1898.0,1900.0
2015-12-17,C1605,1898.0,1923.0,1897.0,1906.0,326372.0,622443.6,玉米1605,1294700.0,1907.0,1906.0
2015-12-18,C1605,1902.0,1921.0,1901.0,1920.0,312044.0,597282.55,玉米1605,1312050.0,1914.0,1920.0
2015-12-21,C1605,1919.0,1936.0,1917.0,1930.0,479070.0,923156.34,玉米1605,1318926.0,1926.0,1930.0
2015-12-22,C1605,1929.0,1946.0,1915.0,1918.0,636544.0,1228622.11,玉米1605,1278430.0,1930.0,1918.0
2015-12-23,C1605,1915.0,1918.0,1902.0,1910.0,431076.0,823036.97,玉米1605,1281822.0,1909.0,1910.0
2015-12-24,C1605,1909.0,1917.0,1905.0,1912.0,268822.0,514062.61,玉米1605,1268932.0,1912.0,1912.0
2015-12-25,C1605,1911.0,1913.0,1900.0,1903.0,266196.0,507190.08,玉米1605,1242140.0,1905.0,1903.0
2015-12-28,C1605,1901.0,1903.0,1848.0,1857.0,1025784.0,1920665.48,玉米1605,1258818.0,1872.0,1857.0
2015-12-29,C1605,1866.0,1884.0,1862.0,1875.0,388818.0,729177.46,玉米1605,1215732.0,1875.0,1875.0
2015-12-30,C1605,1878.0,1909.0,1877.0,1890.0,479460.0,908030.14,玉米1605,1199196.0,1893.0,1890.0
2015-12-31,C1605,1889.0,1899.0,1884.0,1896.0,232172.0,439685.27,玉米1605,1176084.0,1893.0,1896.0
2016-01-04,C1605,1895.0,1902.0,1881.0,1893.0,289822.0,547522.4,玉米1605,1180968.0,1889.0,1893.0
2016-01-05,C1605,1891.0,1914.0,1889.0,1912.0,360552.0,685670.48,玉米1605,1154956.0,1901.0,1912.0
2016-01-06,C1605,1912.0,1929.0,1909.0,1927.0,458790.0,880732.9,玉米1605,1171358.0,1919.0,1927.0
2016-01-07,C1605,1928.0,1929.0,1908.0,1913.0,503474.0,965393.59,玉米1605,1174398.0,1917.0,1913.0
2016-01-08,C1605,1914.0,1920.0,1906.0,1911.0,278044.0,531934.34,玉米1605,1133554.0,1913.0,1911.0
2016-01-11,C1605,1900.0,1911.0,1893.0,1907.0,318936.0,607544.45,玉米1605,1091450.0,1904.0,1907.0
2016-01-12,C1605,1905.0,1915.0,1900.0,1913.0,321724.0,613880.78,玉米1605,1089904.0,1908.0,1913.0
2016-01-13,C1605,1911.0,1914.0,1902.0,1908.0,181734.0,346728.48,玉米1605,1083438.0,1907.0,1908.0
2016-01-14,C1605,1908.0,1913.0,1898.0,1904.0,254414.0,484763.37,玉米1605,1075522.0,1905.0,1904.0
2016-01-15,C1605,1904.0,1912.0,1899.0,1910.0,205602.0,391831.68,玉米1605,1086276.0,1905.0,1910.0
2016-01-18,C1605,1910.0,1922.0,1904.0,1918.0,320392.0,613974.98,玉米1605,1013656.0,1916.0,1918.0
2016-01-19,C1605,1916.0,1918.0,1901.0,1905.0,276730.0,528111.27,玉米1605,965722.0,1908.0,1905.0
2016-01-20,C1605,1904.0,1915.0,1898.0,1909.0,255460.0,486996.46,玉米1605,937648.0,1906.0,1909.0
2016-01-21,C1605,1907.0,1909.0,1901.0,1908.0,139306.0,265337.57,玉米1605,925600.0,1904.0,1908.0
2016-01-22,C1605,1908.0,1920.0,1907.0,1914.0,162684.0,311476.88,玉米1605,902360.0,1914.0,1914.0
2016-01-25,C1605,1916.0,1921.0,1913.0,1917.0,89432.0,171382.31,玉米1605,905452.0,1916.0,1917.0
2016-01-26,C1605,1917.0,1927.0,1914.0,1921.0,210658.0,404381.62,玉米1605,893480.0,1919.0,1921.0
2016-01-27,C1605,1924.0,1947.0,1921.0,1944.0,305628.0,591592.84,玉米1605,898500.0,1935.0,1944.0
2016-01-28,C1605,1940.0,1950.0,1923.0,1945.0,318386.0,617963.08,玉米1605,884600.0,1940.0,1945.0
2016-01-29,C1605,1939.0,1948.0,1927.0,1933.0,293574.0,568313.79,玉米1605,877848.0,1935.0,1933.0
2016-02-01,C1605,1935.0,1943.0,1932.0,1936.0,121076.0,234672.52,玉米1605,870770.0,1938.0,1936.0
2016-02-02,C1605,1937.0,1941.0,1930.0,1937.0,102084.0,197668.34,玉米1605,872558.0,1936.0,1937.0
2016-02-03,C1605,1937.0,1948.0,1933.0,1946.0,139872.0,271821.93,玉米1605,865156.0,1943.0,1946.0
2016-02-04,C1605,1949.0,1971.0,1944.0,1968.0,217014.0,425274.76,玉米1605,804290.0,1959.0,1968.0
2016-02-05,C1605,1966.0,1966.0,1955.0,1958.0,102596.0,200963.01,玉米1605,787684.0,1958.0,1958.0
2016-02-15,C1605,1962.0,1972.0,1948.0,1971.0,126430.0,248138.72,玉米1605,790894.0,1962.0,1971.0
2016-02-16,C1605,1969.0,1981.0,1965.0,1966.0,211096.0,416310.18,玉米1605,809012.0,1972.0,1966.0
2016-02-17,C1605,1965.0,1966.0,1939.0,1943.0,308132.0,600954.79,玉米1605,802058.0,1950.0,1943.0
2016-02-18,C1605,1948.0,1954.0,1944.0,1950.0,222422.0,433444.19,玉米1605,797264.0,1948.0,1950.0
2016-02-19,C1605,1950.0,1956.0,1934.0,1934.0,230160.0,447668.1,玉米1605,797798.0,1945.0,1934.0
2016-02-22,C1605,1933.0,1934.0,1893.0,1906.0,516792.0,988380.83,玉米1605,718522.0,1912.0,1906.0
2016-02-23,C1605,1905.0,1917.0,1893.0,1905.0,281936.0,537015.1,玉米1605,687318.0,1904.0,1905.0
2016-02-24,C1605,1901.0,1912.0,1858.0,1861.0,556950.0,1046145.55,玉米1605,650070.0,1878.0,1861.0
2016-02-25,C1605,1863.0,1874.0,1845.0,1854.0,372692.0,692613.12,玉米1605,612710.0,1858.0,1854.0
2016-02-26,C1605,1852.0,1862.0,1835.0,1835.0,300784.0,555757.72,玉米1605,600998.0,1847.0,1835.0
2016-02-29,C1605,1830.0,1835.0,1789.0,1829.0,599004.0,1087776.52,玉米1605,591932.0,1815.0,1829.0
2016-03-01,C1605,1825.0,1877.0,1825.0,1876.0,447102.0,830329.52,玉米1605,571428.0,1857.0,1876.0
2016-03-01,C1605,,,,4.99,0.0,,欧盟排放配额1605,0.0,4.99,4.99
2016-03-02,C1605,1877.0,1877.0,1850.0,1867.0,301400.0,561755.98,玉米1605,562370.0,1863.0,1867.0
2016-03-02,C1605,,,,4.95,0.0,,欧盟排放配额1605,0.0,4.95,4.95
2016-03-03,C1605,1869.0,1875.0,1858.0,1873.0,235966.0,441015.89,玉米1605,537202.0,1868.0,1873.0
2016-03-03,C1605,,,,4.88,0.0,,欧盟排放配额1605,0.0,4.88,4.88
2016-03-04,C1605,1875.0,1888.0,1871.0,1882.0,153248.0,287828.75,玉米1605,520968.0,1878.0,1882.0
2016-03-04,C1605,,,,4.92,0.0,,欧盟排放配额1605,0.0,4.92,4.92
2016-03-07,C1605,1880.0,1892.0,1836.0,1841.0,315658.0,586879.29,玉米1605,487726.0,1859.0,1841.0
2016-03-07,C1605,,,,5.09,0.0,,欧盟排放配额1605,0.0,5.09,5.09
2016-03-08,C1605,1830.0,1853.0,1801.0,1809.0,317314.0,579513.39,玉米1605,473598.0,1826.0,1809.0
2016-03-08,C1605,,,,5.01,0.0,,欧盟排放配额1605,0.0,5.01,5.01
2016-03-09,C1605,1803.0,1811.0,1764.0,1771.0,496330.0,887079.37,玉米1605,542632.0,1787.0,1771.0
2016-03-09,C1605,,,,5.07,0.0,,欧盟排放配额1605,0.0,5.07,5.07
2016-03-10,C1605,1775.0,1790.0,1732.0,1743.0,545592.0,958570.77,玉米1605,546644.0,1756.0,1743.0
2016-03-10,C1605,,,,4.9,0.0,,欧盟排放配额1605,0.0,4.9,4.9
2016-03-11,C1605,1738.0,1768.0,1712.0,1763.0,566236.0,984845.2,玉米1605,537674.0,1739.0,1763.0
2016-03-11,C1605,,,,4.98,0.0,,欧盟排放配额1605,0.0,4.98,4.98
2016-03-14,C1605,1753.0,1765.0,1744.0,1754.0,247810.0,435401.45,玉米1605,503124.0,1756.0,1754.0
2016-03-14,C1605,,,,4.85,0.0,,欧盟排放配额1605,0.0,4.85,4.85
2016-03-15,C1605,1756.0,1782.0,1754.0,1775.0,216070.0,382971.15,玉米1605,504194.0,1772.0,1775.0
2016-03-15,C1605,,,,4.85,0.0,,欧盟排放配额1605,0.0,4.85,4.85
2016-03-16,C1605,1777.0,1778.0,1749.0,1756.0,305018.0,536026.08,玉米1605,551966.0,1757.0,1756.0
2016-03-16,C1605,,,,4.95,0.0,,欧盟排放配额1605,0.0,4.95,4.95
2016-03-17,C1605,1762.0,1776.0,1759.0,1769.0,217372.0,384064.48,玉米1605,529542.0,1766.0,1769.0
2016-03-17,C1605,,,,4.99,0.0,,欧盟排放配额1605,0.0,4.99,4.99
2016-03-18,C1605,1768.0,1820.0,1763.0,1789.0,337996.0,603109.83,玉米1605,472440.0,1784.0,1789.0
2016-03-18,C1605,,,,4.93,0.0,,欧盟排放配额1605,0.0,4.93,4.93
2016-03-21,C1605,1789.0,1809.0,1768.0,1807.0,298762.0,535170.28,玉米1605,489876.0,1791.0,1807.0
2016-03-21,C1605,,,,4.86,0.0,,欧盟排放配额1605,0.0,4.86,4.86
2016-03-22,C1605,1808.0,1813.0,1778.0,1788.0,270852.0,484679.56,玉米1605,486548.0,1789.0,1788.0
2016-03-22,C1605,,,,4.81,0.0,,欧盟排放配额1605,0.0,4.81,4.81
2016-03-23,C1605,1783.0,1785.0,1718.0,1719.0,446302.0,778381.48,玉米1605,530148.0,1744.0,1719.0
2016-03-23,C1605,,,,4.79,0.0,,欧盟排放配额1605,0.0,4.79,4.79
2016-03-24,C1605,1717.0,1742.0,1702.0,1736.0,314726.0,543598.26,玉米1605,511082.0,1727.0,1736.0
2016-03-24,C1605,,,,4.84,0.0,,欧盟排放配额1605,0.0,4.84,4.84
2016-03-25,C1605,1739.0,1739.0,1716.0,1725.0,172196.0,297115.93,玉米1605,514096.0,1725.0,1725.0
2016-03-28,C1605,1705.0,1730.0,1697.0,1716.0,202876.0,347765.36,玉米1605,500808.0,1714.0,1716.0
2016-03-28,C1605,,,,4.84,0.0,,欧盟排放配额1605,0.0,4.84,4.84
2016-03-29,C1605,1700.0,1714.0,1683.0,1700.0,292730.0,496593.29,玉米1605,435342.0,1696.0,1700.0
2016-03-29,C1605,,,,4.77,0.0,,欧盟排放配额1605,0.0,4.77,4.77
2016-03-30,C1605,1701.0,1728.0,1700.0,1722.0,144162.0,247350.06,玉米1605,450792.0,1715.0,1722.0
2016-03-30,C1605,,,,4.95,0.0,,欧盟排放配额1605,0.0,4.95,4.95
2016-03-31,C1605,1719.0,1723.0,1705.0,1710.0,92532.0,158356.34,玉米1605,444106.0,1711.0,1710.0
2016-03-31,C1605,,,,5.2,0.0,,欧盟排放配额1605,0.0,5.2,5.2
2016-04-01,C1605,1702.0,1714.0,1699.0,1710.0,116918.0,199255.62,玉米1605,436380.0,1704.0,1710.0
2016-04-01,C1605,,,,5.16,0.0,,欧盟排放配额1605,0.0,5.16,5.16
2016-04-04,C1605,,,,5.32,0.0,,欧盟排放配额1605,0.0,5.32,5.32
2016-04-05,C1605,1708.0,1740.0,1708.0,1715.0,123764.0,213173.61,玉米1605,445638.0,1722.0,1715.0
2016-04-05,C1605,,,,5.23,0.0,,欧盟排放配额1605,0.0,5.23,5.23
2016-04-06,C1605,1715.0,1730.0,1714.0,1716.0,68164.0,117359.68,玉米1605,438484.0,1721.0,1716.0
2016-04-06,C1605,,,,5.3,0.0,,欧盟排放配额1605,0.0,5.3,5.3
2016-04-07,C1605,1720.0,1723.0,1711.0,1722.0,53862.0,92516.53,玉米1605,441398.0,1717.0,1722.0
2016-04-07,C1605,,,,5.27,0.0,,欧盟排放配额1605,0.0,5.27,5.27
2016-04-08,C1605,1722.0,1723.0,1716.0,1720.0,45454.0,78116.21,玉米1605,431316.0,1718.0,1720.0
2016-04-08,C1605,,,,5.41,0.0,,欧盟排放配额1605,0.0,5.41,5.41
2016-04-11,C1605,1722.0,1734.0,1719.0,1728.0,67986.0,117343.46,玉米1605,422210.0,1725.0,1728.0
2016-04-11,C1605,,,,5.57,0.0,,欧盟排放配额1605,0.0,5.57,5.57
2016-04-12,C1605,1725.0,1740.0,1724.0,1739.0,64120.0,111207.76,玉米1605,408588.0,1734.0,1739.0
2016-04-12,C1605,,,,5.58,0.0,,欧盟排放配额1605,0.0,5.58,5.58
2016-04-13,C1605,1745.0,1774.0,1745.0,1767.0,111258.0,195839.89,玉米1605,365752.0,1760.0,1767.0
2016-04-13,C1605,,,,5.53,0.0,,欧盟排放配额1605,0.0,5.53,5.53
2016-04-14,C1605,1775.0,1788.0,1768.0,1776.0,63208.0,112485.48,玉米1605,352616.0,1779.0,1776.0
2016-04-14,C1605,,,,5.6,0.0,,欧盟排放配额1605,0.0,5.6,5.6
2016-04-15,C1605,1791.0,1829.0,1774.0,1809.0,171026.0,308554.87,玉米1605,319080.0,1804.0,1809.0
2016-04-15,C1605,5.49,5.49,5.49,5.49,30.0,,欧盟排放配额1605,30.0,5.47,5.49
2016-04-18,C1605,1810.0,1830.0,1803.0,1827.0,62876.0,114526.08,玉米1605,309936.0,1821.0,1827.0
2016-04-18,C1605,,,,5.46,0.0,,欧盟排放配额1605,30.0,5.46,5.46
2016-04-19,C1605,1830.0,1850.0,1817.0,1841.0,79518.0,146375.94,玉米1605,290420.0,1840.0,1841.0
2016-04-19,C1605,,,,5.56,0.0,,欧盟排放配额1605,30.0,5.56,5.56
2016-04-20,C1605,1845.0,1860.0,1845.0,1858.0,54964.0,101874.02,玉米1605,259324.0,1853.0,1858.0
2016-04-20,C1605,,,,5.54,0.0,,欧盟排放配额1605,30.0,5.54,5.54
2016-04-21,C1605,1866.0,1876.0,1852.0,1855.0,59594.0,111080.91,玉米1605,228376.0,1863.0,1855.0
2016-04-21,C1605,,,,5.74,0.0,,欧盟排放配额1605,30.0,5.74,5.74
2016-04-22,C1605,1820.0,1840.0,1818.0,1824.0,65310.0,119308.0,玉米1605,205990.0,1826.0,1824.0
2016-04-22,C1605,,,,5.96,0.0,,欧盟排放配额1605,30.0,5.96,5.96
2016-04-25,C1605,1812.0,1825.0,1793.0,1797.0,17406.0,31412.26,玉米1605,200456.0,1804.0,1797.0
2016-04-25,C1605,,,,5.89,0.0,,欧盟排放配额1605,30.0,5.89,5.89
2016-04-26,C1605,1800.0,1809.0,1790.0,1798.0,16694.0,29981.44,玉米1605,153986.0,1795.0,1798.0
2016-04-26,C1605,,,,6.61,0.0,,欧盟排放配额1605,30.0,6.61,6.61
2016-04-27,C1605,1805.0,1805.0,1780.0,1782.0,11318.0,20208.52,玉米1605,127140.0,1785.0,1782.0
2016-04-27,C1605,,,,6.83,0.0,,欧盟排放配额1605,30.0,6.83,6.83
2016-04-28,C1605,1782.0,1789.0,1777.0,1785.0,16942.0,30194.78,玉米1605,118670.0,1782.0,1785.0
2016-04-28,C1605,,,,6.33,0.0,,欧盟排放配额1605,30.0,6.33,6.33
2016-04-29,C1605,1792.0,1799.0,1777.0,1797.0,30794.0,55102.12,玉米1605,106342.0,1789.0,1797.0
2016-04-29,C1605,,,,6.17,0.0,,欧盟排放配额1605,30.0,6.17,6.17
2016-05-02,C1605,,,,6.1,0.0,,欧盟排放配额1605,30.0,6.1,6.1
2016-05-03,C1605,1790.0,1790.0,1780.0,1780.0,5308.0,9460.89,玉米1605,100034.0,1782.0,1780.0
2016-05-03,C1605,,,,5.98,0.0,,欧盟排放配额1605,30.0,5.98,5.98
2016-05-04,C1605,1777.0,1788.0,1777.0,1781.0,29534.0,52644.51,玉米1605,93244.0,1782.0,1781.0
2016-05-04,C1605,,,,6.12,0.0,,欧盟排放配额1605,30.0,6.12,6.12
2016-05-05,C1605,1785.0,1788.0,1779.0,1780.0,9850.0,17549.23,玉米1605,67452.0,1781.0,1780.0
2016-05-05,C1605,,,,6.19,0.0,,欧盟排放配额1605,30.0,6.19,6.19
2016-05-06,C1605,1778.0,1778.0,1769.0,1775.0,4960.0,8795.77,玉米1605,62988.0,1773.0,1775.0
2016-05-06,C1605,,,,5.85,0.0,,欧盟排放配额1605,30.0,5.85,5.85
2016-05-09,C1605,1775.0,1792.0,1775.0,1790.0,26320.0,47120.18,玉米1605,54708.0,1790.0,1790.0
2016-05-09,C1605,,,,5.69,0.0,,欧盟排放配额1605,30.0,5.69,5.69
2016-05-10,C1605,1780.0,1780.0,1780.0,1780.0,400.0,712.0,玉米1605,53576.0,1780.0,1780.0
2016-05-10,C1605,,,,5.89,0.0,,欧盟排放配额1605,30.0,5.89,5.89
2016-05-11,C1605,1780.0,1785.0,1780.0,1785.0,3982.0,7105.71,玉米1605,37732.0,1784.0,1785.0
2016-05-11,C1605,5.83,5.83,5.83,5.83,8.0,,欧盟排放配额1605,38.0,6.01,5.83
2016-05-12,C1605,1780.0,1780.0,1710.0,1710.0,4228.0,7465.64,玉米1605,31310.0,1765.0,1710.0
2016-05-12,C1605,,,,5.8,0.0,,欧盟排放配额1605,38.0,5.8,5.8
2016-05-13,C1605,1765.0,1765.0,1765.0,1765.0,2.0,3.53,玉米1605,28708.0,1765.0,1765.0
2016-05-13,C1605,5.85,5.85,5.85,5.85,152.0,,欧盟排放配额1605,190.0,5.84,5.85
2016-05-16,C1605,1710.0,1740.0,1710.0,1721.0,6774.0,11667.03,玉米1605,0.0,1778.0,1721.0
2016-05-16,C1605,,,,6.1,0.0,,欧盟排放配额1605,190.0,6.1,6.1
2016-05-17,C1605,,,,6.04,0.0,,欧盟排放配额1605,190.0,6.04,6.04
2016-05-18,C1605,,,,6.05,0.0,,欧盟排放配额1605,190.0,6.05,6.05
2016-05-19,C1605,5.9,5.9,5.89,5.89,504.0,,欧盟排放配额1605,597.0,5.98,5.89
2016-05-20,C1605,5.92,5.97,5.92,5.97,32.0,,欧盟排放配额1605,569.0,5.95,5.97
2016-05-23,C1605,5.9,5.9,5.86,5.86,6.0,,欧盟排放配额1605,575.0,5.72,5.86
