date,symbol,open,high,low,close,volume,amount,name,openinterest,settleprice,price
2015-07-15,C1607,0.0,0.0,0.0,2116.0,0.0,0.0,玉米1607,0.0,2116.0,2116.0
2015-07-16,C1607,2194.0,2194.0,2069.0,2120.0,20.0,42.75,玉米1607,2.0,2137.0,2120.0
2015-07-17,C1607,0.0,0.0,0.0,2137.0,0.0,0.0,玉米1607,2.0,2137.0,2137.0
2015-07-20,C1607,0.0,0.0,0.0,2129.0,0.0,0.0,玉米1607,2.0,2129.0,2129.0
2015-07-21,C1607,0.0,0.0,0.0,2118.0,0.0,0.0,玉米1607,2.0,2118.0,2118.0
2015-07-22,C1607,2073.0,2121.0,2073.0,2108.0,6.0,12.61,玉米1607,2.0,2100.0,2108.0
2015-07-23,C1607,0.0,0.0,0.0,2094.0,0.0,0.0,玉米1607,2.0,2094.0,2094.0
2015-07-24,C1607,2081.0,2104.0,2061.0,2061.0,10.0,20.84,玉米1607,4.0,2084.0,2061.0
2015-07-27,C1607,2002.0,2010.0,2001.0,2001.0,14.0,28.04,玉米1607,14.0,2002.0,2001.0
2015-07-28,C1607,1989.0,2019.0,1973.0,1986.0,44.0,87.79,玉米1607,28.0,1995.0,1986.0
2015-07-29,C1607,1992.0,2009.0,1991.0,1993.0,62.0,124.02,玉米1607,46.0,2000.0,1993.0
2015-07-30,C1607,1999.0,1999.0,1983.0,1983.0,32.0,63.89,玉米1607,60.0,1996.0,1983.0
2015-07-31,C1607,1999.0,1999.0,1982.0,1993.0,18.0,35.83,玉米1607,60.0,1990.0,1993.0
2015-08-03,C1607,1994.0,1994.0,1973.0,1988.0,42.0,83.52,玉米1607,72.0,1988.0,1988.0
2015-08-04,C1607,1994.0,1994.0,1978.0,1987.0,8.0,15.9,玉米1607,70.0,1987.0,1987.0
2015-08-05,C1607,1969.0,1969.0,1969.0,1969.0,2.0,3.94,玉米1607,72.0,1969.0,1969.0
2015-08-06,C1607,1928.0,2022.0,1928.0,1986.0,8.0,15.89,玉米1607,72.0,1985.0,1986.0
2015-08-07,C1607,0.0,0.0,0.0,1985.0,0.0,0.0,玉米1607,72.0,1985.0,1985.0
2015-08-10,C1607,0.0,0.0,0.0,1985.0,0.0,0.0,玉米1607,72.0,1985.0,1985.0
2015-08-11,C1607,1991.0,2000.0,1976.0,1995.0,24.0,47.79,玉米1607,72.0,1990.0,1995.0
2015-08-12,C1607,0.0,0.0,0.0,1995.0,0.0,0.0,玉米1607,72.0,1995.0,1995.0
2015-08-13,C1607,2024.0,2024.0,1995.0,2006.0,28.0,56.3,玉米1607,72.0,2010.0,2006.0
2015-08-14,C1607,2018.0,2018.0,1997.0,1997.0,12.0,24.05,玉米1607,74.0,2004.0,1997.0
2015-08-17,C1607,2007.0,2018.0,2007.0,2010.0,6.0,12.07,玉米1607,72.0,2011.0,2010.0
2015-08-18,C1607,2020.0,2020.0,2020.0,2020.0,6.0,12.12,玉米1607,68.0,2020.0,2020.0
2015-08-19,C1607,2010.0,2011.0,2004.0,2004.0,58.0,116.51,玉米1607,68.0,2008.0,2004.0
2015-08-20,C1607,2000.0,2007.0,1987.0,1993.0,70.0,139.79,玉米1607,74.0,1996.0,1993.0
2015-08-21,C1607,1998.0,1998.0,1980.0,1980.0,8.0,15.91,玉米1607,72.0,1988.0,1980.0
2015-08-24,C1607,1978.0,1978.0,1963.0,1963.0,8.0,15.77,玉米1607,70.0,1971.0,1963.0
2015-08-25,C1607,1995.0,2002.0,1992.0,1999.0,12.0,23.98,玉米1607,72.0,1998.0,1999.0
2015-08-26,C1607,2010.0,2042.0,1991.0,1993.0,54.0,108.47,玉米1607,72.0,2008.0,1993.0
2015-08-27,C1607,1991.0,1991.0,1988.0,1988.0,4.0,7.96,玉米1607,74.0,1989.0,1988.0
2015-08-28,C1607,1995.0,1998.0,1985.0,1985.0,18.0,35.85,玉米1607,68.0,1991.0,1985.0
2015-08-31,C1607,1965.0,1981.0,1959.0,1959.0,12.0,23.6,玉米1607,68.0,1966.0,1959.0
2015-09-01,C1607,1926.0,1952.0,1923.0,1930.0,20.0,38.59,玉米1607,68.0,1929.0,1930.0
2015-09-02,C1607,1950.0,1950.0,1923.0,1928.0,98.0,189.45,玉米1607,68.0,1933.0,1928.0
2015-09-07,C1607,1923.0,1944.0,1917.0,1931.0,48.0,92.52,玉米1607,78.0,1927.0,1931.0
2015-09-08,C1607,1943.0,1944.0,1923.0,1933.0,26.0,50.24,玉米1607,76.0,1932.0,1933.0
2015-09-09,C1607,1932.0,1932.0,1932.0,1932.0,2.0,3.87,玉米1607,78.0,1932.0,1932.0
2015-09-10,C1607,1921.0,1924.0,1910.0,1924.0,62.0,118.7,玉米1607,90.0,1914.0,1924.0
2015-09-11,C1607,1930.0,1930.0,1925.0,1925.0,4.0,7.71,玉米1607,88.0,1927.0,1925.0
2015-09-14,C1607,1925.0,1927.0,1923.0,1927.0,28.0,53.9,玉米1607,80.0,1924.0,1927.0
2015-09-15,C1607,0.0,0.0,0.0,1924.0,0.0,0.0,玉米1607,80.0,1924.0,1924.0
2015-09-16,C1607,1932.0,1932.0,1932.0,1932.0,10.0,19.32,玉米1607,72.0,1932.0,1932.0
2015-09-17,C1607,1921.0,1921.0,1900.0,1904.0,186.0,354.94,玉米1607,214.0,1908.0,1904.0
2015-09-18,C1607,1896.0,1897.0,1832.0,1837.0,286.0,533.45,玉米1607,312.0,1865.0,1837.0
2015-09-21,C1607,1815.0,1839.0,1807.0,1819.0,114.0,207.57,玉米1607,316.0,1820.0,1819.0
2015-09-22,C1607,1813.0,1815.0,1773.0,1814.0,76.0,137.52,玉米1607,290.0,1809.0,1814.0
2015-09-23,C1607,1804.0,1804.0,1790.0,1798.0,60.0,107.78,玉米1607,282.0,1796.0,1798.0
2015-09-24,C1607,1800.0,1805.0,1794.0,1803.0,90.0,161.0,玉米1607,250.0,1799.0,1803.0
2015-09-25,C1607,1791.0,1814.0,1791.0,1805.0,160.0,288.44,玉米1607,140.0,1802.0,1805.0
2015-09-28,C1607,1803.0,1805.0,1793.0,1802.0,16.0,28.78,玉米1607,140.0,1798.0,1802.0
2015-09-29,C1607,1773.0,1780.0,1760.0,1765.0,32.0,56.59,玉米1607,130.0,1768.0,1765.0
2015-09-30,C1607,1764.0,1775.0,1760.0,1761.0,116.0,204.85,玉米1607,132.0,1765.0,1761.0
2015-10-08,C1607,1764.0,1779.0,1758.0,1760.0,12.0,21.17,玉米1607,128.0,1764.0,1760.0
2015-10-09,C1607,1786.0,1789.0,1750.0,1750.0,42.0,74.05,玉米1607,146.0,1763.0,1750.0
2015-10-12,C1607,1751.0,1758.0,1751.0,1751.0,20.0,35.1,玉米1607,132.0,1754.0,1751.0
2015-10-13,C1607,1753.0,1759.0,1749.0,1754.0,52.0,91.27,玉米1607,140.0,1755.0,1754.0
2015-10-14,C1607,1766.0,1779.0,1759.0,1779.0,12.0,21.24,玉米1607,144.0,1769.0,1779.0
2015-10-15,C1607,1780.0,1796.0,1780.0,1784.0,12.0,21.44,玉米1607,144.0,1786.0,1784.0
2015-10-16,C1607,1784.0,1786.0,1765.0,1786.0,26.0,46.2,玉米1607,128.0,1776.0,1786.0
2015-10-19,C1607,1775.0,1804.0,1766.0,1779.0,242.0,430.53,玉米1607,204.0,1779.0,1779.0
2015-10-20,C1607,1779.0,1786.0,1767.0,1772.0,54.0,96.22,玉米1607,228.0,1781.0,1772.0
2015-10-21,C1607,1785.0,1786.0,1778.0,1785.0,74.0,132.06,玉米1607,164.0,1784.0,1785.0
2015-10-22,C1607,1789.0,1789.0,1785.0,1786.0,28.0,50.02,玉米1607,166.0,1786.0,1786.0
2015-10-23,C1607,1783.0,1783.0,1761.0,1776.0,34.0,60.28,玉米1607,162.0,1772.0,1776.0
2015-10-26,C1607,1783.0,1795.0,1783.0,1795.0,12.0,21.48,玉米1607,168.0,1789.0,1795.0
2015-10-27,C1607,1783.0,1797.0,1783.0,1796.0,6.0,10.76,玉米1607,166.0,1792.0,1796.0
2015-10-28,C1607,1786.0,1786.0,1786.0,1786.0,2.0,3.58,玉米1607,166.0,1786.0,1786.0
2015-10-29,C1607,1787.0,1787.0,1787.0,1787.0,2.0,3.58,玉米1607,168.0,1787.0,1787.0
2015-10-30,C1607,0.0,0.0,0.0,1780.0,0.0,0.0,玉米1607,168.0,1780.0,1780.0
2015-11-02,C1607,0.0,0.0,0.0,1780.0,0.0,0.0,玉米1607,168.0,1780.0,1780.0
2015-11-03,C1607,1787.0,1805.0,1787.0,1805.0,82.0,147.22,玉米1607,232.0,1795.0,1805.0
2015-11-04,C1607,0.0,0.0,0.0,1795.0,0.0,0.0,玉米1607,232.0,1795.0,1795.0
2015-11-05,C1607,1812.0,1826.0,1811.0,1811.0,214.0,388.27,玉米1607,294.0,1814.0,1811.0
2015-11-06,C1607,1808.0,1830.0,1808.0,1828.0,168.0,306.57,玉米1607,384.0,1824.0,1828.0
2015-11-09,C1607,1873.0,1896.0,1862.0,1876.0,202.0,378.29,玉米1607,496.0,1872.0,1876.0
2015-11-10,C1607,1869.0,1874.0,1848.0,1855.0,592.0,1100.85,玉米1607,968.0,1859.0,1855.0
2015-11-11,C1607,1849.0,1850.0,1848.0,1848.0,86.0,158.98,玉米1607,1046.0,1848.0,1848.0
2015-11-12,C1607,1855.0,1873.0,1842.0,1873.0,200.0,370.81,玉米1607,1138.0,1854.0,1873.0
2015-11-13,C1607,1879.0,1896.0,1876.0,1877.0,554.0,1041.42,玉米1607,926.0,1879.0,1877.0
2015-11-16,C1607,1889.0,1889.0,1875.0,1875.0,332.0,624.79,玉米1607,1252.0,1881.0,1875.0
2015-11-17,C1607,1870.0,1879.0,1869.0,1879.0,196.0,367.59,玉米1607,1424.0,1875.0,1879.0
2015-11-18,C1607,1888.0,1889.0,1888.0,1889.0,6.0,11.33,玉米1607,1420.0,1888.0,1889.0
2015-11-19,C1607,1880.0,1880.0,1853.0,1874.0,24.0,44.91,玉米1607,1424.0,1871.0,1874.0
2015-11-20,C1607,1880.0,1882.0,1847.0,1871.0,58.0,108.39,玉米1607,1438.0,1868.0,1871.0
2015-11-23,C1607,1876.0,1876.0,1874.0,1874.0,24.0,45.02,玉米1607,1460.0,1875.0,1874.0
2015-11-24,C1607,1880.0,1880.0,1874.0,1874.0,12.0,22.52,玉米1607,1464.0,1876.0,1874.0
2015-11-25,C1607,1861.0,1877.0,1861.0,1877.0,34.0,63.64,玉米1607,1472.0,1871.0,1877.0
2015-11-26,C1607,1886.0,1900.0,1880.0,1885.0,44.0,83.06,玉米1607,1470.0,1887.0,1885.0
2015-11-27,C1607,1879.0,1900.0,1879.0,1900.0,48.0,90.93,玉米1607,1492.0,1894.0,1900.0
2015-11-30,C1607,1930.0,1930.0,1901.0,1920.0,102.0,194.62,玉米1607,1514.0,1908.0,1920.0
2015-12-01,C1607,1904.0,1905.0,1896.0,1896.0,38.0,72.19,玉米1607,1504.0,1899.0,1896.0
2015-12-02,C1607,1905.0,1908.0,1895.0,1908.0,36.0,68.55,玉米1607,1484.0,1904.0,1908.0
2015-12-03,C1607,1899.0,1909.0,1899.0,1907.0,16.0,30.45,玉米1607,1484.0,1902.0,1907.0
2015-12-04,C1607,1898.0,1905.0,1895.0,1902.0,26.0,49.34,玉米1607,1484.0,1897.0,1902.0
2015-12-07,C1607,1895.0,1895.0,1866.0,1876.0,44.0,82.82,玉米1607,1484.0,1882.0,1876.0
2015-12-08,C1607,1873.0,1877.0,1873.0,1877.0,4.0,7.5,玉米1607,1484.0,1875.0,1877.0
2015-12-09,C1607,0.0,0.0,0.0,1875.0,0.0,0.0,玉米1607,1484.0,1875.0,1875.0
2015-12-10,C1607,1879.0,1886.0,1862.0,1886.0,48.0,90.29,玉米1607,1486.0,1880.0,1886.0
2015-12-11,C1607,1879.0,1891.0,1875.0,1889.0,12.0,22.59,玉米1607,1488.0,1882.0,1889.0
2015-12-14,C1607,1898.0,1898.0,1886.0,1892.0,8.0,15.14,玉米1607,1484.0,1891.0,1892.0
2015-12-15,C1607,1896.0,1896.0,1889.0,1892.0,6.0,11.36,玉米1607,1484.0,1892.0,1892.0
2015-12-16,C1607,1890.0,1890.0,1890.0,1890.0,2.0,3.78,玉米1607,1486.0,1890.0,1890.0
2015-12-17,C1607,0.0,0.0,0.0,1890.0,0.0,0.0,玉米1607,1486.0,1890.0,1890.0
2015-12-18,C1607,1908.0,1924.0,1883.0,1903.0,66.0,125.56,玉米1607,1446.0,1902.0,1903.0
2015-12-21,C1607,0.0,0.0,0.0,1911.0,0.0,0.0,玉米1607,1446.0,1911.0,1911.0
2015-12-22,C1607,1900.0,1914.0,1900.0,1901.0,40.0,76.31,玉米1607,1424.0,1907.0,1901.0
2015-12-23,C1607,1961.0,1961.0,1889.0,1899.0,20.0,38.29,玉米1607,1420.0,1914.0,1899.0
2015-12-24,C1607,1888.0,1898.0,1884.0,1891.0,16.0,30.25,玉米1607,1424.0,1890.0,1891.0
2015-12-25,C1607,1882.0,1887.0,1875.0,1885.0,24.0,45.15,玉米1607,1430.0,1881.0,1885.0
2015-12-28,C1607,1875.0,1878.0,1858.0,1858.0,84.0,156.76,玉米1607,1488.0,1866.0,1858.0
2015-12-29,C1607,1865.0,1865.0,1848.0,1859.0,6.0,11.15,玉米1607,1490.0,1857.0,1859.0
2015-12-30,C1607,1889.0,1890.0,1881.0,1881.0,1404.0,2641.32,玉米1607,1534.0,1881.0,1881.0
2015-12-31,C1607,0.0,0.0,0.0,1882.0,0.0,0.0,玉米1607,1534.0,1882.0,1882.0
2016-01-04,C1607,1876.0,1880.0,1866.0,1870.0,16.0,29.99,玉米1607,1534.0,1874.0,1870.0
2016-01-05,C1607,1878.0,1895.0,1878.0,1890.0,28.0,52.86,玉米1607,1524.0,1887.0,1890.0
2016-01-06,C1607,1906.0,1907.0,1890.0,1902.0,88.0,167.5,玉米1607,1532.0,1903.0,1902.0
2016-01-07,C1607,1903.0,1904.0,1889.0,1891.0,16.0,30.37,玉米1607,1532.0,1897.0,1891.0
2016-01-08,C1607,1880.0,1891.0,1880.0,1881.0,72.0,135.74,玉米1607,1546.0,1885.0,1881.0
2016-01-11,C1607,1878.0,1881.0,1869.0,1872.0,34.0,63.74,玉米1607,1560.0,1874.0,1872.0
2016-01-12,C1607,1876.0,1877.0,1866.0,1866.0,150.0,280.88,玉米1607,1696.0,1872.0,1866.0
2016-01-13,C1607,0.0,0.0,0.0,1872.0,0.0,0.0,玉米1607,1696.0,1872.0,1872.0
2016-01-14,C1607,1856.0,1871.0,1856.0,1862.0,98.0,182.64,玉米1607,1700.0,1863.0,1862.0
2016-01-15,C1607,1860.0,1867.0,1860.0,1867.0,20.0,37.25,玉米1607,1696.0,1862.0,1867.0
2016-01-18,C1607,1869.0,1885.0,1866.0,1885.0,30.0,56.22,玉米1607,1696.0,1873.0,1885.0
2016-01-19,C1607,1874.0,1876.0,1871.0,1873.0,10.0,18.74,玉米1607,1694.0,1873.0,1873.0
2016-01-20,C1607,1875.0,1884.0,1874.0,1875.0,24.0,45.03,玉米1607,1694.0,1876.0,1875.0
2016-01-21,C1607,1876.0,1877.0,1873.0,1873.0,12.0,22.5,玉米1607,1696.0,1874.0,1873.0
2016-01-22,C1607,1874.0,1879.0,1874.0,1876.0,52.0,97.58,玉米1607,1696.0,1876.0,1876.0
2016-01-25,C1607,1882.0,1887.0,1882.0,1887.0,6.0,11.32,玉米1607,1698.0,1885.0,1887.0
2016-01-26,C1607,1887.0,1888.0,1879.0,1888.0,34.0,64.1,玉米1607,1694.0,1885.0,1888.0
2016-01-27,C1607,1888.0,1897.0,1879.0,1897.0,232.0,437.25,玉米1607,1696.0,1884.0,1897.0
2016-01-28,C1607,1880.0,1886.0,1872.0,1878.0,302.0,567.32,玉米1607,1802.0,1878.0,1878.0
2016-01-29,C1607,1848.0,1858.0,1848.0,1855.0,10.0,18.55,玉米1607,1804.0,1854.0,1855.0
2016-02-01,C1607,1837.0,1853.0,1837.0,1846.0,30.0,55.31,玉米1607,1804.0,1843.0,1846.0
2016-02-02,C1607,1844.0,1844.0,1833.0,1844.0,26.0,47.8,玉米1607,1804.0,1838.0,1844.0
2016-02-03,C1607,1862.0,1868.0,1850.0,1868.0,24.0,44.68,玉米1607,1796.0,1861.0,1868.0
2016-02-04,C1607,1884.0,1885.0,1865.0,1866.0,18.0,33.79,玉米1607,1796.0,1877.0,1866.0
2016-02-05,C1607,1881.0,1881.0,1849.0,1861.0,10.0,18.63,玉米1607,1796.0,1862.0,1861.0
2016-02-15,C1607,1861.0,1861.0,1861.0,1861.0,2.0,3.73,玉米1607,1796.0,1861.0,1861.0
2016-02-16,C1607,1878.0,1880.0,1865.0,1870.0,38.0,71.2,玉米1607,1808.0,1873.0,1870.0
2016-02-17,C1607,1865.0,1868.0,1855.0,1855.0,96.0,178.45,玉米1607,1870.0,1858.0,1855.0
2016-02-18,C1607,1861.0,1865.0,1860.0,1860.0,6.0,11.18,玉米1607,1868.0,1862.0,1860.0
2016-02-19,C1607,1812.0,1875.0,1812.0,1839.0,36.0,66.97,玉米1607,1876.0,1860.0,1839.0
2016-02-22,C1607,1899.0,1900.0,1823.0,1832.0,80.0,147.25,玉米1607,1878.0,1840.0,1832.0
2016-02-23,C1607,1832.0,1833.0,1818.0,1833.0,50.0,91.32,玉米1607,1894.0,1826.0,1833.0
2016-02-24,C1607,1833.0,1833.0,1789.0,1789.0,148.0,266.3,玉米1607,1898.0,1799.0,1789.0
2016-02-25,C1607,1782.0,1797.0,1770.0,1779.0,376.0,669.36,玉米1607,1948.0,1780.0,1779.0
2016-02-26,C1607,1778.0,1784.0,1770.0,1770.0,108.0,191.65,玉米1607,2028.0,1774.0,1770.0
2016-02-29,C1607,1749.0,1755.0,1716.0,1751.0,176.0,305.78,玉米1607,2068.0,1737.0,1751.0
2016-03-01,C1607,1753.0,1788.0,1750.0,1782.0,144.0,255.55,玉米1607,2078.0,1774.0,1782.0
2016-03-02,C1607,1790.0,1795.0,1773.0,1777.0,140.0,249.45,玉米1607,2084.0,1781.0,1777.0
2016-03-03,C1607,1779.0,1791.0,1776.0,1785.0,52.0,92.92,玉米1607,2080.0,1786.0,1785.0
2016-03-04,C1607,1817.0,1817.0,1780.0,1793.0,126.0,225.96,玉米1607,2072.0,1793.0,1793.0
2016-03-07,C1607,1760.0,1777.0,1733.0,1743.0,182.0,319.76,玉米1607,2066.0,1756.0,1743.0
2016-03-08,C1607,1740.0,1764.0,1731.0,1731.0,228.0,396.98,玉米1607,2148.0,1741.0,1731.0
2016-03-09,C1607,1721.0,1729.0,1702.0,1710.0,332.0,571.09,玉米1607,2252.0,1720.0,1710.0
2016-03-10,C1607,1699.0,1715.0,1686.0,1694.0,294.0,499.96,玉米1607,2316.0,1700.0,1694.0
2016-03-11,C1607,1679.0,1708.0,1669.0,1708.0,234.0,395.25,玉米1607,2404.0,1689.0,1708.0
2016-03-14,C1607,1699.0,1699.0,1673.0,1677.0,84.0,141.47,玉米1607,2432.0,1684.0,1677.0
2016-03-15,C1607,1691.0,1697.0,1673.0,1676.0,520.0,873.18,玉米1607,2456.0,1679.0,1676.0
2016-03-16,C1607,1622.0,1668.0,1622.0,1654.0,364.0,604.51,玉米1607,2462.0,1660.0,1654.0
2016-03-17,C1607,1661.0,1661.0,1646.0,1655.0,124.0,204.61,玉米1607,2486.0,1650.0,1655.0
2016-03-18,C1607,1655.0,1686.0,1631.0,1663.0,924.0,1533.77,玉米1607,2366.0,1659.0,1663.0
2016-03-21,C1607,1670.0,1670.0,1640.0,1662.0,732.0,1209.42,玉米1607,2382.0,1652.0,1662.0
2016-03-22,C1607,1652.0,1664.0,1650.0,1656.0,244.0,404.95,玉米1607,2334.0,1659.0,1656.0
2016-03-23,C1607,1630.0,1660.0,1620.0,1620.0,182.0,297.38,玉米1607,2316.0,1633.0,1620.0
2016-03-24,C1607,1602.0,1646.0,1602.0,1622.0,774.0,1258.28,玉米1607,2336.0,1625.0,1622.0
2016-03-25,C1607,1627.0,1634.0,1614.0,1622.0,224.0,362.94,玉米1607,2294.0,1620.0,1622.0
2016-03-28,C1607,1602.0,1609.0,1584.0,1589.0,1288.0,2053.13,玉米1607,2268.0,1594.0,1589.0
2016-03-29,C1607,1577.0,1591.0,1573.0,1581.0,72.0,113.9,玉米1607,2274.0,1581.0,1581.0
2016-03-30,C1607,1599.0,1599.0,1580.0,1585.0,50.0,79.37,玉米1607,2274.0,1587.0,1585.0
2016-03-31,C1607,1557.0,1584.0,1552.0,1555.0,114.0,178.21,玉米1607,2330.0,1563.0,1555.0
2016-04-01,C1607,1517.0,1561.0,1517.0,1555.0,110.0,170.87,玉米1607,2306.0,1553.0,1555.0
2016-04-05,C1607,1552.0,1567.0,1552.0,1555.0,274.0,427.43,玉米1607,2230.0,1559.0,1555.0
2016-04-06,C1607,1559.0,1561.0,1553.0,1556.0,72.0,112.16,玉米1607,2228.0,1557.0,1556.0
2016-04-07,C1607,1553.0,1558.0,1549.0,1558.0,52.0,80.79,玉米1607,2214.0,1553.0,1558.0
2016-04-08,C1607,1549.0,1554.0,1545.0,1545.0,1658.0,2571.7,玉米1607,588.0,1551.0,1545.0
2016-04-11,C1607,1583.0,1583.0,1545.0,1556.0,96.0,149.48,玉米1607,558.0,1557.0,1556.0
2016-04-12,C1607,1577.0,1577.0,1561.0,1570.0,50.0,78.29,玉米1607,542.0,1565.0,1570.0
2016-04-13,C1607,1576.0,1605.0,1576.0,1589.0,66.0,104.92,玉米1607,514.0,1589.0,1589.0
2016-04-14,C1607,1599.0,1610.0,1590.0,1610.0,156.0,249.68,玉米1607,486.0,1600.0,1610.0
2016-04-15,C1607,1607.0,1617.0,1564.0,1590.0,298.0,478.1,玉米1607,518.0,1604.0,1590.0
2016-04-18,C1607,1605.0,1635.0,1605.0,1622.0,182.0,294.83,玉米1607,514.0,1619.0,1622.0
2016-04-19,C1607,1624.0,1644.0,1610.0,1635.0,148.0,240.79,玉米1607,528.0,1626.0,1635.0
2016-04-20,C1607,1643.0,1669.0,1640.0,1665.0,94.0,155.86,玉米1607,488.0,1658.0,1665.0
2016-04-21,C1607,1721.0,1724.0,1681.0,1724.0,138.0,235.86,玉米1607,492.0,1709.0,1724.0
2016-04-22,C1607,1661.0,1720.0,1645.0,1665.0,34.0,56.99,玉米1607,488.0,1676.0,1665.0
2016-04-25,C1607,1671.0,1707.0,1631.0,1676.0,104.0,173.28,玉米1607,496.0,1666.0,1676.0
2016-04-26,C1607,1668.0,1684.0,1643.0,1664.0,66.0,109.33,玉米1607,492.0,1656.0,1664.0
2016-04-26,C1607,,,,6.61,0.0,,欧盟排放配额1607,0.0,6.61,6.61
2016-04-27,C1607,1735.0,1735.0,1644.0,1655.0,18.0,30.02,玉米1607,504.0,1667.0,1655.0
2016-04-27,C1607,,,,6.83,0.0,,欧盟排放配额1607,0.0,6.83,6.83
2016-04-28,C1607,1628.0,1664.0,1628.0,1646.0,64.0,105.04,玉米1607,516.0,1641.0,1646.0
2016-04-28,C1607,,,,6.33,0.0,,欧盟排放配额1607,0.0,6.33,6.33
2016-04-29,C1607,1634.0,1661.0,1634.0,1655.0,10.0,16.51,玉米1607,518.0,1650.0,1655.0
2016-04-29,C1607,,,,6.17,0.0,,欧盟排放配额1607,0.0,6.17,6.17
2016-05-02,C1607,,,,6.1,0.0,,欧盟排放配额1607,0.0,6.1,6.1
2016-05-03,C1607,1669.0,1673.0,1649.0,1669.0,110.0,182.98,玉米1607,474.0,1663.0,1669.0
2016-05-03,C1607,,,,5.98,0.0,,欧盟排放配额1607,0.0,5.98,5.98
2016-05-04,C1607,1653.0,1669.0,1653.0,1662.0,12.0,19.9,玉米1607,470.0,1657.0,1662.0
2016-05-04,C1607,,,,6.12,0.0,,欧盟排放配额1607,0.0,6.12,6.12
2016-05-05,C1607,1663.0,1667.0,1652.0,1667.0,24.0,39.89,玉米1607,472.0,1662.0,1667.0
2016-05-05,C1607,,,,6.19,0.0,,欧盟排放配额1607,0.0,6.19,6.19
2016-05-06,C1607,1628.0,1660.0,1628.0,1655.0,28.0,46.18,玉米1607,472.0,1649.0,1655.0
2016-05-06,C1607,,,,5.85,0.0,,欧盟排放配额1607,0.0,5.85,5.85
2016-05-09,C1607,1634.0,1659.0,1634.0,1654.0,64.0,105.56,玉米1607,442.0,1649.0,1654.0
2016-05-09,C1607,,,,5.69,0.0,,欧盟排放配额1607,0.0,5.69,5.69
2016-05-10,C1607,1653.0,1663.0,1641.0,1655.0,58.0,95.77,玉米1607,434.0,1651.0,1655.0
2016-05-10,C1607,,,,5.89,0.0,,欧盟排放配额1607,0.0,5.89,5.89
2016-05-11,C1607,1688.0,1688.0,1661.0,1685.0,80.0,134.32,玉米1607,446.0,1678.0,1685.0
2016-05-11,C1607,,,,6.01,0.0,,欧盟排放配额1607,0.0,6.01,6.01
2016-05-12,C1607,1699.0,1699.0,1666.0,1676.0,56.0,94.03,玉米1607,444.0,1678.0,1676.0
2016-05-12,C1607,,,,5.8,0.0,,欧盟排放配额1607,0.0,5.8,5.8
2016-05-13,C1607,1694.0,1694.0,1641.0,1658.0,22.0,36.64,玉米1607,446.0,1665.0,1658.0
2016-05-13,C1607,,,,5.84,0.0,,欧盟排放配额1607,0.0,5.84,5.84
2016-05-16,C1607,1674.0,1674.0,1660.0,1660.0,16.0,26.7,玉米1607,446.0,1668.0,1660.0
2016-05-16,C1607,,,,6.1,0.0,,欧盟排放配额1607,0.0,6.1,6.1
2016-05-17,C1607,1663.0,1664.0,1655.0,1657.0,14.0,23.25,玉米1607,444.0,1660.0,1657.0
2016-05-17,C1607,,,,6.04,0.0,,欧盟排放配额1607,0.0,6.04,6.04
2016-05-18,C1607,1738.0,1739.0,1644.0,1658.0,192.0,325.97,玉米1607,444.0,1697.0,1658.0
2016-05-18,C1607,,,,6.05,0.0,,欧盟排放配额1607,0.0,6.05,6.05
2016-05-19,C1607,1697.0,1697.0,1656.0,1673.0,44.0,73.98,玉米1607,460.0,1681.0,1673.0
2016-05-19,C1607,,,,5.98,0.0,,欧盟排放配额1607,0.0,5.98,5.98
2016-05-20,C1607,1679.0,1679.0,1665.0,1666.0,6.0,10.02,玉米1607,462.0,1670.0,1666.0
2016-05-20,C1607,,,,5.95,0.0,,欧盟排放配额1607,0.0,5.95,5.95
2016-05-23,C1607,1691.0,1694.0,1677.0,1687.0,26.0,43.82,玉米1607,452.0,1685.0,1687.0
2016-05-23,C1607,,,,5.72,0.0,,欧盟排放配额1607,0.0,5.72,5.72
2016-05-24,C1607,1673.0,1684.0,1666.0,1684.0,42.0,70.46,玉米1607,454.0,1677.0,1684.0
2016-05-24,C1607,,,,5.78,0.0,,欧盟排放配额1607,0.0,5.78,5.78
2016-05-25,C1607,1698.0,1698.0,1685.0,1685.0,10.0,16.88,玉米1607,446.0,1687.0,1685.0
2016-05-25,C1607,,,,5.85,0.0,,欧盟排放配额1607,0.0,5.85,5.85
2016-05-26,C1607,1685.0,1701.0,1685.0,1689.0,18.0,30.45,玉米1607,448.0,1691.0,1689.0
2016-05-26,C1607,,,,6.01,0.0,,欧盟排放配额1607,0.0,6.01,6.01
2016-05-27,C1607,1691.0,1725.0,1691.0,1700.0,60.0,102.7,玉米1607,452.0,1711.0,1700.0
2016-05-27,C1607,,,,6.02,0.0,,欧盟排放配额1607,0.0,6.02,6.02
2016-05-30,C1607,1699.0,1726.0,1699.0,1704.0,20.0,34.2,玉米1607,464.0,1710.0,1704.0
2016-05-30,C1607,,,,6.1,0.0,,欧盟排放配额1607,0.0,6.1,6.1
2016-05-31,C1607,1741.0,1763.0,1697.0,1717.0,248.0,428.04,玉米1607,404.0,1725.0,1717.0
2016-05-31,C1607,,,,6.08,0.0,,欧盟排放配额1607,0.0,6.08,6.08
2016-06-01,C1607,1702.0,1752.0,1683.0,1735.0,48.0,82.43,玉米1607,396.0,1717.0,1735.0
2016-06-01,C1607,,,,5.95,0.0,,欧盟排放配额1607,0.0,5.95,5.95
2016-06-02,C1607,1771.0,1771.0,1737.0,1737.0,12.0,21.01,玉米1607,394.0,1750.0,1737.0
2016-06-02,C1607,,,,6.01,0.0,,欧盟排放配额1607,0.0,6.01,6.01
2016-06-03,C1607,1706.0,1754.0,1706.0,1744.0,8.0,13.85,玉米1607,394.0,1731.0,1744.0
2016-06-03,C1607,,,,5.93,0.0,,欧盟排放配额1607,0.0,5.93,5.93
2016-06-06,C1607,1741.0,1779.0,1741.0,1779.0,12.0,21.08,玉米1607,394.0,1756.0,1779.0
2016-06-06,C1607,,,,6.19,0.0,,欧盟排放配额1607,0.0,6.19,6.19
2016-06-07,C1607,1755.0,1778.0,1740.0,1778.0,12.0,21.11,玉米1607,390.0,1758.0,1778.0
2016-06-07,C1607,,,,6.1,0.0,,欧盟排放配额1607,0.0,6.1,6.1
2016-06-08,C1607,1767.0,1767.0,1767.0,1767.0,2.0,3.54,玉米1607,388.0,1767.0,1767.0
2016-06-08,C1607,,,,6.09,0.0,,欧盟排放配额1607,0.0,6.09,6.09
2016-06-09,C1607,,,,6.1,0.0,,欧盟排放配额1607,0.0,6.1,6.1
2016-06-10,C1607,,,,5.94,0.0,,欧盟排放配额1607,0.0,5.94,5.94
2016-06-13,C1607,1796.0,1816.0,1736.0,1769.0,100.0,178.72,玉米1607,364.0,1787.0,1769.0
2016-06-13,C1607,,,,5.84,0.0,,欧盟排放配额1607,0.0,5.84,5.84
2016-06-14,C1607,1778.0,1817.0,1745.0,1816.0,42.0,75.28,玉米1607,346.0,1792.0,1816.0
2016-06-14,C1607,,,,5.84,0.0,,欧盟排放配额1607,0.0,5.84,5.84
2016-06-15,C1607,1830.0,1830.0,1754.0,1816.0,22.0,39.39,玉米1607,344.0,1790.0,1816.0
2016-06-15,C1607,,,,5.89,0.0,,欧盟排放配额1607,0.0,5.89,5.89
2016-06-16,C1607,1794.0,1817.0,1758.0,1817.0,16.0,28.7,玉米1607,342.0,1793.0,1817.0
2016-06-16,C1607,,,,5.7,0.0,,欧盟排放配额1607,0.0,5.7,5.7
2016-06-17,C1607,1803.0,1840.0,1771.0,1816.0,124.0,225.56,玉米1607,302.0,1818.0,1816.0
2016-06-17,C1607,,,,5.66,0.0,,欧盟排放配额1607,0.0,5.66,5.66
2016-06-20,C1607,1828.0,1861.0,1816.0,1861.0,176.0,323.52,玉米1607,210.0,1838.0,1861.0
2016-06-20,C1607,,,,5.84,0.0,,欧盟排放配额1607,0.0,5.84,5.84
2016-06-21,C1607,1860.0,1867.0,1834.0,1867.0,24.0,44.5,玉米1607,194.0,1854.0,1867.0
2016-06-21,C1607,,,,5.54,0.0,,欧盟排放配额1607,0.0,5.54,5.54
2016-06-22,C1607,1863.0,1913.0,1862.0,1896.0,120.0,227.45,玉米1607,126.0,1895.0,1896.0
2016-06-22,C1607,,,,5.67,0.0,,欧盟排放配额1607,0.0,5.67,5.67
2016-06-23,C1607,1893.0,1908.0,1893.0,1896.0,18.0,34.21,玉米1607,126.0,1900.0,1896.0
2016-06-23,C1607,,,,5.63,0.0,,欧盟排放配额1607,0.0,5.63,5.63
2016-06-24,C1607,1853.0,1911.0,1853.0,1871.0,736.0,1388.7,玉米1607,60.0,1886.0,1871.0
2016-06-24,C1607,,,,4.95,0.0,,欧盟排放配额1607,0.0,4.95,4.95
2016-06-27,C1607,1895.0,1912.0,1894.0,1912.0,18.0,34.15,玉米1607,52.0,1896.0,1912.0
2016-06-27,C1607,4.79,4.79,4.79,4.79,1.0,,欧盟排放配额1607,1.0,4.76,4.79
2016-06-28,C1607,1915.0,1969.0,1915.0,1923.0,16.0,30.88,玉米1607,46.0,1930.0,1923.0
2016-06-28,C1607,,,,4.68,0.0,,欧盟排放配额1607,1.0,4.68,4.68
2016-06-29,C1607,1981.0,2026.0,1900.0,1901.0,38.0,73.76,玉米1607,40.0,1940.0,1901.0
2016-06-29,C1607,,,,4.51,0.0,,欧盟排放配额1607,1.0,4.51,4.51
2016-06-30,C1607,1853.0,2024.0,1853.0,1860.0,28.0,53.16,玉米1607,20.0,1898.0,1860.0
2016-06-30,C1607,,,,4.46,0.0,,欧盟排放配额1607,1.0,4.46,4.46
2016-07-01,C1607,1800.0,1800.0,1785.0,1785.0,20.0,35.73,玉米1607,10.0,1786.0,1785.0
2016-07-01,C1607,4.46,4.46,4.46,4.46,1.0,,欧盟排放配额1607,1.0,4.61,4.46
2016-07-04,C1607,0.0,0.0,0.0,1786.0,0.0,0.0,玉米1607,10.0,1786.0,1786.0
2016-07-04,C1607,,,,4.96,0.0,,欧盟排放配额1607,1.0,4.96,4.96
2016-07-05,C1607,0.0,0.0,0.0,1786.0,0.0,0.0,玉米1607,10.0,1786.0,1786.0
2016-07-05,C1607,,,,4.7,0.0,,欧盟排放配额1607,1.0,4.7,4.7
2016-07-06,C1607,0.0,0.0,0.0,1786.0,0.0,0.0,玉米1607,10.0,1786.0,1786.0
2016-07-06,C1607,4.51,4.51,4.51,4.51,15.0,,欧盟排放配额1607,15.0,4.58,4.51
2016-07-07,C1607,0.0,0.0,0.0,1786.0,0.0,0.0,玉米1607,10.0,1786.0,1786.0
2016-07-07,C1607,4.72,4.72,4.63,4.64,12.0,,欧盟排放配额1607,25.0,4.57,4.64
2016-07-08,C1607,0.0,0.0,0.0,1786.0,0.0,0.0,玉米1607,10.0,1786.0,1786.0
2016-07-08,C1607,,,,4.53,0.0,,欧盟排放配额1607,25.0,4.53,4.53
2016-07-11,C1607,0.0,0.0,0.0,1786.0,0.0,0.0,玉米1607,10.0,1786.0,1786.0
2016-07-11,C1607,4.53,4.53,4.48,4.48,21.0,,欧盟排放配额1607,45.0,4.42,4.48
2016-07-12,C1607,0.0,0.0,0.0,1786.0,0.0,0.0,玉米1607,10.0,1786.0,1786.0
2016-07-12,C1607,4.43,4.58,4.43,4.58,57.0,,欧盟排放配额1607,101.0,4.62,4.58
2016-07-13,C1607,0.0,0.0,0.0,1786.0,0.0,0.0,玉米1607,10.0,1786.0,1786.0
2016-07-13,C1607,,,,4.78,0.0,,欧盟排放配额1607,101.0,4.78,4.78
2016-07-14,C1607,0.0,0.0,0.0,1786.0,0.0,0.0,玉米1607,0.0,1786.0,1786.0
2016-07-14,C1607,4.85,4.85,4.85,4.85,5.0,,欧盟排放配额1607,106.0,4.77,4.85
2016-07-15,C1607,4.7,4.7,4.7,4.7,4.0,,欧盟排放配额1607,110.0,4.92,4.7
2016-07-18,C1607,,,,4.84,0.0,,欧盟排放配额1607,110.0,4.84,4.84
2016-07-19,C1607,,,,4.66,0.0,,欧盟排放配额1607,110.0,4.66,4.66
2016-07-20,C1607,,,,4.68,0.0,,欧盟排放配额1607,110.0,4.68,4.68
2016-07-21,C1607,4.72,4.72,4.72,4.72,5.0,,欧盟排放配额1607,115.0,4.64,4.72
2016-07-22,C1607,,,,4.55,0.0,,欧盟排放配额1607,115.0,4.55,4.55
2016-07-25,C1607,,,,4.58,0.0,,欧盟排放配额1607,115.0,4.58,4.58
