date,symbol,open,high,low,close,volume,amount,name,openinterest,settleprice,price
2013-07-22,C1612,4.66,4.7,4.64,4.7,218.0,,欧盟排放配额1612,52691.0,4.7,4.7
2013-07-23,C1612,4.78,4.8,4.75,4.77,1001.0,,欧盟排放配额1612,52723.0,4.77,4.77
2013-07-24,C1612,4.86,4.86,4.82,4.82,151.0,,欧盟排放配额1612,52869.0,4.82,4.82
2013-07-25,C1612,4.82,4.91,4.82,4.84,55.0,,欧盟排放配额1612,52924.0,4.84,4.84
2013-07-26,C1612,4.84,4.88,4.84,4.86,396.0,,欧盟排放配额1612,53184.0,4.86,4.86
2013-07-29,C1612,4.86,4.86,4.86,4.86,1.0,,欧盟排放配额1612,53185.0,4.86,4.86
2013-07-30,C1612,4.88,4.89,4.82,4.82,558.0,,欧盟排放配额1612,53401.0,4.82,4.82
2013-07-31,C1612,4.8,4.87,4.67,4.87,358.0,,欧盟排放配额1612,53650.0,4.87,4.87
2013-08-01,C1612,4.95,4.96,4.88,4.88,370.0,,欧盟排放配额1612,53714.0,4.88,4.88
2013-08-02,C1612,,,,4.93,200.0,,欧盟排放配额1612,53914.0,4.93,4.93
2013-08-05,C1612,4.96,5.0,4.96,4.96,85.0,,欧盟排放配额1612,53980.0,4.96,4.96
2013-08-06,C1612,5.04,5.06,5.04,5.06,2.0,,欧盟排放配额1612,53982.0,5.06,5.06
2013-08-07,C1612,5.11,5.11,5.01,5.01,2.0,,欧盟排放配额1612,53982.0,5.01,5.01
2013-08-08,C1612,5.04,5.07,5.04,5.07,101.0,,欧盟排放配额1612,53983.0,5.07,5.07
2013-08-09,C1612,5.09,5.11,4.99,4.99,181.0,,欧盟排放配额1612,54100.0,4.99,4.99
2013-08-12,C1612,4.95,4.95,4.85,4.85,175.0,,欧盟排放配额1612,54275.0,4.85,4.85
2013-08-13,C1612,4.86,4.88,4.8,4.83,228.0,,欧盟排放配额1612,54444.0,4.83,4.83
2013-08-14,C1612,4.88,4.92,4.87,4.89,305.0,,欧盟排放配额1612,54744.0,4.89,4.89
2013-08-15,C1612,4.91,4.91,4.88,4.88,515.0,,欧盟排放配额1612,55259.0,4.88,4.88
2013-08-16,C1612,4.9,4.9,4.87,4.88,475.0,,欧盟排放配额1612,55729.0,4.88,4.88
2013-08-19,C1612,4.87,4.87,4.81,4.85,487.0,,欧盟排放配额1612,56110.0,4.85,4.85
2013-08-20,C1612,4.83,4.87,4.83,4.87,525.0,,欧盟排放配额1612,56560.0,4.87,4.87
2013-08-21,C1612,4.82,4.89,4.82,4.89,450.0,,欧盟排放配额1612,56560.0,4.89,4.89
2013-08-22,C1612,4.93,5.04,4.93,5.04,1314.0,,欧盟排放配额1612,57080.0,5.04,5.04
2013-08-23,C1612,5.01,5.03,4.95,4.95,223.0,,欧盟排放配额1612,57293.0,4.95,4.95
2013-08-26,C1612,4.98,4.98,4.94,4.94,232.0,,欧盟排放配额1612,57429.0,4.94,4.94
2013-08-27,C1612,4.92,5.06,4.92,5.06,330.0,,欧盟排放配额1612,57659.0,5.06,5.06
2013-08-28,C1612,5.16,5.16,5.1,5.13,320.0,,欧盟排放配额1612,57946.0,5.13,5.13
2013-08-29,C1612,5.1,5.11,5.09,5.11,225.0,,欧盟排放配额1612,58071.0,5.11,5.11
2013-08-30,C1612,5.09,5.1,5.07,5.08,471.0,,欧盟排放配额1612,58542.0,5.08,5.08
2013-09-02,C1612,5.08,5.08,5.02,5.02,557.0,,欧盟排放配额1612,59095.0,5.02,5.02
2013-09-03,C1612,4.97,5.0,4.91,4.93,751.0,,欧盟排放配额1612,59771.0,4.93,4.93
2013-09-04,C1612,4.98,5.07,4.96,5.07,1329.0,,欧盟排放配额1612,60533.0,5.07,5.07
2013-09-05,C1612,5.06,5.53,5.05,5.51,965.0,,欧盟排放配额1612,61387.0,5.51,5.51
2013-09-06,C1612,5.66,5.91,5.47,5.91,2227.0,,欧盟排放配额1612,62589.0,5.91,5.91
2013-09-09,C1612,5.83,6.07,5.83,5.93,3157.0,,欧盟排放配额1612,63421.0,5.93,5.93
2013-09-10,C1612,5.84,5.84,5.73,5.73,349.0,,欧盟排放配额1612,63769.0,5.73,5.73
2013-09-11,C1612,5.6,5.87,5.55,5.87,955.0,,欧盟排放配额1612,64349.0,5.87,5.87
2013-09-12,C1612,5.98,6.28,5.96,6.28,2188.0,,欧盟排放配额1612,65127.0,6.28,6.28
2013-09-13,C1612,6.15,6.34,6.02,6.02,1680.0,,欧盟排放配额1612,66173.0,6.02,6.02
2013-09-16,C1612,6.07,6.1,6.07,6.1,565.0,,欧盟排放配额1612,66511.0,6.1,6.1
2013-09-17,C1612,6.1,6.35,6.05,6.35,1283.0,,欧盟排放配额1612,66737.0,6.35,6.35
2013-09-18,C1612,6.62,6.62,6.2,6.2,1625.0,,欧盟排放配额1612,67185.0,6.2,6.2
2013-09-19,C1612,6.19,6.19,5.99,5.99,875.0,,欧盟排放配额1612,67559.0,5.99,5.99
2013-09-20,C1612,6.0,6.01,5.95,5.99,780.0,,欧盟排放配额1612,68114.0,5.99,5.99
2013-09-23,C1612,5.95,6.09,5.94,6.09,508.0,,欧盟排放配额1612,68390.0,6.09,6.09
2013-09-24,C1612,6.15,6.15,6.04,6.04,1025.0,,欧盟排放配额1612,68790.0,6.04,6.04
2013-09-25,C1612,6.04,6.06,5.98,6.06,3269.0,,欧盟排放配额1612,70819.0,6.06,6.06
2013-09-26,C1612,6.1,6.15,6.09,6.15,520.0,,欧盟排放配额1612,70669.0,6.15,6.15
2013-09-27,C1612,6.13,6.13,6.03,6.05,1287.0,,欧盟排放配额1612,70558.0,6.05,6.05
2013-09-30,C1612,5.93,5.93,5.67,5.67,1023.0,,欧盟排放配额1612,71216.0,5.67,5.67
2013-10-01,C1612,5.8,5.83,5.78,5.78,503.0,,欧盟排放配额1612,71500.0,5.78,5.78
2013-10-02,C1612,5.86,5.98,5.86,5.91,224.0,,欧盟排放配额1612,71614.0,5.91,5.91
2013-10-03,C1612,5.92,5.93,5.83,5.83,201.0,,欧盟排放配额1612,71805.0,5.83,5.83
2013-10-04,C1612,5.84,5.85,5.75,5.75,528.0,,欧盟排放配额1612,72188.0,5.75,5.75
2013-10-07,C1612,5.8,5.83,5.57,5.57,968.0,,欧盟排放配额1612,72923.0,5.57,5.57
2013-10-08,C1612,5.56,5.56,5.47,5.47,1211.0,,欧盟排放配额1612,73223.0,5.47,5.47
2013-10-09,C1612,5.4,5.4,5.35,5.38,559.0,,欧盟排放配额1612,73406.0,5.38,5.38
2013-10-10,C1612,5.35,5.43,5.3,5.33,988.0,,欧盟排放配额1612,73563.0,5.33,5.33
2013-10-11,C1612,5.26,5.26,5.19,5.19,1376.0,,欧盟排放配额1612,73806.0,5.19,5.19
2013-10-14,C1612,5.18,5.41,5.15,5.41,491.0,,欧盟排放配额1612,74048.0,5.41,5.41
2013-10-15,C1612,5.61,5.71,5.57,5.57,165.0,,欧盟排放配额1612,74177.0,5.57,5.57
2013-10-16,C1612,5.67,5.98,5.67,5.98,1773.0,,欧盟排放配额1612,73804.0,5.98,5.98
2013-10-17,C1612,6.07,6.07,5.8,5.8,881.0,,欧盟排放配额1612,73917.0,5.8,5.8
2013-10-18,C1612,5.86,5.86,5.75,5.75,415.0,,欧盟排放配额1612,74037.0,5.75,5.75
2013-10-21,C1612,5.75,5.75,5.16,5.16,3043.0,,欧盟排放配额1612,75011.0,5.16,5.16
2013-10-22,C1612,5.17,5.36,5.17,5.29,1167.0,,欧盟排放配额1612,74779.0,5.29,5.29
2013-10-23,C1612,5.3,5.3,5.19,5.19,711.0,,欧盟排放配额1612,74494.0,5.19,5.19
2013-10-24,C1612,5.25,5.3,5.24,5.25,1575.0,,欧盟排放配额1612,75648.0,5.25,5.25
2013-10-25,C1612,5.26,5.63,5.25,5.63,1520.0,,欧盟排放配额1612,75675.0,5.63,5.63
2013-10-28,C1612,5.56,5.56,5.43,5.43,599.0,,欧盟排放配额1612,76051.0,5.43,5.43
2013-10-29,C1612,5.43,5.75,5.4,5.71,981.0,,欧盟排放配额1612,76244.0,5.71,5.71
2013-10-30,C1612,5.71,5.71,5.58,5.58,443.0,,欧盟排放配额1612,76494.0,5.58,5.58
2013-10-31,C1612,5.53,5.57,5.39,5.39,1127.0,,欧盟排放配额1612,76652.0,5.39,5.39
2013-11-01,C1612,5.28,5.3,5.17,5.19,782.0,,欧盟排放配额1612,76910.0,5.19,5.19
2013-11-04,C1612,5.17,5.29,5.13,5.13,445.0,,欧盟排放配额1612,77226.0,5.13,5.13
2013-11-05,C1612,5.33,5.41,5.33,5.4,505.0,,欧盟排放配额1612,77346.0,5.4,5.4
2013-11-06,C1612,5.44,5.48,5.39,5.39,349.0,,欧盟排放配额1612,77595.0,5.39,5.39
2013-11-07,C1612,5.4,5.51,5.4,5.41,788.0,,欧盟排放配额1612,77986.0,5.41,5.41
2013-11-08,C1612,5.47,5.47,5.07,5.07,1322.0,,欧盟排放配额1612,78494.0,5.07,5.07
2013-11-11,C1612,5.14,5.19,5.05,5.19,461.0,,欧盟排放配额1612,78684.0,5.19,5.19
2013-11-12,C1612,5.17,5.25,5.17,5.23,377.0,,欧盟排放配额1612,78755.0,5.23,5.23
2013-11-13,C1612,5.27,5.27,5.24,5.24,857.0,,欧盟排放配额1612,78842.0,5.24,5.24
2013-11-14,C1612,5.24,5.28,5.18,5.18,826.0,,欧盟排放配额1612,79472.0,5.18,5.18
2013-11-15,C1612,5.1,5.1,5.08,5.08,526.0,,欧盟排放配额1612,79622.0,5.08,5.08
2013-11-18,C1612,5.05,5.07,4.92,4.92,1159.0,,欧盟排放配额1612,79971.0,4.92,4.92
2013-11-19,C1612,5.0,5.14,4.99,4.99,1864.0,,欧盟排放配额1612,80321.0,4.99,4.99
2013-11-20,C1612,5.05,5.07,5.05,5.07,330.0,,欧盟排放配额1612,80452.0,5.07,5.07
2013-11-21,C1612,5.04,5.08,5.0,5.04,1058.0,,欧盟排放配额1612,80882.0,4.98,5.04
2013-11-22,C1612,5.07,5.16,5.0,5.0,656.0,,欧盟排放配额1612,81170.0,5.0,5.0
2013-11-25,C1612,5.01,5.01,4.99,4.99,280.0,,欧盟排放配额1612,81240.0,4.97,4.99
2013-11-26,C1612,5.03,5.04,5.03,5.04,521.0,,欧盟排放配额1612,81204.0,5.05,5.04
2013-11-27,C1612,5.14,5.14,5.14,5.14,123.0,,欧盟排放配额1612,81198.0,5.03,5.14
2013-11-28,C1612,5.03,5.03,4.98,5.0,1146.0,,欧盟排放配额1612,81756.0,4.99,5.0
2013-11-29,C1612,4.94,4.95,4.92,4.93,2041.0,,欧盟排放配额1612,82818.0,4.89,4.93
2013-12-02,C1612,5.0,5.0,5.0,5.0,1490.0,,欧盟排放配额1612,83393.0,5.06,5.0
2013-12-03,C1612,5.06,5.08,5.03,5.03,606.0,,欧盟排放配额1612,83724.0,5.02,5.03
2013-12-04,C1612,5.0,5.02,4.99,5.02,421.0,,欧盟排放配额1612,83899.0,5.01,5.02
2013-12-05,C1612,5.04,5.16,5.02,5.16,1354.0,,欧盟排放配额1612,84787.0,5.18,5.16
2013-12-06,C1612,5.2,5.29,5.2,5.29,1183.0,,欧盟排放配额1612,85463.0,5.35,5.29
2013-12-09,C1612,5.27,5.3,5.22,5.3,2622.0,,欧盟排放配额1612,84754.0,5.46,5.3
2013-12-10,C1612,5.43,5.45,5.39,5.45,1301.0,,欧盟排放配额1612,84847.0,5.58,5.45
2013-12-11,C1612,5.5,5.58,5.36,5.36,3417.0,,欧盟排放配额1612,85687.0,5.43,5.36
2013-12-12,C1612,5.35,5.47,5.26,5.47,1927.0,,欧盟排放配额1612,85961.0,5.44,5.47
2013-12-13,C1612,5.4,5.4,5.39,5.39,392.0,,欧盟排放配额1612,85894.0,5.32,5.39
2013-12-16,C1612,5.3,5.3,5.29,5.29,552.0,,欧盟排放配额1612,85988.0,5.18,5.29
2013-12-17,C1612,5.22,5.37,5.21,5.34,321.0,,欧盟排放配额1612,86042.0,5.42,5.34
2013-12-18,C1612,5.5,5.5,5.44,5.44,254.0,,欧盟排放配额1612,86196.0,5.39,5.44
2013-12-19,C1612,5.5,5.5,5.48,5.48,260.0,,欧盟排放配额1612,86300.0,5.43,5.48
2013-12-20,C1612,5.36,5.37,5.3,5.34,475.0,,欧盟排放配额1612,86608.0,5.25,5.34
2013-12-23,C1612,5.25,5.28,5.25,5.27,358.0,,欧盟排放配额1612,86608.0,5.26,5.27
2013-12-24,C1612,5.25,5.25,5.25,5.25,140.0,,欧盟排放配额1612,86683.0,5.39,5.25
2013-12-26,C1612,,,,5.39,0.0,,欧盟排放配额1612,86683.0,5.39,5.39
2013-12-27,C1612,,,,5.41,125.0,,欧盟排放配额1612,86683.0,5.41,5.41
2013-12-30,C1612,,,,5.4,100.0,,欧盟排放配额1612,86733.0,5.4,5.4
2013-12-31,C1612,,,,5.33,100.0,,欧盟排放配额1612,86833.0,5.33,5.33
2014-01-02,C1612,5.27,5.27,5.2,5.21,262.0,,欧盟排放配额1612,87085.0,5.2,5.21
2014-01-03,C1612,5.19,5.2,5.14,5.2,153.0,,欧盟排放配额1612,87170.0,5.18,5.2
2014-01-06,C1612,5.15,5.19,5.15,5.15,648.0,,欧盟排放配额1612,87423.0,5.08,5.15
2014-01-07,C1612,5.09,5.15,5.06,5.14,1940.0,,欧盟排放配额1612,88825.0,5.12,5.14
2014-01-08,C1612,5.14,5.2,5.01,5.12,6631.0,,欧盟排放配额1612,89551.0,5.01,5.12
2014-01-09,C1612,5.07,5.07,4.99,5.02,384.0,,欧盟排放配额1612,89718.0,4.94,5.02
2014-01-10,C1612,4.95,4.96,4.92,4.92,776.0,,欧盟排放配额1612,89995.0,4.96,4.92
2014-01-13,C1612,4.99,5.07,4.97,5.05,741.0,,欧盟排放配额1612,90334.0,5.07,5.05
2014-01-14,C1612,5.24,5.31,5.24,5.31,945.0,,欧盟排放配额1612,90527.0,5.3,5.31
2014-01-15,C1612,5.42,5.42,5.29,5.29,744.0,,欧盟排放配额1612,90865.0,5.3,5.29
2014-01-16,C1612,5.51,5.68,5.49,5.66,2056.0,,欧盟排放配额1612,91140.0,5.59,5.66
2014-01-17,C1612,5.56,5.73,5.55,5.6,1906.0,,欧盟排放配额1612,91505.0,5.58,5.6
2014-01-20,C1612,5.58,5.58,5.4,5.4,825.0,,欧盟排放配额1612,91955.0,5.41,5.4
2014-01-21,C1612,5.36,5.46,5.36,5.46,524.0,,欧盟排放配额1612,92180.0,5.53,5.46
2014-01-22,C1612,5.58,5.7,5.58,5.6,2129.0,,欧盟排放配额1612,93002.0,5.63,5.6
2014-01-23,C1612,5.56,5.62,5.55,5.55,1335.0,,欧盟排放配额1612,93524.0,5.53,5.55
2014-01-24,C1612,5.46,5.8,5.46,5.8,2300.0,,欧盟排放配额1612,95209.0,5.81,5.8
2014-01-27,C1612,6.03,6.03,5.96,5.96,1279.0,,欧盟排放配额1612,95924.0,5.94,5.96
2014-01-28,C1612,6.04,6.16,6.04,6.16,888.0,,欧盟排放配额1612,95724.0,6.1,6.16
2014-01-29,C1612,6.18,6.18,6.05,6.09,1667.0,,欧盟排放配额1612,96572.0,6.07,6.09
2014-01-30,C1612,6.09,6.37,6.08,6.32,5743.0,,欧盟排放配额1612,97548.0,6.32,6.32
2014-01-31,C1612,6.3,6.32,6.1,6.14,2845.0,,欧盟排放配额1612,99941.0,6.11,6.14
2014-02-03,C1612,6.0,6.45,6.0,6.43,3008.0,,欧盟排放配额1612,100006.0,6.48,6.43
2014-02-04,C1612,6.53,6.66,6.53,6.53,832.0,,欧盟排放配额1612,100147.0,6.47,6.53
2014-02-05,C1612,6.71,6.78,6.61,6.78,3014.0,,欧盟排放配额1612,100435.0,6.77,6.78
2014-02-06,C1612,6.7,7.38,6.65,7.19,4425.0,,欧盟排放配额1612,101126.0,7.2,7.19
2014-02-07,C1612,7.2,7.31,7.2,7.31,1071.0,,欧盟排放配额1612,101041.0,7.18,7.31
2014-02-10,C1612,7.13,7.15,7.06,7.15,1562.0,,欧盟排放配额1612,101301.0,7.13,7.15
2014-02-11,C1612,7.09,7.09,6.9,6.94,1589.0,,欧盟排放配额1612,101622.0,6.96,6.94
2014-02-12,C1612,7.18,7.18,7.05,7.05,878.0,,欧盟排放配额1612,101759.0,7.07,7.05
2014-02-13,C1612,6.99,7.14,6.95,7.14,7263.0,,欧盟排放配额1612,102378.0,7.11,7.14
2014-02-14,C1612,7.08,7.33,7.07,7.32,3596.0,,欧盟排放配额1612,104061.0,7.33,7.32
2014-02-17,C1612,7.45,7.56,7.45,7.56,377.0,,欧盟排放配额1612,104308.0,7.59,7.56
2014-02-18,C1612,7.54,7.55,7.44,7.52,734.0,,欧盟排放配额1612,104780.0,7.51,7.52
2014-02-19,C1612,7.4,7.7,7.37,7.7,9992.0,,欧盟排放配额1612,111228.0,7.71,7.7
2014-02-20,C1612,7.78,7.83,7.78,7.81,3828.0,,欧盟排放配额1612,110119.0,7.77,7.81
2014-02-21,C1612,7.71,7.95,7.68,7.95,2171.0,,欧盟排放配额1612,110641.0,7.94,7.95
2014-02-24,C1612,8.04,8.04,7.73,7.81,999.0,,欧盟排放配额1612,111261.0,7.79,7.81
2014-02-25,C1612,7.63,7.7,6.92,6.92,5377.0,,欧盟排放配额1612,115137.0,6.93,6.92
2014-02-26,C1612,6.98,7.27,6.84,7.22,4239.0,,欧盟排放配额1612,118464.0,7.24,7.22
2014-02-27,C1612,7.28,7.31,7.01,7.27,5815.0,,欧盟排放配额1612,120633.0,7.25,7.27
2014-02-28,C1612,7.43,7.82,7.39,7.81,1610.0,,欧盟排放配额1612,121439.0,7.86,7.81
2014-03-03,C1612,7.99,7.99,7.39,7.4,1716.0,,欧盟排放配额1612,121916.0,7.37,7.4
2014-03-04,C1612,7.47,7.62,7.08,7.62,7134.0,,欧盟排放配额1612,128035.0,7.59,7.62
2014-03-05,C1612,7.58,7.71,7.43,7.57,1480.0,,欧盟排放配额1612,129085.0,7.53,7.57
2014-03-06,C1612,7.49,7.52,7.49,7.52,471.0,,欧盟排放配额1612,129386.0,7.55,7.52
2014-03-07,C1612,7.45,7.72,7.45,7.61,1600.0,,欧盟排放配额1612,130377.0,7.64,7.61
2014-03-10,C1612,7.72,7.74,7.55,7.6,1426.0,,欧盟排放配额1612,131098.0,7.63,7.6
2014-03-11,C1612,7.57,7.6,7.51,7.59,4566.0,,欧盟排放配额1612,133851.0,7.55,7.59
2014-03-12,C1612,7.57,7.57,7.1,7.15,4103.0,,欧盟排放配额1612,134931.0,7.19,7.15
2014-03-13,C1612,7.21,7.24,7.0,7.1,1372.0,,欧盟排放配额1612,135643.0,7.1,7.1
2014-03-14,C1612,7.03,7.03,6.9,6.92,5545.0,,欧盟排放配额1612,138724.0,6.94,6.92
2014-03-17,C1612,6.91,6.91,6.4,6.57,4219.0,,欧盟排放配额1612,139536.0,6.48,6.57
2014-03-18,C1612,6.5,6.58,6.27,6.41,2602.0,,欧盟排放配额1612,139729.0,6.36,6.41
2014-03-19,C1612,6.49,6.64,6.48,6.64,6561.0,,欧盟排放配额1612,141620.0,6.62,6.64
2014-03-20,C1612,6.6,6.79,6.53,6.72,3171.0,,欧盟排放配额1612,142295.0,6.65,6.72
2014-03-21,C1612,6.78,6.78,6.77,6.78,5037.0,,欧盟排放配额1612,143571.0,6.82,6.78
2014-03-24,C1612,6.75,6.75,6.47,6.47,3470.0,,欧盟排放配额1612,145711.0,6.47,6.47
2014-03-25,C1612,6.39,6.6,6.39,6.4,2924.0,,欧盟排放配额1612,146921.0,6.48,6.4
2014-03-26,C1612,6.42,6.53,6.41,6.42,4962.0,,欧盟排放配额1612,150732.0,6.4,6.42
2014-03-27,C1612,6.24,6.24,5.73,5.76,17118.0,,欧盟排放配额1612,155778.0,5.72,5.76
2014-03-28,C1612,5.62,5.65,4.27,4.79,10917.0,,欧盟排放配额1612,159061.0,4.77,4.79
2014-03-31,C1612,4.79,5.07,4.48,5.07,10802.0,,欧盟排放配额1612,160406.0,5.08,5.07
2014-04-01,C1612,5.09,5.65,5.09,5.48,2675.0,,欧盟排放配额1612,161009.0,5.52,5.48
2014-04-02,C1612,5.33,5.38,5.16,5.27,4696.0,,欧盟排放配额1612,161739.0,5.28,5.27
2014-04-03,C1612,5.16,5.29,5.1,5.29,1760.0,,欧盟排放配额1612,161998.0,5.3,5.29
2014-04-04,C1612,5.18,5.26,5.09,5.12,2754.0,,欧盟排放配额1612,162545.0,5.11,5.12
2014-04-07,C1612,5.38,5.4,5.37,5.4,3958.0,,欧盟排放配额1612,163038.0,5.42,5.4
2014-04-08,C1612,5.43,5.55,5.32,5.32,3324.0,,欧盟排放配额1612,163886.0,5.29,5.32
2014-04-09,C1612,5.27,5.5,5.27,5.4,1371.0,,欧盟排放配额1612,164234.0,5.37,5.4
2014-04-10,C1612,5.47,5.58,5.45,5.58,3557.0,,欧盟排放配额1612,165128.0,5.57,5.58
2014-04-11,C1612,5.71,5.75,5.7,5.71,1494.0,,欧盟排放配额1612,166165.0,5.79,5.71
2014-04-14,C1612,5.78,5.83,5.72,5.72,1660.0,,欧盟排放配额1612,165842.0,5.7,5.72
2014-04-15,C1612,5.63,6.06,5.63,6.04,2022.0,,欧盟排放配额1612,166497.0,6.03,6.04
2014-04-16,C1612,6.07,6.08,5.96,5.99,1125.0,,欧盟排放配额1612,166786.0,5.95,5.99
2014-04-17,C1612,5.9,6.16,5.9,6.16,1258.0,,欧盟排放配额1612,166983.0,6.04,6.16
2014-04-21,C1612,,,,6.04,0.0,,欧盟排放配额1612,,6.04,6.04
2014-04-22,C1612,6.21,6.21,6.2,6.2,853.0,,欧盟排放配额1612,167056.0,6.18,6.2
2014-04-23,C1612,6.18,6.21,6.17,6.18,518.0,,欧盟排放配额1612,167030.0,6.17,6.18
2014-04-24,C1612,6.32,6.32,6.18,6.3,1795.0,,欧盟排放配额1612,167482.0,6.23,6.3
2014-04-25,C1612,6.08,6.08,5.62,5.62,7572.0,,欧盟排放配额1612,168001.0,5.53,5.62
2014-04-28,C1612,5.77,5.78,5.6,5.74,1774.0,,欧盟排放配额1612,168236.0,5.68,5.74
2014-04-29,C1612,5.84,5.88,5.82,5.86,3029.0,,欧盟排放配额1612,168251.0,5.9,5.86
2014-04-30,C1612,5.94,5.95,5.81,5.81,1195.0,,欧盟排放配额1612,168692.0,5.9,5.81
2014-05-01,C1612,5.87,5.91,5.85,5.87,818.0,,欧盟排放配额1612,169041.0,5.9,5.87
2014-05-02,C1612,5.83,5.83,5.63,5.74,893.0,,欧盟排放配额1612,169291.0,5.67,5.74
2014-05-05,C1612,5.55,5.76,5.51,5.71,703.0,,欧盟排放配额1612,169381.0,5.69,5.71
2014-05-06,C1612,5.71,5.83,5.7,5.75,874.0,,欧盟排放配额1612,169497.0,5.7,5.75
2014-05-07,C1612,5.7,5.74,5.57,5.57,2574.0,,欧盟排放配额1612,170932.0,5.59,5.57
2014-05-08,C1612,5.6,5.63,5.57,5.63,569.0,,欧盟排放配额1612,171367.0,5.6,5.63
2014-05-09,C1612,5.65,5.7,5.59,5.7,1714.0,,欧盟排放配额1612,172327.0,5.71,5.7
2014-05-12,C1612,5.81,5.81,5.75,5.8,1524.0,,欧盟排放配额1612,172622.0,5.77,5.8
2014-05-13,C1612,5.76,5.84,5.74,5.77,2525.0,,欧盟排放配额1612,174203.0,5.75,5.77
2014-05-14,C1612,5.73,5.75,5.61,5.61,1808.0,,欧盟排放配额1612,174918.0,5.55,5.61
2014-05-15,C1612,5.59,5.59,5.11,5.17,5385.0,,欧盟排放配额1612,175599.0,5.19,5.17
2014-05-16,C1612,5.11,5.25,5.11,5.25,724.0,,欧盟排放配额1612,175820.0,5.21,5.25
2014-05-19,C1612,5.2,5.2,5.02,5.14,1207.0,,欧盟排放配额1612,176020.0,5.11,5.14
2014-05-20,C1612,5.08,5.28,5.01,5.26,2622.0,,欧盟排放配额1612,174864.0,5.26,5.26
2014-05-21,C1612,5.37,5.6,5.36,5.59,1224.0,,欧盟排放配额1612,175288.0,5.57,5.59
2014-05-22,C1612,5.63,5.74,5.59,5.63,1804.0,,欧盟排放配额1612,175590.0,5.63,5.63
2014-05-23,C1612,5.61,5.62,5.51,5.6,2102.0,,欧盟排放配额1612,175211.0,5.57,5.6
2014-05-26,C1612,5.47,5.56,5.47,5.56,127.0,,欧盟排放配额1612,,5.54,5.56
2014-05-27,C1612,5.53,5.64,5.52,5.63,675.0,,欧盟排放配额1612,175430.0,5.62,5.63
2014-05-28,C1612,5.65,5.68,5.62,5.66,2894.0,,欧盟排放配额1612,175577.0,5.65,5.66
2014-05-29,C1612,5.66,5.66,5.6,5.6,2663.0,,欧盟排放配额1612,175693.0,5.65,5.6
2014-05-30,C1612,5.6,5.6,5.53,5.59,604.0,,欧盟排放配额1612,175976.0,5.48,5.59
2014-06-02,C1612,5.4,5.57,5.4,5.57,2234.0,,欧盟排放配额1612,176074.0,5.58,5.57
2014-06-03,C1612,5.57,5.84,5.57,5.84,3097.0,,欧盟排放配额1612,175926.0,5.89,5.84
2014-06-04,C1612,5.87,5.94,5.8,5.88,1950.0,,欧盟排放配额1612,175822.0,5.85,5.88
2014-06-05,C1612,5.87,5.98,5.58,5.58,2468.0,,欧盟排放配额1612,176402.0,5.98,5.58
2014-06-06,C1612,6.04,6.04,5.88,5.88,1091.0,,欧盟排放配额1612,177499.0,5.88,5.88
2014-06-09,C1612,5.99,5.99,5.99,5.99,231.0,,欧盟排放配额1612,177503.0,5.97,5.99
2014-06-10,C1612,5.92,5.98,5.92,5.94,560.0,,欧盟排放配额1612,177742.0,5.93,5.94
2014-06-11,C1612,5.98,6.05,5.8,5.8,2291.0,,欧盟排放配额1612,177334.0,5.81,5.8
2014-06-12,C1612,5.84,6.01,5.8,6.01,1549.0,,欧盟排放配额1612,178373.0,6.0,6.01
2014-06-13,C1612,6.12,6.15,6.07,6.13,2465.0,,欧盟排放配额1612,177899.0,6.13,6.13
2014-06-16,C1612,6.13,6.18,6.09,6.1,1734.0,,欧盟排放配额1612,179493.0,6.09,6.1
2014-06-17,C1612,6.08,6.17,6.02,6.15,955.0,,欧盟排放配额1612,179935.0,6.16,6.15
2014-06-18,C1612,6.2,6.2,6.11,6.11,605.0,,欧盟排放配额1612,180429.0,6.11,6.11
2014-06-19,C1612,6.08,6.1,5.98,6.0,531.0,,欧盟排放配额1612,180326.0,5.99,6.0
2014-06-20,C1612,6.03,6.1,6.0,6.1,2756.0,,欧盟排放配额1612,182568.0,6.1,6.1
2014-06-23,C1612,6.12,6.23,6.11,6.22,1710.0,,欧盟排放配额1612,182872.0,6.24,6.22
2014-06-24,C1612,6.24,6.31,6.2,6.21,5157.0,,欧盟排放配额1612,185513.0,6.19,6.21
2014-06-25,C1612,6.16,6.26,6.12,6.15,513.0,,欧盟排放配额1612,185858.0,6.14,6.15
2014-06-26,C1612,6.18,6.22,6.15,6.15,1085.0,,欧盟排放配额1612,186658.0,6.14,6.15
2014-06-27,C1612,6.18,6.23,6.12,6.23,304.0,,欧盟排放配额1612,186887.0,6.21,6.23
2014-06-30,C1612,6.25,6.32,6.24,6.24,2121.0,,欧盟排放配额1612,188960.0,6.25,6.24
2014-07-01,C1612,6.23,6.45,6.23,6.44,1844.0,,欧盟排放配额1612,190445.0,6.44,6.44
2014-07-02,C1612,6.46,6.5,6.4,6.49,588.0,,欧盟排放配额1612,190683.0,6.49,6.49
2014-07-03,C1612,6.48,6.48,6.35,6.4,1313.0,,欧盟排放配额1612,191328.0,6.4,6.4
2014-07-04,C1612,6.39,6.4,6.01,6.01,6187.0,,欧盟排放配额1612,194875.0,6.02,6.01
2014-07-07,C1612,6.01,6.01,5.81,5.93,2270.0,,欧盟排放配额1612,196025.0,5.91,5.93
2014-07-08,C1612,6.02,6.15,6.02,6.07,621.0,,欧盟排放配额1612,196270.0,6.11,6.07
2014-07-09,C1612,6.16,6.18,6.13,6.18,407.0,,欧盟排放配额1612,196485.0,6.18,6.18
2014-07-10,C1612,6.16,6.17,5.99,6.06,1940.0,,欧盟排放配额1612,197804.0,6.04,6.06
2014-07-11,C1612,6.09,6.15,6.04,6.13,1435.0,,欧盟排放配额1612,197428.0,6.1,6.13
2014-07-14,C1612,6.12,6.24,6.1,6.24,1527.0,,欧盟排放配额1612,197650.0,6.24,6.24
2014-07-15,C1612,6.29,6.38,6.25,6.32,3322.0,,欧盟排放配额1612,199166.0,6.3,6.32
2014-07-16,C1612,6.31,6.45,6.29,6.41,2172.0,,欧盟排放配额1612,200282.0,6.41,6.41
2014-07-17,C1612,6.41,6.53,6.29,6.52,6767.0,,欧盟排放配额1612,196633.0,6.52,6.52
2014-07-18,C1612,6.51,6.52,6.35,6.38,7169.0,,欧盟排放配额1612,200597.0,6.36,6.38
2014-07-21,C1612,6.44,6.46,6.4,6.45,2762.0,,欧盟排放配额1612,200828.0,6.43,6.45
2014-07-22,C1612,6.46,6.57,6.46,6.57,4187.0,,欧盟排放配额1612,202027.0,6.55,6.57
2014-07-23,C1612,6.53,6.58,6.53,6.56,735.0,,欧盟排放配额1612,202623.0,6.55,6.56
2014-07-24,C1612,6.54,6.54,6.4,6.42,5982.0,,欧盟排放配额1612,206622.0,6.43,6.42
2014-07-25,C1612,6.41,6.49,6.39,6.49,4204.0,,欧盟排放配额1612,210062.0,6.5,6.49
2014-07-28,C1612,6.5,6.6,6.45,6.58,1205.0,,欧盟排放配额1612,211108.0,6.57,6.58
2014-07-29,C1612,6.55,6.55,6.36,6.37,1564.0,,欧盟排放配额1612,212474.0,6.39,6.37
2014-07-30,C1612,6.4,6.49,6.38,6.49,1301.0,,欧盟排放配额1612,213179.0,6.49,6.49
2014-07-31,C1612,6.48,6.56,6.48,6.56,1687.0,,欧盟排放配额1612,213874.0,6.57,6.56
2014-08-01,C1612,6.58,6.69,6.58,6.62,1594.0,,欧盟排放配额1612,213537.0,6.63,6.62
2014-08-04,C1612,6.65,6.65,6.48,6.57,483.0,,欧盟排放配额1612,213878.0,6.59,6.57
2014-08-05,C1612,6.52,6.58,6.5,6.5,479.0,,欧盟排放配额1612,214301.0,6.56,6.5
2014-08-06,C1612,6.59,6.61,6.58,6.6,722.0,,欧盟排放配额1612,214868.0,6.57,6.6
2014-08-07,C1612,6.58,6.62,6.27,6.27,2455.0,,欧盟排放配额1612,216781.0,6.28,6.27
2014-08-08,C1612,6.26,6.42,6.15,6.34,3430.0,,欧盟排放配额1612,218998.0,6.31,6.34
2014-08-11,C1612,6.31,6.5,6.31,6.5,1864.0,,欧盟排放配额1612,219523.0,6.48,6.5
2014-08-12,C1612,6.46,6.46,6.39,6.46,732.0,,欧盟排放配额1612,220187.0,6.46,6.46
2014-08-13,C1612,6.43,6.57,6.43,6.57,1097.0,,欧盟排放配额1612,220644.0,6.58,6.57
2014-08-14,C1612,6.6,6.6,6.57,6.57,564.0,,欧盟排放配额1612,221063.0,6.58,6.57
2014-08-15,C1612,6.54,6.7,6.54,6.7,901.0,,欧盟排放配额1612,221742.0,6.74,6.7
2014-08-18,C1612,6.73,6.74,6.7,6.7,1767.0,,欧盟排放配额1612,222251.0,6.7,6.7
2014-08-19,C1612,6.69,6.82,6.65,6.82,3743.0,,欧盟排放配额1612,225722.0,6.8,6.82
2014-08-20,C1612,6.81,6.81,6.7,6.77,2365.0,,欧盟排放配额1612,225212.0,6.78,6.77
2014-08-21,C1612,6.77,6.79,6.61,6.65,1603.0,,欧盟排放配额1612,226302.0,6.7,6.65
2014-08-22,C1612,6.72,6.75,6.72,6.72,654.0,,欧盟排放配额1612,226793.0,6.71,6.72
2014-08-25,C1612,,,,6.68,50.0,,欧盟排放配额1612,226843.0,6.68,6.68
2014-08-26,C1612,6.63,6.67,6.59,6.65,633.0,,欧盟排放配额1612,227221.0,6.65,6.65
2014-08-27,C1612,6.57,6.71,6.57,6.7,970.0,,欧盟排放配额1612,227954.0,6.7,6.7
2014-08-28,C1612,6.74,6.79,6.72,6.75,981.0,,欧盟排放配额1612,228564.0,6.79,6.75
2014-08-29,C1612,6.77,6.8,6.72,6.72,1084.0,,欧盟排放配额1612,229372.0,6.73,6.72
2014-09-01,C1612,6.68,6.74,6.61,6.74,980.0,,欧盟排放配额1612,230218.0,6.74,6.74
2014-09-02,C1612,6.75,6.75,6.73,6.73,5417.0,,欧盟排放配额1612,230423.0,6.73,6.73
2014-09-03,C1612,6.72,6.72,6.62,6.67,1163.0,,欧盟排放配额1612,230489.0,6.66,6.67
2014-09-04,C1612,6.58,6.6,6.42,6.44,8210.0,,欧盟排放配额1612,229942.0,6.43,6.44
2014-09-05,C1612,6.47,6.59,6.38,6.59,1695.0,,欧盟排放配额1612,230436.0,6.58,6.59
2014-09-08,C1612,6.57,6.61,6.56,6.59,1681.0,,欧盟排放配额1612,231234.0,6.59,6.59
2014-09-09,C1612,6.57,6.58,6.38,6.42,1352.0,,欧盟排放配额1612,231972.0,6.42,6.42
2014-09-10,C1612,6.41,6.42,6.33,6.35,1172.0,,欧盟排放配额1612,232708.0,6.38,6.35
2014-09-11,C1612,6.43,6.43,6.37,6.37,479.0,,欧盟排放配额1612,232890.0,6.4,6.37
2014-09-12,C1612,6.41,6.41,6.26,6.27,2382.0,,欧盟排放配额1612,234045.0,6.33,6.27
2014-09-15,C1612,6.26,6.27,6.19,6.2,1145.0,,欧盟排放配额1612,234423.0,6.19,6.2
2014-09-16,C1612,6.15,6.15,6.04,6.07,2385.0,,欧盟排放配额1612,234763.0,6.06,6.07
2014-09-17,C1612,6.04,6.16,5.99,6.16,2996.0,,欧盟排放配额1612,236392.0,6.15,6.16
2014-09-18,C1612,6.14,6.29,6.1,6.27,1227.0,,欧盟排放配额1612,236580.0,6.25,6.27
2014-09-19,C1612,6.26,6.26,6.2,6.26,3323.0,,欧盟排放配额1612,235991.0,6.29,6.26
2014-09-22,C1612,6.33,6.33,6.25,6.26,3162.0,,欧盟排放配额1612,233336.0,6.26,6.26
2014-09-23,C1612,6.18,6.21,5.88,5.96,2935.0,,欧盟排放配额1612,234677.0,5.9,5.96
2014-09-24,C1612,5.93,6.05,5.9,6.03,809.0,,欧盟排放配额1612,235028.0,6.06,6.03
2014-09-25,C1612,6.02,6.09,6.02,6.03,386.0,,欧盟排放配额1612,235131.0,6.06,6.03
2014-09-26,C1612,6.04,6.14,6.04,6.1,428.0,,欧盟排放配额1612,235256.0,6.17,6.1
2014-09-29,C1612,6.12,6.14,6.0,6.02,2163.0,,欧盟排放配额1612,235735.0,5.99,6.02
2014-09-30,C1612,5.95,6.05,5.91,6.05,2043.0,,欧盟排放配额1612,236674.0,6.06,6.05
2014-10-01,C1612,6.06,6.08,6.0,6.02,678.0,,欧盟排放配额1612,237076.0,6.03,6.02
2014-10-02,C1612,5.99,6.01,5.89,5.9,1643.0,,欧盟排放配额1612,238028.0,5.9,5.9
2014-10-03,C1612,5.87,5.87,5.75,5.84,2959.0,,欧盟排放配额1612,237012.0,5.89,5.84
2014-10-06,C1612,5.86,5.93,5.78,5.93,2138.0,,欧盟排放配额1612,236938.0,5.89,5.93
2014-10-07,C1612,5.91,5.92,5.89,5.89,941.0,,欧盟排放配额1612,237505.0,5.94,5.89
2014-10-08,C1612,5.91,6.28,5.85,6.28,2255.0,,欧盟排放配额1612,238135.0,6.28,6.28
2014-10-09,C1612,6.22,6.37,6.22,6.29,2114.0,,欧盟排放配额1612,237808.0,6.36,6.29
2014-10-10,C1612,6.34,6.34,6.21,6.28,1078.0,,欧盟排放配额1612,237922.0,6.27,6.28
2014-10-13,C1612,6.21,6.29,6.15,6.29,1339.0,,欧盟排放配额1612,238395.0,6.29,6.29
2014-10-14,C1612,6.25,6.37,6.25,6.31,1718.0,,欧盟排放配额1612,238787.0,6.31,6.31
2014-10-15,C1612,6.26,6.4,6.26,6.38,1843.0,,欧盟排放配额1612,240266.0,6.39,6.38
2014-10-16,C1612,6.4,6.46,6.4,6.46,650.0,,欧盟排放配额1612,240771.0,6.45,6.46
2014-10-17,C1612,6.49,6.51,6.38,6.38,2844.0,,欧盟排放配额1612,240908.0,6.36,6.38
2014-10-20,C1612,6.36,6.4,6.29,6.38,3558.0,,欧盟排放配额1612,243241.0,6.38,6.38
2014-10-21,C1612,6.46,6.5,6.4,6.42,4269.0,,欧盟排放配额1612,243679.0,6.42,6.42
2014-10-22,C1612,6.5,6.51,6.44,6.49,601.0,,欧盟排放配额1612,243669.0,6.48,6.49
2014-10-23,C1612,6.47,6.57,6.38,6.52,2674.0,,欧盟排放配额1612,245770.0,6.59,6.52
2014-10-24,C1612,6.66,6.68,6.58,6.62,688.0,,欧盟排放配额1612,245965.0,6.66,6.62
2014-10-27,C1612,6.69,6.69,6.54,6.54,373.0,,欧盟排放配额1612,246089.0,6.54,6.54
2014-10-28,C1612,6.55,6.6,6.42,6.42,2263.0,,欧盟排放配额1612,246249.0,6.41,6.42
2014-10-29,C1612,6.4,6.67,6.38,6.67,2029.0,,欧盟排放配额1612,247251.0,6.67,6.67
2014-10-30,C1612,6.67,6.7,6.65,6.65,782.0,,欧盟排放配额1612,247419.0,6.67,6.65
2014-10-31,C1612,6.65,6.65,6.55,6.6,2274.0,,欧盟排放配额1612,248904.0,6.59,6.6
2014-11-03,C1612,6.57,6.77,6.57,6.77,2143.0,,欧盟排放配额1612,250071.0,6.83,6.77
2014-11-04,C1612,6.82,6.9,6.73,6.74,2430.0,,欧盟排放配额1612,251345.0,6.74,6.74
2014-11-05,C1612,6.74,6.88,6.72,6.87,2212.0,,欧盟排放配额1612,251810.0,6.9,6.87
2014-11-06,C1612,6.9,6.92,6.84,6.89,1070.0,,欧盟排放配额1612,252591.0,6.88,6.89
2014-11-07,C1612,6.87,6.97,6.77,6.97,2135.0,,欧盟排放配额1612,253604.0,7.01,6.97
2014-11-10,C1612,6.99,7.05,6.94,6.95,1040.0,,欧盟排放配额1612,253428.0,6.97,6.95
2014-11-11,C1612,6.97,7.09,6.95,7.06,1479.0,,欧盟排放配额1612,254131.0,7.05,7.06
2014-11-12,C1612,6.95,7.1,6.95,7.1,2867.0,,欧盟排放配额1612,254716.0,7.1,7.1
2014-11-13,C1612,7.07,7.08,6.97,7.05,2480.0,,欧盟排放配额1612,255255.0,7.03,7.05
2014-11-14,C1612,7.02,7.05,6.85,6.86,1844.0,,欧盟排放配额1612,256285.0,6.86,6.86
2014-11-17,C1612,6.93,7.17,6.79,7.17,2739.0,,欧盟排放配额1612,256239.0,7.15,7.17
2014-11-18,C1612,7.2,7.32,7.16,7.27,3531.0,,欧盟排放配额1612,256520.0,7.27,7.27
2014-11-19,C1612,7.25,7.35,7.14,7.31,1130.0,,欧盟排放配额1612,256799.0,7.3,7.31
2014-11-20,C1612,7.25,7.26,7.2,7.2,2353.0,,欧盟排放配额1612,258507.0,7.21,7.2
2014-11-21,C1612,7.22,7.22,7.16,7.18,2581.0,,欧盟排放配额1612,258811.0,7.25,7.18
2014-11-24,C1612,7.26,7.34,7.26,7.31,1125.0,,欧盟排放配额1612,259503.0,7.3,7.31
2014-11-25,C1612,7.34,7.4,7.28,7.37,1913.0,,欧盟排放配额1612,260240.0,7.38,7.37
2014-11-26,C1612,7.45,7.47,7.37,7.45,2176.0,,欧盟排放配额1612,260947.0,7.45,7.45
2014-11-27,C1612,7.39,7.44,7.32,7.35,2488.0,,欧盟排放配额1612,260389.0,7.35,7.35
2014-11-28,C1612,7.32,7.33,7.25,7.25,1190.0,,欧盟排放配额1612,261077.0,7.29,7.25
2014-12-01,C1612,7.25,7.35,7.21,7.31,2702.0,,欧盟排放配额1612,262851.0,7.32,7.31
2014-12-02,C1612,7.34,7.37,7.09,7.09,4982.0,,欧盟排放配额1612,262691.0,7.08,7.09
2014-12-03,C1612,7.05,7.18,7.02,7.12,5615.0,,欧盟排放配额1612,264321.0,7.13,7.12
2014-12-04,C1612,7.11,7.11,7.01,7.09,4405.0,,欧盟排放配额1612,261734.0,7.08,7.09
2014-12-05,C1612,7.01,7.01,6.9,6.9,1017.0,,欧盟排放配额1612,262085.0,6.89,6.9
2014-12-08,C1612,6.86,6.91,6.82,6.91,1349.0,,欧盟排放配额1612,262427.0,6.89,6.91
2014-12-09,C1612,6.86,6.97,6.83,6.96,1732.0,,欧盟排放配额1612,262152.0,6.97,6.96
2014-12-10,C1612,7.0,7.04,6.69,6.8,2421.0,,欧盟排放配额1612,263832.0,6.78,6.8
2014-12-11,C1612,6.84,6.99,6.82,6.99,2491.0,,欧盟排放配额1612,265532.0,6.96,6.99
2014-12-12,C1612,6.92,6.93,6.84,6.9,1999.0,,欧盟排放配额1612,266109.0,6.88,6.9
2014-12-15,C1612,6.85,7.11,6.84,7.1,2716.0,,欧盟排放配额1612,266479.0,7.12,7.1
2014-12-16,C1612,7.16,7.24,7.07,7.11,3968.0,,欧盟排放配额1612,269977.0,7.14,7.11
2014-12-17,C1612,7.3,7.33,7.17,7.17,756.0,,欧盟排放配额1612,270277.0,7.21,7.17
2014-12-18,C1612,7.26,7.28,7.21,7.28,1146.0,,欧盟排放配额1612,270781.0,7.26,7.28
2014-12-19,C1612,7.25,7.31,7.25,7.3,552.0,,欧盟排放配额1612,270831.0,7.3,7.3
2014-12-22,C1612,7.28,7.33,7.28,7.32,216.0,,欧盟排放配额1612,270831.0,7.33,7.32
2014-12-23,C1612,7.37,7.5,7.37,7.49,645.0,,欧盟排放配额1612,270918.0,7.48,7.49
2014-12-24,C1612,7.63,7.63,7.59,7.59,20.0,,欧盟排放配额1612,270937.0,7.6,7.59
2014-12-26,C1612,,,,7.6,0.0,,欧盟排放配额1612,270937.0,7.6,7.6
2014-12-29,C1612,7.48,7.48,7.4,7.4,86.0,,欧盟排放配额1612,270949.0,7.48,7.4
2014-12-30,C1612,7.47,7.47,7.4,7.43,87.0,,欧盟排放配额1612,271004.0,7.44,7.43
2014-12-31,C1612,7.46,7.52,7.46,7.52,104.0,,欧盟排放配额1612,271084.0,7.48,7.52
2015-01-02,C1612,7.46,7.46,7.24,7.24,788.0,,欧盟排放配额1612,271469.0,7.23,7.24
2015-01-05,C1612,7.23,7.23,7.12,7.14,1921.0,,欧盟排放配额1612,271564.0,7.13,7.14
2015-01-06,C1612,7.13,7.18,6.9,7.02,1402.0,,欧盟排放配额1612,272215.0,6.99,7.02
2015-01-07,C1612,6.9,7.01,6.83,6.99,1198.0,,欧盟排放配额1612,272468.0,7.0,6.99
2015-01-08,C1612,6.98,7.07,6.91,7.06,1797.0,,欧盟排放配额1612,273085.0,7.03,7.06
2015-01-09,C1612,7.04,7.04,6.91,6.92,2186.0,,欧盟排放配额1612,272564.0,6.93,6.92
2015-01-12,C1612,6.93,6.97,6.81,6.93,4599.0,,欧盟排放配额1612,272085.0,6.93,6.93
2015-01-13,C1612,6.98,7.55,6.95,7.54,6834.0,,欧盟排放配额1612,275553.0,7.52,7.54
2015-01-14,C1612,7.49,7.49,7.37,7.39,1468.0,,欧盟排放配额1612,275971.0,7.39,7.39
2015-01-15,C1612,7.35,7.6,7.29,7.35,2199.0,,欧盟排放配额1612,276579.0,7.34,7.35
2015-01-16,C1612,7.35,7.41,7.26,7.36,1552.0,,欧盟排放配额1612,276520.0,7.35,7.36
2015-01-19,C1612,7.29,7.53,7.26,7.44,1396.0,,欧盟排放配额1612,276840.0,7.43,7.44
2015-01-20,C1612,7.42,7.54,7.31,7.39,1655.0,,欧盟排放配额1612,277816.0,7.38,7.39
2015-01-21,C1612,7.42,7.57,7.4,7.51,6054.0,,欧盟排放配额1612,283249.0,7.55,7.51
2015-01-22,C1612,7.62,7.67,6.95,6.96,8100.0,,欧盟排放配额1612,290517.0,6.96,6.96
2015-01-23,C1612,6.98,7.16,6.95,7.0,3709.0,,欧盟排放配额1612,291137.0,7.0,7.0
2015-01-26,C1612,7.0,7.08,6.96,7.07,3147.0,,欧盟排放配额1612,292758.0,7.05,7.07
2015-01-27,C1612,7.06,7.08,6.99,7.04,1054.0,,欧盟排放配额1612,293592.0,7.03,7.04
2015-01-28,C1612,7.05,7.17,6.98,7.17,1306.0,,欧盟排放配额1612,294688.0,7.15,7.17
2015-01-29,C1612,7.18,7.28,7.13,7.25,2031.0,,欧盟排放配额1612,295086.0,7.24,7.25
2015-01-30,C1612,7.23,7.32,7.17,7.26,1497.0,,欧盟排放配额1612,295679.0,7.28,7.26
2015-02-02,C1612,7.36,7.36,7.26,7.33,1344.0,,欧盟排放配额1612,295521.0,7.33,7.33
2015-02-03,C1612,7.35,7.35,7.25,7.25,530.0,,欧盟排放配额1612,295857.0,7.26,7.25
2015-02-04,C1612,7.25,7.25,7.07,7.12,541.0,,欧盟排放配额1612,296018.0,7.12,7.12
2015-02-05,C1612,7.06,7.2,7.02,7.19,2102.0,,欧盟排放配额1612,296273.0,7.19,7.19
2015-02-06,C1612,7.17,7.17,7.07,7.14,1140.0,,欧盟排放配额1612,297399.0,7.14,7.14
2015-02-09,C1612,7.07,7.13,7.01,7.1,636.0,,欧盟排放配额1612,297907.0,7.11,7.1
2015-02-10,C1612,7.12,7.33,7.06,7.33,3911.0,,欧盟排放配额1612,300398.0,7.31,7.33
2015-02-11,C1612,7.22,7.45,7.22,7.45,2443.0,,欧盟排放配额1612,299787.0,7.44,7.45
2015-02-12,C1612,7.5,7.62,7.39,7.57,3137.0,,欧盟排放配额1612,300408.0,7.6,7.57
2015-02-13,C1612,7.62,7.85,7.51,7.83,3654.0,,欧盟排放配额1612,302028.0,7.84,7.83
2015-02-16,C1612,7.78,8.01,7.76,7.84,1622.0,,欧盟排放配额1612,303135.0,7.85,7.84
2015-02-17,C1612,7.85,7.85,7.64,7.67,3633.0,,欧盟排放配额1612,305638.0,7.66,7.67
2015-02-18,C1612,7.66,7.75,7.54,7.66,8690.0,,欧盟排放配额1612,302372.0,7.68,7.66
2015-02-19,C1612,7.62,7.63,7.48,7.49,1559.0,,欧盟排放配额1612,303156.0,7.52,7.49
2015-02-20,C1612,7.52,7.55,7.46,7.48,1476.0,,欧盟排放配额1612,303683.0,7.49,7.48
2015-02-23,C1612,7.44,7.95,7.39,7.89,1760.0,,欧盟排放配额1612,304570.0,7.88,7.89
2015-02-24,C1612,7.88,7.96,7.5,7.68,950.0,,欧盟排放配额1612,305354.0,7.63,7.68
2015-02-25,C1612,7.63,7.85,7.55,7.58,946.0,,欧盟排放配额1612,306072.0,7.56,7.58
2015-02-26,C1612,7.65,7.65,7.18,7.21,4699.0,,欧盟排放配额1612,310188.0,7.22,7.21
2015-02-27,C1612,7.21,7.28,7.1,7.28,1815.0,,欧盟排放配额1612,310294.0,7.25,7.28
2015-03-02,C1612,7.24,7.24,7.05,7.1,1034.0,,欧盟排放配额1612,310426.0,7.1,7.1
2015-03-03,C1612,7.0,7.05,6.87,6.87,1530.0,,欧盟排放配额1612,311229.0,6.87,6.87
2015-03-04,C1612,6.83,7.19,6.75,7.19,2105.0,,欧盟排放配额1612,312041.0,7.18,7.19
2015-03-05,C1612,7.14,7.22,6.9,6.9,1427.0,,欧盟排放配额1612,313009.0,6.89,6.9
2015-03-06,C1612,6.82,6.92,6.81,6.92,3380.0,,欧盟排放配额1612,311238.0,6.94,6.92
2015-03-09,C1612,6.88,6.88,6.8,6.82,1356.0,,欧盟排放配额1612,311439.0,6.82,6.82
2015-03-10,C1612,6.8,6.96,6.71,6.94,1479.0,,欧盟排放配额1612,312087.0,6.95,6.94
2015-03-11,C1612,6.93,6.94,6.85,6.9,1304.0,,欧盟排放配额1612,312701.0,6.89,6.9
2015-03-12,C1612,6.85,6.85,6.54,6.55,1528.0,,欧盟排放配额1612,313543.0,6.55,6.55
2015-03-13,C1612,6.5,6.69,6.38,6.59,1670.0,,欧盟排放配额1612,314852.0,6.59,6.59
2015-03-16,C1612,6.55,6.66,6.5,6.62,1513.0,,欧盟排放配额1612,316094.0,6.63,6.62
2015-03-17,C1612,6.55,6.9,6.52,6.85,5480.0,,欧盟排放配额1612,315234.0,6.86,6.85
2015-03-18,C1612,6.83,6.96,6.77,6.91,2563.0,,欧盟排放配额1612,316304.0,6.87,6.91
2015-03-19,C1612,6.9,6.9,6.81,6.81,3204.0,,欧盟排放配额1612,318907.0,6.8,6.81
2015-03-20,C1612,6.78,7.19,6.72,7.19,2935.0,,欧盟排放配额1612,319915.0,7.17,7.19
2015-03-23,C1612,7.13,7.25,7.05,7.14,3313.0,,欧盟排放配额1612,320444.0,7.17,7.14
2015-03-24,C1612,7.15,7.31,7.1,7.23,4495.0,,欧盟排放配额1612,321581.0,7.16,7.23
2015-03-25,C1612,7.15,7.18,6.88,7.07,2179.0,,欧盟排放配额1612,321614.0,7.09,7.07
2015-03-26,C1612,7.02,7.26,7.02,7.06,2550.0,,欧盟排放配额1612,322191.0,7.07,7.06
2015-03-27,C1612,7.07,7.13,6.88,6.88,2056.0,,欧盟排放配额1612,324472.0,6.89,6.88
2015-03-30,C1612,6.93,7.05,6.9,6.99,1528.0,,欧盟排放配额1612,324972.0,7.01,6.99
2015-03-31,C1612,7.01,7.06,6.85,7.04,2475.0,,欧盟排放配额1612,324965.0,7.05,7.04
2015-04-01,C1612,7.0,7.29,6.99,7.29,1830.0,,欧盟排放配额1612,325877.0,7.27,7.29
2015-04-02,C1612,7.29,7.33,7.2,7.26,1309.0,,欧盟排放配额1612,326853.0,7.27,7.26
2015-04-06,C1612,,,,7.27,0.0,,欧盟排放配额1612,326853.0,7.27,7.27
2015-04-07,C1612,7.25,7.29,7.18,7.24,1260.0,,欧盟排放配额1612,327839.0,7.23,7.24
2015-04-08,C1612,7.22,7.28,7.2,7.25,815.0,,欧盟排放配额1612,328259.0,7.24,7.25
2015-04-09,C1612,7.22,7.25,7.13,7.13,2046.0,,欧盟排放配额1612,329156.0,7.13,7.13
2015-04-10,C1612,7.14,7.14,7.03,7.06,1600.0,,欧盟排放配额1612,329844.0,7.06,7.06
2015-04-13,C1612,7.05,7.05,6.91,6.92,1758.0,,欧盟排放配额1612,330228.0,6.93,6.92
2015-04-14,C1612,6.91,6.99,6.89,6.93,2100.0,,欧盟排放配额1612,331641.0,6.92,6.93
2015-04-15,C1612,6.92,7.0,6.92,6.95,850.0,,欧盟排放配额1612,332200.0,6.97,6.95
2015-04-16,C1612,6.94,7.05,6.93,6.97,869.0,,欧盟排放配额1612,332896.0,6.99,6.97
2015-04-17,C1612,6.99,7.0,6.92,6.96,1928.0,,欧盟排放配额1612,334526.0,6.96,6.96
2015-04-20,C1612,6.99,7.25,6.99,7.25,1243.0,,欧盟排放配额1612,334868.0,7.25,7.25
2015-04-21,C1612,7.25,7.25,7.16,7.19,2982.0,,欧盟排放配额1612,335539.0,7.2,7.19
2015-04-22,C1612,7.16,7.23,7.15,7.22,2147.0,,欧盟排放配额1612,335740.0,7.2,7.22
2015-04-23,C1612,7.18,7.39,7.16,7.37,1467.0,,欧盟排放配额1612,335606.0,7.37,7.37
2015-04-24,C1612,7.36,7.46,7.36,7.4,3122.0,,欧盟排放配额1612,335815.0,7.4,7.4
2015-04-27,C1612,7.36,7.48,7.3,7.3,2211.0,,欧盟排放配额1612,336494.0,7.27,7.3
2015-04-28,C1612,7.25,7.43,7.25,7.43,1187.0,,欧盟排放配额1612,336448.0,7.47,7.43
2015-04-29,C1612,7.5,7.61,7.44,7.6,4363.0,,欧盟排放配额1612,337259.0,7.58,7.6
2015-04-30,C1612,7.59,7.72,7.51,7.51,4061.0,,欧盟排放配额1612,338077.0,7.51,7.51
2015-05-01,C1612,7.59,7.61,7.58,7.61,199.0,,欧盟排放配额1612,337905.0,7.6,7.61
2015-05-04,C1612,7.67,7.73,7.65,7.72,501.0,,欧盟排放配额1612,338179.0,7.7,7.72
2015-05-05,C1612,7.67,7.73,7.6,7.7,1788.0,,欧盟排放配额1612,338520.0,7.68,7.7
2015-05-06,C1612,7.77,7.8,7.6,7.67,4797.0,,欧盟排放配额1612,339146.0,7.65,7.67
2015-05-07,C1612,7.58,7.66,7.51,7.54,1690.0,,欧盟排放配额1612,339801.0,7.55,7.54
2015-05-08,C1612,7.62,7.67,7.53,7.67,1269.0,,欧盟排放配额1612,340454.0,7.65,7.67
2015-05-11,C1612,7.64,7.74,7.61,7.74,1499.0,,欧盟排放配额1612,340413.0,7.74,7.74
2015-05-12,C1612,7.79,7.8,7.7,7.7,1867.0,,欧盟排放配额1612,340514.0,7.71,7.7
2015-05-13,C1612,7.72,7.75,7.61,7.74,2043.0,,欧盟排放配额1612,341595.0,7.77,7.74
2015-05-14,C1612,7.75,7.76,7.68,7.68,465.0,,欧盟排放配额1612,341901.0,7.67,7.68
2015-05-15,C1612,7.74,7.74,7.6,7.71,2540.0,,欧盟排放配额1612,342454.0,7.7,7.71
2015-05-18,C1612,7.7,7.75,7.65,7.72,2258.0,,欧盟排放配额1612,341993.0,7.71,7.72
2015-05-19,C1612,7.67,7.72,7.44,7.44,2174.0,,欧盟排放配额1612,342192.0,7.48,7.44
2015-05-20,C1612,7.51,7.6,7.45,7.45,2493.0,,欧盟排放配额1612,341683.0,7.46,7.45
2015-05-21,C1612,7.46,7.5,7.41,7.41,2841.0,,欧盟排放配额1612,342267.0,7.42,7.41
2015-05-22,C1612,7.42,7.44,7.34,7.44,1144.0,,欧盟排放配额1612,342741.0,7.42,7.44
2015-05-25,C1612,7.45,7.45,7.45,7.45,101.0,,欧盟排放配额1612,342842.0,7.47,7.45
2015-05-26,C1612,7.45,7.45,7.34,7.38,678.0,,欧盟排放配额1612,343103.0,7.34,7.38
2015-05-27,C1612,7.33,7.35,7.28,7.31,697.0,,欧盟排放配额1612,343231.0,7.29,7.31
2015-05-28,C1612,7.32,7.34,7.28,7.31,403.0,,欧盟排放配额1612,343197.0,7.3,7.31
2015-05-29,C1612,7.29,7.46,7.29,7.44,3918.0,,欧盟排放配额1612,344313.0,7.44,7.44
2015-06-01,C1612,7.4,7.4,7.33,7.35,2011.0,,欧盟排放配额1612,344939.0,7.35,7.35
2015-06-02,C1612,7.34,7.57,7.34,7.56,4420.0,,欧盟排放配额1612,345241.0,7.56,7.56
2015-06-03,C1612,7.58,7.65,7.54,7.58,2663.0,,欧盟排放配额1612,344242.0,7.6,7.58
2015-06-04,C1612,7.64,7.64,7.52,7.52,2079.0,,欧盟排放配额1612,344312.0,7.51,7.52
2015-06-05,C1612,7.51,7.57,7.49,7.5,2543.0,,欧盟排放配额1612,344493.0,7.52,7.5
2015-06-08,C1612,7.51,7.59,7.47,7.56,493.0,,欧盟排放配额1612,344565.0,7.56,7.56
2015-06-09,C1612,7.55,7.71,7.55,7.7,2482.0,,欧盟排放配额1612,344924.0,7.68,7.7
2015-06-10,C1612,7.69,7.71,7.65,7.7,1934.0,,欧盟排放配额1612,345537.0,7.7,7.7
2015-06-11,C1612,7.68,7.72,7.62,7.62,3492.0,,欧盟排放配额1612,345512.0,7.62,7.62
2015-06-12,C1612,7.63,7.72,7.62,7.72,928.0,,欧盟排放配额1612,346029.0,7.73,7.72
2015-06-15,C1612,7.67,7.68,7.65,7.67,1945.0,,欧盟排放配额1612,345468.0,7.63,7.67
2015-06-16,C1612,7.64,7.64,7.52,7.52,2129.0,,欧盟排放配额1612,344460.0,7.53,7.52
2015-06-17,C1612,7.52,7.62,7.52,7.58,814.0,,欧盟排放配额1612,344869.0,7.58,7.58
2015-06-18,C1612,7.58,7.61,7.56,7.56,681.0,,欧盟排放配额1612,345264.0,7.56,7.56
2015-06-19,C1612,7.55,7.56,7.52,7.53,24987.0,,欧盟排放配额1612,346648.0,7.52,7.53
2015-06-22,C1612,7.57,7.65,7.53,7.56,975.0,,欧盟排放配额1612,347324.0,7.57,7.56
2015-06-23,C1612,7.57,7.62,7.56,7.58,1469.0,,欧盟排放配额1612,348237.0,7.6,7.58
2015-06-24,C1612,7.56,7.64,7.55,7.59,3428.0,,欧盟排放配额1612,349443.0,7.59,7.59
2015-06-25,C1612,7.67,7.7,7.64,7.7,1771.0,,欧盟排放配额1612,350337.0,7.7,7.7
2015-06-26,C1612,7.68,7.7,7.62,7.63,3144.0,,欧盟排放配额1612,350898.0,7.64,7.63
2015-06-29,C1612,7.5,7.56,7.35,7.46,6310.0,,欧盟排放配额1612,353019.0,7.45,7.46
2015-06-30,C1612,7.49,7.61,7.45,7.54,3922.0,,欧盟排放配额1612,353496.0,7.54,7.54
2015-07-01,C1612,7.55,7.61,7.54,7.59,968.0,,欧盟排放配额1612,353405.0,7.58,7.59
2015-07-02,C1612,7.58,7.58,7.52,7.53,1891.0,,欧盟排放配额1612,353484.0,7.54,7.53
2015-07-03,C1612,7.56,7.56,7.52,7.54,1847.0,,欧盟排放配额1612,354336.0,7.53,7.54
2015-07-06,C1612,7.47,7.49,7.44,7.48,2105.0,,欧盟排放配额1612,355149.0,7.47,7.48
2015-07-07,C1612,7.45,7.58,7.42,7.57,3119.0,,欧盟排放配额1612,355681.0,7.55,7.57
2015-07-08,C1612,7.57,7.64,7.54,7.54,3636.0,,欧盟排放配额1612,355855.0,7.54,7.54
2015-07-09,C1612,7.53,7.62,7.53,7.55,2074.0,,欧盟排放配额1612,355422.0,7.57,7.55
2015-07-10,C1612,7.61,7.69,7.61,7.69,2381.0,,欧盟排放配额1612,355343.0,7.7,7.69
2015-07-13,C1612,7.7,7.87,7.7,7.87,2054.0,,欧盟排放配额1612,356312.0,7.89,7.87
2015-07-14,C1612,7.89,7.94,7.8,7.82,2590.0,,欧盟排放配额1612,357503.0,7.82,7.82
2015-07-15,C1612,7.85,7.9,7.83,7.86,1452.0,,欧盟排放配额1612,358413.0,7.85,7.86
2015-07-16,C1612,7.84,7.84,7.75,7.76,1760.0,,欧盟排放配额1612,358563.0,7.75,7.76
2015-07-17,C1612,7.78,7.84,7.73,7.84,955.0,,欧盟排放配额1612,359297.0,7.83,7.84
2015-07-20,C1612,7.85,8.1,7.85,8.1,6590.0,,欧盟排放配额1612,361650.0,8.08,8.1
2015-07-21,C1612,8.09,8.1,8.02,8.04,2340.0,,欧盟排放配额1612,363460.0,8.06,8.04
2015-07-22,C1612,8.02,8.05,7.98,8.03,6822.0,,欧盟排放配额1612,364579.0,8.06,8.03
2015-07-23,C1612,8.19,8.21,8.14,8.19,3421.0,,欧盟排放配额1612,366051.0,8.18,8.19
2015-07-24,C1612,8.2,8.2,8.08,8.1,6645.0,,欧盟排放配额1612,368920.0,8.11,8.1
2015-07-27,C1612,8.13,8.16,8.08,8.11,1312.0,,欧盟排放配额1612,369386.0,8.12,8.11
2015-07-28,C1612,8.12,8.12,8.05,8.07,4727.0,,欧盟排放配额1612,373705.0,8.12,8.07
2015-07-29,C1612,8.09,8.17,8.09,8.14,2908.0,,欧盟排放配额1612,375075.0,8.16,8.14
2015-07-30,C1612,8.15,8.15,7.95,7.95,2118.0,,欧盟排放配额1612,375144.0,7.97,7.95
2015-07-31,C1612,8.0,8.03,7.95,7.97,3228.0,,欧盟排放配额1612,376671.0,7.96,7.97
2015-08-03,C1612,7.97,8.07,7.97,8.04,1722.0,,欧盟排放配额1612,376856.0,8.05,8.04
2015-08-04,C1612,8.05,8.09,7.99,7.99,1684.0,,欧盟排放配额1612,377467.0,8.0,7.99
2015-08-05,C1612,7.99,7.99,7.91,7.91,1408.0,,欧盟排放配额1612,377502.0,7.92,7.91
2015-08-06,C1612,7.91,7.96,7.91,7.94,1229.0,,欧盟排放配额1612,377657.0,7.93,7.94
2015-08-07,C1612,7.96,7.96,7.85,7.86,960.0,,欧盟排放配额1612,377824.0,7.87,7.86
2015-08-10,C1612,7.9,8.04,7.86,8.02,1534.0,,欧盟排放配额1612,378049.0,8.01,8.02
2015-08-11,C1612,8.01,8.21,8.01,8.21,1464.0,,欧盟排放配额1612,378713.0,8.18,8.21
2015-08-12,C1612,8.2,8.3,8.12,8.3,4116.0,,欧盟排放配额1612,379107.0,8.28,8.3
2015-08-13,C1612,8.28,8.34,8.22,8.28,2878.0,,欧盟排放配额1612,380429.0,8.28,8.28
2015-08-14,C1612,8.27,8.45,8.26,8.42,739.0,,欧盟排放配额1612,380529.0,8.41,8.42
2015-08-17,C1612,8.4,8.43,8.33,8.33,1058.0,,欧盟排放配额1612,380717.0,8.33,8.33
2015-08-18,C1612,8.3,8.35,8.29,8.35,1142.0,,欧盟排放配额1612,380132.0,8.36,8.35
2015-08-19,C1612,8.38,8.45,8.38,8.42,2215.0,,欧盟排放配额1612,381692.0,8.43,8.42
2015-08-20,C1612,8.44,8.51,8.42,8.45,1327.0,,欧盟排放配额1612,381890.0,8.45,8.45
2015-08-21,C1612,8.43,8.45,8.23,8.31,1244.0,,欧盟排放配额1612,382580.0,8.29,8.31
2015-08-24,C1612,8.22,8.31,8.18,8.31,2457.0,,欧盟排放配额1612,384705.0,8.26,8.31
2015-08-25,C1612,8.33,8.38,8.32,8.34,1954.0,,欧盟排放配额1612,385878.0,8.34,8.34
2015-08-26,C1612,8.36,8.44,8.19,8.21,1745.0,,欧盟排放配额1612,386936.0,8.19,8.21
2015-08-27,C1612,8.23,8.24,8.1,8.14,3382.0,,欧盟排放配额1612,389480.0,8.13,8.14
2015-08-28,C1612,8.16,8.19,8.15,8.19,3150.0,,欧盟排放配额1612,390986.0,8.2,8.19
2015-08-31,C1612,8.23,8.23,8.12,8.15,1129.0,,欧盟排放配额1612,391956.0,8.16,8.15
2015-09-01,C1612,8.15,8.15,8.05,8.1,832.0,,欧盟排放配额1612,392433.0,8.1,8.1
2015-09-02,C1612,8.06,8.21,8.06,8.2,3335.0,,欧盟排放配额1612,395433.0,8.21,8.2
2015-09-03,C1612,8.24,8.31,8.16,8.26,2172.0,,欧盟排放配额1612,396041.0,8.26,8.26
2015-09-04,C1612,8.27,8.27,8.16,8.16,476.0,,欧盟排放配额1612,396179.0,8.18,8.16
2015-09-07,C1612,8.14,8.19,8.12,8.18,1543.0,,欧盟排放配额1612,397109.0,8.17,8.18
2015-09-08,C1612,8.21,8.33,8.2,8.32,772.0,,欧盟排放配额1612,397589.0,8.33,8.32
2015-09-09,C1612,8.33,8.4,8.29,8.34,2172.0,,欧盟排放配额1612,399523.0,8.36,8.34
2015-09-10,C1612,8.38,8.41,8.34,8.37,1365.0,,欧盟排放配额1612,400364.0,8.37,8.37
2015-09-11,C1612,8.37,8.38,8.33,8.33,2064.0,,欧盟排放配额1612,402092.0,8.35,8.33
2015-09-14,C1612,8.36,8.37,8.32,8.33,898.0,,欧盟排放配额1612,402777.0,8.32,8.33
2015-09-15,C1612,8.33,8.33,8.27,8.28,2292.0,,欧盟排放配额1612,403916.0,8.26,8.28
2015-09-16,C1612,8.27,8.33,8.22,8.32,1050.0,,欧盟排放配额1612,404281.0,8.32,8.32
2015-09-17,C1612,8.31,8.31,8.29,8.31,240.0,,欧盟排放配额1612,404364.0,8.31,8.31
2015-09-18,C1612,8.31,8.31,8.19,8.19,758.0,,欧盟排放配额1612,404972.0,8.2,8.19
2015-09-21,C1612,8.17,8.2,8.07,8.07,1234.0,,欧盟排放配额1612,405622.0,8.07,8.07
2015-09-22,C1612,8.09,8.12,8.08,8.11,1925.0,,欧盟排放配额1612,406756.0,8.11,8.11
2015-09-23,C1612,8.12,8.19,8.12,8.16,3166.0,,欧盟排放配额1612,408103.0,8.16,8.16
2015-09-24,C1612,8.16,8.16,8.09,8.11,5824.0,,欧盟排放配额1612,408507.0,8.09,8.11
2015-09-25,C1612,8.08,8.09,8.04,8.09,2962.0,,欧盟排放配额1612,410323.0,8.08,8.09
2015-09-28,C1612,8.07,8.07,7.98,8.01,1344.0,,欧盟排放配额1612,410971.0,8.0,8.01
2015-09-29,C1612,8.0,8.06,7.96,8.05,3549.0,,欧盟排放配额1612,410688.0,8.05,8.05
2015-09-30,C1612,8.04,8.23,8.04,8.23,3049.0,,欧盟排放配额1612,410588.0,8.23,8.23
2015-10-01,C1612,8.22,8.32,8.22,8.25,1609.0,,欧盟排放配额1612,411135.0,8.25,8.25
2015-10-02,C1612,8.24,8.24,8.18,8.21,3283.0,,欧盟排放配额1612,411867.0,8.22,8.21
2015-10-05,C1612,8.2,8.3,8.12,8.25,1299.0,,欧盟排放配额1612,412096.0,8.28,8.25
2015-10-06,C1612,8.27,8.29,8.22,8.29,2699.0,,欧盟排放配额1612,411942.0,8.29,8.29
2015-10-07,C1612,8.29,8.29,8.14,8.16,1594.0,,欧盟排放配额1612,412502.0,8.18,8.16
2015-10-08,C1612,8.2,8.23,8.2,8.21,1134.0,,欧盟排放配额1612,412990.0,8.2,8.21
2015-10-09,C1612,8.21,8.44,8.21,8.42,6156.0,,欧盟排放配额1612,413478.0,8.42,8.42
2015-10-12,C1612,8.41,8.48,8.36,8.36,777.0,,欧盟排放配额1612,413662.0,8.37,8.36
2015-10-13,C1612,8.38,8.43,8.37,8.43,2230.0,,欧盟排放配额1612,414166.0,8.4,8.43
2015-10-14,C1612,8.42,8.52,8.38,8.5,2775.0,,欧盟排放配额1612,415911.0,8.51,8.5
2015-10-15,C1612,8.53,8.57,8.49,8.49,3193.0,,欧盟排放配额1612,417918.0,8.5,8.49
2015-10-16,C1612,8.48,8.49,8.43,8.47,3776.0,,欧盟排放配额1612,419061.0,8.45,8.47
2015-10-19,C1612,8.49,8.49,8.4,8.42,4025.0,,欧盟排放配额1612,419987.0,8.41,8.42
2015-10-20,C1612,8.41,8.53,8.39,8.53,4031.0,,欧盟排放配额1612,420007.0,8.53,8.53
2015-10-21,C1612,8.54,8.6,8.51,8.51,2271.0,,欧盟排放配额1612,419863.0,8.52,8.51
2015-10-22,C1612,8.5,8.55,8.5,8.54,6353.0,,欧盟排放配额1612,423046.0,8.55,8.54
2015-10-23,C1612,8.57,8.69,8.56,8.69,5051.0,,欧盟排放配额1612,424151.0,8.7,8.69
2015-10-26,C1612,8.7,8.73,8.61,8.73,2802.0,,欧盟排放配额1612,424931.0,8.72,8.73
2015-10-27,C1612,8.74,8.76,8.63,8.69,7937.0,,欧盟排放配额1612,424478.0,8.68,8.69
2015-10-28,C1612,8.7,8.7,8.61,8.66,10629.0,,欧盟排放配额1612,425488.0,8.64,8.66
2015-10-29,C1612,8.64,8.78,8.64,8.74,1615.0,,欧盟排放配额1612,425528.0,8.75,8.74
2015-10-30,C1612,8.73,8.76,8.69,8.71,1679.0,,欧盟排放配额1612,426673.0,8.71,8.71
2015-11-02,C1612,8.69,8.69,8.6,8.65,2115.0,,欧盟排放配额1612,427929.0,8.67,8.65
2015-11-03,C1612,8.64,8.68,8.47,8.53,5797.0,,欧盟排放配额1612,427935.0,8.53,8.53
2015-11-04,C1612,8.51,8.59,8.44,8.47,6002.0,,欧盟排放配额1612,426186.0,8.47,8.47
2015-11-05,C1612,8.48,8.55,8.48,8.52,6044.0,,欧盟排放配额1612,426199.0,8.54,8.52
2015-11-06,C1612,8.6,8.6,8.44,8.45,3382.0,,欧盟排放配额1612,426328.0,8.48,8.45
2015-11-09,C1612,8.44,8.46,8.39,8.4,4031.0,,欧盟排放配额1612,428297.0,8.39,8.4
2015-11-10,C1612,8.41,8.51,8.36,8.5,10133.0,,欧盟排放配额1612,428570.0,8.51,8.5
2015-11-11,C1612,8.53,8.56,8.44,8.51,6100.0,,欧盟排放配额1612,429212.0,8.51,8.51
2015-11-12,C1612,8.52,8.52,8.4,8.46,5395.0,,欧盟排放配额1612,429905.0,8.44,8.46
2015-11-13,C1612,8.46,8.48,8.42,8.48,3185.0,,欧盟排放配额1612,430971.0,8.46,8.48
2015-11-16,C1612,8.46,8.61,8.44,8.61,2475.0,,欧盟排放配额1612,431367.0,8.6,8.61
2015-11-17,C1612,8.57,8.7,8.55,8.7,5166.0,,欧盟排放配额1612,433232.0,8.69,8.7
2015-11-18,C1612,8.69,8.7,8.59,8.66,3693.0,,欧盟排放配额1612,434195.0,8.66,8.66
2015-11-19,C1612,8.65,8.71,8.64,8.7,2801.0,,欧盟排放配额1612,435973.0,8.7,8.7
2015-11-20,C1612,8.7,8.71,8.59,8.6,6824.0,,欧盟排放配额1612,437280.0,8.58,8.6
2015-11-23,C1612,8.62,8.65,8.55,8.65,7514.0,,欧盟排放配额1612,440792.0,8.63,8.65
2015-11-24,C1612,8.66,8.73,8.66,8.72,5395.0,,欧盟排放配额1612,444297.0,8.72,8.72
2015-11-25,C1612,8.72,8.74,8.65,8.7,6792.0,,欧盟排放配额1612,447080.0,8.7,8.7
2015-11-26,C1612,8.71,8.74,8.64,8.64,8486.0,,欧盟排放配额1612,453778.0,8.65,8.64
2015-11-27,C1612,8.64,8.67,8.61,8.65,2931.0,,欧盟排放配额1612,454885.0,8.65,8.65
2015-11-30,C1612,8.63,8.69,8.61,8.64,10810.0,,欧盟排放配额1612,459870.0,8.65,8.64
2015-12-01,C1612,8.66,8.66,8.58,8.64,6001.0,,欧盟排放配额1612,463499.0,8.63,8.64
2015-12-02,C1612,8.64,8.64,8.55,8.55,12844.0,,欧盟排放配额1612,468935.0,8.56,8.55
2015-12-03,C1612,8.55,8.68,8.5,8.64,16948.0,,欧盟排放配额1612,475398.0,8.67,8.64
2015-12-04,C1612,8.73,8.73,8.59,8.59,23956.0,,欧盟排放配额1612,490904.0,8.6,8.59
2015-12-07,C1612,8.6,8.6,8.48,8.49,19052.0,,欧盟排放配额1612,504630.0,8.48,8.49
2015-12-08,C1612,8.5,8.52,8.42,8.47,20403.0,,欧盟排放配额1612,514917.0,8.49,8.47
2015-12-09,C1612,8.52,8.52,8.4,8.47,13915.0,,欧盟排放配额1612,522531.0,8.48,8.47
2015-12-10,C1612,8.47,8.47,8.36,8.44,33849.0,,欧盟排放配额1612,536505.0,8.43,8.44
2015-12-11,C1612,8.42,8.42,8.01,8.13,28820.0,,欧盟排放配额1612,544549.0,8.14,8.13
2015-12-14,C1612,8.13,8.16,7.96,8.16,30324.0,,欧盟排放配额1612,556168.0,8.15,8.16
2015-12-15,C1612,8.17,8.28,8.08,8.28,11557.0,,欧盟排放配额1612,556811.0,8.26,8.28
2015-12-16,C1612,8.26,8.31,8.15,8.19,11063.0,,欧盟排放配额1612,557724.0,8.2,8.19
2015-12-17,C1612,8.17,8.24,8.11,8.16,13920.0,,欧盟排放配额1612,561396.0,8.14,8.16
2015-12-18,C1612,8.15,8.23,8.05,8.16,8325.0,,欧盟排放配额1612,560980.0,8.13,8.16
2015-12-21,C1612,8.15,8.28,8.08,8.27,5873.0,,欧盟排放配额1612,559969.0,8.26,8.27
2015-12-22,C1612,8.25,8.36,8.24,8.33,6057.0,,欧盟排放配额1612,558196.0,8.32,8.33
2015-12-23,C1612,8.35,8.38,8.26,8.29,3914.0,,欧盟排放配额1612,557274.0,8.29,8.29
2015-12-24,C1612,8.32,8.32,8.21,8.21,2259.0,,欧盟排放配额1612,558157.0,8.26,8.21
2015-12-28,C1612,8.28,8.4,8.28,8.4,1385.0,,欧盟排放配额1612,556222.0,8.38,8.4
2015-12-29,C1612,8.4,8.4,8.29,8.34,3416.0,,欧盟排放配额1612,555574.0,8.34,8.34
2015-12-30,C1612,8.33,8.33,8.26,8.28,3050.0,,欧盟排放配额1612,555037.0,8.28,8.28
2015-12-31,C1612,8.33,8.33,8.27,8.29,930.0,,欧盟排放配额1612,554695.0,8.29,8.29
2016-01-04,C1612,8.33,8.33,8.1,8.1,6712.0,,欧盟排放配额1612,555828.0,8.11,8.1
2016-01-05,C1612,8.14,8.15,8.02,8.07,6635.0,,欧盟排放配额1612,556017.0,8.06,8.07
2016-01-06,C1612,8.09,8.17,7.74,7.8,17552.0,,欧盟排放配额1612,556753.0,7.81,7.8
2016-01-07,C1612,7.78,7.82,7.4,7.6,26432.0,,欧盟排放配额1612,558998.0,7.6,7.6
2016-01-08,C1612,7.6,7.7,7.44,7.47,16850.0,,欧盟排放配额1612,557138.0,7.46,7.47
2016-01-11,C1612,7.45,7.6,7.11,7.18,20534.0,,欧盟排放配额1612,559573.0,7.17,7.18
2016-01-12,C1612,7.15,7.29,7.01,7.15,27473.0,,欧盟排放配额1612,559746.0,7.15,7.15
2016-01-13,C1612,7.19,7.38,7.16,7.26,23313.0,,欧盟排放配额1612,563820.0,7.29,7.26
2016-01-14,C1612,7.3,7.3,7.06,7.13,18914.0,,欧盟排放配额1612,561655.0,7.13,7.13
2016-01-15,C1612,7.08,7.15,6.63,6.7,26182.0,,欧盟排放配额1612,565166.0,6.72,6.7
2016-01-18,C1612,6.6,6.79,6.56,6.77,17152.0,,欧盟排放配额1612,562585.0,6.76,6.77
2016-01-19,C1612,6.8,6.95,6.74,6.88,17647.0,,欧盟排放配额1612,561241.0,6.86,6.88
2016-01-20,C1612,6.81,6.81,6.29,6.36,30518.0,,欧盟排放配额1612,562714.0,6.36,6.36
2016-01-21,C1612,6.36,6.43,5.87,6.21,38312.0,,欧盟排放配额1612,562169.0,6.21,6.21
2016-01-22,C1612,6.24,6.55,6.23,6.25,20104.0,,欧盟排放配额1612,560789.0,6.36,6.25
2016-01-25,C1612,6.35,7.1,5.72,5.89,29348.0,,欧盟排放配额1612,554727.0,5.91,5.89
2016-01-26,C1612,5.81,6.11,5.61,6.1,22129.0,,欧盟排放配额1612,556431.0,6.1,6.1
2016-01-27,C1612,6.1,6.12,5.79,5.93,20030.0,,欧盟排放配额1612,554299.0,5.93,5.93
2016-01-28,C1612,5.85,6.23,5.85,6.12,27136.0,,欧盟排放配额1612,553051.0,6.09,6.12
2016-01-29,C1612,6.17,6.28,5.99,6.07,23332.0,,欧盟排放配额1612,553909.0,6.07,6.07
2016-02-01,C1612,6.16,6.16,5.61,5.71,17253.0,,欧盟排放配额1612,551646.0,5.71,5.71
2016-02-02,C1612,5.68,5.85,5.46,5.85,23200.0,,欧盟排放配额1612,552749.0,5.84,5.85
2016-02-03,C1612,5.76,5.85,5.52,5.65,16274.0,,欧盟排放配额1612,551220.0,5.64,5.65
2016-02-04,C1612,5.7,5.85,5.55,5.63,15333.0,,欧盟排放配额1612,550324.0,5.62,5.63
2016-02-05,C1612,5.56,5.65,5.47,5.58,12752.0,,欧盟排放配额1612,549104.0,5.57,5.58
2016-02-08,C1612,5.57,5.57,5.15,5.23,19683.0,,欧盟排放配额1612,548049.0,5.25,5.23
2016-02-09,C1612,5.21,5.28,4.95,4.96,28245.0,,欧盟排放配额1612,550702.0,4.97,4.96
2016-02-10,C1612,4.95,4.99,4.69,4.92,29297.0,,欧盟排放配额1612,550976.0,4.89,4.92
2016-02-11,C1612,4.87,4.91,4.62,4.76,20830.0,,欧盟排放配额1612,547940.0,4.75,4.76
2016-02-12,C1612,4.79,5.17,4.7,5.05,22364.0,,欧盟排放配额1612,545660.0,5.07,5.05
2016-02-15,C1612,5.06,5.07,4.8,4.8,11577.0,,欧盟排放配额1612,547347.0,4.81,4.8
2016-02-16,C1612,4.87,4.95,4.64,4.7,18512.0,,欧盟排放配额1612,547503.0,4.7,4.7
2016-02-17,C1612,4.65,5.14,4.62,5.09,24635.0,,欧盟排放配额1612,546276.0,5.1,5.09
2016-02-18,C1612,5.15,5.39,5.11,5.28,27616.0,,欧盟排放配额1612,544776.0,5.26,5.28
2016-02-19,C1612,5.22,5.44,5.05,5.2,16807.0,,欧盟排放配额1612,546285.0,5.17,5.2
2016-02-22,C1612,5.24,5.49,5.19,5.44,23851.0,,欧盟排放配额1612,544684.0,5.42,5.44
2016-02-23,C1612,5.4,5.41,4.87,4.92,25578.0,,欧盟排放配额1612,548526.0,4.91,4.92
2016-02-24,C1612,4.9,4.96,4.67,4.89,18264.0,,欧盟排放配额1612,547237.0,4.87,4.89
2016-02-25,C1612,4.9,5.09,4.75,5.07,15371.0,,欧盟排放配额1612,547502.0,5.08,5.07
2016-02-26,C1612,5.1,5.24,4.94,5.0,13898.0,,欧盟排放配额1612,547772.0,5.0,5.0
2016-02-29,C1612,4.92,5.05,4.85,5.02,8653.0,,欧盟排放配额1612,548635.0,5.01,5.02
2016-03-01,C1612,4.99,5.12,4.92,5.02,13087.0,,欧盟排放配额1612,550104.0,5.0,5.02
2016-03-02,C1612,5.0,5.05,4.83,4.97,17413.0,,欧盟排放配额1612,550870.0,4.97,4.97
2016-03-03,C1612,4.95,4.98,4.77,4.91,12997.0,,欧盟排放配额1612,550621.0,4.9,4.91
2016-03-04,C1612,4.93,4.97,4.77,4.93,13538.0,,欧盟排放配额1612,550664.0,4.93,4.93
2016-03-07,C1612,4.94,5.11,4.88,5.1,15859.0,,欧盟排放配额1612,549867.0,5.1,5.1
2016-03-08,C1612,5.11,5.23,4.96,5.04,30932.0,,欧盟排放配额1612,550853.0,5.03,5.04
2016-03-09,C1612,5.02,5.15,4.94,5.09,13047.0,,欧盟排放配额1612,549346.0,5.09,5.09
2016-03-10,C1612,5.14,5.14,4.85,4.93,21258.0,,欧盟排放配额1612,553581.0,4.92,4.93
2016-03-11,C1612,4.88,5.08,4.88,5.0,8880.0,,欧盟排放配额1612,554082.0,5.0,5.0
2016-03-14,C1612,5.04,5.04,4.87,4.91,7825.0,,欧盟排放配额1612,554735.0,4.88,4.91
2016-03-15,C1612,4.87,4.9,4.77,4.88,11662.0,,欧盟排放配额1612,557060.0,4.87,4.88
2016-03-16,C1612,4.9,5.01,4.87,4.95,8765.0,,欧盟排放配额1612,558119.0,4.97,4.95
2016-03-17,C1612,4.95,5.04,4.89,5.02,14736.0,,欧盟排放配额1612,556459.0,5.01,5.02
2016-03-18,C1612,5.01,5.04,4.91,4.95,9718.0,,欧盟排放配额1612,556683.0,4.95,4.95
2016-03-21,C1612,4.95,4.95,4.83,4.89,8225.0,,欧盟排放配额1612,557380.0,4.88,4.89
2016-03-22,C1612,4.89,4.91,4.75,4.82,12576.0,,欧盟排放配额1612,557240.0,4.83,4.82
2016-03-23,C1612,4.81,4.83,4.7,4.83,11028.0,,欧盟排放配额1612,559824.0,4.81,4.83
2016-03-24,C1612,4.8,4.86,4.73,4.86,9550.0,,欧盟排放配额1612,558854.0,4.86,4.86
2016-03-28,C1612,,,,4.86,0.0,,欧盟排放配额1612,558854.0,4.86,4.86
2016-03-29,C1612,4.8,4.84,4.75,4.79,6234.0,,欧盟排放配额1612,559596.0,4.79,4.79
2016-03-30,C1612,4.77,5.0,4.75,5.0,10174.0,,欧盟排放配额1612,558954.0,4.97,5.0
2016-03-31,C1612,4.93,5.24,4.9,5.22,11433.0,,欧盟排放配额1612,558047.0,5.22,5.22
2016-04-01,C1612,5.18,5.35,4.91,5.17,17378.0,,欧盟排放配额1612,556789.0,5.18,5.17
2016-04-04,C1612,5.13,5.34,5.07,5.33,11846.0,,欧盟排放配额1612,555614.0,5.33,5.33
2016-04-05,C1612,5.3,5.33,5.18,5.25,14596.0,,欧盟排放配额1612,552925.0,5.24,5.25
2016-04-06,C1612,5.26,5.35,5.24,5.32,11076.0,,欧盟排放配额1612,551085.0,5.31,5.32
2016-04-07,C1612,5.33,5.37,5.21,5.27,8413.0,,欧盟排放配额1612,549903.0,5.28,5.27
2016-04-08,C1612,5.3,5.46,5.24,5.42,9605.0,,欧盟排放配额1612,551448.0,5.42,5.42
2016-04-11,C1612,5.39,5.62,5.36,5.58,17286.0,,欧盟排放配额1612,547194.0,5.58,5.58
2016-04-12,C1612,5.6,5.67,5.52,5.59,12381.0,,欧盟排放配额1612,547562.0,5.59,5.59
2016-04-13,C1612,5.61,5.63,5.46,5.54,9241.0,,欧盟排放配额1612,548068.0,5.54,5.54
2016-04-14,C1612,5.52,5.62,5.42,5.61,13846.0,,欧盟排放配额1612,545612.0,5.61,5.61
2016-04-15,C1612,5.56,5.62,5.44,5.45,12419.0,,欧盟排放配额1612,543966.0,5.48,5.45
2016-04-18,C1612,5.45,5.49,5.36,5.47,9832.0,,欧盟排放配额1612,544494.0,5.47,5.47
2016-04-19,C1612,5.47,5.58,5.46,5.56,12924.0,,欧盟排放配额1612,543011.0,5.57,5.56
2016-04-20,C1612,5.53,5.56,5.45,5.55,11188.0,,欧盟排放配额1612,540848.0,5.55,5.55
2016-04-21,C1612,5.57,5.79,5.57,5.77,17745.0,,欧盟排放配额1612,541885.0,5.75,5.77
2016-04-22,C1612,5.75,6.03,5.65,5.96,22583.0,,欧盟排放配额1612,541665.0,5.97,5.96
2016-04-25,C1612,5.95,6.09,5.88,5.89,15496.0,,欧盟排放配额1612,539820.0,5.9,5.89
2016-04-26,C1612,5.92,6.71,5.87,6.65,45065.0,,欧盟排放配额1612,538845.0,6.62,6.65
2016-04-27,C1612,6.66,7.07,6.45,6.81,34238.0,,欧盟排放配额1612,537302.0,6.84,6.81
2016-04-28,C1612,6.83,6.9,6.27,6.36,31253.0,,欧盟排放配额1612,537189.0,6.34,6.36
2016-04-29,C1612,6.37,6.5,6.13,6.14,41528.0,,欧盟排放配额1612,515599.0,6.18,6.14
2016-05-02,C1612,6.25,6.28,6.02,6.13,5936.0,,欧盟排放配额1612,515453.0,6.11,6.13
2016-05-03,C1612,6.15,6.15,5.83,6.0,23028.0,,欧盟排放配额1612,517907.0,5.99,6.0
2016-05-04,C1612,5.99,6.29,5.91,6.13,20594.0,,欧盟排放配额1612,517424.0,6.13,6.13
2016-05-05,C1612,6.17,6.55,6.11,6.21,17180.0,,欧盟排放配额1612,515808.0,6.2,6.21
2016-05-06,C1612,6.17,6.22,5.84,5.86,18573.0,,欧盟排放配额1612,514669.0,5.86,5.86
2016-05-09,C1612,5.94,6.07,5.69,5.71,16944.0,,欧盟排放配额1612,515100.0,5.7,5.71
2016-05-10,C1612,5.69,5.92,5.65,5.89,13139.0,,欧盟排放配额1612,515409.0,5.9,5.89
2016-05-11,C1612,5.92,6.04,5.81,6.04,12310.0,,欧盟排放配额1612,514002.0,6.02,6.04
2016-05-12,C1612,5.95,6.16,5.81,5.82,15888.0,,欧盟排放配额1612,513157.0,5.81,5.82
2016-05-13,C1612,5.81,5.89,5.72,5.86,11645.0,,欧盟排放配额1612,514520.0,5.85,5.86
2016-05-16,C1612,5.91,6.14,5.87,6.11,7926.0,,欧盟排放配额1612,515269.0,6.11,6.11
2016-05-17,C1612,6.09,6.23,5.93,6.05,15656.0,,欧盟排放配额1612,516673.0,6.05,6.05
2016-05-18,C1612,6.04,6.1,5.88,6.07,15436.0,,欧盟排放配额1612,515805.0,6.06,6.07
2016-05-19,C1612,6.01,6.01,5.85,6.01,13570.0,,欧盟排放配额1612,516464.0,6.0,6.01
2016-05-20,C1612,6.03,6.06,5.93,5.96,10051.0,,欧盟排放配额1612,518134.0,5.97,5.96
2016-05-23,C1612,5.95,5.95,5.7,5.78,11843.0,,欧盟排放配额1612,517894.0,5.74,5.78
2016-05-24,C1612,5.76,5.83,5.7,5.81,8915.0,,欧盟排放配额1612,516946.0,5.8,5.81
2016-05-25,C1612,5.82,5.92,5.7,5.87,13674.0,,欧盟排放配额1612,515968.0,5.87,5.87
2016-05-26,C1612,5.88,6.15,5.88,6.04,10014.0,,欧盟排放配额1612,515558.0,6.03,6.04
2016-05-27,C1612,6.01,6.09,5.91,6.08,10244.0,,欧盟排放配额1612,515220.0,6.04,6.08
2016-05-30,C1612,6.07,6.17,6.04,6.11,1883.0,,欧盟排放配额1612,515750.0,6.12,6.11
2016-05-31,C1612,6.12,6.18,6.03,6.1,11363.0,,欧盟排放配额1612,513803.0,6.1,6.1
2016-06-01,C1612,6.08,6.09,5.89,5.97,10802.0,,欧盟排放配额1612,512990.0,5.97,5.97
2016-06-02,C1612,5.97,6.08,5.95,6.04,9541.0,,欧盟排放配额1612,512240.0,6.03,6.04
2016-06-03,C1612,6.04,6.04,5.93,5.94,8422.0,,欧盟排放配额1612,509567.0,5.95,5.94
2016-06-06,C1612,5.98,6.29,5.94,6.21,15386.0,,欧盟排放配额1612,510165.0,6.21,6.21
2016-06-07,C1612,6.22,6.38,6.11,6.12,15555.0,,欧盟排放配额1612,508668.0,6.12,6.12
2016-06-08,C1612,6.14,6.21,6.04,6.1,13878.0,,欧盟排放配额1612,505752.0,6.11,6.1
2016-06-09,C1612,6.1,6.15,5.99,6.13,12456.0,,欧盟排放配额1612,505611.0,6.12,6.13
2016-06-10,C1612,6.12,6.12,5.92,5.97,13098.0,,欧盟排放配额1612,506250.0,5.96,5.97
2016-06-13,C1612,5.94,5.94,5.84,5.86,8235.0,,欧盟排放配额1612,507194.0,5.86,5.86
2016-06-14,C1612,5.86,5.9,5.74,5.87,12768.0,,欧盟排放配额1612,505876.0,5.86,5.87
2016-06-15,C1612,5.87,5.95,5.84,5.93,12152.0,,欧盟排放配额1612,508615.0,5.91,5.93
2016-06-16,C1612,5.87,5.88,5.7,5.72,14472.0,,欧盟排放配额1612,512702.0,5.71,5.72
2016-06-17,C1612,5.73,5.77,5.65,5.67,17755.0,,欧盟排放配额1612,515868.0,5.67,5.67
2016-06-20,C1612,5.68,5.95,5.68,5.87,13701.0,,欧盟排放配额1612,517470.0,5.86,5.87
2016-06-21,C1612,5.87,5.87,5.53,5.54,17997.0,,欧盟排放配额1612,521185.0,5.56,5.54
2016-06-22,C1612,5.58,5.72,5.5,5.72,14001.0,,欧盟排放配额1612,523258.0,5.69,5.72
2016-06-23,C1612,5.74,5.77,5.56,5.68,9133.0,,欧盟排放配额1612,524957.0,5.65,5.68
2016-06-24,C1612,5.24,5.24,4.69,4.98,30169.0,,欧盟排放配额1612,525756.0,4.96,4.98
2016-06-27,C1612,4.96,5.15,4.76,4.79,17512.0,,欧盟排放配额1612,527148.0,4.77,4.79
2016-06-28,C1612,4.77,4.93,4.67,4.69,14384.0,,欧盟排放配额1612,527171.0,4.69,4.69
2016-06-29,C1612,4.69,4.7,4.34,4.55,22902.0,,欧盟排放配额1612,528934.0,4.52,4.55
2016-06-30,C1612,4.52,4.65,4.46,4.46,11310.0,,欧盟排放配额1612,529063.0,4.47,4.46
2016-07-01,C1612,4.46,4.72,4.28,4.63,20648.0,,欧盟排放配额1612,529743.0,4.62,4.63
2016-07-04,C1612,4.64,5.05,4.61,4.97,16550.0,,欧盟排放配额1612,527117.0,4.97,4.97
2016-07-05,C1612,4.93,4.95,4.68,4.7,14562.0,,欧盟排放配额1612,526999.0,4.71,4.7
2016-07-06,C1612,4.67,4.76,4.46,4.59,13404.0,,欧盟排放配额1612,526312.0,4.59,4.59
2016-07-07,C1612,4.61,4.74,4.55,4.62,15908.0,,欧盟排放配额1612,523073.0,4.58,4.62
2016-07-08,C1612,4.58,4.59,4.44,4.58,12447.0,,欧盟排放配额1612,522697.0,4.55,4.58
2016-07-11,C1612,4.59,4.62,4.41,4.44,14911.0,,欧盟排放配额1612,521790.0,4.43,4.44
2016-07-12,C1612,4.4,4.67,4.36,4.64,16867.0,,欧盟排放配额1612,522388.0,4.63,4.64
2016-07-13,C1612,4.66,4.86,4.54,4.79,16436.0,,欧盟排放配额1612,521318.0,4.79,4.79
2016-07-14,C1612,4.8,4.95,4.72,4.78,11835.0,,欧盟排放配额1612,522366.0,4.78,4.78
2016-07-15,C1612,4.78,4.98,4.63,4.98,13486.0,,欧盟排放配额1612,522064.0,4.93,4.98
2016-07-18,C1612,4.98,5.08,4.83,4.85,13182.0,,欧盟排放配额1612,521667.0,4.85,4.85
2016-07-19,C1612,4.86,4.9,4.66,4.68,9967.0,,欧盟排放配额1612,522536.0,4.67,4.68
2016-07-20,C1612,4.7,4.75,4.58,4.68,12468.0,,欧盟排放配额1612,524524.0,4.69,4.68
2016-07-21,C1612,4.72,4.75,4.65,4.66,7239.0,,欧盟排放配额1612,525004.0,4.66,4.66
2016-07-22,C1612,4.67,4.69,4.54,4.56,10576.0,,欧盟排放配额1612,525436.0,4.57,4.56
2016-07-25,C1612,4.54,4.62,4.52,4.6,6194.0,,欧盟排放配额1612,526091.0,4.6,4.6
2016-07-26,C1612,4.6,4.62,4.51,4.51,10715.0,,欧盟排放配额1612,526489.0,4.52,4.51
2016-07-27,C1612,4.52,4.58,4.48,4.54,10941.0,,欧盟排放配额1612,527045.0,4.54,4.54
2016-07-28,C1612,4.55,4.65,4.48,4.5,14653.0,,欧盟排放配额1612,528892.0,4.49,4.5
2016-07-29,C1612,4.53,4.53,4.36,4.43,10978.0,,欧盟排放配额1612,527289.0,4.43,4.43
2016-08-01,C1612,4.47,4.49,4.38,4.38,5050.0,,欧盟排放配额1612,528679.0,4.38,4.38
2016-08-02,C1612,4.42,4.43,4.3,4.43,7166.0,,欧盟排放配额1612,529032.0,4.42,4.43
2016-08-03,C1612,4.4,4.65,4.37,4.6,8802.0,,欧盟排放配额1612,528243.0,4.64,4.6
2016-08-04,C1612,4.63,4.73,4.55,4.7,11154.0,,欧盟排放配额1612,526459.0,4.7,4.7
2016-08-05,C1612,4.66,4.85,4.65,4.75,11428.0,,欧盟排放配额1612,528669.0,4.73,4.75
2016-08-08,C1612,4.73,4.96,4.67,4.95,8136.0,,欧盟排放配额1612,528307.0,4.95,4.95
2016-08-09,C1612,4.92,4.97,4.8,4.89,11340.0,,欧盟排放配额1612,528064.0,4.88,4.89
2016-08-10,C1612,4.87,4.88,4.75,4.79,11170.0,,欧盟排放配额1612,528862.0,4.77,4.79
2016-08-11,C1612,4.8,4.89,4.72,4.89,7773.0,,欧盟排放配额1612,529893.0,4.88,4.89
2016-08-12,C1612,4.88,4.93,4.85,4.9,4503.0,,欧盟排放配额1612,530143.0,4.9,4.9
2016-08-15,C1612,4.91,4.93,4.75,4.81,6294.0,,欧盟排放配额1612,528399.0,4.81,4.81
2016-08-16,C1612,4.79,4.85,4.69,4.7,6629.0,,欧盟排放配额1612,528663.0,4.7,4.7
2016-08-17,C1612,4.72,4.73,4.47,4.47,8790.0,,欧盟排放配额1612,529990.0,4.49,4.47
2016-08-18,C1612,4.49,4.7,4.46,4.69,8485.0,,欧盟排放配额1612,525531.0,4.69,4.69
2016-08-19,C1612,4.69,4.85,4.64,4.78,8397.0,,欧盟排放配额1612,525291.0,4.77,4.78
2016-08-22,C1612,4.75,4.91,4.7,4.91,5665.0,,欧盟排放配额1612,526981.0,4.9,4.91
2016-08-23,C1612,4.91,4.95,4.65,4.66,9288.0,,欧盟排放配额1612,525758.0,4.71,4.66
2016-08-24,C1612,4.71,4.75,4.55,4.61,7727.0,,欧盟排放配额1612,525815.0,4.61,4.61
2016-08-25,C1612,4.64,4.73,4.58,4.72,3420.0,,欧盟排放配额1612,525306.0,4.71,4.72
2016-08-26,C1612,4.73,4.76,4.67,4.72,3322.0,,欧盟排放配额1612,525969.0,4.7,4.72
2016-08-29,C1612,4.73,4.73,4.66,4.71,1069.0,,欧盟排放配额1612,526202.0,4.7,4.71
2016-08-30,C1612,4.73,4.78,4.53,4.53,7417.0,,欧盟排放配额1612,527644.0,4.55,4.53
2016-08-31,C1612,4.57,4.62,4.4,4.49,11799.0,,欧盟排放配额1612,527957.0,4.47,4.49
2016-09-01,C1612,4.47,4.53,4.36,4.38,6973.0,,欧盟排放配额1612,528616.0,4.38,4.38
2016-09-02,C1612,4.41,4.41,3.89,4.09,18539.0,,欧盟排放配额1612,529149.0,4.08,4.09
2016-09-05,C1612,4.13,4.15,3.87,3.95,11615.0,,欧盟排放配额1612,528263.0,3.93,3.95
2016-09-06,C1612,3.97,4.17,3.9,4.13,9465.0,,欧盟排放配额1612,527737.0,4.13,4.13
2016-09-07,C1612,4.17,4.17,3.95,4.01,9464.0,,欧盟排放配额1612,527856.0,4.01,4.01
2016-09-08,C1612,4.04,4.08,3.96,4.07,9011.0,,欧盟排放配额1612,527667.0,4.08,4.07
2016-09-09,C1612,4.08,4.15,4.02,4.08,6877.0,,欧盟排放配额1612,528251.0,4.08,4.08
2016-09-12,C1612,4.1,4.12,3.94,4.03,7158.0,,欧盟排放配额1612,528442.0,4.03,4.03
2016-09-13,C1612,4.06,4.07,3.98,4.02,6272.0,,欧盟排放配额1612,528663.0,4.03,4.02
2016-09-14,C1612,4.03,4.08,3.96,3.99,6929.0,,欧盟排放配额1612,530522.0,3.98,3.99
2016-09-15,C1612,4.0,4.16,3.95,4.16,8270.0,,欧盟排放配额1612,532176.0,4.14,4.16
2016-09-16,C1612,4.13,4.47,4.13,4.36,14064.0,,欧盟排放配额1612,531774.0,4.36,4.36
2016-09-19,C1612,4.4,4.45,4.2,4.4,13178.0,,欧盟排放配额1612,531131.0,4.4,4.4
2016-09-20,C1612,4.39,4.4,4.15,4.18,11780.0,,欧盟排放配额1612,530368.0,4.16,4.18
2016-09-21,C1612,4.2,4.25,4.08,4.21,8828.0,,欧盟排放配额1612,528869.0,4.21,4.21
2016-09-22,C1612,4.23,4.46,4.23,4.42,14233.0,,欧盟排放配额1612,528835.0,4.42,4.42
2016-09-23,C1612,4.38,4.69,4.33,4.52,14176.0,,欧盟排放配额1612,525487.0,4.54,4.52
2016-09-26,C1612,4.55,4.71,4.48,4.61,10016.0,,欧盟排放配额1612,524873.0,4.62,4.61
2016-09-27,C1612,4.61,4.65,4.41,4.45,12726.0,,欧盟排放配额1612,524203.0,4.43,4.45
2016-09-28,C1612,4.46,5.02,4.46,4.95,26343.0,,欧盟排放配额1612,519577.0,4.95,4.95
2016-09-29,C1612,4.99,5.37,4.92,5.04,22048.0,,欧盟排放配额1612,519192.0,5.02,5.04
2016-09-30,C1612,5.03,5.12,4.82,4.97,14855.0,,欧盟排放配额1612,518483.0,4.96,4.97
2016-10-03,C1612,5.02,5.39,5.02,5.32,15252.0,,欧盟排放配额1612,517658.0,5.31,5.32
2016-10-04,C1612,5.36,5.36,5.11,5.22,11912.0,,欧盟排放配额1612,517929.0,5.21,5.22
2016-10-05,C1612,5.33,5.52,5.24,5.48,16620.0,,欧盟排放配额1612,518431.0,5.48,5.48
2016-10-06,C1612,5.44,6.09,5.43,5.84,28432.0,,欧盟排放配额1612,514456.0,5.86,5.84
2016-10-07,C1612,5.86,5.96,5.52,5.7,16261.0,,欧盟排放配额1612,514397.0,5.69,5.7
2016-10-10,C1612,5.72,5.75,5.47,5.67,11879.0,,欧盟排放配额1612,514611.0,5.66,5.67
2016-10-11,C1612,5.69,5.74,5.39,5.44,11454.0,,欧盟排放配额1612,514120.0,5.43,5.44
2016-10-12,C1612,5.44,5.6,5.38,5.53,10554.0,,欧盟排放配额1612,513989.0,5.52,5.53
2016-10-13,C1612,5.56,5.74,5.52,5.64,10163.0,,欧盟排放配额1612,513633.0,5.65,5.64
2016-10-14,C1612,5.68,5.85,5.65,5.81,10132.0,,欧盟排放配额1612,513485.0,5.81,5.81
2016-10-17,C1612,5.82,6.04,5.82,5.86,10158.0,,欧盟排放配额1612,514674.0,5.87,5.86
2016-10-18,C1612,5.91,6.14,5.81,5.95,13539.0,,欧盟排放配额1612,513555.0,5.95,5.95
2016-10-19,C1612,5.98,6.06,5.66,5.68,16302.0,,欧盟排放配额1612,513800.0,5.67,5.68
2016-10-20,C1612,5.67,5.78,5.5,5.59,10706.0,,欧盟排放配额1612,513931.0,5.58,5.59
2016-10-21,C1612,5.5,5.95,5.48,5.88,10094.0,,欧盟排放配额1612,512936.0,5.89,5.88
2016-10-24,C1612,5.88,5.98,5.79,5.81,7817.0,,欧盟排放配额1612,511370.0,5.81,5.81
2016-10-25,C1612,5.83,5.96,5.62,5.79,10526.0,,欧盟排放配额1612,511975.0,5.81,5.79
2016-10-26,C1612,5.84,6.04,5.84,5.94,12564.0,,欧盟排放配额1612,510796.0,5.94,5.94
2016-10-27,C1612,5.92,5.97,5.75,5.82,12869.0,,欧盟排放配额1612,512170.0,5.81,5.82
2016-10-28,C1612,5.82,5.91,5.71,5.91,7247.0,,欧盟排放配额1612,512150.0,5.88,5.91
2016-10-31,C1612,5.86,5.93,5.76,5.91,12856.0,,欧盟排放配额1612,504681.0,5.9,5.91
2016-11-01,C1612,5.91,6.07,5.91,6.04,12744.0,,欧盟排放配额1612,499058.0,6.03,6.04
2016-11-02,C1612,6.06,6.27,5.86,6.26,17464.0,,欧盟排放配额1612,500078.0,6.24,6.26
2016-11-03,C1612,6.22,6.62,6.16,6.5,19902.0,,欧盟排放配额1612,500219.0,6.5,6.5
2016-11-04,C1612,6.47,6.57,6.38,6.43,10334.0,,欧盟排放配额1612,501257.0,6.41,6.43
2016-11-07,C1612,6.39,6.6,6.14,6.23,12978.0,,欧盟排放配额1612,498335.0,6.23,6.23
2016-11-08,C1612,6.23,6.25,5.97,6.14,14480.0,,欧盟排放配额1612,498224.0,6.15,6.14
2016-11-09,C1612,5.94,6.16,5.82,6.12,12584.0,,欧盟排放配额1612,497225.0,6.13,6.12
2016-11-10,C1612,6.15,6.15,5.88,5.92,9951.0,,欧盟排放配额1612,498434.0,5.92,5.92
2016-11-11,C1612,5.99,6.01,5.66,5.67,16129.0,,欧盟排放配额1612,500572.0,5.67,5.67
2016-11-14,C1612,5.67,5.72,5.37,5.43,15932.0,,欧盟排放配额1612,504059.0,5.41,5.43
2016-11-15,C1612,5.44,5.76,5.42,5.74,13618.0,,欧盟排放配额1612,503443.0,5.74,5.74
2016-11-16,C1612,5.64,5.86,5.47,5.56,12901.0,,欧盟排放配额1612,504663.0,5.55,5.56
2016-11-17,C1612,5.55,5.93,5.52,5.9,20513.0,,欧盟排放配额1612,506235.0,5.9,5.9
2016-11-18,C1612,5.83,5.88,5.52,5.6,11801.0,,欧盟排放配额1612,505327.0,5.58,5.6
2016-11-21,C1612,5.58,5.58,5.31,5.53,11095.0,,欧盟排放配额1612,507694.0,5.48,5.53
2016-11-22,C1612,5.5,5.54,5.43,5.52,18475.0,,欧盟排放配额1612,498098.0,5.51,5.52
2016-11-23,C1612,5.48,5.64,5.35,5.39,11282.0,,欧盟排放配额1612,500699.0,5.39,5.39
2016-11-24,C1612,5.41,5.42,5.21,5.34,11485.0,,欧盟排放配额1612,500024.0,5.34,5.34
2016-11-25,C1612,5.28,5.3,4.94,5.0,23828.0,,欧盟排放配额1612,489442.0,5.0,5.0
2016-11-28,C1612,4.94,5.1,4.64,4.75,17402.0,,欧盟排放配额1612,491070.0,4.74,4.75
2016-11-29,C1612,4.71,4.79,4.41,4.56,21228.0,,欧盟排放配额1612,487735.0,4.56,4.56
2016-11-30,C1612,4.49,4.81,4.35,4.61,17120.0,,欧盟排放配额1612,486609.0,4.58,4.61
2016-12-01,C1612,4.62,4.65,4.4,4.46,15010.0,,欧盟排放配额1612,482980.0,4.46,4.46
2016-12-02,C1612,4.44,4.5,4.25,4.3,23480.0,,欧盟排放配额1612,473083.0,4.3,4.3
2016-12-05,C1612,4.27,4.45,3.97,4.34,24285.0,,欧盟排放配额1612,468151.0,4.37,4.34
2016-12-06,C1612,4.29,4.54,4.03,4.5,21128.0,,欧盟排放配额1612,464988.0,4.5,4.5
2016-12-07,C1612,4.49,4.62,4.27,4.31,19241.0,,欧盟排放配额1612,459166.0,4.3,4.31
2016-12-08,C1612,4.27,4.65,4.24,4.6,16605.0,,欧盟排放配额1612,454801.0,4.61,4.6
2016-12-09,C1612,4.61,4.78,4.44,4.46,16994.0,,欧盟排放配额1612,452022.0,4.46,4.46
2016-12-12,C1612,4.51,4.89,4.49,4.86,21021.0,,欧盟排放配额1612,449246.0,4.87,4.86
2016-12-13,C1612,4.84,4.92,4.7,4.77,23833.0,,欧盟排放配额1612,449155.0,4.79,4.77
2016-12-14,C1612,5.03,5.19,4.88,5.01,25669.0,,欧盟排放配额1612,440490.0,5.01,5.01
2016-12-15,C1612,5.01,5.14,4.79,4.8,20358.0,,欧盟排放配额1612,434655.0,4.84,4.8
2016-12-16,C1612,4.84,5.0,4.57,4.9,22861.0,,欧盟排放配额1612,428527.0,4.93,4.9
2016-12-19,C1612,4.96,5.22,4.93,5.1,16867.0,,欧盟排放配额1612,417270.0,5.09,5.1
