date,symbol,open,high,low,close,volume,amount,name,openinterest,settleprice,price
2016-07-15,C1707,1500.0,1560.0,1500.0,1560.0,14.0,21.71,玉米1707,14.0,1550.0,1560.0
2016-07-18,C1707,1557.0,1557.0,1528.0,1530.0,74.0,113.58,玉米1707,56.0,1534.0,1530.0
2016-07-19,C1707,1530.0,1530.0,1511.0,1511.0,38.0,57.71,玉米1707,70.0,1518.0,1511.0
2016-07-20,C1707,1513.0,1523.0,1493.0,1523.0,40.0,60.48,玉米1707,92.0,1511.0,1523.0
2016-07-21,C1707,1509.0,1524.0,1509.0,1515.0,24.0,36.42,玉米1707,94.0,1517.0,1515.0
2016-07-22,C1707,1511.0,1515.0,1507.0,1507.0,8.0,12.1,玉米1707,98.0,1512.0,1507.0
2016-07-25,C1707,1485.0,1515.0,1485.0,1510.0,34.0,51.33,玉米1707,120.0,1509.0,1510.0
2016-07-26,C1707,1503.0,1517.0,1503.0,1517.0,4.0,6.04,玉米1707,120.0,1510.0,1517.0
2016-07-27,C1707,1509.0,1509.0,1497.0,1497.0,4.0,6.02,玉米1707,120.0,1503.0,1497.0
2016-07-28,C1707,1492.0,1510.0,1492.0,1501.0,12.0,18.02,玉米1707,126.0,1501.0,1501.0
2016-07-29,C1707,0.0,0.0,0.0,1493.0,0.0,0.0,玉米1707,126.0,1493.0,1493.0
2016-08-01,C1707,1498.0,1498.0,1488.0,1495.0,6.0,8.97,玉米1707,124.0,1493.0,1495.0
2016-08-02,C1707,1459.0,1489.0,1459.0,1485.0,34.0,50.4,玉米1707,124.0,1482.0,1485.0
2016-08-03,C1707,1481.0,1498.0,1481.0,1498.0,14.0,20.9,玉米1707,130.0,1492.0,1498.0
2016-08-04,C1707,1499.0,1514.0,1499.0,1514.0,52.0,78.27,玉米1707,174.0,1505.0,1514.0
2016-08-05,C1707,1512.0,1518.0,1506.0,1507.0,16.0,24.17,玉米1707,176.0,1510.0,1507.0
2016-08-08,C1707,1499.0,1506.0,1497.0,1497.0,16.0,24.0,玉米1707,176.0,1499.0,1497.0
2016-08-09,C1707,1509.0,1509.0,1491.0,1491.0,12.0,17.99,玉米1707,182.0,1498.0,1491.0
2016-08-10,C1707,1500.0,1509.0,1500.0,1502.0,22.0,33.09,玉米1707,190.0,1503.0,1502.0
2016-08-11,C1707,1500.0,1505.0,1500.0,1505.0,4.0,6.01,玉米1707,190.0,1502.0,1505.0
2016-08-12,C1707,1509.0,1512.0,1500.0,1509.0,38.0,57.29,玉米1707,194.0,1507.0,1509.0
2016-08-15,C1707,1501.0,1527.0,1501.0,1522.0,46.0,69.97,玉米1707,176.0,1520.0,1522.0
2016-08-16,C1707,1551.0,1551.0,1494.0,1526.0,120.0,184.74,玉米1707,220.0,1539.0,1526.0
2016-08-17,C1707,1535.0,1542.0,1526.0,1537.0,52.0,79.94,玉米1707,238.0,1537.0,1537.0
2016-08-18,C1707,1544.0,1544.0,1516.0,1522.0,326.0,496.58,玉米1707,480.0,1523.0,1522.0
2016-08-19,C1707,1521.0,1521.0,1512.0,1520.0,26.0,39.51,玉米1707,490.0,1519.0,1520.0
2016-08-22,C1707,1515.0,1526.0,1508.0,1508.0,290.0,440.47,玉米1707,704.0,1518.0,1508.0
2016-08-23,C1707,1499.0,1506.0,1488.0,1499.0,456.0,684.3,玉米1707,1018.0,1500.0,1499.0
2016-08-24,C1707,1515.0,1516.0,1488.0,1497.0,40.0,59.87,玉米1707,1044.0,1496.0,1497.0
2016-08-25,C1707,1497.0,1503.0,1493.0,1503.0,216.0,322.57,玉米1707,1048.0,1493.0,1503.0
2016-08-26,C1707,1489.0,1500.0,1489.0,1496.0,74.0,110.75,玉米1707,1086.0,1496.0,1496.0
2016-08-29,C1707,1490.0,1503.0,1489.0,1491.0,424.0,632.53,玉米1707,1398.0,1491.0,1491.0
2016-08-30,C1707,1519.0,1519.0,1480.0,1484.0,384.0,570.82,玉米1707,1694.0,1486.0,1484.0
2016-08-31,C1707,1485.0,1487.0,1481.0,1481.0,40.0,59.34,玉米1707,1692.0,1483.0,1481.0
2016-09-01,C1707,1452.0,1499.0,1452.0,1476.0,104.0,154.31,玉米1707,1690.0,1483.0,1476.0
2016-09-02,C1707,1494.0,1494.0,1483.0,1487.0,56.0,83.27,玉米1707,1688.0,1486.0,1487.0
2016-09-05,C1707,1484.0,1484.0,1442.0,1458.0,376.0,550.11,玉米1707,1738.0,1463.0,1458.0
2016-09-06,C1707,1460.0,1466.0,1453.0,1459.0,176.0,257.04,玉米1707,1742.0,1460.0,1459.0
2016-09-07,C1707,1460.0,1464.0,1460.0,1464.0,82.0,119.88,玉米1707,1742.0,1461.0,1464.0
2016-09-08,C1707,1468.0,1468.0,1460.0,1463.0,16.0,23.42,玉米1707,1742.0,1463.0,1463.0
2016-09-09,C1707,1458.0,1468.0,1458.0,1466.0,36.0,52.73,玉米1707,1744.0,1464.0,1466.0
2016-09-12,C1707,1460.0,1460.0,1455.0,1456.0,32.0,46.63,玉米1707,1744.0,1456.0,1456.0
2016-09-13,C1707,1460.0,1478.0,1460.0,1474.0,136.0,199.59,玉米1707,1706.0,1467.0,1474.0
2016-09-14,C1707,1463.0,1468.0,1461.0,1464.0,100.0,146.28,玉米1707,1778.0,1462.0,1464.0
2016-09-19,C1707,1462.0,1468.0,1459.0,1466.0,152.0,222.6,玉米1707,1798.0,1464.0,1466.0
2016-09-20,C1707,1452.0,1492.0,1452.0,1478.0,386.0,571.99,玉米1707,1940.0,1481.0,1478.0
2016-09-21,C1707,1475.0,1475.0,1453.0,1453.0,82.0,119.7,玉米1707,1930.0,1459.0,1453.0
2016-09-22,C1707,1456.0,1460.0,1448.0,1449.0,84.0,122.09,玉米1707,1982.0,1453.0,1449.0
2016-09-23,C1707,1441.0,1457.0,1441.0,1451.0,62.0,89.91,玉米1707,2020.0,1450.0,1451.0
2016-09-26,C1707,1447.0,1460.0,1444.0,1449.0,514.0,750.12,玉米1707,1916.0,1459.0,1449.0
2016-09-27,C1707,1448.0,1454.0,1437.0,1437.0,136.0,196.47,玉米1707,1960.0,1444.0,1437.0
2016-09-28,C1707,1438.0,1440.0,1428.0,1429.0,208.0,297.86,玉米1707,2088.0,1431.0,1429.0
2016-09-29,C1707,1428.0,1440.0,1425.0,1430.0,144.0,205.68,玉米1707,2164.0,1428.0,1430.0
2016-09-30,C1707,1426.0,1431.0,1424.0,1430.0,52.0,74.24,玉米1707,2140.0,1427.0,1430.0
2016-10-10,C1707,1440.0,1463.0,1440.0,1457.0,278.0,401.99,玉米1707,1954.0,1445.0,1457.0
2016-10-11,C1707,1459.0,1464.0,1453.0,1464.0,18.0,26.28,玉米1707,1956.0,1459.0,1464.0
2016-10-12,C1707,1464.0,1468.0,1458.0,1462.0,354.0,518.04,玉米1707,2152.0,1463.0,1462.0
2016-10-13,C1707,1464.0,1470.0,1461.0,1466.0,94.0,137.63,玉米1707,2134.0,1464.0,1466.0
2016-10-14,C1707,1471.0,1478.0,1467.0,1475.0,98.0,144.31,玉米1707,2074.0,1472.0,1475.0
2016-10-17,C1707,1483.0,1490.0,1470.0,1475.0,100.0,147.79,玉米1707,2078.0,1477.0,1475.0
2016-10-18,C1707,1468.0,1485.0,1467.0,1485.0,20.0,29.47,玉米1707,2074.0,1473.0,1485.0
2016-10-19,C1707,1489.0,1490.0,1476.0,1481.0,70.0,103.98,玉米1707,2092.0,1485.0,1481.0
2016-10-20,C1707,1499.0,1515.0,1494.0,1507.0,272.0,409.83,玉米1707,2162.0,1506.0,1507.0
2016-10-21,C1707,1495.0,1507.0,1495.0,1500.0,130.0,194.93,玉米1707,2076.0,1499.0,1500.0
2016-10-24,C1707,1507.0,1515.0,1505.0,1508.0,370.0,558.77,玉米1707,1918.0,1510.0,1508.0
2016-10-25,C1707,1503.0,1513.0,1496.0,1497.0,154.0,231.85,玉米1707,1944.0,1505.0,1497.0
2016-10-26,C1707,1560.0,1560.0,1482.0,1513.0,38.0,57.14,玉米1707,1956.0,1503.0,1513.0
2016-10-27,C1707,1521.0,1537.0,1516.0,1527.0,76.0,115.8,玉米1707,1964.0,1523.0,1527.0
2016-10-28,C1707,1511.0,1522.0,1511.0,1521.0,56.0,84.99,玉米1707,1950.0,1517.0,1521.0
2016-10-31,C1707,1510.0,1519.0,1506.0,1516.0,166.0,251.4,玉米1707,1954.0,1514.0,1516.0
2016-11-01,C1707,1509.0,1517.0,1509.0,1512.0,266.0,401.92,玉米1707,1782.0,1510.0,1512.0
2016-11-02,C1707,1512.0,1519.0,1503.0,1511.0,26.0,39.24,玉米1707,1782.0,1509.0,1511.0
2016-11-03,C1707,1517.0,1519.0,1513.0,1516.0,148.0,224.6,玉米1707,1730.0,1517.0,1516.0
2016-11-04,C1707,1519.0,1527.0,1504.0,1504.0,80.0,121.39,玉米1707,1728.0,1517.0,1504.0
2016-11-07,C1707,1520.0,1523.0,1514.0,1522.0,80.0,121.37,玉米1707,1694.0,1517.0,1522.0
2016-11-08,C1707,1528.0,1571.0,1528.0,1554.0,216.0,335.5,玉米1707,1744.0,1553.0,1554.0
2016-11-09,C1707,1561.0,1561.0,1541.0,1545.0,78.0,120.7,玉米1707,1732.0,1547.0,1545.0
2016-11-10,C1707,1569.0,1579.0,1553.0,1579.0,118.0,185.1,玉米1707,1728.0,1568.0,1579.0
2016-11-11,C1707,1588.0,1607.0,1581.0,1597.0,266.0,422.83,玉米1707,1698.0,1589.0,1597.0
2016-11-14,C1707,1530.0,1602.0,1530.0,1575.0,158.0,249.92,玉米1707,1656.0,1581.0,1575.0
2016-11-15,C1707,1599.0,1599.0,1561.0,1572.0,70.0,110.37,玉米1707,1650.0,1576.0,1572.0
2016-11-16,C1707,1582.0,1582.0,1561.0,1572.0,26.0,40.84,玉米1707,1648.0,1570.0,1572.0
2016-11-17,C1707,1565.0,1571.0,1562.0,1566.0,36.0,56.44,玉米1707,1654.0,1567.0,1566.0
2016-11-18,C1707,1579.0,1579.0,1564.0,1564.0,36.0,56.53,玉米1707,1652.0,1570.0,1564.0
2016-11-21,C1707,1552.0,1569.0,1552.0,1569.0,58.0,90.79,玉米1707,1670.0,1565.0,1569.0
2016-11-22,C1707,1576.0,1588.0,1574.0,1574.0,90.0,142.06,玉米1707,1630.0,1578.0,1574.0
2016-11-23,C1707,1580.0,1581.0,1573.0,1573.0,36.0,56.82,玉米1707,1626.0,1578.0,1573.0
2016-11-24,C1707,1562.0,1570.0,1552.0,1552.0,42.0,65.63,玉米1707,1624.0,1562.0,1552.0
2016-11-25,C1707,1567.0,1567.0,1530.0,1531.0,206.0,316.34,玉米1707,1628.0,1535.0,1531.0
2016-11-28,C1707,1537.0,1555.0,1537.0,1552.0,76.0,117.61,玉米1707,1648.0,1547.0,1552.0
2016-11-29,C1707,1554.0,1565.0,1553.0,1565.0,126.0,196.09,玉米1707,1574.0,1556.0,1565.0
2016-11-30,C1707,1556.0,1568.0,1549.0,1559.0,36.0,56.1,玉米1707,1572.0,1558.0,1559.0
2016-12-01,C1707,1559.0,1572.0,1559.0,1565.0,88.0,137.76,玉米1707,1530.0,1565.0,1565.0
2016-12-02,C1707,1571.0,1582.0,1571.0,1582.0,174.0,274.22,玉米1707,1520.0,1575.0,1582.0
2016-12-05,C1707,1591.0,1609.0,1586.0,1599.0,104.0,166.19,玉米1707,1510.0,1597.0,1599.0
2016-12-06,C1707,1613.0,1620.0,1587.0,1588.0,140.0,223.89,玉米1707,1576.0,1599.0,1588.0
2016-12-07,C1707,1565.0,1596.0,1565.0,1596.0,44.0,69.98,玉米1707,1580.0,1590.0,1596.0
2016-12-08,C1707,1580.0,1587.0,1564.0,1572.0,36.0,56.77,玉米1707,1588.0,1576.0,1572.0
2016-12-09,C1707,1566.0,1576.0,1564.0,1576.0,12.0,18.83,玉米1707,1590.0,1569.0,1576.0
2016-12-12,C1707,1576.0,1577.0,1543.0,1563.0,98.0,152.93,玉米1707,1608.0,1560.0,1563.0
2016-12-13,C1707,1559.0,1564.0,1549.0,1560.0,258.0,401.0,玉米1707,1530.0,1554.0,1560.0
2016-12-14,C1707,1517.0,1564.0,1517.0,1558.0,88.0,136.82,玉米1707,1532.0,1554.0,1558.0
2016-12-15,C1707,1556.0,1579.0,1556.0,1568.0,72.0,112.83,玉米1707,1570.0,1567.0,1568.0
2016-12-16,C1707,1573.0,1586.0,1567.0,1576.0,88.0,138.65,玉米1707,1522.0,1575.0,1576.0
2016-12-19,C1707,1583.0,1584.0,1555.0,1555.0,108.0,169.2,玉米1707,1498.0,1566.0,1555.0
2016-12-20,C1707,1550.0,1551.0,1541.0,1542.0,218.0,336.88,玉米1707,1542.0,1545.0,1542.0
2016-12-21,C1707,1537.0,1545.0,1535.0,1538.0,50.0,76.82,玉米1707,1564.0,1536.0,1538.0
2016-12-22,C1707,1539.0,1546.0,1531.0,1536.0,28.0,43.07,玉米1707,1578.0,1538.0,1536.0
2016-12-23,C1707,1530.0,1540.0,1530.0,1540.0,12.0,18.4,玉米1707,1574.0,1533.0,1540.0
2016-12-26,C1707,1533.0,1570.0,1533.0,1554.0,178.0,276.01,玉米1707,1564.0,1550.0,1554.0
2016-12-27,C1707,1550.0,1558.0,1541.0,1554.0,50.0,77.47,玉米1707,1566.0,1549.0,1554.0
2016-12-28,C1707,1555.0,1555.0,1546.0,1548.0,6.0,9.3,玉米1707,1564.0,1549.0,1548.0
2016-12-29,C1707,1552.0,1552.0,1535.0,1535.0,48.0,73.78,玉米1707,1560.0,1537.0,1535.0
2016-12-30,C1707,1543.0,1547.0,1534.0,1544.0,58.0,89.44,玉米1707,1556.0,1542.0,1544.0
2017-01-12,C1707,1539.0,1539.0,1532.0,1534.0,28.0,42.94,玉米1707,1578.0,1533.0,1534.0
2017-01-13,C1707,1541.0,1551.0,1541.0,1551.0,16.0,24.71,玉米1707,1582.0,1544.0,1551.0
2017-01-16,C1707,1541.0,1555.0,1541.0,1555.0,86.0,133.25,玉米1707,1584.0,1549.0,1555.0
2017-01-17,C1707,1560.0,1562.0,1550.0,1551.0,84.0,130.67,玉米1707,1578.0,1555.0,1551.0
2017-01-18,C1707,1556.0,1588.0,1556.0,1588.0,68.0,106.68,玉米1707,1586.0,1568.0,1588.0
2017-01-19,C1707,1594.0,1604.0,1586.0,1594.0,188.0,299.94,玉米1707,1608.0,1595.0,1594.0
2017-01-20,C1707,1590.0,1602.0,1590.0,1602.0,32.0,51.05,玉米1707,1614.0,1595.0,1602.0
2017-01-23,C1707,1600.0,1608.0,1593.0,1608.0,46.0,73.66,玉米1707,1614.0,1601.0,1608.0
2017-01-24,C1707,1608.0,1614.0,1592.0,1596.0,50.0,80.19,玉米1707,1618.0,1603.0,1596.0
2017-01-25,C1707,1587.0,1592.0,1583.0,1589.0,96.0,152.25,玉米1707,1618.0,1585.0,1589.0
2017-01-26,C1707,1592.0,1592.0,1588.0,1590.0,44.0,69.98,玉米1707,1608.0,1590.0,1590.0
2017-02-03,C1707,1602.0,1605.0,1592.0,1604.0,58.0,92.83,玉米1707,1600.0,1600.0,1604.0
2017-02-06,C1707,1610.0,1660.0,1608.0,1628.0,450.0,734.79,玉米1707,1584.0,1632.0,1628.0
2017-02-07,C1707,1626.0,1629.0,1617.0,1620.0,258.0,418.97,玉米1707,1596.0,1623.0,1620.0
2017-02-08,C1707,1637.0,1638.0,1620.0,1634.0,112.0,182.53,玉米1707,1610.0,1629.0,1634.0
2017-02-09,C1707,1641.0,1648.0,1632.0,1633.0,102.0,167.38,玉米1707,1616.0,1640.0,1633.0
2017-02-10,C1707,1638.0,1642.0,1627.0,1638.0,44.0,71.92,玉米1707,1614.0,1634.0,1638.0
2017-02-13,C1707,1648.0,1650.0,1635.0,1635.0,152.0,249.62,玉米1707,1680.0,1642.0,1635.0
2017-02-14,C1707,1634.0,1634.0,1614.0,1614.0,172.0,278.67,玉米1707,1750.0,1620.0,1614.0
2017-02-15,C1707,1616.0,1638.0,1608.0,1608.0,128.0,206.51,玉米1707,1796.0,1613.0,1608.0
2017-02-16,C1707,1618.0,1625.0,1609.0,1609.0,200.0,323.76,玉米1707,1906.0,1618.0,1609.0
2017-02-17,C1707,1615.0,1618.0,1600.0,1613.0,132.0,212.4,玉米1707,1894.0,1609.0,1613.0
2017-02-20,C1707,1626.0,1632.0,1618.0,1623.0,60.0,97.5,玉米1707,1866.0,1625.0,1623.0
2017-02-21,C1707,1625.0,1647.0,1625.0,1631.0,378.0,619.48,玉米1707,1826.0,1638.0,1631.0
2017-02-22,C1707,1631.0,1644.0,1627.0,1638.0,126.0,206.62,玉米1707,1832.0,1639.0,1638.0
2017-02-23,C1707,1648.0,1649.0,1612.0,1627.0,60.0,98.02,玉米1707,1848.0,1633.0,1627.0
2017-02-24,C1707,1622.0,1638.0,1615.0,1638.0,80.0,130.23,玉米1707,1842.0,1627.0,1638.0
2017-02-27,C1707,1637.0,1654.0,1637.0,1645.0,248.0,408.19,玉米1707,1740.0,1645.0,1645.0
2017-02-28,C1707,1643.0,1650.0,1639.0,1641.0,184.0,302.52,玉米1707,1620.0,1644.0,1641.0
2017-03-01,C1707,1647.0,1649.0,1635.0,1645.0,174.0,286.11,玉米1707,1604.0,1644.0,1645.0
2017-03-02,C1707,1647.0,1659.0,1645.0,1645.0,182.0,300.34,玉米1707,1534.0,1650.0,1645.0
2017-03-03,C1707,1643.0,1659.0,1643.0,1655.0,154.0,253.91,玉米1707,1456.0,1648.0,1655.0
2017-03-06,C1707,1660.0,1681.0,1660.0,1674.0,388.0,648.85,玉米1707,1412.0,1672.0,1674.0
2017-03-07,C1707,1672.0,1691.0,1664.0,1666.0,134.0,223.76,玉米1707,1450.0,1669.0,1666.0
2017-03-08,C1707,1662.0,1666.0,1651.0,1651.0,442.0,732.91,玉米1707,1512.0,1658.0,1651.0
2017-03-09,C1707,1653.0,1660.0,1635.0,1640.0,292.0,479.47,玉米1707,1466.0,1642.0,1640.0
2017-03-10,C1707,1635.0,1636.0,1620.0,1620.0,182.0,295.53,玉米1707,1406.0,1623.0,1620.0
2017-03-13,C1707,1611.0,1630.0,1609.0,1630.0,108.0,174.83,玉米1707,1410.0,1618.0,1630.0
2017-03-14,C1707,1656.0,1656.0,1605.0,1605.0,198.0,321.6,玉米1707,1414.0,1624.0,1605.0
2017-03-15,C1707,1607.0,1619.0,1607.0,1612.0,82.0,132.35,玉米1707,1420.0,1613.0,1612.0
2017-03-16,C1707,1620.0,1628.0,1610.0,1618.0,50.0,80.92,玉米1707,1426.0,1618.0,1618.0
2017-03-17,C1707,1620.0,1622.0,1616.0,1622.0,40.0,64.74,玉米1707,1432.0,1618.0,1622.0
2017-03-20,C1707,1624.0,1642.0,1624.0,1642.0,200.0,327.52,玉米1707,1464.0,1637.0,1642.0
2017-03-21,C1707,1634.0,1643.0,1632.0,1643.0,166.0,271.4,玉米1707,1406.0,1634.0,1643.0
2017-03-22,C1707,1645.0,1660.0,1634.0,1653.0,172.0,282.67,玉米1707,1456.0,1643.0,1653.0
2017-03-23,C1707,1653.0,1660.0,1640.0,1641.0,124.0,204.2,玉米1707,1440.0,1646.0,1641.0
2017-03-24,C1707,1648.0,1662.0,1640.0,1656.0,74.0,122.13,玉米1707,1460.0,1650.0,1656.0
2017-03-27,C1707,1665.0,1668.0,1646.0,1652.0,282.0,467.0,玉米1707,1506.0,1656.0,1652.0
2017-03-28,C1707,1650.0,1665.0,1647.0,1665.0,168.0,278.59,玉米1707,1526.0,1658.0,1665.0
2017-03-29,C1707,1665.0,1666.0,1622.0,1633.0,342.0,561.46,玉米1707,1366.0,1641.0,1633.0
2017-03-30,C1707,1630.0,1638.0,1622.0,1625.0,66.0,107.36,玉米1707,1342.0,1626.0,1625.0
2017-03-31,C1707,1625.0,1632.0,1620.0,1630.0,46.0,74.79,玉米1707,1342.0,1625.0,1630.0
2017-04-05,C1707,1636.0,1640.0,1627.0,1637.0,70.0,114.46,玉米1707,1342.0,1635.0,1637.0
2017-04-06,C1707,1635.0,1644.0,1621.0,1640.0,70.0,114.46,玉米1707,1338.0,1635.0,1640.0
2017-04-07,C1707,1640.0,1642.0,1622.0,1623.0,154.0,251.64,玉米1707,1352.0,1634.0,1623.0
2017-04-10,C1707,1627.0,1639.0,1621.0,1635.0,100.0,163.3,玉米1707,1352.0,1632.0,1635.0
2017-04-11,C1707,1638.0,1644.0,1620.0,1620.0,260.0,425.04,玉米1707,1434.0,1634.0,1620.0
2017-04-12,C1707,1628.0,1628.0,1607.0,1612.0,172.0,277.92,玉米1707,1400.0,1615.0,1612.0
2017-04-13,C1707,1619.0,1623.0,1609.0,1613.0,94.0,151.82,玉米1707,1442.0,1615.0,1613.0
2017-04-14,C1707,1618.0,1623.0,1616.0,1622.0,88.0,142.56,玉米1707,1446.0,1620.0,1622.0
2017-04-17,C1707,1621.0,1624.0,1616.0,1620.0,72.0,116.59,玉米1707,1432.0,1619.0,1620.0
2017-04-18,C1707,1618.0,1623.0,1610.0,1610.0,214.0,346.24,玉米1707,1282.0,1617.0,1610.0
2017-04-19,C1707,1588.0,1615.0,1588.0,1607.0,210.0,337.69,玉米1707,1388.0,1608.0,1607.0
2017-04-20,C1707,1602.0,1615.0,1602.0,1615.0,56.0,90.16,玉米1707,1372.0,1610.0,1615.0
2017-04-21,C1707,1612.0,1637.0,1611.0,1632.0,224.0,364.09,玉米1707,1208.0,1625.0,1632.0
2017-04-24,C1707,1624.0,1630.0,1623.0,1630.0,38.0,61.75,玉米1707,1192.0,1625.0,1630.0
2017-04-25,C1707,1609.0,1632.0,1609.0,1621.0,196.0,317.86,玉米1707,1286.0,1621.0,1621.0
2017-04-25,C1707,,,,4.5,0.0,,欧盟排放配额1707,0.0,4.5,4.5
2017-04-26,C1707,,,,4.61,0.0,,欧盟排放配额1707,0.0,4.61,4.61
2017-04-26,C1707,1628.0,1628.0,1623.0,1623.0,72.0,116.98,玉米1707,1280.0,1624.0,1623.0
2017-04-27,C1707,1615.0,1617.0,1609.0,1616.0,28.0,45.22,玉米1707,1288.0,1615.0,1616.0
2017-04-27,C1707,,,,4.55,0.0,,欧盟排放配额1707,0.0,4.55,4.55
2017-04-28,C1707,1618.0,1623.0,1611.0,1620.0,60.0,97.2,玉米1707,1306.0,1619.0,1620.0
2017-04-28,C1707,,,,4.57,0.0,,欧盟排放配额1707,0.0,4.57,4.57
2017-05-01,C1707,,,,4.57,0.0,,欧盟排放配额1707,0.0,4.57,4.57
2017-05-02,C1707,1622.0,1643.0,1622.0,1637.0,156.0,255.64,玉米1707,1248.0,1638.0,1637.0
2017-05-02,C1707,,,,4.45,0.0,,欧盟排放配额1707,0.0,4.45,4.45
2017-05-03,C1707,,,,4.4,0.0,,欧盟排放配额1707,0.0,4.4,4.4
2017-05-03,C1707,1635.0,1638.0,1630.0,1632.0,68.0,111.02,玉米1707,1268.0,1632.0,1632.0
2017-05-04,C1707,,,,4.52,0.0,,欧盟排放配额1707,0.0,4.52,4.52
2017-05-04,C1707,1633.0,1646.0,1629.0,1634.0,100.0,163.89,玉米1707,1272.0,1638.0,1634.0
2017-05-05,C1707,1639.0,1651.0,1633.0,1633.0,52.0,85.28,玉米1707,1276.0,1640.0,1633.0
2017-05-05,C1707,,,,4.58,0.0,,欧盟排放配额1707,0.0,4.58,4.58
2017-05-08,C1707,,,,4.42,0.0,,欧盟排放配额1707,0.0,4.42,4.42
2017-05-08,C1707,1631.0,1647.0,1631.0,1635.0,50.0,81.93,玉米1707,1246.0,1638.0,1635.0
2017-05-09,C1707,,,,4.52,0.0,,欧盟排放配额1707,0.0,4.52,4.52
2017-05-09,C1707,1616.0,1633.0,1611.0,1625.0,70.0,113.63,玉米1707,1268.0,1623.0,1625.0
2017-05-10,C1707,1633.0,1640.0,1625.0,1625.0,62.0,101.06,玉米1707,1280.0,1630.0,1625.0
2017-05-10,C1707,,,,4.45,0.0,,欧盟排放配额1707,0.0,4.45,4.45
2017-05-11,C1707,,,,4.35,0.0,,欧盟排放配额1707,0.0,4.35,4.35
2017-05-11,C1707,1625.0,1634.0,1625.0,1634.0,134.0,218.16,玉米1707,1220.0,1628.0,1634.0
2017-05-12,C1707,,,,4.46,0.0,,欧盟排放配额1707,0.0,4.46,4.46
2017-05-12,C1707,1637.0,1637.0,1626.0,1636.0,36.0,58.85,玉米1707,1194.0,1634.0,1636.0
2017-05-15,C1707,1648.0,1648.0,1627.0,1627.0,54.0,88.53,玉米1707,1188.0,1639.0,1627.0
2017-05-15,C1707,,,,4.39,0.0,,欧盟排放配额1707,0.0,4.39,4.39
2017-05-16,C1707,,,,4.54,0.0,,欧盟排放配额1707,0.0,4.54,4.54
2017-05-16,C1707,1626.0,1628.0,1620.0,1628.0,50.0,81.21,玉米1707,1176.0,1624.0,1628.0
2017-05-17,C1707,,,,4.58,0.0,,欧盟排放配额1707,0.0,4.58,4.58
2017-05-17,C1707,1623.0,1636.0,1623.0,1629.0,34.0,55.5,玉米1707,1168.0,1632.0,1629.0
2017-05-18,C1707,1626.0,1637.0,1625.0,1632.0,46.0,75.06,玉米1707,1166.0,1631.0,1632.0
2017-05-18,C1707,,,,4.76,0.0,,欧盟排放配额1707,0.0,4.76,4.76
2017-05-19,C1707,,,,4.85,0.0,,欧盟排放配额1707,0.0,4.85,4.85
2017-05-19,C1707,1637.0,1639.0,1632.0,1639.0,34.0,55.62,玉米1707,1164.0,1635.0,1639.0
2017-05-22,C1707,,,,4.9,0.0,,欧盟排放配额1707,0.0,4.9,4.9
2017-05-22,C1707,1635.0,1635.0,1618.0,1619.0,78.0,126.5,玉米1707,1178.0,1621.0,1619.0
2017-05-23,C1707,1618.0,1637.0,1618.0,1622.0,98.0,159.07,玉米1707,1172.0,1623.0,1622.0
2017-05-23,C1707,,,,4.75,0.0,,欧盟排放配额1707,0.0,4.75,4.75
2017-05-24,C1707,,,,4.91,0.0,,欧盟排放配额1707,0.0,4.91,4.91
2017-05-24,C1707,1626.0,1635.0,1621.0,1633.0,48.0,78.04,玉米1707,1168.0,1625.0,1633.0
2017-05-25,C1707,,,,4.98,0.0,,欧盟排放配额1707,0.0,4.98,4.98
2017-05-25,C1707,1627.0,1633.0,1626.0,1633.0,30.0,48.92,玉米1707,1164.0,1630.0,1633.0
2017-05-26,C1707,1628.0,1632.0,1624.0,1632.0,36.0,58.6,玉米1707,1156.0,1627.0,1632.0
2017-05-26,C1707,,,,5.19,0.0,,欧盟排放配额1707,0.0,5.19,5.19
2017-05-29,C1707,,,,5.17,0.0,,欧盟排放配额1707,0.0,5.17,5.17
2017-05-30,C1707,,,,5.14,0.0,,欧盟排放配额1707,0.0,5.14,5.14
2017-05-31,C1707,,,,4.98,0.0,,欧盟排放配额1707,0.0,4.98,4.98
2017-05-31,C1707,1637.0,1637.0,1620.0,1629.0,286.0,466.56,玉米1707,976.0,1631.0,1629.0
2017-06-01,C1707,,,,5.08,0.0,,欧盟排放配额1707,0.0,5.08,5.08
2017-06-01,C1707,1632.0,1648.0,1632.0,1647.0,168.0,274.82,玉米1707,886.0,1635.0,1647.0
2017-06-02,C1707,1645.0,1652.0,1642.0,1647.0,114.0,187.75,玉米1707,832.0,1646.0,1647.0
2017-06-02,C1707,,,,5.16,0.0,,欧盟排放配额1707,0.0,5.16,5.16
2017-06-05,C1707,,,,5.17,0.0,,欧盟排放配额1707,0.0,5.17,5.17
2017-06-05,C1707,1654.0,1654.0,1645.0,1650.0,32.0,52.77,玉米1707,814.0,1649.0,1650.0
2017-06-06,C1707,,,,4.97,0.0,,欧盟排放配额1707,0.0,4.97,4.97
2017-06-06,C1707,1653.0,1658.0,1647.0,1656.0,86.0,142.07,玉米1707,814.0,1651.0,1656.0
2017-06-07,C1707,1651.0,1663.0,1651.0,1659.0,206.0,341.23,玉米1707,708.0,1656.0,1659.0
2017-06-07,C1707,,,,4.87,0.0,,欧盟排放配额1707,0.0,4.87,4.87
2017-06-08,C1707,,,,5.04,0.0,,欧盟排放配额1707,0.0,5.04,5.04
2017-06-08,C1707,1656.0,1680.0,1654.0,1654.0,116.0,192.55,玉米1707,640.0,1659.0,1654.0
2017-06-09,C1707,,,,5.04,0.0,,欧盟排放配额1707,0.0,5.04,5.04
2017-06-09,C1707,1651.0,1686.0,1651.0,1685.0,52.0,86.78,玉米1707,618.0,1668.0,1685.0
2017-06-12,C1707,1673.0,1689.0,1663.0,1678.0,482.0,812.79,玉米1707,606.0,1686.0,1678.0
2017-06-12,C1707,,,,4.92,0.0,,欧盟排放配额1707,0.0,4.92,4.92
2017-06-13,C1707,,,,5.01,0.0,,欧盟排放配额1707,0.0,5.01,5.01
2017-06-13,C1707,1660.0,1666.0,1650.0,1650.0,186.0,308.14,玉米1707,702.0,1656.0,1650.0
2017-06-14,C1707,,,,4.94,0.0,,欧盟排放配额1707,0.0,4.94,4.94
2017-06-14,C1707,1646.0,1651.0,1640.0,1645.0,50.0,82.18,玉米1707,722.0,1643.0,1645.0
2017-06-15,C1707,1640.0,1648.0,1640.0,1640.0,14.0,23.01,玉米1707,722.0,1643.0,1640.0
2017-06-15,C1707,,,,4.96,0.0,,欧盟排放配额1707,0.0,4.96,4.96
2017-06-16,C1707,,,,4.88,0.0,,欧盟排放配额1707,0.0,4.88,4.88
2017-06-16,C1707,1627.0,1627.0,1620.0,1627.0,24.0,39.01,玉米1707,724.0,1625.0,1627.0
2017-06-19,C1707,,,,4.93,0.0,,欧盟排放配额1707,0.0,4.93,4.93
2017-06-19,C1707,1620.0,1629.0,1618.0,1618.0,20.0,32.45,玉米1707,722.0,1622.0,1618.0
2017-06-20,C1707,1571.0,1616.0,1571.0,1596.0,94.0,149.03,玉米1707,712.0,1585.0,1596.0
2017-06-20,C1707,,,,4.95,0.0,,欧盟排放配额1707,0.0,4.95,4.95
2017-06-21,C1707,,,,4.88,0.0,,欧盟排放配额1707,0.0,4.88,4.88
2017-06-21,C1707,1597.0,1615.0,1597.0,1608.0,58.0,93.05,玉米1707,714.0,1604.0,1608.0
2017-06-22,C1707,,,,4.86,0.0,,欧盟排放配额1707,0.0,4.86,4.86
2017-06-22,C1707,1612.0,1612.0,1602.0,1605.0,34.0,54.65,玉米1707,708.0,1607.0,1605.0
2017-06-23,C1707,1606.0,1620.0,1601.0,1615.0,246.0,397.18,玉米1707,710.0,1614.0,1615.0
2017-06-23,C1707,,,,4.86,0.0,,欧盟排放配额1707,0.0,4.86,4.86
2017-06-26,C1707,,,,4.77,0.0,,欧盟排放配额1707,0.0,4.77,4.77
2017-06-26,C1707,1621.0,1646.0,1621.0,1633.0,548.0,896.17,玉米1707,1100.0,1635.0,1633.0
2017-06-27,C1707,,,,4.93,0.0,,欧盟排放配额1707,0.0,4.93,4.93
2017-06-27,C1707,1632.0,1640.0,1631.0,1632.0,108.0,176.82,玉米1707,1106.0,1637.0,1632.0
2017-06-28,C1707,1638.0,1652.0,1625.0,1625.0,74.0,121.28,玉米1707,1104.0,1638.0,1625.0
2017-06-28,C1707,,,,4.93,0.0,,欧盟排放配额1707,0.0,4.93,4.93
2017-06-29,C1707,,,,5.06,0.0,,欧盟排放配额1707,0.0,5.06,5.06
2017-06-29,C1707,1623.0,1641.0,1622.0,1641.0,34.0,55.29,玉米1707,1100.0,1626.0,1641.0
2017-06-30,C1707,,,,5.02,0.0,,欧盟排放配额1707,0.0,5.02,5.02
2017-06-30,C1707,1678.0,1678.0,1624.0,1626.0,106.0,173.26,玉米1707,1096.0,1634.0,1626.0
2017-07-03,C1707,1650.0,1650.0,1640.0,1650.0,100.0,164.68,玉米1707,178.0,1646.0,1650.0
2017-07-03,C1707,,,,5.13,0.0,,欧盟排放配额1707,,5.13,5.13
