date,symbol,open,high,low,close,volume,amount,name,openinterest,settleprice,price
2016-01-18,C1701,1530.0,1558.0,1530.0,1556.0,166234.0,256053.33,玉米1701,108936.0,1540.0,1556.0
2016-01-19,C1701,1556.0,1563.0,1550.0,1562.0,52124.0,81156.9,玉米1701,120774.0,1556.0,1562.0
2016-01-20,C1701,1562.0,1574.0,1556.0,1568.0,59606.0,93448.93,玉米1701,140326.0,1567.0,1568.0
2016-01-21,C1701,1568.0,1578.0,1566.0,1569.0,28190.0,44326.13,玉米1701,144328.0,1572.0,1569.0
2016-01-22,C1701,1572.0,1584.0,1571.0,1582.0,32802.0,51765.87,玉米1701,151184.0,1578.0,1582.0
2016-01-25,C1701,1583.0,1586.0,1576.0,1580.0,28214.0,44619.25,玉米1701,160254.0,1581.0,1580.0
2016-01-26,C1701,1581.0,1581.0,1574.0,1577.0,28910.0,45639.64,玉米1701,170006.0,1578.0,1577.0
2016-01-27,C1701,1577.0,1579.0,1567.0,1567.0,76898.0,120772.38,玉米1701,203854.0,1570.0,1567.0
2016-01-28,C1701,1508.0,1544.0,1508.0,1538.0,161522.0,247730.23,玉米1701,261208.0,1533.0,1538.0
2016-01-29,C1701,1535.0,1537.0,1517.0,1518.0,100258.0,153313.68,玉米1701,319814.0,1529.0,1518.0
2016-02-01,C1701,1520.0,1530.0,1518.0,1525.0,39738.0,60548.98,玉米1701,327692.0,1523.0,1525.0
2016-02-02,C1701,1525.0,1529.0,1523.0,1525.0,34330.0,52387.21,玉米1701,334900.0,1525.0,1525.0
2016-02-03,C1701,1526.0,1529.0,1523.0,1528.0,34752.0,53050.56,玉米1701,331174.0,1526.0,1528.0
2016-02-04,C1701,1527.0,1531.0,1521.0,1526.0,43952.0,67084.02,玉米1701,326766.0,1526.0,1526.0
2016-02-05,C1701,1525.0,1528.0,1518.0,1523.0,36934.0,56177.05,玉米1701,340314.0,1521.0,1523.0
2016-02-15,C1701,1526.0,1526.0,1519.0,1523.0,35528.0,54102.43,玉米1701,341264.0,1522.0,1523.0
2016-02-16,C1701,1524.0,1530.0,1522.0,1524.0,40162.0,61272.66,玉米1701,356836.0,1525.0,1524.0
2016-02-17,C1701,1524.0,1526.0,1519.0,1522.0,63260.0,96321.66,玉米1701,359410.0,1522.0,1522.0
2016-02-18,C1701,1523.0,1531.0,1523.0,1527.0,57754.0,88158.09,玉米1701,362100.0,1526.0,1527.0
2016-02-19,C1701,1526.0,1530.0,1503.0,1504.0,177886.0,269342.63,玉米1701,454436.0,1514.0,1504.0
2016-02-22,C1701,1500.0,1500.0,1486.0,1489.0,196390.0,293178.35,玉米1701,529240.0,1492.0,1489.0
2016-02-23,C1701,1494.0,1510.0,1484.0,1505.0,202266.0,302940.15,玉米1701,536020.0,1497.0,1505.0
2016-02-24,C1701,1500.0,1505.0,1485.0,1490.0,212588.0,317568.75,玉米1701,540814.0,1493.0,1490.0
2016-02-25,C1701,1490.0,1494.0,1481.0,1483.0,118530.0,176276.73,玉米1701,570676.0,1487.0,1483.0
2016-02-26,C1701,1480.0,1487.0,1473.0,1475.0,155142.0,229710.74,玉米1701,605690.0,1480.0,1475.0
2016-02-29,C1701,1470.0,1480.0,1431.0,1470.0,474612.0,691870.31,玉米1701,705044.0,1457.0,1470.0
2016-03-01,C1701,1470.0,1510.0,1470.0,1500.0,410422.0,612195.45,玉米1701,739144.0,1491.0,1500.0
2016-03-02,C1701,1500.0,1507.0,1494.0,1500.0,196626.0,295090.15,玉米1701,726502.0,1500.0,1500.0
2016-03-03,C1701,1500.0,1513.0,1494.0,1510.0,149472.0,225285.15,玉米1701,710806.0,1507.0,1510.0
2016-03-04,C1701,1512.0,1521.0,1510.0,1518.0,155510.0,235596.6,玉米1701,702318.0,1514.0,1518.0
2016-03-07,C1701,1508.0,1512.0,1490.0,1500.0,414794.0,621968.33,玉米1701,824264.0,1499.0,1500.0
2016-03-08,C1701,1500.0,1525.0,1498.0,1506.0,288202.0,435109.14,玉米1701,758200.0,1509.0,1506.0
2016-03-09,C1701,1508.0,1508.0,1497.0,1502.0,147718.0,222028.33,玉米1701,762844.0,1503.0,1502.0
2016-03-10,C1701,1504.0,1510.0,1480.0,1499.0,323398.0,483289.17,玉米1701,835914.0,1494.0,1499.0
2016-03-11,C1701,1500.0,1515.0,1500.0,1513.0,187484.0,282836.72,玉米1701,810796.0,1508.0,1513.0
2016-03-14,C1701,1516.0,1519.0,1500.0,1502.0,193784.0,292582.29,玉米1701,828218.0,1509.0,1502.0
2016-03-15,C1701,1502.0,1507.0,1498.0,1502.0,119154.0,178966.77,玉米1701,843960.0,1501.0,1502.0
2016-03-16,C1701,1504.0,1504.0,1494.0,1498.0,136800.0,204950.96,玉米1701,874504.0,1498.0,1498.0
2016-03-17,C1701,1500.0,1503.0,1492.0,1503.0,142906.0,214167.37,玉米1701,882154.0,1498.0,1503.0
2016-03-18,C1701,1505.0,1547.0,1503.0,1523.0,388380.0,590452.91,玉米1701,828608.0,1520.0,1523.0
2016-03-21,C1701,1524.0,1524.0,1508.0,1518.0,275074.0,417319.2,玉米1701,814344.0,1517.0,1518.0
2016-03-22,C1701,1525.0,1527.0,1516.0,1520.0,145638.0,221641.83,玉米1701,812676.0,1521.0,1520.0
2016-03-23,C1701,1520.0,1530.0,1512.0,1516.0,315488.0,479316.29,玉米1701,873144.0,1519.0,1516.0
2016-03-24,C1701,1511.0,1511.0,1497.0,1504.0,286238.0,431014.87,玉米1701,856202.0,1505.0,1504.0
2016-03-25,C1701,1504.0,1506.0,1484.0,1485.0,441234.0,658489.65,玉米1701,930358.0,1492.0,1485.0
2016-03-28,C1701,1460.0,1469.0,1440.0,1444.0,738262.0,1073701.0,玉米1701,1157728.0,1454.0,1444.0
2016-03-29,C1701,1421.0,1438.0,1413.0,1437.0,949176.0,1354839.91,玉米1701,1292180.0,1427.0,1437.0
2016-03-30,C1701,1435.0,1447.0,1431.0,1435.0,372620.0,535775.74,玉米1701,1286758.0,1437.0,1435.0
2016-03-31,C1701,1432.0,1438.0,1422.0,1430.0,383826.0,548385.15,玉米1701,1320686.0,1428.0,1430.0
2016-04-01,C1701,1415.0,1432.0,1407.0,1425.0,440412.0,627221.77,玉米1701,1362858.0,1424.0,1425.0
2016-04-05,C1701,1430.0,1438.0,1426.0,1427.0,288032.0,412584.12,玉米1701,1337000.0,1432.0,1427.0
2016-04-06,C1701,1432.0,1435.0,1426.0,1433.0,199062.0,284641.82,玉米1701,1364070.0,1429.0,1433.0
2016-04-07,C1701,1434.0,1435.0,1427.0,1432.0,166246.0,238025.35,玉米1701,1365056.0,1431.0,1432.0
2016-04-08,C1701,1433.0,1435.0,1423.0,1429.0,206138.0,294601.63,玉米1701,1375296.0,1429.0,1429.0
2016-04-11,C1701,1431.0,1444.0,1425.0,1435.0,544374.0,780769.8,玉米1701,1431718.0,1434.0,1435.0
2016-04-12,C1701,1440.0,1445.0,1435.0,1443.0,328682.0,473455.5,玉米1701,1436732.0,1440.0,1443.0
2016-04-13,C1701,1450.0,1467.0,1446.0,1452.0,928156.0,1350278.78,玉米1701,1400246.0,1454.0,1452.0
2016-04-14,C1701,1462.0,1485.0,1458.0,1482.0,941422.0,1388161.45,玉米1701,1384942.0,1474.0,1482.0
2016-04-15,C1701,1479.0,1481.0,1456.0,1460.0,699432.0,1027814.26,玉米1701,1441694.0,1469.0,1460.0
2016-04-18,C1701,1463.0,1499.0,1462.0,1481.0,1494158.0,2222025.98,玉米1701,1497866.0,1487.0,1481.0
2016-04-19,C1701,1488.0,1497.0,1481.0,1490.0,649890.0,967785.22,玉米1701,1497698.0,1489.0,1490.0
2016-04-20,C1701,1500.0,1542.0,1500.0,1530.0,1946162.0,2957822.24,玉米1701,1273478.0,1519.0,1530.0
2016-04-21,C1701,1551.0,1579.0,1551.0,1579.0,1006476.0,1587085.68,玉米1701,1215500.0,1576.0,1579.0
2016-04-22,C1701,1569.0,1592.0,1524.0,1538.0,2296482.0,3573027.54,玉米1701,1121638.0,1555.0,1538.0
2016-04-25,C1701,1525.0,1541.0,1507.0,1527.0,942950.0,1442060.44,玉米1701,1089998.0,1529.0,1527.0
2016-04-26,C1701,1542.0,1556.0,1529.0,1543.0,895712.0,1382446.06,玉米1701,1097784.0,1543.0,1543.0
2016-04-27,C1701,1555.0,1557.0,1518.0,1524.0,932178.0,1431536.67,玉米1701,1128236.0,1535.0,1524.0
2016-04-28,C1701,1522.0,1531.0,1502.0,1519.0,920010.0,1393242.84,玉米1701,1078774.0,1514.0,1519.0
2016-04-29,C1701,1527.0,1537.0,1512.0,1514.0,565292.0,861489.7,玉米1701,1102246.0,1523.0,1514.0
2016-05-03,C1701,1525.0,1546.0,1514.0,1544.0,751144.0,1152524.34,玉米1701,1130328.0,1534.0,1544.0
2016-05-04,C1701,1526.0,1534.0,1518.0,1531.0,558790.0,852854.28,玉米1701,1105824.0,1526.0,1531.0
2016-05-05,C1701,1536.0,1537.0,1524.0,1525.0,402858.0,616135.65,玉米1701,1105218.0,1529.0,1525.0
2016-05-06,C1701,1510.0,1522.0,1490.0,1515.0,578416.0,875347.42,玉米1701,1058018.0,1513.0,1515.0
2016-05-09,C1701,1525.0,1529.0,1507.0,1514.0,590800.0,896239.88,玉米1701,1045404.0,1516.0,1514.0
2016-05-10,C1701,1503.0,1519.0,1501.0,1512.0,402552.0,608490.85,玉米1701,1030476.0,1511.0,1512.0
2016-05-11,C1701,1541.0,1563.0,1535.0,1559.0,1221870.0,1896010.42,玉米1701,1093746.0,1551.0,1559.0
2016-05-12,C1701,1552.0,1556.0,1541.0,1543.0,639428.0,989922.16,玉米1701,1074934.0,1548.0,1543.0
2016-05-13,C1701,1538.0,1546.0,1530.0,1537.0,621000.0,953835.9,玉米1701,1017514.0,1535.0,1537.0
2016-05-16,C1701,1538.0,1555.0,1536.0,1539.0,696702.0,1077384.29,玉米1701,1031976.0,1546.0,1539.0
2016-05-17,C1701,1545.0,1552.0,1542.0,1551.0,398802.0,617222.76,玉米1701,1064550.0,1547.0,1551.0
2016-05-18,C1701,1562.0,1575.0,1522.0,1539.0,1231722.0,1916652.01,玉米1701,1043678.0,1556.0,1539.0
2016-05-19,C1701,1545.0,1551.0,1538.0,1549.0,518404.0,800559.27,玉米1701,1052080.0,1544.0,1549.0
2016-05-20,C1701,1548.0,1558.0,1538.0,1544.0,373598.0,576902.8,玉米1701,1052930.0,1544.0,1544.0
2016-05-23,C1701,1544.0,1554.0,1528.0,1532.0,737882.0,1138150.21,玉米1701,1015708.0,1542.0,1532.0
2016-05-24,C1701,1530.0,1538.0,1513.0,1529.0,706564.0,1078045.23,玉米1701,959490.0,1525.0,1529.0
2016-05-25,C1701,1531.0,1537.0,1523.0,1527.0,290812.0,444511.52,玉米1701,944162.0,1528.0,1527.0
2016-05-26,C1701,1534.0,1549.0,1532.0,1548.0,462274.0,711977.06,玉米1701,952162.0,1540.0,1548.0
2016-05-27,C1701,1544.0,1573.0,1539.0,1564.0,980786.0,1530164.31,玉米1701,1046988.0,1560.0,1564.0
2016-05-30,C1701,1571.0,1624.0,1568.0,1622.0,1454216.0,2325632.34,玉米1701,1168260.0,1599.0,1622.0
2016-05-31,C1701,1620.0,1640.0,1604.0,1615.0,1193884.0,1937234.8,玉米1701,1207792.0,1622.0,1615.0
2016-06-01,C1701,1608.0,1619.0,1601.0,1614.0,687276.0,1106130.77,玉米1701,1158752.0,1609.0,1614.0
2016-06-02,C1701,1639.0,1642.0,1610.0,1611.0,725666.0,1181312.15,玉米1701,1196194.0,1627.0,1611.0
2016-06-03,C1701,1618.0,1623.0,1602.0,1613.0,781972.0,1260655.12,玉米1701,1116770.0,1612.0,1613.0
2016-06-06,C1701,1622.0,1635.0,1619.0,1626.0,522790.0,850129.37,玉米1701,1128422.0,1626.0,1626.0
2016-06-07,C1701,1635.0,1638.0,1615.0,1626.0,496470.0,807410.19,玉米1701,1155792.0,1626.0,1626.0
2016-06-08,C1701,1626.0,1628.0,1613.0,1615.0,410964.0,666320.46,玉米1701,1154876.0,1621.0,1615.0
2016-06-13,C1701,1632.0,1680.0,1625.0,1669.0,1539342.0,2554792.29,玉米1701,1332674.0,1659.0,1669.0
2016-06-14,C1701,1660.0,1673.0,1647.0,1665.0,987128.0,1637991.26,玉米1701,1303282.0,1659.0,1665.0
2016-06-15,C1701,1670.0,1678.0,1587.0,1606.0,1664292.0,2705762.18,玉米1701,1292322.0,1625.0,1606.0
2016-06-16,C1701,1598.0,1606.0,1573.0,1576.0,1115794.0,1776893.32,玉米1701,1206676.0,1592.0,1576.0
2016-06-17,C1701,1580.0,1597.0,1576.0,1588.0,750970.0,1191132.21,玉米1701,1184346.0,1586.0,1588.0
2016-06-20,C1701,1595.0,1604.0,1580.0,1592.0,772870.0,1231019.78,玉米1701,1257008.0,1592.0,1592.0
2016-06-21,C1701,1585.0,1597.0,1580.0,1585.0,536412.0,852088.2,玉米1701,1270778.0,1588.0,1585.0
2016-06-22,C1701,1565.0,1578.0,1554.0,1575.0,632570.0,992471.08,玉米1701,1280988.0,1568.0,1575.0
2016-06-23,C1701,1571.0,1581.0,1554.0,1556.0,674976.0,1057973.4,玉米1701,1312462.0,1567.0,1556.0
2016-06-24,C1701,1553.0,1564.0,1540.0,1542.0,666070.0,1033780.96,玉米1701,1287708.0,1552.0,1542.0
2016-06-27,C1701,1550.0,1558.0,1542.0,1551.0,935676.0,1450370.54,玉米1701,1439958.0,1550.0,1551.0
2016-06-28,C1701,1546.0,1578.0,1545.0,1567.0,1004748.0,1571062.63,玉米1701,1475506.0,1563.0,1567.0
2016-06-29,C1701,1568.0,1580.0,1554.0,1566.0,867120.0,1358453.32,玉米1701,1487344.0,1566.0,1566.0
2016-06-30,C1701,1564.0,1590.0,1560.0,1581.0,884954.0,1396354.17,玉米1701,1495398.0,1577.0,1581.0
2016-07-01,C1701,1580.0,1583.0,1548.0,1550.0,876400.0,1373459.0,玉米1701,1566368.0,1567.0,1550.0
2016-07-04,C1701,1561.0,1594.0,1552.0,1583.0,1715752.0,2707322.72,玉米1701,1698996.0,1577.0,1583.0
2016-07-05,C1701,1578.0,1578.0,1522.0,1537.0,1750976.0,2708662.78,玉米1701,1762806.0,1546.0,1537.0
2016-07-06,C1701,1521.0,1529.0,1509.0,1518.0,1150816.0,1749581.55,玉米1701,1765240.0,1520.0,1518.0
2016-07-07,C1701,1525.0,1536.0,1504.0,1510.0,1170304.0,1777162.02,玉米1701,1796182.0,1518.0,1510.0
2016-07-08,C1701,1505.0,1529.0,1505.0,1523.0,1159094.0,1756544.7,玉米1701,1634312.0,1515.0,1523.0
2016-07-11,C1701,1533.0,1542.0,1529.0,1532.0,647112.0,992823.78,玉米1701,1638556.0,1534.0,1532.0
2016-07-12,C1701,1528.0,1528.0,1514.0,1525.0,640004.0,973944.45,玉米1701,1649920.0,1521.0,1525.0
2016-07-13,C1701,1532.0,1545.0,1523.0,1526.0,929226.0,1425485.02,玉米1701,1707736.0,1534.0,1526.0
2016-07-14,C1701,1534.0,1536.0,1521.0,1528.0,609146.0,930919.35,玉米1701,1775948.0,1528.0,1528.0
2016-07-15,C1701,1511.0,1520.0,1510.0,1514.0,603814.0,914844.06,玉米1701,1830092.0,1515.0,1514.0
2016-07-18,C1701,1510.0,1510.0,1478.0,1481.0,1117054.0,1662565.74,玉米1701,1847758.0,1488.0,1481.0
2016-07-19,C1701,1483.0,1494.0,1476.0,1481.0,718456.0,1064808.01,玉米1701,1854220.0,1482.0,1481.0
2016-07-20,C1701,1478.0,1493.0,1465.0,1491.0,833622.0,1229885.28,玉米1701,1817488.0,1475.0,1491.0
2016-07-21,C1701,1485.0,1493.0,1482.0,1489.0,570190.0,848560.38,玉米1701,1816656.0,1488.0,1489.0
2016-07-22,C1701,1487.0,1490.0,1471.0,1477.0,548662.0,811750.77,玉米1701,1819914.0,1479.0,1477.0
2016-07-25,C1701,1480.0,1489.0,1473.0,1480.0,526410.0,780595.59,玉米1701,1850742.0,1482.0,1480.0
2016-07-26,C1701,1479.0,1488.0,1476.0,1486.0,325272.0,482613.17,玉米1701,1828512.0,1483.0,1486.0
2016-07-27,C1701,1489.0,1489.0,1474.0,1476.0,419874.0,621714.73,玉米1701,1863980.0,1480.0,1476.0
2016-07-28,C1701,1480.0,1482.0,1460.0,1461.0,547876.0,805589.29,玉米1701,1939144.0,1470.0,1461.0
2016-07-29,C1701,1460.0,1463.0,1444.0,1446.0,601386.0,874156.75,玉米1701,1922256.0,1453.0,1446.0
2016-08-01,C1701,1450.0,1457.0,1447.0,1451.0,501080.0,727711.88,玉米1701,1931974.0,1452.0,1451.0
2016-08-02,C1701,1447.0,1462.0,1438.0,1454.0,816762.0,1184441.69,玉米1701,1952962.0,1450.0,1454.0
2016-08-03,C1701,1454.0,1460.0,1447.0,1454.0,551188.0,801376.3,玉米1701,1963252.0,1453.0,1454.0
2016-08-04,C1701,1455.0,1473.0,1454.0,1472.0,706754.0,1033889.31,玉米1701,1924216.0,1462.0,1472.0
2016-08-05,C1701,1468.0,1482.0,1466.0,1472.0,550332.0,811232.11,玉米1701,1910524.0,1474.0,1472.0
2016-08-08,C1701,1473.0,1474.0,1451.0,1451.0,681928.0,995679.05,玉米1701,1986398.0,1460.0,1451.0
2016-08-09,C1701,1454.0,1460.0,1442.0,1443.0,707064.0,1026463.99,玉米1701,2028362.0,1451.0,1443.0
2016-08-10,C1701,1445.0,1456.0,1442.0,1453.0,596128.0,865577.33,玉米1701,2025908.0,1451.0,1453.0
2016-08-11,C1701,1453.0,1460.0,1447.0,1449.0,415114.0,603340.04,玉米1701,2030196.0,1453.0,1449.0
2016-08-12,C1701,1452.0,1458.0,1449.0,1456.0,290524.0,422337.95,玉米1701,2001282.0,1453.0,1456.0
2016-08-15,C1701,1456.0,1479.0,1456.0,1476.0,761808.0,1119975.18,玉米1701,2001696.0,1470.0,1476.0
2016-08-16,C1701,1478.0,1491.0,1473.0,1477.0,818392.0,1212231.84,玉米1701,1985074.0,1481.0,1477.0
2016-08-17,C1701,1480.0,1489.0,1476.0,1486.0,439918.0,653050.56,玉米1701,1937854.0,1484.0,1486.0
2016-08-18,C1701,1481.0,1496.0,1473.0,1475.0,766256.0,1137710.72,玉米1701,1987872.0,1484.0,1475.0
2016-08-19,C1701,1481.0,1482.0,1465.0,1467.0,550920.0,811088.56,玉米1701,2028444.0,1472.0,1467.0
2016-08-22,C1701,1470.0,1478.0,1465.0,1467.0,491350.0,723237.93,玉米1701,2014922.0,1471.0,1467.0
2016-08-23,C1701,1470.0,1474.0,1449.0,1455.0,663278.0,967739.1,玉米1701,2067838.0,1459.0,1455.0
2016-08-24,C1701,1456.0,1457.0,1444.0,1448.0,440120.0,637968.8,玉米1701,2086380.0,1449.0,1448.0
2016-08-25,C1701,1447.0,1458.0,1443.0,1452.0,626666.0,909132.46,玉米1701,2084890.0,1450.0,1452.0
2016-08-26,C1701,1450.0,1455.0,1446.0,1448.0,369984.0,536592.07,玉米1701,2106452.0,1450.0,1448.0
2016-08-29,C1701,1448.0,1474.0,1446.0,1469.0,866584.0,1269389.01,玉米1701,2113216.0,1464.0,1469.0
2016-08-30,C1701,1470.0,1475.0,1461.0,1461.0,641326.0,941466.56,玉米1701,2094872.0,1467.0,1461.0
2016-08-31,C1701,1461.0,1465.0,1449.0,1450.0,817662.0,1191056.17,玉米1701,2034414.0,1456.0,1450.0
2016-09-01,C1701,1450.0,1457.0,1447.0,1455.0,462844.0,672267.98,玉米1701,2059006.0,1452.0,1455.0
2016-09-02,C1701,1459.0,1463.0,1451.0,1455.0,634712.0,924997.08,玉米1701,2106288.0,1457.0,1455.0
2016-09-05,C1701,1457.0,1462.0,1423.0,1425.0,1308042.0,1879285.66,玉米1701,2236492.0,1436.0,1425.0
2016-09-06,C1701,1425.0,1431.0,1414.0,1428.0,796454.0,1133003.8,玉米1701,2272972.0,1422.0,1428.0
2016-09-07,C1701,1428.0,1439.0,1426.0,1433.0,572466.0,820249.42,玉米1701,2248962.0,1432.0,1433.0
2016-09-08,C1701,1435.0,1440.0,1429.0,1437.0,565470.0,811405.8,玉米1701,2244278.0,1434.0,1437.0
2016-09-09,C1701,1439.0,1442.0,1433.0,1436.0,364934.0,524463.04,玉米1701,2217082.0,1437.0,1436.0
2016-09-12,C1701,1438.0,1440.0,1423.0,1430.0,492350.0,704163.4,玉米1701,2192328.0,1430.0,1430.0
2016-09-13,C1701,1431.0,1459.0,1430.0,1452.0,1012552.0,1465757.04,玉米1701,2070980.0,1447.0,1452.0
2016-09-14,C1701,1448.0,1452.0,1440.0,1446.0,448700.0,648795.14,玉米1701,2031728.0,1445.0,1446.0
2016-09-19,C1701,1450.0,1471.0,1445.0,1466.0,1064256.0,1552673.31,玉米1701,2118060.0,1458.0,1466.0
2016-09-20,C1701,1464.0,1470.0,1458.0,1467.0,585162.0,857158.04,玉米1701,2094410.0,1464.0,1467.0
2016-09-21,C1701,1469.0,1473.0,1433.0,1435.0,1158232.0,1681082.77,玉米1701,2093078.0,1451.0,1435.0
2016-09-22,C1701,1435.0,1445.0,1425.0,1433.0,852430.0,1222370.13,玉米1701,2097196.0,1433.0,1433.0
2016-09-23,C1701,1431.0,1437.0,1417.0,1419.0,772508.0,1101630.23,玉米1701,2170126.0,1426.0,1419.0
2016-09-26,C1701,1415.0,1431.0,1409.0,1416.0,950466.0,1350301.6,玉米1701,2202430.0,1420.0,1416.0
2016-09-27,C1701,1412.0,1422.0,1402.0,1404.0,905908.0,1277949.13,玉米1701,2192928.0,1410.0,1404.0
2016-09-28,C1701,1407.0,1410.0,1389.0,1394.0,928952.0,1298055.37,玉米1701,2113326.0,1397.0,1394.0
2016-09-29,C1701,1397.0,1402.0,1383.0,1390.0,689130.0,959793.06,玉米1701,2074868.0,1392.0,1390.0
2016-09-30,C1701,1389.0,1399.0,1382.0,1394.0,600368.0,835826.84,玉米1701,1965638.0,1392.0,1394.0
2016-10-10,C1701,1400.0,1434.0,1399.0,1432.0,1006146.0,1426582.47,玉米1701,1838140.0,1417.0,1432.0
2016-10-11,C1701,1435.0,1437.0,1424.0,1427.0,477950.0,682752.57,玉米1701,1831112.0,1428.0,1427.0
2016-10-12,C1701,1428.0,1438.0,1419.0,1430.0,512662.0,731821.41,玉米1701,1845786.0,1427.0,1430.0
2016-10-13,C1701,1428.0,1436.0,1425.0,1435.0,524876.0,750837.62,玉米1701,1802232.0,1430.0,1435.0
2016-10-14,C1701,1441.0,1449.0,1436.0,1444.0,826556.0,1192447.98,玉米1701,1826492.0,1442.0,1444.0
2016-10-17,C1701,1450.0,1460.0,1437.0,1444.0,884592.0,1279632.37,玉米1701,1794600.0,1446.0,1444.0
2016-10-18,C1701,1444.0,1458.0,1432.0,1457.0,770424.0,1112632.47,玉米1701,1811834.0,1444.0,1457.0
2016-10-19,C1701,1460.0,1468.0,1451.0,1461.0,775952.0,1131765.62,玉米1701,1801300.0,1458.0,1461.0
2016-10-20,C1701,1468.0,1496.0,1464.0,1482.0,1397192.0,2069598.51,玉米1701,1792230.0,1481.0,1482.0
2016-10-21,C1701,1473.0,1482.0,1465.0,1479.0,685686.0,1010464.47,玉米1701,1750412.0,1473.0,1479.0
2016-10-24,C1701,1480.0,1497.0,1478.0,1489.0,720210.0,1072929.9,玉米1701,1752994.0,1489.0,1489.0
2016-10-25,C1701,1492.0,1495.0,1463.0,1467.0,812388.0,1201363.5,玉米1701,1692410.0,1478.0,1467.0
2016-10-26,C1701,1464.0,1505.0,1463.0,1504.0,930938.0,1382925.14,玉米1701,1754900.0,1485.0,1504.0
2016-10-27,C1701,1509.0,1535.0,1505.0,1531.0,1444008.0,2199138.33,玉米1701,1750574.0,1522.0,1531.0
2016-10-28,C1701,1538.0,1538.0,1512.0,1521.0,1025976.0,1563882.64,玉米1701,1692750.0,1524.0,1521.0
2016-10-31,C1701,1519.0,1528.0,1510.0,1517.0,637240.0,968327.91,玉米1701,1698200.0,1519.0,1517.0
2016-11-01,C1701,1515.0,1523.0,1504.0,1510.0,691494.0,1046104.66,玉米1701,1642298.0,1512.0,1510.0
2016-11-01,C1701,,,,6.04,0.0,,欧盟排放配额1701,0.0,6.04,6.04
2016-11-02,C1701,,,,6.25,0.0,,欧盟排放配额1701,0.0,6.25,6.25
2016-11-02,C1701,1502.0,1516.0,1489.0,1508.0,934720.0,1404580.72,玉米1701,1618860.0,1502.0,1508.0
2016-11-03,C1701,1505.0,1527.0,1504.0,1521.0,650552.0,987850.55,玉米1701,1582866.0,1518.0,1521.0
2016-11-03,C1701,,,,6.51,0.0,,欧盟排放配额1701,0.0,6.51,6.51
2016-11-04,C1701,1523.0,1541.0,1506.0,1511.0,855896.0,1302855.88,玉米1701,1482864.0,1522.0,1511.0
2016-11-04,C1701,,,,6.42,0.0,,欧盟排放配额1701,0.0,6.42,6.42
2016-11-07,C1701,,,,6.24,0.0,,欧盟排放配额1701,0.0,6.24,6.24
2016-11-07,C1701,1517.0,1541.0,1515.0,1533.0,648126.0,991111.06,玉米1701,1474850.0,1529.0,1533.0
2016-11-08,C1701,1532.0,1592.0,1526.0,1568.0,1572660.0,2456801.03,玉米1701,1384682.0,1562.0,1568.0
2016-11-08,C1701,,,,6.16,0.0,,欧盟排放配额1701,0.0,6.16,6.16
2016-11-09,C1701,1572.0,1586.0,1562.0,1578.0,825346.0,1299356.13,玉米1701,1307524.0,1574.0,1578.0
2016-11-09,C1701,,,,6.14,0.0,,欧盟排放配额1701,0.0,6.14,6.14
2016-11-10,C1701,,,,5.93,0.0,,欧盟排放配额1701,0.0,5.93,5.93
2016-11-10,C1701,1570.0,1633.0,1568.0,1623.0,1279318.0,2055257.57,玉米1701,1177430.0,1606.0,1623.0
2016-11-11,C1701,1630.0,1648.0,1617.0,1642.0,953942.0,1554279.63,玉米1701,1073222.0,1629.0,1642.0
2016-11-11,C1701,,,,5.68,0.0,,欧盟排放配额1701,0.0,5.68,5.68
2016-11-14,C1701,1596.0,1673.0,1580.0,1648.0,2007792.0,3293230.86,玉米1701,826438.0,1640.0,1648.0
2016-11-14,C1701,,,,5.42,0.0,,欧盟排放配额1701,0.0,5.42,5.42
2016-11-15,C1701,,,,5.74,0.0,,欧盟排放配额1701,0.0,5.74,5.74
2016-11-15,C1701,1648.0,1681.0,1632.0,1642.0,1040962.0,1724422.48,玉米1701,758444.0,1656.0,1642.0
2016-11-16,C1701,1654.0,1662.0,1609.0,1630.0,848216.0,1382325.5,玉米1701,695776.0,1629.0,1630.0
2016-11-16,C1701,,,,5.55,0.0,,欧盟排放配额1701,0.0,5.55,5.55
2016-11-17,C1701,1625.0,1634.0,1608.0,1617.0,469856.0,760800.1,玉米1701,662248.0,1619.0,1617.0
2016-11-17,C1701,,,,5.9,0.0,,欧盟排放配额1701,0.0,5.9,5.9
2016-11-18,C1701,,,,5.58,0.0,,欧盟排放配额1701,0.0,5.58,5.58
2016-11-18,C1701,1622.0,1638.0,1604.0,1606.0,590502.0,959508.17,玉米1701,649018.0,1624.0,1606.0
2016-11-21,C1701,1615.0,1624.0,1608.0,1619.0,393604.0,636610.62,玉米1701,618624.0,1617.0,1619.0
2016-11-21,C1701,,,,5.48,0.0,,欧盟排放配额1701,0.0,5.48,5.48
2016-11-22,C1701,1624.0,1651.0,1624.0,1636.0,489582.0,801495.79,玉米1701,566240.0,1637.0,1636.0
2016-11-22,C1701,,,,5.51,0.0,,欧盟排放配额1701,0.0,5.51,5.51
2016-11-23,C1701,,,,5.39,0.0,,欧盟排放配额1701,0.0,5.39,5.39
2016-11-23,C1701,1635.0,1640.0,1606.0,1609.0,313960.0,508091.61,玉米1701,537744.0,1618.0,1609.0
2016-11-24,C1701,1615.0,1620.0,1586.0,1592.0,347940.0,555908.34,玉米1701,502762.0,1597.0,1592.0
2016-11-24,C1701,,,,5.34,0.0,,欧盟排放配额1701,0.0,5.34,5.34
2016-11-25,C1701,1581.0,1590.0,1555.0,1563.0,300548.0,471302.94,玉米1701,467368.0,1568.0,1563.0
2016-11-25,C1701,,,,5.0,0.0,,欧盟排放配额1701,0.0,5.0,5.0
2016-11-28,C1701,,,,4.74,0.0,,欧盟排放配额1701,0.0,4.74,4.74
2016-11-28,C1701,1565.0,1582.0,1565.0,1572.0,177338.0,279426.22,玉米1701,450000.0,1575.0,1572.0
2016-11-29,C1701,1575.0,1595.0,1569.0,1586.0,211768.0,335295.68,玉米1701,410718.0,1583.0,1586.0
2016-11-29,C1701,,,,4.56,0.0,,欧盟排放配额1701,0.0,4.56,4.56
2016-11-30,C1701,1583.0,1618.0,1578.0,1602.0,300156.0,481268.68,玉米1701,390268.0,1603.0,1602.0
2016-11-30,C1701,,,,4.58,0.0,,欧盟排放配额1701,0.0,4.58,4.58
2016-12-01,C1701,,,,4.46,0.0,,欧盟排放配额1701,0.0,4.46,4.46
2016-12-01,C1701,1606.0,1619.0,1603.0,1618.0,138314.0,222893.32,玉米1701,384030.0,1611.0,1618.0
2016-12-02,C1701,1619.0,1628.0,1606.0,1619.0,114916.0,186066.76,玉米1701,358214.0,1619.0,1619.0
2016-12-02,C1701,,,,4.3,0.0,,欧盟排放配额1701,0.0,4.3,4.3
2016-12-05,C1701,1622.0,1630.0,1612.0,1617.0,117264.0,190200.52,玉米1701,316906.0,1621.0,1617.0
2016-12-05,C1701,,,,4.37,0.0,,欧盟排放配额1701,0.0,4.37,4.37
2016-12-06,C1701,,,,4.5,0.0,,欧盟排放配额1701,0.0,4.5,4.5
2016-12-06,C1701,1622.0,1629.0,1605.0,1607.0,86826.0,140105.41,玉米1701,298302.0,1613.0,1607.0
2016-12-07,C1701,1610.0,1616.0,1602.0,1605.0,70882.0,114024.12,玉米1701,275460.0,1608.0,1605.0
2016-12-07,C1701,,,,4.3,0.0,,欧盟排放配额1701,0.0,4.3,4.3
2016-12-08,C1701,1604.0,1604.0,1581.0,1584.0,84424.0,134180.68,玉米1701,258216.0,1589.0,1584.0
2016-12-08,C1701,,,,4.61,0.0,,欧盟排放配额1701,0.0,4.61,4.61
2016-12-09,C1701,,,,4.46,0.0,,欧盟排放配额1701,0.0,4.46,4.46
2016-12-09,C1701,1578.0,1594.0,1576.0,1584.0,46144.0,73246.1,玉米1701,247134.0,1587.0,1584.0
2016-12-12,C1701,1581.0,1581.0,1548.0,1552.0,118278.0,184550.64,玉米1701,225536.0,1560.0,1552.0
2016-12-12,C1701,,,,4.87,0.0,,欧盟排放配额1701,0.0,4.87,4.87
2016-12-13,C1701,1550.0,1565.0,1549.0,1561.0,49090.0,76446.79,玉米1701,210540.0,1557.0,1561.0
2016-12-13,C1701,,,,4.79,0.0,,欧盟排放配额1701,0.0,4.79,4.79
2016-12-14,C1701,,,,5.01,0.0,,欧盟排放配额1701,0.0,5.01,5.01
2016-12-14,C1701,1559.0,1568.0,1557.0,1560.0,44060.0,68938.54,玉米1701,193474.0,1564.0,1560.0
2016-12-15,C1701,1557.0,1581.0,1555.0,1577.0,36872.0,57947.14,玉米1701,183646.0,1571.0,1577.0
2016-12-15,C1701,,,,4.84,0.0,,欧盟排放配额1701,0.0,4.84,4.84
2016-12-16,C1701,1577.0,1592.0,1571.0,1586.0,39132.0,61990.93,玉米1701,165478.0,1584.0,1586.0
2016-12-16,C1701,,,,4.93,0.0,,欧盟排放配额1701,0.0,4.93,4.93
2016-12-19,C1701,5.11,5.11,5.11,5.11,4.0,,欧盟排放配额1701,4.0,5.09,5.11
2016-12-19,C1701,1575.0,1588.0,1560.0,1561.0,40630.0,64107.75,玉米1701,147514.0,1577.0,1561.0
2016-12-20,C1701,1560.0,1560.0,1521.0,1534.0,55184.0,84921.12,玉米1701,132124.0,1538.0,1534.0
2016-12-20,C1701,5.22,5.22,5.22,5.22,16.0,,欧盟排放配额1701,16.0,5.23,5.22
2016-12-21,C1701,1537.0,1548.0,1529.0,1535.0,19956.0,30695.28,玉米1701,126230.0,1538.0,1535.0
2016-12-21,C1701,,,,5.8,0.0,,欧盟排放配额1701,16.0,5.8,5.8
2016-12-22,C1701,5.87,5.89,5.87,5.89,2.0,,欧盟排放配额1701,17.0,6.07,5.89
2016-12-22,C1701,1537.0,1538.0,1526.0,1526.0,22144.0,33913.62,玉米1701,117084.0,1531.0,1526.0
2016-12-23,C1701,1525.0,1539.0,1522.0,1537.0,23822.0,36440.43,玉米1701,107258.0,1529.0,1537.0
2016-12-23,C1701,,,,6.22,0.0,,欧盟排放配额1701,17.0,6.22,6.22
2016-12-26,C1701,1530.0,1543.0,1530.0,1541.0,30102.0,46244.44,玉米1701,93246.0,1536.0,1541.0
2016-12-27,C1701,1537.0,1545.0,1532.0,1535.0,29360.0,45187.5,玉米1701,72740.0,1539.0,1535.0
2016-12-27,C1701,,,,6.32,0.0,,欧盟排放配额1701,17.0,6.32,6.32
2016-12-28,C1701,,,,6.32,50.0,,欧盟排放配额1701,55.0,6.32,6.32
2016-12-28,C1701,1539.0,1540.0,1526.0,1527.0,23530.0,35998.64,玉米1701,56626.0,1529.0,1527.0
2016-12-29,C1701,,,,6.34,200.0,,欧盟排放配额1701,255.0,6.34,6.34
2016-12-29,C1701,1525.0,1531.0,1498.0,1501.0,28490.0,43274.76,玉米1701,35308.0,1518.0,1501.0
2016-12-30,C1701,1501.0,1518.0,1483.0,1489.0,23498.0,35273.35,玉米1701,20490.0,1501.0,1489.0
2016-12-30,C1701,,,,6.54,1.0,,欧盟排放配额1701,,6.54,6.54
2017-01-11,C1701,,,,5.51,0.0,,欧盟排放配额1701,292.0,5.51,5.51
2017-01-12,C1701,1510.0,1510.0,1510.0,1510.0,100.0,151.0,玉米1701,7800.0,1510.0,1510.0
2017-01-12,C1701,,,,5.03,1.0,,欧盟排放配额1701,292.0,5.03,5.03
2017-01-13,C1701,0.0,0.0,0.0,1510.0,0.0,0.0,玉米1701,7122.0,1510.0,1510.0
2017-01-13,C1701,,,,5.03,0.0,,欧盟排放配额1701,292.0,5.03,5.03
2017-01-16,C1701,4.96,4.96,4.85,4.85,7.0,,欧盟排放配额1701,292.0,4.69,4.85
2017-01-16,C1701,0.0,0.0,0.0,1495.0,0.0,0.0,玉米1701,0.0,1495.0,1495.0
2017-01-17,C1701,4.66,4.66,4.66,4.66,1.0,,欧盟排放配额1701,292.0,4.99,4.66
2017-01-18,C1701,4.96,4.96,4.93,4.93,19.0,,欧盟排放配额1701,292.0,4.83,4.93
2017-01-19,C1701,4.9,4.95,4.9,4.95,15.0,,欧盟排放配额1701,292.0,5.19,4.95
2017-01-20,C1701,,,,5.42,0.0,,欧盟排放配额1701,292.0,5.42,5.42
2017-01-23,C1701,,,,5.31,0.0,,欧盟排放配额1701,292.0,5.31,5.31
2017-01-24,C1701,5.19,5.19,5.19,5.19,2.0,,欧盟排放配额1701,292.0,5.07,5.19
2017-01-25,C1701,4.95,4.99,4.95,4.99,3.0,,欧盟排放配额1701,292.0,4.97,4.99
2017-01-26,C1701,,,,5.19,0.0,,欧盟排放配额1701,292.0,5.19,5.19
2017-01-27,C1701,,,,4.91,0.0,,欧盟排放配额1701,292.0,4.91,4.91
2017-01-30,C1701,,,,5.15,0.0,,欧盟排放配额1701,292.0,5.15,5.15
