date,symbol,open,high,low,close,volume,amount,name,openinterest,settleprice,price
2016-11-15,C1711,1592.0,1593.0,1558.0,1558.0,8.0,12.67,玉米1711,8.0,1583.0,1558.0
2016-11-16,C1711,1596.0,1597.0,1571.0,1597.0,90.0,142.69,玉米1711,52.0,1585.0,1597.0
2016-11-17,C1711,1580.0,1589.0,1577.0,1586.0,34.0,53.86,玉米1711,72.0,1583.0,1586.0
2016-11-18,C1711,1598.0,1598.0,1578.0,1578.0,38.0,60.32,玉米1711,90.0,1587.0,1578.0
2016-11-21,C1711,1586.0,1592.0,1586.0,1592.0,36.0,57.17,玉米1711,122.0,1588.0,1592.0
2016-11-22,C1711,1610.0,1610.0,1600.0,1601.0,48.0,77.02,玉米1711,128.0,1604.0,1601.0
2016-11-23,C1711,1605.0,1608.0,1594.0,1597.0,34.0,54.46,玉米1711,148.0,1601.0,1597.0
2016-11-24,C1711,1592.0,1597.0,1585.0,1586.0,46.0,73.18,玉米1711,176.0,1590.0,1586.0
2016-11-25,C1711,1591.0,1591.0,1565.0,1576.0,102.0,160.51,玉米1711,250.0,1573.0,1576.0
2016-11-28,C1711,1584.0,1585.0,1569.0,1585.0,38.0,60.04,玉米1711,252.0,1579.0,1585.0
2016-11-29,C1711,1581.0,1655.0,1581.0,1600.0,62.0,99.86,玉米1711,256.0,1610.0,1600.0
2016-11-30,C1711,1580.0,1606.0,1580.0,1601.0,48.0,76.82,玉米1711,266.0,1600.0,1601.0
2016-12-01,C1711,1604.0,1614.0,1601.0,1603.0,38.0,60.97,玉米1711,258.0,1604.0,1603.0
2016-12-02,C1711,1611.0,1618.0,1600.0,1608.0,68.0,109.34,玉米1711,282.0,1607.0,1608.0
2016-12-05,C1711,1649.0,1649.0,1612.0,1627.0,62.0,100.51,玉米1711,292.0,1621.0,1627.0
2016-12-06,C1711,1616.0,1621.0,1613.0,1613.0,22.0,35.55,玉米1711,294.0,1615.0,1613.0
2016-12-07,C1711,1607.0,1618.0,1607.0,1612.0,18.0,29.02,玉米1711,294.0,1612.0,1612.0
2016-12-08,C1711,1612.0,1612.0,1599.0,1599.0,52.0,83.39,玉米1711,326.0,1603.0,1599.0
2016-12-09,C1711,1593.0,1606.0,1593.0,1603.0,24.0,38.44,玉米1711,328.0,1601.0,1603.0
2016-12-12,C1711,1601.0,1607.0,1590.0,1596.0,80.0,127.72,玉米1711,360.0,1596.0,1596.0
2016-12-13,C1711,1603.0,1609.0,1598.0,1609.0,36.0,57.8,玉米1711,378.0,1605.0,1609.0
2016-12-14,C1711,1600.0,1600.0,1600.0,1600.0,8.0,12.8,玉米1711,382.0,1600.0,1600.0
2016-12-15,C1711,1591.0,1609.0,1591.0,1606.0,38.0,60.93,玉米1711,398.0,1603.0,1606.0
2016-12-16,C1711,1620.0,1623.0,1603.0,1614.0,66.0,106.51,玉米1711,394.0,1613.0,1614.0
2016-12-19,C1711,1611.0,1622.0,1595.0,1598.0,108.0,173.68,玉米1711,410.0,1608.0,1598.0
2016-12-20,C1711,1599.0,1599.0,1582.0,1582.0,94.0,149.32,玉米1711,426.0,1588.0,1582.0
2016-12-21,C1711,1590.0,1594.0,1573.0,1582.0,62.0,98.19,玉米1711,452.0,1583.0,1582.0
2016-12-22,C1711,1583.0,1585.0,1563.0,1563.0,66.0,104.09,玉米1711,488.0,1577.0,1563.0
2016-12-23,C1711,1564.0,1595.0,1564.0,1592.0,46.0,72.66,玉米1711,486.0,1579.0,1592.0
2016-12-26,C1711,1588.0,1602.0,1581.0,1599.0,90.0,143.04,玉米1711,510.0,1589.0,1599.0
2016-12-27,C1711,1599.0,1612.0,1595.0,1608.0,306.0,490.29,玉米1711,644.0,1602.0,1608.0
2016-12-28,C1711,1606.0,1614.0,1597.0,1611.0,192.0,307.9,玉米1711,666.0,1603.0,1611.0
2016-12-29,C1711,1603.0,1624.0,1600.0,1601.0,122.0,196.61,玉米1711,696.0,1611.0,1601.0
2016-12-30,C1711,1598.0,1616.0,1598.0,1608.0,78.0,125.61,玉米1711,712.0,1610.0,1608.0
2017-01-12,C1711,1609.0,1612.0,1598.0,1606.0,352.0,565.48,玉米1711,1030.0,1606.0,1606.0
2017-01-13,C1711,1609.0,1618.0,1606.0,1610.0,208.0,335.44,玉米1711,1002.0,1612.0,1610.0
2017-01-16,C1711,1608.0,1614.0,1604.0,1610.0,248.0,399.02,玉米1711,980.0,1608.0,1610.0
2017-01-17,C1711,1617.0,1617.0,1607.0,1611.0,146.0,235.38,玉米1711,1054.0,1612.0,1611.0
2017-01-18,C1711,1614.0,1634.0,1609.0,1634.0,262.0,424.16,玉米1711,1052.0,1618.0,1634.0
2017-01-19,C1711,1640.0,1659.0,1632.0,1649.0,518.0,853.13,玉米1711,1170.0,1646.0,1649.0
2017-01-20,C1711,1649.0,1665.0,1644.0,1663.0,98.0,162.1,玉米1711,1180.0,1654.0,1663.0
2017-01-23,C1711,1684.0,1684.0,1655.0,1660.0,172.0,285.95,玉米1711,1140.0,1662.0,1660.0
2017-01-24,C1711,1657.0,1666.0,1648.0,1649.0,172.0,284.69,玉米1711,1088.0,1655.0,1649.0
2017-01-25,C1711,1638.0,1678.0,1634.0,1646.0,554.0,912.43,玉米1711,1132.0,1646.0,1646.0
2017-01-26,C1711,1665.0,1665.0,1647.0,1655.0,180.0,297.1,玉米1711,1142.0,1650.0,1655.0
2017-02-03,C1711,1670.0,1670.0,1651.0,1667.0,122.0,202.98,玉米1711,1130.0,1663.0,1667.0
2017-02-06,C1711,1684.0,1746.0,1672.0,1718.0,716.0,1229.05,玉米1711,1384.0,1716.0,1718.0
2017-02-07,C1711,1708.0,1734.0,1705.0,1716.0,1314.0,2261.66,玉米1711,1944.0,1721.0,1716.0
2017-02-08,C1711,1719.0,1730.0,1717.0,1726.0,292.0,503.73,玉米1711,1912.0,1725.0,1726.0
2017-02-09,C1711,1725.0,1739.0,1719.0,1719.0,240.0,415.15,玉米1711,1900.0,1729.0,1719.0
2017-02-10,C1711,1721.0,1727.0,1709.0,1718.0,132.0,226.67,玉米1711,1894.0,1717.0,1718.0
2017-02-13,C1711,1731.0,1732.0,1718.0,1719.0,132.0,227.54,玉米1711,1830.0,1723.0,1719.0
2017-02-14,C1711,1717.0,1719.0,1698.0,1701.0,136.0,231.95,玉米1711,1890.0,1705.0,1701.0
2017-02-15,C1711,1695.0,1706.0,1687.0,1690.0,170.0,288.77,玉米1711,2006.0,1698.0,1690.0
2017-02-16,C1711,1704.0,1705.0,1691.0,1693.0,110.0,187.03,玉米1711,2054.0,1700.0,1693.0
2017-02-17,C1711,1694.0,1699.0,1679.0,1690.0,402.0,682.07,玉米1711,2052.0,1696.0,1690.0
2017-02-20,C1711,1704.0,1706.0,1694.0,1705.0,122.0,207.36,玉米1711,1984.0,1699.0,1705.0
2017-02-21,C1711,1707.0,1722.0,1707.0,1713.0,184.0,315.16,玉米1711,2008.0,1712.0,1713.0
2017-02-22,C1711,1713.0,1714.0,1704.0,1714.0,64.0,109.43,玉米1711,1976.0,1709.0,1714.0
2017-02-23,C1711,1715.0,1720.0,1693.0,1701.0,208.0,354.61,玉米1711,1964.0,1704.0,1701.0
2017-02-24,C1711,1692.0,1709.0,1688.0,1709.0,126.0,214.35,玉米1711,1920.0,1701.0,1709.0
2017-02-27,C1711,1717.0,1729.0,1715.0,1727.0,146.0,251.15,玉米1711,1860.0,1720.0,1727.0
2017-02-28,C1711,1720.0,1738.0,1717.0,1727.0,118.0,204.02,玉米1711,1850.0,1728.0,1727.0
2017-03-01,C1711,1732.0,1733.0,1714.0,1727.0,208.0,358.63,玉米1711,1764.0,1724.0,1727.0
2017-03-02,C1711,1733.0,1740.0,1728.0,1728.0,84.0,145.6,玉米1711,1772.0,1733.0,1728.0
2017-03-03,C1711,1731.0,1743.0,1730.0,1743.0,328.0,568.89,玉米1711,1850.0,1734.0,1743.0
2017-03-06,C1711,1748.0,1790.0,1746.0,1756.0,316.0,555.68,玉米1711,1856.0,1758.0,1756.0
2017-03-07,C1711,1761.0,1761.0,1745.0,1749.0,182.0,318.69,玉米1711,1864.0,1751.0,1749.0
2017-03-08,C1711,1736.0,1747.0,1730.0,1733.0,302.0,524.39,玉米1711,1862.0,1736.0,1733.0
2017-03-09,C1711,1732.0,1732.0,1716.0,1726.0,196.0,337.65,玉米1711,1890.0,1722.0,1726.0
2017-03-10,C1711,1720.0,1725.0,1712.0,1712.0,192.0,329.68,玉米1711,1876.0,1717.0,1712.0
2017-03-13,C1711,1681.0,1721.0,1681.0,1718.0,140.0,240.17,玉米1711,1962.0,1715.0,1718.0
2017-03-14,C1711,1720.0,1729.0,1685.0,1685.0,258.0,442.31,玉米1711,2006.0,1714.0,1685.0
2017-03-15,C1711,1695.0,1715.0,1695.0,1709.0,162.0,276.72,玉米1711,2012.0,1708.0,1709.0
2017-03-16,C1711,1717.0,1717.0,1699.0,1708.0,246.0,419.89,玉米1711,2118.0,1706.0,1708.0
2017-03-17,C1711,1708.0,1711.0,1703.0,1710.0,60.0,102.46,玉米1711,2122.0,1707.0,1710.0
2017-03-20,C1711,1722.0,1732.0,1715.0,1720.0,684.0,1178.84,玉米1711,2248.0,1723.0,1720.0
2017-03-21,C1711,1713.0,1728.0,1711.0,1722.0,488.0,838.39,玉米1711,2504.0,1718.0,1722.0
2017-03-22,C1711,1743.0,1745.0,1708.0,1737.0,216.0,373.62,玉米1711,2542.0,1729.0,1737.0
2017-03-23,C1711,1730.0,1739.0,1716.0,1719.0,720.0,1237.72,玉米1711,2294.0,1719.0,1719.0
2017-03-24,C1711,1714.0,1730.0,1714.0,1730.0,198.0,340.49,玉米1711,2202.0,1719.0,1730.0
2017-03-27,C1711,1728.0,1733.0,1715.0,1719.0,186.0,320.76,玉米1711,2114.0,1724.0,1719.0
2017-03-28,C1711,1718.0,1733.0,1716.0,1725.0,286.0,494.5,玉米1711,1948.0,1729.0,1725.0
2017-03-29,C1711,1720.0,1723.0,1703.0,1703.0,618.0,1057.63,玉米1711,1836.0,1711.0,1703.0
2017-03-30,C1711,1707.0,1707.0,1701.0,1702.0,40.0,68.15,玉米1711,1828.0,1703.0,1702.0
2017-03-31,C1711,1707.0,1712.0,1702.0,1705.0,24.0,40.97,玉米1711,1834.0,1707.0,1705.0
2017-04-05,C1711,1710.0,1715.0,1704.0,1704.0,22.0,37.61,玉米1711,1830.0,1709.0,1704.0
2017-04-06,C1711,1700.0,1714.0,1693.0,1709.0,96.0,163.72,玉米1711,1820.0,1705.0,1709.0
2017-04-07,C1711,1718.0,1718.0,1693.0,1695.0,60.0,101.94,玉米1711,1820.0,1698.0,1695.0
2017-04-10,C1711,1692.0,1705.0,1691.0,1697.0,266.0,450.44,玉米1711,2032.0,1693.0,1697.0
2017-04-11,C1711,1699.0,1705.0,1671.0,1671.0,418.0,703.44,玉米1711,2072.0,1682.0,1671.0
2017-04-12,C1711,1671.0,1678.0,1662.0,1662.0,178.0,296.98,玉米1711,2112.0,1668.0,1662.0
2017-04-13,C1711,1669.0,1675.0,1659.0,1667.0,146.0,243.04,玉米1711,2120.0,1664.0,1667.0
2017-04-14,C1711,1664.0,1680.0,1654.0,1656.0,108.0,179.93,玉米1711,2068.0,1666.0,1656.0
2017-04-17,C1711,1672.0,1674.0,1660.0,1668.0,104.0,173.33,玉米1711,2092.0,1666.0,1668.0
2017-04-18,C1711,1669.0,1674.0,1660.0,1660.0,246.0,410.47,玉米1711,2092.0,1668.0,1660.0
2017-04-19,C1711,1651.0,1654.0,1644.0,1646.0,852.0,1405.24,玉米1711,2268.0,1649.0,1646.0
2017-04-20,C1711,1654.0,1658.0,1653.0,1655.0,178.0,294.59,玉米1711,2154.0,1655.0,1655.0
2017-04-21,C1711,1661.0,1682.0,1661.0,1679.0,78.0,130.23,玉米1711,2138.0,1669.0,1679.0
2017-04-24,C1711,1678.0,1687.0,1670.0,1674.0,258.0,433.87,玉米1711,2122.0,1681.0,1674.0
2017-04-25,C1711,1676.0,1677.0,1663.0,1665.0,180.0,300.61,玉米1711,2124.0,1670.0,1665.0
2017-04-26,C1711,1680.0,1682.0,1670.0,1677.0,46.0,77.16,玉米1711,2154.0,1677.0,1677.0
2017-04-27,C1711,1660.0,1666.0,1655.0,1655.0,70.0,116.25,玉米1711,2160.0,1660.0,1655.0
2017-04-28,C1711,1660.0,1666.0,1657.0,1657.0,6.0,9.97,玉米1711,2160.0,1661.0,1657.0
2017-05-02,C1711,1663.0,1686.0,1663.0,1685.0,220.0,369.88,玉米1711,2050.0,1681.0,1685.0
2017-05-03,C1711,1673.0,1675.0,1669.0,1671.0,78.0,130.35,玉米1711,2044.0,1671.0,1671.0
2017-05-04,C1711,1675.0,1685.0,1665.0,1676.0,98.0,164.09,玉米1711,2022.0,1674.0,1676.0
2017-05-05,C1711,1677.0,1679.0,1666.0,1670.0,42.0,70.4,玉米1711,2020.0,1676.0,1670.0
2017-05-08,C1711,1678.0,1685.0,1673.0,1678.0,24.0,40.31,玉米1711,2022.0,1679.0,1678.0
2017-05-09,C1711,1672.0,1672.0,1658.0,1660.0,130.0,215.98,玉米1711,2036.0,1661.0,1660.0
2017-05-10,C1711,1667.0,1669.0,1656.0,1662.0,24.0,39.88,玉米1711,2022.0,1661.0,1662.0
2017-05-11,C1711,1665.0,1678.0,1662.0,1677.0,28.0,46.84,玉米1711,2010.0,1672.0,1677.0
2017-05-12,C1711,1671.0,1678.0,1671.0,1673.0,80.0,133.94,玉米1711,2010.0,1674.0,1673.0
2017-05-15,C1711,1684.0,1686.0,1666.0,1666.0,78.0,131.24,玉米1711,1950.0,1682.0,1666.0
2017-05-16,C1711,1667.0,1668.0,1664.0,1666.0,94.0,156.51,玉米1711,1970.0,1665.0,1666.0
2017-05-17,C1711,1667.0,1676.0,1667.0,1674.0,46.0,76.96,玉米1711,1946.0,1673.0,1674.0
2017-05-18,C1711,1666.0,1666.0,1666.0,1666.0,2.0,3.33,玉米1711,1946.0,1666.0,1666.0
2017-05-19,C1711,1667.0,1676.0,1666.0,1672.0,30.0,50.16,玉米1711,1924.0,1672.0,1672.0
2017-05-22,C1711,1672.0,1672.0,1652.0,1657.0,290.0,480.71,玉米1711,1940.0,1657.0,1657.0
2017-05-23,C1711,1661.0,1664.0,1653.0,1657.0,216.0,357.89,玉米1711,1948.0,1656.0,1657.0
2017-05-24,C1711,1657.0,1667.0,1657.0,1661.0,100.0,166.1,玉米1711,1916.0,1661.0,1661.0
2017-05-25,C1711,1658.0,1664.0,1656.0,1657.0,36.0,59.71,玉米1711,1922.0,1658.0,1657.0
2017-05-26,C1711,1656.0,1657.0,1655.0,1657.0,6.0,9.94,玉米1711,1916.0,1656.0,1657.0
2017-05-31,C1711,1653.0,1660.0,1651.0,1651.0,180.0,297.92,玉米1711,1848.0,1655.0,1651.0
2017-06-01,C1711,1654.0,1669.0,1654.0,1667.0,122.0,202.45,玉米1711,1826.0,1659.0,1667.0
2017-06-02,C1711,1668.0,1679.0,1668.0,1670.0,508.0,848.9,玉米1711,1344.0,1671.0,1670.0
2017-06-05,C1711,1673.0,1677.0,1673.0,1677.0,22.0,36.86,玉米1711,1340.0,1675.0,1677.0
2017-06-06,C1711,1674.0,1678.0,1670.0,1676.0,34.0,56.91,玉米1711,1336.0,1673.0,1676.0
2017-06-07,C1711,1679.0,1679.0,1673.0,1675.0,26.0,43.59,玉米1711,1350.0,1676.0,1675.0
2017-06-08,C1711,1678.0,1679.0,1673.0,1673.0,94.0,157.6,玉米1711,1392.0,1676.0,1673.0
2017-06-09,C1711,1678.0,1706.0,1678.0,1703.0,138.0,233.56,玉米1711,1372.0,1692.0,1703.0
2017-06-12,C1711,1703.0,1723.0,1701.0,1720.0,208.0,356.01,玉米1711,1308.0,1711.0,1720.0
2017-06-13,C1711,1711.0,1714.0,1707.0,1707.0,62.0,105.99,玉米1711,1316.0,1709.0,1707.0
2017-06-14,C1711,1712.0,1713.0,1701.0,1709.0,260.0,443.21,玉米1711,1462.0,1704.0,1709.0
2017-06-15,C1711,1703.0,1710.0,1703.0,1710.0,100.0,170.62,玉米1711,1460.0,1706.0,1710.0
2017-06-16,C1711,1708.0,1710.0,1696.0,1698.0,58.0,98.91,玉米1711,1472.0,1705.0,1698.0
2017-06-19,C1711,1696.0,1703.0,1683.0,1687.0,108.0,182.9,玉米1711,1438.0,1693.0,1687.0
2017-06-20,C1711,1686.0,1688.0,1680.0,1688.0,70.0,117.91,玉米1711,1378.0,1684.0,1688.0
2017-06-21,C1711,1694.0,1694.0,1687.0,1688.0,20.0,33.82,玉米1711,1372.0,1690.0,1688.0
2017-06-22,C1711,1688.0,1692.0,1687.0,1687.0,42.0,70.91,玉米1711,1350.0,1688.0,1687.0
2017-06-23,C1711,1687.0,1739.0,1687.0,1690.0,1140.0,1948.84,玉米1711,1454.0,1709.0,1690.0
2017-06-26,C1711,1702.0,1717.0,1702.0,1706.0,350.0,598.41,玉米1711,1480.0,1709.0,1706.0
2017-06-27,C1711,1702.0,1713.0,1695.0,1709.0,184.0,313.7,玉米1711,1546.0,1704.0,1709.0
2017-06-28,C1711,1709.0,1717.0,1694.0,1694.0,210.0,358.94,玉米1711,1522.0,1709.0,1694.0
2017-06-29,C1711,1701.0,1702.0,1691.0,1696.0,118.0,200.5,玉米1711,1508.0,1699.0,1696.0
2017-06-30,C1711,1706.0,1706.0,1694.0,1694.0,110.0,187.01,玉米1711,1448.0,1700.0,1694.0
2017-07-03,C1711,1705.0,1705.0,1697.0,1698.0,56.0,95.23,玉米1711,1452.0,1700.0,1698.0
