date,symbol,open,high,low,close,volume,amount,name,openinterest,settleprice,price
2017-01-17,C1801,1618.0,1627.0,1590.0,1624.0,15452.0,25032.11,玉米1801,13400.0,1619.0,1624.0
2017-01-18,C1801,1624.0,1672.0,1620.0,1671.0,12248.0,20086.26,玉米1801,20518.0,1639.0,1671.0
2017-01-19,C1801,1672.0,1697.0,1662.0,1689.0,28874.0,48592.64,玉米1801,33788.0,1682.0,1689.0
2017-01-20,C1801,1688.0,1708.0,1683.0,1703.0,19646.0,33333.6,玉米1801,41230.0,1696.0,1703.0
2017-01-23,C1801,1711.0,1717.0,1693.0,1696.0,20062.0,34127.4,玉米1801,48948.0,1701.0,1696.0
2017-01-24,C1801,1695.0,1702.0,1682.0,1684.0,14858.0,25171.66,玉米1801,52136.0,1694.0,1684.0
2017-01-25,C1801,1680.0,1683.0,1666.0,1680.0,20562.0,34423.61,玉米1801,55710.0,1674.0,1680.0
2017-01-26,C1801,1685.0,1697.0,1674.0,1683.0,7254.0,12217.41,玉米1801,58346.0,1684.0,1683.0
2017-02-03,C1801,1683.0,1703.0,1683.0,1702.0,9220.0,15636.46,玉米1801,62170.0,1695.0,1702.0
2017-02-06,C1801,1708.0,1779.0,1708.0,1743.0,73668.0,128926.75,玉米1801,99100.0,1750.0,1743.0
2017-02-07,C1801,1740.0,1749.0,1728.0,1730.0,126962.0,220436.56,玉米1801,182910.0,1736.0,1730.0
2017-02-08,C1801,1739.0,1750.0,1735.0,1744.0,66448.0,115777.37,玉米1801,216702.0,1742.0,1744.0
2017-02-09,C1801,1746.0,1759.0,1734.0,1737.0,61396.0,107362.19,玉米1801,239442.0,1748.0,1737.0
2017-02-10,C1801,1738.0,1746.0,1730.0,1738.0,34200.0,59431.97,玉米1801,245610.0,1737.0,1738.0
2017-02-13,C1801,1742.0,1753.0,1738.0,1739.0,41208.0,71869.48,玉米1801,253310.0,1744.0,1739.0
2017-02-14,C1801,1739.0,1743.0,1713.0,1715.0,39184.0,67617.26,玉米1801,263860.0,1725.0,1715.0
2017-02-15,C1801,1710.0,1723.0,1703.0,1703.0,25156.0,43131.43,玉米1801,270936.0,1714.0,1703.0
2017-02-16,C1801,1713.0,1723.0,1706.0,1711.0,49076.0,84238.39,玉米1801,287420.0,1716.0,1711.0
2017-02-17,C1801,1706.0,1713.0,1693.0,1706.0,41538.0,70709.47,玉米1801,287942.0,1702.0,1706.0
2017-02-20,C1801,1702.0,1720.0,1702.0,1720.0,34598.0,59331.8,玉米1801,296170.0,1714.0,1720.0
2017-02-21,C1801,1721.0,1730.0,1717.0,1719.0,39076.0,67374.52,玉米1801,299410.0,1724.0,1719.0
2017-02-22,C1801,1714.0,1728.0,1714.0,1728.0,24054.0,41447.4,玉米1801,303138.0,1723.0,1728.0
2017-02-23,C1801,1727.0,1732.0,1707.0,1712.0,39542.0,67982.38,玉米1801,301128.0,1719.0,1712.0
2017-02-24,C1801,1707.0,1728.0,1695.0,1728.0,47338.0,81181.82,玉米1801,299996.0,1714.0,1728.0
2017-02-27,C1801,1729.0,1742.0,1728.0,1739.0,45020.0,78124.83,玉米1801,299458.0,1735.0,1739.0
2017-02-28,C1801,1742.0,1749.0,1734.0,1745.0,32846.0,57156.7,玉米1801,305348.0,1740.0,1745.0
2017-03-01,C1801,1749.0,1752.0,1731.0,1744.0,29060.0,50667.69,玉米1801,313206.0,1743.0,1744.0
2017-03-02,C1801,1749.0,1756.0,1745.0,1749.0,36262.0,63490.31,玉米1801,325306.0,1750.0,1749.0
2017-03-03,C1801,1743.0,1765.0,1741.0,1764.0,24530.0,42984.01,玉米1801,330150.0,1752.0,1764.0
2017-03-06,C1801,1765.0,1787.0,1765.0,1775.0,56718.0,100827.78,玉米1801,350760.0,1777.0,1775.0
2017-03-07,C1801,1773.0,1779.0,1765.0,1768.0,52638.0,93192.49,玉米1801,364272.0,1770.0,1768.0
2017-03-08,C1801,1765.0,1765.0,1747.0,1750.0,43870.0,77073.32,玉米1801,367678.0,1756.0,1750.0
2017-03-09,C1801,1749.0,1752.0,1737.0,1744.0,65334.0,113923.37,玉米1801,377452.0,1743.0,1744.0
2017-03-10,C1801,1740.0,1743.0,1726.0,1727.0,55524.0,96262.22,玉米1801,379608.0,1733.0,1727.0
2017-03-13,C1801,1720.0,1737.0,1715.0,1736.0,46840.0,80973.86,玉米1801,380356.0,1728.0,1736.0
2017-03-14,C1801,1738.0,1743.0,1720.0,1722.0,76152.0,131824.11,玉米1801,389640.0,1731.0,1722.0
2017-03-15,C1801,1730.0,1736.0,1725.0,1733.0,80662.0,139576.17,玉米1801,398920.0,1730.0,1733.0
2017-03-16,C1801,1735.0,1742.0,1725.0,1734.0,76814.0,133056.32,玉米1801,408342.0,1732.0,1734.0
2017-03-17,C1801,1733.0,1740.0,1730.0,1738.0,41520.0,72048.92,玉米1801,415308.0,1735.0,1738.0
2017-03-20,C1801,1743.0,1768.0,1743.0,1767.0,80998.0,142391.96,玉米1801,426682.0,1757.0,1767.0
2017-03-21,C1801,1759.0,1774.0,1759.0,1771.0,88842.0,157093.44,玉米1801,461310.0,1768.0,1771.0
2017-03-22,C1801,1771.0,1791.0,1765.0,1789.0,123236.0,219166.55,玉米1801,459182.0,1778.0,1789.0
2017-03-23,C1801,1792.0,1795.0,1762.0,1765.0,121934.0,216357.39,玉米1801,474560.0,1774.0,1765.0
2017-03-24,C1801,1760.0,1777.0,1756.0,1767.0,112068.0,197703.74,玉米1801,479350.0,1764.0,1767.0
2017-03-27,C1801,1769.0,1780.0,1747.0,1757.0,114594.0,201766.97,玉米1801,481308.0,1760.0,1757.0
2017-03-28,C1801,1757.0,1769.0,1748.0,1760.0,90998.0,160216.17,玉米1801,480334.0,1760.0,1760.0
2017-03-29,C1801,1762.0,1762.0,1725.0,1733.0,196274.0,341735.38,玉米1801,525976.0,1741.0,1733.0
2017-03-30,C1801,1733.0,1739.0,1728.0,1732.0,70710.0,122516.44,玉米1801,520164.0,1732.0,1732.0
2017-03-31,C1801,1732.0,1738.0,1723.0,1731.0,62220.0,107715.1,玉米1801,519892.0,1731.0,1731.0
2017-04-05,C1801,1742.0,1742.0,1728.0,1735.0,112974.0,195621.04,玉米1801,505752.0,1731.0,1735.0
2017-04-06,C1801,1735.0,1739.0,1713.0,1732.0,188808.0,325961.4,玉米1801,510424.0,1726.0,1732.0
2017-04-07,C1801,1728.0,1735.0,1714.0,1715.0,145510.0,250507.85,玉米1801,518784.0,1721.0,1715.0
2017-04-10,C1801,1713.0,1725.0,1707.0,1720.0,116826.0,200524.4,玉米1801,530742.0,1716.0,1720.0
2017-04-11,C1801,1725.0,1730.0,1685.0,1685.0,272720.0,464671.85,玉米1801,554580.0,1703.0,1685.0
2017-04-12,C1801,1685.0,1689.0,1659.0,1670.0,181390.0,304278.89,玉米1801,535296.0,1677.0,1670.0
2017-04-13,C1801,1672.0,1679.0,1665.0,1675.0,131554.0,220056.26,玉米1801,550406.0,1672.0,1675.0
2017-04-14,C1801,1674.0,1687.0,1673.0,1680.0,103196.0,173422.27,玉米1801,549064.0,1680.0,1680.0
2017-04-17,C1801,1687.0,1687.0,1664.0,1673.0,148556.0,248553.36,玉米1801,537998.0,1673.0,1673.0
2017-04-18,C1801,1674.0,1679.0,1660.0,1665.0,154592.0,258072.92,玉米1801,529842.0,1669.0,1665.0
2017-04-19,C1801,1661.0,1663.0,1645.0,1655.0,169290.0,279853.86,玉米1801,534878.0,1653.0,1655.0
2017-04-20,C1801,1653.0,1666.0,1652.0,1663.0,97174.0,161347.81,玉米1801,534060.0,1660.0,1663.0
2017-04-21,C1801,1661.0,1686.0,1656.0,1685.0,175622.0,293672.48,玉米1801,542130.0,1672.0,1685.0
2017-04-24,C1801,1685.0,1686.0,1668.0,1676.0,153934.0,257946.33,玉米1801,562636.0,1675.0,1676.0
2017-04-25,C1801,1679.0,1679.0,1666.0,1670.0,136992.0,228957.01,玉米1801,569396.0,1671.0,1670.0
2017-04-26,C1801,1675.0,1683.0,1673.0,1675.0,112130.0,188082.44,玉米1801,566538.0,1677.0,1675.0
2017-04-27,C1801,1672.0,1673.0,1656.0,1662.0,155624.0,258788.53,玉米1801,572808.0,1662.0,1662.0
2017-04-28,C1801,1660.0,1666.0,1658.0,1662.0,74608.0,124013.41,玉米1801,566210.0,1662.0,1662.0
2017-05-02,C1801,1669.0,1695.0,1661.0,1694.0,238288.0,401089.73,玉米1801,549308.0,1683.0,1694.0
2017-05-03,C1801,1690.0,1690.0,1680.0,1682.0,108096.0,182054.22,玉米1801,555702.0,1684.0,1682.0
2017-05-04,C1801,1683.0,1692.0,1672.0,1681.0,168416.0,283727.15,玉米1801,562942.0,1684.0,1681.0
2017-05-05,C1801,1676.0,1690.0,1676.0,1681.0,145680.0,245187.65,玉米1801,563666.0,1683.0,1681.0
2017-05-08,C1801,1690.0,1694.0,1679.0,1685.0,134148.0,226223.23,玉米1801,562074.0,1686.0,1685.0
2017-05-09,C1801,1683.0,1684.0,1667.0,1673.0,129006.0,215959.58,玉米1801,571896.0,1674.0,1673.0
2017-05-10,C1801,1673.0,1679.0,1666.0,1669.0,79530.0,132980.36,玉米1801,565050.0,1672.0,1669.0
2017-05-11,C1801,1673.0,1689.0,1669.0,1689.0,101436.0,170201.61,玉米1801,552808.0,1677.0,1689.0
2017-05-12,C1801,1683.0,1691.0,1681.0,1689.0,82164.0,138513.0,玉米1801,554082.0,1685.0,1689.0
2017-05-15,C1801,1690.0,1705.0,1679.0,1679.0,169062.0,285859.13,玉米1801,563626.0,1690.0,1679.0
2017-05-16,C1801,1676.0,1687.0,1672.0,1685.0,90652.0,152486.17,玉米1801,564872.0,1682.0,1685.0
2017-05-17,C1801,1688.0,1698.0,1686.0,1695.0,146834.0,248575.13,玉米1801,582526.0,1692.0,1695.0
2017-05-18,C1801,1692.0,1694.0,1684.0,1689.0,97958.0,165307.23,玉米1801,568360.0,1687.0,1689.0
2017-05-19,C1801,1682.0,1697.0,1682.0,1695.0,88932.0,150524.31,玉米1801,569408.0,1692.0,1695.0
2017-05-22,C1801,1696.0,1700.0,1666.0,1669.0,249772.0,418935.98,玉米1801,596590.0,1677.0,1669.0
2017-05-23,C1801,1672.0,1677.0,1665.0,1666.0,95296.0,159221.86,玉米1801,603488.0,1670.0,1666.0
2017-05-24,C1801,1665.0,1678.0,1660.0,1671.0,109546.0,183060.29,玉米1801,596718.0,1671.0,1671.0
2017-05-25,C1801,1672.0,1676.0,1668.0,1671.0,46376.0,77472.34,玉米1801,597600.0,1670.0,1671.0
2017-05-26,C1801,1671.0,1673.0,1665.0,1670.0,63408.0,105871.58,玉米1801,598374.0,1669.0,1670.0
2017-05-31,C1801,1671.0,1673.0,1656.0,1658.0,144964.0,241305.4,玉米1801,577992.0,1664.0,1658.0
2017-06-01,C1801,1665.0,1679.0,1657.0,1673.0,161438.0,269132.4,玉米1801,557840.0,1667.0,1673.0
2017-06-02,C1801,1672.0,1686.0,1669.0,1683.0,120232.0,201926.76,玉米1801,543600.0,1679.0,1683.0
2017-06-05,C1801,1683.0,1693.0,1679.0,1692.0,89012.0,150072.42,玉米1801,538376.0,1685.0,1692.0
2017-06-06,C1801,1690.0,1691.0,1682.0,1688.0,64310.0,108415.49,玉米1801,536566.0,1685.0,1688.0
2017-06-07,C1801,1690.0,1694.0,1687.0,1691.0,64556.0,109148.54,玉米1801,549224.0,1690.0,1691.0
2017-06-08,C1801,1695.0,1696.0,1686.0,1692.0,98780.0,167038.73,玉米1801,556592.0,1691.0,1692.0
2017-06-09,C1801,1691.0,1735.0,1690.0,1734.0,313600.0,537486.03,玉米1801,642144.0,1713.0,1734.0
2017-06-12,C1801,1737.0,1756.0,1726.0,1754.0,248920.0,433310.84,玉米1801,699568.0,1740.0,1754.0
2017-06-13,C1801,1743.0,1753.0,1735.0,1738.0,226742.0,395166.38,玉米1801,725374.0,1742.0,1738.0
2017-06-14,C1801,1736.0,1749.0,1734.0,1748.0,157840.0,274818.09,玉米1801,741376.0,1741.0,1748.0
2017-06-15,C1801,1741.0,1752.0,1737.0,1748.0,137070.0,239043.15,玉米1801,743580.0,1743.0,1748.0
2017-06-16,C1801,1751.0,1753.0,1731.0,1734.0,174356.0,303590.58,玉米1801,746212.0,1741.0,1734.0
2017-06-19,C1801,1730.0,1740.0,1719.0,1722.0,199094.0,344449.04,玉米1801,721200.0,1730.0,1722.0
2017-06-20,C1801,1718.0,1722.0,1711.0,1720.0,172312.0,295860.94,玉米1801,682438.0,1717.0,1720.0
2017-06-21,C1801,1716.0,1726.0,1715.0,1723.0,86484.0,148869.88,玉米1801,681480.0,1721.0,1723.0
2017-06-22,C1801,1723.0,1723.0,1712.0,1715.0,80870.0,138904.73,玉米1801,664642.0,1717.0,1715.0
2017-06-23,C1801,1714.0,1728.0,1702.0,1724.0,182640.0,313631.44,玉米1801,650476.0,1717.0,1724.0
2017-06-26,C1801,1719.0,1749.0,1719.0,1736.0,263324.0,458278.95,玉米1801,639178.0,1740.0,1736.0
2017-06-27,C1801,1736.0,1744.0,1734.0,1741.0,132926.0,231212.11,玉米1801,650082.0,1739.0,1741.0
2017-06-28,C1801,1745.0,1754.0,1726.0,1728.0,308268.0,536371.65,玉米1801,686698.0,1739.0,1728.0
2017-06-29,C1801,1728.0,1734.0,1725.0,1729.0,125600.0,217249.97,玉米1801,697928.0,1729.0,1729.0
2017-06-30,C1801,1730.0,1734.0,1721.0,1721.0,197256.0,340492.43,玉米1801,707090.0,1726.0,1721.0
2017-07-03,C1801,1735.0,1743.0,1724.0,1730.0,193806.0,335328.47,玉米1801,743950.0,1730.0,1730.0
