date,symbol,open,high,low,close,volume,amount,name,openinterest,settleprice,price
2014-04-30,CN1407,6635.0,6635.0,6635.0,6635.0,1.0,,富时中国A50指数1407,1.0,6540.0,6635.0
2014-05-05,CN1407,6615.0,6615.0,6615.0,6615.0,1.0,,富时中国A50指数1407,1.0,6490.0,6615.0
2014-05-06,CN1407,6600.0,6600.0,6600.0,6600.0,1.0,,富时中国A50指数1407,1.0,6555.0,6600.0
2014-05-07,CN1407,,,,6425.0,0.0,,富时中国A50指数1407,1.0,6425.0,6425.0
2014-05-08,CN1407,6560.0,6560.0,6560.0,6560.0,1.0,,富时中国A50指数1407,1.0,6505.0,6560.0
2014-05-09,CN1407,,,,6525.0,0.0,,富时中国A50指数1407,1.0,6525.0,6525.0
2014-05-12,CN1407,6670.0,6670.0,6670.0,6670.0,1.0,,富时中国A50指数1407,0.0,6615.0,6670.0
2014-05-13,CN1407,,,,6620.0,0.0,,富时中国A50指数1407,0.0,6620.0,6620.0
2014-05-14,CN1407,,,,6650.0,0.0,,富时中国A50指数1407,0.0,6650.0,6650.0
2014-05-15,CN1407,6645.0,6645.0,6640.0,6640.0,2.0,,富时中国A50指数1407,2.0,6620.0,6640.0
2014-05-16,CN1407,,,,6590.0,0.0,,富时中国A50指数1407,2.0,6590.0,6590.0
2014-05-19,CN1407,6590.0,6590.0,6450.0,6495.0,244.0,,富时中国A50指数1407,245.0,6495.0,6495.0
2014-05-20,CN1407,6495.0,6495.0,6470.0,6475.0,228.0,,富时中国A50指数1407,468.0,6450.0,6475.0
2014-05-21,CN1407,6450.0,6515.0,6425.0,6505.0,59.0,,富时中国A50指数1407,522.0,6500.0,6505.0
2014-05-22,CN1407,6560.0,6560.0,6525.0,6525.0,13.0,,富时中国A50指数1407,526.0,6510.0,6525.0
2014-05-23,CN1407,6595.0,6595.0,6545.0,6545.0,17.0,,富时中国A50指数1407,543.0,6550.0,6545.0
2014-05-26,CN1407,6610.0,6675.0,6525.0,6560.0,60.0,,富时中国A50指数1407,603.0,6555.0,6560.0
2014-05-27,CN1407,6580.0,6600.0,6530.0,6575.0,59.0,,富时中国A50指数1407,655.0,6560.0,6575.0
2014-05-28,CN1407,6570.0,6660.0,6535.0,6660.0,170.0,,富时中国A50指数1407,823.0,6650.0,6660.0
2014-05-29,CN1407,6680.0,6720.0,6600.0,6600.0,121.0,,富时中国A50指数1407,938.0,6590.0,6600.0
2014-05-30,CN1407,6615.0,6640.0,6585.0,6625.0,312.0,,富时中国A50指数1407,1212.0,6605.0,6625.0
2014-06-03,CN1407,6660.0,6675.0,6600.0,6605.0,613.0,,富时中国A50指数1407,1701.0,6605.0,6605.0
2014-06-04,CN1407,6605.0,6625.0,6510.0,6520.0,1021.0,,富时中国A50指数1407,2331.0,6520.0,6520.0
2014-06-05,CN1407,6520.0,6605.0,6500.0,6595.0,1406.0,,富时中国A50指数1407,3311.0,6600.0,6595.0
2014-06-06,CN1407,6625.0,6625.0,6510.0,6535.0,1916.0,,富时中国A50指数1407,4540.0,6530.0,6535.0
2014-06-09,CN1407,6545.0,6620.0,6525.0,6570.0,3632.0,,富时中国A50指数1407,6846.0,6565.0,6570.0
2014-06-10,CN1407,6570.0,6680.0,6565.0,6670.0,5322.0,,富时中国A50指数1407,10101.0,6675.0,6670.0
2014-06-11,CN1407,6685.0,6725.0,6620.0,6650.0,5746.0,,富时中国A50指数1407,13473.0,6640.0,6650.0
2014-06-12,CN1407,6640.0,6660.0,6625.0,6630.0,4947.0,,富时中国A50指数1407,17193.0,6640.0,6630.0
2014-06-13,CN1407,6650.0,6775.0,6595.0,6750.0,9500.0,,富时中国A50指数1407,21966.0,6750.0,6750.0
2014-06-16,CN1407,6735.0,6845.0,6735.0,6825.0,13096.0,,富时中国A50指数1407,32667.0,6820.0,6825.0
2014-06-17,CN1407,6810.0,6835.0,6720.0,6730.0,10166.0,,富时中国A50指数1407,39943.0,6725.0,6730.0
2014-06-18,CN1407,6730.0,6745.0,6655.0,6665.0,10750.0,,富时中国A50指数1407,48168.0,6665.0,6665.0
2014-06-19,CN1407,6675.0,6725.0,6590.0,6600.0,10750.0,,富时中国A50指数1407,48168.0,6600.0,6600.0
2014-06-20,CN1407,6600.0,6645.0,6595.0,6610.0,40520.0,,富时中国A50指数1407,83351.0,6610.0,6610.0
2014-06-23,CN1407,6625.0,6695.0,6560.0,6565.0,72327.0,,富时中国A50指数1407,130645.0,6565.0,6565.0
2014-06-24,CN1407,6565.0,6635.0,6540.0,6620.0,80198.0,,富时中国A50指数1407,180985.0,6620.0,6620.0
2014-06-25,CN1407,6625.0,6625.0,6555.0,6590.0,18567.0,,富时中国A50指数1407,261083.0,6590.0,6590.0
2014-06-26,CN1407,6590.0,6645.0,6575.0,6640.0,22602.0,,富时中国A50指数1407,321534.0,6640.0,6640.0
2014-06-27,CN1407,6635.0,6645.0,6580.0,6605.0,71088.0,,富时中国A50指数1407,342858.0,6605.0,6605.0
2014-06-30,CN1407,6605.0,6685.0,6605.0,6645.0,51468.0,,富时中国A50指数1407,348744.0,6645.0,6645.0
2014-07-01,CN1407,6640.0,6695.0,6615.0,6635.0,34354.0,,富时中国A50指数1407,349848.0,6635.0,6635.0
2014-07-02,CN1407,6640.0,6680.0,6615.0,6680.0,51905.0,,富时中国A50指数1407,357875.0,6680.0,6680.0
2014-07-03,CN1407,6675.0,6730.0,6650.0,6710.0,86370.0,,富时中国A50指数1407,372709.0,6710.0,6710.0
2014-07-04,CN1407,6710.0,6725.0,6680.0,6715.0,49372.0,,富时中国A50指数1407,372187.0,6715.0,6715.0
2014-07-07,CN1407,6710.0,6735.0,6670.0,6680.0,40707.0,,富时中国A50指数1407,372863.0,6680.0,6680.0
2014-07-08,CN1407,6675.0,6705.0,6650.0,6685.0,54736.0,,富时中国A50指数1407,371566.0,6685.0,6685.0
2014-07-09,CN1407,6690.0,6690.0,6565.0,6575.0,71995.0,,富时中国A50指数1407,372446.0,6575.0,6575.0
2014-07-10,CN1407,6570.0,6600.0,6565.0,6570.0,50638.0,,富时中国A50指数1407,368533.0,6570.0,6570.0
2014-07-11,CN1407,6570.0,6625.0,6515.0,6590.0,67162.0,,富时中国A50指数1407,367107.0,6590.0,6590.0
2014-07-14,CN1407,6585.0,6685.0,6575.0,6675.0,70072.0,,富时中国A50指数1407,373267.0,6675.0,6675.0
2014-07-15,CN1407,6690.0,6725.0,6665.0,6680.0,72955.0,,富时中国A50指数1407,366701.0,6680.0,6680.0
2014-07-16,CN1407,6675.0,6725.0,6675.0,6680.0,54540.0,,富时中国A50指数1407,359781.0,6680.0,6680.0
2014-07-17,CN1407,6690.0,6725.0,6625.0,6655.0,62782.0,,富时中国A50指数1407,349713.0,6655.0,6655.0
2014-07-18,CN1407,6655.0,6720.0,6625.0,6700.0,77546.0,,富时中国A50指数1407,340102.0,6700.0,6700.0
2014-07-21,CN1407,6695.0,6725.0,6685.0,6685.0,52230.0,,富时中国A50指数1407,332733.0,6685.0,6685.0
2014-07-22,CN1407,6685.0,6835.0,6675.0,6815.0,97672.0,,富时中国A50指数1407,333458.0,6815.0,6815.0
2014-07-23,CN1407,6815.0,6905.0,6805.0,6855.0,70676.0,,富时中国A50指数1407,332440.0,6855.0,6855.0
2014-07-24,CN1407,6870.0,7050.0,6860.0,7025.0,97747.0,,富时中国A50指数1407,309932.0,7025.0,7025.0
2014-07-25,CN1407,7030.0,7125.0,7015.0,7125.0,35324.0,,富时中国A50指数1407,244006.0,7125.0,7125.0
2014-07-28,CN1407,7130.0,7370.0,7095.0,7300.0,75628.0,,富时中国A50指数1407,149157.0,7300.0,7300.0
2014-07-29,CN1407,7300.0,7365.0,7275.0,7320.0,79974.0,,富时中国A50指数1407,71646.0,7320.0,7320.0
2014-07-30,CN1407,7315.0,7370.0,7255.0,7265.0,73110.0,,富时中国A50指数1407,0.0,7266.15,7265.0
