date,symbol,open,high,low,close,volume,amount,name,openinterest,settleprice,price
2014-05-30,CN1408,,,,6580.0,0.0,,富时中国A50指数1408,0.0,6580.0,6580.0
2014-06-03,CN1408,,,,6580.0,0.0,,富时中国A50指数1408,0.0,6580.0,6580.0
2014-06-04,CN1408,6570.0,6570.0,6570.0,6570.0,2.0,,富时中国A50指数1408,2.0,6500.0,6570.0
2014-06-05,CN1408,6570.0,6570.0,6570.0,6570.0,1.0,,富时中国A50指数1408,3.0,6600.0,6570.0
2014-06-06,CN1408,6550.0,6550.0,6550.0,6550.0,1.0,,富时中国A50指数1408,4.0,6510.0,6550.0
2014-06-09,CN1408,,,,6565.0,0.0,,富时中国A50指数1408,4.0,6565.0,6565.0
2014-06-10,CN1408,,,,6660.0,0.0,,富时中国A50指数1408,4.0,6660.0,6660.0
2014-06-11,CN1408,6680.0,6680.0,6680.0,6680.0,1.0,,富时中国A50指数1408,5.0,6640.0,6680.0
2014-06-12,CN1408,,,,6640.0,0.0,,富时中国A50指数1408,5.0,6640.0,6640.0
2014-06-13,CN1408,6715.0,6715.0,6715.0,6715.0,1.0,,富时中国A50指数1408,6.0,6735.0,6715.0
2014-06-16,CN1408,7145.0,7145.0,7145.0,7145.0,1.0,,富时中国A50指数1408,7.0,6810.0,7145.0
2014-06-17,CN1408,,,,6730.0,0.0,,富时中国A50指数1408,6.0,6730.0,6730.0
2014-06-18,CN1408,6700.0,6700.0,6680.0,6680.0,2.0,,富时中国A50指数1408,7.0,6670.0,6680.0
2014-06-19,CN1408,6705.0,6705.0,6650.0,6650.0,2.0,,富时中国A50指数1408,7.0,6605.0,6650.0
2014-06-20,CN1408,,,,6615.0,0.0,,富时中国A50指数1408,203.0,6615.0,6615.0
2014-06-23,CN1408,6605.0,6605.0,6580.0,6580.0,5.0,,富时中国A50指数1408,208.0,6570.0,6580.0
2014-06-24,CN1408,6580.0,6640.0,6580.0,6635.0,7.0,,富时中国A50指数1408,210.0,6625.0,6635.0
2014-06-25,CN1408,6580.0,6605.0,6570.0,6585.0,16.0,,富时中国A50指数1408,226.0,6570.0,6585.0
2014-06-26,CN1408,6640.0,6640.0,6640.0,6640.0,1.0,,富时中国A50指数1408,226.0,6620.0,6640.0
2014-06-27,CN1408,,,,6600.0,0.0,,富时中国A50指数1408,226.0,6600.0,6600.0
2014-06-30,CN1408,6630.0,6690.0,6625.0,6635.0,757.0,,富时中国A50指数1408,709.0,6650.0,6635.0
2014-07-01,CN1408,6660.0,6685.0,6630.0,6645.0,90.0,,富时中国A50指数1408,742.0,6640.0,6645.0
2014-07-02,CN1408,6645.0,6690.0,6630.0,6680.0,504.0,,富时中国A50指数1408,871.0,6680.0,6680.0
2014-07-03,CN1408,6680.0,6725.0,6660.0,6705.0,337.0,,富时中国A50指数1408,983.0,6710.0,6705.0
2014-07-04,CN1408,6720.0,6730.0,6690.0,6720.0,144.0,,富时中国A50指数1408,1025.0,6720.0,6720.0
2014-07-07,CN1408,6700.0,6735.0,6685.0,6685.0,362.0,,富时中国A50指数1408,1174.0,6685.0,6685.0
2014-07-08,CN1408,6675.0,6700.0,6670.0,6680.0,124.0,,富时中国A50指数1408,1222.0,6685.0,6680.0
2014-07-09,CN1408,6685.0,6690.0,6575.0,6580.0,529.0,,富时中国A50指数1408,1453.0,6580.0,6580.0
2014-07-10,CN1408,6590.0,6605.0,6575.0,6580.0,316.0,,富时中国A50指数1408,1603.0,6580.0,6580.0
2014-07-11,CN1408,6570.0,6625.0,6525.0,6600.0,796.0,,富时中国A50指数1408,1788.0,6585.0,6600.0
2014-07-14,CN1408,6590.0,6690.0,6590.0,6690.0,1767.0,,富时中国A50指数1408,2636.0,6685.0,6690.0
2014-07-15,CN1408,6695.0,6730.0,6685.0,6695.0,10542.0,,富时中国A50指数1408,9553.0,6690.0,6695.0
2014-07-16,CN1408,6695.0,6740.0,6690.0,6695.0,5319.0,,富时中国A50指数1408,13287.0,6695.0,6695.0
2014-07-17,CN1408,6700.0,6735.0,6640.0,6675.0,13144.0,,富时中国A50指数1408,24674.0,6670.0,6675.0
2014-07-18,CN1408,6670.0,6735.0,6645.0,6710.0,11388.0,,富时中国A50指数1408,29936.0,6710.0,6710.0
2014-07-21,CN1408,6720.0,6740.0,6700.0,6700.0,6332.0,,富时中国A50指数1408,34303.0,6700.0,6700.0
2014-07-22,CN1408,6705.0,6845.0,6695.0,6840.0,14099.0,,富时中国A50指数1408,43967.0,6840.0,6840.0
2014-07-23,CN1408,6830.0,6920.0,6820.0,6875.0,45050.0,,富时中国A50指数1408,71667.0,6875.0,6875.0
2014-07-24,CN1408,6880.0,7075.0,6880.0,7055.0,61517.0,,富时中国A50指数1408,105722.0,7055.0,7055.0
2014-07-25,CN1408,7055.0,7160.0,7040.0,7155.0,57675.0,,富时中国A50指数1408,200312.0,7155.0,7155.0
2014-07-28,CN1408,7165.0,7410.0,7140.0,7335.0,46537.0,,富时中国A50指数1408,272979.0,7335.0,7335.0
2014-07-29,CN1408,7335.0,7410.0,7315.0,7360.0,68472.0,,富时中国A50指数1408,333231.0,7360.0,7360.0
2014-07-30,CN1408,7365.0,7430.0,7280.0,7280.0,75774.0,,富时中国A50指数1408,376210.0,7280.0,7280.0
2014-07-31,CN1408,7285.0,7455.0,7280.0,7435.0,26630.0,,富时中国A50指数1408,385268.0,7435.0,7435.0
2014-08-01,CN1408,7430.0,7520.0,7330.0,7365.0,90325.0,,富时中国A50指数1408,404606.0,7365.0,7365.0
2014-08-04,CN1408,7355.0,7545.0,7325.0,7505.0,59455.0,,富时中国A50指数1408,422781.0,7505.0,7505.0
2014-08-05,CN1408,7510.0,7540.0,7385.0,7440.0,35760.0,,富时中国A50指数1408,410907.0,7440.0,7440.0
2014-08-06,CN1408,7440.0,7465.0,7280.0,7360.0,47363.0,,富时中国A50指数1408,410670.0,7360.0,7360.0
2014-08-07,CN1408,7360.0,7375.0,7205.0,7210.0,45492.0,,富时中国A50指数1408,418929.0,7210.0,7210.0
2014-08-08,CN1408,7230.0,7295.0,7170.0,7245.0,51889.0,,富时中国A50指数1408,419763.0,7245.0,7245.0
2014-08-11,CN1408,7255.0,7400.0,7255.0,7375.0,29463.0,,富时中国A50指数1408,423110.0,7375.0,7375.0
2014-08-12,CN1408,7380.0,7405.0,7290.0,7360.0,97802.0,,富时中国A50指数1408,431037.0,7360.0,7360.0
2014-08-13,CN1408,7360.0,7385.0,7240.0,7355.0,29880.0,,富时中国A50指数1408,434578.0,7355.0,7355.0
2014-08-14,CN1408,7360.0,7380.0,7245.0,7255.0,24828.0,,富时中国A50指数1408,436673.0,7255.0,7255.0
2014-08-15,CN1408,7260.0,7355.0,7245.0,7325.0,97288.0,,富时中国A50指数1408,441081.0,7325.0,7325.0
2014-08-18,CN1408,7330.0,7375.0,7285.0,7330.0,92128.0,,富时中国A50指数1408,437855.0,7330.0,7330.0
2014-08-19,CN1408,7330.0,7355.0,7240.0,7315.0,1682.0,,富时中国A50指数1408,441258.0,7315.0,7315.0
2014-08-20,CN1408,7320.0,7330.0,7245.0,7245.0,7922.0,,富时中国A50指数1408,420635.0,7245.0,7245.0
2014-08-21,CN1408,7245.0,7265.0,7140.0,7165.0,43815.0,,富时中国A50指数1408,401962.0,7165.0,7165.0
2014-08-22,CN1408,7180.0,7250.0,7170.0,7245.0,15377.0,,富时中国A50指数1408,385416.0,7245.0,7245.0
2014-08-25,CN1408,7240.0,7245.0,7125.0,7140.0,52697.0,,富时中国A50指数1408,315699.0,7140.0,7140.0
2014-08-26,CN1408,7135.0,7175.0,7100.0,7130.0,26423.0,,富时中国A50指数1408,191134.0,7130.0,7130.0
2014-08-27,CN1408,7135.0,7155.0,7105.0,7110.0,86898.0,,富时中国A50指数1408,87591.0,7110.0,7110.0
2014-08-28,CN1408,7110.0,7150.0,7050.0,7055.0,70398.0,,富时中国A50指数1408,0.0,7054.9,7055.0
