date,symbol,open,high,low,close,volume,amount,name,openinterest,settleprice,price
2014-11-28,CN1502,,,,8485.0,0.0,,富时中国A50指数1502,0.0,8485.0,8485.0
2014-12-01,CN1502,,,,8410.0,0.0,,富时中国A50指数1502,0.0,8410.0,8410.0
2014-12-02,CN1502,8670.0,8850.0,8670.0,8850.0,7.0,,富时中国A50指数1502,6.0,8920.0,8850.0
2014-12-03,CN1502,9000.0,9080.0,8940.0,9080.0,5.0,,富时中国A50指数1502,8.0,8980.0,9080.0
2014-12-04,CN1502,9355.0,9545.0,9350.0,9545.0,24.0,,富时中国A50指数1502,31.0,9635.0,9545.0
2014-12-05,CN1502,9760.0,9820.0,9600.0,9610.0,7.0,,富时中国A50指数1502,32.0,9570.0,9610.0
2014-12-08,CN1502,9640.0,10100.0,9640.0,10100.0,6.0,,富时中国A50指数1502,33.0,10130.0,10100.0
2014-12-09,CN1502,10200.0,10200.0,9250.0,9250.0,31.0,,富时中国A50指数1502,45.0,9435.0,9250.0
2014-12-10,CN1502,9670.0,9670.0,9535.0,9535.0,4.0,,富时中国A50指数1502,18.0,9835.0,9535.0
2014-12-11,CN1502,9755.0,9755.0,9625.0,9625.0,3.0,,富时中国A50指数1502,17.0,9585.0,9625.0
2014-12-12,CN1502,9650.0,9665.0,9650.0,9665.0,3.0,,富时中国A50指数1502,18.0,9610.0,9665.0
2014-12-15,CN1502,9590.0,9620.0,9400.0,9620.0,7.0,,富时中国A50指数1502,21.0,9690.0,9620.0
2014-12-16,CN1502,9825.0,9825.0,9825.0,9825.0,1.0,,富时中国A50指数1502,21.0,10080.0,9825.0
2014-12-17,CN1502,10200.0,10580.0,10180.0,10580.0,13.0,,富时中国A50指数1502,23.0,10510.0,10580.0
2014-12-18,CN1502,,,,10495.0,0.0,,富时中国A50指数1502,23.0,10495.0,10495.0
2014-12-19,CN1502,10600.0,10705.0,10400.0,10400.0,13.0,,富时中国A50指数1502,30.0,10605.0,10400.0
2014-12-22,CN1502,10850.0,11030.0,10800.0,10815.0,20.0,,富时中国A50指数1502,43.0,10870.0,10815.0
2014-12-23,CN1502,10790.0,10915.0,10665.0,10880.0,67.0,,富时中国A50指数1502,107.0,10430.0,10880.0
2014-12-24,CN1502,10410.0,10410.0,10090.0,10200.0,5.0,,富时中国A50指数1502,103.0,10090.0,10200.0
2014-12-25,CN1502,10235.0,10595.0,10150.0,10595.0,19.0,,富时中国A50指数1502,112.0,10460.0,10595.0
2014-12-26,CN1502,10595.0,10900.0,10550.0,10885.0,9.0,,富时中国A50指数1502,119.0,10965.0,10885.0
2014-12-29,CN1502,11405.0,11570.0,11050.0,11050.0,20.0,,富时中国A50指数1502,124.0,10995.0,11050.0
2014-12-30,CN1502,11000.0,11240.0,11000.0,11095.0,23.0,,富时中国A50指数1502,145.0,11150.0,11095.0
2014-12-31,CN1502,11120.0,11725.0,11120.0,11720.0,1715.0,,富时中国A50指数1502,720.0,11630.0,11720.0
2015-01-05,CN1502,11565.0,12090.0,11565.0,11830.0,1183.0,,富时中国A50指数1502,1024.0,11800.0,11830.0
2015-01-06,CN1502,11850.0,12022.5,11552.5,11805.0,5596.0,,富时中国A50指数1502,1837.0,11805.0,11805.0
2015-01-07,CN1502,11742.5,11847.5,11625.0,11797.5,3094.0,,富时中国A50指数1502,2256.0,11797.5,11797.5
2015-01-08,CN1502,11850.0,11900.0,11370.0,11370.0,6576.0,,富时中国A50指数1502,4028.0,11370.0,11370.0
2015-01-09,CN1502,11387.5,12005.0,11292.5,11312.5,10415.0,,富时中国A50指数1502,5903.0,11312.5,11312.5
2015-01-12,CN1502,11305.0,11522.5,11085.0,11360.0,7794.0,,富时中国A50指数1502,7711.0,11360.0,11360.0
2015-01-13,CN1502,11350.0,11392.5,11130.0,11220.0,7596.0,,富时中国A50指数1502,11907.0,11220.0,11220.0
2015-01-14,CN1502,11197.5,11410.0,11105.0,11195.0,13804.0,,富时中国A50指数1502,17457.0,11185.0,11195.0
2015-01-15,CN1502,11140.0,11710.0,11140.0,11700.0,40568.0,,富时中国A50指数1502,45901.0,11692.5,11700.0
2015-01-16,CN1502,11657.5,11755.0,11560.0,11647.5,43245.0,,富时中国A50指数1502,75257.0,11640.0,11647.5
2015-01-19,CN1502,11632.5,11632.5,10002.5,10180.0,60219.0,,富时中国A50指数1502,96443.0,10180.0,10180.0
2015-01-20,CN1502,10190.0,10767.5,10165.0,10542.5,37212.0,,富时中国A50指数1502,105029.0,10542.5,10542.5
2015-01-21,CN1502,10562.5,11235.0,10515.0,11170.0,53430.0,,富时中国A50指数1502,126517.0,11170.0,11170.0
2015-01-22,CN1502,11157.5,11392.5,10967.5,11037.5,47668.0,,富时中国A50指数1502,142194.0,11035.0,11037.5
2015-01-23,CN1502,11035.0,11412.5,11020.0,11247.5,77635.0,,富时中国A50指数1502,163312.0,11247.5,11247.5
2015-01-26,CN1502,11250.0,11340.0,11062.5,11247.5,124304.0,,富时中国A50指数1502,225007.0,11247.5,11247.5
2015-01-27,CN1502,11252.5,11317.5,10795.0,10990.0,250420.0,,富时中国A50指数1502,310640.0,10990.0,10990.0
2015-01-28,CN1502,10990.0,11090.0,10802.5,10890.0,190599.0,,富时中国A50指数1502,385883.0,10890.0,10890.0
2015-01-29,CN1502,10882.5,10882.5,10430.0,10640.0,259182.0,,富时中国A50指数1502,430308.0,10640.0,10640.0
2015-01-30,CN1502,10662.5,10815.0,10450.0,10495.0,192577.0,,富时中国A50指数1502,436993.0,10495.0,10495.0
2015-02-02,CN1502,10500.0,10550.0,10185.0,10340.0,161827.0,,富时中国A50指数1502,440137.0,10340.0,10340.0
2015-02-03,CN1502,10342.5,10650.0,10257.5,10640.0,175792.0,,富时中国A50指数1502,443039.0,10640.0,10640.0
2015-02-04,CN1502,10640.0,10767.5,10372.5,10435.0,175372.0,,富时中国A50指数1502,440074.0,10435.0,10435.0
2015-02-05,CN1502,10440.0,11110.0,10262.5,10300.0,383690.0,,富时中国A50指数1502,445680.0,10300.0,10300.0
2015-02-06,CN1502,10312.5,10415.0,10132.5,10237.5,205959.0,,富时中国A50指数1502,447264.0,10237.5,10237.5
2015-02-09,CN1502,10242.5,10537.5,9985.0,10440.0,189074.0,,富时中国A50指数1502,449312.0,10440.0,10440.0
2015-02-10,CN1502,10480.0,10615.0,10375.0,10582.5,188105.0,,富时中国A50指数1502,446576.0,10582.5,10582.5
2015-02-11,CN1502,10572.5,10650.0,10517.5,10550.0,150376.0,,富时中国A50指数1502,439760.0,10550.0,10550.0
2015-02-12,CN1502,10562.5,10695.0,10462.5,10650.0,200334.0,,富时中国A50指数1502,411839.0,10650.0,10650.0
2015-02-13,CN1502,10635.0,10860.0,10582.5,10707.5,195457.0,,富时中国A50指数1502,369502.0,10707.5,10707.5
2015-02-16,CN1502,10715.0,10807.5,10640.0,10795.0,205880.0,,富时中国A50指数1502,292398.0,10795.0,10795.0
2015-02-17,CN1502,10780.0,10885.0,10727.5,10780.0,188503.0,,富时中国A50指数1502,238550.0,10780.0,10780.0
2015-02-25,CN1502,10902.5,10945.0,10560.0,10607.5,251448.0,,富时中国A50指数1502,146569.0,10607.5,10607.5
2015-02-26,CN1502,10622.5,10935.0,10490.0,10900.0,88815.0,,富时中国A50指数1502,0.0,10901.77,10900.0
