date,symbol,open,high,low,close,volume,amount,name,openinterest,settleprice,price
2015-04-30,CN1507,13900.0,13900.0,13827.5,13827.5,128.0,,富时中国A50指数1507,126.0,13772.5,13827.5
2015-05-04,CN1507,,,,13942.5,0.0,,富时中国A50指数1507,126.0,13942.5,13942.5
2015-05-05,CN1507,13702.5,13702.5,13200.0,13200.0,9.0,,富时中国A50指数1507,131.0,13397.5,13200.0
2015-05-06,CN1507,13420.0,13597.5,13300.0,13300.0,10.0,,富时中国A50指数1507,135.0,13300.0,13300.0
2015-05-07,CN1507,13100.0,13347.5,13100.0,13100.0,56.0,,富时中国A50指数1507,144.0,13045.0,13100.0
2015-05-08,CN1507,,,,13182.5,0.0,,富时中国A50指数1507,144.0,13182.5,13182.5
2015-05-11,CN1507,13245.0,13245.0,13245.0,13245.0,1.0,,富时中国A50指数1507,144.0,13425.0,13245.0
2015-05-12,CN1507,13397.5,13397.5,13397.5,13397.5,7.0,,富时中国A50指数1507,144.0,13382.5,13397.5
2015-05-13,CN1507,13365.0,13365.0,13365.0,13365.0,2.0,,富时中国A50指数1507,144.0,13090.0,13365.0
2015-05-14,CN1507,,,,13100.0,0.0,,富时中国A50指数1507,144.0,13100.0,13100.0
2015-05-15,CN1507,12962.5,12962.5,12805.0,12805.0,4.0,,富时中国A50指数1507,144.0,12950.0,12805.0
2015-05-18,CN1507,12600.0,12600.0,12600.0,12600.0,5.0,,富时中国A50指数1507,145.0,12652.5,12600.0
2015-05-19,CN1507,12800.0,13250.0,12800.0,13250.0,11.0,,富时中国A50指数1507,143.0,13300.0,13250.0
2015-05-20,CN1507,13477.5,13477.5,13477.5,13477.5,1.0,,富时中国A50指数1507,143.0,13275.0,13477.5
2015-05-21,CN1507,13497.5,13497.5,13497.5,13497.5,40.0,,富时中国A50指数1507,143.0,13450.0,13497.5
2015-05-22,CN1507,13537.5,13825.0,13522.5,13825.0,12.0,,富时中国A50指数1507,143.0,13940.0,13825.0
2015-05-25,CN1507,14000.0,14520.0,14000.0,14515.0,292.0,,富时中国A50指数1507,384.0,14462.5,14515.0
2015-05-26,CN1507,14462.5,14500.0,14312.5,14435.0,79.0,,富时中国A50指数1507,426.0,14427.5,14435.0
2015-05-27,CN1507,14732.5,14775.0,14005.0,14150.0,246.0,,富时中国A50指数1507,661.0,14165.0,14150.0
2015-05-28,CN1507,14250.0,14250.0,13025.0,13290.0,74.0,,富时中国A50指数1507,676.0,13267.5,13290.0
2015-05-29,CN1507,13300.0,13415.0,12977.5,13200.0,575.0,,富时中国A50指数1507,863.0,13182.5,13200.0
2015-06-01,CN1507,13232.5,13965.0,13100.0,13920.0,3898.0,,富时中国A50指数1507,2727.0,13872.5,13920.0
2015-06-02,CN1507,13910.0,13910.0,13532.5,13770.0,3686.0,,富时中国A50指数1507,4427.0,13770.0,13770.0
2015-06-03,CN1507,13695.0,13880.0,13522.5,13647.5,4947.0,,富时中国A50指数1507,6213.0,13665.0,13647.5
2015-06-04,CN1507,13672.5,14210.0,12972.5,14040.0,12368.0,,富时中国A50指数1507,8663.0,14035.0,14040.0
2015-06-05,CN1507,14025.0,14267.5,13575.0,13835.0,16172.0,,富时中国A50指数1507,13933.0,13835.0,13835.0
2015-06-08,CN1507,13840.0,14757.5,13792.5,14677.5,14773.0,,富时中国A50指数1507,18518.0,14665.0,14677.5
2015-06-09,CN1507,14680.0,14810.0,14177.5,14300.0,15546.0,,富时中国A50指数1507,21782.0,14300.0,14300.0
2015-06-10,CN1507,14300.0,14450.0,14112.5,14140.0,11030.0,,富时中国A50指数1507,24470.0,14155.0,14140.0
2015-06-11,CN1507,14157.5,14300.0,13990.0,14127.5,8868.0,,富时中国A50指数1507,27257.0,14150.0,14127.5
2015-06-12,CN1507,14130.0,14395.0,14015.0,14395.0,4963.0,,富时中国A50指数1507,29010.0,14395.0,14395.0
2015-06-15,CN1507,14387.5,14420.0,13675.0,13680.0,15786.0,,富时中国A50指数1507,37176.0,13680.0,13680.0
2015-06-16,CN1507,13702.5,13757.5,13262.5,13360.0,26080.0,,富时中国A50指数1507,54256.0,13357.5,13360.0
2015-06-17,CN1507,13325.0,13587.5,13210.0,13425.0,15921.0,,富时中国A50指数1507,61915.0,13425.0,13425.0
2015-06-18,CN1507,13420.0,13500.0,12930.0,12935.0,38416.0,,富时中国A50指数1507,81879.0,12935.0,12935.0
2015-06-19,CN1507,12917.5,13080.0,12055.0,12405.0,80659.0,,富时中国A50指数1507,105848.0,12405.0,12405.0
2015-06-23,CN1507,12527.5,12952.5,12212.5,12865.0,237610.0,,富时中国A50指数1507,177227.0,12865.0,12865.0
2015-06-24,CN1507,12862.5,13117.5,12707.5,13050.0,190951.0,,富时中国A50指数1507,243366.0,13050.0,13050.0
2015-06-25,CN1507,13012.5,13300.0,12552.5,12640.0,389816.0,,富时中国A50指数1507,406732.0,12640.0,12640.0
2015-06-26,CN1507,12635.0,12750.0,11577.5,11617.5,884350.0,,富时中国A50指数1507,532309.0,11617.5,11617.5
2015-06-29,CN1507,11687.5,12265.0,10805.0,11410.0,462068.0,,富时中国A50指数1507,616343.0,11410.0,11410.0
2015-06-30,CN1507,11480.0,12485.0,11480.0,12410.0,45545.0,,富时中国A50指数1507,582749.0,12410.0,12410.0
2015-07-01,CN1507,12412.5,12487.5,11575.0,11575.0,508603.0,,富时中国A50指数1507,569065.0,11575.0,11575.0
2015-07-02,CN1507,11620.0,12245.0,11412.5,11835.0,66.0,,富时中国A50指数1507,580346.0,11835.0,11835.0
2015-07-03,CN1507,11840.0,11995.0,11135.0,11282.5,230442.0,,富时中国A50指数1507,608034.0,11282.5,11282.5
2015-07-06,CN1507,11337.5,12220.0,11275.0,11927.5,211690.0,,富时中国A50指数1507,638499.0,11927.5,11927.5
2015-07-07,CN1507,11937.5,12170.0,11565.0,11850.0,880471.0,,富时中国A50指数1507,628527.0,11850.0,11850.0
2015-07-08,CN1507,11870.0,11915.0,8587.5,10100.0,826312.0,,富时中国A50指数1507,617958.0,10100.0,10100.0
2015-07-09,CN1507,10182.5,11990.0,10172.5,11865.0,687917.0,,富时中国A50指数1507,619013.0,11865.0,11865.0
2015-07-10,CN1507,11840.0,12955.0,11725.0,12397.5,773221.0,,富时中国A50指数1507,585435.0,12397.5,12397.5
2015-07-13,CN1507,12347.5,12557.5,12012.5,12235.0,417387.0,,富时中国A50指数1507,560224.0,12235.0,12235.0
2015-07-14,CN1507,12215.0,12220.0,11487.5,11740.0,417308.0,,富时中国A50指数1507,558636.0,11740.0,11740.0
2015-07-15,CN1507,11740.0,11847.5,11350.0,11670.0,340877.0,,富时中国A50指数1507,549764.0,11670.0,11670.0
2015-07-16,CN1507,11670.0,11935.0,11425.0,11900.0,432292.0,,富时中国A50指数1507,542907.0,11900.0,11900.0
2015-07-17,CN1507,11905.0,12250.0,11765.0,12110.0,328696.0,,富时中国A50指数1507,538872.0,12110.0,12110.0
2015-07-20,CN1507,12140.0,12177.5,11700.0,11850.0,334694.0,,富时中国A50指数1507,535858.0,11850.0,11850.0
2015-07-21,CN1507,11850.0,11915.0,11627.5,11805.0,356126.0,,富时中国A50指数1507,545175.0,11805.0,11805.0
2015-07-22,CN1507,11810.0,11820.0,11537.5,11710.0,242425.0,,富时中国A50指数1507,535174.0,11710.0,11710.0
2015-07-23,CN1507,11705.0,12200.0,11662.5,12177.5,309669.0,,富时中国A50指数1507,528990.0,12177.5,12177.5
2015-07-24,CN1507,12175.0,12175.0,11812.5,11875.0,286840.0,,富时中国A50指数1507,501221.0,11875.0,11875.0
2015-07-27,CN1507,11875.0,11890.0,10762.5,10875.0,411382.0,,富时中国A50指数1507,448277.0,10875.0,10875.0
2015-07-28,CN1507,10852.5,11175.0,10667.5,10857.5,663442.0,,富时中国A50指数1507,328824.0,10857.5,10857.5
2015-07-29,CN1507,10862.5,11262.5,10862.5,11225.0,396985.0,,富时中国A50指数1507,127309.0,11225.0,11225.0
2015-07-30,CN1507,11225.0,11250.0,10822.5,10910.0,88797.0,,富时中国A50指数1507,0.0,10909.71,10910.0
