date,symbol,open,high,low,close,volume,amount,name,openinterest,settleprice,price
2015-08-31,CN1511,0.0,0.0,0.0,9180.0,0.0,,富时中国A50指数1511,0.0,9180.0,9180.0
2015-09-01,CN1511,0.0,0.0,0.0,8992.5,0.0,,富时中国A50指数1511,0.0,8992.5,8992.5
2015-09-02,CN1511,9000.0,9000.0,9000.0,9000.0,1.0,,富时中国A50指数1511,0.0,9057.5,9000.0
2015-09-07,CN1511,0.0,0.0,0.0,9020.0,0.0,,富时中国A50指数1511,0.0,9020.0,9020.0
2015-09-08,CN1511,0.0,0.0,0.0,9497.5,0.0,,富时中国A50指数1511,0.0,9497.5,9497.5
2015-09-09,CN1511,9450.0,9450.0,9450.0,9450.0,,,富时中国A50指数1511,,9550.0,9450.0
2015-09-10,CN1511,0.0,0.0,0.0,9542.5,0.0,,富时中国A50指数1511,1.0,9542.5,9542.5
2015-09-11,CN1511,0.0,0.0,0.0,9400.0,0.0,,富时中国A50指数1511,0.0,9400.0,9400.0
2015-09-14,CN1511,9050.0,9242.5,8870.0,9242.5,20.0,,富时中国A50指数1511,1.0,9130.0,9242.5
2015-09-15,CN1511,9100.0,9100.0,8960.0,9050.0,12.0,,富时中国A50指数1511,10.0,9022.5,9050.0
2015-09-16,CN1511,9005.0,9245.0,8900.0,9245.0,4.0,,富时中国A50指数1511,12.0,9397.5,9245.0
2015-09-17,CN1511,9400.0,9400.0,9260.0,9260.0,4.0,,富时中国A50指数1511,14.0,9210.0,9260.0
2015-09-18,CN1511,9397.5,9400.0,9007.5,9240.0,36.0,,富时中国A50指数1511,0.0,9255.0,9240.0
2015-09-21,CN1511,9117.5,9117.5,9117.5,9117.5,1.0,,富时中国A50指数1511,21.0,9390.0,9117.5
2015-09-22,CN1511,9350.0,9600.0,9350.0,9455.0,14.0,,富时中国A50指数1511,25.0,9590.0,9455.0
2015-09-23,CN1511,9300.0,9375.0,9200.0,9375.0,18.0,,富时中国A50指数1511,33.0,9405.0,9375.0
2015-09-24,CN1511,9275.0,9390.0,9275.0,9342.5,4.0,,富时中国A50指数1511,34.0,9342.5,9342.5
2015-09-25,CN1511,9342.5,9342.5,9157.5,9250.0,4.0,,富时中国A50指数1511,36.0,9307.5,9250.0
2015-09-28,CN1511,9250.0,9250.0,9250.0,9250.0,1.0,,富时中国A50指数1511,37.0,9275.0,9250.0
2015-09-29,CN1511,9027.5,9170.0,8925.0,9060.0,40.0,,富时中国A50指数1511,58.0,9140.0,9060.0
2015-09-30,CN1511,9160.0,9215.0,9100.0,9155.0,167.0,,富时中国A50指数1511,160.0,9122.5,9155.0
2015-10-08,CN1511,9850.0,9850.0,9420.0,9480.0,3575.0,,富时中国A50指数1511,1886.0,9480.0,9480.0
2015-10-09,CN1511,9500.0,9625.0,9500.0,9530.0,926.0,,富时中国A50指数1511,2256.0,9602.5,9530.0
2015-10-12,CN1511,9582.5,10017.5,9535.0,9965.0,4986.0,,富时中国A50指数1511,5748.0,9965.0,9965.0
2015-10-13,CN1511,9930.0,9965.0,9772.5,9772.5,4525.0,,富时中国A50指数1511,9291.0,9772.5,9772.5
2015-10-14,CN1511,9750.0,9887.5,9675.0,9682.5,6661.0,,富时中国A50指数1511,13874.0,9665.0,9682.5
2015-10-15,CN1511,9667.5,10000.0,9667.5,9997.5,16877.0,,富时中国A50指数1511,25118.0,9967.5,9997.5
2015-10-16,CN1511,9985.0,10105.0,9980.0,10075.0,11876.0,,富时中国A50指数1511,32473.0,10075.0,10075.0
2015-10-19,CN1511,10075.0,10175.0,9935.0,10045.0,14220.0,,富时中国A50指数1511,37764.0,10045.0,10045.0
2015-10-20,CN1511,10005.0,10125.0,9922.5,10057.5,19186.0,,富时中国A50指数1511,45826.0,10057.5,10057.5
2015-10-21,CN1511,10070.0,10202.5,9777.5,9870.0,12828.0,,富时中国A50指数1511,49359.0,9870.0,9870.0
2015-10-22,CN1511,9890.0,10110.0,9885.0,10047.5,38212.0,,富时中国A50指数1511,71657.0,10045.0,10047.5
2015-10-23,CN1511,10047.5,10247.5,10042.5,10187.5,109065.0,,富时中国A50指数1511,142058.0,10187.5,10187.5
2015-10-26,CN1511,10212.5,10512.5,10130.0,10165.0,116321.0,,富时中国A50指数1511,192763.0,10165.0,10165.0
2015-10-27,CN1511,10150.0,10230.0,10000.0,10150.0,238759.0,,富时中国A50指数1511,334219.0,10150.0,10150.0
2015-10-28,CN1511,10150.0,10195.0,9985.0,9987.5,237925.0,,富时中国A50指数1511,424731.0,9987.5,9987.5
2015-10-29,CN1511,9995.0,10087.5,9970.0,10012.5,187808.0,,富时中国A50指数1511,458877.0,10012.5,10012.5
2015-10-30,CN1511,10012.5,10142.5,9957.5,10007.5,147456.0,,富时中国A50指数1511,467156.0,10007.5,10007.5
2015-11-02,CN1511,10007.5,10055.0,9830.0,9850.0,173563.0,,富时中国A50指数1511,469609.0,9850.0,9850.0
2015-11-03,CN1511,9872.5,10100.0,9835.0,9835.0,149212.0,,富时中国A50指数1511,473110.0,9835.0,9835.0
2015-11-04,CN1511,9867.5,10352.5,9840.0,10352.5,270949.0,,富时中国A50指数1511,502169.0,10352.5,10352.5
2015-11-05,CN1511,10342.5,10800.0,10247.5,10640.0,389897.0,,富时中国A50指数1511,509401.0,10640.0,10640.0
2015-11-06,CN1511,10622.5,10847.5,10552.5,10800.0,256585.0,,富时中国A50指数1511,507481.0,10800.0,10800.0
2015-11-09,CN1511,10785.0,11160.0,10595.0,10952.5,354562.0,,富时中国A50指数1511,526822.0,10952.5,10952.5
2015-11-10,CN1511,10940.0,11047.5,10785.0,10825.0,224277.0,,富时中国A50指数1511,527582.0,10825.0,10825.0
2015-11-11,CN1511,10830.0,10920.0,10667.5,10805.0,187836.0,,富时中国A50指数1511,519088.0,10805.0,10805.0
2015-11-12,CN1511,10827.5,10910.0,10627.5,10720.0,203464.0,,富时中国A50指数1511,517936.0,10720.0,10720.0
2015-11-13,CN1511,10705.0,10720.0,10512.5,10557.5,207865.0,,富时中国A50指数1511,506810.0,10557.5,10557.5
2015-11-16,CN1511,10477.5,10520.0,10250.0,10460.0,233485.0,,富时中国A50指数1511,520068.0,10460.0,10460.0
2015-11-17,CN1511,10497.5,10800.0,10457.5,10492.5,259782.0,,富时中国A50指数1511,508937.0,10492.5,10492.5
2015-11-18,CN1511,10490.0,10667.5,10485.0,10495.0,208661.0,,富时中国A50指数1511,512952.0,10495.0,10495.0
2015-11-19,CN1511,10495.0,10675.0,10485.0,10660.0,200086.0,,富时中国A50指数1511,512637.0,10660.0,10660.0
2015-11-20,CN1511,10670.0,10700.0,10582.5,10650.0,245518.0,,富时中国A50指数1511,472207.0,10650.0,10650.0
2015-11-23,CN1511,10650.0,10710.0,10552.5,10580.0,242938.0,,富时中国A50指数1511,445316.0,10580.0,10580.0
2015-11-24,CN1511,10567.5,10615.0,10415.0,10562.5,350494.0,,富时中国A50指数1511,357414.0,10562.5,10562.5
2015-11-25,CN1511,10565.0,10645.0,10472.5,10645.0,342536.0,,富时中国A50指数1511,246977.0,10645.0,10645.0
2015-11-26,CN1511,10637.5,10760.0,10557.5,10567.5,281597.0,,富时中国A50指数1511,128098.0,10567.5,10567.5
2015-11-27,CN1511,10585.0,10640.0,10065.0,10122.5,127813.0,,富时中国A50指数1511,0.0,10122.5,10122.5
