date,symbol,open,high,low,close,volume,amount,name,openinterest,settleprice,price
2015-05-29,CN1508,,,,13185.0,0.0,,富时中国A50指数1508,0.0,13185.0,13185.0
2015-06-01,CN1508,,,,13852.5,0.0,,富时中国A50指数1508,0.0,13852.5,13852.5
2015-06-02,CN1508,,,,13750.0,0.0,,富时中国A50指数1508,0.0,13750.0,13750.0
2015-06-03,CN1508,,,,13650.0,0.0,,富时中国A50指数1508,0.0,13650.0,13650.0
2015-06-04,CN1508,13847.5,13867.5,13847.5,13867.5,2.0,,富时中国A50指数1508,0.0,14017.5,13867.5
2015-06-05,CN1508,,,,13830.0,0.0,,富时中国A50指数1508,0.0,13830.0,13830.0
2015-06-08,CN1508,,,,14672.5,0.0,,富时中国A50指数1508,0.0,14672.5,14672.5
2015-06-09,CN1508,,,,14375.0,0.0,,富时中国A50指数1508,0.0,14375.0,14375.0
2015-06-10,CN1508,,,,14170.0,0.0,,富时中国A50指数1508,0.0,14170.0,14170.0
2015-06-11,CN1508,,,,14165.0,0.0,,富时中国A50指数1508,0.0,14165.0,14165.0
2015-06-12,CN1508,14000.0,14000.0,14000.0,14000.0,1.0,,富时中国A50指数1508,1.0,14375.0,14000.0
2015-06-15,CN1508,14297.5,14297.5,13700.0,13700.0,3.0,,富时中国A50指数1508,4.0,13752.5,13700.0
2015-06-16,CN1508,13350.0,13350.0,13350.0,13350.0,51.0,,富时中国A50指数1508,54.0,13365.0,13350.0
2015-06-17,CN1508,,,,13455.0,0.0,,富时中国A50指数1508,54.0,13455.0,13455.0
2015-06-18,CN1508,13277.5,13277.5,13000.0,13000.0,7.0,,富时中国A50指数1508,61.0,12985.0,13000.0
2015-06-19,CN1508,12910.0,12910.0,12250.0,12250.0,9.0,,富时中国A50指数1508,70.0,12427.5,12250.0
2015-06-23,CN1508,12400.0,12897.5,12400.0,12895.0,10.0,,富时中国A50指数1508,73.0,12850.0,12895.0
2015-06-24,CN1508,12997.5,13000.0,12820.0,13000.0,9.0,,富时中国A50指数1508,78.0,13065.0,13000.0
2015-06-25,CN1508,13295.0,13300.0,12500.0,12502.5,27.0,,富时中国A50指数1508,75.0,12647.5,12502.5
2015-06-26,CN1508,12400.0,12715.0,11700.0,11700.0,60.0,,富时中国A50指数1508,108.0,11750.0,11700.0
2015-06-29,CN1508,11550.0,12232.5,10707.5,11700.0,107.0,,富时中国A50指数1508,125.0,11742.5,11700.0
2015-06-30,CN1508,11510.0,12402.5,11510.0,12400.0,958.0,,富时中国A50指数1508,704.0,12402.5,12400.0
2015-07-01,CN1508,12302.5,12435.0,11550.0,11550.0,1894.0,,富时中国A50指数1508,890.0,11550.0,11550.0
2015-07-02,CN1508,11620.0,12140.0,11370.0,11880.0,5168.0,,富时中国A50指数1508,1460.0,11807.5,11880.0
2015-07-03,CN1508,11765.0,11917.5,11100.0,11325.0,1276.0,,富时中国A50指数1508,1592.0,11287.5,11325.0
2015-07-06,CN1508,11315.0,12165.0,11250.0,11907.5,6556.0,,富时中国A50指数1508,2369.0,11907.5,11907.5
2015-07-07,CN1508,11872.5,12057.5,11500.0,11810.0,4562.0,,富时中国A50指数1508,1820.0,11820.0,11810.0
2015-07-08,CN1508,11747.5,11827.5,9737.5,9942.5,9272.0,,富时中国A50指数1508,4200.0,9942.5,9942.5
2015-07-09,CN1508,10122.5,11812.5,10010.0,11700.0,22194.0,,富时中国A50指数1508,9913.0,11702.5,11700.0
2015-07-10,CN1508,11675.0,12792.5,11585.0,12145.0,19047.0,,富时中国A50指数1508,11344.0,12145.0,12145.0
2015-07-13,CN1508,12212.5,12380.0,11850.0,12050.0,6759.0,,富时中国A50指数1508,13564.0,12050.0,12050.0
2015-07-14,CN1508,12032.5,12032.5,11317.5,11622.5,13336.0,,富时中国A50指数1508,14408.0,11655.0,11622.5
2015-07-15,CN1508,11560.0,11672.5,11175.0,11465.0,19799.0,,富时中国A50指数1508,21521.0,11465.0,11465.0
2015-07-16,CN1508,11465.0,11757.5,11220.0,11717.5,24674.0,,富时中国A50指数1508,26827.0,11717.5,11717.5
2015-07-17,CN1508,11717.5,12055.0,11590.0,11940.0,28086.0,,富时中国A50指数1508,31738.0,11942.5,11940.0
2015-07-20,CN1508,11985.0,12005.0,11507.5,11647.5,21938.0,,富时中国A50指数1508,39477.0,11647.5,11647.5
2015-07-21,CN1508,11637.5,11710.0,11410.0,11585.0,35863.0,,富时中国A50指数1508,57031.0,11585.0,11585.0
2015-07-22,CN1508,11570.0,11600.0,11290.0,11500.0,39050.0,,富时中国A50指数1508,71713.0,11500.0,11500.0
2015-07-23,CN1508,11467.5,11947.5,11427.5,11942.5,72650.0,,富时中国A50指数1508,103772.0,11942.5,11942.5
2015-07-24,CN1508,11930.0,11930.0,11535.0,11587.5,73888.0,,富时中国A50指数1508,134422.0,11587.5,11587.5
2015-07-27,CN1508,11590.0,11622.5,10462.5,10585.0,190310.0,,富时中国A50指数1508,207572.0,10585.0,10585.0
2015-07-28,CN1508,10572.5,10890.0,10380.0,10540.0,414175.0,,富时中国A50指数1508,353490.0,10540.0,10540.0
2015-07-29,CN1508,10550.0,10960.0,10522.5,10890.0,409135.0,,富时中国A50指数1508,497562.0,10890.0,10890.0
2015-07-30,CN1508,10900.0,10930.0,10477.5,10525.0,310913.0,,富时中国A50指数1508,522914.0,10525.0,10525.0
2015-07-31,CN1508,10520.0,10852.5,10485.0,10560.0,261452.0,,富时中国A50指数1508,525157.0,10560.0,10560.0
2015-08-03,CN1508,10575.0,10712.5,10412.5,10625.0,176713.0,,富时中国A50指数1508,535828.0,10625.0,10625.0
2015-08-04,CN1508,10622.5,11007.5,10540.0,10957.5,203053.0,,富时中国A50指数1508,537867.0,10957.5,10957.5
2015-08-05,CN1508,10942.5,11000.0,10735.0,10795.0,184727.0,,富时中国A50指数1508,561192.0,10795.0,10795.0
2015-08-06,CN1508,10815.0,10912.5,10650.0,10760.0,227120.0,,富时中国A50指数1508,544450.0,10760.0,10760.0
2015-08-07,CN1508,10770.0,11050.0,10690.0,10920.0,223957.0,,富时中国A50指数1508,549998.0,10920.0,10920.0
2015-08-10,CN1508,10930.0,11465.0,10845.0,11380.0,,,富时中国A50指数1508,,11380.0,11380.0
2015-08-11,CN1508,11362.5,11477.5,11250.0,11450.0,219488.0,,富时中国A50指数1508,574225.0,11450.0,11450.0
2015-08-12,CN1508,11357.5,11372.5,11065.0,11137.5,231515.0,,富时中国A50指数1508,550524.0,11137.5,11137.5
2015-08-13,CN1508,11110.0,11342.5,11045.0,11260.0,221561.0,,富时中国A50指数1508,539716.0,11260.0,11260.0
2015-08-14,CN1508,11265.0,11335.0,11142.5,11247.5,169781.0,,富时中国A50指数1508,0.0,11247.5,11247.5
2015-08-17,CN1508,11245.0,11282.5,10890.0,10972.5,212144.0,,富时中国A50指数1508,518279.0,10972.5,10972.5
2015-08-18,CN1508,11007.5,11142.5,10287.5,10500.0,359098.0,,富时中国A50指数1508,511790.0,10500.0,10500.0
2015-08-19,CN1508,10500.0,10685.0,10255.0,10500.0,334862.0,,富时中国A50指数1508,509724.0,10500.0,10500.0
2015-08-20,CN1508,10512.5,10557.5,10300.0,10370.0,304407.0,,富时中国A50指数1508,489265.0,10370.0,10370.0
2015-08-21,CN1508,10362.5,10370.0,9927.5,10040.0,407852.0,,富时中国A50指数1508,0.0,10040.0,10040.0
2015-08-24,CN1508,10045.0,10127.5,8750.0,8815.0,552860.0,,富时中国A50指数1508,441244.0,8815.0,8815.0
2015-08-25,CN1508,8847.5,9165.0,8310.0,8555.0,632908.0,,富时中国A50指数1508,416342.0,8555.0,8555.0
2015-08-26,CN1508,8825.0,9097.5,8420.0,8547.5,674536.0,,富时中国A50指数1508,249369.0,8547.5,8547.5
2015-08-27,CN1508,8607.5,9677.5,8532.5,9437.5,420254.0,,富时中国A50指数1508,122400.0,9437.5,9437.5
2015-08-28,CN1508,9392.5,9682.5,9300.0,9647.5,87517.0,,富时中国A50指数1508,0.0,9647.5,9647.5
