date,symbol,open,high,low,close,volume,amount,name,openinterest,settleprice,price
2015-07-31,CN1510,,,,10557.5,0.0,,富时中国A50指数1510,0.0,10557.5,10557.5
2015-08-03,CN1510,10500.0,10500.0,10450.0,10490.0,3.0,,富时中国A50指数1510,3.0,10590.0,10490.0
2015-08-04,CN1510,0.0,0.0,0.0,10840.0,0.0,,富时中国A50指数1510,3.0,10840.0,10840.0
2015-08-05,CN1510,10650.0,10650.0,10600.0,10600.0,2.0,,富时中国A50指数1510,3.0,10627.5,10600.0
2015-08-06,CN1510,10580.0,10580.0,10580.0,10580.0,1.0,,富时中国A50指数1510,4.0,10697.5,10580.0
2015-08-07,CN1510,10750.0,10750.0,10750.0,10750.0,1.0,,富时中国A50指数1510,4.0,10710.0,10750.0
2015-08-10,CN1510,10600.0,11000.0,10600.0,11000.0,,,富时中国A50指数1510,,11330.0,11000.0
2015-08-11,CN1510,11090.0,11160.0,11090.0,11102.5,3.0,,富时中国A50指数1510,9.0,11077.5,11102.5
2015-08-12,CN1510,11010.0,11060.0,11010.0,11060.0,2.0,,富时中国A50指数1510,9.0,11090.0,11060.0
2015-08-13,CN1510,10850.0,11000.0,10800.0,11000.0,6.0,,富时中国A50指数1510,9.0,11200.0,11000.0
2015-08-14,CN1510,0.0,0.0,0.0,11050.0,0.0,,富时中国A50指数1510,0.0,11050.0,11050.0
2015-08-17,CN1510,10790.0,10790.0,10655.0,10655.0,2.0,,富时中国A50指数1510,10.0,10845.0,10655.0
2015-08-18,CN1510,10750.0,10750.0,10300.0,10300.0,4.0,,富时中国A50指数1510,12.0,10347.5,10300.0
2015-08-19,CN1510,10272.5,10272.5,9950.0,9950.0,16.0,,富时中国A50指数1510,19.0,10297.5,9950.0
2015-08-20,CN1510,10102.5,10102.5,9900.0,9900.0,7.0,,富时中国A50指数1510,20.0,10125.0,9900.0
2015-08-21,CN1510,9900.0,9900.0,9790.0,9790.0,3.0,,富时中国A50指数1510,0.0,9790.0,9790.0
2015-08-24,CN1510,9630.0,9630.0,8505.0,8505.0,12.0,,富时中国A50指数1510,24.0,8592.5,8505.0
2015-08-25,CN1510,8450.0,8750.0,8202.5,8660.0,21.0,,富时中国A50指数1510,35.0,8392.5,8660.0
2015-08-26,CN1510,8302.5,8650.0,8002.5,8252.5,24.0,,富时中国A50指数1510,43.0,8400.0,8252.5
2015-08-27,CN1510,8595.0,9240.0,8530.0,9240.0,76.0,,富时中国A50指数1510,93.0,9432.5,9240.0
2015-08-28,CN1510,9002.5,9350.0,9000.0,9300.0,19.0,,富时中国A50指数1510,0.0,9297.5,9300.0
2015-08-31,CN1510,8905.0,9302.5,8800.0,9095.0,729.0,,富时中国A50指数1510,289.0,9112.5,9095.0
2015-09-01,CN1510,9042.5,9150.0,8855.0,8927.5,1889.0,,富时中国A50指数1510,1061.0,8927.5,8927.5
2015-09-02,CN1510,8840.0,9330.0,8740.0,8980.0,3732.0,,富时中国A50指数1510,2489.0,8970.0,8980.0
2015-09-07,CN1510,8912.5,9505.0,8880.0,8900.0,2896.0,,富时中国A50指数1510,2948.0,8927.5,8900.0
2015-09-08,CN1510,8977.5,9485.0,8942.5,9450.0,13395.0,,富时中国A50指数1510,8616.0,9450.0,9450.0
2015-09-09,CN1510,9430.0,9572.5,9400.0,9465.0,,,富时中国A50指数1510,,9510.0,9465.0
2015-09-10,CN1510,9465.0,9517.5,9350.0,9480.0,2049.0,,富时中国A50指数1510,10387.0,9480.0,9480.0
2015-09-11,CN1510,9407.5,9555.0,9250.0,9312.5,4409.0,,富时中国A50指数1510,0.0,9312.5,9312.5
2015-09-14,CN1510,9280.0,9490.0,9020.0,9150.0,6898.0,,富时中国A50指数1510,14592.0,9150.0,9150.0
2015-09-15,CN1510,9150.0,9300.0,9100.0,9160.0,8146.0,,富时中国A50指数1510,17626.0,9160.0,9160.0
2015-09-16,CN1510,9147.5,9620.0,9052.5,9490.0,7250.0,,富时中国A50指数1510,19367.0,9490.0,9490.0
2015-09-17,CN1510,9540.0,9612.5,9287.5,9315.0,6935.0,,富时中国A50指数1510,21819.0,9315.0,9315.0
2015-09-18,CN1510,9297.5,9460.0,9275.0,9300.0,13158.0,,富时中国A50指数1510,0.0,9297.5,9300.0
2015-09-21,CN1510,9225.0,9485.0,9185.0,9467.5,11892.0,,富时中国A50指数1510,32880.0,9467.5,9467.5
2015-09-22,CN1510,9467.5,9737.5,9437.5,9580.0,60643.0,,富时中国A50指数1510,65503.0,9580.0,9580.0
2015-09-23,CN1510,9582.5,9582.5,9380.0,9407.5,126335.0,,富时中国A50指数1510,138636.0,9407.5,9407.5
2015-09-24,CN1510,9435.0,9522.5,9352.5,9405.0,156930.0,,富时中国A50指数1510,210101.0,9405.0,9405.0
2015-09-25,CN1510,9405.0,9462.5,9252.5,9312.5,219208.0,,富时中国A50指数1510,335982.0,9312.5,9312.5
2015-09-28,CN1510,9357.5,9407.5,9187.5,9325.0,82292.0,,富时中国A50指数1510,363452.0,9325.0,9325.0
2015-09-29,CN1510,9302.5,9320.0,9007.5,9145.0,200814.0,,富时中国A50指数1510,397769.0,9145.0,9145.0
2015-09-30,CN1510,9182.5,9365.0,9130.0,9207.5,128182.0,,富时中国A50指数1510,402282.0,9207.5,9207.5
2015-10-08,CN1510,9855.0,9945.0,9495.0,9580.0,233846.0,,富时中国A50指数1510,425163.0,9580.0,9580.0
2015-10-09,CN1510,9612.5,9740.0,9565.0,9600.0,182122.0,,富时中国A50指数1510,430174.0,9600.0,9600.0
2015-10-12,CN1510,9620.0,10070.0,9600.0,10020.0,257452.0,,富时中国A50指数1510,449702.0,10020.0,10020.0
2015-10-13,CN1510,10000.0,10020.0,9812.5,9812.5,195316.0,,富时中国A50指数1510,451296.0,9812.5,9812.5
2015-10-14,CN1510,9825.0,9937.5,9705.0,9705.0,190883.0,,富时中国A50指数1510,438686.0,9705.0,9705.0
2015-10-15,CN1510,9707.5,10042.5,9705.0,10005.0,196366.0,,富时中国A50指数1510,448128.0,10005.0,10005.0
2015-10-16,CN1510,10005.0,10135.0,10005.0,10112.5,182909.0,,富时中国A50指数1510,446760.0,10112.5,10112.5
2015-10-19,CN1510,10117.5,10217.5,9977.5,10092.5,162234.0,,富时中国A50指数1510,435360.0,10092.5,10092.5
2015-10-20,CN1510,10077.5,10182.5,9972.5,10110.0,175844.0,,富时中国A50指数1510,422791.0,10110.0,10110.0
2015-10-21,CN1510,10135.0,10260.0,9825.0,9937.5,205194.0,,富时中国A50指数1510,435010.0,9937.5,9937.5
2015-10-22,CN1510,9920.0,10140.0,9900.0,10102.5,190986.0,,富时中国A50指数1510,416567.0,10102.5,10102.5
2015-10-23,CN1510,10087.5,10250.0,10072.5,10200.0,256872.0,,富时中国A50指数1510,369469.0,10200.0,10200.0
2015-10-26,CN1510,10217.5,10527.5,10142.5,10177.5,283629.0,,富时中国A50指数1510,300933.0,10177.5,10177.5
2015-10-27,CN1510,10160.0,10235.0,10015.0,10162.5,372906.0,,富时中国A50指数1510,190553.0,10162.5,10162.5
2015-10-28,CN1510,10162.5,10205.0,9997.5,10002.5,270694.0,,富时中国A50指数1510,82328.0,10002.5,10002.5
2015-10-29,CN1510,10012.5,10092.5,9980.0,10020.0,55900.0,,富时中国A50指数1510,0.0,10020.0,10020.0
