date,symbol,open,high,low,close,volume,amount,name,openinterest,settleprice,price
2016-04-29,CN1607,0.0,0.0,0.0,9312.5,0.0,,富时中国A50指数1607,0.0,9312.5,9312.5
2016-05-03,CN1607,0.0,0.0,0.0,9410.0,0.0,,富时中国A50指数1607,0.0,9410.0,9410.0
2016-05-04,CN1607,0.0,0.0,0.0,9410.0,0.0,,富时中国A50指数1607,0.0,9410.0,9410.0
2016-05-05,CN1607,0.0,0.0,0.0,9370.0,0.0,,富时中国A50指数1607,0.0,9370.0,9370.0
2016-05-06,CN1607,9200.0,9200.0,8962.5,8962.5,31.0,,富时中国A50指数1607,28.0,9025.0,8962.5
2016-05-09,CN1607,8935.0,8955.0,8860.0,8860.0,24.0,,富时中国A50指数1607,52.0,8922.5,8860.0
2016-05-10,CN1607,0.0,0.0,0.0,8950.0,0.0,,富时中国A50指数1607,52.0,8950.0,8950.0
2016-05-11,CN1607,8865.0,8900.0,8865.0,8900.0,3.0,,富时中国A50指数1607,55.0,8972.5,8900.0
2016-05-12,CN1607,8850.0,8875.0,8850.0,8875.0,2.0,,富时中国A50指数1607,57.0,8965.0,8875.0
2016-05-13,CN1607,8880.0,8882.5,8870.0,8880.0,20.0,,富时中国A50指数1607,77.0,8900.0,8880.0
2016-05-16,CN1607,8900.0,8905.0,8830.0,8870.0,21.0,,富时中国A50指数1607,95.0,8900.0,8870.0
2016-05-17,CN1607,8897.5,8930.0,8822.5,8867.5,27.0,,富时中国A50指数1607,113.0,8930.0,8867.5
2016-05-18,CN1607,8830.0,8897.5,8730.0,8730.0,26.0,,富时中国A50指数1607,123.0,8892.5,8730.0
2016-05-19,CN1607,8875.0,8947.5,8875.0,8892.5,3.0,,富时中国A50指数1607,124.0,8900.0,8892.5
2016-05-20,CN1607,8842.5,8975.0,8842.5,8972.5,6.0,,富时中国A50指数1607,125.0,8975.0,8972.5
2016-05-23,CN1607,8930.0,9020.0,8925.0,8925.0,42.0,,富时中国A50指数1607,162.0,8970.0,8925.0
2016-05-24,CN1607,8992.5,8995.0,8900.0,8930.0,19.0,,富时中国A50指数1607,171.0,8980.0,8930.0
2016-05-25,CN1607,8950.0,9000.0,8900.0,8940.0,54.0,,富时中国A50指数1607,209.0,8980.0,8940.0
2016-05-26,CN1607,8975.0,8980.0,8900.0,8980.0,77.0,,富时中国A50指数1607,279.0,8997.5,8980.0
2016-05-27,CN1607,8875.0,9000.0,8875.0,9000.0,54.0,,富时中国A50指数1607,263.0,9047.5,9000.0
2016-05-30,CN1607,9000.0,9032.5,8900.0,9000.0,45.0,,富时中国A50指数1607,294.0,9032.5,9000.0
2016-05-31,CN1607,9002.5,9335.0,8997.5,9315.0,1548.0,,富时中国A50指数1607,988.0,9325.0,9315.0
2016-06-01,CN1607,9285.0,9400.0,9250.0,9260.0,1377.0,,富时中国A50指数1607,1688.0,9260.0,9260.0
2016-06-02,CN1607,9252.5,9287.5,9222.5,9287.5,1122.0,,富时中国A50指数1607,2176.0,9287.5,9287.5
2016-06-03,CN1607,9302.5,9330.0,9252.5,9302.5,349.0,,富时中国A50指数1607,2273.0,9285.0,9302.5
2016-06-06,CN1607,9265.0,9380.0,9205.0,9237.5,1030.0,,富时中国A50指数1607,2592.0,9227.5,9237.5
2016-06-07,CN1607,9237.5,9300.0,9215.0,9265.0,746.0,,富时中国A50指数1607,2744.0,9260.0,9265.0
2016-06-08,CN1607,9282.5,9290.0,9162.5,9225.0,1099.0,,富时中国A50指数1607,3054.0,9217.5,9225.0
2016-06-13,CN1607,9150.0,9150.0,8895.0,8895.0,5280.0,,富时中国A50指数1607,5234.0,8917.5,8895.0
2016-06-14,CN1607,8920.0,9057.5,8905.0,9022.5,2320.0,,富时中国A50指数1607,5788.0,9020.0,9022.5
2016-06-15,CN1607,9007.5,9092.5,8820.0,9062.5,4071.0,,富时中国A50指数1607,7316.0,9032.5,9062.5
2016-06-16,CN1607,9017.5,9040.0,8970.0,9017.5,2511.0,,富时中国A50指数1607,7885.0,9017.5,9017.5
2016-06-17,CN1607,9027.5,9137.5,8972.5,9077.5,5960.0,,富时中国A50指数1607,9275.0,9077.5,9077.5
2016-06-20,CN1607,9062.5,9162.5,9010.0,9050.0,30146.0,,富时中国A50指数1607,22004.0,9050.0,9050.0
2016-06-21,CN1607,9090.0,9210.0,9065.0,9090.0,31389.0,,富时中国A50指数1607,35586.0,9090.0,9090.0
2016-06-22,CN1607,9070.0,9170.0,9057.5,9150.0,106654.0,,富时中国A50指数1607,86152.0,9150.0,9150.0
2016-06-23,CN1607,9155.0,9187.5,9065.0,9110.0,172188.0,,富时中国A50指数1607,162102.0,9110.0,9110.0
2016-06-24,CN1607,9090.0,9175.0,8867.5,9055.0,197225.0,,富时中国A50指数1607,250167.0,9055.0,9055.0
2016-06-27,CN1607,9055.0,9102.5,8940.0,9085.0,319419.0,,富时中国A50指数1607,376106.0,9085.0,9085.0
2016-06-28,CN1607,9082.5,9122.5,9007.5,9107.5,324013.0,,富时中国A50指数1607,502623.0,9107.5,9107.5
2016-06-29,CN1607,9102.5,9217.5,9095.0,9210.0,157562.0,,富时中国A50指数1607,531978.0,9210.0,9210.0
2016-06-30,CN1607,9210.0,9267.5,9197.5,9235.0,144527.0,,富时中国A50指数1607,553497.0,9235.0,9235.0
2016-07-01,CN1607,9245.0,9297.5,9227.5,9282.5,93304.0,,富时中国A50指数1607,581567.0,9282.5,9282.5
2016-07-04,CN1607,9280.0,9435.0,9242.5,9417.5,179858.0,,富时中国A50指数1607,607924.0,9417.5,9417.5
2016-07-05,CN1607,9412.5,9422.5,9345.0,9362.5,94640.0,,富时中国A50指数1607,599951.0,9362.5,9362.5
2016-07-06,CN1607,9352.5,9382.5,9290.0,9362.5,132564.0,,富时中国A50指数1607,594283.0,9362.5,9362.5
2016-07-07,CN1607,9365.0,9402.5,9322.5,9367.5,96793.0,,富时中国A50指数1607,586261.0,9367.5,9367.5
2016-07-08,CN1607,9365.0,9412.5,9317.5,9357.5,95735.0,,富时中国A50指数1607,595360.0,9357.5,9357.5
2016-07-11,CN1607,9342.5,9475.0,9342.5,9400.0,181983.0,,富时中国A50指数1607,601552.0,9400.0,9400.0
2016-07-12,CN1607,9380.0,9632.5,9362.5,9620.0,173410.0,,富时中国A50指数1607,618093.0,9620.0,9620.0
2016-07-13,CN1607,9620.0,9677.5,9557.5,9635.0,174774.0,,富时中国A50指数1607,623146.0,9635.0,9635.0
2016-07-14,CN1607,9617.5,9627.5,9520.0,9577.5,111588.0,,富时中国A50指数1607,619443.0,9577.5,9577.5
2016-07-15,CN1607,9577.5,9630.0,9557.5,9597.5,114948.0,,富时中国A50指数1607,615597.0,9597.5,9597.5
2016-07-18,CN1607,9590.0,9667.5,9555.0,9570.0,117308.0,,富时中国A50指数1607,621443.0,9570.0,9570.0
2016-07-19,CN1607,9582.5,9627.5,9477.5,9477.5,142845.0,,富时中国A50指数1607,619077.0,9477.5,9477.5
2016-07-20,CN1607,9480.0,9545.0,9467.5,9482.5,97766.0,,富时中国A50指数1607,614279.0,9482.5,9482.5
2016-07-21,CN1607,9495.0,9585.0,9485.0,9542.5,208689.0,,富时中国A50指数1607,583382.0,9542.5,9542.5
2016-07-22,CN1607,9525.0,9540.0,9420.0,9422.5,221442.0,,富时中国A50指数1607,539241.0,9422.5,9422.5
2016-07-25,CN1607,9445.0,9490.0,9425.0,9460.0,235817.0,,富时中国A50指数1607,465878.0,9460.0,9460.0
2016-07-26,CN1607,9455.0,9560.0,9412.5,9540.0,457818.0,,富时中国A50指数1607,275907.0,9540.0,9540.0
2016-07-27,CN1607,9542.5,9577.5,9322.5,9480.0,445670.0,,富时中国A50指数1607,114598.0,9480.0,9480.0
2016-07-28,CN1607,9480.0,9495.0,9430.0,9470.0,65945.0,,富时中国A50指数1607,0.0,9470.0,9470.0
