date,symbol,open,high,low,close,volume,amount,name,openinterest,settleprice,price
2016-07-29,CN1610,0.0,0.0,0.0,9450.0,0.0,,富时中国A50指数1610,0.0,9450.0,9450.0
2016-08-01,CN1610,9540.0,9540.0,9435.0,9435.0,27.0,,富时中国A50指数1610,27.0,9435.0,9435.0
2016-08-02,CN1610,9430.0,9430.0,9430.0,9430.0,1.0,,富时中国A50指数1610,27.0,9402.5,9430.0
2016-08-03,CN1610,9365.0,9410.0,9365.0,9407.5,12.0,,富时中国A50指数1610,37.0,9385.0,9407.5
2016-08-04,CN1610,0.0,0.0,0.0,9395.0,0.0,,富时中国A50指数1610,37.0,9395.0,9395.0
2016-08-05,CN1610,9420.0,9420.0,9420.0,9420.0,1.0,,富时中国A50指数1610,37.0,9457.5,9420.0
2016-08-08,CN1610,9450.0,9462.5,9450.0,9462.5,6.0,,富时中国A50指数1610,32.0,9500.0,9462.5
2016-08-09,CN1610,0.0,0.0,0.0,9560.0,0.0,,富时中国A50指数1610,32.0,9560.0,9560.0
2016-08-10,CN1610,0.0,0.0,0.0,9560.0,0.0,,富时中国A50指数1610,32.0,9560.0,9560.0
2016-08-11,CN1610,0.0,0.0,0.0,9620.0,0.0,,富时中国A50指数1610,32.0,9620.0,9620.0
2016-08-12,CN1610,9620.0,9797.5,9620.0,9792.5,6.0,,富时中国A50指数1610,37.0,9830.0,9792.5
2016-08-15,CN1610,9837.5,10175.0,9837.5,10042.5,41.0,,富时中国A50指数1610,60.0,10105.0,10042.5
2016-08-16,CN1610,9947.5,10015.0,9892.5,10015.0,40.0,,富时中国A50指数1610,67.0,9930.0,10015.0
2016-08-17,CN1610,9895.0,9940.0,9842.5,9910.0,12.0,,富时中国A50指数1610,73.0,9910.0,9910.0
2016-08-18,CN1610,9905.0,9997.5,9855.0,9895.0,8.0,,富时中国A50指数1610,76.0,9835.0,9895.0
2016-08-19,CN1610,9825.0,9917.5,9767.5,9917.5,22.0,,富时中国A50指数1610,92.0,9860.0,9917.5
2016-08-22,CN1610,9895.0,9947.5,9882.5,9882.5,22.0,,富时中国A50指数1610,92.0,9845.0,9882.5
2016-08-23,CN1610,9882.5,9882.5,9882.5,9882.5,1.0,,富时中国A50指数1610,93.0,9865.0,9882.5
2016-08-24,CN1610,0.0,0.0,0.0,9837.5,0.0,,富时中国A50指数1610,93.0,9837.5,9837.5
2016-08-25,CN1610,9807.5,9810.0,9687.5,9795.0,43.0,,富时中国A50指数1610,91.0,9767.5,9795.0
2016-08-26,CN1610,9772.5,9772.5,9772.5,9772.5,2.0,,富时中国A50指数1610,92.0,9780.0,9772.5
2016-08-29,CN1610,9802.5,9802.5,9760.0,9760.0,17.0,,富时中国A50指数1610,100.0,9750.0,9760.0
2016-08-30,CN1610,0.0,0.0,0.0,9770.0,0.0,,富时中国A50指数1610,100.0,9770.0,9770.0
2016-08-31,CN1610,9805.0,9877.5,9785.0,9847.5,2139.0,,富时中国A50指数1610,1102.0,9835.0,9847.5
2016-09-01,CN1610,9845.0,9862.5,9780.0,9785.0,1086.0,,富时中国A50指数1610,1678.0,9770.0,9785.0
2016-09-02,CN1610,9785.0,9855.0,9772.5,9835.0,2343.0,,富时中国A50指数1610,2801.0,9837.5,9835.0
2016-09-05,CN1610,9850.0,9932.5,9850.0,9890.0,6162.0,,富时中国A50指数1610,8141.0,9885.0,9890.0
2016-09-06,CN1610,9897.5,9912.5,9817.5,9880.0,988.0,,富时中国A50指数1610,8419.0,9880.0,9880.0
2016-09-07,CN1610,9887.5,9925.0,9872.5,9872.5,2709.0,,富时中国A50指数1610,9831.0,9872.5,9872.5
2016-09-08,CN1610,9872.5,9905.0,9867.5,9887.5,2670.0,,富时中国A50指数1610,10921.0,9882.5,9887.5
2016-09-09,CN1610,9877.5,9905.0,9805.0,9815.0,3626.0,,富时中国A50指数1610,11585.0,9815.0,9815.0
2016-09-12,CN1610,9810.0,9810.0,9610.0,9612.5,8704.0,,富时中国A50指数1610,13903.0,9612.5,9612.5
2016-09-13,CN1610,9580.0,9710.0,9580.0,9625.0,3638.0,,富时中国A50指数1610,14589.0,9625.0,9625.0
2016-09-14,CN1610,9640.0,9640.0,9527.5,9535.0,7948.0,,富时中国A50指数1610,14106.0,9535.0,9535.0
2016-09-15,CN1610,9522.5,9590.0,9510.0,9570.0,665.0,,富时中国A50指数1610,14124.0,9555.0,9570.0
2016-09-16,CN1610,9567.5,9590.0,9550.0,9590.0,79.0,,富时中国A50指数1610,14113.0,9585.0,9590.0
2016-09-19,CN1610,9587.5,9675.0,9582.5,9662.5,10417.0,,富时中国A50指数1610,17837.0,9662.5,9662.5
2016-09-20,CN1610,9670.0,9670.0,9610.0,9652.5,7038.0,,富时中国A50指数1610,20897.0,9652.5,9652.5
2016-09-21,CN1610,9652.5,9670.0,9595.0,9612.5,12189.0,,富时中国A50指数1610,26024.0,9612.5,9612.5
2016-09-22,CN1610,9630.0,9760.0,9605.0,9667.5,71353.0,,富时中国A50指数1610,73110.0,9667.5,9667.5
2016-09-23,CN1610,9710.0,9740.0,9645.0,9657.5,90711.0,,富时中国A50指数1610,146981.0,9657.5,9657.5
2016-09-26,CN1610,9650.0,9682.5,9497.5,9497.5,303634.0,,富时中国A50指数1610,370430.0,9497.5,9497.5
2016-09-27,CN1610,9502.5,9617.5,9487.5,9585.0,153391.0,,富时中国A50指数1610,473224.0,9585.0,9585.0
2016-09-28,CN1610,9570.0,9592.5,9537.5,9570.0,200232.0,,富时中国A50指数1610,572653.0,9570.0,9570.0
2016-09-29,CN1610,9555.0,9645.0,9547.5,9605.0,241479.0,,富时中国A50指数1610,634667.0,9605.0,9605.0
2016-09-30,CN1610,9610.0,9632.5,9560.0,9567.5,91438.0,,富时中国A50指数1610,632128.0,9567.5,9567.5
2016-10-03,CN1610,9577.5,9642.5,9565.0,9590.0,21925.0,,富时中国A50指数1610,627002.0,9590.0,9590.0
2016-10-04,CN1610,9600.0,9622.5,9580.0,9622.5,12666.0,,富时中国A50指数1610,622667.0,9622.5,9622.5
2016-10-05,CN1610,9617.5,9640.0,9597.5,9617.5,19717.0,,富时中国A50指数1610,622802.0,9617.5,9617.5
2016-10-06,CN1610,9622.5,9695.0,9612.5,9687.5,25325.0,,富时中国A50指数1610,625341.0,9687.5,9687.5
2016-10-07,CN1610,9690.0,9700.0,9637.5,9690.0,23541.0,,富时中国A50指数1610,625720.0,9690.0,9690.0
2016-10-10,CN1610,9685.0,9780.0,9632.5,9740.0,121204.0,,富时中国A50指数1610,650943.0,9740.0,9740.0
2016-10-11,CN1610,9740.0,9755.0,9692.5,9712.5,123434.0,,富时中国A50指数1610,650595.0,9712.5,9712.5
2016-10-12,CN1610,9717.5,9732.5,9660.0,9667.5,76882.0,,富时中国A50指数1610,642881.0,9667.5,9667.5
2016-10-13,CN1610,9665.0,9720.0,9640.0,9640.0,111219.0,,富时中国A50指数1610,640727.0,9640.0,9640.0
2016-10-14,CN1610,9647.5,9752.5,9635.0,9740.0,118916.0,,富时中国A50指数1610,649207.0,9740.0,9740.0
2016-10-17,CN1610,9742.5,9757.5,9602.5,9615.0,134041.0,,富时中国A50指数1610,641262.0,9615.0,9615.0
2016-10-18,CN1610,9620.0,9807.5,9567.5,9792.5,161854.0,,富时中国A50指数1610,653622.0,9792.5,9792.5
2016-10-19,CN1610,9800.0,9812.5,9732.5,9745.0,107313.0,,富时中国A50指数1610,645134.0,9745.0,9745.0
2016-10-20,CN1610,9747.5,9800.0,9745.0,9760.0,71676.0,,富时中国A50指数1610,642583.0,9760.0,9760.0
2016-10-21,CN1610,9760.0,9870.0,9750.0,9817.5,141696.0,,富时中国A50指数1610,624253.0,9817.5,9817.5
2016-10-24,CN1610,9822.5,10017.5,9807.5,10010.0,279646.0,,富时中国A50指数1610,569938.0,10010.0,10010.0
2016-10-25,CN1610,10000.0,10000.0,9917.5,9932.5,251856.0,,富时中国A50指数1610,383852.0,9932.5,9932.5
2016-10-26,CN1610,9935.0,9940.0,9845.0,9850.0,358449.0,,富时中国A50指数1610,210974.0,9850.0,9850.0
2016-10-27,CN1610,9852.5,9887.5,9805.0,9837.5,229875.0,,富时中国A50指数1610,71012.0,9837.5,9837.5
2016-10-28,CN1610,9835.0,9925.0,9825.0,9870.0,57213.0,,富时中国A50指数1610,0.0,9870.0,9870.0
