date,symbol,open,high,low,close,volume,amount,name,openinterest,settleprice,price
2016-05-31,CN1608,0.0,0.0,0.0,9332.5,0.0,,富时中国A50指数1608,0.0,9332.5,9332.5
2016-06-01,CN1608,0.0,0.0,0.0,9260.0,0.0,,富时中国A50指数1608,0.0,9260.0,9260.0
2016-06-02,CN1608,0.0,0.0,0.0,9270.0,0.0,,富时中国A50指数1608,0.0,9270.0,9270.0
2016-06-03,CN1608,9322.5,9325.0,9275.0,9300.0,12.0,,富时中国A50指数1608,12.0,9282.5,9300.0
2016-06-06,CN1608,0.0,0.0,0.0,9225.0,0.0,,富时中国A50指数1608,12.0,9225.0,9225.0
2016-06-07,CN1608,0.0,0.0,0.0,9250.0,0.0,,富时中国A50指数1608,12.0,9250.0,9250.0
2016-06-08,CN1608,9202.5,9272.5,9125.0,9182.5,11.0,,富时中国A50指数1608,18.0,9205.0,9182.5
2016-06-13,CN1608,8922.5,8922.5,8922.5,8922.5,1.0,,富时中国A50指数1608,19.0,8907.5,8922.5
2016-06-14,CN1608,8880.0,9005.0,8880.0,9005.0,4.0,,富时中国A50指数1608,18.0,8997.5,9005.0
2016-06-15,CN1608,8805.0,8997.5,8805.0,8997.5,3.0,,富时中国A50指数1608,20.0,9027.5,8997.5
2016-06-16,CN1608,8927.5,8975.0,8927.5,8975.0,3.0,,富时中国A50指数1608,20.0,9010.0,8975.0
2016-06-17,CN1608,0.0,0.0,0.0,9065.0,0.0,,富时中国A50指数1608,20.0,9065.0,9065.0
2016-06-20,CN1608,9017.5,9067.5,9017.5,9067.5,3.0,,富时中国A50指数1608,21.0,9090.0,9067.5
2016-06-21,CN1608,9115.0,9115.0,9090.0,9090.0,2.0,,富时中国A50指数1608,22.0,9072.5,9090.0
2016-06-22,CN1608,9130.0,9130.0,9130.0,9130.0,2.0,,富时中国A50指数1608,22.0,9137.5,9130.0
2016-06-23,CN1608,9130.0,9165.0,9035.0,9050.0,29.0,,富时中国A50指数1608,42.0,9062.5,9050.0
2016-06-24,CN1608,9080.0,9147.5,8805.0,8975.0,36.0,,富时中国A50指数1608,62.0,9017.5,8975.0
2016-06-27,CN1608,8990.0,9115.0,8905.0,9040.0,57.0,,富时中国A50指数1608,82.0,9075.0,9040.0
2016-06-28,CN1608,9040.0,9070.0,8965.0,9065.0,33.0,,富时中国A50指数1608,91.0,9070.0,9065.0
2016-06-29,CN1608,9070.0,9170.0,9070.0,9170.0,215.0,,富时中国A50指数1608,225.0,9185.0,9170.0
2016-06-30,CN1608,9175.0,9242.5,9175.0,9200.0,845.0,,富时中国A50指数1608,465.0,9210.0,9200.0
2016-07-01,CN1608,9232.5,9250.0,9200.0,9250.0,634.0,,富时中国A50指数1608,723.0,9282.5,9250.0
2016-07-04,CN1608,9270.0,9420.0,9212.5,9385.0,6124.0,,富时中国A50指数1608,3469.0,9385.0,9385.0
2016-07-05,CN1608,9392.5,9400.0,9330.0,9342.5,2190.0,,富时中国A50指数1608,4514.0,9337.5,9342.5
2016-07-06,CN1608,9327.5,9360.0,9270.0,9350.0,1611.0,,富时中国A50指数1608,5073.0,9350.0,9350.0
2016-07-07,CN1608,9330.0,9372.5,9300.0,9355.0,1780.0,,富时中国A50指数1608,5479.0,9362.5,9355.0
2016-07-08,CN1608,9375.0,9387.5,9300.0,9327.5,1204.0,,富时中国A50指数1608,6054.0,9335.0,9327.5
2016-07-11,CN1608,9355.0,9465.0,9347.5,9377.5,9527.0,,富时中国A50指数1608,11923.0,9377.5,9377.5
2016-07-12,CN1608,9365.0,9625.0,9360.0,9612.5,6827.0,,富时中国A50指数1608,16032.0,9612.5,9612.5
2016-07-13,CN1608,9607.5,9675.0,9550.0,9600.0,3579.0,,富时中国A50指数1608,16188.0,9602.5,9600.0
2016-07-14,CN1608,9610.0,9610.0,9520.0,9552.5,1883.0,,富时中国A50指数1608,16447.0,9572.5,9552.5
2016-07-15,CN1608,9572.5,9615.0,9555.0,9605.0,9035.0,,富时中国A50指数1608,21518.0,9595.0,9605.0
2016-07-18,CN1608,9560.0,9647.5,9547.5,9570.0,5222.0,,富时中国A50指数1608,21821.0,9570.0,9570.0
2016-07-19,CN1608,9555.0,9612.5,9475.0,9475.0,7802.0,,富时中国A50指数1608,24827.0,9475.0,9475.0
2016-07-20,CN1608,9477.5,9537.5,9462.5,9462.5,16620.0,,富时中国A50指数1608,34375.0,9465.0,9462.5
2016-07-21,CN1608,9480.0,9580.0,9477.5,9570.0,88576.0,,富时中国A50指数1608,86031.0,9570.0,9570.0
2016-07-22,CN1608,9535.0,9542.5,9420.0,9422.5,105266.0,,富时中国A50指数1608,137482.0,9422.5,9422.5
2016-07-25,CN1608,9437.5,9490.0,9425.0,9460.0,162188.0,,富时中国A50指数1608,226408.0,9460.0,9460.0
2016-07-26,CN1608,9447.5,9565.0,9412.5,9542.5,363424.0,,富时中国A50指数1608,423139.0,9542.5,9542.5
2016-07-27,CN1608,9537.5,9577.5,9325.0,9485.0,463701.0,,富时中国A50指数1608,585115.0,9485.0,9485.0
2016-07-28,CN1608,9485.0,9507.5,9430.0,9505.0,202836.0,,富时中国A50指数1608,613197.0,9505.0,9505.0
2016-07-29,CN1608,9487.5,9495.0,9430.0,9442.5,115883.0,,富时中国A50指数1608,0.0,9442.5,9442.5
2016-08-01,CN1608,9447.5,9487.5,9402.5,9430.0,147802.0,,富时中国A50指数1608,633268.0,9430.0,9430.0
2016-08-02,CN1608,9432.5,9462.5,9382.5,9397.5,71186.0,,富时中国A50指数1608,634150.0,9397.5,9397.5
2016-08-03,CN1608,9400.0,9445.0,9355.0,9380.0,126186.0,,富时中国A50指数1608,637056.0,9380.0,9380.0
2016-08-04,CN1608,9387.5,9432.5,9340.0,9390.0,123325.0,,富时中国A50指数1608,609049.0,9390.0,9390.0
2016-08-05,CN1608,9387.5,9485.0,9380.0,9452.5,113196.0,,富时中国A50指数1608,608827.0,9452.5,9452.5
2016-08-08,CN1608,9447.5,9500.0,9377.5,9497.5,113240.0,,富时中国A50指数1608,610533.0,9497.5,9497.5
2016-08-09,CN1608,9500.0,9570.0,9465.0,9557.5,98847.0,,富时中国A50指数1608,618959.0,9557.5,9557.5
2016-08-10,CN1608,9552.5,9590.0,9522.5,9555.0,99180.0,,富时中国A50指数1608,627550.0,9555.0,9555.0
2016-08-11,CN1608,9547.5,9710.0,9527.5,9615.0,204318.0,,富时中国A50指数1608,652687.0,9615.0,9615.0
2016-08-12,CN1608,9607.5,9827.5,9590.0,9827.5,172892.0,,富时中国A50指数1608,667032.0,9827.5,9827.5
2016-08-15,CN1608,9820.0,10147.5,9747.5,10100.0,273050.0,,富时中国A50指数1608,677462.0,10100.0,10100.0
2016-08-16,CN1608,10105.0,10150.0,9905.0,9925.0,328341.0,,富时中国A50指数1608,686806.0,9925.0,9925.0
2016-08-17,CN1608,9952.5,10002.5,9872.5,9875.0,209338.0,,富时中国A50指数1608,696264.0,9875.0,9875.0
2016-08-18,CN1608,9880.0,9990.0,9807.5,9820.0,170193.0,,富时中国A50指数1608,696717.0,9820.0,9820.0
2016-08-19,CN1608,9827.5,9907.5,9810.0,9857.5,154144.0,,富时中国A50指数1608,698461.0,9857.5,9857.5
2016-08-22,CN1608,9857.5,9900.0,9810.0,9842.5,140324.0,,富时中国A50指数1608,690081.0,9842.5,9842.5
2016-08-23,CN1608,9850.0,9932.5,9815.0,9862.5,202784.0,,富时中国A50指数1608,657339.0,9862.5,9862.5
2016-08-24,CN1608,9862.5,9885.0,9780.0,9822.5,273814.0,,富时中国A50指数1608,599121.0,9822.5,9822.5
2016-08-25,CN1608,9817.5,9822.5,9702.5,9742.5,438013.0,,富时中国A50指数1608,438200.0,9742.5,9742.5
2016-08-26,CN1608,9745.0,9810.0,9732.5,9767.5,376359.0,,富时中国A50指数1608,293303.0,9767.5,9767.5
2016-08-29,CN1608,9752.5,9797.5,9670.0,9710.0,382439.0,,富时中国A50指数1608,152098.0,9710.0,9710.0
2016-08-30,CN1608,9712.5,9802.5,9695.0,9770.0,73084.0,,富时中国A50指数1608,0.0,9771.55,9770.0
