date,symbol,open,high,low,close,volume,amount,name,openinterest,settleprice,price
2016-01-29,CN1604,0.0,0.0,0.0,8812.5,0.0,,富时中国A50指数1604,0.0,8812.5,8812.5
2016-02-01,CN1604,8500.0,8500.0,8400.0,8400.0,2.0,,富时中国A50指数1604,2.0,8495.0,8400.0
2016-02-02,CN1604,8445.0,8552.5,8445.0,8510.0,14.0,,富时中国A50指数1604,9.0,8585.0,8510.0
2016-02-03,CN1604,8550.0,8550.0,8350.0,8460.0,15.0,,富时中国A50指数1604,17.0,8530.0,8460.0
2016-02-04,CN1604,8450.0,8565.0,8450.0,8540.0,7.0,,富时中国A50指数1604,20.0,8630.0,8540.0
2016-02-05,CN1604,8540.0,8540.0,8540.0,8540.0,1.0,,富时中国A50指数1604,21.0,8572.5,8540.0
2016-02-15,CN1604,8350.0,8580.0,8300.0,8500.0,35.0,,富时中国A50指数1604,38.0,8500.0,8500.0
2016-02-16,CN1604,8510.0,8810.0,8510.0,8770.0,5.0,,富时中国A50指数1604,33.0,8810.0,8770.0
2016-02-17,CN1604,8805.0,8820.0,8750.0,8750.0,8.0,,富时中国A50指数1604,37.0,8815.0,8750.0
2016-02-18,CN1604,8890.0,8900.0,8860.0,8867.5,15.0,,富时中国A50指数1604,51.0,8887.5,8867.5
2016-02-19,CN1604,8827.5,8827.5,8817.5,8817.5,2.0,,富时中国A50指数1604,49.0,8875.0,8817.5
2016-02-22,CN1604,8827.5,9095.0,8827.5,9005.0,45.0,,富时中国A50指数1604,66.0,9075.0,9005.0
2016-02-23,CN1604,9120.0,9120.0,8812.5,8812.5,31.0,,富时中国A50指数1604,78.0,8887.5,8812.5
2016-02-24,CN1604,8827.5,8945.0,8827.5,8892.5,17.0,,富时中国A50指数1604,84.0,8982.5,8892.5
2016-02-25,CN1604,8900.0,8960.0,8515.0,8540.0,83.0,,富时中国A50指数1604,134.0,8560.0,8540.0
2016-02-26,CN1604,8585.0,8757.5,8550.0,8757.5,32.0,,富时中国A50指数1604,0.0,8770.0,8757.5
2016-02-29,CN1604,8780.0,8780.0,8380.0,8547.5,2317.0,,富时中国A50指数1604,763.0,8547.5,8547.5
2016-03-01,CN1604,8542.5,8770.0,8535.0,8720.0,2298.0,,富时中国A50指数1604,1024.0,8722.5,8720.0
2016-03-02,CN1604,8745.0,9037.5,8745.0,9005.0,1249.0,,富时中国A50指数1604,1398.0,9005.0,9005.0
2016-03-03,CN1604,8992.5,9072.5,8960.0,9030.0,1626.0,,富时中国A50指数1604,2030.0,9030.0,9030.0
2016-03-04,CN1604,9017.5,9297.5,8987.5,9267.5,2696.0,,富时中国A50指数1604,2721.0,9267.5,9267.5
2016-03-07,CN1604,9270.0,9422.5,9195.0,9260.0,2411.0,,富时中国A50指数1604,3800.0,9260.0,9260.0
2016-03-08,CN1604,9225.0,9307.5,8950.0,9177.5,2359.0,,富时中国A50指数1604,4503.0,9177.5,9177.5
2016-03-09,CN1604,9190.0,9220.0,9030.0,9150.0,2554.0,,富时中国A50指数1604,5587.0,9155.0,9150.0
2016-03-10,CN1604,9172.5,9235.0,8980.0,9000.0,4276.0,,富时中国A50指数1604,6524.0,9005.0,9000.0
2016-03-11,CN1604,9020.0,9122.5,8922.5,9100.0,2047.0,,富时中国A50指数1604,7188.0,9107.5,9100.0
2016-03-14,CN1604,9120.0,9340.0,9115.0,9170.0,7248.0,,富时中国A50指数1604,8856.0,9167.5,9170.0
2016-03-15,CN1604,9170.0,9220.0,9055.0,9142.5,7923.0,,富时中国A50指数1604,12246.0,9140.0,9142.5
2016-03-16,CN1604,9140.0,9312.5,9135.0,9297.5,18498.0,,富时中国A50指数1604,17808.0,9297.5,9297.5
2016-03-17,CN1604,9297.5,9482.5,9265.0,9405.0,16116.0,,富时中国A50指数1604,19471.0,9407.5,9405.0
2016-03-18,CN1604,9397.5,9537.5,9350.0,9490.0,18981.0,,富时中国A50指数1604,23601.0,9490.0,9490.0
2016-03-21,CN1604,9487.5,9767.5,9475.0,9697.5,45692.0,,富时中国A50指数1604,41162.0,9695.0,9697.5
2016-03-22,CN1604,9707.5,9762.5,9595.0,9602.5,30669.0,,富时中国A50指数1604,51317.0,9602.5,9602.5
2016-03-23,CN1604,9590.0,9695.0,9567.5,9615.0,55368.0,,富时中国A50指数1604,86326.0,9615.0,9615.0
2016-03-24,CN1604,9630.0,9652.5,9427.5,9450.0,182440.0,,富时中国A50指数1604,181808.0,9450.0,9450.0
2016-03-25,CN1604,9420.0,9610.0,9372.5,9600.0,171394.0,,富时中国A50指数1604,267127.0,9600.0,9600.0
2016-03-28,CN1604,9570.0,9662.5,9415.0,9447.5,219225.0,,富时中国A50指数1604,340489.0,9465.0,9447.5
2016-03-29,CN1604,9452.5,9532.5,9377.5,9407.5,405580.0,,富时中国A50指数1604,505648.0,9407.5,9407.5
2016-03-30,CN1604,9385.0,9745.0,9365.0,9727.5,315390.0,,富时中国A50指数1604,571237.0,9727.5,9727.5
2016-03-31,CN1604,9740.0,9767.5,9565.0,9600.0,221696.0,,富时中国A50指数1604,573446.0,9600.0,9600.0
2016-04-01,CN1604,9610.0,9675.0,8712.5,9590.0,241389.0,,富时中国A50指数1604,567037.0,9590.0,9590.0
2016-04-05,CN1604,9572.5,9735.0,9515.0,9650.0,180274.0,,富时中国A50指数1604,573236.0,9650.0,9650.0
2016-04-06,CN1604,9647.5,9662.5,9582.5,9620.0,151084.0,,富时中国A50指数1604,566433.0,9620.0,9620.0
2016-04-07,CN1604,9615.0,9710.0,9487.5,9495.0,194617.0,,富时中国A50指数1604,559288.0,9495.0,9495.0
2016-04-08,CN1604,9512.5,9525.0,9422.5,9525.0,193130.0,,富时中国A50指数1604,558601.0,9525.0,9525.0
2016-04-11,CN1604,9520.0,9670.0,9492.5,9595.0,210918.0,,富时中国A50指数1604,572892.0,9595.0,9595.0
2016-04-12,CN1604,9600.0,9630.0,9535.0,9590.0,163082.0,,富时中国A50指数1604,571899.0,9590.0,9590.0
2016-04-13,CN1604,9580.0,9817.5,9565.0,9765.0,313994.0,,富时中国A50指数1604,625620.0,9765.0,9765.0
2016-04-14,CN1604,9755.0,9827.5,9667.5,9720.0,200546.0,,富时中国A50指数1604,636724.0,9720.0,9720.0
2016-04-15,CN1604,9722.5,9775.0,9687.5,9730.0,167184.0,,富时中国A50指数1604,631528.0,9730.0,9730.0
2016-04-18,CN1604,9722.5,9742.5,9595.0,9635.0,168932.0,,富时中国A50指数1604,610364.0,9635.0,9635.0
2016-04-19,CN1604,9640.0,9735.0,9617.5,9675.0,141315.0,,富时中国A50指数1604,615134.0,9675.0,9675.0
2016-04-20,CN1604,9675.0,9730.0,9355.0,9520.0,394027.0,,富时中国A50指数1604,593947.0,9520.0,9520.0
2016-04-21,CN1604,9522.5,9715.0,9507.5,9575.0,237568.0,,富时中国A50指数1604,582528.0,9575.0,9575.0
2016-04-22,CN1604,9575.0,9677.5,9505.0,9657.5,296064.0,,富时中国A50指数1604,534547.0,9657.5,9657.5
2016-04-25,CN1604,9650.0,9685.0,9515.0,9577.5,359651.0,,富时中国A50指数1604,406448.0,9577.5,9577.5
2016-04-26,CN1604,9567.5,9695.0,9550.0,9660.0,464479.0,,富时中国A50指数1604,257088.0,9660.0,9660.0
2016-04-27,CN1604,9660.0,9682.5,9585.0,9627.5,321461.0,,富时中国A50指数1604,114312.0,9627.5,9627.5
2016-04-28,CN1604,9625.0,9667.5,9537.5,9595.0,77142.0,,富时中国A50指数1604,0.0,9595.0,9595.0
