date,symbol,open,high,low,close,volume,amount,name,openinterest,settleprice,price
2016-08-31,CN1611,0.0,0.0,0.0,9840.0,0.0,,富时中国A50指数1611,0.0,9840.0,9840.0
2016-09-01,CN1611,0.0,0.0,0.0,9780.0,0.0,,富时中国A50指数1611,0.0,9780.0,9780.0
2016-09-02,CN1611,0.0,0.0,0.0,9847.5,0.0,,富时中国A50指数1611,0.0,9847.5,9847.5
2016-09-05,CN1611,0.0,0.0,0.0,9882.5,0.0,,富时中国A50指数1611,0.0,9882.5,9882.5
2016-09-06,CN1611,0.0,0.0,0.0,9877.5,0.0,,富时中国A50指数1611,0.0,9877.5,9877.5
2016-09-07,CN1611,0.0,0.0,0.0,9860.0,0.0,,富时中国A50指数1611,0.0,9860.0,9860.0
2016-09-08,CN1611,0.0,0.0,0.0,9872.5,0.0,,富时中国A50指数1611,0.0,9872.5,9872.5
2016-09-09,CN1611,0.0,0.0,0.0,9812.5,0.0,,富时中国A50指数1611,0.0,9812.5,9812.5
2016-09-12,CN1611,0.0,0.0,0.0,9600.0,0.0,,富时中国A50指数1611,0.0,9600.0,9600.0
2016-09-13,CN1611,0.0,0.0,0.0,9617.5,0.0,,富时中国A50指数1611,0.0,9617.5,9617.5
2016-09-14,CN1611,9580.0,9580.0,9580.0,9580.0,1.0,,富时中国A50指数1611,1.0,9540.0,9580.0
2016-09-15,CN1611,0.0,0.0,0.0,9562.5,0.0,,富时中国A50指数1611,1.0,9562.5,9562.5
2016-09-16,CN1611,0.0,0.0,0.0,9592.5,0.0,,富时中国A50指数1611,1.0,9592.5,9592.5
2016-09-19,CN1611,9660.0,9665.0,9657.5,9665.0,36.0,,富时中国A50指数1611,36.0,9667.5,9665.0
2016-09-20,CN1611,9650.0,9650.0,9645.0,9647.5,3.0,,富时中国A50指数1611,37.0,9652.5,9647.5
2016-09-21,CN1611,9630.0,9652.5,9587.5,9652.5,33.0,,富时中国A50指数1611,63.0,9612.5,9652.5
2016-09-22,CN1611,9615.0,9730.0,9615.0,9715.0,13.0,,富时中国A50指数1611,75.0,9680.0,9715.0
2016-09-23,CN1611,9670.0,9670.0,9670.0,9670.0,1.0,,富时中国A50指数1611,75.0,9650.0,9670.0
2016-09-26,CN1611,9667.5,9667.5,9580.0,9580.0,71.0,,富时中国A50指数1611,128.0,9502.5,9580.0
2016-09-27,CN1611,9525.0,9587.5,9525.0,9587.5,35.0,,富时中国A50指数1611,161.0,9580.0,9587.5
2016-09-28,CN1611,9580.0,9580.0,9550.0,9550.0,20.0,,富时中国A50指数1611,172.0,9572.5,9550.0
2016-09-29,CN1611,9560.0,9670.0,9560.0,9577.5,46.0,,富时中国A50指数1611,198.0,9590.0,9577.5
2016-09-30,CN1611,9630.0,9640.0,9580.0,9580.0,485.0,,富时中国A50指数1611,502.0,9580.0,9580.0
2016-10-03,CN1611,9602.5,9657.5,9600.0,9615.0,29.0,,富时中国A50指数1611,513.0,9602.5,9615.0
2016-10-04,CN1611,9625.0,9635.0,9617.5,9635.0,17.0,,富时中国A50指数1611,503.0,9627.5,9635.0
2016-10-05,CN1611,9627.5,9650.0,9627.5,9645.0,121.0,,富时中国A50指数1611,553.0,9640.0,9645.0
2016-10-06,CN1611,9650.0,9695.0,9640.0,9695.0,172.0,,富时中国A50指数1611,625.0,9692.5,9695.0
2016-10-07,CN1611,9682.5,9705.0,9660.0,9705.0,158.0,,富时中国A50指数1611,699.0,9702.5,9705.0
2016-10-10,CN1611,9705.0,9795.0,9657.5,9752.5,1603.0,,富时中国A50指数1611,1501.0,9757.5,9752.5
2016-10-11,CN1611,9755.0,9770.0,9715.0,9740.0,1777.0,,富时中国A50指数1611,2010.0,9735.0,9740.0
2016-10-12,CN1611,9740.0,9752.5,9685.0,9690.0,2324.0,,富时中国A50指数1611,3474.0,9692.5,9690.0
2016-10-13,CN1611,9692.5,9737.5,9660.0,9660.0,2390.0,,富时中国A50指数1611,4771.0,9657.5,9660.0
2016-10-14,CN1611,9672.5,9762.5,9650.0,9742.5,5658.0,,富时中国A50指数1611,7410.0,9752.5,9742.5
2016-10-17,CN1611,9755.0,9765.0,9622.5,9625.0,11673.0,,富时中国A50指数1611,13181.0,9622.5,9625.0
2016-10-18,CN1611,9622.5,9827.5,9587.5,9815.0,15002.0,,富时中国A50指数1611,21446.0,9815.0,9815.0
2016-10-19,CN1611,9810.0,9827.5,9757.5,9772.5,14861.0,,富时中国A50指数1611,32526.0,9772.5,9772.5
2016-10-20,CN1611,9772.5,9820.0,9767.5,9782.5,13039.0,,富时中国A50指数1611,41492.0,9782.5,9782.5
2016-10-21,CN1611,9785.0,9892.5,9770.0,9847.5,48946.0,,富时中国A50指数1611,67473.0,9847.5,9847.5
2016-10-24,CN1611,9845.0,10042.5,9835.0,10025.0,124402.0,,富时中国A50指数1611,179535.0,10025.0,10025.0
2016-10-25,CN1611,10025.0,10025.0,9945.0,9960.0,162976.0,,富时中国A50指数1611,354271.0,9960.0,9960.0
2016-10-26,CN1611,9960.0,9965.0,9872.5,9877.5,293575.0,,富时中国A50指数1611,550588.0,9877.5,9877.5
2016-10-27,CN1611,9880.0,9912.5,9837.5,9872.5,206333.0,,富时中国A50指数1611,641063.0,9872.5,9872.5
2016-10-28,CN1611,9862.5,9960.0,9855.0,9912.5,177201.0,,富时中国A50指数1611,658491.0,9912.5,9912.5
2016-10-31,CN1611,9915.0,9917.5,9787.5,9870.0,141495.0,,富时中国A50指数1611,659334.0,9870.0,9870.0
2016-11-01,CN1611,9867.5,9950.0,9850.0,9920.0,109045.0,,富时中国A50指数1611,665047.0,9920.0,9920.0
2016-11-02,CN1611,9917.5,9940.0,9830.0,9840.0,146910.0,,富时中国A50指数1611,656183.0,9840.0,9840.0
2016-11-03,CN1611,9840.0,9997.5,9830.0,9927.5,200951.0,,富时中国A50指数1611,671151.0,9927.5,9927.5
2016-11-04,CN1611,9930.0,9992.5,9907.5,9917.5,110088.0,,富时中国A50指数1611,660002.0,9917.5,9917.5
2016-11-07,CN1611,9912.5,9972.5,9890.0,9947.5,99290.0,,富时中国A50指数1611,658862.0,9947.5,9947.5
2016-11-08,CN1611,9942.5,10045.0,9940.0,9995.0,155475.0,,富时中国A50指数1611,663602.0,9995.0,9995.0
2016-11-09,CN1611,9995.0,10017.5,9737.5,9925.0,430429.0,,富时中国A50指数1611,666808.0,9925.0,9925.0
2016-11-10,CN1611,9925.0,10065.0,9917.5,10035.0,228932.0,,富时中国A50指数1611,694994.0,10035.0,10035.0
2016-11-11,CN1611,10030.0,10115.0,9965.0,10102.5,244653.0,,富时中国A50指数1611,0.0,10102.5,10102.5
2016-11-14,CN1611,10100.0,10185.0,10030.0,10110.0,163912.0,,富时中国A50指数1611,670146.0,10110.0,10110.0
2016-11-15,CN1611,10102.5,10120.0,10045.0,10072.5,107435.0,,富时中国A50指数1611,662450.0,10072.5,10072.5
2016-11-16,CN1611,10062.5,10120.0,10042.5,10047.5,103312.0,,富时中国A50指数1611,669975.0,10047.5,10047.5
2016-11-17,CN1611,10047.5,10092.5,9997.5,10060.0,109917.0,,富时中国A50指数1611,672204.0,10060.0,10060.0
2016-11-18,CN1611,10067.5,10107.5,10045.0,10072.5,123739.0,,富时中国A50指数1611,655212.0,10072.5,10072.5
2016-11-21,CN1611,10067.5,10240.0,10030.0,10205.0,258268.0,,富时中国A50指数1611,633911.0,10210.0,10205.0
2016-11-22,CN1611,10205.0,10292.5,10172.5,10285.0,212152.0,,富时中国A50指数1611,596039.0,10290.0,10285.0
2016-11-23,CN1611,10310.0,10387.5,10257.5,10360.0,264326.0,,富时中国A50指数1611,538110.0,10347.5,10360.0
2016-11-24,CN1611,10355.0,10430.0,10305.0,10355.0,356871.0,,富时中国A50指数1611,433141.0,10357.5,10355.0
2016-11-25,CN1611,10357.5,10515.0,10325.0,10497.5,501711.0,,富时中国A50指数1611,257379.0,10497.5,10497.5
2016-11-28,CN1611,10490.0,10622.5,10485.0,10517.5,426409.0,,富时中国A50指数1611,99807.0,10517.5,10517.5
2016-11-29,CN1611,10517.5,10702.5,10472.5,10655.0,76682.0,,富时中国A50指数1611,0.0,10655.0,10655.0
