date,symbol,open,high,low,close,volume,amount,name,openinterest,settleprice,price
2015-10-30,CN1601,0.0,0.0,0.0,10007.5,0.0,,富时中国A50指数1601,0.0,10007.5,10007.5
2015-11-02,CN1601,0.0,0.0,0.0,9852.5,0.0,,富时中国A50指数1601,0.0,9852.5,9852.5
2015-11-03,CN1601,0.0,0.0,0.0,9835.0,0.0,,富时中国A50指数1601,0.0,9835.0,9835.0
2015-11-04,CN1601,10000.0,10125.0,10000.0,10125.0,4.0,,富时中国A50指数1601,1.0,10355.0,10125.0
2015-11-05,CN1601,10497.5,10625.0,10497.5,10625.0,2.0,,富时中国A50指数1601,3.0,10600.0,10625.0
2015-11-06,CN1601,10700.0,10772.5,10700.0,10772.5,4.0,,富时中国A50指数1601,6.0,10800.0,10772.5
2015-11-09,CN1601,10975.0,10975.0,10975.0,10975.0,1.0,,富时中国A50指数1601,6.0,10910.0,10975.0
2015-11-10,CN1601,10997.5,10997.5,10795.0,10902.5,3.0,,富时中国A50指数1601,7.0,10825.0,10902.5
2015-11-11,CN1601,10807.5,10807.5,10807.5,10807.5,3.0,,富时中国A50指数1601,10.0,10795.0,10807.5
2015-11-12,CN1601,10797.5,10827.5,10660.0,10660.0,28.0,,富时中国A50指数1601,34.0,10672.5,10660.0
2015-11-13,CN1601,10537.5,10615.0,10490.0,10490.0,16.0,,富时中国A50指数1601,37.0,10535.0,10490.0
2015-11-16,CN1601,10250.0,10452.5,10250.0,10447.5,10.0,,富时中国A50指数1601,38.0,10442.5,10447.5
2015-11-17,CN1601,10565.0,10707.5,10565.0,10607.5,24.0,,富时中国A50指数1601,51.0,10485.0,10607.5
2015-11-18,CN1601,10525.0,10575.0,10480.0,10480.0,65.0,,富时中国A50指数1601,108.0,10472.5,10480.0
2015-11-19,CN1601,10585.0,10585.0,10585.0,10585.0,8.0,,富时中国A50指数1601,109.0,10630.0,10585.0
2015-11-20,CN1601,10640.0,10645.0,10580.0,10645.0,91.0,,富时中国A50指数1601,187.0,10652.5,10645.0
2015-11-23,CN1601,10542.5,10632.5,10542.5,10550.0,6.0,,富时中国A50指数1601,186.0,10560.0,10550.0
2015-11-24,CN1601,10510.0,10525.0,10370.0,10525.0,45.0,,富时中国A50指数1601,220.0,10537.5,10525.0
2015-11-25,CN1601,10352.5,10537.5,10352.5,10535.0,21.0,,富时中国A50指数1601,222.0,10560.0,10535.0
2015-11-26,CN1601,10617.5,10617.5,10500.0,10500.0,4.0,,富时中国A50指数1601,224.0,10517.5,10500.0
2015-11-27,CN1601,10475.0,10475.0,10000.0,10017.5,32.0,,富时中国A50指数1601,235.0,10025.0,10017.5
2015-11-30,CN1601,10047.5,10070.0,9840.0,9922.5,1597.0,,富时中国A50指数1601,903.0,9920.0,9922.5
2015-12-01,CN1601,9920.0,10172.5,9902.5,10055.0,1047.0,,富时中国A50指数1601,1256.0,10055.0,10055.0
2015-12-02,CN1601,10050.0,10532.5,10030.0,10512.5,3435.0,,富时中国A50指数1601,2501.0,10522.5,10512.5
2015-12-03,CN1601,10522.5,10550.0,10387.5,10510.0,1480.0,,富时中国A50指数1601,2873.0,10525.0,10510.0
2015-12-04,CN1601,10545.0,10565.0,10192.5,10220.0,1517.0,,富时中国A50指数1601,3513.0,10220.0,10220.0
2015-12-07,CN1601,10217.5,10320.0,10157.5,10237.5,888.0,,富时中国A50指数1601,3555.0,10232.5,10237.5
2015-12-08,CN1601,10242.5,10242.5,10000.0,10057.5,6067.0,,富时中国A50指数1601,7657.0,10050.0,10057.5
2015-12-09,CN1601,10045.0,10240.0,9967.5,10145.0,4108.0,,富时中国A50指数1601,10191.0,10145.0,10145.0
2015-12-10,CN1601,10145.0,10315.0,9990.0,10000.0,4058.0,,富时中国A50指数1601,11670.0,10000.0,10000.0
2015-12-11,CN1601,9995.0,10105.0,9890.0,10000.0,4657.0,,富时中国A50指数1601,14131.0,10007.5,10000.0
2015-12-14,CN1601,10017.5,10300.0,9850.0,10280.0,8927.0,,富时中国A50指数1601,18474.0,10280.0,10280.0
2015-12-15,CN1601,10275.0,10305.0,10085.0,10092.5,6773.0,,富时中国A50指数1601,22676.0,10092.5,10092.5
2015-12-16,CN1601,10030.0,10240.0,10030.0,10140.0,7157.0,,富时中国A50指数1601,26698.0,10150.0,10140.0
2015-12-17,CN1601,10150.0,10480.0,10132.5,10437.5,16590.0,,富时中国A50指数1601,32956.0,10437.5,10437.5
2015-12-18,CN1601,10440.0,10600.0,10362.5,10500.0,20171.0,,富时中国A50指数1601,44722.0,10500.0,10500.0
2015-12-21,CN1601,10492.5,10857.5,10450.0,10810.0,29158.0,,富时中国A50指数1601,64401.0,10810.0,10810.0
2015-12-22,CN1601,10830.0,10900.0,10727.5,10810.0,101533.0,,富时中国A50指数1601,129857.0,10810.0,10810.0
2015-12-23,CN1601,10832.5,11040.0,10780.0,10825.0,206095.0,,富时中国A50指数1601,251149.0,10825.0,10825.0
2015-12-24,CN1601,10825.0,10902.5,10702.5,10835.0,162559.0,,富时中国A50指数1601,341178.0,10835.0,10835.0
2015-12-25,CN1601,10835.0,10927.5,10782.5,10927.5,60708.0,,富时中国A50指数1601,363540.0,10927.5,10927.5
2015-12-28,CN1601,10907.5,11205.0,10447.5,10527.5,229776.0,,富时中国A50指数1601,453164.0,10527.5,10527.5
2015-12-29,CN1601,10495.0,10630.0,10475.0,10585.0,314108.0,,富时中国A50指数1601,541743.0,10585.0,10585.0
2015-12-30,CN1601,10587.5,10627.5,10357.5,10435.0,176526.0,,富时中国A50指数1601,550525.0,10435.0,10435.0
2015-12-31,CN1601,10450.0,10595.0,10432.5,10470.0,124785.0,,富时中国A50指数1601,554150.0,10470.0,10470.0
2016-01-04,CN1601,10460.0,10485.0,9717.5,9730.0,256791.0,,富时中国A50指数1601,540350.0,9730.0,9730.0
2016-01-05,CN1601,9745.0,10087.5,9662.5,10022.5,380229.0,,富时中国A50指数1601,535607.0,10022.5,10022.5
2016-01-06,CN1601,10000.0,10135.0,9905.0,10045.0,228806.0,,富时中国A50指数1601,534657.0,10045.0,10045.0
2016-01-07,CN1601,10015.0,10017.5,9187.5,9400.0,282347.0,,富时中国A50指数1601,542540.0,9400.0,9400.0
2016-01-08,CN1601,9420.0,9875.0,9275.0,9785.0,395380.0,,富时中国A50指数1601,558104.0,9785.0,9785.0
2016-01-11,CN1601,9755.0,9775.0,9265.0,9265.0,350155.0,,富时中国A50指数1601,551168.0,9265.0,9265.0
2016-01-12,CN1601,9275.0,9502.5,9275.0,9375.0,279937.0,,富时中国A50指数1601,552727.0,9375.0,9375.0
2016-01-13,CN1601,9405.0,9592.5,9230.0,9250.0,270868.0,,富时中国A50指数1601,539912.0,9250.0,9250.0
2016-01-14,CN1601,9292.5,9442.5,9045.0,9370.0,300718.0,,富时中国A50指数1601,549617.0,9370.0,9370.0
2016-01-15,CN1601,9365.0,9430.0,9027.5,9100.0,310205.0,,富时中国A50指数1601,0.0,9100.0,9100.0
2016-01-18,CN1601,9100.0,9310.0,8902.5,9167.5,269908.0,,富时中国A50指数1601,535132.0,9167.5,9167.5
2016-01-19,CN1601,9172.5,9490.0,9150.0,9480.0,261400.0,,富时中国A50指数1601,530303.0,9480.0,9480.0
2016-01-20,CN1601,9480.0,9505.0,9107.5,9180.0,338450.0,,富时中国A50指数1601,525971.0,9180.0,9180.0
2016-01-21,CN1601,9157.5,9405.0,8995.0,9030.0,333778.0,,富时中国A50指数1601,504368.0,9030.0,9030.0
2016-01-22,CN1601,9060.0,9297.5,9010.0,9150.0,356324.0,,富时中国A50指数1601,492958.0,9150.0,9150.0
2016-01-25,CN1601,9182.5,9317.5,9152.5,9190.0,344968.0,,富时中国A50指数1601,423218.0,9190.0,9190.0
2016-01-26,CN1601,9187.5,9205.0,8790.0,8827.5,569266.0,,富时中国A50指数1601,282542.0,8827.5,8827.5
2016-01-27,CN1601,8810.0,8962.5,8647.5,8770.0,554289.0,,富时中国A50指数1601,163126.0,8770.0,8770.0
2016-01-28,CN1601,8775.0,8887.5,8600.0,8645.0,158629.0,,富时中国A50指数1601,0.0,8645.0,8645.0
