date,symbol,open,high,low,close,volume,amount,name,openinterest,settleprice,price
2015-09-30,CN1609,0.0,0.0,0.0,8990.0,0.0,,富时中国A50指数1609,0.0,8990.0,8990.0
2015-10-08,CN1609,0.0,0.0,0.0,9360.0,0.0,,富时中国A50指数1609,0.0,9360.0,9360.0
2015-10-09,CN1609,0.0,0.0,0.0,9382.5,0.0,,富时中国A50指数1609,0.0,9382.5,9382.5
2015-10-12,CN1609,0.0,0.0,0.0,9805.0,0.0,,富时中国A50指数1609,0.0,9805.0,9805.0
2015-10-13,CN1609,0.0,0.0,0.0,9595.0,0.0,,富时中国A50指数1609,0.0,9595.0,9595.0
2015-10-14,CN1609,0.0,0.0,0.0,9485.0,0.0,,富时中国A50指数1609,0.0,9485.0,9485.0
2015-10-15,CN1609,0.0,0.0,0.0,9782.5,0.0,,富时中国A50指数1609,0.0,9782.5,9782.5
2015-10-16,CN1609,0.0,0.0,0.0,9895.0,0.0,,富时中国A50指数1609,0.0,9895.0,9895.0
2015-10-19,CN1609,0.0,0.0,0.0,9872.5,0.0,,富时中国A50指数1609,0.0,9872.5,9872.5
2015-10-20,CN1609,0.0,0.0,0.0,9890.0,0.0,,富时中国A50指数1609,0.0,9890.0,9890.0
2015-10-21,CN1609,0.0,0.0,0.0,9720.0,0.0,,富时中国A50指数1609,0.0,9720.0,9720.0
2015-10-22,CN1609,0.0,0.0,0.0,9885.0,0.0,,富时中国A50指数1609,0.0,9885.0,9885.0
2015-10-23,CN1609,0.0,0.0,0.0,9982.5,0.0,,富时中国A50指数1609,0.0,9982.5,9982.5
2015-10-26,CN1609,0.0,0.0,0.0,9960.0,0.0,,富时中国A50指数1609,0.0,9960.0,9960.0
2015-10-27,CN1609,0.0,0.0,0.0,9947.5,0.0,,富时中国A50指数1609,0.0,9947.5,9947.5
2015-10-28,CN1609,0.0,0.0,0.0,9782.5,0.0,,富时中国A50指数1609,0.0,9782.5,9782.5
2015-10-29,CN1609,0.0,0.0,0.0,9807.5,0.0,,富时中国A50指数1609,0.0,9807.5,9807.5
2015-10-30,CN1609,0.0,0.0,0.0,9792.5,0.0,,富时中国A50指数1609,0.0,9792.5,9792.5
2015-11-02,CN1609,0.0,0.0,0.0,9635.0,0.0,,富时中国A50指数1609,0.0,9635.0,9635.0
2015-11-03,CN1609,0.0,0.0,0.0,9620.0,0.0,,富时中国A50指数1609,0.0,9620.0,9620.0
2015-11-04,CN1609,0.0,0.0,0.0,10140.0,0.0,,富时中国A50指数1609,0.0,10140.0,10140.0
2015-11-05,CN1609,0.0,0.0,0.0,10432.5,0.0,,富时中国A50指数1609,0.0,10432.5,10432.5
2015-11-06,CN1609,0.0,0.0,0.0,10590.0,0.0,,富时中国A50指数1609,0.0,10590.0,10590.0
2015-11-09,CN1609,0.0,0.0,0.0,10750.0,0.0,,富时中国A50指数1609,0.0,10750.0,10750.0
2015-11-10,CN1609,11600.0,11600.0,9905.0,9905.0,2.0,,富时中国A50指数1609,1.0,10620.0,9905.0
2015-11-11,CN1609,0.0,0.0,0.0,10600.0,0.0,,富时中国A50指数1609,1.0,10600.0,10600.0
2015-11-12,CN1609,10600.0,10600.0,10600.0,10600.0,1.0,,富时中国A50指数1609,1.0,10515.0,10600.0
2015-11-13,CN1609,0.0,0.0,0.0,10352.5,0.0,,富时中国A50指数1609,1.0,10352.5,10352.5
2015-11-16,CN1609,0.0,0.0,0.0,10252.5,0.0,,富时中国A50指数1609,1.0,10252.5,10252.5
2015-11-17,CN1609,0.0,0.0,0.0,10285.0,0.0,,富时中国A50指数1609,1.0,10285.0,10285.0
2015-11-18,CN1609,0.0,0.0,0.0,10287.5,0.0,,富时中国A50指数1609,1.0,10287.5,10287.5
2015-11-19,CN1609,0.0,0.0,0.0,10452.5,0.0,,富时中国A50指数1609,1.0,10452.5,10452.5
2015-11-20,CN1609,0.0,0.0,0.0,10445.0,0.0,,富时中国A50指数1609,1.0,10445.0,10445.0
2015-11-23,CN1609,10592.5,10592.5,10270.0,10500.0,10.0,,富时中国A50指数1609,4.0,10375.0,10500.0
2015-11-24,CN1609,0.0,0.0,0.0,10357.5,0.0,,富时中国A50指数1609,4.0,10357.5,10357.5
2015-11-25,CN1609,0.0,0.0,0.0,10440.0,0.0,,富时中国A50指数1609,4.0,10440.0,10440.0
2015-11-26,CN1609,10400.0,10400.0,10400.0,10400.0,1.0,,富时中国A50指数1609,3.0,10362.5,10400.0
2015-11-27,CN1609,0.0,0.0,0.0,9915.0,0.0,,富时中国A50指数1609,3.0,9915.0,9915.0
2015-11-30,CN1609,9802.5,9802.5,9802.5,9802.5,1.0,,富时中国A50指数1609,4.0,9812.5,9802.5
2015-12-01,CN1609,9900.0,9900.0,9900.0,9900.0,1.0,,富时中国A50指数1609,4.0,9872.5,9900.0
2015-12-02,CN1609,0.0,0.0,0.0,10380.0,0.0,,富时中国A50指数1609,4.0,10380.0,10380.0
2015-12-03,CN1609,0.0,0.0,0.0,10425.0,0.0,,富时中国A50指数1609,4.0,10425.0,10425.0
2015-12-04,CN1609,0.0,0.0,0.0,10077.5,0.0,,富时中国A50指数1609,4.0,10077.5,10077.5
2015-12-07,CN1609,0.0,0.0,0.0,10100.0,0.0,,富时中国A50指数1609,4.0,10100.0,10100.0
2015-12-08,CN1609,0.0,0.0,0.0,9925.0,0.0,,富时中国A50指数1609,4.0,9925.0,9925.0
2015-12-09,CN1609,0.0,0.0,0.0,10032.5,0.0,,富时中国A50指数1609,4.0,10032.5,10032.5
2015-12-10,CN1609,0.0,0.0,0.0,9882.5,0.0,,富时中国A50指数1609,4.0,9882.5,9882.5
2015-12-11,CN1609,9897.5,9897.5,9897.5,9897.5,2.0,,富时中国A50指数1609,4.0,9932.5,9897.5
2015-12-14,CN1609,0.0,0.0,0.0,10190.0,0.0,,富时中国A50指数1609,4.0,10190.0,10190.0
2015-12-15,CN1609,0.0,0.0,0.0,10012.5,0.0,,富时中国A50指数1609,4.0,10012.5,10012.5
2015-12-16,CN1609,0.0,0.0,0.0,10055.0,0.0,,富时中国A50指数1609,4.0,10055.0,10055.0
2015-12-17,CN1609,0.0,0.0,0.0,10345.0,0.0,,富时中国A50指数1609,4.0,10345.0,10345.0
2015-12-18,CN1609,0.0,0.0,0.0,10400.0,0.0,,富时中国A50指数1609,4.0,10400.0,10400.0
2015-12-21,CN1609,0.0,0.0,0.0,10747.5,0.0,,富时中国A50指数1609,4.0,10747.5,10747.5
2015-12-22,CN1609,10635.0,10635.0,10635.0,10635.0,4.0,,富时中国A50指数1609,8.0,10732.5,10635.0
2015-12-23,CN1609,10795.0,10795.0,10795.0,10795.0,1.0,,富时中国A50指数1609,8.0,10707.5,10795.0
2015-12-24,CN1609,0.0,0.0,0.0,10700.0,0.0,,富时中国A50指数1609,8.0,10700.0,10700.0
2015-12-25,CN1609,0.0,0.0,0.0,10747.5,0.0,,富时中国A50指数1609,8.0,10747.5,10747.5
2015-12-28,CN1609,0.0,0.0,0.0,10392.5,0.0,,富时中国A50指数1609,8.0,10392.5,10392.5
2015-12-29,CN1609,0.0,0.0,0.0,10425.0,0.0,,富时中国A50指数1609,8.0,10425.0,10425.0
2015-12-30,CN1609,10200.0,10200.0,10200.0,10200.0,1.0,,富时中国A50指数1609,9.0,10310.0,10200.0
2015-12-31,CN1609,0.0,0.0,0.0,10280.0,0.0,,富时中国A50指数1609,9.0,10280.0,10280.0
2016-01-04,CN1609,0.0,0.0,0.0,9535.0,0.0,,富时中国A50指数1609,9.0,9535.0,9535.0
2016-01-05,CN1609,9677.5,9690.0,9677.5,9690.0,2.0,,富时中国A50指数1609,10.0,9750.0,9690.0
2016-01-06,CN1609,9702.5,9702.5,9702.5,9702.5,4.0,,富时中国A50指数1609,11.0,9772.5,9702.5
2016-01-07,CN1609,9000.0,9000.0,9000.0,9000.0,1.0,,富时中国A50指数1609,11.0,9200.0,9000.0
2016-01-08,CN1609,0.0,0.0,0.0,9497.5,0.0,,富时中国A50指数1609,11.0,9497.5,9497.5
2016-01-11,CN1609,0.0,0.0,0.0,9022.5,0.0,,富时中国A50指数1609,11.0,9022.5,9022.5
2016-01-12,CN1609,0.0,0.0,0.0,9050.0,0.0,,富时中国A50指数1609,11.0,9050.0,9050.0
2016-01-13,CN1609,8995.0,8995.0,8995.0,8995.0,1.0,,富时中国A50指数1609,10.0,8995.0,8995.0
2016-01-14,CN1609,8900.0,8900.0,8900.0,8900.0,1.0,,富时中国A50指数1609,10.0,9070.0,8900.0
2016-01-15,CN1609,0.0,0.0,0.0,8822.5,0.0,,富时中国A50指数1609,0.0,8822.5,8822.5
2016-01-18,CN1609,0.0,0.0,0.0,8900.0,0.0,,富时中国A50指数1609,10.0,8900.0,8900.0
2016-01-19,CN1609,0.0,0.0,0.0,9150.0,0.0,,富时中国A50指数1609,10.0,9150.0,9150.0
2016-01-20,CN1609,0.0,0.0,0.0,8895.0,0.0,,富时中国A50指数1609,10.0,8895.0,8895.0
2016-01-21,CN1609,0.0,0.0,0.0,8730.0,0.0,,富时中国A50指数1609,10.0,8730.0,8730.0
2016-01-22,CN1609,0.0,0.0,0.0,8902.5,0.0,,富时中国A50指数1609,10.0,8902.5,8902.5
2016-01-25,CN1609,0.0,0.0,0.0,8697.5,0.0,,富时中国A50指数1609,10.0,8697.5,8697.5
2016-01-26,CN1609,8720.0,8720.0,8720.0,8720.0,1.0,,富时中国A50指数1609,10.0,8447.5,8720.0
2016-01-27,CN1609,0.0,0.0,0.0,8497.5,0.0,,富时中国A50指数1609,10.0,8497.5,8497.5
2016-01-28,CN1609,0.0,0.0,0.0,8247.5,0.0,,富时中国A50指数1609,10.0,8247.5,8247.5
2016-01-29,CN1609,8180.0,8397.5,8080.0,8275.0,16.0,,富时中国A50指数1609,17.0,8400.0,8275.0
2016-02-01,CN1609,8255.0,8255.0,8255.0,8255.0,1.0,,富时中国A50指数1609,17.0,8197.5,8255.0
2016-02-02,CN1609,0.0,0.0,0.0,8350.0,0.0,,富时中国A50指数1609,17.0,8350.0,8350.0
2016-02-03,CN1609,8300.0,8300.0,8300.0,8300.0,1.0,,富时中国A50指数1609,18.0,8315.0,8300.0
2016-02-04,CN1609,8290.0,8290.0,8220.0,8220.0,2.0,,富时中国A50指数1609,19.0,8350.0,8220.0
2016-02-05,CN1609,0.0,0.0,0.0,8400.0,0.0,,富时中国A50指数1609,18.0,8400.0,8400.0
2016-02-15,CN1609,8250.0,8260.0,8250.0,8260.0,2.0,,富时中国A50指数1609,17.0,8260.0,8260.0
2016-02-16,CN1609,8275.0,8497.5,8275.0,8497.5,9.0,,富时中国A50指数1609,19.0,8547.5,8497.5
2016-02-17,CN1609,8472.5,8500.0,8460.0,8500.0,5.0,,富时中国A50指数1609,20.0,8647.5,8500.0
2016-02-18,CN1609,0.0,0.0,0.0,8637.5,0.0,,富时中国A50指数1609,20.0,8637.5,8637.5
2016-02-19,CN1609,8500.0,8500.0,8500.0,8500.0,1.0,,富时中国A50指数1609,19.0,8622.5,8500.0
2016-02-22,CN1609,8672.5,8672.5,8650.0,8660.0,3.0,,富时中国A50指数1609,19.0,8847.5,8660.0
2016-02-23,CN1609,0.0,0.0,0.0,8672.5,0.0,,富时中国A50指数1609,19.0,8672.5,8672.5
2016-02-24,CN1609,0.0,0.0,0.0,8787.5,0.0,,富时中国A50指数1609,19.0,8787.5,8787.5
2016-02-25,CN1609,0.0,0.0,0.0,8322.5,0.0,,富时中国A50指数1609,19.0,8322.5,8322.5
2016-02-26,CN1609,0.0,0.0,0.0,8545.0,0.0,,富时中国A50指数1609,0.0,8545.0,8545.0
2016-02-29,CN1609,0.0,0.0,0.0,8390.0,0.0,,富时中国A50指数1609,19.0,8390.0,8390.0
2016-03-01,CN1609,8447.5,8447.5,8447.5,8447.5,1.0,,富时中国A50指数1609,19.0,8545.0,8447.5
2016-03-02,CN1609,8625.0,8775.0,8597.5,8775.0,23.0,,富时中国A50指数1609,32.0,8872.5,8775.0
2016-03-03,CN1609,8757.5,8890.0,8727.5,8750.0,23.0,,富时中国A50指数1609,37.0,8825.0,8750.0
2016-03-04,CN1609,0.0,0.0,0.0,9072.5,0.0,,富时中国A50指数1609,37.0,9072.5,9072.5
2016-03-07,CN1609,8930.0,8960.0,8930.0,8960.0,4.0,,富时中国A50指数1609,38.0,8997.5,8960.0
2016-03-08,CN1609,8962.5,8962.5,8800.0,8800.0,2.0,,富时中国A50指数1609,38.0,8947.5,8800.0
2016-03-09,CN1609,8925.0,8937.5,8925.0,8937.5,2.0,,富时中国A50指数1609,36.0,8947.5,8937.5
2016-03-10,CN1609,8802.5,8922.5,8802.5,8922.5,2.0,,富时中国A50指数1609,36.0,8722.5,8922.5
2016-03-11,CN1609,8680.0,8845.0,8680.0,8797.5,8.0,,富时中国A50指数1609,37.0,8825.0,8797.5
2016-03-14,CN1609,8980.0,8980.0,8980.0,8980.0,1.0,,富时中国A50指数1609,38.0,8922.5,8980.0
2016-03-15,CN1609,8872.5,8872.5,8872.5,8872.5,1.0,,富时中国A50指数1609,39.0,8897.5,8872.5
2016-03-16,CN1609,9020.0,9027.5,9015.0,9027.5,10.0,,富时中国A50指数1609,48.0,9075.0,9027.5
2016-03-17,CN1609,9130.0,9130.0,9082.5,9082.5,5.0,,富时中国A50指数1609,48.0,9150.0,9082.5
2016-03-18,CN1609,9002.5,9225.0,8902.5,9160.0,36.0,,富时中国A50指数1609,62.0,9165.0,9160.0
2016-03-21,CN1609,9300.0,9420.0,9295.0,9347.5,16.0,,富时中国A50指数1609,70.0,9375.0,9347.5
2016-03-22,CN1609,9450.0,9450.0,9270.0,9270.0,26.0,,富时中国A50指数1609,86.0,9267.5,9270.0
2016-03-23,CN1609,9250.0,9250.0,9250.0,9250.0,1.0,,富时中国A50指数1609,86.0,9347.5,9250.0
2016-03-24,CN1609,0.0,0.0,0.0,9180.0,0.0,,富时中国A50指数1609,86.0,9180.0,9180.0
2016-03-25,CN1609,9120.0,9322.5,9120.0,9322.5,12.0,,富时中国A50指数1609,85.0,9325.0,9322.5
2016-03-28,CN1609,9372.5,9372.5,9372.5,9372.5,10.0,,富时中国A50指数1609,85.0,9270.0,9372.5
2016-03-29,CN1609,9125.0,9150.0,9075.0,9075.0,3.0,,富时中国A50指数1609,88.0,9150.0,9075.0
2016-03-30,CN1609,9090.0,9270.0,9090.0,9270.0,127.0,,富时中国A50指数1609,163.0,9400.0,9270.0
2016-03-31,CN1609,9522.5,9522.5,9280.0,9280.0,53.0,,富时中国A50指数1609,210.0,9347.5,9280.0
2016-04-01,CN1609,9397.5,9397.5,9202.5,9205.0,8.0,,富时中国A50指数1609,213.0,9300.0,9205.0
2016-04-05,CN1609,0.0,0.0,0.0,9347.5,0.0,,富时中国A50指数1609,213.0,9347.5,9347.5
2016-04-06,CN1609,9200.0,9260.0,9200.0,9260.0,2.0,,富时中国A50指数1609,214.0,9260.0,9260.0
2016-04-07,CN1609,9272.5,9275.0,9102.5,9102.5,4.0,,富时中国A50指数1609,215.0,9157.5,9102.5
2016-04-08,CN1609,0.0,0.0,0.0,9150.0,0.0,,富时中国A50指数1609,215.0,9150.0,9150.0
2016-04-11,CN1609,9130.0,9250.0,9102.5,9170.0,94.0,,富时中国A50指数1609,297.0,9212.5,9170.0
2016-04-12,CN1609,9135.0,9160.0,9102.5,9160.0,10.0,,富时中国A50指数1609,302.0,9160.0,9160.0
2016-04-13,CN1609,0.0,0.0,0.0,9397.5,0.0,,富时中国A50指数1609,302.0,9397.5,9397.5
2016-04-14,CN1609,9300.0,9300.0,9300.0,9300.0,1.0,,富时中国A50指数1609,302.0,9325.0,9300.0
2016-04-15,CN1609,9350.0,9350.0,9335.0,9335.0,3.0,,富时中国A50指数1609,304.0,9362.5,9335.0
2016-04-18,CN1609,9175.0,9210.0,9175.0,9200.0,9.0,,富时中国A50指数1609,302.0,9240.0,9200.0
2016-04-19,CN1609,0.0,0.0,0.0,9285.0,0.0,,富时中国A50指数1609,302.0,9285.0,9285.0
2016-04-20,CN1609,9275.0,9275.0,8900.0,8902.5,68.0,,富时中国A50指数1609,361.0,9070.0,8902.5
2016-04-21,CN1609,9097.5,9200.0,9027.5,9200.0,8.0,,富时中国A50指数1609,368.0,9147.5,9200.0
2016-04-22,CN1609,9147.5,9200.0,9120.0,9150.0,24.0,,富时中国A50指数1609,367.0,9185.0,9150.0
2016-04-25,CN1609,9125.0,9125.0,9125.0,9125.0,1.0,,富时中国A50指数1609,368.0,9120.0,9125.0
2016-04-26,CN1609,0.0,0.0,0.0,9215.0,0.0,,富时中国A50指数1609,368.0,9215.0,9215.0
2016-04-27,CN1609,9152.5,9152.5,9077.5,9120.0,34.0,,富时中国A50指数1609,397.0,9222.5,9120.0
2016-04-28,CN1609,9100.0,9120.0,9072.5,9075.0,19.0,,富时中国A50指数1609,414.0,9150.0,9075.0
2016-04-29,CN1609,9075.0,9135.0,9075.0,9130.0,16.0,,富时中国A50指数1609,419.0,9120.0,9130.0
2016-05-03,CN1609,9050.0,9230.0,9050.0,9230.0,18.0,,富时中国A50指数1609,431.0,9225.0,9230.0
2016-05-04,CN1609,9150.0,9150.0,9100.0,9100.0,11.0,,富时中国A50指数1609,440.0,9187.5,9100.0
2016-05-05,CN1609,9100.0,9100.0,9080.0,9092.5,19.0,,富时中国A50指数1609,456.0,9175.0,9092.5
2016-05-06,CN1609,9100.0,9100.0,8900.0,8900.0,51.0,,富时中国A50指数1609,475.0,8947.5,8900.0
2016-05-09,CN1609,8927.5,8970.0,8840.0,8850.0,13.0,,富时中国A50指数1609,459.0,8820.0,8850.0
2016-05-10,CN1609,8830.0,8837.5,8830.0,8835.0,4.0,,富时中国A50指数1609,461.0,8875.0,8835.0
2016-05-11,CN1609,8815.0,8820.0,8785.0,8785.0,10.0,,富时中国A50指数1609,465.0,8835.0,8785.0
2016-05-12,CN1609,8745.0,8750.0,8730.0,8750.0,6.0,,富时中国A50指数1609,469.0,8875.0,8750.0
2016-05-13,CN1609,8800.0,8800.0,8770.0,8770.0,9.0,,富时中国A50指数1609,473.0,8825.0,8770.0
2016-05-16,CN1609,8800.0,8835.0,8767.5,8835.0,13.0,,富时中国A50指数1609,485.0,8835.0,8835.0
2016-05-17,CN1609,8872.5,8872.5,8725.0,8830.0,7.0,,富时中国A50指数1609,483.0,8830.0,8830.0
2016-05-18,CN1609,8700.0,8790.0,8635.0,8700.0,57.0,,富时中国A50指数1609,486.0,8765.0,8700.0
2016-05-19,CN1609,8730.0,8730.0,8702.5,8727.5,14.0,,富时中国A50指数1609,498.0,8787.5,8727.5
2016-05-20,CN1609,8787.5,8857.5,8787.5,8857.5,18.0,,富时中国A50指数1609,484.0,8850.0,8857.5
2016-05-23,CN1609,8845.0,8875.0,8835.0,8835.0,8.0,,富时中国A50指数1609,479.0,8845.0,8835.0
2016-05-24,CN1609,8875.0,8875.0,8780.0,8800.0,4.0,,富时中国A50指数1609,480.0,8825.0,8800.0
2016-05-25,CN1609,8850.0,8875.0,8800.0,8800.0,14.0,,富时中国A50指数1609,487.0,8875.0,8800.0
2016-05-26,CN1609,8765.0,8765.0,8765.0,8765.0,7.0,,富时中国A50指数1609,479.0,8892.5,8765.0
2016-05-27,CN1609,8835.0,8925.0,8810.0,8925.0,13.0,,富时中国A50指数1609,482.0,8925.0,8925.0
2016-05-30,CN1609,8900.0,8900.0,8875.0,8875.0,3.0,,富时中国A50指数1609,480.0,8965.0,8875.0
2016-05-31,CN1609,9105.0,9225.0,9075.0,9220.0,35.0,,富时中国A50指数1609,472.0,9220.0,9220.0
2016-06-01,CN1609,9220.0,9262.5,9162.5,9165.0,20.0,,富时中国A50指数1609,472.0,9172.5,9165.0
2016-06-02,CN1609,9162.5,9162.5,9162.5,9162.5,1.0,,富时中国A50指数1609,470.0,9185.0,9162.5
2016-06-03,CN1609,9135.0,9135.0,9135.0,9135.0,1.0,,富时中国A50指数1609,469.0,9222.5,9135.0
2016-06-06,CN1609,9242.5,9242.5,9100.0,9125.0,19.0,,富时中国A50指数1609,480.0,9167.5,9125.0
2016-06-07,CN1609,0.0,0.0,0.0,9202.5,0.0,,富时中国A50指数1609,480.0,9202.5,9202.5
2016-06-08,CN1609,9067.5,9147.5,9067.5,9147.5,3.0,,富时中国A50指数1609,479.0,9147.5,9147.5
2016-06-13,CN1609,9000.0,9025.0,8850.0,8850.0,15.0,,富时中国A50指数1609,491.0,8867.5,8850.0
2016-06-14,CN1609,8897.5,8947.5,8897.5,8925.0,3.0,,富时中国A50指数1609,489.0,8950.0,8925.0
2016-06-15,CN1609,8820.0,8892.5,8750.0,8890.0,21.0,,富时中国A50指数1609,506.0,8970.0,8890.0
2016-06-16,CN1609,8945.0,8945.0,8847.5,8910.0,28.0,,富时中国A50指数1609,485.0,8927.5,8910.0
2016-06-17,CN1609,8930.0,8990.0,8880.0,8937.5,15.0,,富时中国A50指数1609,474.0,8972.5,8937.5
2016-06-20,CN1609,8955.0,8985.0,8950.0,8985.0,8.0,,富时中国A50指数1609,475.0,9037.5,8985.0
2016-06-21,CN1609,9072.5,9075.0,9020.0,9020.0,35.0,,富时中国A50指数1609,472.0,9007.5,9020.0
2016-06-22,CN1609,9020.0,9020.0,9020.0,9020.0,10.0,,富时中国A50指数1609,472.0,9092.5,9020.0
2016-06-23,CN1609,9097.5,9097.5,9097.5,9097.5,1.0,,富时中国A50指数1609,472.0,9047.5,9097.5
2016-06-24,CN1609,9050.0,9050.0,8855.0,8972.5,51.0,,富时中国A50指数1609,517.0,8972.5,8972.5
2016-06-27,CN1609,9000.0,9000.0,8990.0,8990.0,3.0,,富时中国A50指数1609,520.0,9045.0,8990.0
2016-06-28,CN1609,8900.0,8975.0,8900.0,8975.0,3.0,,富时中国A50指数1609,518.0,9047.5,8975.0
2016-06-29,CN1609,9062.5,9120.0,9027.5,9120.0,58.0,,富时中国A50指数1609,559.0,9145.0,9120.0
2016-06-30,CN1609,9120.0,9390.0,9120.0,9130.0,53.0,,富时中国A50指数1609,584.0,9192.5,9130.0
2016-07-01,CN1609,9247.5,9297.5,9200.0,9240.0,21.0,,富时中国A50指数1609,585.0,9250.0,9240.0
2016-07-04,CN1609,9240.0,9397.5,9165.0,9350.0,26.0,,富时中国A50指数1609,574.0,9382.5,9350.0
2016-07-05,CN1609,9310.0,9400.0,9117.5,9370.0,44.0,,富时中国A50指数1609,561.0,9347.5,9370.0
2016-07-06,CN1609,9255.0,9255.0,9255.0,9255.0,1.0,,富时中国A50指数1609,562.0,9365.0,9255.0
2016-07-07,CN1609,9280.0,9362.5,9250.0,9312.5,11.0,,富时中国A50指数1609,560.0,9370.0,9312.5
2016-07-08,CN1609,9380.0,9380.0,9257.5,9257.5,4.0,,富时中国A50指数1609,560.0,9337.5,9257.5
2016-07-11,CN1609,9407.5,9425.0,9335.0,9335.0,169.0,,富时中国A50指数1609,599.0,9385.0,9335.0
2016-07-12,CN1609,9410.0,9607.5,9410.0,9532.5,108.0,,富时中国A50指数1609,540.0,9597.5,9532.5
2016-07-13,CN1609,9590.0,9635.0,9527.5,9595.0,25.0,,富时中国A50指数1609,539.0,9595.0,9595.0
2016-07-14,CN1609,9625.0,9625.0,9625.0,9625.0,1.0,,富时中国A50指数1609,537.0,9572.5,9625.0
2016-07-15,CN1609,9575.0,9590.0,9575.0,9585.0,3.0,,富时中国A50指数1609,538.0,9592.5,9585.0
2016-07-18,CN1609,9602.5,9632.5,9547.5,9547.5,5.0,,富时中国A50指数1609,539.0,9562.5,9547.5
2016-07-19,CN1609,9550.0,9555.0,9490.0,9537.5,51.0,,富时中国A50指数1609,586.0,9472.5,9537.5
2016-07-20,CN1609,9480.0,9480.0,9465.0,9465.0,35.0,,富时中国A50指数1609,621.0,9477.5,9465.0
2016-07-21,CN1609,9452.5,9545.0,9452.5,9545.0,43.0,,富时中国A50指数1609,602.0,9537.5,9545.0
2016-07-22,CN1609,9415.0,9420.0,9415.0,9415.0,32.0,,富时中国A50指数1609,632.0,9417.5,9415.0
2016-07-25,CN1609,9467.5,9470.0,9430.0,9430.0,4.0,,富时中国A50指数1609,632.0,9455.0,9430.0
2016-07-26,CN1609,9490.0,9550.0,9490.0,9550.0,49.0,,富时中国A50指数1609,635.0,9535.0,9550.0
2016-07-27,CN1609,9600.0,9645.0,9252.5,9500.0,168.0,,富时中国A50指数1609,709.0,9447.5,9500.0
2016-07-28,CN1609,9402.5,9527.5,9402.5,9470.0,32.0,,富时中国A50指数1609,710.0,9457.5,9470.0
2016-07-29,CN1609,9480.0,9485.0,9440.0,9452.5,314.0,,富时中国A50指数1609,0.0,9440.0,9452.5
2016-08-01,CN1609,9437.5,9482.5,9410.0,9422.5,1817.0,,富时中国A50指数1609,1481.0,9425.0,9422.5
2016-08-02,CN1609,9425.0,9450.0,9380.0,9387.5,715.0,,富时中国A50指数1609,1531.0,9387.5,9387.5
2016-08-03,CN1609,9405.0,9430.0,9352.5,9370.0,1800.0,,富时中国A50指数1609,2109.0,9377.5,9370.0
2016-08-04,CN1609,9400.0,9412.5,9327.5,9395.0,910.0,,富时中国A50指数1609,2294.0,9392.5,9395.0
2016-08-05,CN1609,9387.5,9475.0,9380.0,9430.0,1371.0,,富时中国A50指数1609,2544.0,9450.0,9430.0
2016-08-08,CN1609,9432.5,9485.0,9375.0,9485.0,843.0,,富时中国A50指数1609,2696.0,9490.0,9485.0
2016-08-09,CN1609,9495.0,9557.5,9462.5,9555.0,1984.0,,富时中国A50指数1609,3511.0,9552.5,9555.0
2016-08-10,CN1609,9560.0,9572.5,9515.0,9545.0,3062.0,,富时中国A50指数1609,4770.0,9547.5,9545.0
2016-08-11,CN1609,9547.5,9702.5,9525.0,9587.5,4682.0,,富时中国A50指数1609,6383.0,9605.0,9587.5
2016-08-12,CN1609,9600.0,9815.0,9587.5,9815.0,5415.0,,富时中国A50指数1609,7580.0,9820.0,9815.0
2016-08-15,CN1609,9802.5,10147.5,9745.0,10092.5,14281.0,,富时中国A50指数1609,11864.0,10092.5,10092.5
2016-08-16,CN1609,10100.0,10150.0,9912.5,9935.0,36592.0,,富时中国A50指数1609,34421.0,9935.0,9935.0
2016-08-17,CN1609,9977.5,10015.0,9885.0,9930.0,28681.0,,富时中国A50指数1609,52353.0,9930.0,9930.0
2016-08-18,CN1609,9892.5,10002.5,9817.5,9832.5,12736.0,,富时中国A50指数1609,56901.0,9832.5,9832.5
2016-08-19,CN1609,9835.0,9920.0,9820.0,9862.5,19591.0,,富时中国A50指数1609,64273.0,9862.5,9862.5
2016-08-22,CN1609,9867.5,9912.5,9822.5,9862.5,16554.0,,富时中国A50指数1609,69770.0,9862.5,9862.5
2016-08-23,CN1609,9867.5,9950.0,9835.0,9875.0,74881.0,,富时中国A50指数1609,111540.0,9875.0,9875.0
2016-08-24,CN1609,9882.5,9900.0,9807.5,9847.5,153855.0,,富时中国A50指数1609,191411.0,9847.5,9847.5
2016-08-25,CN1609,9850.0,9850.0,9720.0,9765.0,314924.0,,富时中国A50指数1609,353242.0,9765.0,9765.0
2016-08-26,CN1609,9765.0,9832.5,9757.5,9790.0,299073.0,,富时中国A50指数1609,506168.0,9790.0,9790.0
2016-08-29,CN1609,9782.5,9820.0,9697.5,9737.5,375788.0,,富时中国A50指数1609,651967.0,9737.5,9737.5
2016-08-30,CN1609,9745.0,9840.0,9727.5,9780.0,176530.0,,富时中国A50指数1609,663598.0,9780.0,9780.0
2016-08-31,CN1609,9782.5,9867.5,9775.0,9825.0,129988.0,,富时中国A50指数1609,668359.0,9825.0,9825.0
2016-09-01,CN1609,9830.0,9852.5,9762.5,9762.5,140145.0,,富时中国A50指数1609,669633.0,9762.5,9762.5
2016-09-02,CN1609,9765.0,9840.0,9747.5,9832.5,121369.0,,富时中国A50指数1609,660842.0,9832.5,9832.5
2016-09-05,CN1609,9825.0,9915.0,9817.5,9867.5,153721.0,,富时中国A50指数1609,662963.0,9867.5,9867.5
2016-09-06,CN1609,9875.0,9905.0,9790.0,9862.5,146995.0,,富时中国A50指数1609,667384.0,9862.5,9862.5
2016-09-07,CN1609,9860.0,9905.0,9842.5,9845.0,123034.0,,富时中国A50指数1609,661104.0,9845.0,9845.0
2016-09-08,CN1609,9860.0,9885.0,9835.0,9857.5,93210.0,,富时中国A50指数1609,661532.0,9857.5,9857.5
2016-09-09,CN1609,9860.0,9890.0,9780.0,9800.0,122621.0,,富时中国A50指数1609,658662.0,9800.0,9800.0
2016-09-12,CN1609,9795.0,9802.5,9582.5,9582.5,263931.0,,富时中国A50指数1609,640770.0,9582.5,9582.5
2016-09-13,CN1609,9590.0,9687.5,9567.5,9602.5,170529.0,,富时中国A50指数1609,637278.0,9602.5,9602.5
2016-09-14,CN1609,9607.5,9637.5,9515.0,9527.5,157186.0,,富时中国A50指数1609,608104.0,9527.5,9527.5
2016-09-15,CN1609,9527.5,9577.5,9495.0,9550.0,26851.0,,富时中国A50指数1609,595321.0,9550.0,9550.0
2016-09-16,CN1609,9550.0,9592.5,9537.5,9580.0,7745.0,,富时中国A50指数1609,593642.0,9580.0,9580.0
2016-09-19,CN1609,9567.5,9662.5,9567.5,9655.0,136852.0,,富时中国A50指数1609,603791.0,9655.0,9655.0
2016-09-20,CN1609,9657.5,9662.5,9590.0,9637.5,106009.0,,富时中国A50指数1609,601388.0,9637.5,9637.5
2016-09-21,CN1609,9637.5,9655.0,9570.0,9600.0,119735.0,,富时中国A50指数1609,616213.0,9600.0,9600.0
2016-09-22,CN1609,9605.0,9732.5,9587.5,9665.0,216336.0,,富时中国A50指数1609,576066.0,9665.0,9665.0
2016-09-23,CN1609,9672.5,9715.0,9615.0,9615.0,182882.0,,富时中国A50指数1609,521785.0,9615.0,9615.0
2016-09-26,CN1609,9620.0,9647.5,9457.5,9457.5,448492.0,,富时中国A50指数1609,326881.0,9457.5,9457.5
2016-09-27,CN1609,9460.0,9597.5,9457.5,9560.0,218373.0,,富时中国A50指数1609,261360.0,9560.0,9560.0
2016-09-28,CN1609,9557.5,9577.5,9532.5,9562.5,217383.0,,富时中国A50指数1609,163776.0,9562.5,9562.5
2016-09-29,CN1609,9557.5,9625.0,9542.5,9580.0,127820.0,,富时中国A50指数1609,0.0,9580.0,9580.0
