date,symbol,open,high,low,close,volume,amount,name,openinterest,settleprice,price
2015-11-30,CN1602,0.0,0.0,0.0,9925.0,0.0,,富时中国A50指数1602,0.0,9925.0,9925.0
2015-12-01,CN1602,0.0,0.0,0.0,10085.0,0.0,,富时中国A50指数1602,0.0,10085.0,10085.0
2015-12-02,CN1602,10235.0,10235.0,10235.0,10235.0,1.0,,富时中国A50指数1602,1.0,10555.0,10235.0
2015-12-03,CN1602,10507.5,10507.5,10507.5,10507.5,1.0,,富时中国A50指数1602,2.0,10575.0,10507.5
2015-12-04,CN1602,0.0,0.0,0.0,10287.5,0.0,,富时中国A50指数1602,2.0,10287.5,10287.5
2015-12-07,CN1602,0.0,0.0,0.0,10270.0,0.0,,富时中国A50指数1602,2.0,10270.0,10270.0
2015-12-08,CN1602,10115.0,10115.0,10115.0,10115.0,1.0,,富时中国A50指数1602,2.0,10127.5,10115.0
2015-12-09,CN1602,10047.5,10055.0,10047.5,10055.0,5.0,,富时中国A50指数1602,2.0,10162.5,10055.0
2015-12-10,CN1602,10080.0,10080.0,10080.0,10080.0,1.0,,富时中国A50指数1602,3.0,10022.5,10080.0
2015-12-11,CN1602,0.0,0.0,0.0,10032.5,0.0,,富时中国A50指数1602,3.0,10032.5,10032.5
2015-12-14,CN1602,0.0,0.0,0.0,10307.5,0.0,,富时中国A50指数1602,3.0,10307.5,10307.5
2015-12-15,CN1602,10130.0,10130.0,10130.0,10130.0,1.0,,富时中国A50指数1602,4.0,10122.5,10130.0
2015-12-16,CN1602,10100.0,10122.5,10100.0,10122.5,2.0,,富时中国A50指数1602,5.0,10145.0,10122.5
2015-12-17,CN1602,10050.0,10545.0,10027.5,10390.0,28.0,,富时中国A50指数1602,19.0,10435.0,10390.0
2015-12-18,CN1602,10562.5,10562.5,10460.0,10515.0,3.0,,富时中国A50指数1602,21.0,10500.0,10515.0
2015-12-21,CN1602,10617.5,10775.0,10527.5,10717.5,21.0,,富时中国A50指数1602,15.0,10825.0,10717.5
2015-12-22,CN1602,10850.0,10872.5,10742.5,10742.5,73.0,,富时中国A50指数1602,20.0,10820.0,10742.5
2015-12-23,CN1602,10687.5,10930.0,10687.5,10827.5,9.0,,富时中国A50指数1602,20.0,10822.5,10827.5
2015-12-24,CN1602,10710.0,10750.0,10680.0,10750.0,47.0,,富时中国A50指数1602,65.0,10800.0,10750.0
2015-12-25,CN1602,0.0,0.0,0.0,10872.5,0.0,,富时中国A50指数1602,65.0,10872.5,10872.5
2015-12-28,CN1602,10675.0,10675.0,10380.0,10380.0,27.0,,富时中国A50指数1602,79.0,10480.0,10380.0
2015-12-29,CN1602,10427.5,10572.5,10427.5,10572.5,21.0,,富时中国A50指数1602,86.0,10550.0,10572.5
2015-12-30,CN1602,10542.5,10555.0,10335.0,10400.0,77.0,,富时中国A50指数1602,146.0,10397.5,10400.0
2015-12-31,CN1602,10405.0,10485.0,10345.0,10367.5,369.0,,富时中国A50指数1602,348.0,10405.0,10367.5
2016-01-04,CN1602,10400.0,10400.0,9622.5,9650.0,3741.0,,富时中国A50指数1602,1668.0,9650.0,9650.0
2016-01-05,CN1602,9675.0,9962.5,9545.0,9900.0,2726.0,,富时中国A50指数1602,2355.0,9950.0,9900.0
2016-01-06,CN1602,9852.5,10000.0,9797.5,9920.0,2045.0,,富时中国A50指数1602,2752.0,9927.5,9920.0
2016-01-07,CN1602,9892.5,9892.5,9077.5,9290.0,3174.0,,富时中国A50指数1602,3365.0,9290.0,9290.0
2016-01-08,CN1602,9297.5,9740.0,9150.0,9660.0,5155.0,,富时中国A50指数1602,4003.0,9660.0,9660.0
2016-01-11,CN1602,9630.0,9632.5,9180.0,9190.0,6326.0,,富时中国A50指数1602,6026.0,9190.0,9190.0
2016-01-12,CN1602,9175.0,9365.0,9175.0,9247.5,6029.0,,富时中国A50指数1602,8308.0,9267.5,9247.5
2016-01-13,CN1602,9265.0,9450.0,9100.0,9122.5,3799.0,,富时中国A50指数1602,9247.0,9122.5,9122.5
2016-01-14,CN1602,9142.5,9315.0,8907.5,9220.0,4815.0,,富时中国A50指数1602,10394.0,9220.0,9220.0
2016-01-15,CN1602,9230.0,9287.5,8890.0,8970.0,13105.0,,富时中国A50指数1602,0.0,8990.0,8970.0
2016-01-18,CN1602,8985.0,9172.5,8755.0,9050.0,13599.0,,富时中国A50指数1602,30038.0,9050.0,9050.0
2016-01-19,CN1602,9080.0,9352.5,9020.0,9347.5,18407.0,,富时中国A50指数1602,38746.0,9347.5,9347.5
2016-01-20,CN1602,9352.5,9365.0,8980.0,9040.0,45795.0,,富时中国A50指数1602,61041.0,9040.0,9040.0
2016-01-21,CN1602,9030.0,9270.0,8860.0,8882.5,53914.0,,富时中国A50指数1602,84780.0,8887.5,8882.5
2016-01-22,CN1602,8905.0,9162.5,8877.5,9040.0,87928.0,,富时中国A50指数1602,115040.0,9040.0,9040.0
2016-01-25,CN1602,9062.5,9180.0,9002.5,9047.5,159638.0,,富时中国A50指数1602,189170.0,9047.5,9047.5
2016-01-26,CN1602,9017.5,9030.0,8600.0,8627.5,369059.0,,富时中国A50指数1602,353833.0,8627.5,8627.5
2016-01-27,CN1602,8605.0,8767.5,8512.5,8630.0,464482.0,,富时中国A50指数1602,475478.0,8630.0,8630.0
2016-01-28,CN1602,8642.5,8750.0,8497.5,8625.0,328917.0,,富时中国A50指数1602,532634.0,8625.0,8625.0
2016-01-29,CN1602,8642.5,8870.0,8577.5,8802.5,333940.0,,富时中国A50指数1602,564432.0,8802.5,8802.5
2016-02-01,CN1602,8810.0,8925.0,8537.5,8540.0,262805.0,,富时中国A50指数1602,556616.0,8540.0,8540.0
2016-02-02,CN1602,8540.0,8855.0,8510.0,8800.0,236516.0,,富时中国A50指数1602,573618.0,8800.0,8800.0
2016-02-03,CN1602,8795.0,8837.5,8610.0,8680.0,228096.0,,富时中国A50指数1602,572481.0,8680.0,8680.0
2016-02-04,CN1602,8705.0,8875.0,8642.5,8800.0,201574.0,,富时中国A50指数1602,568954.0,8800.0,8800.0
2016-02-05,CN1602,8802.5,8850.0,8725.0,8750.0,141821.0,,富时中国A50指数1602,547776.0,8750.0,8750.0
2016-02-15,CN1602,8610.0,8792.5,8570.0,8692.5,239920.0,,富时中国A50指数1602,543824.0,8692.5,8692.5
2016-02-16,CN1602,8705.0,9015.0,8700.0,8940.0,280562.0,,富时中国A50指数1602,541396.0,8940.0,8940.0
2016-02-17,CN1602,8930.0,9035.0,8852.5,8917.5,226405.0,,富时中国A50指数1602,542605.0,8917.5,8917.5
2016-02-18,CN1602,8945.0,9112.5,8920.0,9030.0,199398.0,,富时中国A50指数1602,529303.0,9030.0,9030.0
2016-02-19,CN1602,9010.0,9060.0,8930.0,8990.0,232099.0,,富时中国A50指数1602,503480.0,8990.0,8990.0
2016-02-22,CN1602,8990.0,9227.5,8987.5,9222.5,372579.0,,富时中国A50指数1602,437704.0,9222.5,9222.5
2016-02-23,CN1602,9222.5,9290.0,9012.5,9040.0,373285.0,,富时中国A50指数1602,296512.0,9040.0,9040.0
2016-02-24,CN1602,9025.0,9175.0,8992.5,9140.0,385433.0,,富时中国A50指数1602,191350.0,9140.0,9140.0
2016-02-25,CN1602,9115.0,9182.5,8667.5,8712.5,380402.0,,富时中国A50指数1602,60090.0,8712.5,8712.5
2016-02-26,CN1602,8712.5,8870.0,8712.5,8822.5,63992.0,,富时中国A50指数1602,0.0,8822.5,8822.5
