date,symbol,open,high,low,close,volume,amount,name,openinterest,settleprice,price
2016-02-29,CN1605,8300.0,8300.0,8300.0,8300.0,1.0,,富时中国A50指数1605,1.0,8590.0,8300.0
2016-03-01,CN1605,8642.5,8642.5,8612.5,8612.5,6.0,,富时中国A50指数1605,7.0,8662.5,8612.5
2016-03-02,CN1605,0.0,0.0,0.0,8955.0,0.0,,富时中国A50指数1605,7.0,8955.0,8955.0
2016-03-03,CN1605,8925.0,8950.0,8880.0,8950.0,26.0,,富时中国A50指数1605,18.0,8972.5,8950.0
2016-03-04,CN1605,9020.0,9175.0,9020.0,9172.5,4.0,,富时中国A50指数1605,20.0,9215.0,9172.5
2016-03-07,CN1605,9225.0,9225.0,9150.0,9150.0,6.0,,富时中国A50指数1605,20.0,9225.0,9150.0
2016-03-08,CN1605,8927.5,8950.0,8927.5,8950.0,11.0,,富时中国A50指数1605,22.0,9165.0,8950.0
2016-03-09,CN1605,0.0,0.0,0.0,9107.5,0.0,,富时中国A50指数1605,22.0,9107.5,9107.5
2016-03-10,CN1605,9122.5,9125.0,9122.5,9125.0,2.0,,富时中国A50指数1605,24.0,8962.5,9125.0
2016-03-11,CN1605,9000.0,9000.0,8965.0,8965.0,2.0,,富时中国A50指数1605,26.0,9072.5,8965.0
2016-03-14,CN1605,9075.0,9250.0,8952.5,9122.5,9.0,,富时中国A50指数1605,31.0,9147.5,9122.5
2016-03-15,CN1605,0.0,0.0,0.0,9110.0,0.0,,富时中国A50指数1605,31.0,9110.0,9110.0
2016-03-16,CN1605,9100.0,9242.5,9100.0,9242.5,4.0,,富时中国A50指数1605,28.0,9245.0,9242.5
2016-03-17,CN1605,9325.0,9397.5,9325.0,9392.5,12.0,,富时中国A50指数1605,24.0,9350.0,9392.5
2016-03-18,CN1605,9360.0,9410.0,9360.0,9400.0,5.0,,富时中国A50指数1605,25.0,9460.0,9400.0
2016-03-21,CN1605,9575.0,9640.0,9450.0,9630.0,10.0,,富时中国A50指数1605,31.0,9667.5,9630.0
2016-03-22,CN1605,9670.0,9670.0,9550.0,9550.0,21.0,,富时中国A50指数1605,48.0,9577.5,9550.0
2016-03-23,CN1605,9567.5,9650.0,9540.0,9542.5,34.0,,富时中国A50指数1605,73.0,9582.5,9542.5
2016-03-24,CN1605,9647.5,9647.5,9370.0,9370.0,16.0,,富时中国A50指数1605,76.0,9417.5,9370.0
2016-03-25,CN1605,9350.0,9530.0,9350.0,9530.0,4.0,,富时中国A50指数1605,75.0,9587.5,9530.0
2016-03-28,CN1605,9500.0,9590.0,9440.0,9440.0,55.0,,富时中国A50指数1605,127.0,9435.0,9440.0
2016-03-29,CN1605,9400.0,9400.0,9350.0,9350.0,4.0,,富时中国A50指数1605,128.0,9405.0,9350.0
2016-03-30,CN1605,9400.0,9660.0,9392.5,9660.0,98.0,,富时中国A50指数1605,196.0,9650.0,9660.0
2016-03-31,CN1605,9670.0,9710.0,9510.0,9587.5,3231.0,,富时中国A50指数1605,2455.0,9587.5,9587.5
2016-04-01,CN1605,9555.0,9610.0,9002.5,9540.0,1998.0,,富时中国A50指数1605,2872.0,9542.5,9540.0
2016-04-05,CN1605,9527.5,9675.0,9465.0,9605.0,3269.0,,富时中国A50指数1605,4603.0,9605.0,9605.0
2016-04-06,CN1605,9525.0,9605.0,9525.0,9560.0,1194.0,,富时中国A50指数1605,5192.0,9587.5,9560.0
2016-04-07,CN1605,9595.0,9650.0,9440.0,9440.0,2297.0,,富时中国A50指数1605,6979.0,9440.0,9440.0
2016-04-08,CN1605,9430.0,9465.0,9372.5,9460.0,1282.0,,富时中国A50指数1605,7474.0,9467.5,9460.0
2016-04-11,CN1605,9470.0,9607.5,9442.5,9540.0,2922.0,,富时中国A50指数1605,8924.0,9540.0,9540.0
2016-04-12,CN1605,9590.0,9590.0,9480.0,9535.0,5579.0,,富时中国A50指数1605,12206.0,9542.5,9535.0
2016-04-13,CN1605,9545.0,9775.0,9515.0,9727.5,13448.0,,富时中国A50指数1605,16036.0,9727.5,9727.5
2016-04-14,CN1605,9717.5,9780.0,9647.5,9695.0,8066.0,,富时中国A50指数1605,19671.0,9695.0,9695.0
2016-04-15,CN1605,9702.5,9752.5,9660.0,9705.0,5063.0,,富时中国A50指数1605,20324.0,9705.0,9705.0
2016-04-18,CN1605,9687.5,9690.0,9565.0,9585.0,9402.0,,富时中国A50指数1605,20816.0,9592.5,9585.0
2016-04-19,CN1605,9607.5,9690.0,9582.5,9632.5,14575.0,,富时中国A50指数1605,27176.0,9635.0,9632.5
2016-04-20,CN1605,9640.0,9685.0,9322.5,9487.5,61151.0,,富时中国A50指数1605,47378.0,9487.5,9487.5
2016-04-21,CN1605,9482.5,9680.0,9470.0,9547.5,27254.0,,富时中国A50指数1605,60532.0,9547.5,9547.5
2016-04-22,CN1605,9552.5,9662.5,9480.0,9640.0,123289.0,,富时中国A50指数1605,121165.0,9640.0,9640.0
2016-04-25,CN1605,9640.0,9667.5,9492.5,9570.0,234162.0,,富时中国A50指数1605,258677.0,9570.0,9570.0
2016-04-26,CN1605,9555.0,9685.0,9545.0,9647.5,333271.0,,富时中国A50指数1605,420098.0,9647.5,9647.5
2016-04-27,CN1605,9655.0,9675.0,9570.0,9612.5,304800.0,,富时中国A50指数1605,548873.0,9612.5,9612.5
2016-04-28,CN1605,9610.0,9647.5,9517.5,9562.5,203372.0,,富时中国A50指数1605,590768.0,9562.5,9562.5
2016-04-29,CN1605,9567.5,9597.5,9527.5,9532.5,141271.0,,富时中国A50指数1605,595328.0,9532.5,9532.5
2016-05-03,CN1605,9565.0,9727.5,9515.0,9630.0,225878.0,,富时中国A50指数1605,623841.0,9630.0,9630.0
2016-05-04,CN1605,9625.0,9665.0,9590.0,9630.0,141298.0,,富时中国A50指数1605,605760.0,9630.0,9630.0
2016-05-05,CN1605,9615.0,9625.0,9560.0,9615.0,116618.0,,富时中国A50指数1605,590248.0,9615.0,9615.0
2016-05-06,CN1605,9625.0,9645.0,9340.0,9362.5,226802.0,,富时中国A50指数1605,577055.0,9362.5,9362.5
2016-05-09,CN1605,9360.0,9410.0,9217.5,9217.5,211383.0,,富时中国A50指数1605,565030.0,9217.5,9217.5
2016-05-10,CN1605,9230.0,9320.0,9180.0,9315.0,177287.0,,富时中国A50指数1605,557867.0,9315.0,9315.0
2016-05-11,CN1605,9315.0,9345.0,9245.0,9260.0,144685.0,,富时中国A50指数1605,554627.0,9260.0,9260.0
2016-05-12,CN1605,9265.0,9340.0,9195.0,9327.5,171498.0,,富时中国A50指数1605,552781.0,9327.5,9327.5
2016-05-13,CN1605,9327.5,9357.5,9267.5,9295.0,121940.0,,富时中国A50指数1605,556948.0,9295.0,9295.0
2016-05-16,CN1605,9297.5,9342.5,9237.5,9305.0,143818.0,,富时中国A50指数1605,552714.0,9305.0,9305.0
2016-05-17,CN1605,9305.0,9357.5,9240.0,9322.5,137439.0,,富时中国A50指数1605,543786.0,9322.5,9322.5
2016-05-18,CN1605,9322.5,9325.0,9125.0,9285.0,217068.0,,富时中国A50指数1605,558694.0,9285.0,9285.0
2016-05-19,CN1605,9282.5,9320.0,9225.0,9285.0,129385.0,,富时中国A50指数1605,562028.0,9285.0,9285.0
2016-05-20,CN1605,9297.5,9377.5,9252.5,9362.5,126705.0,,富时中国A50指数1605,554109.0,9362.5,9362.5
2016-05-23,CN1605,9360.0,9427.5,9310.0,9330.0,231947.0,,富时中国A50指数1605,518270.0,9330.0,9330.0
2016-05-24,CN1605,9337.5,9355.0,9260.0,9320.0,210331.0,,富时中国A50指数1605,463126.0,9320.0,9320.0
2016-05-25,CN1605,9312.5,9390.0,9302.5,9340.0,296047.0,,富时中国A50指数1605,389768.0,9340.0,9340.0
2016-05-26,CN1605,9340.0,9397.5,9272.5,9372.5,427714.0,,富时中国A50指数1605,245887.0,9372.5,9372.5
2016-05-27,CN1605,9375.0,9415.0,9322.5,9410.0,253067.0,,富时中国A50指数1605,136633.0,9410.0,9410.0
2016-05-30,CN1605,9400.0,9440.0,9325.0,9427.5,90142.0,,富时中国A50指数1605,0.0,9427.5,9427.5
