date,symbol,open,high,low,close,volume,amount,name,openinterest,settleprice,price
2016-09-30,CN1709,0.0,0.0,0.0,9367.5,0.0,,富时中国A50指数1709,0.0,9367.5,9367.5
2016-10-03,CN1709,0.0,0.0,0.0,9392.5,0.0,,富时中国A50指数1709,0.0,9392.5,9392.5
2016-10-04,CN1709,0.0,0.0,0.0,9425.0,0.0,,富时中国A50指数1709,0.0,9425.0,9425.0
2016-10-05,CN1709,0.0,0.0,0.0,9422.5,0.0,,富时中国A50指数1709,0.0,9422.5,9422.5
2016-10-06,CN1709,0.0,0.0,0.0,9492.5,0.0,,富时中国A50指数1709,0.0,9492.5,9492.5
2016-10-07,CN1709,0.0,0.0,0.0,9495.0,0.0,,富时中国A50指数1709,0.0,9495.0,9495.0
2016-10-10,CN1709,0.0,0.0,0.0,9545.0,0.0,,富时中国A50指数1709,0.0,9545.0,9545.0
2016-10-11,CN1709,0.0,0.0,0.0,9547.5,0.0,,富时中国A50指数1709,0.0,9547.5,9547.5
2016-10-12,CN1709,0.0,0.0,0.0,9547.5,0.0,,富时中国A50指数1709,0.0,9547.5,9547.5
2016-10-13,CN1709,0.0,0.0,0.0,9535.0,0.0,,富时中国A50指数1709,0.0,9535.0,9535.0
2016-10-14,CN1709,0.0,0.0,0.0,9547.5,0.0,,富时中国A50指数1709,0.0,9547.5,9547.5
2016-10-17,CN1709,0.0,0.0,0.0,9537.5,0.0,,富时中国A50指数1709,0.0,9537.5,9537.5
2016-10-18,CN1709,0.0,0.0,0.0,9597.5,0.0,,富时中国A50指数1709,0.0,9597.5,9597.5
2016-10-19,CN1709,0.0,0.0,0.0,9602.5,0.0,,富时中国A50指数1709,0.0,9602.5,9602.5
2016-10-20,CN1709,0.0,0.0,0.0,9600.0,0.0,,富时中国A50指数1709,0.0,9600.0,9600.0
2016-10-21,CN1709,0.0,0.0,0.0,9650.0,0.0,,富时中国A50指数1709,0.0,9650.0,9650.0
2016-10-24,CN1709,0.0,0.0,0.0,9820.0,0.0,,富时中国A50指数1709,0.0,9820.0,9820.0
2016-10-25,CN1709,0.0,0.0,0.0,9822.5,0.0,,富时中国A50指数1709,0.0,9822.5,9822.5
2016-10-26,CN1709,9802.5,9802.5,9800.0,9800.0,2.0,,富时中国A50指数1709,2.0,9705.0,9800.0
2016-10-27,CN1709,0.0,0.0,0.0,9705.0,0.0,,富时中国A50指数1709,2.0,9705.0,9705.0
2016-10-28,CN1709,0.0,0.0,0.0,9707.5,0.0,,富时中国A50指数1709,2.0,9707.5,9707.5
2016-10-31,CN1709,0.0,0.0,0.0,9707.5,0.0,,富时中国A50指数1709,2.0,9707.5,9707.5
2016-11-01,CN1709,0.0,0.0,0.0,9747.5,0.0,,富时中国A50指数1709,2.0,9747.5,9747.5
2016-11-02,CN1709,0.0,0.0,0.0,9757.5,0.0,,富时中国A50指数1709,2.0,9757.5,9757.5
2016-11-03,CN1709,0.0,0.0,0.0,9777.5,0.0,,富时中国A50指数1709,2.0,9777.5,9777.5
2016-11-04,CN1709,0.0,0.0,0.0,9780.0,0.0,,富时中国A50指数1709,2.0,9780.0,9780.0
2016-11-07,CN1709,0.0,0.0,0.0,9752.5,0.0,,富时中国A50指数1709,2.0,9752.5,9752.5
2016-11-08,CN1709,0.0,0.0,0.0,9827.5,0.0,,富时中国A50指数1709,2.0,9827.5,9827.5
2016-11-09,CN1709,10022.5,10022.5,9680.0,9680.0,36.0,,富时中国A50指数1709,34.0,9775.0,9680.0
2016-11-10,CN1709,0.0,0.0,0.0,9925.0,0.0,,富时中国A50指数1709,34.0,9925.0,9925.0
2016-11-11,CN1709,0.0,0.0,0.0,9952.5,0.0,,富时中国A50指数1709,0.0,9952.5,9952.5
2016-11-14,CN1709,0.0,0.0,0.0,10002.5,0.0,,富时中国A50指数1709,34.0,10002.5,10002.5
2016-11-15,CN1709,0.0,0.0,0.0,9962.5,0.0,,富时中国A50指数1709,34.0,9962.5,9962.5
2016-11-16,CN1709,10090.0,10122.5,10017.5,10017.5,9.0,,富时中国A50指数1709,40.0,10010.0,10017.5
2016-11-17,CN1709,10002.5,10097.5,10002.5,10097.5,3.0,,富时中国A50指数1709,43.0,10012.5,10097.5
2016-11-18,CN1709,10100.0,10100.0,10100.0,10100.0,1.0,,富时中国A50指数1709,44.0,10037.5,10100.0
2016-11-21,CN1709,10192.5,10192.5,10192.5,10192.5,1.0,,富时中国A50指数1709,44.0,10135.0,10192.5
2016-11-22,CN1709,0.0,0.0,0.0,10227.5,0.0,,富时中国A50指数1709,44.0,10227.5,10227.5
2016-11-23,CN1709,10250.0,10330.0,10250.0,10330.0,2.0,,富时中国A50指数1709,44.0,10302.5,10330.0
2016-11-24,CN1709,10372.5,10377.5,10372.5,10377.5,3.0,,富时中国A50指数1709,47.0,10327.5,10377.5
2016-11-25,CN1709,10472.5,10472.5,10472.5,10472.5,5.0,,富时中国A50指数1709,52.0,10457.5,10472.5
2016-11-28,CN1709,10560.0,10560.0,10560.0,10560.0,2.0,,富时中国A50指数1709,54.0,10522.5,10560.0
2016-11-29,CN1709,10507.5,10650.0,10505.0,10650.0,3.0,,富时中国A50指数1709,56.0,10657.5,10650.0
2016-11-30,CN1709,10747.5,10747.5,10555.0,10555.0,12.0,,富时中国A50指数1709,64.0,10522.5,10555.0
2016-12-01,CN1709,10665.0,10700.0,10620.0,10620.0,16.0,,富时中国A50指数1709,79.0,10552.5,10620.0
2016-12-02,CN1709,10670.0,10670.0,10500.0,10512.5,5.0,,富时中国A50指数1709,79.0,10527.5,10512.5
2016-12-05,CN1709,10450.0,10450.0,10450.0,10450.0,1.0,,富时中国A50指数1709,80.0,10355.0,10450.0
2016-12-06,CN1709,0.0,0.0,0.0,10365.0,0.0,,富时中国A50指数1709,80.0,10365.0,10365.0
2016-12-07,CN1709,0.0,0.0,0.0,10367.5,0.0,,富时中国A50指数1709,80.0,10367.5,10367.5
2016-12-08,CN1709,10405.0,10405.0,10402.5,10402.5,2.0,,富时中国A50指数1709,81.0,10377.5,10402.5
2016-12-09,CN1709,10590.0,10590.0,10590.0,10590.0,1.0,,富时中国A50指数1709,82.0,10570.0,10590.0
2016-12-12,CN1709,10647.5,10647.5,10647.5,10647.5,5.0,,富时中国A50指数1709,84.0,10435.0,10647.5
2016-12-13,CN1709,10412.5,10412.5,10400.0,10400.0,6.0,,富时中国A50指数1709,90.0,10375.0,10400.0
2016-12-14,CN1709,10440.0,10440.0,10380.0,10380.0,5.0,,富时中国A50指数1709,95.0,10337.5,10380.0
2016-12-15,CN1709,10300.0,10300.0,10117.5,10117.5,27.0,,富时中国A50指数1709,117.0,10102.5,10117.5
2016-12-16,CN1709,10125.0,10225.0,10125.0,10125.0,40.0,,富时中国A50指数1709,136.0,10095.0,10125.0
2016-12-19,CN1709,10150.0,10150.0,10060.0,10060.0,4.0,,富时中国A50指数1709,139.0,10042.5,10060.0
2016-12-20,CN1709,10097.5,10097.5,9925.0,9925.0,29.0,,富时中国A50指数1709,163.0,9920.0,9925.0
2016-12-21,CN1709,9960.0,10027.5,9960.0,10027.5,55.0,,富时中国A50指数1709,214.0,10027.5,10027.5
2016-12-22,CN1709,10072.5,10077.5,9967.5,9985.0,61.0,,富时中国A50指数1709,272.0,9977.5,9985.0
2016-12-23,CN1709,9920.0,9920.0,9900.0,9900.0,13.0,,富时中国A50指数1709,284.0,9882.5,9900.0
2016-12-26,CN1709,9900.0,9900.0,9897.5,9897.5,3.0,,富时中国A50指数1709,287.0,9997.5,9897.5
2016-12-27,CN1709,10015.0,10015.0,10015.0,10015.0,1.0,,富时中国A50指数1709,288.0,9980.0,10015.0
2016-12-28,CN1709,9990.0,9990.0,9937.5,9937.5,4.0,,富时中国A50指数1709,290.0,9922.5,9937.5
2016-12-29,CN1709,10012.5,10012.5,9930.0,9930.0,7.0,,富时中国A50指数1709,297.0,9902.5,9930.0
2016-12-30,CN1709,0.0,0.0,0.0,9937.5,0.0,,富时中国A50指数1709,297.0,9937.5,9937.5
2017-01-11,CN1709,10167.5,10172.5,10102.5,10112.5,218.0,,富时中国A50指数1709,811.0,10100.0,10112.5
2017-01-12,CN1709,10140.0,10160.0,10070.0,10085.0,325.0,,富时中国A50指数1709,1125.0,10075.0,10085.0
2017-01-13,CN1709,10122.5,10130.0,10100.0,10130.0,28.0,,富时中国A50指数1709,1151.0,10150.0,10130.0
2017-01-16,CN1709,10100.0,10100.0,10085.0,10090.0,52.0,,富时中国A50指数1709,1202.0,10200.0,10090.0
2017-01-17,CN1709,10190.0,10190.0,10190.0,10190.0,1.0,,富时中国A50指数1709,1202.0,10190.0,10190.0
2017-01-18,CN1709,10215.0,10345.0,10215.0,10285.0,170.0,,富时中国A50指数1709,1365.0,10265.0,10285.0
2017-01-19,CN1709,10340.0,10340.0,10297.5,10297.5,11.0,,富时中国A50指数1709,1376.0,10247.5,10297.5
2017-01-20,CN1709,10287.5,10365.0,10287.5,10365.0,20.0,,富时中国A50指数1709,1389.0,10315.0,10365.0
2017-01-23,CN1709,10410.0,10422.5,10340.0,10342.5,76.0,,富时中国A50指数1709,1462.0,10310.0,10342.5
2017-01-24,CN1709,10310.0,10362.5,10310.0,10320.0,19.0,,富时中国A50指数1709,1477.0,10305.0,10320.0
2017-01-25,CN1709,10345.0,10345.0,10345.0,10345.0,4.0,,富时中国A50指数1709,1481.0,10352.5,10345.0
2017-01-26,CN1709,10380.0,10450.0,10375.0,10405.0,141.0,,富时中国A50指数1709,1609.0,10412.5,10405.0
2017-01-27,CN1709,10427.5,10470.0,10427.5,10470.0,6.0,,富时中国A50指数1709,1610.0,10460.0,10470.0
2017-01-30,CN1709,10467.5,10467.5,10467.5,10467.5,2.0,,富时中国A50指数1709,1610.0,10467.5,10467.5
2017-01-31,CN1709,10457.5,10467.5,10447.5,10467.5,11.0,,富时中国A50指数1709,1612.0,10465.0,10467.5
2017-02-01,CN1709,10465.0,10465.0,10410.0,10440.0,172.0,,富时中国A50指数1709,1715.0,10430.0,10440.0
2017-02-02,CN1709,10440.0,10450.0,10440.0,10450.0,6.0,,富时中国A50指数1709,1720.0,10427.5,10450.0
2017-02-03,CN1709,10487.5,10487.5,10290.0,10290.0,41.0,,富时中国A50指数1709,1756.0,10300.0,10290.0
2017-02-06,CN1709,10397.5,10397.5,10287.5,10325.0,13.0,,富时中国A50指数1709,1759.0,10292.5,10325.0
2017-02-07,CN1709,10335.0,10372.5,10227.5,10227.5,115.0,,富时中国A50指数1709,1825.0,10227.5,10227.5
2017-02-08,CN1709,10285.0,10322.5,10202.5,10292.5,199.0,,富时中国A50指数1709,1983.0,10280.0,10292.5
2017-02-09,CN1709,10312.5,10400.0,10302.5,10330.0,43.0,,富时中国A50指数1709,2009.0,10317.5,10330.0
2017-02-10,CN1709,10350.0,10450.0,10350.0,10392.5,123.0,,富时中国A50指数1709,2085.0,10390.0,10392.5
2017-02-13,CN1709,10410.0,10500.0,10410.0,10475.0,90.0,,富时中国A50指数1709,2145.0,10447.5,10475.0
2017-02-14,CN1709,10415.0,10415.0,10402.5,10412.5,7.0,,富时中国A50指数1709,2152.0,10412.5,10412.5
2017-02-15,CN1709,10425.0,10500.0,10420.0,10420.0,31.0,,富时中国A50指数1709,2168.0,10402.5,10420.0
2017-02-16,CN1709,10450.0,10480.0,10430.0,10480.0,284.0,,富时中国A50指数1709,2431.0,10460.0,10480.0
2017-02-17,CN1709,10452.5,10522.5,10402.5,10402.5,146.0,,富时中国A50指数1709,2569.0,10392.5,10402.5
2017-02-20,CN1709,10387.5,10582.5,10365.0,10582.5,67.0,,富时中国A50指数1709,2609.0,10577.5,10582.5
2017-02-21,CN1709,10625.0,10655.0,10567.5,10567.5,102.0,,富时中国A50指数1709,2701.0,10537.5,10567.5
2017-02-22,CN1709,10555.0,10605.0,10542.5,10570.0,47.0,,富时中国A50指数1709,2735.0,10572.5,10570.0
2017-02-23,CN1709,10570.0,10622.5,10527.5,10542.5,70.0,,富时中国A50指数1709,2783.0,10542.5,10542.5
2017-02-24,CN1709,10565.0,10565.0,10477.5,10482.5,40.0,,富时中国A50指数1709,2788.0,10482.5,10482.5
2017-02-27,CN1709,10465.0,10465.0,10405.0,10405.0,36.0,,富时中国A50指数1709,2805.0,10385.0,10405.0
2017-02-28,CN1709,10450.0,10465.0,10390.0,10400.0,71.0,,富时中国A50指数1709,2851.0,10400.0,10400.0
2017-03-01,CN1709,10405.0,10487.5,10392.5,10392.5,55.0,,富时中国A50指数1709,2897.0,10392.5,10392.5
2017-03-02,CN1709,10425.0,10470.0,10330.0,10350.0,84.0,,富时中国A50指数1709,2971.0,10350.0,10350.0
2017-03-03,CN1709,10325.0,10325.0,10187.5,10312.5,24.0,,富时中国A50指数1709,2970.0,10287.5,10312.5
2017-03-06,CN1709,10365.0,10397.5,10330.0,10330.0,153.0,,富时中国A50指数1709,3020.0,10322.5,10330.0
2017-03-07,CN1709,10315.0,10350.0,10315.0,10317.5,22.0,,富时中国A50指数1709,3033.0,10327.5,10317.5
2017-03-08,CN1709,10340.0,10375.0,10322.5,10322.5,30.0,,富时中国A50指数1709,3044.0,10322.5,10322.5
2017-03-09,CN1709,10347.5,10370.0,10245.0,10265.0,72.0,,富时中国A50指数1709,3076.0,10255.0,10265.0
2017-03-10,CN1709,10255.0,10267.5,10250.0,10250.0,7.0,,富时中国A50指数1709,3077.0,10250.0,10250.0
2017-03-13,CN1709,10265.0,10362.5,10235.0,10345.0,31.0,,富时中国A50指数1709,3094.0,10335.0,10345.0
2017-03-14,CN1709,10360.0,10372.5,10337.5,10337.5,16.0,,富时中国A50指数1709,3094.0,10315.0,10337.5
2017-03-15,CN1709,10305.0,10335.0,10277.5,10305.0,14.0,,富时中国A50指数1709,3094.0,10307.5,10305.0
2017-03-16,CN1709,10347.5,10447.5,10340.0,10425.0,99.0,,富时中国A50指数1709,3128.0,10415.0,10425.0
2017-03-17,CN1709,10415.0,10415.0,10275.0,10275.0,39.0,,富时中国A50指数1709,3157.0,10257.5,10275.0
2017-03-20,CN1709,10320.0,10345.0,10255.0,10312.5,39.0,,富时中国A50指数1709,3168.0,10295.0,10312.5
2017-03-21,CN1709,10295.0,10342.5,10275.0,10342.5,16.0,,富时中国A50指数1709,3183.0,10310.0,10342.5
2017-03-22,CN1709,10300.0,10300.0,10205.0,10220.0,106.0,,富时中国A50指数1709,3274.0,10215.0,10220.0
2017-03-23,CN1709,10235.0,10347.5,10187.5,10212.5,45.0,,富时中国A50指数1709,3283.0,10237.5,10212.5
2017-03-24,CN1709,10285.0,10400.0,10252.5,10400.0,32.0,,富时中国A50指数1709,3296.0,10350.0,10400.0
2017-03-27,CN1709,10365.0,10425.0,10320.0,10360.0,95.0,,富时中国A50指数1709,3329.0,10325.0,10360.0
2017-03-28,CN1709,10350.0,10350.0,10255.0,10322.5,35.0,,富时中国A50指数1709,3340.0,10282.5,10322.5
2017-03-29,CN1709,10325.0,10332.5,10267.5,10320.0,8.0,,富时中国A50指数1709,3345.0,10275.0,10320.0
2017-03-30,CN1709,10310.0,10310.0,10212.5,10235.0,84.0,,富时中国A50指数1709,3409.0,10227.5,10235.0
2017-03-31,CN1709,10232.5,10330.0,10230.0,10330.0,80.0,,富时中国A50指数1709,3443.0,10300.0,10330.0
2017-04-03,CN1709,10325.0,10350.0,10325.0,10335.0,167.0,,富时中国A50指数1709,3441.0,10307.5,10335.0
2017-04-04,CN1709,0.0,0.0,0.0,10300.0,0.0,,富时中国A50指数1709,3297.0,10300.0,10300.0
2017-04-05,CN1709,10400.0,10410.0,10310.0,10410.0,29.0,,富时中国A50指数1709,3312.0,10357.5,10410.0
2017-04-06,CN1709,10447.5,10487.5,10350.0,10375.0,533.0,,富时中国A50指数1709,2968.0,10350.0,10375.0
2017-04-07,CN1709,10350.0,10400.0,10350.0,10400.0,7.0,,富时中国A50指数1709,2970.0,10360.0,10400.0
2017-04-10,CN1709,10400.0,10400.0,10290.0,10290.0,11.0,,富时中国A50指数1709,2979.0,10260.0,10290.0
2017-04-11,CN1709,10327.5,10375.0,10187.5,10347.5,78.0,,富时中国A50指数1709,3038.0,10270.0,10347.5
2017-04-12,CN1709,10300.0,10322.5,10252.5,10252.5,41.0,,富时中国A50指数1709,3048.0,10280.0,10252.5
2017-04-13,CN1709,10317.5,10317.5,10145.0,10312.5,63.0,,富时中国A50指数1709,3042.0,10232.5,10312.5
2017-04-14,CN1709,10207.5,10235.0,10185.0,10200.0,38.0,,富时中国A50指数1709,3057.0,10172.5,10200.0
2017-04-17,CN1709,10160.0,10212.5,10132.5,10212.5,32.0,,富时中国A50指数1709,3062.0,10162.5,10212.5
2017-04-18,CN1709,10180.0,10195.0,10130.0,10135.0,26.0,,富时中国A50指数1709,3056.0,10135.0,10135.0
2017-04-19,CN1709,10150.0,10192.5,10087.5,10087.5,1140.0,,富时中国A50指数1709,4129.0,10095.0,10087.5
2017-04-20,CN1709,10122.5,10195.0,10092.5,10195.0,41.0,,富时中国A50指数1709,4088.0,10172.5,10195.0
2017-04-21,CN1709,10155.0,10220.0,10155.0,10217.5,8.0,,富时中国A50指数1709,4088.0,10172.5,10217.5
2017-04-24,CN1709,10217.5,10217.5,10150.0,10160.0,8.0,,富时中国A50指数1709,4093.0,10160.0,10160.0
2017-04-25,CN1709,10165.0,10240.0,10165.0,10200.0,27.0,,富时中国A50指数1709,4087.0,10220.0,10200.0
2017-04-26,CN1709,10215.0,10297.5,10215.0,10270.0,17.0,,富时中国A50指数1709,4078.0,10240.0,10270.0
2017-04-27,CN1709,10255.0,10267.5,10170.0,10267.5,48.0,,富时中国A50指数1709,4097.0,10222.5,10267.5
2017-04-28,CN1709,10232.5,10232.5,10170.0,10230.0,85.0,,富时中国A50指数1709,4166.0,10222.5,10230.0
2017-05-01,CN1709,10235.0,10240.0,10235.0,10240.0,4.0,,富时中国A50指数1709,4165.0,10217.5,10240.0
2017-05-02,CN1709,10230.0,10232.5,10170.0,10175.0,77.0,,富时中国A50指数1709,4224.0,10162.5,10175.0
2017-05-03,CN1709,10170.0,10192.5,10085.0,10085.0,246.0,,富时中国A50指数1709,4199.0,10100.0,10085.0
2017-05-04,CN1709,10130.0,10180.0,10105.0,10127.5,182.0,,富时中国A50指数1709,4101.0,10127.5,10127.5
2017-05-05,CN1709,10127.5,10157.5,10007.5,10070.0,177.0,,富时中国A50指数1709,4224.0,10087.5,10070.0
2017-05-08,CN1709,10110.0,10115.0,10022.5,10090.0,68.0,,富时中国A50指数1709,4210.0,10070.0,10090.0
2017-05-09,CN1709,10100.0,10127.5,10042.5,10122.5,65.0,,富时中国A50指数1709,4213.0,10100.0,10122.5
2017-05-10,CN1709,10105.0,10215.0,10105.0,10135.0,135.0,,富时中国A50指数1709,4233.0,10135.0,10135.0
2017-05-11,CN1709,10167.5,10235.0,10135.0,10235.0,62.0,,富时中国A50指数1709,4209.0,10202.5,10235.0
2017-05-12,CN1709,10202.5,10385.0,10202.5,10385.0,91.0,,富时中国A50指数1709,4145.0,10385.0,10385.0
2017-05-15,CN1709,10400.0,10460.0,10400.0,10410.0,65.0,,富时中国A50指数1709,4122.0,10412.5,10410.0
2017-05-16,CN1709,10425.0,10455.0,10350.0,10432.5,211.0,,富时中国A50指数1709,4147.0,10402.5,10432.5
2017-05-17,CN1709,10430.0,10430.0,10335.0,10335.0,63.0,,富时中国A50指数1709,4124.0,10330.0,10335.0
2017-05-18,CN1709,10365.0,10365.0,10275.0,10285.0,66.0,,富时中国A50指数1709,4133.0,10280.0,10285.0
2017-05-19,CN1709,10280.0,10350.0,10280.0,10350.0,18.0,,富时中国A50指数1709,4126.0,10305.0,10350.0
2017-05-22,CN1709,10370.0,10425.0,10370.0,10420.0,29.0,,富时中国A50指数1709,4111.0,10392.5,10420.0
2017-05-23,CN1709,10407.5,10560.0,10407.5,10542.5,74.0,,富时中国A50指数1709,4116.0,10545.0,10542.5
2017-05-24,CN1709,10550.0,10582.5,10480.0,10560.0,42.0,,富时中国A50指数1709,4085.0,10540.0,10560.0
2017-05-25,CN1709,10585.0,10880.0,10585.0,10880.0,97.0,,富时中国A50指数1709,4071.0,10835.0,10880.0
2017-05-26,CN1709,10840.0,10887.5,10810.0,10837.5,274.0,,富时中国A50指数1709,4143.0,10830.0,10837.5
2017-05-29,CN1709,10835.0,10900.0,10835.0,10900.0,105.0,,富时中国A50指数1709,4034.0,10842.5,10900.0
2017-05-30,CN1709,10877.5,10877.5,10850.0,10865.0,61.0,,富时中国A50指数1709,4001.0,10865.0,10865.0
2017-05-31,CN1709,10865.0,10997.5,10797.5,10920.0,130.0,,富时中国A50指数1709,3978.0,10887.5,10920.0
2017-06-01,CN1709,10935.0,11010.0,10827.5,10990.0,213.0,,富时中国A50指数1709,3837.0,10990.0,10990.0
2017-06-02,CN1709,11005.0,11015.0,10915.0,10915.0,40.0,,富时中国A50指数1709,3853.0,10905.0,10915.0
2017-06-05,CN1709,10905.0,10930.0,10770.0,10800.0,47.0,,富时中国A50指数1709,3872.0,10782.5,10800.0
2017-06-06,CN1709,10802.5,10872.5,10790.0,10835.0,7.0,,富时中国A50指数1709,3868.0,10862.5,10835.0
2017-06-07,CN1709,10935.0,11025.0,10935.0,11025.0,12.0,,富时中国A50指数1709,3864.0,10980.0,11025.0
2017-06-08,CN1709,10977.5,11110.0,10977.5,11110.0,11.0,,富时中国A50指数1709,3868.0,11095.0,11110.0
2017-06-09,CN1709,11100.0,11250.0,11100.0,11175.0,14.0,,富时中国A50指数1709,3866.0,11180.0,11175.0
2017-06-12,CN1709,11137.5,11275.0,11107.5,11107.5,33.0,,富时中国A50指数1709,3877.0,11125.0,11107.5
2017-06-13,CN1709,11102.5,11142.5,11070.0,11102.5,21.0,,富时中国A50指数1709,3864.0,11120.0,11102.5
2017-06-14,CN1709,11142.5,11147.5,10980.0,10980.0,29.0,,富时中国A50指数1709,3860.0,10977.5,10980.0
2017-06-15,CN1709,11035.0,11035.0,10885.0,10885.0,40.0,,富时中国A50指数1709,3867.0,10880.0,10885.0
2017-06-16,CN1709,10885.0,10985.0,10867.5,10867.5,69.0,,富时中国A50指数1709,3827.0,10865.0,10867.5
2017-06-19,CN1709,10867.5,11050.0,10867.5,11005.0,39.0,,富时中国A50指数1709,3831.0,10985.0,11005.0
2017-06-20,CN1709,10992.5,11035.0,10945.0,10967.5,30.0,,富时中国A50指数1709,3836.0,10942.5,10967.5
2017-06-21,CN1709,10962.5,11095.0,10962.5,11095.0,179.0,,富时中国A50指数1709,3727.0,11067.5,11095.0
2017-06-22,CN1709,11080.0,11320.0,11075.0,11135.0,205.0,,富时中国A50指数1709,3664.0,11150.0,11135.0
2017-06-23,CN1709,11185.0,11317.5,11145.0,11300.0,39.0,,富时中国A50指数1709,3548.0,11275.0,11300.0
2017-06-26,CN1709,11267.5,11430.0,11267.5,11360.0,57.0,,富时中国A50指数1709,3547.0,11357.5,11360.0
2017-06-27,CN1709,11385.0,11400.0,11315.0,11400.0,42.0,,富时中国A50指数1709,3568.0,11372.5,11400.0
2017-06-28,CN1709,11390.0,11430.0,11300.0,11300.0,95.0,,富时中国A50指数1709,3562.0,11322.5,11300.0
2017-06-29,CN1709,11317.5,11402.5,11315.0,11372.5,773.0,,富时中国A50指数1709,3839.0,11385.0,11372.5
2017-06-30,CN1709,11382.5,11400.0,11320.0,11400.0,16.0,,富时中国A50指数1709,3121.0,11355.0,11400.0
2017-07-03,CN1709,11385.0,11385.0,11240.0,11285.0,32.0,,富时中国A50指数1709,3124.0,11275.0,11285.0
