date,symbol,open,high,low,close,volume,amount,name,openinterest,settleprice,price
2016-12-30,CN1712,9980.0,9985.0,9980.0,9985.0,4.0,,富时中国A50指数1712,4.0,9965.0,9985.0
2017-01-11,CN1712,0.0,0.0,0.0,10100.0,0.0,,富时中国A50指数1712,7.0,10100.0,10100.0
2017-01-12,CN1712,10100.0,10100.0,10100.0,10100.0,2.0,,富时中国A50指数1712,7.0,10075.0,10100.0
2017-01-13,CN1712,0.0,0.0,0.0,10100.0,0.0,,富时中国A50指数1712,7.0,10100.0,10100.0
2017-01-16,CN1712,10100.0,10100.0,10100.0,10100.0,1.0,,富时中国A50指数1712,7.0,10072.5,10100.0
2017-01-17,CN1712,10272.5,10272.5,10272.5,10272.5,2.0,,富时中国A50指数1712,9.0,10200.0,10272.5
2017-01-18,CN1712,10267.5,10270.0,10267.5,10270.0,2.0,,富时中国A50指数1712,10.0,10275.0,10270.0
2017-01-19,CN1712,10372.5,10372.5,10347.5,10350.0,4.0,,富时中国A50指数1712,14.0,10252.5,10350.0
2017-01-20,CN1712,0.0,0.0,0.0,10302.5,0.0,,富时中国A50指数1712,14.0,10302.5,10302.5
2017-01-23,CN1712,10497.5,10500.0,10497.5,10500.0,6.0,,富时中国A50指数1712,20.0,10325.0,10500.0
2017-01-24,CN1712,10350.0,10412.5,10350.0,10375.0,11.0,,富时中国A50指数1712,29.0,10350.0,10375.0
2017-01-25,CN1712,0.0,0.0,0.0,10377.5,0.0,,富时中国A50指数1712,29.0,10377.5,10377.5
2017-01-26,CN1712,10497.5,10497.5,10437.5,10437.5,9.0,,富时中国A50指数1712,34.0,10440.0,10437.5
2017-01-27,CN1712,0.0,0.0,0.0,10467.5,0.0,,富时中国A50指数1712,34.0,10467.5,10467.5
2017-01-30,CN1712,0.0,0.0,0.0,10487.5,0.0,,富时中国A50指数1712,34.0,10487.5,10487.5
2017-01-31,CN1712,0.0,0.0,0.0,10465.0,0.0,,富时中国A50指数1712,34.0,10465.0,10465.0
2017-02-01,CN1712,10450.0,10465.0,10442.5,10442.5,5.0,,富时中国A50指数1712,35.0,10445.0,10442.5
2017-02-02,CN1712,0.0,0.0,0.0,10427.5,0.0,,富时中国A50指数1712,35.0,10427.5,10427.5
2017-02-03,CN1712,0.0,0.0,0.0,10307.5,0.0,,富时中国A50指数1712,35.0,10307.5,10307.5
2017-02-06,CN1712,0.0,0.0,0.0,10307.5,0.0,,富时中国A50指数1712,35.0,10307.5,10307.5
2017-02-07,CN1712,10382.5,10382.5,10305.0,10305.0,5.0,,富时中国A50指数1712,39.0,10255.0,10305.0
2017-02-08,CN1712,10332.5,10347.5,10332.5,10347.5,4.0,,富时中国A50指数1712,41.0,10302.5,10347.5
2017-02-09,CN1712,0.0,0.0,0.0,10332.5,0.0,,富时中国A50指数1712,41.0,10332.5,10332.5
2017-02-10,CN1712,0.0,0.0,0.0,10425.0,0.0,,富时中国A50指数1712,41.0,10425.0,10425.0
2017-02-13,CN1712,10500.0,10500.0,10500.0,10500.0,1.0,,富时中国A50指数1712,42.0,10455.0,10500.0
2017-02-14,CN1712,0.0,0.0,0.0,10430.0,0.0,,富时中国A50指数1712,42.0,10430.0,10430.0
2017-02-15,CN1712,10475.0,10475.0,10475.0,10475.0,1.0,,富时中国A50指数1712,42.0,10412.5,10475.0
2017-02-16,CN1712,0.0,0.0,0.0,10447.5,0.0,,富时中国A50指数1712,42.0,10447.5,10447.5
2017-02-17,CN1712,10452.5,10455.0,10452.5,10455.0,5.0,,富时中国A50指数1712,46.0,10420.0,10455.0
2017-02-20,CN1712,10537.5,10537.5,10537.5,10537.5,1.0,,富时中国A50指数1712,45.0,10602.5,10537.5
2017-02-21,CN1712,0.0,0.0,0.0,10572.5,0.0,,富时中国A50指数1712,45.0,10572.5,10572.5
2017-02-22,CN1712,0.0,0.0,0.0,10600.0,0.0,,富时中国A50指数1712,45.0,10600.0,10600.0
2017-02-23,CN1712,0.0,0.0,0.0,10532.5,0.0,,富时中国A50指数1712,45.0,10532.5,10532.5
2017-02-24,CN1712,10597.5,10597.5,10597.5,10597.5,5.0,,富时中国A50指数1712,47.0,10502.5,10597.5
2017-02-27,CN1712,10475.0,10475.0,10475.0,10475.0,1.0,,富时中国A50指数1712,48.0,10415.0,10475.0
2017-02-28,CN1712,10465.0,10465.0,10465.0,10465.0,4.0,,富时中国A50指数1712,52.0,10405.0,10465.0
2017-03-01,CN1712,0.0,0.0,0.0,10437.5,0.0,,富时中国A50指数1712,52.0,10437.5,10437.5
2017-03-02,CN1712,10402.5,10402.5,10402.5,10402.5,1.0,,富时中国A50指数1712,53.0,10332.5,10402.5
2017-03-03,CN1712,0.0,0.0,0.0,10337.5,0.0,,富时中国A50指数1712,53.0,10337.5,10337.5
2017-03-06,CN1712,0.0,0.0,0.0,10360.0,0.0,,富时中国A50指数1712,53.0,10360.0,10360.0
2017-03-07,CN1712,0.0,0.0,0.0,10377.5,0.0,,富时中国A50指数1712,53.0,10377.5,10377.5
2017-03-08,CN1712,0.0,0.0,0.0,10375.0,0.0,,富时中国A50指数1712,53.0,10375.0,10375.0
2017-03-09,CN1712,10307.5,10307.5,10300.0,10300.0,6.0,,富时中国A50指数1712,58.0,10287.5,10300.0
2017-03-10,CN1712,10372.5,10372.5,10315.0,10315.0,4.0,,富时中国A50指数1712,59.0,10302.5,10315.0
2017-03-13,CN1712,10370.0,10447.5,10370.0,10447.5,13.0,,富时中国A50指数1712,68.0,10385.0,10447.5
2017-03-14,CN1712,10390.0,10390.0,10375.0,10375.0,4.0,,富时中国A50指数1712,71.0,10352.5,10375.0
2017-03-15,CN1712,10400.0,10400.0,10400.0,10400.0,1.0,,富时中国A50指数1712,71.0,10352.5,10400.0
2017-03-16,CN1712,10370.0,10490.0,10367.5,10450.0,47.0,,富时中国A50指数1712,104.0,10450.0,10450.0
2017-03-17,CN1712,10340.0,10340.0,10340.0,10340.0,1.0,,富时中国A50指数1712,104.0,10295.0,10340.0
2017-03-20,CN1712,10295.0,10295.0,10287.5,10287.5,2.0,,富时中国A50指数1712,105.0,10315.0,10287.5
2017-03-21,CN1712,0.0,0.0,0.0,10305.0,0.0,,富时中国A50指数1712,105.0,10305.0,10305.0
2017-03-22,CN1712,10250.0,10250.0,10250.0,10250.0,3.0,,富时中国A50指数1712,105.0,10252.5,10250.0
2017-03-23,CN1712,10322.5,10322.5,10322.5,10322.5,2.0,,富时中国A50指数1712,103.0,10275.0,10322.5
2017-03-24,CN1712,10400.0,10400.0,10400.0,10400.0,1.0,,富时中国A50指数1712,102.0,10400.0,10400.0
2017-03-27,CN1712,10377.5,10407.5,10377.5,10407.5,8.0,,富时中国A50指数1712,106.0,10360.0,10407.5
2017-03-28,CN1712,0.0,0.0,0.0,10325.0,0.0,,富时中国A50指数1712,106.0,10325.0,10325.0
2017-03-29,CN1712,0.0,0.0,0.0,10325.0,0.0,,富时中国A50指数1712,106.0,10325.0,10325.0
2017-03-30,CN1712,10327.5,10327.5,10270.0,10270.0,4.0,,富时中国A50指数1712,110.0,10275.0,10270.0
2017-03-31,CN1712,10325.0,10372.5,10325.0,10372.5,3.0,,富时中国A50指数1712,110.0,10327.5,10372.5
2017-04-03,CN1712,0.0,0.0,0.0,10300.0,3.0,,富时中国A50指数1712,113.0,10300.0,10300.0
2017-04-04,CN1712,0.0,0.0,0.0,10307.5,0.0,,富时中国A50指数1712,113.0,10307.5,10307.5
2017-04-05,CN1712,10500.0,10500.0,10500.0,10500.0,1.0,,富时中国A50指数1712,113.0,10395.0,10500.0
2017-04-06,CN1712,0.0,0.0,0.0,10362.5,0.0,,富时中国A50指数1712,113.0,10362.5,10362.5
2017-04-07,CN1712,10515.0,10515.0,10515.0,10515.0,1.0,,富时中国A50指数1712,114.0,10382.5,10515.0
2017-04-10,CN1712,0.0,0.0,0.0,10302.5,0.0,,富时中国A50指数1712,114.0,10302.5,10302.5
2017-04-11,CN1712,10282.5,10282.5,10255.0,10255.0,3.0,,富时中国A50指数1712,115.0,10287.5,10255.0
2017-04-12,CN1712,10300.0,10302.5,10300.0,10302.5,2.0,,富时中国A50指数1712,115.0,10325.0,10302.5
2017-04-13,CN1712,10330.0,10330.0,10330.0,10330.0,7.0,,富时中国A50指数1712,122.0,10305.0,10330.0
2017-04-14,CN1712,0.0,0.0,0.0,10210.0,0.0,,富时中国A50指数1712,122.0,10210.0,10210.0
2017-04-17,CN1712,10210.0,10280.0,10210.0,10280.0,2.0,,富时中国A50指数1712,123.0,10205.0,10280.0
2017-04-18,CN1712,10250.0,10250.0,10250.0,10250.0,1.0,,富时中国A50指数1712,123.0,10165.0,10250.0
2017-04-19,CN1712,10162.5,10162.5,10127.5,10127.5,12.0,,富时中国A50指数1712,133.0,10112.5,10127.5
2017-04-20,CN1712,10110.0,10110.0,10110.0,10110.0,1.0,,富时中国A50指数1712,133.0,10200.0,10110.0
2017-04-21,CN1712,10262.5,10297.5,10210.0,10210.0,4.0,,富时中国A50指数1712,134.0,10197.5,10210.0
2017-04-24,CN1712,0.0,0.0,0.0,10175.0,0.0,,富时中国A50指数1712,134.0,10175.0,10175.0
2017-04-25,CN1712,10315.0,10315.0,10275.0,10275.0,7.0,,富时中国A50指数1712,140.0,10255.0,10275.0
2017-04-26,CN1712,10312.5,10312.5,10287.5,10287.5,3.0,,富时中国A50指数1712,142.0,10287.5,10287.5
2017-04-27,CN1712,0.0,0.0,0.0,10252.5,0.0,,富时中国A50指数1712,142.0,10252.5,10252.5
2017-04-28,CN1712,10250.0,10250.0,10250.0,10250.0,1.0,,富时中国A50指数1712,142.0,10262.5,10250.0
2017-05-01,CN1712,0.0,0.0,0.0,10270.0,0.0,,富时中国A50指数1712,142.0,10270.0,10270.0
2017-05-02,CN1712,10282.5,10282.5,10212.5,10212.5,13.0,,富时中国A50指数1712,154.0,10202.5,10212.5
2017-05-03,CN1712,10207.5,10232.5,10152.5,10152.5,20.0,,富时中国A50指数1712,163.0,10150.0,10152.5
2017-05-04,CN1712,10195.0,10197.5,10185.0,10185.0,3.0,,富时中国A50指数1712,166.0,10150.0,10185.0
2017-05-05,CN1712,10150.0,10150.0,10080.0,10125.0,7.0,,富时中国A50指数1712,163.0,10125.0,10125.0
2017-05-08,CN1712,10102.5,10107.5,10102.5,10107.5,2.0,,富时中国A50指数1712,164.0,10087.5,10107.5
2017-05-09,CN1712,0.0,0.0,0.0,10135.0,0.0,,富时中国A50指数1712,164.0,10135.0,10135.0
2017-05-10,CN1712,10142.5,10210.0,10142.5,10200.0,8.0,,富时中国A50指数1712,165.0,10152.5,10200.0
2017-05-11,CN1712,10185.0,10265.0,10175.0,10265.0,6.0,,富时中国A50指数1712,164.0,10235.0,10265.0
2017-05-12,CN1712,10405.0,10465.0,10397.5,10452.5,17.0,,富时中国A50指数1712,165.0,10427.5,10452.5
2017-05-15,CN1712,10455.0,10495.0,10450.0,10480.0,22.0,,富时中国A50指数1712,159.0,10435.0,10480.0
2017-05-16,CN1712,0.0,0.0,0.0,10440.0,0.0,,富时中国A50指数1712,159.0,10440.0,10440.0
2017-05-17,CN1712,0.0,0.0,0.0,10352.5,0.0,,富时中国A50指数1712,162.0,10352.5,10352.5
2017-05-18,CN1712,10270.0,10347.5,10270.0,10340.0,4.0,,富时中国A50指数1712,162.0,10300.0,10340.0
2017-05-19,CN1712,10297.5,10297.5,10297.5,10297.5,5.0,,富时中国A50指数1712,157.0,10337.5,10297.5
2017-05-22,CN1712,10337.5,10337.5,10337.5,10337.5,1.0,,富时中国A50指数1712,157.0,10437.5,10337.5
2017-05-23,CN1712,10415.0,10625.0,10415.0,10615.0,30.0,,富时中国A50指数1712,154.0,10587.5,10615.0
2017-05-24,CN1712,10582.5,10582.5,10570.0,10570.0,4.0,,富时中国A50指数1712,150.0,10565.0,10570.0
2017-05-25,CN1712,10575.0,10912.5,10575.0,10905.0,54.0,,富时中国A50指数1712,146.0,10875.0,10905.0
2017-05-26,CN1712,10890.0,10915.0,10827.5,10915.0,60.0,,富时中国A50指数1712,123.0,10837.5,10915.0
2017-05-29,CN1712,10900.0,10900.0,10900.0,10900.0,1.0,,富时中国A50指数1712,124.0,10877.5,10900.0
2017-05-30,CN1712,10887.5,10917.5,10850.0,10917.5,11.0,,富时中国A50指数1712,123.0,10900.0,10917.5
2017-05-31,CN1712,10940.0,10975.0,10850.0,10950.0,29.0,,富时中国A50指数1712,123.0,10932.5,10950.0
2017-06-01,CN1712,10985.0,11060.0,10935.0,11037.5,29.0,,富时中国A50指数1712,121.0,11037.5,11037.5
2017-06-02,CN1712,11050.0,11075.0,11050.0,11075.0,2.0,,富时中国A50指数1712,117.0,10950.0,11075.0
2017-06-05,CN1712,0.0,0.0,0.0,10837.5,0.0,,富时中国A50指数1712,117.0,10837.5,10837.5
2017-06-06,CN1712,0.0,0.0,0.0,10915.0,0.0,,富时中国A50指数1712,114.0,10915.0,10915.0
2017-06-07,CN1712,11062.5,11062.5,11062.5,11062.5,5.0,,富时中国A50指数1712,118.0,11025.0,11062.5
2017-06-08,CN1712,11040.0,11167.5,11040.0,11125.0,9.0,,富时中国A50指数1712,118.0,11145.0,11125.0
2017-06-09,CN1712,11250.0,11250.0,11250.0,11250.0,8.0,,富时中国A50指数1712,125.0,11227.5,11250.0
2017-06-12,CN1712,11220.0,11220.0,11217.5,11217.5,2.0,,富时中国A50指数1712,116.0,11180.0,11217.5
2017-06-13,CN1712,11175.0,11182.5,11172.5,11175.0,6.0,,富时中国A50指数1712,118.0,11167.5,11175.0
2017-06-14,CN1712,11080.0,11090.0,11080.0,11090.0,3.0,,富时中国A50指数1712,119.0,11025.0,11090.0
2017-06-15,CN1712,11005.0,11005.0,10925.0,10985.0,9.0,,富时中国A50指数1712,123.0,10920.0,10985.0
2017-06-16,CN1712,11022.5,11022.5,10982.5,10982.5,3.0,,富时中国A50指数1712,119.0,10910.0,10982.5
2017-06-19,CN1712,10997.5,11105.0,10985.0,11105.0,7.0,,富时中国A50指数1712,122.0,11035.0,11105.0
2017-06-20,CN1712,11100.0,11130.0,11015.0,11020.0,19.0,,富时中国A50指数1712,127.0,11015.0,11020.0
2017-06-21,CN1712,11042.5,11147.5,11042.5,11147.5,4.0,,富时中国A50指数1712,126.0,11125.0,11147.5
2017-06-22,CN1712,11125.0,11375.0,11125.0,11375.0,11.0,,富时中国A50指数1712,125.0,11195.0,11375.0
2017-06-23,CN1712,11215.0,11327.5,11215.0,11327.5,20.0,,富时中国A50指数1712,137.0,11335.0,11327.5
2017-06-26,CN1712,11335.0,11500.0,11335.0,11415.0,52.0,,富时中国A50指数1712,179.0,11410.0,11415.0
2017-06-27,CN1712,11425.0,11477.5,11365.0,11450.0,51.0,,富时中国A50指数1712,214.0,11427.5,11450.0
2017-06-28,CN1712,11550.0,11550.0,11362.5,11362.5,55.0,,富时中国A50指数1712,237.0,11360.0,11362.5
2017-06-29,CN1712,11440.0,11440.0,11385.0,11417.5,6.0,,富时中国A50指数1712,239.0,11430.0,11417.5
2017-06-30,CN1712,0.0,0.0,0.0,11402.5,0.0,,富时中国A50指数1712,239.0,11402.5,11402.5
