date,symbol,open,high,low,close,volume,amount,name,openinterest,settleprice,price
2017-01-26,CN1704,0.0,0.0,0.0,10450.0,0.0,,富时中国A50指数1704,0.0,10450.0,10450.0
2017-01-27,CN1704,0.0,0.0,0.0,10517.5,0.0,,富时中国A50指数1704,0.0,10517.5,10517.5
2017-01-30,CN1704,0.0,0.0,0.0,10517.5,0.0,,富时中国A50指数1704,0.0,10517.5,10517.5
2017-01-31,CN1704,10515.0,10515.0,10515.0,10515.0,1.0,,富时中国A50指数1704,1.0,10475.0,10515.0
2017-02-01,CN1704,0.0,0.0,0.0,10480.0,0.0,,富时中国A50指数1704,1.0,10480.0,10480.0
2017-02-02,CN1704,0.0,0.0,0.0,10485.0,0.0,,富时中国A50指数1704,1.0,10485.0,10485.0
2017-02-03,CN1704,10360.0,10360.0,10360.0,10360.0,1.0,,富时中国A50指数1704,1.0,10355.0,10360.0
2017-02-06,CN1704,0.0,0.0,0.0,10355.0,0.0,,富时中国A50指数1704,1.0,10355.0,10355.0
2017-02-07,CN1704,10320.0,10320.0,10310.0,10310.0,2.0,,富时中国A50指数1704,3.0,10300.0,10310.0
2017-02-08,CN1704,10270.0,10270.0,10270.0,10270.0,1.0,,富时中国A50指数1704,4.0,10340.0,10270.0
2017-02-09,CN1704,0.0,0.0,0.0,10377.5,0.0,,富时中国A50指数1704,4.0,10377.5,10377.5
2017-02-10,CN1704,0.0,0.0,0.0,10455.0,0.0,,富时中国A50指数1704,4.0,10455.0,10455.0
2017-02-13,CN1704,0.0,0.0,0.0,10500.0,0.0,,富时中国A50指数1704,4.0,10500.0,10500.0
2017-02-14,CN1704,0.0,0.0,0.0,10487.5,0.0,,富时中国A50指数1704,4.0,10487.5,10487.5
2017-02-15,CN1704,10540.0,10540.0,10540.0,10540.0,2.0,,富时中国A50指数1704,5.0,10510.0,10540.0
2017-02-16,CN1704,10575.0,10597.5,10575.0,10597.5,5.0,,富时中国A50指数1704,10.0,10535.0,10597.5
2017-02-17,CN1704,10565.0,10565.0,10490.0,10490.0,46.0,,富时中国A50指数1704,44.0,10472.5,10490.0
2017-02-20,CN1704,10627.5,10710.0,10627.5,10710.0,10.0,,富时中国A50指数1704,50.0,10670.0,10710.0
2017-02-21,CN1704,10680.0,10680.0,10680.0,10680.0,1.0,,富时中国A50指数1704,44.0,10627.5,10680.0
2017-02-22,CN1704,0.0,0.0,0.0,10630.0,2.0,,富时中国A50指数1704,43.0,10630.0,10630.0
2017-02-23,CN1704,10650.0,10650.0,10610.0,10610.0,5.0,,富时中国A50指数1704,43.0,10602.5,10610.0
2017-02-24,CN1704,0.0,0.0,0.0,10577.5,0.0,,富时中国A50指数1704,43.0,10577.5,10577.5
2017-02-27,CN1704,10567.5,10567.5,10500.0,10500.0,15.0,,富时中国A50指数1704,51.0,10500.0,10500.0
2017-02-28,CN1704,10505.0,10555.0,10475.0,10502.5,1105.0,,富时中国A50指数1704,617.0,10502.5,10502.5
2017-03-01,CN1704,10505.0,10570.0,10492.5,10520.0,1937.0,,富时中国A50指数1704,1449.0,10490.0,10520.0
2017-03-02,CN1704,10515.0,10552.5,10397.5,10410.0,1230.0,,富时中国A50指数1704,1771.0,10400.0,10410.0
2017-03-03,CN1704,10395.0,10420.0,10372.5,10395.0,1384.0,,富时中国A50指数1704,2369.0,10382.5,10395.0
2017-03-06,CN1704,10392.5,10455.0,10387.5,10412.5,2097.0,,富时中国A50指数1704,3641.0,10407.5,10412.5
2017-03-07,CN1704,10412.5,10447.5,10402.5,10440.0,3894.0,,富时中国A50指数1704,6112.0,10432.5,10440.0
2017-03-08,CN1704,10442.5,10460.0,10420.0,10442.5,8610.0,,富时中国A50指数1704,13325.0,10435.0,10442.5
2017-03-09,CN1704,10370.0,10440.0,10330.0,10352.5,8582.0,,富时中国A50指数1704,15325.0,10352.5,10352.5
2017-03-10,CN1704,10342.5,10385.0,10330.0,10367.5,5629.0,,富时中国A50指数1704,19335.0,10360.0,10367.5
2017-03-13,CN1704,10375.0,10450.0,10317.5,10435.0,4176.0,,富时中国A50指数1704,20655.0,10430.0,10435.0
2017-03-14,CN1704,10437.5,10457.5,10410.0,10420.0,2309.0,,富时中国A50指数1704,21407.0,10415.0,10420.0
2017-03-15,CN1704,10415.0,10445.0,10395.0,10417.5,14651.0,,富时中国A50指数1704,29916.0,10412.5,10417.5
2017-03-16,CN1704,10422.5,10555.0,10417.5,10530.0,16552.0,,富时中国A50指数1704,35982.0,10530.0,10530.0
2017-03-17,CN1704,10530.0,10540.0,10345.0,10350.0,30157.0,,富时中国A50指数1704,54077.0,10350.0,10350.0
2017-03-20,CN1704,10357.5,10415.0,10352.5,10415.0,11044.0,,富时中国A50指数1704,58861.0,10412.5,10415.0
2017-03-21,CN1704,10415.0,10437.5,10382.5,10420.0,18986.0,,富时中国A50指数1704,69710.0,10420.0,10420.0
2017-03-22,CN1704,10415.0,10432.5,10295.0,10330.0,45543.0,,富时中国A50指数1704,100319.0,10330.0,10330.0
2017-03-23,CN1704,10325.0,10427.5,10325.0,10365.0,95130.0,,富时中国A50指数1704,151454.0,10365.0,10365.0
2017-03-24,CN1704,10357.5,10517.5,10357.5,10495.0,134263.0,,富时中国A50指数1704,227895.0,10495.0,10495.0
2017-03-27,CN1704,10497.5,10537.5,10430.0,10455.0,245692.0,,富时中国A50指数1704,375626.0,10455.0,10455.0
2017-03-28,CN1704,10455.0,10510.0,10405.0,10405.0,386370.0,,富时中国A50指数1704,576861.0,10405.0,10405.0
2017-03-29,CN1704,10405.0,10462.5,10385.0,10442.5,410729.0,,富时中国A50指数1704,682446.0,10442.5,10442.5
2017-03-30,CN1704,10435.0,10440.0,10332.5,10367.5,241741.0,,富时中国A50指数1704,694700.0,10367.5,10367.5
2017-03-31,CN1704,10367.5,10460.0,10350.0,10452.5,143310.0,,富时中国A50指数1704,688606.0,10452.5,10452.5
2017-04-03,CN1704,10457.5,10500.0,10437.5,10465.0,29232.0,,富时中国A50指数1704,689421.0,10465.0,10465.0
2017-04-04,CN1704,10470.0,10492.5,10447.5,10487.5,7733.0,,富时中国A50指数1704,684762.0,10487.5,10487.5
2017-04-05,CN1704,10487.5,10552.5,10465.0,10542.5,186534.0,,富时中国A50指数1704,704150.0,10542.5,10542.5
2017-04-06,CN1704,10540.0,10575.0,10475.0,10530.0,155179.0,,富时中国A50指数1704,705579.0,10530.0,10530.0
2017-04-07,CN1704,10535.0,10555.0,10485.0,10530.0,130056.0,,富时中国A50指数1704,697975.0,10530.0,10530.0
2017-04-10,CN1704,10530.0,10545.0,10437.5,10452.5,125838.0,,富时中国A50指数1704,692716.0,10452.5,10452.5
2017-04-11,CN1704,10445.0,10505.0,10335.0,10457.5,230330.0,,富时中国A50指数1704,703805.0,10457.5,10457.5
2017-04-12,CN1704,10452.5,10485.0,10380.0,10467.5,166071.0,,富时中国A50指数1704,694390.0,10467.5,10467.5
2017-04-13,CN1704,10472.5,10477.5,10415.0,10435.0,106592.0,,富时中国A50指数1704,686623.0,10435.0,10435.0
2017-04-14,CN1704,10435.0,10442.5,10327.5,10355.0,72114.0,,富时中国A50指数1704,689476.0,10355.0,10355.0
2017-04-17,CN1704,10352.5,10355.0,10280.0,10337.5,159994.0,,富时中国A50指数1704,672488.0,10337.5,10337.5
2017-04-18,CN1704,10337.5,10352.5,10287.5,10302.5,148916.0,,富时中国A50指数1704,668692.0,10302.5,10302.5
2017-04-19,CN1704,10305.0,10305.0,10192.5,10212.5,199030.0,,富时中国A50指数1704,661036.0,10212.5,10212.5
2017-04-20,CN1704,10212.5,10330.0,10205.0,10322.5,203536.0,,富时中国A50指数1704,636267.0,10322.5,10322.5
2017-04-21,CN1704,10322.5,10367.5,10292.5,10357.5,207865.0,,富时中国A50指数1704,589358.0,10357.5,10357.5
2017-04-24,CN1704,10352.5,10385.0,10260.0,10310.0,437237.0,,富时中国A50指数1704,466698.0,10310.0,10310.0
2017-04-25,CN1704,10312.5,10387.5,10287.5,10385.0,441674.0,,富时中国A50指数1704,275077.0,10385.0,10385.0
2017-04-26,CN1704,10382.5,10460.0,10380.0,10390.0,449226.0,,富时中国A50指数1704,104408.0,10390.0,10390.0
2017-04-27,CN1704,10387.5,10420.0,10312.5,10412.5,79084.0,,富时中国A50指数1704,0.0,10412.5,10412.5
