date,symbol,open,high,low,close,volume,amount,name,openinterest,settleprice,price
2016-11-30,CN1702,10800.0,10800.0,10587.5,10587.5,16.0,,富时中国A50指数1702,15.0,10597.5,10587.5
2016-12-01,CN1702,10685.0,10765.0,10635.0,10635.0,21.0,,富时中国A50指数1702,26.0,10647.5,10635.0
2016-12-02,CN1702,10605.0,10605.0,10580.0,10580.0,2.0,,富时中国A50指数1702,11.0,10585.0,10580.0
2016-12-05,CN1702,10502.5,10502.5,10402.5,10480.0,5.0,,富时中国A50指数1702,15.0,10425.0,10480.0
2016-12-06,CN1702,10415.0,10415.0,10410.0,10410.0,2.0,,富时中国A50指数1702,16.0,10407.5,10410.0
2016-12-07,CN1702,10450.0,10450.0,10450.0,10450.0,4.0,,富时中国A50指数1702,19.0,10432.5,10450.0
2016-12-08,CN1702,0.0,0.0,0.0,10427.5,0.0,,富时中国A50指数1702,19.0,10427.5,10427.5
2016-12-09,CN1702,0.0,0.0,0.0,10607.5,0.0,,富时中国A50指数1702,19.0,10607.5,10607.5
2016-12-12,CN1702,10430.0,10435.0,10430.0,10435.0,4.0,,富时中国A50指数1702,17.0,10485.0,10435.0
2016-12-13,CN1702,10420.0,10420.0,10420.0,10420.0,1.0,,富时中国A50指数1702,17.0,10420.0,10420.0
2016-12-14,CN1702,0.0,0.0,0.0,10377.5,0.0,,富时中国A50指数1702,17.0,10377.5,10377.5
2016-12-15,CN1702,10400.0,10400.0,10152.5,10152.5,6.0,,富时中国A50指数1702,20.0,10150.0,10152.5
2016-12-16,CN1702,10185.0,10185.0,10185.0,10185.0,1.0,,富时中国A50指数1702,20.0,10125.0,10185.0
2016-12-19,CN1702,0.0,0.0,0.0,10052.5,0.0,,富时中国A50指数1702,20.0,10052.5,10052.5
2016-12-20,CN1702,10125.0,10125.0,9952.5,9952.5,18.0,,富时中国A50指数1702,24.0,9965.0,9952.5
2016-12-21,CN1702,10132.5,10145.0,10125.0,10125.0,15.0,,富时中国A50指数1702,37.0,10077.5,10125.0
2016-12-22,CN1702,10010.0,10010.0,10010.0,10010.0,1.0,,富时中国A50指数1702,37.0,10010.0,10010.0
2016-12-23,CN1702,9952.5,9952.5,9927.5,9927.5,5.0,,富时中国A50指数1702,37.0,9945.0,9927.5
2016-12-26,CN1702,9870.0,9995.0,9870.0,9987.5,9.0,,富时中国A50指数1702,38.0,10032.5,9987.5
2016-12-27,CN1702,10025.0,10025.0,10025.0,10025.0,1.0,,富时中国A50指数1702,36.0,10005.0,10025.0
2016-12-28,CN1702,9992.5,10035.0,9992.5,10017.5,17.0,,富时中国A50指数1702,51.0,9967.5,10017.5
2016-12-29,CN1702,9965.0,10050.0,9927.5,9962.5,85.0,,富时中国A50指数1702,69.0,9947.5,9962.5
2016-12-30,CN1702,9950.0,10040.0,9950.0,10012.5,2047.0,,富时中国A50指数1702,686.0,9992.5,10012.5
2017-01-11,CN1702,10172.5,10230.0,10125.0,10130.0,1510.0,,富时中国A50指数1702,9115.0,10125.0,10130.0
2017-01-12,CN1702,10135.0,10172.5,10095.0,10105.0,2955.0,,富时中国A50指数1702,9520.0,10105.0,10105.0
2017-01-13,CN1702,10102.5,10222.5,10102.5,10180.0,6687.0,,富时中国A50指数1702,12734.0,10167.5,10180.0
2017-01-16,CN1702,10177.5,10260.0,10077.5,10240.0,20802.0,,富时中国A50指数1702,20262.0,10240.0,10240.0
2017-01-17,CN1702,10232.5,10252.5,10202.5,10240.0,20140.0,,富时中国A50指数1702,33889.0,10240.0,10240.0
2017-01-18,CN1702,10250.0,10342.5,10237.5,10292.5,59757.0,,富时中国A50指数1702,64981.0,10292.5,10292.5
2017-01-19,CN1702,10300.0,10350.0,10270.0,10285.0,197748.0,,富时中国A50指数1702,165973.0,10285.0,10285.0
2017-01-20,CN1702,10285.0,10362.5,10277.5,10350.0,249745.0,,富时中国A50指数1702,302687.0,10350.0,10350.0
2017-01-23,CN1702,10342.5,10412.5,10312.5,10327.5,307728.0,,富时中国A50指数1702,468212.0,10327.5,10327.5
2017-01-24,CN1702,10337.5,10367.5,10317.5,10332.5,260112.0,,富时中国A50指数1702,592912.0,10332.5,10332.5
2017-01-25,CN1702,10337.5,10390.0,10322.5,10380.0,141826.0,,富时中国A50指数1702,621784.0,10380.0,10380.0
2017-01-26,CN1702,10380.0,10457.5,10372.5,10432.5,84572.0,,富时中国A50指数1702,634052.0,10432.5,10432.5
2017-01-27,CN1702,10430.0,10497.5,10417.5,10490.0,25914.0,,富时中国A50指数1702,635515.0,10490.0,10490.0
2017-01-30,CN1702,10492.5,10502.5,10462.5,10497.5,7746.0,,富时中国A50指数1702,636419.0,10497.5,10497.5
2017-01-31,CN1702,10500.0,10505.0,10435.0,10455.0,13115.0,,富时中国A50指数1702,639959.0,10455.0,10455.0
2017-02-01,CN1702,10460.0,10487.5,10410.0,10462.5,19679.0,,富时中国A50指数1702,642360.0,10462.5,10462.5
2017-02-02,CN1702,10457.5,10490.0,10445.0,10452.5,32059.0,,富时中国A50指数1702,644013.0,10452.5,10452.5
2017-02-03,CN1702,10445.0,10480.0,10300.0,10330.0,129821.0,,富时中国A50指数1702,645009.0,10330.0,10330.0
2017-02-06,CN1702,10332.5,10365.0,10302.5,10325.0,128031.0,,富时中国A50指数1702,665012.0,10325.0,10325.0
2017-02-07,CN1702,10330.0,10340.0,10247.5,10250.0,111222.0,,富时中国A50指数1702,677779.0,10250.0,10250.0
2017-02-08,CN1702,10252.5,10335.0,10210.0,10297.5,116698.0,,富时中国A50指数1702,678339.0,10297.5,10297.5
2017-02-09,CN1702,10297.5,10405.0,10287.5,10342.5,115015.0,,富时中国A50指数1702,678354.0,10342.5,10342.5
2017-02-10,CN1702,10342.5,10455.0,10337.5,10415.0,141917.0,,富时中国A50指数1702,694780.0,10415.0,10415.0
2017-02-13,CN1702,10422.5,10495.0,10417.5,10472.5,124801.0,,富时中国A50指数1702,710782.0,10472.5,10472.5
2017-02-14,CN1702,10475.0,10500.0,10427.5,10450.0,89470.0,,富时中国A50指数1702,704126.0,10450.0,10450.0
2017-02-15,CN1702,10455.0,10525.0,10440.0,10470.0,146018.0,,富时中国A50指数1702,714712.0,10470.0,10470.0
2017-02-16,CN1702,10475.0,10507.5,10442.5,10492.5,83614.0,,富时中国A50指数1702,717969.0,10492.5,10492.5
2017-02-17,CN1702,10495.0,10542.5,10412.5,10435.0,159573.0,,富时中国A50指数1702,696356.0,10435.0,10435.0
2017-02-20,CN1702,10437.5,10627.5,10405.0,10625.0,276415.0,,富时中国A50指数1702,679363.0,10625.0,10625.0
2017-02-21,CN1702,10622.5,10660.0,10570.0,10570.0,272925.0,,富时中国A50指数1702,588757.0,10570.0,10570.0
2017-02-22,CN1702,10575.0,10630.0,10557.5,10590.0,340612.0,,富时中国A50指数1702,421329.0,10590.0,10590.0
2017-02-23,CN1702,10590.0,10620.0,10522.5,10545.0,417478.0,,富时中国A50指数1702,279944.0,10545.0,10545.0
2017-02-24,CN1702,10545.0,10562.5,10490.0,10527.5,279413.0,,富时中国A50指数1702,101915.0,10527.5,10527.5
2017-02-27,CN1702,10520.0,10527.5,10420.0,10435.0,62665.0,,富时中国A50指数1702,0.0,10435.0,10435.0
