date,symbol,open,high,low,close,volume,amount,name,openinterest,settleprice,price
2017-04-28,CN1707,10330.0,10330.0,10265.0,10265.0,4.0,,富时中国A50指数1707,4.0,10240.0,10265.0
2017-05-01,CN1707,0.0,0.0,0.0,10187.5,0.0,,富时中国A50指数1707,4.0,10187.5,10187.5
2017-05-02,CN1707,10245.0,10245.0,10200.0,10210.0,3.0,,富时中国A50指数1707,7.0,10180.0,10210.0
2017-05-03,CN1707,10180.0,10180.0,10145.0,10145.0,4.0,,富时中国A50指数1707,10.0,10102.5,10145.0
2017-05-04,CN1707,10197.5,10197.5,10197.5,10197.5,1.0,,富时中国A50指数1707,11.0,10140.0,10197.5
2017-05-05,CN1707,10115.0,10115.0,10100.0,10100.0,2.0,,富时中国A50指数1707,13.0,10102.5,10100.0
2017-05-08,CN1707,10060.0,10060.0,10057.5,10057.5,2.0,,富时中国A50指数1707,15.0,10085.0,10057.5
2017-05-09,CN1707,0.0,0.0,0.0,10125.0,0.0,,富时中国A50指数1707,15.0,10125.0,10125.0
2017-05-10,CN1707,10165.0,10207.5,10125.0,10147.5,85.0,,富时中国A50指数1707,92.0,10145.0,10147.5
2017-05-11,CN1707,10152.5,10250.0,10137.5,10247.5,33.0,,富时中国A50指数1707,123.0,10217.5,10247.5
2017-05-12,CN1707,10250.0,10382.5,10227.5,10382.5,20.0,,富时中国A50指数1707,135.0,10395.0,10382.5
2017-05-15,CN1707,10432.5,10475.0,10432.5,10450.0,13.0,,富时中国A50指数1707,142.0,10410.0,10450.0
2017-05-16,CN1707,10400.0,10447.5,10362.5,10425.0,28.0,,富时中国A50指数1707,166.0,10405.0,10425.0
2017-05-17,CN1707,10462.5,10462.5,10345.0,10350.0,12.0,,富时中国A50指数1707,176.0,10342.5,10350.0
2017-05-18,CN1707,10342.5,10372.5,10297.5,10297.5,98.0,,富时中国A50指数1707,244.0,10295.0,10297.5
2017-05-19,CN1707,10295.0,10382.5,10290.0,10362.5,331.0,,富时中国A50指数1707,424.0,10355.0,10362.5
2017-05-22,CN1707,10372.5,10475.0,10360.0,10445.0,30.0,,富时中国A50指数1707,444.0,10417.5,10445.0
2017-05-23,CN1707,10457.5,10605.0,10435.0,10600.0,349.0,,富时中国A50指数1707,747.0,10572.5,10600.0
2017-05-24,CN1707,10580.0,10597.5,10505.0,10597.5,84.0,,富时中国A50指数1707,810.0,10555.0,10597.5
2017-05-25,CN1707,10610.0,10925.0,10600.0,10925.0,385.0,,富时中国A50指数1707,1167.0,10885.0,10925.0
2017-05-26,CN1707,10875.0,10945.0,10840.0,10865.0,91.0,,富时中国A50指数1707,1198.0,10852.5,10865.0
2017-05-29,CN1707,10885.0,10920.0,10867.5,10867.5,1171.0,,富时中国A50指数1707,2181.0,10860.0,10867.5
2017-05-30,CN1707,10880.0,10900.0,10870.0,10900.0,164.0,,富时中国A50指数1707,2325.0,10865.0,10900.0
2017-05-31,CN1707,10902.5,11010.0,10825.0,10912.5,1811.0,,富时中国A50指数1707,3006.0,10910.0,10912.5
2017-06-01,CN1707,10920.0,11027.5,10867.5,11027.5,2073.0,,富时中国A50指数1707,3771.0,11027.5,11027.5
2017-06-02,CN1707,11005.0,11042.5,10910.0,10917.5,2440.0,,富时中国A50指数1707,4757.0,10910.0,10917.5
2017-06-05,CN1707,10925.0,10952.5,10787.5,10797.5,2469.0,,富时中国A50指数1707,5513.0,10790.0,10797.5
2017-06-06,CN1707,10810.0,10905.0,10805.0,10900.0,3616.0,,富时中国A50指数1707,8280.0,10890.0,10900.0
2017-06-07,CN1707,10887.5,11035.0,10880.0,10992.5,5664.0,,富时中国A50指数1707,10795.0,10987.5,10992.5
2017-06-08,CN1707,11007.5,11127.5,10967.5,11107.5,7798.0,,富时中国A50指数1707,15316.0,11105.0,11107.5
2017-06-09,CN1707,11102.5,11250.0,11100.0,11192.5,11318.0,,富时中国A50指数1707,22485.0,11190.0,11192.5
2017-06-12,CN1707,11190.0,11292.5,11132.5,11145.0,7224.0,,富时中国A50指数1707,26348.0,11140.0,11145.0
2017-06-13,CN1707,11145.0,11172.5,11072.5,11145.0,10098.0,,富时中国A50指数1707,31811.0,11147.5,11145.0
2017-06-14,CN1707,11140.0,11152.5,10977.5,10987.5,6676.0,,富时中国A50指数1707,32231.0,10995.0,10987.5
2017-06-15,CN1707,11005.0,11027.5,10892.5,10892.5,4312.0,,富时中国A50指数1707,32842.0,10890.0,10892.5
2017-06-16,CN1707,10890.0,10987.5,10870.0,10897.5,6000.0,,富时中国A50指数1707,34177.0,10897.5,10897.5
2017-06-19,CN1707,10887.5,11042.5,10870.0,11012.5,12242.0,,富时中国A50指数1707,38500.0,11012.5,11012.5
2017-06-20,CN1707,11047.5,11062.5,10935.0,10955.0,21397.0,,富时中国A50指数1707,44651.0,10955.0,10955.0
2017-06-21,CN1707,10960.0,11097.5,10940.0,11095.0,49378.0,,富时中国A50指数1707,68333.0,11095.0,11095.0
2017-06-22,CN1707,11082.5,11340.0,11067.5,11170.0,132842.0,,富时中国A50指数1707,112078.0,11170.0,11170.0
2017-06-23,CN1707,11175.0,11307.5,11125.0,11280.0,134220.0,,富时中国A50指数1707,155432.0,11280.0,11280.0
2017-06-26,CN1707,11280.0,11437.5,11262.5,11385.0,292093.0,,富时中国A50指数1707,284456.0,11385.0,11385.0
2017-06-27,CN1707,11382.5,11415.0,11305.0,11395.0,381731.0,,富时中国A50指数1707,437471.0,11395.0,11395.0
2017-06-28,CN1707,11387.5,11410.0,11302.5,11337.5,409753.0,,富时中国A50指数1707,587847.0,11337.5,11337.5
2017-06-29,CN1707,11337.5,11417.5,11317.5,11380.0,213572.0,,富时中国A50指数1707,605292.0,11380.0,11380.0
2017-06-30,CN1707,11377.5,11392.5,11305.0,11362.5,140096.0,,富时中国A50指数1707,617746.0,11362.5,11362.5
2017-07-03,CN1707,11362.5,11385.0,11230.0,11270.0,123508.0,,富时中国A50指数1707,609583.0,11270.0,11270.0
