date,symbol,open,high,low,close,volume,amount,name,openinterest,settleprice,price
2017-02-28,CN1705,0.0,0.0,0.0,10470.0,0.0,,富时中国A50指数1705,0.0,10470.0,10470.0
2017-03-01,CN1705,0.0,0.0,0.0,10477.5,0.0,,富时中国A50指数1705,0.0,10477.5,10477.5
2017-03-02,CN1705,10460.0,10460.0,10450.0,10450.0,2.0,,富时中国A50指数1705,2.0,10402.5,10450.0
2017-03-03,CN1705,0.0,0.0,0.0,10402.5,0.0,,富时中国A50指数1705,2.0,10402.5,10402.5
2017-03-06,CN1705,10420.0,10420.0,10420.0,10420.0,4.0,,富时中国A50指数1705,6.0,10417.5,10420.0
2017-03-07,CN1705,10415.0,10450.0,10415.0,10450.0,3.0,,富时中国A50指数1705,8.0,10427.5,10450.0
2017-03-08,CN1705,0.0,0.0,0.0,10425.0,0.0,,富时中国A50指数1705,8.0,10425.0,10425.0
2017-03-09,CN1705,10402.5,10402.5,10370.0,10370.0,4.0,,富时中国A50指数1705,8.0,10370.0,10370.0
2017-03-10,CN1705,10360.0,10360.0,10350.0,10350.0,2.0,,富时中国A50指数1705,10.0,10367.5,10350.0
2017-03-13,CN1705,10350.0,10350.0,10350.0,10350.0,1.0,,富时中国A50指数1705,10.0,10440.0,10350.0
2017-03-14,CN1705,10425.0,10425.0,10415.0,10415.0,2.0,,富时中国A50指数1705,11.0,10400.0,10415.0
2017-03-15,CN1705,10415.0,10415.0,10415.0,10415.0,2.0,,富时中国A50指数1705,13.0,10402.5,10415.0
2017-03-16,CN1705,10495.0,10550.0,10495.0,10542.5,8.0,,富时中国A50指数1705,17.0,10517.5,10542.5
2017-03-17,CN1705,10487.5,10487.5,10380.0,10380.0,6.0,,富时中国A50指数1705,20.0,10357.5,10380.0
2017-03-20,CN1705,10365.0,10415.0,10365.0,10415.0,2.0,,富时中国A50指数1705,18.0,10382.5,10415.0
2017-03-21,CN1705,10450.0,10450.0,10450.0,10450.0,1.0,,富时中国A50指数1705,18.0,10415.0,10450.0
2017-03-22,CN1705,10410.0,10410.0,10332.5,10332.5,11.0,,富时中国A50指数1705,19.0,10335.0,10332.5
2017-03-23,CN1705,10385.0,10405.0,10385.0,10405.0,5.0,,富时中国A50指数1705,19.0,10365.0,10405.0
2017-03-24,CN1705,10430.0,10517.5,10400.0,10517.5,15.0,,富时中国A50指数1705,29.0,10482.5,10517.5
2017-03-27,CN1705,10522.5,10522.5,10435.0,10475.0,19.0,,富时中国A50指数1705,41.0,10435.0,10475.0
2017-03-28,CN1705,10480.0,10480.0,10420.0,10450.0,9.0,,富时中国A50指数1705,45.0,10400.0,10450.0
2017-03-29,CN1705,10445.0,10445.0,10410.0,10410.0,2.0,,富时中国A50指数1705,45.0,10417.5,10410.0
2017-03-30,CN1705,10415.0,10435.0,10360.0,10387.5,119.0,,富时中国A50指数1705,77.0,10387.5,10387.5
2017-03-31,CN1705,10395.0,10460.0,10392.5,10460.0,785.0,,富时中国A50指数1705,574.0,10445.0,10460.0
2017-04-03,CN1705,10462.5,10500.0,10455.0,10500.0,297.0,,富时中国A50指数1705,602.0,10465.0,10500.0
2017-04-04,CN1705,10487.5,10490.0,10465.0,10490.0,36.0,,富时中国A50指数1705,604.0,10482.5,10490.0
2017-04-05,CN1705,10500.0,10557.5,10482.5,10555.0,2247.0,,富时中国A50指数1705,1600.0,10552.5,10555.0
2017-04-06,CN1705,10562.5,10587.5,10490.0,10537.5,1082.0,,富时中国A50指数1705,1981.0,10542.5,10537.5
2017-04-07,CN1705,10550.0,10565.0,10500.0,10537.5,1521.0,,富时中国A50指数1705,2275.0,10532.5,10537.5
2017-04-10,CN1705,10537.5,10555.0,10450.0,10457.5,1736.0,,富时中国A50指数1705,2893.0,10457.5,10457.5
2017-04-11,CN1705,10450.0,10515.0,10345.0,10452.5,11195.0,,富时中国A50指数1705,9206.0,10452.5,10452.5
2017-04-12,CN1705,10460.0,10482.5,10382.5,10475.0,3898.0,,富时中国A50指数1705,10598.0,10475.0,10475.0
2017-04-13,CN1705,10467.5,10477.5,10422.5,10447.5,4107.0,,富时中国A50指数1705,12653.0,10447.5,10447.5
2017-04-14,CN1705,10437.5,10450.0,10322.5,10335.0,5568.0,,富时中国A50指数1705,15224.0,10347.5,10335.0
2017-04-17,CN1705,10347.5,10347.5,10277.5,10332.5,2593.0,,富时中国A50指数1705,15612.0,10332.5,10332.5
2017-04-18,CN1705,10330.0,10342.5,10280.0,10287.5,8016.0,,富时中国A50指数1705,19270.0,10290.0,10287.5
2017-04-19,CN1705,10287.5,10292.5,10185.0,10207.5,8908.0,,富时中国A50指数1705,24165.0,10207.5,10207.5
2017-04-20,CN1705,10210.0,10327.5,10200.0,10315.0,49932.0,,富时中国A50指数1705,45247.0,10315.0,10315.0
2017-04-21,CN1705,10320.0,10367.5,10292.5,10357.5,97346.0,,富时中国A50指数1705,84391.0,10357.5,10357.5
2017-04-24,CN1705,10357.5,10380.0,10255.0,10297.5,293003.0,,富时中国A50指数1705,248244.0,10300.0,10297.5
2017-04-25,CN1705,10282.5,10382.5,10262.5,10372.5,366777.0,,富时中国A50指数1705,435801.0,10372.5,10372.5
2017-04-26,CN1705,10377.5,10452.5,10372.5,10392.5,467733.0,,富时中国A50指数1705,632933.0,10392.5,10392.5
2017-04-27,CN1705,10392.5,10407.5,10310.0,10390.0,212613.0,,富时中国A50指数1705,638466.0,10390.0,10390.0
2017-04-28,CN1705,10387.5,10407.5,10312.5,10385.0,107004.0,,富时中国A50指数1705,633024.0,10385.0,10385.0
2017-05-01,CN1705,10380.0,10400.0,10367.5,10382.5,8295.0,,富时中国A50指数1705,629291.0,10382.5,10382.5
2017-05-02,CN1705,10382.5,10397.5,10312.5,10317.5,121113.0,,富时中国A50指数1705,639692.0,10317.5,10317.5
2017-05-03,CN1705,10320.0,10370.0,10267.5,10287.5,91964.0,,富时中国A50指数1705,646517.0,10287.5,10287.5
2017-05-04,CN1705,10287.5,10335.0,10260.0,10282.5,120777.0,,富时中国A50指数1705,649365.0,10282.5,10282.5
2017-05-05,CN1705,10285.0,10302.5,10165.0,10235.0,184784.0,,富时中国A50指数1705,648303.0,10235.0,10235.0
2017-05-08,CN1705,10237.5,10267.5,10167.5,10225.0,146682.0,,富时中国A50指数1705,640628.0,10225.0,10225.0
2017-05-09,CN1705,10232.5,10267.5,10190.0,10262.5,116860.0,,富时中国A50指数1705,641813.0,10262.5,10262.5
2017-05-10,CN1705,10265.0,10350.0,10250.0,10305.0,162484.0,,富时中国A50指数1705,650832.0,10305.0,10305.0
2017-05-11,CN1705,10302.5,10385.0,10265.0,10370.0,204071.0,,富时中国A50指数1705,656937.0,10370.0,10370.0
2017-05-12,CN1705,10372.5,10590.0,10347.5,10590.0,227036.0,,富时中国A50指数1705,657956.0,10590.0,10590.0
2017-05-15,CN1705,10580.0,10640.0,10565.0,10590.0,189818.0,,富时中国A50指数1705,671862.0,10590.0,10590.0
2017-05-16,CN1705,10587.5,10622.5,10505.0,10575.0,194811.0,,富时中国A50指数1705,684267.0,10575.0,10575.0
2017-05-17,CN1705,10575.0,10602.5,10492.5,10507.5,135051.0,,富时中国A50指数1705,684642.0,10507.5,10507.5
2017-05-18,CN1705,10502.5,10520.0,10430.0,10462.5,99010.0,,富时中国A50指数1705,679694.0,10462.5,10462.5
2017-05-19,CN1705,10457.5,10515.0,10425.0,10502.5,163197.0,,富时中国A50指数1705,653863.0,10502.5,10502.5
2017-05-22,CN1705,10500.0,10605.0,10480.0,10595.0,204429.0,,富时中国A50指数1705,612671.0,10595.0,10595.0
2017-05-23,CN1705,10590.0,10745.0,10562.5,10745.0,429915.0,,富时中国A50指数1705,472546.0,10745.0,10745.0
2017-05-24,CN1705,10737.5,10742.5,10622.5,10705.0,507247.0,,富时中国A50指数1705,260351.0,10705.0,10705.0
2017-05-25,CN1705,10707.5,11030.0,10707.5,11002.5,526575.0,,富时中国A50指数1705,106951.0,11002.5,11002.5
2017-05-26,CN1705,11000.0,11067.5,10942.5,10992.5,83207.0,,富时中国A50指数1705,0.0,10992.5,10992.5
