date,symbol,open,high,low,close,volume,amount,name,openinterest,settleprice,price
2017-03-31,CN1803,0.0,0.0,0.0,10305.0,0.0,,富时中国A50指数1803,0.0,10305.0,10305.0
2017-04-03,CN1803,0.0,0.0,0.0,10315.0,0.0,,富时中国A50指数1803,0.0,10315.0,10315.0
2017-04-04,CN1803,0.0,0.0,0.0,10340.0,0.0,,富时中国A50指数1803,0.0,10340.0,10340.0
2017-04-05,CN1803,0.0,0.0,0.0,10395.0,0.0,,富时中国A50指数1803,0.0,10395.0,10395.0
2017-04-06,CN1803,10497.5,10500.0,10497.5,10500.0,2.0,,富时中国A50指数1803,2.0,10392.5,10500.0
2017-04-07,CN1803,10977.5,10977.5,10977.5,10977.5,2.0,,富时中国A50指数1803,4.0,10395.0,10977.5
2017-04-10,CN1803,10500.0,10957.5,10447.5,10957.5,5.0,,富时中国A50指数1803,8.0,10317.5,10957.5
2017-04-11,CN1803,10957.5,10957.5,10165.0,10165.0,11.0,,富时中国A50指数1803,8.0,10320.0,10165.0
2017-04-12,CN1803,10420.0,10420.0,10412.5,10412.5,120.0,,富时中国A50指数1803,127.0,10380.0,10412.5
2017-04-13,CN1803,0.0,0.0,0.0,10355.0,0.0,,富时中国A50指数1803,121.0,10355.0,10355.0
2017-04-14,CN1803,0.0,0.0,0.0,10215.0,0.0,,富时中国A50指数1803,121.0,10215.0,10215.0
2017-04-17,CN1803,0.0,0.0,0.0,10260.0,0.0,,富时中国A50指数1803,121.0,10260.0,10260.0
2017-04-18,CN1803,0.0,0.0,0.0,10220.0,0.0,,富时中国A50指数1803,121.0,10220.0,10220.0
2017-04-19,CN1803,10355.0,10355.0,10355.0,10355.0,1.0,,富时中国A50指数1803,122.0,10135.0,10355.0
2017-04-20,CN1803,10132.5,10132.5,10132.5,10132.5,1.0,,富时中国A50指数1803,122.0,10180.0,10132.5
2017-04-21,CN1803,0.0,0.0,0.0,10230.0,0.0,,富时中国A50指数1803,122.0,10230.0,10230.0
2017-04-24,CN1803,0.0,0.0,0.0,10217.5,0.0,,富时中国A50指数1803,122.0,10217.5,10217.5
2017-04-25,CN1803,0.0,0.0,0.0,10250.0,0.0,,富时中国A50指数1803,122.0,10250.0,10250.0
2017-04-26,CN1803,0.0,0.0,0.0,10300.0,0.0,,富时中国A50指数1803,122.0,10300.0,10300.0
2017-04-27,CN1803,0.0,0.0,0.0,10282.5,0.0,,富时中国A50指数1803,122.0,10282.5,10282.5
2017-04-28,CN1803,10280.0,10280.0,10280.0,10280.0,1.0,,富时中国A50指数1803,122.0,10307.5,10280.0
2017-05-01,CN1803,0.0,0.0,0.0,10325.0,0.0,,富时中国A50指数1803,122.0,10325.0,10325.0
2017-05-02,CN1803,10202.5,10310.0,10202.5,10272.5,72.0,,富时中国A50指数1803,188.0,10202.5,10272.5
2017-05-03,CN1803,10212.5,10212.5,10190.0,10195.0,3.0,,富时中国A50指数1803,191.0,10152.5,10195.0
2017-05-04,CN1803,10225.0,10235.0,10225.0,10225.0,4.0,,富时中国A50指数1803,191.0,10152.5,10225.0
2017-05-05,CN1803,10117.5,10117.5,10092.5,10092.5,7.0,,富时中国A50指数1803,198.0,10127.5,10092.5
2017-05-08,CN1803,10100.0,10150.0,10100.0,10140.0,30.0,,富时中国A50指数1803,197.0,10105.0,10140.0
2017-05-09,CN1803,10130.0,10155.0,10130.0,10137.5,42.0,,富时中国A50指数1803,192.0,10150.0,10137.5
2017-05-10,CN1803,0.0,0.0,0.0,10175.0,0.0,,富时中国A50指数1803,192.0,10175.0,10175.0
2017-05-11,CN1803,0.0,0.0,0.0,10250.0,0.0,,富时中国A50指数1803,192.0,10250.0,10250.0
2017-05-12,CN1803,10400.0,10407.5,10365.0,10407.5,4.0,,富时中国A50指数1803,194.0,10450.0,10407.5
2017-05-15,CN1803,10450.0,10450.0,10450.0,10450.0,1.0,,富时中国A50指数1803,193.0,10457.5,10450.0
2017-05-16,CN1803,10427.5,10450.0,10425.0,10450.0,4.0,,富时中国A50指数1803,194.0,10445.0,10450.0
2017-05-17,CN1803,10415.0,10415.0,10377.5,10382.5,20.0,,富时中国A50指数1803,196.0,10372.5,10382.5
2017-05-18,CN1803,10350.0,10360.0,10350.0,10360.0,7.0,,富时中国A50指数1803,199.0,10325.0,10360.0
2017-05-19,CN1803,10317.5,10317.5,10317.5,10317.5,5.0,,富时中国A50指数1803,199.0,10370.0,10317.5
2017-05-22,CN1803,10427.5,10450.0,10427.5,10450.0,2.0,,富时中国A50指数1803,197.0,10467.5,10450.0
2017-05-23,CN1803,0.0,0.0,0.0,10620.0,0.0,,富时中国A50指数1803,197.0,10620.0,10620.0
2017-05-24,CN1803,10600.0,10625.0,10567.5,10615.0,12.0,,富时中国A50指数1803,193.0,10592.5,10615.0
2017-05-25,CN1803,10605.0,10962.5,10605.0,10962.5,19.0,,富时中国A50指数1803,194.0,10900.0,10962.5
2017-05-26,CN1803,10905.0,10905.0,10875.0,10875.0,3.0,,富时中国A50指数1803,194.0,10875.0,10875.0
2017-05-29,CN1803,10927.5,10927.5,10927.5,10927.5,1.0,,富时中国A50指数1803,195.0,10907.5,10927.5
2017-05-30,CN1803,0.0,0.0,0.0,10932.5,0.0,,富时中国A50指数1803,195.0,10932.5,10932.5
2017-05-31,CN1803,10985.0,11100.0,10985.0,11000.0,18.0,,富时中国A50指数1803,209.0,10967.5,11000.0
2017-06-01,CN1803,0.0,0.0,0.0,11072.5,0.0,,富时中国A50指数1803,209.0,11072.5,11072.5
2017-06-02,CN1803,0.0,0.0,0.0,10975.0,0.0,,富时中国A50指数1803,209.0,10975.0,10975.0
2017-06-05,CN1803,10960.0,11015.0,10850.0,10867.5,20.0,,富时中国A50指数1803,211.0,10852.5,10867.5
2017-06-06,CN1803,10925.0,10935.0,10900.0,10935.0,4.0,,富时中国A50指数1803,211.0,10942.5,10935.0
2017-06-07,CN1803,11000.0,11125.0,11000.0,11080.0,19.0,,富时中国A50指数1803,209.0,11060.0,11080.0
2017-06-08,CN1803,11025.0,11210.0,11025.0,11210.0,8.0,,富时中国A50指数1803,209.0,11177.5,11210.0
2017-06-09,CN1803,11212.5,11345.0,11212.5,11300.0,12.0,,富时中国A50指数1803,207.0,11265.0,11300.0
2017-06-12,CN1803,11280.0,11327.5,11230.0,11230.0,8.0,,富时中国A50指数1803,206.0,11200.0,11230.0
2017-06-13,CN1803,0.0,0.0,0.0,11202.5,0.0,,富时中国A50指数1803,206.0,11202.5,11202.5
2017-06-14,CN1803,0.0,0.0,0.0,11060.0,0.0,,富时中国A50指数1803,206.0,11060.0,11060.0
2017-06-15,CN1803,11035.0,11035.0,11035.0,11035.0,1.0,,富时中国A50指数1803,206.0,10965.0,11035.0
2017-06-16,CN1803,11000.0,11000.0,11000.0,11000.0,1.0,,富时中国A50指数1803,206.0,10945.0,11000.0
2017-06-19,CN1803,0.0,0.0,0.0,11065.0,0.0,,富时中国A50指数1803,206.0,11065.0,11065.0
2017-06-20,CN1803,11125.0,11147.5,11125.0,11147.5,6.0,,富时中国A50指数1803,210.0,11025.0,11147.5
2017-06-21,CN1803,11065.0,11102.5,11065.0,11102.5,4.0,,富时中国A50指数1803,210.0,11150.0,11102.5
2017-06-22,CN1803,0.0,0.0,0.0,11232.5,0.0,,富时中国A50指数1803,210.0,11232.5,11232.5
2017-06-23,CN1803,11310.0,11345.0,11252.5,11345.0,11.0,,富时中国A50指数1803,213.0,11350.0,11345.0
2017-06-26,CN1803,11335.0,11500.0,11335.0,11500.0,8.0,,富时中国A50指数1803,211.0,11432.5,11500.0
2017-06-27,CN1803,11435.0,11435.0,11435.0,11435.0,16.0,,富时中国A50指数1803,212.0,11442.5,11435.0
2017-06-28,CN1803,11450.0,11450.0,11450.0,11450.0,1.0,,富时中国A50指数1803,212.0,11390.0,11450.0
2017-06-29,CN1803,11425.0,11485.0,11400.0,11450.0,20.0,,富时中国A50指数1803,214.0,11462.5,11450.0
2017-06-30,CN1803,11432.5,11460.0,11397.5,11460.0,18.0,,富时中国A50指数1803,212.0,11440.0,11460.0
2017-07-03,CN1803,0.0,0.0,0.0,11360.0,0.0,,富时中国A50指数1803,212.0,11360.0,11360.0
