date,symbol,open,high,low,close,volume,amount,name,openinterest,settleprice,price
2011-09-30,GF1209,147.0,148.2,147.0,148.2,11.0,,饲牛1209,,148.2,148.2
2011-10-03,GF1209,148.0,148.0,147.0,147.8,8.0,,饲牛1209,7.0,147.8,147.8
2011-10-04,GF1209,,,,146.7,1.0,,饲牛1209,11.0,146.7,146.7
2011-10-05,GF1209,,,,146.7,2.0,,饲牛1209,11.0,146.7,146.7
2011-10-06,GF1209,,,,146.7,,,饲牛1209,11.0,146.7,146.7
2011-10-07,GF1209,146.65,146.7,146.65,146.7,2.0,,饲牛1209,11.0,146.7,146.7
2011-10-10,GF1209,147.5,147.5,146.7,146.7,2.0,,饲牛1209,11.0,146.7,146.7
2011-10-11,GF1209,147.55,147.55,147.0,147.0,2.0,,饲牛1209,13.0,147.0,147.0
2011-10-12,GF1209,148.0,148.0,147.5,147.5,6.0,,饲牛1209,13.0,147.5,147.5
2011-10-13,GF1209,147.25,148.5,147.25,148.225,10.0,,饲牛1209,19.0,148.225,148.225
2011-10-14,GF1209,148.9,148.9,147.95,148.225,12.0,,饲牛1209,24.0,148.225,148.225
2011-10-17,GF1209,148.225,149.5,148.225,148.225,15.0,,饲牛1209,35.0,148.225,148.225
2011-10-18,GF1209,148.3,149.0,147.5,148.225,38.0,,饲牛1209,50.0,148.225,148.225
2011-10-19,GF1209,148.625,148.625,148.2,148.225,4.0,,饲牛1209,84.0,148.225,148.225
2011-10-20,GF1209,148.25,148.95,148.225,148.225,12.0,,饲牛1209,87.0,148.225,148.225
2011-10-21,GF1209,149.0,149.0,148.225,148.225,4.0,,饲牛1209,98.0,148.225,148.225
2011-10-24,GF1209,149.45,149.85,148.225,148.225,6.0,,饲牛1209,101.0,148.225,148.225
2011-10-25,GF1209,149.175,149.175,148.0,148.0,14.0,,饲牛1209,106.0,148.0,148.0
2011-10-26,GF1209,148.5,148.75,148.325,148.4,40.0,,饲牛1209,118.0,148.4,148.4
2011-10-27,GF1209,148.25,148.5,148.0,148.0,5.0,,饲牛1209,139.0,148.0,148.0
2011-10-28,GF1209,148.35,148.35,148.0,148.0,27.0,,饲牛1209,139.0,148.0,148.0
2011-10-31,GF1209,147.2,147.8,147.2,147.5,12.0,,饲牛1209,137.0,147.5,147.5
2011-11-01,GF1209,147.775,150.1,146.5,149.9,56.0,,饲牛1209,132.0,149.9,149.9
2011-11-02,GF1209,149.55,149.975,149.225,149.9,12.0,,饲牛1209,167.0,149.9,149.9
2011-11-03,GF1209,149.85,150.05,149.8,149.9,22.0,,饲牛1209,173.0,149.9,149.9
2011-11-04,GF1209,150.0,150.25,149.55,149.9,46.0,,饲牛1209,187.0,149.9,149.9
2011-11-07,GF1209,149.65,149.9,149.35,149.9,16.0,,饲牛1209,211.0,149.9,149.9
2011-11-08,GF1209,149.3,149.4,148.9,149.4,10.0,,饲牛1209,214.0,149.4,149.4
2011-11-09,GF1209,148.95,150.0,148.95,149.975,57.0,,饲牛1209,220.0,149.975,149.975
2011-11-10,GF1209,150.0,151.0,149.85,150.175,45.0,,饲牛1209,247.0,150.175,150.175
2011-11-11,GF1209,150.0,150.25,149.65,150.225,27.0,,饲牛1209,275.0,150.225,150.225
2011-11-14,GF1209,150.05,150.1,149.65,150.1,16.0,,饲牛1209,283.0,150.1,150.1
2011-11-15,GF1209,150.15,152.5,150.15,152.5,109.0,,饲牛1209,291.0,152.5,152.5
2011-11-16,GF1209,152.05,153.05,151.55,153.05,31.0,,饲牛1209,367.0,153.05,153.05
2011-11-17,GF1209,152.9,153.45,152.85,153.1,53.0,,饲牛1209,385.0,153.1,153.1
2011-11-18,GF1209,153.2,153.2,151.475,151.8,15.0,,饲牛1209,412.0,151.8,151.8
2011-11-21,GF1209,150.425,151.0,149.875,151.0,41.0,,饲牛1209,411.0,151.0,151.0
2011-11-22,GF1209,150.55,152.0,150.5,152.0,41.0,,饲牛1209,420.0,152.0,152.0
2011-11-23,GF1209,151.5,152.0,151.125,151.3,107.0,,饲牛1209,427.0,151.3,151.3
2011-11-25,GF1209,151.225,151.225,150.55,151.0,13.0,,饲牛1209,430.0,151.0,151.0
2011-11-28,GF1209,151.15,151.25,150.4,151.0,24.0,,饲牛1209,436.0,151.0,151.0
2011-11-29,GF1209,150.65,151.0,150.6,151.0,20.0,,饲牛1209,445.0,151.0,151.0
2011-11-30,GF1209,151.9,152.325,151.75,152.0,66.0,,饲牛1209,455.0,152.0,152.0
2011-12-01,GF1209,151.75,152.25,151.2,152.25,36.0,,饲牛1209,490.0,152.25,152.25
2011-12-02,GF1209,152.3,152.7,152.125,152.7,27.0,,饲牛1209,500.0,152.7,152.7
2011-12-05,GF1209,152.375,152.375,150.175,150.4,51.0,,饲牛1209,503.0,150.4,150.4
2011-12-06,GF1209,149.5,149.75,148.675,148.75,32.0,,饲牛1209,514.0,148.75,148.75
2011-12-07,GF1209,148.45,149.8,148.325,149.8,34.0,,饲牛1209,513.0,149.8,149.8
2011-12-08,GF1209,149.725,149.8,149.075,149.5,25.0,,饲牛1209,512.0,149.5,149.5
2011-12-09,GF1209,148.75,148.8,148.5,148.8,26.0,,饲牛1209,517.0,148.8,148.8
2011-12-12,GF1209,148.0,149.5,147.375,149.5,32.0,,饲牛1209,526.0,149.5,149.5
2011-12-13,GF1209,150.25,150.5,149.55,150.5,48.0,,饲牛1209,536.0,150.5,150.5
2011-12-14,GF1209,150.0,150.0,149.3,150.0,40.0,,饲牛1209,559.0,150.0,150.0
2011-12-15,GF1209,150.125,150.2,149.5,150.0,22.0,,饲牛1209,578.0,150.0,150.0
2011-12-16,GF1209,149.15,149.15,148.75,149.075,27.0,,饲牛1209,581.0,149.075,149.075
2011-12-19,GF1209,149.5,150.9,149.3,150.9,44.0,,饲牛1209,585.0,150.9,150.9
2011-12-20,GF1209,150.15,150.5,149.875,150.45,43.0,,饲牛1209,599.0,150.45,150.45
2011-12-21,GF1209,150.0,150.925,150.0,150.4,22.0,,饲牛1209,599.0,150.4,150.4
2011-12-22,GF1209,150.25,152.5,150.25,152.475,75.0,,饲牛1209,609.0,152.475,152.475
2011-12-23,GF1209,152.625,153.25,152.45,153.25,64.0,,饲牛1209,631.0,153.25,153.25
2011-12-27,GF1209,152.55,153.0,151.975,153.0,39.0,,饲牛1209,675.0,153.0,153.0
2011-12-28,GF1209,152.5,153.25,152.5,153.15,34.0,,饲牛1209,685.0,153.15,153.15
2011-12-29,GF1209,152.875,152.9,152.3,152.8,35.0,,饲牛1209,704.0,152.8,152.8
2011-12-30,GF1209,152.4,152.7,152.4,152.6,65.0,,饲牛1209,717.0,152.6,152.6
2012-01-03,GF1209,153.2,153.25,152.6,153.2,55.0,,饲牛1209,738.0,153.2,153.2
2012-01-04,GF1209,153.05,154.1,152.925,154.1,84.0,,饲牛1209,753.0,154.1,154.1
2012-01-05,GF1209,153.95,155.0,153.95,154.3,85.0,,饲牛1209,777.0,154.3,154.3
2012-01-06,GF1209,154.3,154.3,153.25,153.75,68.0,,饲牛1209,804.0,153.75,153.75
2012-01-09,GF1209,153.0,154.075,152.95,154.0,61.0,,饲牛1209,858.0,154.0,154.0
2012-01-10,GF1209,154.725,155.0,154.475,154.975,59.0,,饲牛1209,875.0,154.975,154.975
2012-01-11,GF1209,154.45,155.0,154.2,154.8,112.0,,饲牛1209,895.0,154.8,154.8
2012-01-12,GF1209,154.825,155.55,154.825,155.525,98.0,,饲牛1209,966.0,155.525,155.525
2012-01-13,GF1209,155.375,156.25,155.3,156.25,145.0,,饲牛1209,1009.0,156.25,156.25
2012-01-17,GF1209,156.1,156.875,155.9,156.35,95.0,,饲牛1209,1070.0,156.35,156.35
2012-01-18,GF1209,156.2,156.45,155.85,156.45,65.0,,饲牛1209,1081.0,156.45,156.45
2012-01-19,GF1209,156.45,157.5,156.45,157.15,156.0,,饲牛1209,1113.0,157.15,157.15
2012-01-20,GF1209,157.25,157.9,156.95,157.3,110.0,,饲牛1209,1167.0,157.3,157.3
2012-01-23,GF1209,157.5,157.6,157.1,157.6,84.0,,饲牛1209,1198.0,157.6,157.6
2012-01-24,GF1209,157.5,158.75,157.5,158.75,172.0,,饲牛1209,1222.0,158.75,158.75
2012-01-25,GF1209,158.75,159.05,157.875,159.05,161.0,,饲牛1209,1295.0,159.05,159.05
2012-01-26,GF1209,158.175,158.275,157.775,158.1,67.0,,饲牛1209,1309.0,158.1,158.1
2012-01-27,GF1209,158.1,158.9,158.075,158.9,66.0,,饲牛1209,1315.0,158.9,158.9
2012-01-30,GF1209,158.5,158.75,157.85,158.7,76.0,,饲牛1209,1315.0,158.7,158.7
2012-01-31,GF1209,158.7,159.6,158.7,159.6,144.0,,饲牛1209,1349.0,159.6,159.6
2012-02-01,GF1209,159.475,160.1,158.825,160.1,140.0,,饲牛1209,1417.0,160.1,160.1
2012-02-02,GF1209,159.6,159.8,159.6,159.8,70.0,,饲牛1209,1470.0,159.8,159.8
2012-02-03,GF1209,159.75,160.0,158.8,159.4,171.0,,饲牛1209,1493.0,159.4,159.4
2012-02-06,GF1209,158.95,159.2,158.475,159.2,63.0,,饲牛1209,1543.0,159.2,159.2
2012-02-07,GF1209,159.3,160.0,158.9,160.0,158.0,,饲牛1209,1555.0,160.0,160.0
2012-02-08,GF1209,160.0,160.25,159.125,160.075,127.0,,饲牛1209,1629.0,160.075,160.075
2012-02-09,GF1209,160.0,160.3,159.3,160.025,100.0,,饲牛1209,1682.0,160.025,160.025
2012-02-10,GF1209,159.1,159.45,158.225,158.35,134.0,,饲牛1209,1724.0,158.35,158.35
2012-02-13,GF1209,158.375,159.7,158.375,159.6,88.0,,饲牛1209,1762.0,159.6,159.6
2012-02-14,GF1209,159.7,161.0,159.525,160.925,217.0,,饲牛1209,1787.0,160.925,160.925
2012-02-15,GF1209,160.9,161.45,160.375,161.2,201.0,,饲牛1209,1890.0,161.2,161.2
2012-02-16,GF1209,161.0,161.75,160.75,161.55,120.0,,饲牛1209,1929.0,161.55,161.55
2012-02-17,GF1209,161.6,163.1,161.6,163.1,417.0,,饲牛1209,1962.0,163.1,163.1
2012-02-21,GF1209,162.475,163.15,162.475,163.15,108.0,,饲牛1209,2115.0,163.15,163.15
2012-02-22,GF1209,162.6,163.2,162.55,163.175,110.0,,饲牛1209,2146.0,163.175,163.175
2012-02-23,GF1209,162.5,163.0,162.05,162.625,120.0,,饲牛1209,2195.0,162.625,162.625
2012-02-24,GF1209,162.3,162.95,162.275,162.725,123.0,,饲牛1209,2229.0,162.725,162.725
2012-02-27,GF1209,162.45,162.45,161.5,161.8,124.0,,饲牛1209,2272.0,161.8,161.8
2012-02-28,GF1209,161.475,162.0,160.475,161.05,112.0,,饲牛1209,2315.0,161.05,161.05
2012-02-29,GF1209,161.825,162.7,161.075,162.675,80.0,,饲牛1209,2340.0,162.675,162.675
2012-03-01,GF1209,162.75,164.0,162.1,163.975,302.0,,饲牛1209,2376.0,163.975,163.975
2012-03-02,GF1209,163.9,163.9,163.15,163.5,104.0,,饲牛1209,2502.0,163.5,163.5
2012-03-05,GF1209,163.375,163.375,161.35,161.9,148.0,,饲牛1209,2524.0,161.9,161.9
2012-03-06,GF1209,160.65,160.65,159.075,159.5,236.0,,饲牛1209,2546.0,159.5,159.5
2012-03-07,GF1209,159.65,159.65,158.3,159.175,216.0,,饲牛1209,2607.0,159.175,159.175
2012-03-08,GF1209,159.5,160.5,159.5,160.475,155.0,,饲牛1209,2607.0,160.475,160.475
2012-03-09,GF1209,160.0,160.0,158.65,158.925,117.0,,饲牛1209,2646.0,158.925,158.925
2012-03-12,GF1209,158.875,159.375,157.3,159.25,162.0,,饲牛1209,2668.0,159.25,159.25
2012-03-13,GF1209,159.625,160.8,159.625,160.75,245.0,,饲牛1209,2641.0,160.75,160.75
2012-03-14,GF1209,160.275,160.45,159.85,160.4,74.0,,饲牛1209,2696.0,160.4,160.4
2012-03-15,GF1209,160.0,160.925,158.65,159.0,167.0,,饲牛1209,2714.0,159.0,159.0
2012-03-16,GF1209,159.2,159.25,156.8,158.25,222.0,,饲牛1209,2787.0,158.25,158.25
2012-03-19,GF1209,156.575,157.725,156.575,157.0,91.0,,饲牛1209,2786.0,157.0,157.0
2012-03-20,GF1209,156.65,156.85,155.7,156.3,311.0,,饲牛1209,2792.0,156.3,156.3
2012-03-21,GF1209,155.9,157.25,155.9,157.1,186.0,,饲牛1209,2821.0,157.1,157.1
2012-03-22,GF1209,157.0,158.175,156.95,157.375,352.0,,饲牛1209,2838.0,157.375,157.375
2012-03-23,GF1209,156.5,156.85,155.325,156.8,401.0,,饲牛1209,2920.0,156.8,156.8
2012-03-26,GF1209,156.2,156.7,155.875,156.7,186.0,,饲牛1209,2953.0,156.7,156.7
2012-03-27,GF1209,156.75,158.6,156.65,158.275,388.0,,饲牛1209,2982.0,158.275,158.275
2012-03-28,GF1209,158.2,158.2,156.55,157.325,407.0,,饲牛1209,2981.0,157.325,157.325
2012-03-29,GF1209,157.075,157.6,155.225,155.75,504.0,,饲牛1209,3005.0,155.75,155.75
2012-03-30,GF1209,155.8,156.275,153.5,154.0,741.0,,饲牛1209,3126.0,154.0,154.0
2012-04-02,GF1209,154.0,154.65,152.0,154.025,739.0,,饲牛1209,3255.0,154.025,154.025
2012-04-03,GF1209,154.225,154.375,152.45,153.0,647.0,,饲牛1209,3319.0,153.0,153.0
2012-04-04,GF1209,152.8,153.15,150.675,151.8,759.0,,饲牛1209,3268.0,151.8,151.8
2012-04-05,GF1209,151.85,152.4,151.4,152.4,1001.0,,饲牛1209,3322.0,152.4,152.4
2012-04-09,GF1209,152.1,153.675,151.925,152.275,591.0,,饲牛1209,3437.0,152.275,152.275
2012-04-10,GF1209,152.3,152.85,151.05,151.625,1076.0,,饲牛1209,3447.0,151.625,151.625
2012-04-11,GF1209,151.225,154.075,150.75,153.425,1028.0,,饲牛1209,3575.0,153.425,153.425
2012-04-12,GF1209,154.325,156.425,154.325,156.425,501.0,,饲牛1209,3903.0,156.425,156.425
2012-04-13,GF1209,156.55,157.45,156.075,156.725,674.0,,饲牛1209,3899.0,156.725,156.725
2012-04-16,GF1209,157.125,157.25,156.45,156.975,684.0,,饲牛1209,4045.0,156.975,156.975
2012-04-17,GF1209,157.4,158.5,157.075,158.45,525.0,,饲牛1209,4115.0,158.45,158.45
2012-04-18,GF1209,158.575,158.825,157.025,157.425,604.0,,饲牛1209,4175.0,157.425,157.425
2012-04-19,GF1209,157.375,157.525,156.675,157.35,725.0,,饲牛1209,4300.0,157.35,157.35
2012-04-20,GF1209,157.6,157.95,156.9,157.1,321.0,,饲牛1209,4481.0,157.1,157.1
2012-04-23,GF1209,157.05,157.05,154.7,155.925,248.0,,饲牛1209,4562.0,155.925,155.925
2012-04-24,GF1209,155.6,156.3,152.925,152.925,452.0,,饲牛1209,4595.0,152.925,152.925
2012-04-25,GF1209,153.525,154.275,152.55,153.625,752.0,,饲牛1209,4645.0,153.625,153.625
2012-04-26,GF1209,153.925,154.55,152.65,152.975,1086.0,,饲牛1209,4773.0,152.975,152.975
2012-04-27,GF1209,152.6,153.475,151.7,153.2,948.0,,饲牛1209,5140.0,153.2,153.2
2012-04-30,GF1209,153.45,155.225,152.9,154.875,666.0,,饲牛1209,5008.0,154.875,154.875
2012-05-01,GF1209,154.95,155.85,154.8,155.525,642.0,,饲牛1209,5072.0,155.525,155.525
2012-05-02,GF1209,155.9,156.275,155.125,155.575,924.0,,饲牛1209,5116.0,155.575,155.575
2012-05-03,GF1209,155.3,158.575,155.3,158.575,813.0,,饲牛1209,5237.0,158.575,158.575
2012-05-04,GF1209,158.85,159.375,158.3,159.225,970.0,,饲牛1209,5309.0,159.225,159.225
2012-05-07,GF1209,159.225,160.8,159.0,160.55,1182.0,,饲牛1209,5362.0,160.55,160.55
2012-05-08,GF1209,160.5,160.525,159.425,159.775,1116.0,,饲牛1209,5352.0,159.775,159.775
2012-05-09,GF1209,160.025,160.4,159.2,159.825,933.0,,饲牛1209,5422.0,159.825,159.825
2012-05-10,GF1209,159.975,160.875,159.7,159.975,1050.0,,饲牛1209,5478.0,159.975,159.975
2012-05-11,GF1209,159.5,159.55,158.4,158.625,649.0,,饲牛1209,5478.0,158.625,158.625
2012-05-14,GF1209,158.4,158.8,157.5,158.5,720.0,,饲牛1209,5359.0,158.5,158.5
2012-05-15,GF1209,158.625,159.2,158.325,159.15,467.0,,饲牛1209,5237.0,159.15,159.15
2012-05-16,GF1209,159.0,160.25,159.0,159.8,462.0,,饲牛1209,5098.0,159.8,159.8
2012-05-17,GF1209,160.075,161.2,160.075,161.175,506.0,,饲牛1209,5222.0,161.175,161.175
2012-05-18,GF1209,161.1,162.325,161.05,161.725,935.0,,饲牛1209,5289.0,161.725,161.725
2012-05-21,GF1209,162.4,162.55,160.05,160.075,640.0,,饲牛1209,5512.0,160.075,160.075
2012-05-22,GF1209,160.3,161.625,160.15,161.175,661.0,,饲牛1209,5667.0,161.175,161.175
2012-05-23,GF1209,161.125,161.325,159.225,159.6,506.0,,饲牛1209,5750.0,159.6,159.6
2012-05-24,GF1209,159.5,160.475,159.5,160.1,337.0,,饲牛1209,5738.0,160.1,160.1
2012-05-25,GF1209,160.125,160.95,159.325,159.475,516.0,,饲牛1209,5774.0,159.475,159.475
2012-05-29,GF1209,159.8,160.65,158.675,158.675,595.0,,饲牛1209,5855.0,158.675,158.675
2012-05-30,GF1209,158.85,158.85,156.05,157.375,713.0,,饲牛1209,5704.0,157.375,157.375
2012-05-31,GF1209,157.35,158.8,157.0,158.125,694.0,,饲牛1209,5546.0,158.125,158.125
2012-06-01,GF1209,158.475,159.0,157.35,158.675,658.0,,饲牛1209,5679.0,158.675,158.675
2012-06-04,GF1209,158.675,160.025,158.2,159.675,642.0,,饲牛1209,5623.0,159.675,159.675
2012-06-05,GF1209,160.15,160.475,159.575,160.0,719.0,,饲牛1209,5661.0,160.0,160.0
2012-06-06,GF1209,159.8,160.4,159.2,159.25,577.0,,饲牛1209,5734.0,159.25,159.25
2012-06-07,GF1209,159.375,160.5,158.875,160.2,766.0,,饲牛1209,5752.0,160.2,160.2
2012-06-08,GF1209,160.2,160.95,159.95,160.525,535.0,,饲牛1209,5896.0,160.525,160.525
2012-06-11,GF1209,160.2,161.45,160.2,161.425,1023.0,,饲牛1209,5939.0,161.425,161.425
2012-06-12,GF1209,161.05,162.525,160.9,162.225,883.0,,饲牛1209,6013.0,162.225,162.225
2012-06-13,GF1209,162.25,162.5,159.475,159.5,569.0,,饲牛1209,6058.0,159.5,159.5
2012-06-14,GF1209,159.825,160.2,157.425,157.5,904.0,,饲牛1209,6104.0,157.5,157.5
2012-06-15,GF1209,157.925,158.075,156.9,157.425,1935.0,,饲牛1209,6171.0,157.425,157.425
2012-06-18,GF1209,157.4,158.925,156.6,157.75,863.0,,饲牛1209,6360.0,157.75,157.75
2012-06-19,GF1209,156.95,157.45,154.975,155.2,1306.0,,饲牛1209,6349.0,155.2,155.2
2012-06-20,GF1209,155.275,156.1,154.6,154.775,1127.0,,饲牛1209,6299.0,154.775,154.775
2012-06-21,GF1209,154.875,155.625,154.225,154.775,779.0,,饲牛1209,6302.0,154.775,154.775
2012-06-22,GF1209,154.75,155.15,153.9,154.9,805.0,,饲牛1209,6321.0,154.9,154.9
2012-06-25,GF1209,153.7,153.9,151.9,151.9,952.0,,饲牛1209,6406.0,151.9,151.9
2012-06-26,GF1209,151.825,151.825,149.275,150.25,1952.0,,饲牛1209,6359.0,150.25,150.25
2012-06-27,GF1209,150.425,152.5,148.25,151.9,2717.0,,饲牛1209,6374.0,151.9,151.9
2012-06-28,GF1209,151.95,153.85,150.775,153.375,1756.0,,饲牛1209,5936.0,153.375,153.375
2012-06-29,GF1209,153.25,154.4,152.525,154.4,861.0,,饲牛1209,6026.0,154.4,154.4
2012-07-02,GF1209,153.5,153.5,152.275,152.725,934.0,,饲牛1209,6026.0,152.725,152.725
2012-07-03,GF1209,152.1,152.35,150.25,150.875,1791.0,,饲牛1209,6064.0,150.875,150.875
2012-07-05,GF1209,151.075,151.075,148.8,149.375,1668.0,,饲牛1209,6390.0,149.375,149.375
2012-07-06,GF1209,149.2,150.575,149.2,150.05,1830.0,,饲牛1209,6495.0,150.05,150.05
2012-07-09,GF1209,148.5,148.5,147.05,147.275,2271.0,,饲牛1209,6924.0,147.275,147.275
2012-07-10,GF1209,147.275,147.925,146.4,146.65,2341.0,,饲牛1209,6844.0,146.65,146.65
2012-07-11,GF1209,146.65,147.65,144.825,147.125,3585.0,,饲牛1209,7136.0,147.125,147.125
2012-07-12,GF1209,146.825,146.875,144.125,144.125,2342.0,,饲牛1209,7099.0,144.125,144.125
2012-07-13,GF1209,143.95,144.175,141.125,142.15,2886.0,,饲牛1209,7268.0,142.15,142.15
2012-07-16,GF1209,139.175,139.6,139.15,139.15,1247.0,,饲牛1209,7513.0,139.15,139.15
2012-07-17,GF1209,137.0,137.675,136.15,137.0,3223.0,,饲牛1209,7441.0,137.0,137.0
2012-07-18,GF1209,136.95,140.0,136.6,140.0,2662.0,,饲牛1209,7894.0,140.0,140.0
2012-07-19,GF1209,140.475,141.8,137.5,141.525,2825.0,,饲牛1209,7735.0,141.525,141.525
2012-07-20,GF1209,141.5,141.775,138.525,138.525,1379.0,,饲牛1209,7656.0,138.525,138.525
2012-07-23,GF1209,138.5,140.725,137.1,137.7,1752.0,,饲牛1209,7576.0,137.725,137.7
2012-07-24,GF1209,137.775,140.725,137.675,140.3,2245.0,,饲牛1209,7444.0,140.35,140.3
2012-07-25,GF1209,139.575,139.95,137.35,137.35,1555.0,,饲牛1209,7358.0,137.375,137.35
2012-07-26,GF1209,137.675,138.95,136.425,138.825,1958.0,,饲牛1209,7374.0,138.825,138.825
2012-07-27,GF1209,138.5,141.425,137.5,140.425,1654.0,,饲牛1209,7646.0,140.4,140.425
2012-07-30,GF1209,138.9,140.775,138.3,140.075,2526.0,,饲牛1209,7840.0,140.075,140.075
2012-07-31,GF1209,140.375,141.7,139.45,140.65,1913.0,,饲牛1209,7823.0,140.375,140.65
2012-08-01,GF1209,140.25,142.15,139.6,141.125,2381.0,,饲牛1209,7890.0,141.125,141.125
2012-08-02,GF1209,140.675,141.95,140.3,140.525,1930.0,,饲牛1209,7899.0,140.55,140.525
2012-08-03,GF1209,141.15,141.65,138.7,138.925,2255.0,,饲牛1209,7767.0,138.95,138.925
2012-08-06,GF1209,139.9,140.625,138.775,138.775,1536.0,,饲牛1209,7709.0,138.8,138.775
2012-08-07,GF1209,139.1,139.7,138.25,139.0,1627.0,,饲牛1209,7540.0,139.0,139.0
2012-08-08,GF1209,139.6,141.65,139.275,140.3,1967.0,,饲牛1209,7290.0,140.3,140.3
2012-08-09,GF1209,140.775,140.775,139.275,139.45,1322.0,,饲牛1209,6920.0,139.475,139.45
2012-08-10,GF1209,139.35,140.45,138.525,139.8,1171.0,,饲牛1209,6483.0,139.725,139.8
2012-08-13,GF1209,140.725,142.725,140.7,142.675,2244.0,,饲牛1209,6119.0,142.675,142.675
2012-08-14,GF1209,143.1,145.25,142.875,145.0,2219.0,,饲牛1209,6264.0,145.0,145.0
2012-08-15,GF1209,145.075,145.45,144.225,144.475,1480.0,,饲牛1209,6033.0,144.475,144.475
2012-08-16,GF1209,144.825,145.0,142.8,142.85,2787.0,,饲牛1209,5940.0,142.875,142.85
2012-08-17,GF1209,142.875,143.425,142.1,142.175,1502.0,,饲牛1209,6509.0,142.2,142.175
2012-08-20,GF1209,142.5,142.95,141.9,142.8,676.0,,饲牛1209,6392.0,142.8,142.8
2012-08-21,GF1209,142.775,143.2,140.925,141.125,1064.0,,饲牛1209,6456.0,141.125,141.125
2012-08-22,GF1209,140.925,141.85,140.675,141.575,1258.0,,饲牛1209,6574.0,141.575,141.575
2012-08-23,GF1209,141.05,144.075,140.85,143.475,1168.0,,饲牛1209,6671.0,143.475,143.475
2012-08-24,GF1209,143.425,143.65,142.85,142.925,1636.0,,饲牛1209,6534.0,142.95,142.925
2012-08-27,GF1209,143.0,143.45,142.425,142.65,1300.0,,饲牛1209,6728.0,142.65,142.65
2012-08-28,GF1209,143.0,144.1,142.8,143.6,1281.0,,饲牛1209,6621.0,143.6,143.6
2012-08-29,GF1209,143.35,144.65,142.65,143.7,1087.0,,饲牛1209,6528.0,143.7,143.7
2012-08-30,GF1209,143.975,144.225,143.1,143.3,1239.0,,饲牛1209,6466.0,143.3,143.3
2012-08-31,GF1209,143.5,145.375,143.5,144.6,817.0,,饲牛1209,6428.0,144.6,144.6
2012-09-04,GF1209,144.925,145.35,144.525,145.0,727.0,,饲牛1209,6203.0,145.0,145.0
2012-09-05,GF1209,144.75,145.725,144.75,145.05,1001.0,,饲牛1209,6072.0,145.05,145.05
2012-09-06,GF1209,145.0,145.4,144.4,144.6,1299.0,,饲牛1209,5957.0,144.625,144.6
2012-09-07,GF1209,144.525,145.075,143.6,144.275,976.0,,饲牛1209,5587.0,144.3,144.275
2012-09-10,GF1209,144.5,145.05,144.0,144.95,726.0,,饲牛1209,5203.0,144.95,144.95
2012-09-11,GF1209,144.725,145.45,144.425,144.625,1246.0,,饲牛1209,4905.0,144.65,144.625
2012-09-12,GF1209,144.65,146.075,144.575,144.95,1220.0,,饲牛1209,4271.0,144.95,144.95
2012-09-13,GF1209,145.125,145.55,144.825,145.0,1125.0,,饲牛1209,3851.0,145.0,145.0
2012-09-14,GF1209,145.025,145.4,144.575,145.0,918.0,,饲牛1209,3426.0,145.0,145.0
2012-09-17,GF1209,145.4,145.85,144.95,145.325,790.0,,饲牛1209,3253.0,145.325,145.325
2012-09-18,GF1209,145.275,145.675,144.4,145.275,757.0,,饲牛1209,3185.0,145.275,145.275
2012-09-19,GF1209,145.0,145.05,144.45,144.8,572.0,,饲牛1209,2823.0,144.825,144.8
2012-09-20,GF1209,144.8,144.9,144.1,144.1,677.0,,饲牛1209,2703.0,144.125,144.1
2012-09-21,GF1209,144.5,144.5,143.65,143.8,908.0,,饲牛1209,2387.0,143.8,143.8
2012-09-24,GF1209,143.975,144.025,143.675,143.775,482.0,,饲牛1209,2115.0,143.775,143.775
2012-09-25,GF1209,143.7,143.7,143.2,143.2,750.0,,饲牛1209,1977.0,143.2,143.2
2012-09-26,GF1209,143.275,143.5,143.15,143.45,743.0,,饲牛1209,1734.0,143.45,143.45
2012-09-27,GF1209,143.45,143.45,143.175,143.275,333.0,,饲牛1209,1485.0,143.275,143.275
2012-09-28,GF1209,,,,143.05,,,饲牛1209,1362.0,143.05,143.05
