date,symbol,open,high,low,close,volume,amount,name,openinterest,settleprice,price
2011-01-27,GF1201,,,,127.2,,,饲牛1201,,127.2,127.2
2011-01-28,GF1201,,,,127.0,,,饲牛1201,,127.0,127.0
2011-01-31,GF1201,127.5,128.0,127.0,127.0,3.0,,饲牛1201,,127.0,127.0
2011-02-01,GF1201,,,,127.0,,,饲牛1201,2.0,127.0,127.0
2011-02-02,GF1201,,,,127.0,,,饲牛1201,2.0,127.0,127.0
2011-02-03,GF1201,127.0,127.0,127.0,127.0,1.0,,饲牛1201,2.0,127.0,127.0
2011-02-04,GF1201,,,,127.0,,,饲牛1201,3.0,127.0,127.0
2011-02-07,GF1201,,,,127.0,,,饲牛1201,3.0,127.0,127.0
2011-02-08,GF1201,,,,127.0,,,饲牛1201,3.0,127.0,127.0
2011-02-09,GF1201,126.0,127.0,126.0,127.0,2.0,,饲牛1201,3.0,127.0,127.0
2011-02-10,GF1201,126.0,127.0,126.0,127.0,7.0,,饲牛1201,5.0,127.0,127.0
2011-02-11,GF1201,,,,127.0,,,饲牛1201,11.0,127.0,127.0
2011-02-14,GF1201,127.0,128.0,127.0,128.0,10.0,,饲牛1201,11.0,128.0,128.0
2011-02-15,GF1201,128.0,128.3,128.0,128.0,2.0,,饲牛1201,20.0,128.0,128.0
2011-02-16,GF1201,129.0,129.0,128.9,128.9,1.0,,饲牛1201,20.0,128.9,128.9
2011-02-17,GF1201,129.0,129.75,129.0,129.75,9.0,,饲牛1201,21.0,129.75,129.75
2011-02-18,GF1201,129.5,129.75,129.4,129.75,6.0,,饲牛1201,29.0,129.75,129.75
2011-02-22,GF1201,129.35,129.65,128.95,129.6,1.0,,饲牛1201,33.0,129.6,129.6
2011-02-23,GF1201,129.0,129.6,129.0,129.6,3.0,,饲牛1201,33.0,129.6,129.6
2011-02-24,GF1201,129.5,129.6,129.5,129.6,1.0,,饲牛1201,36.0,129.6,129.6
2011-02-25,GF1201,129.5,129.6,129.5,129.6,1.0,,饲牛1201,37.0,129.6,129.6
2011-02-28,GF1201,129.9,131.0,129.5,130.0,18.0,,饲牛1201,38.0,130.0,130.0
2011-03-01,GF1201,129.325,130.0,129.25,130.0,7.0,,饲牛1201,53.0,130.0,130.0
2011-03-02,GF1201,130.35,130.5,129.975,130.5,1.0,,饲牛1201,56.0,130.5,130.5
2011-03-03,GF1201,,,,130.95,,,饲牛1201,56.0,130.95,130.95
2011-03-04,GF1201,130.9,130.95,130.5,130.95,3.0,,饲牛1201,56.0,130.95,130.95
2011-03-07,GF1201,130.95,130.95,130.95,130.95,3.0,,饲牛1201,59.0,130.95,130.95
2011-03-08,GF1201,130.5,132.8,130.5,131.95,25.0,,饲牛1201,62.0,131.95,131.95
2011-03-09,GF1201,132.15,133.7,132.0,133.7,25.0,,饲牛1201,87.0,133.7,133.7
2011-03-10,GF1201,132.6,133.65,132.5,133.65,5.0,,饲牛1201,98.0,133.65,133.65
2011-03-11,GF1201,132.65,134.0,132.5,134.0,4.0,,饲牛1201,102.0,134.0,134.0
2011-03-14,GF1201,,,,133.95,,,饲牛1201,104.0,133.95,133.95
2011-03-15,GF1201,131.85,133.0,130.95,130.95,8.0,,饲牛1201,104.0,130.95,130.95
2011-03-16,GF1201,130.15,130.15,128.25,128.8,2.0,,饲牛1201,107.0,128.8,128.8
2011-03-17,GF1201,128.25,130.75,128.25,130.75,34.0,,饲牛1201,109.0,130.75,130.75
2011-03-18,GF1201,129.75,130.7,129.75,130.5,6.0,,饲牛1201,126.0,130.5,130.5
2011-03-21,GF1201,,,,130.975,,,饲牛1201,124.0,130.975,130.975
2011-03-22,GF1201,131.25,131.25,131.0,131.1,13.0,,饲牛1201,124.0,131.1,131.1
2011-03-23,GF1201,,,,131.1,,,饲牛1201,137.0,131.1,131.1
2011-03-24,GF1201,131.275,132.0,131.2,132.0,4.0,,饲牛1201,137.0,132.0,132.0
2011-03-25,GF1201,133.0,134.1,133.0,133.5,18.0,,饲牛1201,141.0,133.5,133.5
2011-03-28,GF1201,133.5,134.2,133.1,134.2,9.0,,饲牛1201,149.0,134.2,134.2
2011-03-29,GF1201,134.0,135.5,134.0,135.175,48.0,,饲牛1201,154.0,135.175,135.175
2011-03-30,GF1201,136.0,137.0,135.25,136.9,38.0,,饲牛1201,165.0,136.9,136.9
2011-03-31,GF1201,137.0,137.5,136.5,137.3,17.0,,饲牛1201,188.0,137.3,137.3
2011-04-01,GF1201,138.0,139.0,138.0,138.25,7.0,,饲牛1201,203.0,138.25,138.25
2011-04-04,GF1201,137.3,138.7,137.3,138.25,25.0,,饲牛1201,209.0,138.25,138.25
2011-04-05,GF1201,138.0,138.0,137.75,137.9,10.0,,饲牛1201,221.0,137.9,137.9
2011-04-06,GF1201,137.75,137.85,136.825,137.85,40.0,,饲牛1201,223.0,137.85,137.85
2011-04-07,GF1201,136.8,137.4,136.2,136.825,24.0,,饲牛1201,237.0,136.825,136.825
2011-04-08,GF1201,136.7,136.75,136.55,136.725,27.0,,饲牛1201,250.0,136.725,136.725
2011-04-11,GF1201,135.75,136.4,135.75,136.4,13.0,,饲牛1201,251.0,136.4,136.4
2011-04-12,GF1201,135.1,135.1,134.5,134.7,11.0,,饲牛1201,257.0,134.7,134.7
2011-04-13,GF1201,134.275,135.7,134.275,135.7,38.0,,饲牛1201,261.0,135.7,135.7
2011-04-14,GF1201,136.0,136.5,135.8,136.1,8.0,,饲牛1201,263.0,136.1,136.1
2011-04-15,GF1201,135.175,136.0,135.025,135.5,20.0,,饲牛1201,262.0,135.5,135.5
2011-04-18,GF1201,134.725,136.025,134.6,135.8,63.0,,饲牛1201,272.0,135.8,135.8
2011-04-19,GF1201,136.0,137.225,136.0,137.0,6.0,,饲牛1201,295.0,137.0,137.0
2011-04-20,GF1201,138.0,138.1,136.45,136.7,28.0,,饲牛1201,299.0,136.7,136.7
2011-04-21,GF1201,136.1,136.5,134.85,136.5,10.0,,饲牛1201,312.0,136.5,136.5
2011-04-25,GF1201,136.5,136.5,133.65,133.7,29.0,,饲牛1201,310.0,133.7,133.7
2011-04-26,GF1201,133.15,133.6,132.2,132.5,16.0,,饲牛1201,313.0,132.5,132.5
2011-04-27,GF1201,133.8,134.6,133.8,134.6,10.0,,饲牛1201,322.0,134.6,134.6
2011-04-28,GF1201,133.9,135.6,133.9,135.6,21.0,,饲牛1201,323.0,135.6,135.6
2011-04-29,GF1201,135.575,136.0,135.575,135.6,11.0,,饲牛1201,329.0,135.6,135.6
2011-05-02,GF1201,136.0,136.0,134.85,135.6,28.0,,饲牛1201,333.0,135.6,135.6
2011-05-03,GF1201,134.1,134.5,133.25,133.5,41.0,,饲牛1201,355.0,133.5,133.5
2011-05-04,GF1201,133.25,133.35,132.95,133.1,11.0,,饲牛1201,376.0,133.1,133.1
2011-05-05,GF1201,132.65,132.65,131.35,132.4,49.0,,饲牛1201,380.0,132.4,132.4
2011-05-06,GF1201,131.45,133.5,130.5,133.5,55.0,,饲牛1201,387.0,133.5,133.5
2011-05-09,GF1201,134.0,134.0,132.7,133.2,40.0,,饲牛1201,408.0,133.2,133.2
2011-05-10,GF1201,133.5,133.8,133.4,133.8,67.0,,饲牛1201,414.0,133.8,133.8
2011-05-11,GF1201,134.35,134.95,133.85,134.025,102.0,,饲牛1201,443.0,134.025,134.025
2011-05-12,GF1201,133.025,134.65,133.0,134.625,25.0,,饲牛1201,458.0,134.625,134.625
2011-05-13,GF1201,133.675,133.7,132.9,132.9,27.0,,饲牛1201,457.0,132.9,132.9
2011-05-16,GF1201,133.775,133.775,131.85,131.85,22.0,,饲牛1201,473.0,131.85,131.85
2011-05-17,GF1201,131.95,131.95,130.0,131.0,27.0,,饲牛1201,478.0,131.0,131.0
2011-05-18,GF1201,130.2,130.9,129.25,130.1,46.0,,饲牛1201,478.0,130.1,130.1
2011-05-19,GF1201,129.5,129.5,128.375,128.8,56.0,,饲牛1201,505.0,128.8,128.8
2011-05-20,GF1201,128.2,128.675,127.4,128.05,83.0,,饲牛1201,520.0,128.05,128.05
2011-05-23,GF1201,127.0,127.0,125.05,125.05,36.0,,饲牛1201,539.0,125.05,125.05
2011-05-24,GF1201,123.575,125.95,123.5,124.5,48.0,,饲牛1201,525.0,124.5,124.5
2011-05-25,GF1201,126.0,127.0,125.9,125.9,19.0,,饲牛1201,524.0,125.9,125.9
2011-05-26,GF1201,126.4,126.4,124.9,124.9,10.0,,饲牛1201,525.0,124.9,124.9
2011-05-27,GF1201,124.9,125.45,124.775,125.0,29.0,,饲牛1201,528.0,125.0,125.0
2011-05-31,GF1201,126.25,127.6,126.25,127.6,174.0,,饲牛1201,546.0,127.6,127.6
2011-06-01,GF1201,126.5,127.6,126.0,127.4,573.0,,饲牛1201,639.0,127.4,127.4
2011-06-02,GF1201,127.3,127.775,126.95,127.325,78.0,,饲牛1201,982.0,127.325,127.325
2011-06-03,GF1201,127.25,128.3,126.55,127.9,109.0,,饲牛1201,1002.0,127.9,127.9
2011-06-06,GF1201,128.0,129.425,127.2,127.2,62.0,,饲牛1201,1051.0,127.2,127.2
2011-06-07,GF1201,127.8,128.5,127.8,128.25,40.0,,饲牛1201,1060.0,128.25,128.25
2011-06-08,GF1201,128.275,128.775,127.7,128.0,37.0,,饲牛1201,1074.0,128.0,128.0
2011-06-09,GF1201,128.325,129.4,127.5,128.7,78.0,,饲牛1201,1067.0,128.7,128.7
2011-06-10,GF1201,127.95,127.95,127.5,127.675,58.0,,饲牛1201,1076.0,127.675,127.675
2011-06-13,GF1201,127.5,129.375,127.5,129.0,82.0,,饲牛1201,1113.0,129.0,129.0
2011-06-14,GF1201,129.25,131.175,129.25,130.4,147.0,,饲牛1201,1155.0,130.4,130.4
2011-06-15,GF1201,131.35,131.5,130.25,130.35,96.0,,饲牛1201,1178.0,130.35,130.35
2011-06-16,GF1201,130.55,133.35,130.55,133.0,123.0,,饲牛1201,1207.0,133.0,133.0
2011-06-17,GF1201,133.55,134.75,133.075,134.15,166.0,,饲牛1201,1236.0,134.15,134.15
2011-06-20,GF1201,134.975,137.05,134.975,136.4,142.0,,饲牛1201,1243.0,136.4,136.4
2011-06-21,GF1201,137.0,138.7,136.35,138.2,145.0,,饲牛1201,1254.0,138.2,138.2
2011-06-22,GF1201,138.0,139.0,136.8,137.95,138.0,,饲牛1201,1270.0,137.95,137.95
2011-06-23,GF1201,137.8,138.3,136.3,138.125,181.0,,饲牛1201,1317.0,138.125,138.125
2011-06-24,GF1201,137.875,139.0,136.95,138.925,73.0,,饲牛1201,1332.0,138.925,138.925
2011-06-27,GF1201,138.7,138.7,136.775,137.2,93.0,,饲牛1201,1350.0,137.2,137.2
2011-06-28,GF1201,137.125,137.9,136.8,137.875,418.0,,饲牛1201,1337.0,137.875,137.875
2011-06-29,GF1201,137.4,137.475,136.525,137.35,125.0,,饲牛1201,1274.0,137.35,137.35
2011-06-30,GF1201,137.15,138.6,136.6,137.5,158.0,,饲牛1201,1265.0,137.5,137.5
2011-07-01,GF1201,136.75,140.0,136.75,140.0,130.0,,饲牛1201,1309.0,140.0,140.0
2011-07-05,GF1201,139.5,141.0,139.2,140.9,234.0,,饲牛1201,1367.0,140.9,140.9
2011-07-06,GF1201,140.5,140.9,140.275,140.9,75.0,,饲牛1201,1463.0,140.9,140.9
2011-07-07,GF1201,140.7,143.6,140.7,143.55,199.0,,饲牛1201,1497.0,143.55,143.55
2011-07-08,GF1201,142.425,143.9,142.425,143.8,239.0,,饲牛1201,1600.0,143.8,143.8
2011-07-11,GF1201,143.25,143.25,141.4,143.1,243.0,,饲牛1201,1708.0,143.1,143.1
2011-07-12,GF1201,142.225,142.4,141.875,142.1,190.0,,饲牛1201,1799.0,142.1,142.1
2011-07-13,GF1201,141.8,142.5,139.6,140.25,263.0,,饲牛1201,1842.0,140.25,140.25
2011-07-14,GF1201,140.0,140.075,137.25,137.8,118.0,,饲牛1201,1823.0,137.8,137.8
2011-07-15,GF1201,137.0,137.75,135.8,137.2,186.0,,饲牛1201,1876.0,137.2,137.2
2011-07-18,GF1201,137.575,137.575,135.6,136.1,88.0,,饲牛1201,1849.0,136.1,136.1
2011-07-19,GF1201,136.5,138.9,136.4,136.95,71.0,,饲牛1201,1842.0,136.95,136.95
2011-07-20,GF1201,137.0,137.675,136.3,136.65,58.0,,饲牛1201,1843.0,136.65,136.65
2011-07-21,GF1201,136.95,138.125,136.9,136.9,74.0,,饲牛1201,1853.0,136.9,136.9
2011-07-22,GF1201,137.25,139.4,137.1,138.5,169.0,,饲牛1201,1865.0,138.5,138.5
2011-07-25,GF1201,137.425,138.95,137.025,138.5,102.0,,饲牛1201,1892.0,138.5,138.5
2011-07-26,GF1201,138.5,139.4,138.1,138.75,232.0,,饲牛1201,1904.0,138.75,138.75
2011-07-27,GF1201,138.85,139.15,137.9,138.55,198.0,,饲牛1201,1994.0,138.55,138.55
2011-07-28,GF1201,137.5,138.65,137.475,138.55,159.0,,饲牛1201,2062.0,138.55,138.55
2011-07-29,GF1201,138.3,140.375,138.1,140.2,480.0,,饲牛1201,2091.0,140.2,140.2
2011-08-01,GF1201,140.3,141.6,140.075,140.8,291.0,,饲牛1201,2292.0,140.8,140.8
2011-08-02,GF1201,140.45,140.975,138.725,139.3,303.0,,饲牛1201,2331.0,139.3,139.3
2011-08-03,GF1201,138.8,138.925,136.85,138.1,466.0,,饲牛1201,2375.0,138.1,138.1
2011-08-04,GF1201,138.025,138.425,136.8,137.325,666.0,,饲牛1201,2452.0,137.325,137.325
2011-08-05,GF1201,136.5,138.3,136.0,138.2,654.0,,饲牛1201,2641.0,138.2,138.2
2011-08-08,GF1201,137.05,137.975,136.05,136.4,357.0,,饲牛1201,2786.0,136.4,136.4
2011-08-09,GF1201,136.05,138.0,135.05,137.4,229.0,,饲牛1201,2850.0,137.4,137.4
2011-08-10,GF1201,138.15,138.475,137.2,137.675,233.0,,饲牛1201,2895.0,137.675,137.675
2011-08-11,GF1201,137.4,139.75,136.75,138.875,402.0,,饲牛1201,2873.0,138.875,138.875
2011-08-12,GF1201,139.25,140.625,139.25,139.95,231.0,,饲牛1201,3017.0,139.95,139.95
2011-08-15,GF1201,139.975,140.6,138.975,139.975,182.0,,饲牛1201,3034.0,139.975,139.975
2011-08-16,GF1201,139.9,140.325,139.3,139.75,174.0,,饲牛1201,3123.0,139.75,139.75
2011-08-17,GF1201,139.4,139.75,137.05,137.45,241.0,,饲牛1201,3187.0,137.45,137.45
2011-08-18,GF1201,137.1,137.2,135.5,135.75,399.0,,饲牛1201,3209.0,135.75,135.75
2011-08-19,GF1201,135.525,136.7,135.15,136.375,177.0,,饲牛1201,3342.0,136.375,136.375
2011-08-22,GF1201,136.8,136.95,136.0,136.55,223.0,,饲牛1201,3391.0,136.55,136.55
2011-08-23,GF1201,136.7,136.775,136.2,136.4,69.0,,饲牛1201,3440.0,136.4,136.4
2011-08-24,GF1201,136.225,136.4,133.8,134.325,307.0,,饲牛1201,3445.0,134.325,134.325
2011-08-25,GF1201,134.2,134.7,133.2,134.125,463.0,,饲牛1201,3523.0,134.125,134.125
2011-08-26,GF1201,134.8,136.075,133.825,135.025,361.0,,饲牛1201,3597.0,135.025,135.025
2011-08-29,GF1201,135.075,135.65,134.1,134.725,267.0,,饲牛1201,3665.0,134.725,134.725
2011-08-30,GF1201,135.0,135.5,134.425,135.25,256.0,,饲牛1201,3708.0,135.25,135.25
2011-08-31,GF1201,134.925,135.45,134.525,135.275,366.0,,饲牛1201,3720.0,135.275,135.275
2011-09-01,GF1201,134.65,135.8,134.4,135.325,529.0,,饲牛1201,3804.0,135.325,135.325
2011-09-02,GF1201,135.175,136.35,134.7,136.05,628.0,,饲牛1201,3879.0,136.05,136.05
2011-09-06,GF1201,135.65,137.2,135.2,137.175,893.0,,饲牛1201,4005.0,137.175,137.175
2011-09-07,GF1201,137.15,138.0,137.15,137.675,483.0,,饲牛1201,4122.0,137.675,137.675
2011-09-08,GF1201,137.75,138.85,136.2,138.7,1111.0,,饲牛1201,4220.0,138.7,138.7
2011-09-09,GF1201,138.7,139.0,137.675,138.225,1713.0,,饲牛1201,4520.0,138.225,138.225
2011-09-12,GF1201,138.075,139.3,137.85,138.775,772.0,,饲牛1201,5028.0,138.775,138.775
2011-09-13,GF1201,138.75,140.2,138.75,139.975,1127.0,,饲牛1201,5139.0,139.975,139.975
2011-09-14,GF1201,139.9,141.9,139.9,141.575,1246.0,,饲牛1201,5148.0,141.575,141.575
2011-09-15,GF1201,141.25,142.05,140.575,140.7,744.0,,饲牛1201,5002.0,140.7,140.7
2011-09-16,GF1201,140.75,141.4,140.05,140.9,564.0,,饲牛1201,5046.0,140.9,140.9
2011-09-19,GF1201,140.5,141.0,139.8,140.35,598.0,,饲牛1201,5076.0,140.35,140.35
2011-09-20,GF1201,140.0,141.65,140.0,141.475,611.0,,饲牛1201,5102.0,141.475,141.475
2011-09-21,GF1201,141.4,142.5,140.75,141.4,700.0,,饲牛1201,5271.0,141.4,141.4
2011-09-22,GF1201,140.7,140.7,138.4,138.65,1003.0,,饲牛1201,5420.0,138.65,138.65
2011-09-23,GF1201,138.525,139.5,138.0,138.7,837.0,,饲牛1201,5495.0,138.7,138.7
2011-09-26,GF1201,140.225,141.7,140.225,141.7,1058.0,,饲牛1201,5579.0,141.7,141.7
2011-09-27,GF1201,143.0,144.7,142.45,144.025,2316.0,,饲牛1201,5816.0,144.025,144.025
2011-09-28,GF1201,143.625,144.85,143.6,144.225,1159.0,,饲牛1201,6709.0,144.225,144.225
2011-09-29,GF1201,143.9,144.975,143.55,144.2,671.0,,饲牛1201,7192.0,144.2,144.2
2011-09-30,GF1201,144.5,146.75,143.475,146.075,1456.0,,饲牛1201,7427.0,146.075,146.075
2011-10-03,GF1201,146.2,147.675,144.825,145.2,3021.0,,饲牛1201,7587.0,145.2,145.2
2011-10-04,GF1201,145.45,145.75,142.75,143.45,2486.0,,饲牛1201,8236.0,143.45,143.45
2011-10-05,GF1201,144.1,144.575,143.625,144.375,1197.0,,饲牛1201,8432.0,144.375,144.375
2011-10-06,GF1201,144.35,144.4,143.55,144.375,1941.0,,饲牛1201,9046.0,144.375,144.375
2011-10-07,GF1201,144.0,145.25,144.0,144.675,1640.0,,饲牛1201,9051.0,144.675,144.675
2011-10-10,GF1201,145.0,146.35,144.175,145.15,2213.0,,饲牛1201,9062.0,145.15,145.15
2011-10-11,GF1201,145.775,146.25,144.625,145.35,2322.0,,饲牛1201,9198.0,145.35,145.35
2011-10-12,GF1201,145.75,146.5,145.3,145.85,2142.0,,饲牛1201,9992.0,145.85,145.85
2011-10-13,GF1201,145.6,146.95,144.2,146.4,2442.0,,饲牛1201,10623.0,146.4,146.4
2011-10-14,GF1201,146.6,147.825,146.125,147.475,1855.0,,饲牛1201,11237.0,147.475,147.475
2011-10-17,GF1201,147.5,148.475,146.4,147.925,1808.0,,饲牛1201,11734.0,147.925,147.925
2011-10-18,GF1201,147.7,148.65,146.925,147.3,2155.0,,饲牛1201,12075.0,147.3,147.3
2011-10-19,GF1201,147.3,148.4,146.425,146.75,1655.0,,饲牛1201,12662.0,146.75,146.75
2011-10-20,GF1201,146.4,147.45,145.725,146.975,2656.0,,饲牛1201,13121.0,146.975,146.975
2011-10-21,GF1201,147.175,148.75,147.0,147.6,2311.0,,饲牛1201,13758.0,147.6,147.6
2011-10-24,GF1201,147.6,148.25,147.4,147.975,1530.0,,饲牛1201,14375.0,147.975,147.975
2011-10-25,GF1201,148.075,148.15,146.475,146.75,1724.0,,饲牛1201,14798.0,146.75,146.75
2011-10-26,GF1201,146.525,147.5,145.825,146.275,2272.0,,饲牛1201,15030.0,146.275,146.275
2011-10-27,GF1201,146.275,147.05,145.35,145.95,2575.0,,饲牛1201,15448.0,145.95,145.95
2011-10-28,GF1201,146.0,147.275,145.325,145.6,2610.0,,饲牛1201,15542.0,145.6,145.6
2011-10-31,GF1201,144.8,145.55,144.35,144.65,2802.0,,饲牛1201,15860.0,144.65,144.65
2011-11-01,GF1201,144.625,147.65,143.25,147.5,3510.0,,饲牛1201,15692.0,147.5,147.5
2011-11-02,GF1201,147.75,147.8,146.775,147.5,1926.0,,饲牛1201,15394.0,147.5,147.5
2011-11-03,GF1201,147.15,147.775,146.75,147.4,1949.0,,饲牛1201,15461.0,147.4,147.4
2011-11-04,GF1201,147.375,148.65,146.975,147.4,2833.0,,饲牛1201,15847.0,147.4,147.4
2011-11-07,GF1201,147.9,147.9,146.45,146.775,2174.0,,饲牛1201,15861.0,146.775,146.775
2011-11-08,GF1201,146.5,147.25,145.475,145.5,2246.0,,饲牛1201,15872.0,145.5,145.5
2011-11-09,GF1201,145.525,146.0,145.0,145.35,1801.0,,饲牛1201,16013.0,145.35,145.35
2011-11-10,GF1201,145.425,147.45,145.3,145.675,2638.0,,饲牛1201,15818.0,145.675,145.675
2011-11-11,GF1201,145.525,146.35,145.1,145.675,1917.0,,饲牛1201,15861.0,145.675,145.675
2011-11-14,GF1201,146.0,146.375,145.625,145.8,1695.0,,饲牛1201,15885.0,145.8,145.8
2011-11-15,GF1201,145.9,148.5,145.9,148.375,2761.0,,饲牛1201,16227.0,148.375,148.375
2011-11-16,GF1201,148.1,149.025,147.375,148.875,2099.0,,饲牛1201,16633.0,148.875,148.875
2011-11-17,GF1201,148.675,149.95,147.3,149.575,3521.0,,饲牛1201,17146.0,149.575,149.575
2011-11-18,GF1201,149.75,149.85,147.325,147.425,3643.0,,饲牛1201,18274.0,147.425,147.425
2011-11-21,GF1201,147.425,147.625,145.525,146.175,3444.0,,饲牛1201,18143.0,146.175,146.175
2011-11-22,GF1201,146.175,147.45,146.0,147.025,1529.0,,饲牛1201,17264.0,147.025,147.025
2011-11-23,GF1201,147.05,147.125,145.625,145.8,3109.0,,饲牛1201,17108.0,145.8,145.8
2011-11-25,GF1201,145.75,146.075,144.6,144.625,2423.0,,饲牛1201,16365.0,144.625,144.625
2011-11-28,GF1201,145.2,145.7,144.65,144.725,3214.0,,饲牛1201,15814.0,144.725,144.725
2011-11-29,GF1201,145.025,145.375,144.55,144.825,2059.0,,饲牛1201,16236.0,144.825,144.825
2011-11-30,GF1201,145.2,146.775,144.575,146.025,2210.0,,饲牛1201,15599.0,146.025,146.025
2011-12-01,GF1201,146.45,146.675,145.3,146.1,2150.0,,饲牛1201,15344.0,146.1,146.1
2011-12-02,GF1201,146.125,147.375,146.125,147.075,2595.0,,饲牛1201,14973.0,147.075,147.075
2011-12-05,GF1201,146.7,147.2,144.225,144.3,3414.0,,饲牛1201,15203.0,144.3,144.3
2011-12-06,GF1201,144.6,144.8,141.8,142.125,5816.0,,饲牛1201,14661.0,142.125,142.125
2011-12-07,GF1201,142.325,143.075,141.275,142.725,3900.0,,饲牛1201,12982.0,142.725,142.725
2011-12-08,GF1201,143.0,143.725,142.35,142.475,2188.0,,饲牛1201,12199.0,142.475,142.475
2011-12-09,GF1201,142.525,142.675,141.525,142.1,2640.0,,饲牛1201,11713.0,142.1,142.1
2011-12-12,GF1201,141.775,143.15,140.9,143.0,2880.0,,饲牛1201,11337.0,143.0,143.0
2011-12-13,GF1201,143.125,144.55,143.0,143.9,3147.0,,饲牛1201,10751.0,143.9,143.9
2011-12-14,GF1201,143.6,144.05,142.675,143.75,1763.0,,饲牛1201,10257.0,143.75,143.75
2011-12-15,GF1201,143.725,144.25,143.15,143.975,1141.0,,饲牛1201,10072.0,143.975,143.975
2011-12-16,GF1201,143.875,143.875,142.5,143.05,1470.0,,饲牛1201,9856.0,143.05,143.05
2011-12-19,GF1201,142.9,145.1,142.725,144.675,1660.0,,饲牛1201,9516.0,144.675,144.675
2011-12-20,GF1201,144.325,144.875,143.55,144.325,1095.0,,饲牛1201,8964.0,144.325,144.325
2011-12-21,GF1201,144.3,145.575,143.6,144.375,1255.0,,饲牛1201,8631.0,144.375,144.375
2011-12-22,GF1201,144.45,147.275,144.45,146.875,1302.0,,饲牛1201,8265.0,146.875,146.875
2011-12-23,GF1201,147.175,147.75,146.975,147.625,1326.0,,饲牛1201,7987.0,147.625,147.625
2011-12-27,GF1201,147.45,147.575,146.375,147.15,1514.0,,饲牛1201,7834.0,147.15,147.15
2011-12-28,GF1201,146.975,147.725,146.525,147.2,1567.0,,饲牛1201,7665.0,147.2,147.2
2011-12-29,GF1201,147.3,147.65,146.7,146.875,1303.0,,饲牛1201,7088.0,146.875,146.875
2011-12-30,GF1201,147.1,147.225,146.325,146.35,995.0,,饲牛1201,6747.0,146.35,146.35
2012-01-03,GF1201,146.85,147.675,146.55,146.675,961.0,,饲牛1201,6558.0,146.675,146.675
2012-01-04,GF1201,146.7,147.8,146.65,147.75,842.0,,饲牛1201,6181.0,147.75,147.75
2012-01-05,GF1201,147.75,148.95,147.5,147.875,1862.0,,饲牛1201,5829.0,147.875,147.875
2012-01-06,GF1201,148.175,148.65,147.05,147.3,1199.0,,饲牛1201,5569.0,147.3,147.3
2012-01-09,GF1201,147.4,148.4,147.0,147.8,918.0,,饲牛1201,5006.0,147.8,147.8
2012-01-10,GF1201,148.35,149.075,148.3,148.85,1194.0,,饲牛1201,4844.0,148.85,148.85
2012-01-11,GF1201,149.15,149.225,148.425,148.675,710.0,,饲牛1201,4371.0,148.675,148.675
2012-01-12,GF1201,148.75,149.8,148.025,149.475,1392.0,,饲牛1201,4164.0,149.475,149.475
2012-01-13,GF1201,149.45,150.675,149.375,150.575,904.0,,饲牛1201,3949.0,150.575,150.575
2012-01-17,GF1201,150.725,151.275,150.55,150.65,689.0,,饲牛1201,3760.0,150.65,150.65
2012-01-18,GF1201,150.75,151.3,150.575,150.925,490.0,,饲牛1201,3375.0,150.925,150.925
2012-01-19,GF1201,151.1,151.85,151.1,151.7,417.0,,饲牛1201,3158.0,151.7,151.7
2012-01-20,GF1201,151.725,152.4,151.55,151.625,749.0,,饲牛1201,3053.0,151.625,151.625
2012-01-23,GF1201,152.0,152.0,151.5,151.9,525.0,,饲牛1201,2695.0,151.9,151.9
2012-01-24,GF1201,151.95,152.35,151.9,152.325,597.0,,饲牛1201,2483.0,152.325,152.325
2012-01-25,GF1201,152.2,152.825,152.175,152.525,689.0,,饲牛1201,2205.0,152.525,152.525
2012-01-26,GF1201,152.9,153.025,152.8,153.0,650.0,,饲牛1201,2015.0,153.0,153.0
2012-01-27,GF1201,,,,153.07,,,饲牛1201,2000.0,153.07,153.07
