date,symbol,open,high,low,close,volume,amount,name,openinterest,settleprice,price
2011-10-28,GF1210,,,,147.425,,,饲牛1210,,147.425,147.425
2011-10-31,GF1210,,,,147.425,,,饲牛1210,,147.425,147.425
2011-11-01,GF1210,147.0,150.0,147.0,148.4,7.0,,饲牛1210,,148.4,148.4
2011-11-02,GF1210,,,,149.5,,,饲牛1210,5.0,149.5,149.5
2011-11-03,GF1210,149.075,149.5,149.075,149.5,2.0,,饲牛1210,5.0,149.5,149.5
2011-11-04,GF1210,149.0,149.675,149.0,149.5,25.0,,饲牛1210,7.0,149.5,149.5
2011-11-07,GF1210,149.35,149.5,149.35,149.5,2.0,,饲牛1210,19.0,149.5,149.5
2011-11-08,GF1210,149.125,149.5,149.125,149.5,2.0,,饲牛1210,19.0,149.5,149.5
2011-11-09,GF1210,149.25,150.175,148.775,149.9,14.0,,饲牛1210,19.0,149.9,149.9
2011-11-10,GF1210,150.0,150.25,149.35,149.9,16.0,,饲牛1210,27.0,149.9,149.9
2011-11-11,GF1210,150.0,150.25,149.6,150.25,8.0,,饲牛1210,39.0,150.25,150.25
2011-11-14,GF1210,150.0,150.05,150.0,150.05,15.0,,饲牛1210,43.0,150.05,150.05
2011-11-15,GF1210,150.5,152.65,150.5,152.65,23.0,,饲牛1210,55.0,152.65,152.65
2011-11-16,GF1210,152.1,153.4,151.75,153.4,15.0,,饲牛1210,71.0,153.4,153.4
2011-11-17,GF1210,152.8,153.5,152.7,153.25,17.0,,饲牛1210,77.0,153.25,153.25
2011-11-18,GF1210,,,,152.0,,,饲牛1210,89.0,152.0,152.0
2011-11-21,GF1210,150.075,150.8,150.075,150.8,2.0,,饲牛1210,89.0,150.8,150.8
2011-11-22,GF1210,151.5,151.975,151.5,151.8,4.0,,饲牛1210,91.0,151.8,151.8
2011-11-23,GF1210,151.0,152.0,151.0,151.5,8.0,,饲牛1210,94.0,151.5,151.5
2011-11-25,GF1210,,,,151.5,,,饲牛1210,99.0,151.5,151.5
2011-11-28,GF1210,151.1,151.5,150.85,151.5,3.0,,饲牛1210,99.0,151.5,151.5
2011-11-29,GF1210,150.95,151.5,150.95,151.5,2.0,,饲牛1210,102.0,151.5,151.5
2011-11-30,GF1210,152.1,152.35,151.825,152.1,25.0,,饲牛1210,102.0,152.1,152.1
2011-12-01,GF1210,151.9,152.4,151.9,152.1,16.0,,饲牛1210,115.0,152.1,152.1
2011-12-02,GF1210,152.375,152.55,152.1,152.1,13.0,,饲牛1210,126.0,152.1,152.1
2011-12-05,GF1210,152.9,152.9,150.5,151.0,35.0,,饲牛1210,138.0,151.0,151.0
2011-12-06,GF1210,149.8,150.0,149.025,149.3,12.0,,饲牛1210,153.0,149.3,149.3
2011-12-07,GF1210,149.3,149.825,149.3,149.3,2.0,,饲牛1210,158.0,149.3,149.3
2011-12-08,GF1210,150.0,150.0,149.3,149.3,27.0,,饲牛1210,158.0,149.3,149.3
2011-12-09,GF1210,149.0,149.3,148.85,149.3,3.0,,饲牛1210,176.0,149.3,149.3
2011-12-12,GF1210,148.75,149.3,148.1,149.3,7.0,,饲牛1210,176.0,149.3,149.3
2011-12-13,GF1210,150.075,150.75,150.05,150.75,7.0,,饲牛1210,181.0,150.75,150.75
2011-12-14,GF1210,149.8,150.35,149.4,150.0,14.0,,饲牛1210,186.0,150.0,150.0
2011-12-15,GF1210,149.9,150.0,149.9,150.0,1.0,,饲牛1210,189.0,150.0,150.0
2011-12-16,GF1210,149.1,150.0,148.9,150.0,8.0,,饲牛1210,189.0,150.0,150.0
2011-12-19,GF1210,149.75,151.0,149.55,150.9,10.0,,饲牛1210,194.0,150.9,150.9
2011-12-20,GF1210,,,,150.6,,,饲牛1210,193.0,150.6,150.6
2011-12-21,GF1210,,,,150.6,,,饲牛1210,193.0,150.6,150.6
2011-12-22,GF1210,150.575,152.65,150.575,152.2,36.0,,饲牛1210,193.0,152.2,152.2
2011-12-23,GF1210,152.8,153.35,152.65,153.35,25.0,,饲牛1210,213.0,153.35,153.35
2011-12-27,GF1210,153.3,153.35,152.35,152.75,18.0,,饲牛1210,231.0,152.75,152.75
2011-12-28,GF1210,153.0,153.25,152.75,152.75,12.0,,饲牛1210,234.0,152.75,152.75
2011-12-29,GF1210,153.0,153.0,152.5,152.6,9.0,,饲牛1210,242.0,152.6,152.6
2011-12-30,GF1210,152.65,152.7,152.4,152.5,11.0,,饲牛1210,245.0,152.5,152.5
2012-01-03,GF1210,153.0,153.25,152.975,153.25,34.0,,饲牛1210,251.0,153.25,153.25
2012-01-04,GF1210,153.0,154.1,153.0,154.1,15.0,,饲牛1210,280.0,154.1,154.1
2012-01-05,GF1210,153.9,154.9,153.65,154.45,29.0,,饲牛1210,289.0,154.45,154.45
2012-01-06,GF1210,154.0,154.25,153.975,154.0,9.0,,饲牛1210,310.0,154.0,154.0
2012-01-09,GF1210,153.475,154.15,153.05,154.15,21.0,,饲牛1210,311.0,154.15,154.15
2012-01-10,GF1210,154.0,155.1,154.0,155.1,42.0,,饲牛1210,318.0,155.1,155.1
2012-01-11,GF1210,155.0,155.025,154.3,155.0,21.0,,饲牛1210,346.0,155.0,155.0
2012-01-12,GF1210,154.75,155.55,154.75,155.55,83.0,,饲牛1210,358.0,155.55,155.55
2012-01-13,GF1210,155.3,156.25,155.0,155.9,104.0,,饲牛1210,386.0,155.9,155.9
2012-01-17,GF1210,155.9,156.7,155.725,156.15,38.0,,饲牛1210,457.0,156.15,156.15
2012-01-18,GF1210,155.65,156.3,155.65,156.3,9.0,,饲牛1210,466.0,156.3,156.3
2012-01-19,GF1210,156.1,157.0,155.9,157.0,50.0,,饲牛1210,472.0,157.0,157.0
2012-01-20,GF1210,157.0,157.65,156.875,157.3,47.0,,饲牛1210,497.0,157.3,157.3
2012-01-23,GF1210,157.225,157.4,157.0,157.4,31.0,,饲牛1210,525.0,157.4,157.4
2012-01-24,GF1210,157.625,158.65,157.55,158.65,48.0,,饲牛1210,536.0,158.65,158.65
2012-01-25,GF1210,158.55,159.0,157.8,159.0,94.0,,饲牛1210,557.0,159.0,159.0
2012-01-26,GF1210,158.525,158.525,157.525,158.1,80.0,,饲牛1210,580.0,158.1,158.1
2012-01-27,GF1210,157.65,158.85,157.65,158.85,29.0,,饲牛1210,608.0,158.85,158.85
2012-01-30,GF1210,158.5,158.7,157.6,158.7,38.0,,饲牛1210,614.0,158.7,158.7
2012-01-31,GF1210,158.75,159.6,158.75,159.6,62.0,,饲牛1210,634.0,159.6,159.6
2012-02-01,GF1210,159.5,160.1,158.9,160.1,93.0,,饲牛1210,656.0,160.1,160.1
2012-02-02,GF1210,159.775,160.1,159.45,160.1,55.0,,饲牛1210,699.0,160.1,160.1
2012-02-03,GF1210,159.8,160.0,159.1,159.4,57.0,,饲牛1210,720.0,159.4,159.4
2012-02-06,GF1210,159.0,159.15,158.5,159.15,74.0,,饲牛1210,747.0,159.15,159.15
2012-02-07,GF1210,158.975,159.825,158.9,159.8,42.0,,饲牛1210,795.0,159.8,159.8
2012-02-08,GF1210,160.0,160.1,159.225,160.1,68.0,,饲牛1210,821.0,160.1,160.1
2012-02-09,GF1210,159.725,160.2,159.45,159.9,37.0,,饲牛1210,846.0,159.9,159.9
2012-02-10,GF1210,159.75,159.75,158.5,158.75,123.0,,饲牛1210,860.0,158.75,158.75
2012-02-13,GF1210,159.225,159.85,159.075,159.85,69.0,,饲牛1210,910.0,159.85,159.85
2012-02-14,GF1210,159.7,160.8,159.55,160.75,148.0,,饲牛1210,924.0,160.75,160.75
2012-02-15,GF1210,160.625,161.0,159.9,160.75,88.0,,饲牛1210,977.0,160.75,160.75
2012-02-16,GF1210,160.5,161.3,160.475,161.25,60.0,,饲牛1210,1028.0,161.25,161.25
2012-02-17,GF1210,161.25,162.6,161.25,162.6,143.0,,饲牛1210,1031.0,162.6,162.6
2012-02-21,GF1210,162.5,162.75,162.1,162.75,57.0,,饲牛1210,1101.0,162.75,162.75
2012-02-22,GF1210,162.425,162.75,162.3,162.75,51.0,,饲牛1210,1100.0,162.75,162.75
2012-02-23,GF1210,162.5,162.6,161.675,162.0,56.0,,饲牛1210,1129.0,162.0,162.0
2012-02-24,GF1210,162.1,162.5,161.9,162.45,114.0,,饲牛1210,1150.0,162.45,162.45
2012-02-27,GF1210,162.2,162.2,161.0,161.75,44.0,,饲牛1210,1180.0,161.75,161.75
2012-02-28,GF1210,161.5,161.675,160.35,160.8,47.0,,饲牛1210,1179.0,160.8,160.8
2012-02-29,GF1210,161.675,162.65,161.1,162.65,70.0,,饲牛1210,1187.0,162.65,162.65
2012-03-01,GF1210,162.25,163.7,162.025,163.5,69.0,,饲牛1210,1221.0,163.5,163.5
2012-03-02,GF1210,163.5,163.6,163.0,163.5,33.0,,饲牛1210,1262.0,163.5,163.5
2012-03-05,GF1210,163.3,163.3,161.225,161.7,34.0,,饲牛1210,1280.0,161.7,161.7
2012-03-06,GF1210,161.2,161.2,158.8,159.25,142.0,,饲牛1210,1284.0,159.25,159.25
2012-03-07,GF1210,159.075,159.5,158.1,159.275,200.0,,饲牛1210,1311.0,159.275,159.275
2012-03-08,GF1210,160.0,160.525,159.5,160.5,136.0,,饲牛1210,1299.0,160.5,160.5
2012-03-09,GF1210,160.0,160.0,158.825,159.2,101.0,,饲牛1210,1362.0,159.2,159.2
2012-03-12,GF1210,158.975,159.9,157.475,159.9,138.0,,饲牛1210,1366.0,159.9,159.9
2012-03-13,GF1210,160.0,161.1,159.925,161.1,113.0,,饲牛1210,1370.0,161.1,161.1
2012-03-14,GF1210,160.75,160.8,160.6,160.8,22.0,,饲牛1210,1410.0,160.8,160.8
2012-03-15,GF1210,160.6,161.0,158.75,159.1,42.0,,饲牛1210,1413.0,159.1,159.1
2012-03-16,GF1210,159.1,159.1,157.0,158.2,106.0,,饲牛1210,1416.0,158.2,158.2
2012-03-19,GF1210,157.0,157.95,156.7,157.1,43.0,,饲牛1210,1405.0,157.1,157.1
2012-03-20,GF1210,156.75,156.75,155.625,156.3,171.0,,饲牛1210,1409.0,156.3,156.3
2012-03-21,GF1210,156.0,157.1,155.75,157.1,77.0,,饲牛1210,1434.0,157.1,157.1
2012-03-22,GF1210,156.975,158.125,156.95,157.4,133.0,,饲牛1210,1454.0,157.4,157.4
2012-03-23,GF1210,157.225,157.225,155.35,156.8,85.0,,饲牛1210,1477.0,156.8,156.8
2012-03-26,GF1210,157.0,157.0,155.9,156.8,102.0,,饲牛1210,1504.0,156.8,156.8
2012-03-27,GF1210,156.95,158.75,156.725,158.575,172.0,,饲牛1210,1512.0,158.575,158.575
2012-03-28,GF1210,158.0,158.0,156.85,157.5,154.0,,饲牛1210,1547.0,157.5,157.5
2012-03-29,GF1210,157.2,157.875,155.35,156.1,189.0,,饲牛1210,1546.0,156.1,156.1
2012-03-30,GF1210,156.5,156.5,154.0,154.025,239.0,,饲牛1210,1592.0,154.025,154.025
2012-04-02,GF1210,154.8,155.25,152.6,154.675,361.0,,饲牛1210,1576.0,154.675,154.675
2012-04-03,GF1210,154.7,154.7,153.0,153.9,270.0,,饲牛1210,1694.0,153.9,153.9
2012-04-04,GF1210,153.1,153.65,151.55,152.55,409.0,,饲牛1210,1735.0,152.55,152.55
2012-04-05,GF1210,152.35,153.15,152.05,153.125,222.0,,饲牛1210,1858.0,153.125,153.125
2012-04-09,GF1210,152.925,154.425,152.4,152.425,161.0,,饲牛1210,1874.0,152.425,152.425
2012-04-10,GF1210,153.025,153.25,152.0,152.6,579.0,,饲牛1210,1886.0,152.6,152.6
2012-04-11,GF1210,151.95,155.05,151.725,154.425,359.0,,饲牛1210,2007.0,154.425,154.425
2012-04-12,GF1210,155.25,157.425,155.25,157.425,282.0,,饲牛1210,2106.0,157.425,157.425
2012-04-13,GF1210,157.85,158.1,157.0,157.775,368.0,,饲牛1210,2157.0,157.775,157.775
2012-04-16,GF1210,157.75,158.025,157.15,157.875,335.0,,饲牛1210,2192.0,157.875,157.875
2012-04-17,GF1210,158.05,159.4,158.0,159.4,387.0,,饲牛1210,2292.0,159.4,159.4
2012-04-18,GF1210,159.4,159.75,158.0,158.5,528.0,,饲牛1210,2375.0,158.5,158.5
2012-04-19,GF1210,158.65,158.8,157.7,158.4,330.0,,饲牛1210,2436.0,158.4,158.4
2012-04-20,GF1210,158.5,158.8,157.8,157.9,209.0,,饲牛1210,2474.0,157.9,157.9
2012-04-23,GF1210,157.25,157.25,155.925,156.75,238.0,,饲牛1210,2556.0,156.75,156.75
2012-04-24,GF1210,156.85,157.2,153.75,153.775,486.0,,饲牛1210,2620.0,153.775,153.775
2012-04-25,GF1210,154.375,155.225,153.65,154.8,514.0,,饲牛1210,2681.0,154.8,154.8
2012-04-26,GF1210,154.975,155.475,153.7,154.05,518.0,,饲牛1210,2869.0,154.05,154.05
2012-04-27,GF1210,153.525,154.575,152.65,154.475,600.0,,饲牛1210,3134.0,154.475,154.475
2012-04-30,GF1210,154.65,156.15,153.9,156.15,463.0,,饲牛1210,3174.0,156.15,156.15
2012-05-01,GF1210,156.05,156.9,155.9,156.65,420.0,,饲牛1210,3149.0,156.65,156.65
2012-05-02,GF1210,156.75,157.2,156.175,156.675,714.0,,饲牛1210,3255.0,156.675,156.675
2012-05-03,GF1210,156.35,159.675,156.35,159.675,1196.0,,饲牛1210,3442.0,159.675,159.675
2012-05-04,GF1210,159.65,160.3,159.075,160.175,1222.0,,饲牛1210,3638.0,160.175,160.175
2012-05-07,GF1210,159.9,161.7,159.8,161.65,1449.0,,饲牛1210,3978.0,161.65,161.65
2012-05-08,GF1210,161.175,161.575,160.4,160.925,796.0,,饲牛1210,4234.0,160.925,160.925
2012-05-09,GF1210,161.05,161.325,160.175,160.95,1412.0,,饲牛1210,4348.0,160.95,160.95
2012-05-10,GF1210,161.075,161.925,161.0,161.35,1191.0,,饲牛1210,4792.0,161.35,161.35
2012-05-11,GF1210,160.15,160.7,159.725,160.0,781.0,,饲牛1210,4835.0,160.0,160.0
2012-05-14,GF1210,159.75,160.2,158.8,160.025,733.0,,饲牛1210,4698.0,160.025,160.025
2012-05-15,GF1210,159.8,160.625,159.75,160.525,370.0,,饲牛1210,4654.0,160.525,160.525
2012-05-16,GF1210,160.45,161.65,160.45,161.4,533.0,,饲牛1210,4715.0,161.4,161.4
2012-05-17,GF1210,161.5,162.45,161.5,162.425,539.0,,饲牛1210,4760.0,162.425,162.425
2012-05-18,GF1210,162.4,163.5,162.125,162.875,754.0,,饲牛1210,4875.0,162.875,162.875
2012-05-21,GF1210,163.725,163.725,161.35,161.6,468.0,,饲牛1210,4928.0,161.6,161.6
2012-05-22,GF1210,161.625,162.75,161.45,162.35,514.0,,饲牛1210,4949.0,162.35,162.35
2012-05-23,GF1210,162.25,162.575,160.4,160.675,716.0,,饲牛1210,5037.0,160.675,160.675
2012-05-24,GF1210,160.575,161.375,160.575,161.175,242.0,,饲牛1210,5062.0,161.175,161.175
2012-05-25,GF1210,161.35,162.05,160.5,160.75,412.0,,饲牛1210,5083.0,160.75,160.75
2012-05-29,GF1210,160.9,161.825,159.9,160.05,508.0,,饲牛1210,5171.0,160.05,160.05
2012-05-30,GF1210,160.5,160.5,157.2,158.6,672.0,,饲牛1210,5151.0,158.6,158.6
2012-05-31,GF1210,158.35,159.95,158.175,159.25,604.0,,饲牛1210,5164.0,159.25,159.25
2012-06-01,GF1210,159.625,160.125,158.35,159.75,601.0,,饲牛1210,5126.0,159.75,159.75
2012-06-04,GF1210,159.75,161.0,159.375,160.7,445.0,,饲牛1210,5178.0,160.7,160.7
2012-06-05,GF1210,160.925,161.425,160.725,161.0,488.0,,饲牛1210,5182.0,161.0,161.0
2012-06-06,GF1210,160.8,161.45,160.2,160.25,548.0,,饲牛1210,5158.0,160.25,160.25
2012-06-07,GF1210,160.45,161.5,159.9,161.225,848.0,,饲牛1210,5206.0,161.225,161.225
2012-06-08,GF1210,161.425,161.925,161.0,161.45,535.0,,饲牛1210,5122.0,161.45,161.45
2012-06-11,GF1210,161.5,162.375,161.3,162.175,1385.0,,饲牛1210,5008.0,162.175,162.175
2012-06-12,GF1210,161.9,163.4,161.775,163.075,1322.0,,饲牛1210,4882.0,163.075,163.075
2012-06-13,GF1210,163.175,163.45,160.6,160.75,1256.0,,饲牛1210,4675.0,160.75,160.75
2012-06-14,GF1210,161.0,161.3,158.625,158.7,822.0,,饲牛1210,4690.0,158.7,158.7
2012-06-15,GF1210,159.175,159.25,158.125,158.475,794.0,,饲牛1210,4648.0,158.475,158.475
2012-06-18,GF1210,158.575,159.9,157.55,158.7,531.0,,饲牛1210,4595.0,158.7,158.7
2012-06-19,GF1210,158.2,158.25,156.125,156.45,966.0,,饲牛1210,4646.0,156.45,156.45
2012-06-20,GF1210,156.65,157.25,155.85,156.15,1138.0,,饲牛1210,4515.0,156.15,156.15
2012-06-21,GF1210,156.125,156.8,155.575,156.075,458.0,,饲牛1210,4586.0,156.075,156.075
2012-06-22,GF1210,156.1,156.6,155.25,156.075,671.0,,饲牛1210,4631.0,156.075,156.075
2012-06-25,GF1210,155.225,155.225,153.075,153.1,1069.0,,饲牛1210,4703.0,153.1,153.1
2012-06-26,GF1210,152.7,153.025,150.575,151.45,2015.0,,饲牛1210,4763.0,151.45,151.45
2012-06-27,GF1210,151.65,153.75,149.625,152.85,2196.0,,饲牛1210,5039.0,152.85,152.85
2012-06-28,GF1210,153.2,155.4,152.175,155.05,2040.0,,饲牛1210,5308.0,155.05,155.05
2012-06-29,GF1210,155.0,156.25,154.25,156.225,1249.0,,饲牛1210,5222.0,156.225,156.225
2012-07-02,GF1210,155.6,155.6,154.175,154.35,672.0,,饲牛1210,5523.0,154.35,154.35
2012-07-03,GF1210,154.15,154.15,152.1,152.7,1197.0,,饲牛1210,5523.0,152.7,152.7
2012-07-05,GF1210,152.5,152.75,150.975,151.5,1288.0,,饲牛1210,5614.0,151.5,151.5
2012-07-06,GF1210,151.5,152.85,151.5,152.6,1125.0,,饲牛1210,5596.0,152.6,152.6
2012-07-09,GF1210,151.275,151.275,149.6,149.625,1456.0,,饲牛1210,5662.0,149.625,149.625
2012-07-10,GF1210,149.95,150.325,148.875,149.1,1231.0,,饲牛1210,5798.0,149.1,149.1
2012-07-11,GF1210,148.85,150.025,147.275,149.775,2744.0,,饲牛1210,6072.0,149.775,149.775
2012-07-12,GF1210,148.95,149.05,146.775,146.775,1570.0,,饲牛1210,6146.0,146.775,146.775
2012-07-13,GF1210,146.7,146.7,143.775,144.3,2520.0,,饲牛1210,6442.0,144.3,144.3
2012-07-16,GF1210,142.15,142.15,141.3,141.3,953.0,,饲牛1210,6674.0,141.3,141.3
2012-07-17,GF1210,139.525,139.75,138.3,138.85,3414.0,,饲牛1210,6818.0,138.85,138.85
2012-07-18,GF1210,138.825,141.85,138.8,141.85,2353.0,,饲牛1210,7098.0,141.85,141.85
2012-07-19,GF1210,142.1,143.775,139.55,143.5,2571.0,,饲牛1210,7238.0,143.5,143.5
2012-07-20,GF1210,143.3,143.85,140.5,140.5,1653.0,,饲牛1210,7210.0,140.5,140.5
2012-07-23,GF1210,140.575,142.75,139.125,139.775,2071.0,,饲牛1210,7310.0,139.775,139.775
2012-07-24,GF1210,139.825,142.75,139.725,142.2,1945.0,,饲牛1210,7389.0,142.225,142.2
2012-07-25,GF1210,141.475,141.9,139.225,139.225,2011.0,,饲牛1210,7500.0,139.5,139.225
2012-07-26,GF1210,139.55,141.025,138.425,141.025,2038.0,,饲牛1210,7545.0,141.0,141.025
2012-07-27,GF1210,140.6,143.4,139.575,142.45,2555.0,,饲牛1210,7874.0,142.45,142.45
2012-07-30,GF1210,140.8,142.375,140.35,141.475,3044.0,,饲牛1210,8443.0,141.5,141.475
2012-07-31,GF1210,141.7,142.8,140.725,141.825,1974.0,,饲牛1210,9293.0,141.825,141.825
2012-08-01,GF1210,141.6,143.05,140.825,142.375,2880.0,,饲牛1210,9412.0,142.375,142.375
2012-08-02,GF1210,141.7,142.975,141.175,142.0,2633.0,,饲牛1210,9700.0,142.025,142.0
2012-08-03,GF1210,142.25,142.925,139.7,140.1,3520.0,,饲牛1210,10024.0,140.125,140.1
2012-08-06,GF1210,140.675,141.7,140.0,140.025,2559.0,,饲牛1210,10706.0,140.05,140.025
2012-08-07,GF1210,140.05,140.95,139.525,140.125,1839.0,,饲牛1210,11310.0,140.125,140.125
2012-08-08,GF1210,140.2,142.625,140.125,141.45,2502.0,,饲牛1210,11484.0,141.45,141.45
2012-08-09,GF1210,141.725,141.775,140.45,140.5,2280.0,,饲牛1210,11621.0,140.5,140.5
2012-08-10,GF1210,140.5,141.675,139.7,140.875,1851.0,,饲牛1210,11954.0,140.875,140.875
2012-08-13,GF1210,142.075,143.875,142.05,143.475,3054.0,,饲牛1210,12145.0,143.475,143.475
2012-08-14,GF1210,144.0,146.0,143.675,145.8,2694.0,,饲牛1210,12337.0,145.8,145.8
2012-08-15,GF1210,145.775,146.05,145.05,145.5,2291.0,,饲牛1210,12632.0,145.525,145.5
2012-08-16,GF1210,145.45,145.725,143.925,144.1,1921.0,,饲牛1210,12694.0,144.125,144.1
2012-08-17,GF1210,143.95,144.425,143.125,143.475,1253.0,,饲牛1210,12831.0,143.5,143.475
2012-08-20,GF1210,143.725,144.25,142.85,144.075,1020.0,,饲牛1210,12808.0,144.05,144.075
2012-08-21,GF1210,144.0,144.45,142.175,142.375,1612.0,,饲牛1210,12810.0,142.4,142.375
2012-08-22,GF1210,142.5,143.075,141.9,143.0,1710.0,,饲牛1210,12996.0,143.025,143.0
2012-08-23,GF1210,142.55,145.4,142.25,144.825,3004.0,,饲牛1210,13523.0,144.825,144.825
2012-08-24,GF1210,144.8,145.0,144.05,144.4,1746.0,,饲牛1210,13729.0,144.425,144.4
2012-08-27,GF1210,144.3,144.625,143.775,143.9,1538.0,,饲牛1210,13608.0,143.925,143.9
2012-08-28,GF1210,143.95,145.525,143.95,144.5,3013.0,,饲牛1210,13757.0,144.475,144.5
2012-08-29,GF1210,144.3,145.875,143.725,144.825,2112.0,,饲牛1210,14254.0,144.8,144.825
2012-08-30,GF1210,145.0,145.575,144.55,144.925,2211.0,,饲牛1210,14545.0,144.9,144.925
2012-08-31,GF1210,145.4,147.25,145.1,146.675,2535.0,,饲牛1210,14710.0,146.675,146.675
2012-09-04,GF1210,146.625,147.4,146.45,146.95,1927.0,,饲牛1210,14628.0,146.95,146.95
2012-09-05,GF1210,146.9,147.9,146.8,147.125,2694.0,,饲牛1210,14448.0,147.125,147.125
2012-09-06,GF1210,147.2,147.625,145.925,146.225,4060.0,,饲牛1210,13962.0,146.25,146.225
2012-09-07,GF1210,145.925,146.975,145.25,146.125,2666.0,,饲牛1210,13030.0,146.15,146.125
2012-09-10,GF1210,146.025,146.85,145.65,146.575,2574.0,,饲牛1210,12929.0,146.575,146.575
2012-09-11,GF1210,146.575,147.35,146.25,146.45,3224.0,,饲牛1210,12726.0,146.35,146.45
2012-09-12,GF1210,146.35,148.15,146.325,147.375,2584.0,,饲牛1210,12411.0,147.375,147.375
2012-09-13,GF1210,147.6,148.15,146.875,147.0,2879.0,,饲牛1210,12037.0,147.025,147.0
2012-09-14,GF1210,147.225,147.325,145.825,146.6,3392.0,,饲牛1210,11844.0,146.625,146.6
2012-09-17,GF1210,147.15,148.075,146.675,147.0,2434.0,,饲牛1210,10890.0,147.0,147.0
2012-09-18,GF1210,147.35,147.5,146.2,147.375,2227.0,,饲牛1210,10423.0,147.375,147.375
2012-09-19,GF1210,147.3,147.3,145.85,147.0,1846.0,,饲牛1210,10275.0,147.0,147.0
2012-09-20,GF1210,147.1,147.6,146.35,146.725,2841.0,,饲牛1210,10311.0,146.725,146.725
2012-09-21,GF1210,147.05,147.425,146.65,147.225,2845.0,,饲牛1210,10031.0,147.225,147.225
2012-09-24,GF1210,147.525,147.95,147.05,147.4,1889.0,,饲牛1210,9765.0,147.4,147.4
2012-09-25,GF1210,147.5,147.525,145.075,145.15,4117.0,,饲牛1210,9264.0,145.175,145.15
2012-09-26,GF1210,145.3,146.675,144.25,146.1,2870.0,,饲牛1210,8656.0,146.1,146.1
2012-09-27,GF1210,146.45,146.9,145.4,146.225,1971.0,,饲牛1210,8635.0,146.225,146.225
2012-09-28,GF1210,146.075,146.075,143.225,143.775,3269.0,,饲牛1210,8646.0,143.8,143.775
2012-10-01,GF1210,143.65,144.95,142.975,144.675,1591.0,,饲牛1210,8062.0,144.675,144.675
2012-10-02,GF1210,144.75,145.925,144.525,145.375,2010.0,,饲牛1210,7618.0,145.375,145.375
2012-10-03,GF1210,145.5,146.25,144.8,145.275,1759.0,,饲牛1210,6855.0,145.3,145.275
2012-10-04,GF1210,145.15,145.9,144.1,144.45,1423.0,,饲牛1210,6332.0,144.475,144.45
2012-10-05,GF1210,144.5,145.175,144.375,144.825,931.0,,饲牛1210,6032.0,144.825,144.825
2012-10-08,GF1210,145.075,145.275,144.575,144.825,905.0,,饲牛1210,5741.0,144.825,144.825
2012-10-09,GF1210,144.825,145.125,144.35,144.675,1420.0,,饲牛1210,5475.0,144.7,144.675
2012-10-10,GF1210,145.0,145.1,144.6,144.725,511.0,,饲牛1210,4696.0,144.725,144.725
2012-10-11,GF1210,144.6,144.7,142.5,142.75,1775.0,,饲牛1210,4514.0,142.75,142.75
2012-10-12,GF1210,142.95,144.1,142.55,143.1,1016.0,,饲牛1210,4160.0,143.1,143.1
2012-10-15,GF1210,143.85,144.525,143.75,144.35,580.0,,饲牛1210,3997.0,144.35,144.35
2012-10-16,GF1210,144.25,146.2,144.25,146.1,1307.0,,饲牛1210,3818.0,146.1,146.1
2012-10-17,GF1210,146.125,147.5,146.05,146.95,1826.0,,饲牛1210,3486.0,146.95,146.95
2012-10-18,GF1210,146.7,147.225,146.525,146.85,965.0,,饲牛1210,3118.0,146.85,146.85
2012-10-19,GF1210,146.7,146.975,146.025,146.15,727.0,,饲牛1210,2642.0,146.15,146.15
2012-10-22,GF1210,146.175,146.2,145.4,145.675,532.0,,饲牛1210,2331.0,145.675,145.675
2012-10-23,GF1210,145.575,145.725,145.325,145.425,481.0,,饲牛1210,2155.0,145.425,145.425
2012-10-24,GF1210,145.4,145.575,145.3,145.425,638.0,,饲牛1210,1920.0,145.425,145.425
2012-10-25,GF1210,145.35,145.375,145.15,145.3,522.0,,饲牛1210,1643.0,145.3,145.3
2012-10-26,GF1210,,,,144.92,,,饲牛1210,1528.0,144.92,144.92
