date,symbol,open,high,low,close,volume,amount,name,openinterest,settleprice,price
2012-01-27,GF1301,,,,158.8,,,饲牛1301,,158.8,158.8
2012-01-30,GF1301,,,,158.8,,,饲牛1301,,158.8,158.8
2012-01-31,GF1301,,,,159.0,,,饲牛1301,,159.0,159.0
2012-02-01,GF1301,159.0,159.1,159.0,159.1,5.0,,饲牛1301,,159.1,159.1
2012-02-02,GF1301,159.0,159.1,159.0,159.1,5.0,,饲牛1301,5.0,159.1,159.1
2012-02-03,GF1301,159.0,159.1,159.0,159.1,1.0,,饲牛1301,10.0,159.1,159.1
2012-02-06,GF1301,158.975,159.0,158.75,159.0,1.0,,饲牛1301,11.0,159.0,159.0
2012-02-07,GF1301,158.75,159.1,158.75,159.1,5.0,,饲牛1301,11.0,159.1,159.1
2012-02-08,GF1301,159.0,159.5,159.0,159.475,27.0,,饲牛1301,12.0,159.475,159.475
2012-02-09,GF1301,159.425,159.475,159.0,159.475,5.0,,饲牛1301,23.0,159.475,159.475
2012-02-10,GF1301,159.0,159.3,158.5,159.1,4.0,,饲牛1301,24.0,159.1,159.1
2012-02-13,GF1301,159.0,159.25,159.0,159.15,5.0,,饲牛1301,28.0,159.15,159.15
2012-02-14,GF1301,159.25,159.95,159.25,159.8,26.0,,饲牛1301,31.0,159.8,159.8
2012-02-15,GF1301,159.75,160.0,159.75,159.8,32.0,,饲牛1301,53.0,159.8,159.8
2012-02-16,GF1301,159.725,160.0,159.725,160.0,22.0,,饲牛1301,75.0,160.0,160.0
2012-02-17,GF1301,160.0,161.5,160.0,160.35,14.0,,饲牛1301,95.0,160.35,160.35
2012-02-21,GF1301,160.625,161.0,160.6,161.0,5.0,,饲牛1301,106.0,161.0,161.0
2012-02-22,GF1301,161.2,161.4,161.05,161.4,17.0,,饲牛1301,110.0,161.4,161.4
2012-02-23,GF1301,160.75,161.5,160.65,161.4,23.0,,饲牛1301,126.0,161.4,161.4
2012-02-24,GF1301,160.75,161.4,160.375,161.4,44.0,,饲牛1301,147.0,161.4,161.4
2012-02-27,GF1301,161.25,161.25,160.35,161.2,12.0,,饲牛1301,191.0,161.2,161.2
2012-02-28,GF1301,160.35,161.0,160.3,161.0,10.0,,饲牛1301,194.0,161.0,161.0
2012-02-29,GF1301,161.0,161.5,161.0,161.5,4.0,,饲牛1301,202.0,161.5,161.5
2012-03-01,GF1301,161.3,162.0,161.3,161.5,21.0,,饲牛1301,205.0,161.5,161.5
2012-03-02,GF1301,161.525,162.1,161.5,162.1,3.0,,饲牛1301,221.0,162.1,162.1
2012-03-05,GF1301,161.0,161.0,160.1,160.45,3.0,,饲牛1301,223.0,160.45,160.45
2012-03-06,GF1301,160.1,160.1,158.25,158.5,8.0,,饲牛1301,222.0,158.5,158.5
2012-03-07,GF1301,158.75,159.2,158.5,159.2,14.0,,饲牛1301,221.0,159.2,159.2
2012-03-08,GF1301,159.5,159.725,159.5,159.5,2.0,,饲牛1301,225.0,159.5,159.5
2012-03-09,GF1301,159.25,159.25,158.7,158.7,1.0,,饲牛1301,225.0,158.7,158.7
2012-03-12,GF1301,158.25,158.7,158.25,158.7,1.0,,饲牛1301,225.0,158.7,158.7
2012-03-13,GF1301,158.95,160.0,158.95,159.5,8.0,,饲牛1301,226.0,159.5,159.5
2012-03-14,GF1301,159.5,159.5,159.45,159.5,4.0,,饲牛1301,233.0,159.5,159.5
2012-03-15,GF1301,160.0,160.0,158.5,158.5,1.0,,饲牛1301,235.0,158.5,158.5
2012-03-16,GF1301,157.55,158.5,157.55,158.5,7.0,,饲牛1301,236.0,158.5,158.5
2012-03-19,GF1301,156.4,158.5,156.4,158.5,7.0,,饲牛1301,241.0,158.5,158.5
2012-03-20,GF1301,156.25,157.175,156.225,156.4,7.0,,饲牛1301,241.0,156.4,156.4
2012-03-21,GF1301,157.125,157.175,156.4,156.4,11.0,,饲牛1301,246.0,156.4,156.4
2012-03-22,GF1301,157.0,157.0,157.0,157.0,10.0,,饲牛1301,253.0,157.0,157.0
2012-03-23,GF1301,156.4,157.0,155.475,157.0,4.0,,饲牛1301,257.0,157.0,157.0
2012-03-26,GF1301,156.2,157.0,156.0,157.0,3.0,,饲牛1301,256.0,157.0,157.0
2012-03-27,GF1301,157.975,158.25,157.7,157.7,10.0,,饲牛1301,257.0,157.7,157.7
2012-03-28,GF1301,157.5,157.9,157.05,157.7,28.0,,饲牛1301,263.0,157.7,157.7
2012-03-29,GF1301,157.8,157.8,155.4,155.8,23.0,,饲牛1301,274.0,155.8,155.8
2012-03-30,GF1301,155.1,156.0,154.475,155.25,55.0,,饲牛1301,285.0,155.25,155.25
2012-04-02,GF1301,154.75,155.25,153.5,155.25,27.0,,饲牛1301,311.0,155.25,155.25
2012-04-03,GF1301,155.0,155.0,154.0,154.6,127.0,,饲牛1301,324.0,154.6,154.6
2012-04-04,GF1301,153.0,153.6,152.4,153.6,12.0,,饲牛1301,422.0,153.6,153.6
2012-04-05,GF1301,153.05,153.5,153.0,153.3,33.0,,饲牛1301,432.0,153.3,153.3
2012-04-09,GF1301,153.5,154.25,153.3,153.3,10.0,,饲牛1301,441.0,153.3,153.3
2012-04-10,GF1301,153.7,153.85,153.05,153.725,421.0,,饲牛1301,443.0,153.725,153.725
2012-04-11,GF1301,153.0,156.275,152.9,155.55,162.0,,饲牛1301,805.0,155.55,155.55
2012-04-12,GF1301,156.575,158.5,156.575,157.9,167.0,,饲牛1301,902.0,157.9,157.9
2012-04-13,GF1301,157.8,158.05,157.3,157.3,66.0,,饲牛1301,943.0,157.3,157.3
2012-04-16,GF1301,158.175,158.525,157.925,158.2,66.0,,饲牛1301,973.0,158.2,158.2
2012-04-17,GF1301,158.65,159.65,158.65,159.4,152.0,,饲牛1301,1005.0,159.4,159.4
2012-04-18,GF1301,159.8,160.375,158.875,159.1,395.0,,饲牛1301,1078.0,159.1,159.1
2012-04-19,GF1301,159.625,159.625,158.625,158.7,30.0,,饲牛1301,1124.0,158.7,158.7
2012-04-20,GF1301,159.5,159.5,158.7,158.7,23.0,,饲牛1301,1131.0,158.7,158.7
2012-04-23,GF1301,158.1,158.1,156.5,157.35,69.0,,饲牛1301,1138.0,157.35,157.35
2012-04-24,GF1301,157.45,157.45,154.35,154.35,124.0,,饲牛1301,1158.0,154.35,154.35
2012-04-25,GF1301,154.4,156.175,154.4,155.975,112.0,,饲牛1301,1189.0,155.975,155.975
2012-04-26,GF1301,156.0,156.525,154.925,155.45,109.0,,饲牛1301,1201.0,155.45,155.45
2012-04-27,GF1301,155.0,155.8,154.0,155.4,106.0,,饲牛1301,1262.0,155.4,155.4
2012-04-30,GF1301,155.3,157.7,155.3,157.65,164.0,,饲牛1301,1286.0,157.65,157.65
2012-05-01,GF1301,157.425,158.425,157.25,158.025,354.0,,饲牛1301,1375.0,158.025,158.025
2012-05-02,GF1301,158.2,158.45,157.5,157.8,213.0,,饲牛1301,1404.0,157.8,157.8
2012-05-03,GF1301,157.725,160.5,157.725,160.15,266.0,,饲牛1301,1430.0,160.15,160.15
2012-05-04,GF1301,159.975,160.75,159.85,160.7,107.0,,饲牛1301,1386.0,160.7,160.7
2012-05-07,GF1301,160.7,162.3,160.475,162.275,222.0,,饲牛1301,1357.0,162.275,162.275
2012-05-08,GF1301,161.475,161.7,160.85,161.7,171.0,,饲牛1301,1462.0,161.7,161.7
2012-05-09,GF1301,160.85,161.925,160.65,161.7,185.0,,饲牛1301,1516.0,161.7,161.7
2012-05-10,GF1301,162.0,162.55,161.8,162.375,168.0,,饲牛1301,1553.0,162.375,162.375
2012-05-11,GF1301,161.375,161.5,160.7,161.2,110.0,,饲牛1301,1659.0,161.2,161.2
2012-05-14,GF1301,160.45,161.45,159.75,160.975,91.0,,饲牛1301,1665.0,160.975,160.975
2012-05-15,GF1301,161.0,161.7,160.8,161.45,95.0,,饲牛1301,1667.0,161.45,161.45
2012-05-16,GF1301,161.5,162.55,161.5,162.05,222.0,,饲牛1301,1670.0,162.05,162.05
2012-05-17,GF1301,162.5,163.0,162.5,162.95,127.0,,饲牛1301,1689.0,162.95,162.95
2012-05-18,GF1301,163.2,164.1,162.9,163.35,172.0,,饲牛1301,1691.0,163.35,163.35
2012-05-21,GF1301,164.05,164.3,162.15,162.15,110.0,,饲牛1301,1715.0,162.15,162.15
2012-05-22,GF1301,162.35,163.45,162.275,162.95,111.0,,饲牛1301,1730.0,162.95,162.95
2012-05-23,GF1301,162.5,162.5,161.3,162.0,220.0,,饲牛1301,1717.0,162.0,162.0
2012-05-24,GF1301,161.725,162.25,161.7,161.8,53.0,,饲牛1301,1730.0,161.8,161.8
2012-05-25,GF1301,162.45,163.0,161.45,161.45,87.0,,饲牛1301,1739.0,161.45,161.45
2012-05-29,GF1301,161.0,162.425,160.6,160.6,84.0,,饲牛1301,1748.0,160.6,160.6
2012-05-30,GF1301,160.725,160.725,158.1,159.15,171.0,,饲牛1301,1758.0,159.15,159.15
2012-05-31,GF1301,159.525,160.75,159.1,160.525,159.0,,饲牛1301,1802.0,160.525,160.525
2012-06-01,GF1301,160.475,161.0,159.45,160.8,151.0,,饲牛1301,1847.0,160.8,160.8
2012-06-04,GF1301,160.9,161.675,160.25,161.25,135.0,,饲牛1301,1873.0,161.25,161.25
2012-06-05,GF1301,161.9,162.1,161.45,161.6,137.0,,饲牛1301,1907.0,161.6,161.6
2012-06-06,GF1301,161.9,161.9,160.6,160.6,99.0,,饲牛1301,1932.0,160.6,160.6
2012-06-07,GF1301,160.9,161.9,160.5,161.875,309.0,,饲牛1301,1928.0,161.875,161.875
2012-06-08,GF1301,161.475,162.375,161.475,162.275,140.0,,饲牛1301,2001.0,162.275,162.275
2012-06-11,GF1301,162.15,163.05,162.15,163.025,174.0,,饲牛1301,2032.0,163.025,163.025
2012-06-12,GF1301,163.0,163.65,163.0,163.625,278.0,,饲牛1301,2083.0,163.625,163.625
2012-06-13,GF1301,163.45,163.75,161.275,161.5,252.0,,饲牛1301,2197.0,161.5,161.5
2012-06-14,GF1301,161.475,161.625,159.2,159.225,155.0,,饲牛1301,2221.0,159.225,159.225
2012-06-15,GF1301,159.5,159.925,158.9,158.925,112.0,,饲牛1301,2213.0,158.925,158.925
2012-06-18,GF1301,158.925,160.3,158.275,158.9,58.0,,饲牛1301,2217.0,158.9,158.9
2012-06-19,GF1301,158.475,158.85,156.925,156.95,215.0,,饲牛1301,2226.0,156.95,156.95
2012-06-20,GF1301,157.225,157.6,156.6,156.8,169.0,,饲牛1301,2256.0,156.8,156.8
2012-06-21,GF1301,156.6,157.7,156.5,156.9,135.0,,饲牛1301,2295.0,156.9,156.9
2012-06-22,GF1301,156.95,157.55,156.325,157.25,129.0,,饲牛1301,2320.0,157.25,157.25
2012-06-25,GF1301,156.25,156.25,154.25,154.6,170.0,,饲牛1301,2331.0,154.6,154.6
2012-06-26,GF1301,154.3,154.3,152.05,153.2,290.0,,饲牛1301,2334.0,153.2,153.2
2012-06-27,GF1301,153.1,155.5,151.375,155.125,326.0,,饲牛1301,2368.0,155.125,155.125
2012-06-28,GF1301,155.125,156.825,154.0,156.65,230.0,,饲牛1301,2410.0,156.65,156.65
2012-06-29,GF1301,156.25,157.825,155.6,157.75,331.0,,饲牛1301,2469.0,157.75,157.75
2012-07-02,GF1301,156.9,156.975,155.875,156.7,276.0,,饲牛1301,2596.0,156.7,156.7
2012-07-03,GF1301,155.75,156.0,154.35,155.4,342.0,,饲牛1301,2658.0,155.4,155.4
2012-07-05,GF1301,154.525,154.9,153.5,154.4,487.0,,饲牛1301,2762.0,154.4,154.4
2012-07-06,GF1301,154.075,155.55,153.875,155.5,314.0,,饲牛1301,2752.0,155.5,155.5
2012-07-09,GF1301,153.825,153.9,152.5,153.3,538.0,,饲牛1301,2837.0,153.3,153.3
2012-07-10,GF1301,153.15,153.825,152.4,152.825,694.0,,饲牛1301,2962.0,152.825,152.825
2012-07-11,GF1301,152.625,154.0,151.5,153.975,973.0,,饲牛1301,3114.0,153.975,153.975
2012-07-12,GF1301,153.2,153.375,150.975,151.35,1237.0,,饲牛1301,3150.0,151.35,151.35
2012-07-13,GF1301,151.025,151.075,148.35,148.375,1639.0,,饲牛1301,3263.0,148.375,148.375
2012-07-16,GF1301,146.0,146.0,145.375,145.375,754.0,,饲牛1301,3375.0,145.375,145.375
2012-07-17,GF1301,143.7,143.85,142.375,143.25,990.0,,饲牛1301,3349.0,143.25,143.25
2012-07-18,GF1301,143.175,146.25,142.8,146.225,798.0,,饲牛1301,3469.0,146.225,146.225
2012-07-19,GF1301,146.4,148.3,144.2,148.175,1038.0,,饲牛1301,3459.0,148.175,148.175
2012-07-20,GF1301,148.075,148.425,145.175,145.175,332.0,,饲牛1301,3545.0,145.175,145.175
2012-07-23,GF1301,145.225,147.475,144.475,144.875,640.0,,饲牛1301,3533.0,144.875,144.875
2012-07-24,GF1301,145.0,147.725,144.875,147.0,552.0,,饲牛1301,3545.0,146.975,147.0
2012-07-25,GF1301,146.425,146.675,144.125,144.475,534.0,,饲牛1301,3467.0,144.475,144.475
2012-07-26,GF1301,144.8,146.425,144.15,146.275,379.0,,饲牛1301,3475.0,146.25,146.275
2012-07-27,GF1301,146.025,148.725,145.2,147.8,599.0,,饲牛1301,3598.0,147.875,147.8
2012-07-30,GF1301,146.425,148.1,146.0,147.275,535.0,,饲牛1301,3720.0,147.275,147.275
2012-07-31,GF1301,147.4,148.625,146.875,147.95,778.0,,饲牛1301,3801.0,147.925,147.95
2012-08-01,GF1301,147.55,148.9,147.05,148.225,572.0,,饲牛1301,4027.0,148.225,148.225
2012-08-02,GF1301,148.0,148.9,147.3,148.125,368.0,,饲牛1301,4099.0,148.15,148.125
2012-08-03,GF1301,148.5,149.0,146.175,146.475,524.0,,饲牛1301,4054.0,146.5,146.475
2012-08-06,GF1301,147.5,147.95,146.125,146.125,268.0,,饲牛1301,4031.0,146.15,146.125
2012-08-07,GF1301,146.15,146.675,145.8,146.325,155.0,,饲牛1301,4069.0,146.325,146.325
2012-08-08,GF1301,147.275,148.325,147.025,147.075,265.0,,饲牛1301,4093.0,147.075,147.075
2012-08-09,GF1301,147.45,147.45,145.725,145.775,724.0,,饲牛1301,4119.0,145.8,145.775
2012-08-10,GF1301,145.65,146.925,145.325,146.175,302.0,,饲牛1301,4107.0,146.175,146.175
2012-08-13,GF1301,147.0,148.825,147.0,148.15,473.0,,饲牛1301,4114.0,148.15,148.15
2012-08-14,GF1301,148.675,149.7,148.325,149.475,880.0,,饲牛1301,4051.0,149.475,149.475
2012-08-15,GF1301,149.75,149.75,148.5,148.75,400.0,,饲牛1301,4007.0,148.75,148.75
2012-08-16,GF1301,148.825,149.025,147.5,147.5,461.0,,饲牛1301,3988.0,147.5,147.5
2012-08-17,GF1301,147.5,147.825,146.925,147.075,292.0,,饲牛1301,4013.0,147.1,147.075
2012-08-20,GF1301,147.4,147.95,146.875,147.725,211.0,,饲牛1301,4103.0,147.725,147.725
2012-08-21,GF1301,147.725,147.925,146.175,146.3,225.0,,饲牛1301,4203.0,146.325,146.3
2012-08-22,GF1301,146.25,147.025,146.0,146.75,137.0,,饲牛1301,4254.0,146.75,146.75
2012-08-23,GF1301,146.75,148.9,146.2,148.4,531.0,,饲牛1301,4283.0,148.4,148.4
2012-08-24,GF1301,148.5,148.9,147.975,148.25,276.0,,饲牛1301,4325.0,148.275,148.25
2012-08-27,GF1301,148.075,148.5,147.9,148.325,162.0,,饲牛1301,4341.0,148.325,148.325
2012-08-28,GF1301,148.3,149.525,148.2,148.725,426.0,,饲牛1301,4377.0,148.725,148.725
2012-08-29,GF1301,149.0,150.0,147.925,149.05,532.0,,饲牛1301,4480.0,149.05,149.05
2012-08-30,GF1301,149.225,149.675,148.525,148.75,515.0,,饲牛1301,4516.0,148.775,148.75
2012-08-31,GF1301,149.575,150.4,149.3,149.725,683.0,,饲牛1301,4617.0,149.725,149.725
2012-09-04,GF1301,150.075,150.45,149.775,150.275,355.0,,饲牛1301,4802.0,150.275,150.275
2012-09-05,GF1301,150.5,151.25,150.3,150.45,1100.0,,饲牛1301,4817.0,150.45,150.45
2012-09-06,GF1301,150.4,150.675,149.5,149.8,591.0,,饲牛1301,4859.0,149.825,149.8
2012-09-07,GF1301,149.65,150.55,148.925,149.65,475.0,,饲牛1301,4873.0,149.675,149.65
2012-09-10,GF1301,149.625,150.075,149.15,149.925,831.0,,饲牛1301,4859.0,149.925,149.925
2012-09-11,GF1301,149.75,150.675,149.675,149.775,939.0,,饲牛1301,4971.0,149.8,149.775
2012-09-12,GF1301,149.675,151.2,149.675,150.75,903.0,,饲牛1301,5151.0,150.75,150.75
2012-09-13,GF1301,150.9,151.425,150.2,150.55,1113.0,,饲牛1301,5366.0,150.575,150.55
2012-09-14,GF1301,150.5,150.6,149.275,150.275,956.0,,饲牛1301,5350.0,150.3,150.275
2012-09-17,GF1301,150.8,151.5,150.425,150.75,393.0,,饲牛1301,5573.0,150.725,150.75
2012-09-18,GF1301,150.975,151.15,149.875,150.95,595.0,,饲牛1301,5586.0,150.95,150.95
2012-09-19,GF1301,151.0,151.0,149.45,150.5,477.0,,饲牛1301,5600.0,150.5,150.5
2012-09-20,GF1301,150.25,151.0,150.05,150.175,786.0,,饲牛1301,5715.0,150.2,150.175
2012-09-21,GF1301,150.625,150.9,150.125,150.875,771.0,,饲牛1301,5810.0,150.875,150.875
2012-09-24,GF1301,151.2,151.55,150.925,151.325,612.0,,饲牛1301,6023.0,151.325,151.325
2012-09-25,GF1301,151.025,151.25,149.075,149.175,1387.0,,饲牛1301,6065.0,149.2,149.175
2012-09-26,GF1301,149.35,150.55,148.275,149.9,1066.0,,饲牛1301,6054.0,149.9,149.9
2012-09-27,GF1301,150.25,150.45,148.95,150.0,996.0,,饲牛1301,6073.0,150.0,150.0
2012-09-28,GF1301,149.675,149.675,147.0,147.375,1341.0,,饲牛1301,6101.0,147.375,147.375
2012-10-01,GF1301,147.025,148.475,146.575,148.125,1150.0,,饲牛1301,6111.0,148.125,148.125
2012-10-02,GF1301,148.375,149.8,148.1,149.175,1109.0,,饲牛1301,6213.0,149.15,149.175
2012-10-03,GF1301,149.475,150.15,148.85,149.575,1721.0,,饲牛1301,6172.0,149.575,149.575
2012-10-04,GF1301,148.85,149.675,148.075,148.5,1516.0,,饲牛1301,6151.0,148.5,148.5
2012-10-05,GF1301,148.5,149.25,148.2,149.025,1705.0,,饲牛1301,6355.0,149.0,149.025
2012-10-08,GF1301,149.0,149.4,148.675,149.175,1369.0,,饲牛1301,6560.0,149.15,149.175
2012-10-09,GF1301,148.9,149.75,148.8,149.325,1981.0,,饲牛1301,6916.0,149.325,149.325
2012-10-10,GF1301,149.325,149.8,149.3,149.375,1846.0,,饲牛1301,7308.0,149.375,149.375
2012-10-11,GF1301,149.175,149.3,146.375,146.375,2339.0,,饲牛1301,7677.0,146.375,146.375
2012-10-12,GF1301,146.675,147.375,146.125,146.125,2477.0,,饲牛1301,8509.0,146.15,146.125
2012-10-15,GF1301,146.7,147.3,146.7,147.25,1345.0,,饲牛1301,9453.0,147.25,147.25
2012-10-16,GF1301,147.0,149.675,146.8,149.6,2616.0,,饲牛1301,9890.0,149.6,149.6
2012-10-17,GF1301,149.45,151.075,149.275,150.725,3912.0,,饲牛1301,9950.0,150.725,150.725
2012-10-18,GF1301,150.45,150.925,150.2,150.625,1695.0,,饲牛1301,10891.0,150.65,150.625
2012-10-19,GF1301,150.65,150.775,149.875,150.225,1396.0,,饲牛1301,10942.0,150.225,150.225
2012-10-22,GF1301,150.65,150.7,149.175,149.275,1546.0,,饲牛1301,11073.0,149.275,149.275
2012-10-23,GF1301,149.275,149.8,148.125,148.675,1481.0,,饲牛1301,10998.0,148.7,148.675
2012-10-24,GF1301,148.85,149.4,148.65,149.125,986.0,,饲牛1301,11338.0,149.125,149.125
2012-10-25,GF1301,149.225,149.35,147.275,147.95,1614.0,,饲牛1301,11389.0,147.975,147.95
2012-10-26,GF1301,147.825,148.0,146.575,147.05,2363.0,,饲牛1301,11588.0,147.075,147.05
2012-10-29,GF1301,146.775,147.725,145.9,147.475,2526.0,,饲牛1301,12360.0,147.475,147.475
2012-10-30,GF1301,147.5,149.8,147.2,149.5,2468.0,,饲牛1301,12717.0,149.5,149.5
2012-10-31,GF1301,148.7,149.2,147.95,148.675,2491.0,,饲牛1301,12715.0,148.7,148.675
2012-11-01,GF1301,148.475,148.875,146.325,146.325,3813.0,,饲牛1301,12739.0,146.35,146.325
2012-11-02,GF1301,146.775,147.175,146.4,146.675,1227.0,,饲牛1301,13404.0,146.675,146.675
2012-11-05,GF1301,146.8,146.975,145.75,146.775,2214.0,,饲牛1301,13580.0,146.775,146.775
2012-11-06,GF1301,146.775,146.925,146.1,146.7,1379.0,,饲牛1301,13999.0,146.725,146.7
2012-11-07,GF1301,146.8,146.85,144.775,145.475,4293.0,,饲牛1301,14141.0,145.5,145.475
2012-11-08,GF1301,145.3,146.075,144.85,145.875,1950.0,,饲牛1301,15240.0,145.875,145.875
2012-11-09,GF1301,145.7,146.175,145.25,145.575,1978.0,,饲牛1301,15359.0,145.6,145.575
2012-11-12,GF1301,145.925,146.375,145.5,145.95,1322.0,,饲牛1301,15821.0,145.95,145.95
2012-11-13,GF1301,145.8,146.175,144.925,146.175,2032.0,,饲牛1301,15802.0,146.15,146.175
2012-11-14,GF1301,146.0,146.0,144.25,144.875,2137.0,,饲牛1301,15806.0,144.875,144.875
2012-11-15,GF1301,144.75,145.25,144.3,145.15,1860.0,,饲牛1301,16451.0,145.15,145.15
2012-11-16,GF1301,145.25,145.675,144.85,145.6,1482.0,,饲牛1301,16957.0,145.6,145.6
2012-11-19,GF1301,145.825,146.6,145.5,146.0,1912.0,,饲牛1301,17075.0,146.0,146.0
2012-11-20,GF1301,146.0,146.35,145.35,146.05,932.0,,饲牛1301,16945.0,146.05,146.05
2012-11-21,GF1301,145.925,147.725,145.85,147.375,2085.0,,饲牛1301,16902.0,147.375,147.375
2012-11-23,GF1301,147.5,147.925,147.275,147.875,1462.0,,饲牛1301,16459.0,147.875,147.875
2012-11-26,GF1301,147.8,147.975,146.975,147.325,1974.0,,饲牛1301,16071.0,147.35,147.325
2012-11-27,GF1301,147.075,147.725,146.275,146.9,2395.0,,饲牛1301,15821.0,146.925,146.9
2012-11-28,GF1301,146.475,147.075,145.725,146.05,2286.0,,饲牛1301,15703.0,146.075,146.05
2012-11-29,GF1301,146.0,147.25,145.9,146.75,2134.0,,饲牛1301,16052.0,146.75,146.75
2012-11-30,GF1301,147.0,147.125,145.25,145.625,3379.0,,饲牛1301,16166.0,145.625,145.625
2012-12-03,GF1301,145.05,145.775,144.85,145.575,1548.0,,饲牛1301,16733.0,145.6,145.575
2012-12-04,GF1301,145.675,145.875,145.175,145.55,1823.0,,饲牛1301,16764.0,145.575,145.55
2012-12-05,GF1301,145.7,146.725,145.425,146.4,2910.0,,饲牛1301,16528.0,146.4,146.4
2012-12-06,GF1301,146.6,148.575,146.125,148.25,5113.0,,饲牛1301,16362.0,148.25,148.25
2012-12-07,GF1301,148.175,149.0,147.85,148.775,3329.0,,饲牛1301,15283.0,148.775,148.775
2012-12-10,GF1301,149.1,149.95,148.625,149.775,4278.0,,饲牛1301,14266.0,149.775,149.775
2012-12-11,GF1301,149.5,152.5,149.5,152.075,6135.0,,饲牛1301,13018.0,152.075,152.075
2012-12-12,GF1301,151.95,153.5,151.8,152.75,5325.0,,饲牛1301,11367.0,152.75,152.75
2012-12-13,GF1301,152.3,153.975,152.3,153.125,4659.0,,饲牛1301,10849.0,153.125,153.125
2012-12-14,GF1301,152.575,153.475,152.275,153.05,2879.0,,饲牛1301,10533.0,153.075,153.05
2012-12-17,GF1301,153.375,154.5,153.15,154.25,2317.0,,饲牛1301,10362.0,154.25,154.25
2012-12-18,GF1301,154.35,154.75,152.05,152.175,4785.0,,饲牛1301,10040.0,152.2,152.175
2012-12-19,GF1301,152.3,153.65,152.15,153.475,2723.0,,饲牛1301,9121.0,153.475,153.475
2012-12-20,GF1301,153.425,153.775,151.875,152.25,1990.0,,饲牛1301,8674.0,152.275,152.25
2012-12-21,GF1301,152.575,152.825,151.5,152.125,2067.0,,饲牛1301,8605.0,152.15,152.125
2012-12-24,GF1301,152.0,152.4,151.5,151.5,728.0,,饲牛1301,8255.0,151.5,151.5
2012-12-26,GF1301,152.075,153.075,151.625,152.075,1748.0,,饲牛1301,8069.0,152.075,152.075
2012-12-27,GF1301,152.45,152.475,150.775,151.25,1580.0,,饲牛1301,8095.0,151.275,151.25
2012-12-28,GF1301,151.575,152.45,151.0,152.025,1155.0,,饲牛1301,7992.0,152.025,152.025
2012-12-31,GF1301,152.025,153.025,151.15,151.375,1127.0,,饲牛1301,7931.0,151.4,151.375
2013-01-02,GF1301,151.9,152.45,150.2,151.2,1741.0,,饲牛1301,7710.0,151.2,151.2
2013-01-03,GF1301,151.35,152.55,150.9,152.35,1019.0,,饲牛1301,7413.0,152.35,152.35
2013-01-04,GF1301,152.275,153.6,152.25,153.175,1559.0,,饲牛1301,7356.0,153.175,153.175
2013-01-07,GF1301,153.15,153.45,152.65,153.25,855.0,,饲牛1301,7330.0,153.25,153.25
2013-01-08,GF1301,153.225,153.4,152.375,152.7,1261.0,,饲牛1301,7156.0,152.725,152.7
2013-01-09,GF1301,152.75,152.95,151.475,151.475,1428.0,,饲牛1301,6736.0,151.5,151.475
2013-01-10,GF1301,151.65,151.75,150.7,150.825,1548.0,,饲牛1301,6274.0,150.85,150.825
2013-01-11,GF1301,150.85,152.0,149.325,149.85,2939.0,,饲牛1301,5659.0,149.875,149.85
2013-01-14,GF1301,149.25,149.9,148.6,149.45,1988.0,,饲牛1301,4619.0,149.45,149.45
2013-01-15,GF1301,149.575,149.575,148.175,148.3,1622.0,,饲牛1301,4175.0,148.325,148.3
2013-01-16,GF1301,148.5,148.85,146.5,147.05,2204.0,,饲牛1301,3681.0,147.075,147.05
2013-01-17,GF1301,147.0,147.225,144.075,144.375,2113.0,,饲牛1301,3083.0,144.4,144.375
2013-01-18,GF1301,144.85,145.575,143.1,143.9,1188.0,,饲牛1301,2769.0,143.9,143.9
2013-01-22,GF1301,144.45,144.85,144.1,144.4,512.0,,饲牛1301,2589.0,144.4,144.4
2013-01-23,GF1301,144.7,144.7,143.675,144.2,620.0,,饲牛1301,2389.0,144.2,144.2
2013-01-24,GF1301,144.425,145.0,144.1,144.6,491.0,,饲牛1301,2205.0,144.6,144.6
2013-01-25,GF1301,145.0,145.475,144.65,144.7,791.0,,饲牛1301,1987.0,144.7,144.7
2013-01-28,GF1301,145.3,145.975,145.3,145.8,553.0,,饲牛1301,1817.0,145.8,145.8
2013-01-29,GF1301,145.675,145.95,145.55,145.725,379.0,,饲牛1301,1737.0,145.8,145.725
2013-01-30,GF1301,145.725,145.925,145.675,145.825,219.0,,饲牛1301,1641.0,145.825,145.825
2013-01-31,GF1301,145.875,146.35,145.875,146.3,283.0,,饲牛1301,1505.0,146.3,146.3
2013-02-01,GF1301,,,,146.27,,,饲牛1301,1469.0,146.27,146.27
