date,symbol,open,high,low,close,volume,amount,name,openinterest,settleprice,price
2012-08-31,GF1308,156.5,157.5,156.4,156.6,11.0,,饲牛1308,,156.6,156.6
2012-09-04,GF1308,157.8,157.8,157.45,157.5,15.0,,饲牛1308,10.0,157.5,157.5
2012-09-05,GF1308,158.0,158.65,157.8,158.1,23.0,,饲牛1308,24.0,157.5,158.1
2012-09-06,GF1308,157.6,157.85,157.0,157.2,19.0,,饲牛1308,45.0,157.2,157.2
2012-09-07,GF1308,157.0,157.25,156.5,156.5,10.0,,饲牛1308,62.0,156.5,156.5
2012-09-10,GF1308,,,,156.5,4.0,,饲牛1308,72.0,156.5,156.5
2012-09-11,GF1308,157.4,157.75,157.0,157.2,21.0,,饲牛1308,76.0,157.2,157.2
2012-09-12,GF1308,157.95,157.95,157.05,157.2,10.0,,饲牛1308,92.0,157.2,157.2
2012-09-13,GF1308,158.0,158.05,157.5,157.5,1.0,,饲牛1308,102.0,157.5,157.5
2012-09-14,GF1308,157.025,157.025,156.75,157.0,24.0,,饲牛1308,103.0,157.5,157.0
2012-09-17,GF1308,158.4,158.5,157.7,157.7,23.0,,饲牛1308,122.0,157.7,157.7
2012-09-18,GF1308,158.0,158.275,157.5,158.2,34.0,,饲牛1308,140.0,158.2,158.2
2012-09-19,GF1308,157.825,158.05,157.25,157.25,43.0,,饲牛1308,163.0,157.25,157.25
2012-09-20,GF1308,157.9,158.5,157.5,157.5,39.0,,饲牛1308,173.0,157.5,157.5
2012-09-21,GF1308,157.9,158.325,157.75,157.75,12.0,,饲牛1308,204.0,157.75,157.75
2012-09-24,GF1308,158.5,158.5,158.2,158.2,31.0,,饲牛1308,209.0,158.2,158.2
2012-09-25,GF1308,157.8,158.0,157.1,157.1,18.0,,饲牛1308,233.0,157.1,157.1
2012-09-26,GF1308,156.75,157.85,156.75,157.1,40.0,,饲牛1308,245.0,157.1,157.1
2012-09-27,GF1308,157.0,157.25,156.525,157.0,5.0,,饲牛1308,268.0,157.0,157.0
2012-09-28,GF1308,157.1,157.1,154.35,155.25,36.0,,饲牛1308,269.0,155.25,155.25
2012-10-01,GF1308,155.0,156.05,155.0,156.0,17.0,,饲牛1308,283.0,156.0,156.0
2012-10-02,GF1308,156.875,157.525,156.875,157.4,20.0,,饲牛1308,286.0,157.4,157.4
2012-10-03,GF1308,157.875,157.875,156.9,157.4,18.0,,饲牛1308,293.0,157.4,157.4
2012-10-04,GF1308,156.5,157.05,156.0,156.9,12.0,,饲牛1308,294.0,157.0,156.9
2012-10-05,GF1308,157.0,157.0,157.0,157.0,4.0,,饲牛1308,297.0,157.0,157.0
2012-10-08,GF1308,157.475,157.675,157.0,157.0,20.0,,饲牛1308,299.0,157.0,157.0
2012-10-09,GF1308,157.5,157.95,157.45,157.5,22.0,,饲牛1308,315.0,157.25,157.5
2012-10-10,GF1308,,,,157.45,1.0,,饲牛1308,333.0,157.45,157.45
2012-10-11,GF1308,157.45,157.45,154.8,156.0,61.0,,饲牛1308,333.0,156.0,156.0
2012-10-12,GF1308,155.025,156.0,155.025,156.0,24.0,,饲牛1308,359.0,156.0,156.0
2012-10-15,GF1308,155.8,156.0,155.8,156.0,7.0,,饲牛1308,371.0,156.0,156.0
2012-10-16,GF1308,156.05,157.65,156.05,157.0,30.0,,饲牛1308,374.0,157.0,157.0
2012-10-17,GF1308,157.5,158.35,157.5,158.0,78.0,,饲牛1308,390.0,157.95,158.0
2012-10-18,GF1308,158.3,158.3,157.65,157.8,23.0,,饲牛1308,426.0,157.8,157.8
2012-10-19,GF1308,158.0,158.0,157.4,157.775,8.0,,饲牛1308,434.0,157.775,157.775
2012-10-22,GF1308,158.0,158.0,157.0,157.775,16.0,,饲牛1308,432.0,157.775,157.775
2012-10-23,GF1308,156.975,157.05,156.375,157.05,27.0,,饲牛1308,437.0,157.05,157.05
2012-10-24,GF1308,157.25,157.25,156.9,157.05,7.0,,饲牛1308,447.0,157.05,157.05
2012-10-25,GF1308,157.125,157.175,155.975,156.0,39.0,,饲牛1308,451.0,156.0,156.0
2012-10-26,GF1308,155.85,156.0,155.225,155.875,65.0,,饲牛1308,472.0,155.875,155.875
2012-10-29,GF1308,155.175,155.75,154.8,155.55,31.0,,饲牛1308,496.0,155.875,155.55
2012-10-30,GF1308,156.0,157.35,155.65,156.25,25.0,,饲牛1308,506.0,156.25,156.25
2012-10-31,GF1308,157.0,157.0,155.9,155.9,42.0,,饲牛1308,514.0,156.25,155.9
2012-11-01,GF1308,155.9,156.125,154.7,155.175,75.0,,饲牛1308,527.0,155.2,155.175
2012-11-02,GF1308,155.225,155.5,154.85,155.5,19.0,,饲牛1308,548.0,155.5,155.5
2012-11-05,GF1308,155.25,155.275,154.475,155.05,35.0,,饲牛1308,544.0,155.025,155.05
2012-11-06,GF1308,154.65,155.05,154.6,155.05,31.0,,饲牛1308,551.0,155.05,155.05
2012-11-07,GF1308,155.025,155.025,153.8,154.675,154.0,,饲牛1308,559.0,154.7,154.675
2012-11-08,GF1308,154.35,155.2,154.35,155.2,105.0,,饲牛1308,627.0,155.2,155.2
2012-11-09,GF1308,155.025,155.425,154.75,155.05,53.0,,饲牛1308,681.0,155.025,155.05
2012-11-12,GF1308,154.725,155.55,154.725,155.55,52.0,,饲牛1308,702.0,155.55,155.55
2012-11-13,GF1308,154.525,155.7,154.525,155.7,114.0,,饲牛1308,726.0,155.7,155.7
2012-11-14,GF1308,155.0,155.3,154.25,154.5,124.0,,饲牛1308,755.0,154.6,154.5
2012-11-15,GF1308,154.3,154.875,154.3,154.5,34.0,,饲牛1308,796.0,154.5,154.5
2012-11-16,GF1308,154.875,155.2,154.675,154.75,39.0,,饲牛1308,806.0,154.9,154.75
2012-11-19,GF1308,155.225,155.6,154.675,155.0,86.0,,饲牛1308,823.0,154.9,155.0
2012-11-20,GF1308,154.65,155.2,154.6,155.2,23.0,,饲牛1308,858.0,155.2,155.2
2012-11-21,GF1308,155.0,156.375,155.0,156.2,109.0,,饲牛1308,869.0,156.0,156.2
2012-11-23,GF1308,156.325,157.2,156.325,157.1,62.0,,饲牛1308,886.0,157.15,157.1
2012-11-26,GF1308,157.0,157.0,156.25,156.625,59.0,,饲牛1308,911.0,156.625,156.625
2012-11-27,GF1308,156.625,156.9,155.95,156.7,95.0,,饲牛1308,930.0,156.7,156.7
2012-11-28,GF1308,156.35,156.525,155.9,156.35,111.0,,饲牛1308,960.0,156.35,156.35
2012-11-29,GF1308,156.1,156.775,156.0,156.65,118.0,,饲牛1308,1020.0,156.65,156.65
2012-11-30,GF1308,156.35,156.35,155.7,156.0,180.0,,饲牛1308,1041.0,156.0,156.0
2012-12-03,GF1308,155.6,156.625,155.5,156.625,124.0,,饲牛1308,1145.0,156.6,156.625
2012-12-04,GF1308,156.45,156.525,156.125,156.45,70.0,,饲牛1308,1200.0,156.425,156.45
2012-12-05,GF1308,156.225,157.075,156.2,157.0,198.0,,饲牛1308,1215.0,156.975,157.0
2012-12-06,GF1308,157.05,158.0,156.5,157.9,120.0,,饲牛1308,1219.0,157.875,157.9
2012-12-07,GF1308,157.8,158.0,157.25,157.7,159.0,,饲牛1308,1250.0,157.725,157.7
2012-12-10,GF1308,157.75,158.5,157.75,158.425,115.0,,饲牛1308,1306.0,158.425,158.425
2012-12-11,GF1308,158.35,160.5,158.2,160.475,557.0,,饲牛1308,1343.0,160.475,160.475
2012-12-12,GF1308,160.1,161.25,160.0,160.475,711.0,,饲牛1308,1577.0,160.475,160.475
2012-12-13,GF1308,160.15,162.35,160.15,161.5,887.0,,饲牛1308,1733.0,161.5,161.5
2012-12-14,GF1308,160.95,161.95,160.8,161.95,256.0,,饲牛1308,2290.0,161.95,161.95
2012-12-17,GF1308,161.95,162.6,161.55,162.55,362.0,,饲牛1308,2416.0,162.55,162.55
2012-12-18,GF1308,162.55,163.15,161.1,161.7,365.0,,饲牛1308,2544.0,161.7,161.7
2012-12-19,GF1308,161.425,162.65,161.275,162.55,165.0,,饲牛1308,2659.0,162.525,162.55
2012-12-20,GF1308,162.5,162.725,161.525,162.05,91.0,,饲牛1308,2721.0,162.05,162.05
2012-12-21,GF1308,161.55,162.15,160.45,162.0,171.0,,饲牛1308,2741.0,162.0,162.0
2012-12-24,GF1308,161.7,161.925,161.625,161.8,34.0,,饲牛1308,2754.0,161.8,161.8
2012-12-26,GF1308,162.0,162.725,161.6,162.5,67.0,,饲牛1308,2765.0,162.5,162.5
2012-12-27,GF1308,162.4,162.4,161.325,161.7,115.0,,饲牛1308,2782.0,161.7,161.7
2012-12-28,GF1308,161.5,163.0,161.375,162.975,305.0,,饲牛1308,2813.0,162.975,162.975
2012-12-31,GF1308,162.325,163.3,161.75,162.125,289.0,,饲牛1308,2909.0,162.175,162.125
2013-01-02,GF1308,162.225,163.0,161.2,162.375,300.0,,饲牛1308,2936.0,162.375,162.375
2013-01-03,GF1308,162.675,163.6,162.4,163.35,289.0,,饲牛1308,2956.0,163.35,163.35
2013-01-04,GF1308,163.35,164.05,163.2,163.775,458.0,,饲牛1308,3023.0,163.775,163.775
2013-01-07,GF1308,163.725,164.0,163.25,164.0,169.0,,饲牛1308,3123.0,164.0,164.0
2013-01-08,GF1308,163.4,164.05,162.25,162.625,586.0,,饲牛1308,3189.0,162.625,162.625
2013-01-09,GF1308,162.85,163.0,161.8,161.975,500.0,,饲牛1308,3405.0,161.975,161.975
2013-01-10,GF1308,161.825,161.95,160.875,161.25,539.0,,饲牛1308,3550.0,161.25,161.25
2013-01-11,GF1308,160.925,162.425,160.0,160.15,1009.0,,饲牛1308,3719.0,160.175,160.15
2013-01-14,GF1308,159.775,161.0,159.3,160.575,901.0,,饲牛1308,4030.0,160.575,160.575
2013-01-15,GF1308,160.6,160.875,159.825,159.875,525.0,,饲牛1308,4248.0,159.9,159.875
2013-01-16,GF1308,160.05,160.35,158.1,158.35,864.0,,饲牛1308,4295.0,158.35,158.35
2013-01-17,GF1308,158.4,158.8,155.35,156.325,1099.0,,饲牛1308,4445.0,156.325,156.325
2013-01-18,GF1308,157.7,157.7,155.6,157.05,786.0,,饲牛1308,4665.0,157.05,157.05
2013-01-22,GF1308,157.35,158.375,157.25,157.975,428.0,,饲牛1308,4715.0,157.975,157.975
2013-01-23,GF1308,158.1,159.1,157.175,158.65,940.0,,饲牛1308,4710.0,158.675,158.65
2013-01-24,GF1308,158.975,160.45,158.325,159.875,999.0,,饲牛1308,4665.0,159.875,159.875
2013-01-25,GF1308,160.5,160.675,159.4,159.55,759.0,,饲牛1308,4766.0,159.575,159.55
2013-01-28,GF1308,161.0,162.25,160.95,161.35,1030.0,,饲牛1308,4795.0,161.35,161.35
2013-01-29,GF1308,161.075,161.325,160.45,160.65,439.0,,饲牛1308,4857.0,160.65,160.65
2013-01-30,GF1308,160.55,160.95,159.85,159.95,693.0,,饲牛1308,4983.0,159.975,159.95
2013-01-31,GF1308,160.075,160.85,159.975,160.25,526.0,,饲牛1308,5149.0,160.25,160.25
2013-02-01,GF1308,160.225,160.45,159.5,160.05,374.0,,饲牛1308,5228.0,160.075,160.05
2013-02-04,GF1308,160.15,160.9,159.4,160.55,376.0,,饲牛1308,5277.0,160.55,160.55
2013-02-05,GF1308,160.5,161.075,160.3,160.5,484.0,,饲牛1308,5363.0,160.525,160.5
2013-02-06,GF1308,160.525,160.825,159.0,159.4,593.0,,饲牛1308,5432.0,159.425,159.4
2013-02-07,GF1308,159.025,159.2,158.075,158.95,645.0,,饲牛1308,5429.0,158.95,158.95
2013-02-08,GF1308,159.2,159.2,156.55,156.7,1106.0,,饲牛1308,5452.0,156.7,156.7
2013-02-11,GF1308,156.425,157.9,155.625,157.675,1250.0,,饲牛1308,5819.0,157.675,157.675
2013-02-12,GF1308,157.35,157.825,154.675,157.05,1807.0,,饲牛1308,5909.0,157.075,157.05
2013-02-13,GF1308,156.5,156.575,154.075,154.6,1555.0,,饲牛1308,6201.0,154.6,154.6
2013-02-14,GF1308,154.05,156.725,152.55,156.225,1563.0,,饲牛1308,6012.0,156.225,156.225
2013-02-15,GF1308,156.4,157.35,155.325,156.9,782.0,,饲牛1308,6176.0,156.9,156.9
2013-02-19,GF1308,157.45,157.45,155.825,156.425,506.0,,饲牛1308,6245.0,156.425,156.425
2013-02-20,GF1308,156.15,156.4,153.425,153.8,915.0,,饲牛1308,6347.0,153.8,153.8
2013-02-21,GF1308,154.05,154.475,153.2,153.475,496.0,,饲牛1308,6407.0,153.475,153.475
2013-02-22,GF1308,153.25,154.725,153.0,154.275,715.0,,饲牛1308,6497.0,154.275,154.275
2013-02-25,GF1308,154.675,155.525,153.45,154.125,701.0,,饲牛1308,6422.0,154.15,154.125
2013-02-26,GF1308,153.25,154.925,152.475,154.425,1534.0,,饲牛1308,6439.0,154.4,154.425
2013-02-27,GF1308,154.35,155.1,153.875,154.575,635.0,,饲牛1308,6357.0,154.575,154.575
2013-02-28,GF1308,154.625,155.35,153.7,154.875,766.0,,饲牛1308,6318.0,154.875,154.875
2013-03-01,GF1308,155.4,155.825,154.1,154.325,703.0,,饲牛1308,6541.0,154.35,154.325
2013-03-04,GF1308,154.35,154.75,153.9,154.575,680.0,,饲牛1308,6524.0,154.55,154.575
2013-03-05,GF1308,154.7,154.75,152.95,152.975,820.0,,饲牛1308,6617.0,153.0,152.975
2013-03-06,GF1308,153.25,153.25,150.075,151.45,1046.0,,饲牛1308,6648.0,151.45,151.45
2013-03-07,GF1308,151.425,152.525,150.6,151.85,868.0,,饲牛1308,6740.0,151.85,151.85
2013-03-08,GF1308,151.4,151.925,150.0,150.525,1390.0,,饲牛1308,6861.0,150.55,150.525
2013-03-11,GF1308,150.5,151.35,150.0,150.3,777.0,,饲牛1308,7231.0,150.325,150.3
2013-03-12,GF1308,150.55,151.65,150.2,151.225,783.0,,饲牛1308,7414.0,151.225,151.225
2013-03-13,GF1308,151.55,152.475,151.25,151.85,1073.0,,饲牛1308,7427.0,151.85,151.85
2013-03-14,GF1308,151.45,151.975,149.925,150.45,1261.0,,饲牛1308,7731.0,150.475,150.45
2013-03-15,GF1308,150.775,150.775,147.925,148.0,1057.0,,饲牛1308,7850.0,148.025,148.0
2013-03-18,GF1308,148.0,148.625,147.55,148.225,586.0,,饲牛1308,7936.0,148.225,148.225
2013-03-19,GF1308,148.075,148.075,145.825,147.225,1618.0,,饲牛1308,7981.0,147.25,147.225
2013-03-20,GF1308,146.45,147.475,145.25,147.125,1860.0,,饲牛1308,8061.0,147.15,147.125
2013-03-21,GF1308,147.425,149.2,147.3,148.1,1963.0,,饲牛1308,8405.0,148.1,148.1
2013-03-22,GF1308,147.725,148.7,147.625,147.925,1839.0,,饲牛1308,8672.0,147.95,147.925
2013-03-25,GF1308,148.775,148.825,147.65,148.175,1004.0,,饲牛1308,9087.0,148.175,148.175
2013-03-26,GF1308,147.9,148.275,147.275,147.775,1419.0,,饲牛1308,9214.0,147.8,147.775
2013-03-27,GF1308,147.65,149.35,147.2,149.275,2630.0,,饲牛1308,9668.0,149.25,149.275
2013-03-28,GF1308,149.375,152.25,149.2,152.25,2364.0,,饲牛1308,9721.0,152.25,152.25
2013-04-01,GF1308,152.75,154.475,152.75,154.375,2413.0,,饲牛1308,9737.0,154.375,154.375
2013-04-02,GF1308,153.7,154.075,152.975,153.625,2343.0,,饲牛1308,10041.0,153.65,153.625
2013-04-03,GF1308,153.475,154.475,152.575,153.475,2365.0,,饲牛1308,10505.0,153.5,153.475
2013-04-04,GF1308,153.5,154.025,152.6,152.8,1627.0,,饲牛1308,10915.0,152.825,152.8
2013-04-05,GF1308,152.775,153.2,151.025,151.175,2522.0,,饲牛1308,11059.0,151.2,151.175
2013-04-08,GF1308,151.225,152.25,151.1,151.775,1991.0,,饲牛1308,11344.0,151.75,151.775
2013-04-09,GF1308,151.6,152.15,151.375,151.55,2020.0,,饲牛1308,11834.0,151.575,151.55
2013-04-10,GF1308,151.225,151.475,148.725,149.15,3032.0,,饲牛1308,12304.0,149.175,149.15
2013-04-11,GF1308,148.975,149.575,148.45,148.8,3576.0,,饲牛1308,12686.0,148.825,148.8
2013-04-12,GF1308,148.875,148.875,147.625,147.775,2560.0,,饲牛1308,13551.0,147.8,147.775
2013-04-15,GF1308,147.775,147.8,145.5,146.35,2689.0,,饲牛1308,14208.0,146.375,146.35
2013-04-16,GF1308,145.575,146.825,145.3,146.475,3885.0,,饲牛1308,14745.0,146.475,146.475
2013-04-17,GF1308,146.6,148.025,145.9,147.5,2800.0,,饲牛1308,15828.0,147.5,147.5
2013-04-18,GF1308,147.925,147.925,146.5,147.15,2714.0,,饲牛1308,16263.0,147.175,147.15
2013-04-19,GF1308,146.9,146.9,145.5,146.05,2929.0,,饲牛1308,17116.0,146.05,146.05
2013-04-22,GF1308,144.5,146.6,144.5,145.975,3712.0,,饲牛1308,17791.0,145.975,145.975
2013-04-23,GF1308,146.375,148.65,146.0,148.125,5204.0,,饲牛1308,18757.0,148.125,148.125
2013-04-24,GF1308,148.475,151.0,148.25,150.625,4657.0,,饲牛1308,19038.0,150.625,150.625
2013-04-25,GF1308,150.975,152.375,149.875,152.175,2860.0,,饲牛1308,18478.0,152.15,152.175
2013-04-26,GF1308,151.9,152.375,151.15,151.15,2815.0,,饲牛1308,18225.0,151.175,151.15
2013-04-29,GF1308,150.4,150.525,149.4,149.875,3363.0,,饲牛1308,18826.0,149.875,149.875
2013-04-30,GF1308,149.9,150.725,148.75,148.875,4521.0,,饲牛1308,19461.0,148.9,148.875
2013-05-01,GF1308,148.7,149.775,148.65,148.7,3096.0,,饲牛1308,19364.0,148.725,148.7
2013-05-02,GF1308,149.225,150.1,148.775,149.675,3155.0,,饲牛1308,19932.0,149.65,149.675
2013-05-03,GF1308,149.5,150.0,147.25,147.475,3407.0,,饲牛1308,20137.0,147.5,147.475
2013-05-06,GF1308,148.2,148.7,146.925,147.425,2946.0,,饲牛1308,20103.0,147.45,147.425
2013-05-07,GF1308,147.025,147.25,146.1,146.525,3691.0,,饲牛1308,20618.0,146.55,146.525
2013-05-08,GF1308,146.5,146.8,145.075,145.3,3468.0,,饲牛1308,20954.0,145.325,145.3
2013-05-09,GF1308,145.25,146.275,145.15,145.975,3527.0,,饲牛1308,21311.0,145.975,145.975
2013-05-10,GF1308,146.0,146.925,145.6,146.625,3027.0,,饲牛1308,21583.0,146.625,146.625
2013-05-13,GF1308,147.0,147.775,145.8,146.175,2460.0,,饲牛1308,21901.0,146.2,146.175
2013-05-14,GF1308,146.025,146.6,145.6,146.425,1884.0,,饲牛1308,21657.0,146.425,146.425
2013-05-15,GF1308,146.4,146.5,145.25,145.275,2084.0,,饲牛1308,21833.0,145.3,145.275
2013-05-16,GF1308,145.35,145.575,144.6,145.125,2010.0,,饲牛1308,22049.0,145.125,145.125
2013-05-17,GF1308,144.975,145.3,143.075,143.35,2999.0,,饲牛1308,22394.0,143.375,143.35
2013-05-20,GF1308,143.225,145.325,142.325,144.475,3484.0,,饲牛1308,22768.0,144.475,144.475
2013-05-21,GF1308,145.275,146.9,145.125,146.475,3324.0,,饲牛1308,22855.0,146.475,146.475
2013-05-22,GF1308,146.475,146.775,143.65,144.325,2952.0,,饲牛1308,22726.0,144.325,144.325
2013-05-23,GF1308,143.8,144.5,142.3,142.625,3323.0,,饲牛1308,22657.0,142.65,142.625
2013-05-24,GF1308,142.35,144.95,142.35,144.55,2887.0,,饲牛1308,22929.0,144.55,144.55
2013-05-28,GF1308,144.225,145.65,143.65,145.475,2725.0,,饲牛1308,22864.0,145.475,145.475
2013-05-29,GF1308,145.45,146.325,145.25,145.625,2174.0,,饲牛1308,22829.0,145.625,145.625
2013-05-30,GF1308,145.4,146.25,144.15,144.15,2154.0,,饲牛1308,22634.0,144.175,144.15
2013-05-31,GF1308,144.2,144.8,143.775,144.325,1853.0,,饲牛1308,22587.0,144.325,144.325
2013-06-03,GF1308,144.325,145.4,143.475,144.425,2787.0,,饲牛1308,22591.0,144.425,144.425
2013-06-04,GF1308,144.6,146.15,144.4,145.575,1993.0,,饲牛1308,22498.0,145.575,145.575
2013-06-05,GF1308,145.85,146.075,144.6,144.6,1759.0,,饲牛1308,22518.0,144.6,144.6
2013-06-06,GF1308,144.625,145.2,143.85,144.65,1833.0,,饲牛1308,22432.0,144.65,144.65
2013-06-07,GF1308,144.475,144.9,143.3,143.6,1789.0,,饲牛1308,22461.0,143.625,143.6
2013-06-10,GF1308,144.25,144.475,143.4,143.4,1602.0,,饲牛1308,22441.0,143.425,143.4
2013-06-11,GF1308,143.55,145.975,143.1,144.675,2766.0,,饲牛1308,22604.0,144.675,144.675
2013-06-12,GF1308,144.95,145.95,144.025,145.925,2712.0,,饲牛1308,22644.0,145.925,145.925
2013-06-13,GF1308,145.6,146.125,144.825,145.45,1499.0,,饲牛1308,22673.0,145.475,145.45
2013-06-14,GF1308,145.225,145.45,143.375,143.4,1906.0,,饲牛1308,22723.0,143.4,143.4
2013-06-17,GF1308,143.7,144.625,143.25,144.55,2630.0,,饲牛1308,22724.0,144.525,144.55
2013-06-18,GF1308,144.275,145.1,143.6,143.775,2216.0,,饲牛1308,22806.0,143.8,143.775
2013-06-19,GF1308,144.0,145.025,143.825,144.65,2127.0,,饲牛1308,22740.0,144.65,144.65
2013-06-20,GF1308,144.5,144.775,143.6,144.4,1628.0,,饲牛1308,22598.0,144.425,144.4
2013-06-21,GF1308,143.875,146.95,143.7,146.925,3998.0,,饲牛1308,22662.0,146.925,146.925
2013-06-24,GF1308,147.0,148.45,146.95,147.675,3454.0,,饲牛1308,22041.0,147.675,147.675
2013-06-25,GF1308,147.5,148.35,147.05,147.875,2531.0,,饲牛1308,21380.0,147.875,147.875
2013-06-26,GF1308,148.05,148.95,147.45,148.925,3167.0,,饲牛1308,21375.0,148.925,148.925
2013-06-27,GF1308,148.875,150.075,148.775,149.7,2752.0,,饲牛1308,20926.0,149.7,149.7
2013-06-28,GF1308,149.675,150.775,148.45,149.425,4540.0,,饲牛1308,20594.0,149.45,149.425
2013-07-01,GF1308,149.9,151.275,149.875,151.225,3219.0,,饲牛1308,20237.0,151.225,151.225
2013-07-02,GF1308,151.0,151.775,150.475,150.875,2782.0,,饲牛1308,20303.0,150.9,150.875
2013-07-03,GF1308,150.575,151.45,150.075,150.95,2039.0,,饲牛1308,19882.0,150.95,150.95
2013-07-05,GF1308,150.75,152.075,150.65,151.825,2606.0,,饲牛1308,19526.0,151.8,151.825
2013-07-08,GF1308,151.5,152.2,151.3,151.575,3024.0,,饲牛1308,19121.0,151.6,151.575
2013-07-09,GF1308,151.5,151.65,150.225,151.125,3417.0,,饲牛1308,18380.0,151.15,151.125
2013-07-10,GF1308,150.975,151.275,150.325,150.525,2765.0,,饲牛1308,17541.0,150.55,150.525
2013-07-11,GF1308,150.525,151.55,149.85,150.1,3506.0,,饲牛1308,17172.0,150.125,150.1
2013-07-12,GF1308,150.025,150.425,149.55,150.1,3149.0,,饲牛1308,16148.0,150.125,150.1
2013-07-15,GF1308,150.725,152.85,150.7,152.65,3907.0,,饲牛1308,15487.0,152.65,152.65
2013-07-16,GF1308,152.475,152.875,151.875,152.525,3118.0,,饲牛1308,15110.0,152.55,152.525
2013-07-17,GF1308,152.175,152.625,150.95,150.95,2000.0,,饲牛1308,14213.0,150.975,150.95
2013-07-18,GF1308,151.125,152.75,151.1,152.075,2406.0,,饲牛1308,13950.0,152.075,152.075
2013-07-19,GF1308,152.475,153.0,151.625,152.25,2098.0,,饲牛1308,13832.0,152.25,152.25
2013-07-22,GF1308,152.95,153.225,152.3,152.925,2189.0,,饲牛1308,13365.0,152.925,152.925
2013-07-23,GF1308,152.875,154.3,152.725,153.6,2098.0,,饲牛1308,13129.0,153.6,153.6
2013-07-24,GF1308,153.675,154.2,153.0,153.0,2901.0,,饲牛1308,12687.0,153.025,153.0
2013-07-25,GF1308,153.025,153.5,151.8,152.325,3042.0,,饲牛1308,12239.0,152.35,152.325
2013-07-26,GF1308,152.35,153.125,152.125,152.6,1937.0,,饲牛1308,11792.0,152.6,152.6
2013-07-29,GF1308,152.975,153.8,152.875,153.275,2585.0,,饲牛1308,11421.0,153.275,153.275
2013-07-30,GF1308,153.1,153.4,152.325,153.225,1901.0,,饲牛1308,10714.0,153.25,153.225
2013-07-31,GF1308,153.15,153.725,152.875,153.425,1391.0,,饲牛1308,10286.0,153.425,153.425
2013-08-01,GF1308,153.6,154.7,153.5,153.75,3048.0,,饲牛1308,9883.0,153.75,153.75
2013-08-02,GF1308,153.8,154.275,153.15,153.725,1908.0,,饲牛1308,8855.0,153.725,153.725
2013-08-05,GF1308,154.25,154.4,153.625,153.975,973.0,,饲牛1308,8395.0,153.975,153.975
2013-08-06,GF1308,154.0,154.325,153.95,154.25,1971.0,,饲牛1308,8177.0,154.25,154.25
2013-08-07,GF1308,154.25,154.3,152.3,152.55,2279.0,,饲牛1308,7507.0,152.575,152.55
2013-08-08,GF1308,153.7,154.55,153.025,154.25,1947.0,,饲牛1308,7018.0,154.25,154.25
2013-08-09,GF1308,154.0,154.375,153.2,153.85,953.0,,饲牛1308,6461.0,153.85,153.85
2013-08-12,GF1308,153.925,154.1,152.6,153.5,912.0,,饲牛1308,6163.0,153.5,153.5
2013-08-13,GF1308,153.625,154.15,153.275,153.85,797.0,,饲牛1308,5868.0,153.85,153.85
2013-08-14,GF1308,153.75,154.1,153.225,153.6,796.0,,饲牛1308,5568.0,153.6,153.6
2013-08-15,GF1308,153.825,154.275,153.2,154.1,1514.0,,饲牛1308,5421.0,154.1,154.1
2013-08-16,GF1308,153.875,154.9,153.625,154.775,799.0,,饲牛1308,4831.0,154.775,154.775
2013-08-19,GF1308,154.775,155.375,154.475,154.9,1474.0,,饲牛1308,4575.0,154.9,154.9
2013-08-20,GF1308,154.75,155.575,154.675,155.4,725.0,,饲牛1308,4118.0,155.4,155.4
2013-08-21,GF1308,155.5,155.775,155.25,155.575,997.0,,饲牛1308,3858.0,155.575,155.575
2013-08-22,GF1308,155.7,155.75,155.3,155.425,621.0,,饲牛1308,3596.0,155.45,155.425
2013-08-23,GF1308,155.425,155.525,154.8,155.0,885.0,,饲牛1308,3523.0,155.0,155.0
2013-08-26,GF1308,155.1,155.1,154.175,154.4,1006.0,,饲牛1308,3406.0,154.4,154.4
2013-08-27,GF1308,154.325,154.775,154.325,154.725,385.0,,饲牛1308,2923.0,154.725,154.725
2013-08-28,GF1308,154.65,154.85,154.625,154.725,427.0,,饲牛1308,2718.0,154.725,154.725
2013-08-29,GF1308,154.9,155.075,154.8,155.075,417.0,,饲牛1308,2534.0,155.05,155.075
2013-08-30,GF1308,,,,155.32,0.0,,饲牛1308,2352.0,155.32,155.32
