date,symbol,open,high,low,close,volume,amount,name,openinterest,settleprice,price
2012-07-19,GF1303,148.75,150.25,146.325,150.0,155.0,,饲牛1303,613.0,150.0,150.0
2012-07-20,GF1303,149.9,149.9,147.0,147.95,89.0,,饲牛1303,648.0,147.95,147.95
2012-07-23,GF1303,147.875,149.825,147.45,148.0,207.0,,饲牛1303,659.0,148.0,148.0
2012-07-24,GF1303,148.0,150.475,147.95,150.25,146.0,,饲牛1303,697.0,150.25,150.25
2012-07-25,GF1303,149.5,149.5,147.25,148.0,116.0,,饲牛1303,735.0,148.0,148.0
2012-07-26,GF1303,148.175,148.8,147.25,148.6,84.0,,饲牛1303,718.0,148.6,148.6
2012-07-27,GF1303,148.425,150.5,147.775,150.0,210.0,,饲牛1303,745.0,149.5,150.0
2012-07-30,GF1303,147.975,150.0,147.95,150.0,136.0,,饲牛1303,834.0,150.0,150.0
2012-07-31,GF1303,149.5,150.75,149.5,150.7,217.0,,饲牛1303,897.0,150.675,150.7
2012-08-01,GF1303,150.0,151.25,149.325,151.0,96.0,,饲牛1303,942.0,151.0,151.0
2012-08-02,GF1303,150.075,151.1,149.725,150.875,112.0,,饲牛1303,982.0,150.9,150.875
2012-08-03,GF1303,150.95,151.175,148.6,149.0,115.0,,饲牛1303,1020.0,149.0,149.0
2012-08-06,GF1303,149.975,150.425,149.0,149.3,85.0,,饲牛1303,1032.0,149.3,149.3
2012-08-07,GF1303,148.525,149.45,148.525,149.1,44.0,,饲牛1303,1063.0,148.95,149.1
2012-08-08,GF1303,149.95,151.1,149.775,150.1,52.0,,饲牛1303,1075.0,150.1,150.1
2012-08-09,GF1303,149.425,149.775,148.65,148.7,300.0,,饲牛1303,1095.0,148.7,148.7
2012-08-10,GF1303,148.4,149.15,148.125,148.7,67.0,,饲牛1303,1165.0,148.7,148.7
2012-08-13,GF1303,149.175,151.45,149.175,151.0,114.0,,饲牛1303,1178.0,151.0,151.0
2012-08-14,GF1303,150.875,152.075,150.85,151.925,148.0,,饲牛1303,1213.0,151.925,151.925
2012-08-15,GF1303,151.75,151.925,151.0,151.45,53.0,,饲牛1303,1254.0,151.45,151.45
2012-08-16,GF1303,151.025,151.425,150.1,150.5,188.0,,饲牛1303,1238.0,150.5,150.5
2012-08-17,GF1303,150.05,150.45,149.65,150.05,123.0,,饲牛1303,1300.0,150.05,150.05
2012-08-20,GF1303,150.025,150.5,149.65,150.3,51.0,,饲牛1303,1315.0,150.3,150.3
2012-08-21,GF1303,150.525,150.525,148.7,149.0,81.0,,饲牛1303,1316.0,149.0,149.0
2012-08-22,GF1303,149.25,149.6,148.95,149.6,28.0,,饲牛1303,1332.0,149.6,149.6
2012-08-23,GF1303,149.2,151.9,149.2,151.35,430.0,,饲牛1303,1333.0,151.35,151.35
2012-08-24,GF1303,151.35,151.65,150.925,151.4,258.0,,饲牛1303,1432.0,151.4,151.4
2012-08-27,GF1303,151.075,151.5,150.9,151.05,61.0,,饲牛1303,1449.0,151.05,151.05
2012-08-28,GF1303,151.95,152.35,151.25,151.9,112.0,,饲牛1303,1467.0,151.9,151.9
2012-08-29,GF1303,151.65,152.675,151.0,151.925,199.0,,饲牛1303,1452.0,151.9,151.925
2012-08-30,GF1303,151.925,152.525,151.675,151.825,167.0,,饲牛1303,1463.0,151.825,151.825
2012-08-31,GF1303,152.4,153.15,152.225,152.925,260.0,,饲牛1303,1467.0,152.925,152.925
2012-09-04,GF1303,153.0,153.4,152.575,153.4,169.0,,饲牛1303,1505.0,153.4,153.4
2012-09-05,GF1303,153.425,154.15,153.0,153.15,515.0,,饲牛1303,1562.0,153.175,153.15
2012-09-06,GF1303,153.05,153.125,152.075,152.375,194.0,,饲牛1303,1733.0,152.4,152.375
2012-09-07,GF1303,152.5,152.8,151.65,152.175,197.0,,饲牛1303,1803.0,152.2,152.175
2012-09-10,GF1303,152.2,152.45,151.85,152.375,421.0,,饲牛1303,1835.0,152.375,152.375
2012-09-11,GF1303,152.25,153.025,152.25,152.275,438.0,,饲牛1303,2019.0,152.3,152.275
2012-09-12,GF1303,152.4,153.5,152.05,153.275,356.0,,饲牛1303,2063.0,153.25,153.275
2012-09-13,GF1303,153.475,153.875,152.75,153.075,473.0,,饲牛1303,2202.0,153.1,153.075
2012-09-14,GF1303,152.6,153.35,151.75,153.125,448.0,,饲牛1303,2310.0,153.1,153.125
2012-09-17,GF1303,154.0,154.1,153.2,153.825,156.0,,饲牛1303,2397.0,153.8,153.825
2012-09-18,GF1303,153.85,153.85,152.65,153.725,266.0,,饲牛1303,2436.0,153.75,153.725
2012-09-19,GF1303,153.675,153.675,152.25,153.175,247.0,,饲牛1303,2442.0,153.175,153.175
2012-09-20,GF1303,153.0,153.375,152.7,152.75,184.0,,饲牛1303,2450.0,152.75,152.75
2012-09-21,GF1303,153.025,153.425,152.625,153.425,188.0,,饲牛1303,2499.0,153.425,153.425
2012-09-24,GF1303,153.5,154.0,153.3,154.0,421.0,,饲牛1303,2516.0,154.0,154.0
2012-09-25,GF1303,153.575,153.575,151.775,151.95,807.0,,饲牛1303,2487.0,151.95,151.95
2012-09-26,GF1303,151.35,153.15,151.1,152.7,338.0,,饲牛1303,2413.0,152.7,152.7
2012-09-27,GF1303,152.7,153.0,151.6,152.65,525.0,,饲牛1303,2483.0,152.65,152.65
2012-09-28,GF1303,152.125,152.125,149.65,150.2,565.0,,饲牛1303,2642.0,150.2,150.2
2012-10-01,GF1303,149.5,151.225,149.35,151.15,496.0,,饲牛1303,2697.0,151.15,151.15
2012-10-02,GF1303,151.05,152.5,150.875,151.975,278.0,,饲牛1303,2688.0,151.975,151.975
2012-10-03,GF1303,152.4,153.0,151.775,152.45,358.0,,饲牛1303,2693.0,152.45,152.45
2012-10-04,GF1303,151.8,152.375,151.075,151.4,362.0,,饲牛1303,2731.0,151.425,151.4
2012-10-05,GF1303,151.3,152.025,151.125,151.7,348.0,,饲牛1303,2825.0,151.7,151.7
2012-10-08,GF1303,151.8,152.2,151.6,152.025,185.0,,饲牛1303,2907.0,152.025,152.025
2012-10-09,GF1303,152.075,152.675,151.775,152.4,355.0,,饲牛1303,2971.0,152.4,152.4
2012-10-10,GF1303,152.35,152.5,152.125,152.275,292.0,,饲牛1303,2999.0,152.3,152.275
2012-10-11,GF1303,151.975,152.15,149.3,149.3,671.0,,饲牛1303,2988.0,149.3,149.3
2012-10-12,GF1303,149.275,150.1,149.0,149.075,422.0,,饲牛1303,3121.0,149.1,149.075
2012-10-15,GF1303,149.625,150.15,149.525,150.025,385.0,,饲牛1303,3137.0,150.025,150.025
2012-10-16,GF1303,149.775,152.1,149.5,152.0,509.0,,饲牛1303,3170.0,152.0,152.0
2012-10-17,GF1303,152.0,153.45,152.0,153.075,655.0,,饲牛1303,3164.0,153.05,153.075
2012-10-18,GF1303,153.1,153.175,152.525,152.75,420.0,,饲牛1303,3220.0,152.775,152.75
2012-10-19,GF1303,152.625,153.0,152.075,152.175,322.0,,饲牛1303,3286.0,152.2,152.175
2012-10-22,GF1303,152.975,153.0,151.725,151.725,275.0,,饲牛1303,3361.0,151.725,151.725
2012-10-23,GF1303,152.05,152.225,150.725,151.275,582.0,,饲牛1303,3419.0,151.3,151.275
2012-10-24,GF1303,151.475,151.975,151.275,151.625,327.0,,饲牛1303,3495.0,151.625,151.625
2012-10-25,GF1303,151.65,151.775,149.8,150.4,594.0,,饲牛1303,3518.0,150.425,150.4
2012-10-26,GF1303,150.1,150.2,149.125,149.65,751.0,,饲牛1303,3584.0,149.65,149.65
2012-10-29,GF1303,149.45,149.85,148.4,149.65,926.0,,饲牛1303,3724.0,149.65,149.65
2012-10-30,GF1303,149.725,151.65,149.275,151.625,729.0,,饲牛1303,3928.0,151.625,151.625
2012-10-31,GF1303,150.825,151.175,150.075,150.65,826.0,,饲牛1303,3875.0,150.675,150.65
2012-11-01,GF1303,150.25,150.9,148.6,148.875,857.0,,饲牛1303,3969.0,148.875,148.875
2012-11-02,GF1303,149.2,149.375,148.675,149.025,457.0,,饲牛1303,4034.0,149.025,149.025
2012-11-05,GF1303,148.825,149.175,148.125,148.925,707.0,,饲牛1303,4045.0,148.95,148.925
2012-11-06,GF1303,148.8,149.05,148.375,148.925,746.0,,饲牛1303,4071.0,148.95,148.925
2012-11-07,GF1303,149.0,149.075,147.15,147.6,1958.0,,饲牛1303,4221.0,147.625,147.6
2012-11-08,GF1303,147.575,148.4,147.125,148.0,1014.0,,饲牛1303,4298.0,148.0,148.0
2012-11-09,GF1303,147.85,148.45,147.625,147.975,1119.0,,饲牛1303,4247.0,148.0,147.975
2012-11-12,GF1303,148.1,148.7,147.925,148.325,665.0,,饲牛1303,4159.0,148.325,148.325
2012-11-13,GF1303,148.3,148.575,147.35,148.325,931.0,,饲牛1303,4240.0,148.325,148.325
2012-11-14,GF1303,148.075,148.25,146.725,147.325,925.0,,饲牛1303,4249.0,147.35,147.325
2012-11-15,GF1303,147.125,147.7,146.825,147.6,899.0,,饲牛1303,4307.0,147.6,147.6
2012-11-16,GF1303,147.675,148.2,147.375,148.125,685.0,,饲牛1303,4425.0,148.125,148.125
2012-11-19,GF1303,148.35,148.9,147.9,148.4,619.0,,饲牛1303,4426.0,148.4,148.4
2012-11-20,GF1303,148.275,148.775,147.9,148.475,484.0,,饲牛1303,4376.0,148.475,148.475
2012-11-21,GF1303,148.4,150.15,148.375,149.975,797.0,,饲牛1303,4405.0,149.975,149.975
2012-11-23,GF1303,150.025,150.55,149.825,150.425,585.0,,饲牛1303,4460.0,150.425,150.425
2012-11-26,GF1303,150.425,150.625,149.625,150.075,933.0,,饲牛1303,4501.0,150.1,150.075
2012-11-27,GF1303,149.95,150.4,149.2,149.875,862.0,,饲牛1303,4561.0,149.9,149.875
2012-11-28,GF1303,149.6,150.025,148.85,149.275,738.0,,饲牛1303,4803.0,149.3,149.275
2012-11-29,GF1303,149.05,150.0,148.9,149.55,765.0,,饲牛1303,4885.0,149.55,149.55
2012-11-30,GF1303,149.8,149.85,148.075,148.4,1104.0,,饲牛1303,4944.0,148.425,148.4
2012-12-03,GF1303,147.95,148.375,147.725,148.2,909.0,,饲牛1303,5123.0,148.225,148.2
2012-12-04,GF1303,148.2,148.45,147.8,148.3,1058.0,,饲牛1303,5301.0,148.275,148.3
2012-12-05,GF1303,148.475,149.35,148.0,149.05,1982.0,,饲牛1303,5463.0,149.05,149.05
2012-12-06,GF1303,149.25,151.0,148.8,150.8,2541.0,,饲牛1303,6010.0,150.8,150.8
2012-12-07,GF1303,150.725,151.275,150.3,151.15,2039.0,,饲牛1303,6892.0,151.15,151.15
2012-12-10,GF1303,151.125,152.225,151.0,152.15,2574.0,,饲牛1303,7097.0,152.2,152.15
2012-12-11,GF1303,151.75,154.625,151.7,154.375,2824.0,,饲牛1303,7855.0,154.375,154.375
2012-12-12,GF1303,153.95,155.675,153.925,154.725,2850.0,,饲牛1303,8437.0,154.725,154.725
2012-12-13,GF1303,154.35,156.0,154.3,155.075,2287.0,,饲牛1303,8986.0,155.075,155.075
2012-12-14,GF1303,154.425,155.6,154.275,155.0,1705.0,,饲牛1303,9402.0,155.025,155.0
2012-12-17,GF1303,155.25,156.475,155.225,156.25,1567.0,,饲牛1303,9863.0,156.25,156.25
2012-12-18,GF1303,156.3,157.225,154.325,154.375,3869.0,,饲牛1303,10202.0,154.4,154.375
2012-12-19,GF1303,154.55,155.9,154.425,155.75,2683.0,,饲牛1303,10910.0,155.75,155.75
2012-12-20,GF1303,155.65,156.075,154.45,154.825,1465.0,,饲牛1303,11797.0,154.85,154.825
2012-12-21,GF1303,155.075,155.425,154.0,154.75,1688.0,,饲牛1303,12007.0,154.775,154.75
2012-12-24,GF1303,154.35,155.075,154.2,154.25,672.0,,饲牛1303,12314.0,154.275,154.25
2012-12-26,GF1303,154.75,155.95,154.175,154.875,1617.0,,饲牛1303,12466.0,154.875,154.875
2012-12-27,GF1303,155.1,155.2,153.6,153.725,1245.0,,饲牛1303,12674.0,153.75,153.725
2012-12-28,GF1303,154.4,155.15,153.75,154.725,1187.0,,饲牛1303,12700.0,154.725,154.725
2012-12-31,GF1303,154.925,155.9,154.075,154.25,1313.0,,饲牛1303,12571.0,154.275,154.25
2013-01-02,GF1303,154.9,155.5,153.25,153.875,2000.0,,饲牛1303,12661.0,153.9,153.875
2013-01-03,GF1303,154.175,155.325,153.675,154.9,2550.0,,饲牛1303,12942.0,154.9,154.9
2013-01-04,GF1303,154.925,156.6,154.925,156.3,3157.0,,饲牛1303,12903.0,156.325,156.3
2013-01-07,GF1303,156.05,156.45,155.475,156.075,2140.0,,饲牛1303,13700.0,156.1,156.075
2013-01-08,GF1303,155.925,156.325,154.85,154.975,2807.0,,饲牛1303,13926.0,155.0,154.975
2013-01-09,GF1303,155.15,155.425,153.75,153.75,2424.0,,饲牛1303,14250.0,153.775,153.75
2013-01-10,GF1303,153.875,153.925,152.75,152.9,2653.0,,饲牛1303,14372.0,152.925,152.9
2013-01-11,GF1303,152.8,154.4,151.425,151.425,5350.0,,饲牛1303,14468.0,151.45,151.425
2013-01-14,GF1303,150.9,151.875,150.275,151.4,4196.0,,饲牛1303,14315.0,151.425,151.4
2013-01-15,GF1303,151.425,151.575,150.325,150.35,2905.0,,饲牛1303,14647.0,150.375,150.35
2013-01-16,GF1303,150.575,150.725,148.1,148.275,6231.0,,饲牛1303,14318.0,148.225,148.275
2013-01-17,GF1303,148.325,148.675,145.225,145.825,7370.0,,饲牛1303,14307.0,145.85,145.825
2013-01-18,GF1303,146.7,147.0,144.425,146.375,5590.0,,饲牛1303,14457.0,146.35,146.375
2013-01-22,GF1303,146.875,147.4,146.275,147.0,2811.0,,饲牛1303,14314.0,147.0,147.0
2013-01-23,GF1303,147.025,147.4,145.8,147.15,4317.0,,饲牛1303,14391.0,147.15,147.15
2013-01-24,GF1303,147.3,148.575,146.725,147.95,3352.0,,饲牛1303,14972.0,147.95,147.95
2013-01-25,GF1303,148.475,148.825,147.75,147.925,2330.0,,饲牛1303,14763.0,147.95,147.925
2013-01-28,GF1303,149.4,150.55,149.3,149.9,3365.0,,饲牛1303,15177.0,149.9,149.9
2013-01-29,GF1303,149.45,149.85,148.65,148.825,2304.0,,饲牛1303,15182.0,148.825,148.825
2013-01-30,GF1303,148.85,149.525,148.525,149.1,2583.0,,饲牛1303,15240.0,149.1,149.1
2013-01-31,GF1303,149.0,150.075,148.975,149.55,1710.0,,饲牛1303,15285.0,149.55,149.55
2013-02-01,GF1303,149.6,149.875,148.675,149.175,2064.0,,饲牛1303,15376.0,149.2,149.175
2013-02-04,GF1303,149.375,149.5,147.95,148.85,3537.0,,饲牛1303,15245.0,148.875,148.85
2013-02-05,GF1303,148.65,149.825,148.5,148.5,2552.0,,饲牛1303,15600.0,148.525,148.5
2013-02-06,GF1303,148.675,148.9,147.05,147.525,2776.0,,饲牛1303,15226.0,147.55,147.525
2013-02-07,GF1303,147.475,147.675,146.525,147.175,3587.0,,饲牛1303,14934.0,147.2,147.175
2013-02-08,GF1303,147.25,147.625,144.925,144.975,3918.0,,饲牛1303,14344.0,145.0,144.975
2013-02-11,GF1303,144.675,145.45,143.375,144.775,4985.0,,饲牛1303,13830.0,144.8,144.775
2013-02-12,GF1303,144.425,145.0,141.8,143.225,5894.0,,饲牛1303,13859.0,143.25,143.225
2013-02-13,GF1303,142.825,142.925,140.675,141.35,5241.0,,饲牛1303,13167.0,141.35,141.35
2013-02-14,GF1303,141.1,143.05,139.175,142.7,4789.0,,饲牛1303,13225.0,142.675,142.7
2013-02-15,GF1303,142.825,143.775,141.525,143.4,2812.0,,饲牛1303,13103.0,143.375,143.4
2013-02-19,GF1303,143.4,143.775,142.325,143.175,1933.0,,饲牛1303,12797.0,143.175,143.175
2013-02-20,GF1303,142.75,143.025,140.175,140.7,4077.0,,饲牛1303,12555.0,140.725,140.7
2013-02-21,GF1303,140.85,141.55,140.175,140.7,2434.0,,饲牛1303,12089.0,140.7,140.7
2013-02-22,GF1303,140.7,141.95,140.2,141.25,2240.0,,饲牛1303,11197.0,141.25,141.25
2013-02-25,GF1303,141.6,142.125,139.95,140.8,1568.0,,饲牛1303,10679.0,140.8,140.8
2013-02-26,GF1303,139.825,141.775,139.3,141.175,2476.0,,饲牛1303,10334.0,141.175,141.175
2013-02-27,GF1303,141.175,141.975,140.775,141.45,2225.0,,饲牛1303,9749.0,141.45,141.45
2013-02-28,GF1303,141.875,142.6,140.625,142.0,2013.0,,饲牛1303,9064.0,142.0,142.0
2013-03-01,GF1303,142.35,143.375,141.35,141.525,2654.0,,饲牛1303,8667.0,141.55,141.525
2013-03-04,GF1303,141.75,142.725,141.425,142.525,1806.0,,饲牛1303,8709.0,142.525,142.525
2013-03-05,GF1303,142.8,143.2,141.5,141.725,1987.0,,饲牛1303,8230.0,141.75,141.725
2013-03-06,GF1303,141.75,141.8,139.5,140.925,2893.0,,饲牛1303,7722.0,140.925,140.925
2013-03-07,GF1303,140.8,141.5,140.025,140.475,1923.0,,饲牛1303,6776.0,140.475,140.475
2013-03-08,GF1303,140.125,140.825,138.4,139.05,3423.0,,饲牛1303,6388.0,138.975,139.05
2013-03-11,GF1303,139.05,139.475,138.1,138.2,1851.0,,饲牛1303,5594.0,138.2,138.2
2013-03-12,GF1303,138.125,139.15,137.9,138.8,1667.0,,饲牛1303,4857.0,138.8,138.8
2013-03-13,GF1303,138.75,139.75,138.475,139.0,1852.0,,饲牛1303,4874.0,139.0,139.0
2013-03-14,GF1303,139.175,139.25,137.65,138.275,1470.0,,饲牛1303,4476.0,138.275,138.275
2013-03-15,GF1303,137.8,137.925,136.65,136.675,1472.0,,饲牛1303,4277.0,136.675,136.675
2013-03-18,GF1303,136.75,137.125,136.225,136.7,792.0,,饲牛1303,3979.0,136.7,136.7
2013-03-19,GF1303,136.475,136.825,135.1,135.75,1427.0,,饲牛1303,3704.0,136.0,135.75
2013-03-20,GF1303,135.75,135.75,134.625,135.0,978.0,,饲牛1303,3370.0,135.1,135.0
2013-03-21,GF1303,135.125,136.0,134.625,135.15,992.0,,饲牛1303,3267.0,135.15,135.15
2013-03-22,GF1303,134.825,135.525,134.55,134.65,1325.0,,饲牛1303,3210.0,134.65,134.65
2013-03-25,GF1303,134.7,135.2,134.525,134.725,552.0,,饲牛1303,3137.0,134.725,134.725
2013-03-26,GF1303,134.55,135.075,134.55,134.85,464.0,,饲牛1303,3007.0,134.85,134.85
2013-03-27,GF1303,134.8,135.3,134.8,135.275,677.0,,饲牛1303,2824.0,135.275,135.275
2013-03-28,GF1303,135.35,135.625,135.35,135.525,571.0,,饲牛1303,2534.0,135.525,135.525
2013-04-01,GF1303,,,,136.12,,,饲牛1303,2367.0,136.12,136.12
