date,symbol,open,high,low,close,volume,amount,name,openinterest,settleprice,price
2012-11-16,GF1311,,,,157.25,,,饲牛1311,,157.25,157.25
2012-11-19,GF1311,,,,157.25,,,饲牛1311,,157.25,157.25
2012-11-20,GF1311,,,,157.25,,,饲牛1311,,157.25,157.25
2012-11-21,GF1311,157.25,158.2,157.25,157.75,4.0,,饲牛1311,,157.75,157.75
2012-11-23,GF1311,,,,158.4,,,饲牛1311,3.0,158.4,158.4
2012-11-26,GF1311,158.25,158.4,158.0,158.4,14.0,,饲牛1311,3.0,158.4,158.4
2012-11-27,GF1311,,,,158.4,,,饲牛1311,11.0,158.4,158.4
2012-11-28,GF1311,,,,158.4,,,饲牛1311,11.0,158.4,158.4
2012-11-29,GF1311,,,,158.4,,,饲牛1311,11.0,158.4,158.4
2012-11-30,GF1311,,,,158.4,2.0,,饲牛1311,11.0,158.4,158.4
2012-12-03,GF1311,157.625,158.4,157.625,158.4,4.0,,饲牛1311,11.0,158.4,158.4
2012-12-04,GF1311,,,,158.4,,,饲牛1311,13.0,158.4,158.4
2012-12-05,GF1311,158.225,158.5,158.225,158.4,8.0,,饲牛1311,13.0,158.4,158.4
2012-12-06,GF1311,159.0,159.25,158.9,158.9,5.0,,饲牛1311,20.0,158.9,158.9
2012-12-07,GF1311,159.1,159.3,158.9,158.9,3.0,,饲牛1311,25.0,158.9,158.9
2012-12-10,GF1311,159.5,159.85,159.35,159.35,3.0,,饲牛1311,28.0,159.35,159.35
2012-12-11,GF1311,160.0,161.4,160.0,161.0,24.0,,饲牛1311,31.0,161.0,161.0
2012-12-12,GF1311,161.9,162.5,161.425,161.75,9.0,,饲牛1311,49.0,161.0,161.75
2012-12-13,GF1311,162.0,163.5,162.0,162.2,34.0,,饲牛1311,58.0,162.2,162.2
2012-12-14,GF1311,162.9,163.525,162.45,163.5,49.0,,饲牛1311,86.0,163.5,163.5
2012-12-17,GF1311,163.25,164.0,163.25,163.7,29.0,,饲牛1311,115.0,163.7,163.7
2012-12-18,GF1311,163.95,164.5,163.25,163.7,14.0,,饲牛1311,142.0,163.7,163.7
2012-12-19,GF1311,163.5,163.925,163.5,163.925,8.0,,饲牛1311,154.0,163.925,163.925
2012-12-20,GF1311,163.9,164.0,163.25,163.6,7.0,,饲牛1311,160.0,163.75,163.6
2012-12-21,GF1311,163.45,163.725,163.25,163.725,1.0,,饲牛1311,164.0,163.75,163.725
2012-12-24,GF1311,163.45,163.75,163.325,163.75,2.0,,饲牛1311,163.0,163.75,163.75
2012-12-26,GF1311,163.5,164.175,163.5,164.175,18.0,,饲牛1311,165.0,164.175,164.175
2012-12-27,GF1311,163.5,163.75,163.25,163.75,3.0,,饲牛1311,180.0,163.75,163.75
2012-12-28,GF1311,163.5,164.2,163.5,164.2,9.0,,饲牛1311,182.0,164.2,164.2
2012-12-31,GF1311,164.15,164.5,164.0,164.0,12.0,,饲牛1311,187.0,164.0,164.0
2013-01-02,GF1311,163.35,164.0,163.35,164.0,4.0,,饲牛1311,196.0,164.0,164.0
2013-01-03,GF1311,164.0,164.575,164.0,164.575,30.0,,饲牛1311,197.0,164.575,164.575
2013-01-04,GF1311,164.5,164.9,164.125,164.9,29.0,,饲牛1311,223.0,164.9,164.9
2013-01-07,GF1311,164.65,165.0,164.3,164.95,17.0,,饲牛1311,247.0,164.95,164.95
2013-01-08,GF1311,164.625,164.625,163.675,163.9,12.0,,饲牛1311,263.0,163.9,163.9
2013-01-09,GF1311,163.4,163.4,162.8,163.2,27.0,,饲牛1311,268.0,163.2,163.2
2013-01-10,GF1311,162.875,162.9,162.325,162.675,19.0,,饲牛1311,279.0,162.675,162.675
2013-01-11,GF1311,161.925,163.5,161.6,161.8,24.0,,饲牛1311,283.0,161.8,161.8
2013-01-14,GF1311,161.025,162.95,161.0,161.95,28.0,,饲牛1311,288.0,161.95,161.95
2013-01-15,GF1311,162.375,162.45,162.05,162.1,7.0,,饲牛1311,297.0,162.1,162.1
2013-01-16,GF1311,162.5,162.5,161.0,161.35,54.0,,饲牛1311,296.0,161.35,161.35
2013-01-17,GF1311,161.25,161.5,159.0,159.7,27.0,,饲牛1311,313.0,159.7,159.7
2013-01-18,GF1311,160.0,160.0,159.1,159.7,24.0,,饲牛1311,307.0,159.7,159.7
2013-01-22,GF1311,160.75,161.15,160.75,161.15,9.0,,饲牛1311,310.0,161.15,161.15
2013-01-23,GF1311,160.5,161.625,160.5,161.625,11.0,,饲牛1311,310.0,161.625,161.625
2013-01-24,GF1311,162.3,163.6,162.15,163.0,63.0,,饲牛1311,313.0,163.0,163.0
2013-01-25,GF1311,163.4,163.875,163.0,163.3,22.0,,饲牛1311,348.0,163.3,163.3
2013-01-28,GF1311,163.75,165.1,163.75,164.575,104.0,,饲牛1311,358.0,164.575,164.575
2013-01-29,GF1311,163.85,164.4,163.65,164.4,22.0,,饲牛1311,429.0,164.4,164.4
2013-01-30,GF1311,163.4,163.7,163.2,163.2,20.0,,饲牛1311,436.0,163.25,163.2
2013-01-31,GF1311,163.45,163.5,163.0,163.25,15.0,,饲牛1311,444.0,163.25,163.25
2013-02-01,GF1311,163.1,163.1,162.675,163.1,16.0,,饲牛1311,446.0,163.1,163.1
2013-02-04,GF1311,162.975,163.5,162.2,162.925,28.0,,饲牛1311,444.0,163.1,162.925
2013-02-05,GF1311,163.0,163.525,162.875,163.075,32.0,,饲牛1311,456.0,163.075,163.075
2013-02-06,GF1311,163.025,163.35,162.025,162.35,36.0,,饲牛1311,477.0,162.425,162.35
2013-02-07,GF1311,162.0,162.0,161.25,161.9,47.0,,饲牛1311,469.0,162.0,161.9
2013-02-08,GF1311,161.925,161.925,159.975,160.1,51.0,,饲牛1311,475.0,160.1,160.1
2013-02-11,GF1311,159.5,160.875,159.0,160.7,48.0,,饲牛1311,479.0,160.7,160.7
2013-02-12,GF1311,160.625,160.625,157.7,159.85,72.0,,饲牛1311,477.0,160.0,159.85
2013-02-13,GF1311,158.775,158.775,157.0,157.9,36.0,,饲牛1311,469.0,157.95,157.9
2013-02-14,GF1311,157.0,159.175,155.15,158.9,111.0,,饲牛1311,459.0,158.9,158.9
2013-02-15,GF1311,159.15,160.0,158.5,159.8,75.0,,饲牛1311,491.0,159.8,159.8
2013-02-19,GF1311,160.15,160.325,158.7,159.15,37.0,,饲牛1311,494.0,159.175,159.15
2013-02-20,GF1311,159.05,159.05,156.775,157.4,44.0,,饲牛1311,497.0,157.4,157.4
2013-02-21,GF1311,157.4,157.575,157.0,157.175,28.0,,饲牛1311,492.0,157.375,157.175
2013-02-22,GF1311,157.7,158.25,157.425,158.0,35.0,,饲牛1311,491.0,158.0,158.0
2013-02-25,GF1311,158.5,159.0,157.5,158.1,22.0,,饲牛1311,483.0,158.1,158.1
2013-02-26,GF1311,157.0,158.5,156.45,158.425,34.0,,饲牛1311,492.0,158.425,158.425
2013-02-27,GF1311,158.5,158.8,158.45,158.65,34.0,,饲牛1311,512.0,158.625,158.65
2013-02-28,GF1311,158.775,158.9,158.325,158.9,16.0,,饲牛1311,525.0,158.9,158.9
2013-03-01,GF1311,158.85,159.2,158.225,158.375,12.0,,饲牛1311,526.0,158.4,158.375
2013-03-04,GF1311,158.4,158.75,157.825,158.6,22.0,,饲牛1311,530.0,158.6,158.6
2013-03-05,GF1311,158.575,158.675,156.925,157.25,22.0,,饲牛1311,529.0,157.25,157.25
2013-03-06,GF1311,157.0,157.0,154.275,155.65,73.0,,饲牛1311,535.0,155.6,155.65
2013-03-07,GF1311,155.175,156.5,155.075,156.375,24.0,,饲牛1311,526.0,156.375,156.375
2013-03-08,GF1311,155.55,155.7,153.975,154.65,74.0,,饲牛1311,525.0,154.675,154.65
2013-03-11,GF1311,154.6,155.05,154.0,154.275,45.0,,饲牛1311,554.0,154.3,154.275
2013-03-12,GF1311,155.0,155.075,154.575,154.85,27.0,,饲牛1311,562.0,155.2,154.85
2013-03-13,GF1311,155.475,156.5,155.475,155.8,40.0,,饲牛1311,568.0,155.8,155.8
2013-03-14,GF1311,155.45,155.8,154.45,154.775,30.0,,饲牛1311,572.0,154.775,154.775
2013-03-15,GF1311,154.15,154.15,151.875,152.2,68.0,,饲牛1311,580.0,152.2,152.2
2013-03-18,GF1311,152.3,152.425,151.4,152.4,45.0,,饲牛1311,592.0,152.4,152.4
2013-03-19,GF1311,151.45,151.5,149.475,151.25,194.0,,饲牛1311,612.0,151.25,151.25
2013-03-20,GF1311,150.35,151.125,148.95,150.95,226.0,,饲牛1311,695.0,150.95,150.95
2013-03-21,GF1311,151.25,152.525,150.8,151.9,204.0,,饲牛1311,752.0,151.9,151.9
2013-03-22,GF1311,151.525,152.05,151.3,151.7,85.0,,饲牛1311,798.0,151.7,151.7
2013-03-25,GF1311,152.3,152.45,151.35,151.9,26.0,,饲牛1311,828.0,151.9,151.9
2013-03-26,GF1311,151.4,151.7,150.9,151.7,83.0,,饲牛1311,826.0,151.7,151.7
2013-03-27,GF1311,151.3,153.4,151.2,153.3,71.0,,饲牛1311,828.0,153.3,153.3
2013-03-28,GF1311,153.4,156.3,153.4,156.3,117.0,,饲牛1311,844.0,156.3,156.3
2013-04-01,GF1311,157.2,158.45,156.8,158.45,278.0,,饲牛1311,863.0,158.45,158.45
2013-04-02,GF1311,157.7,157.7,156.375,157.25,103.0,,饲牛1311,950.0,157.25,157.25
2013-04-03,GF1311,156.8,157.8,156.2,157.0,133.0,,饲牛1311,976.0,157.0,157.0
2013-04-04,GF1311,156.825,157.275,155.9,156.25,89.0,,饲牛1311,1003.0,156.25,156.25
2013-04-05,GF1311,155.8,155.8,154.3,154.6,111.0,,饲牛1311,1005.0,154.575,154.6
2013-04-08,GF1311,154.45,155.475,154.45,155.1,127.0,,饲牛1311,1002.0,155.1,155.1
2013-04-09,GF1311,155.175,155.475,154.875,155.15,34.0,,饲牛1311,1026.0,155.1,155.15
2013-04-10,GF1311,154.55,154.7,152.6,153.325,89.0,,饲牛1311,1026.0,153.325,153.325
2013-04-11,GF1311,152.45,153.25,152.25,152.8,96.0,,饲牛1311,1027.0,152.8,152.8
2013-04-12,GF1311,152.0,152.4,151.5,151.75,85.0,,饲牛1311,1035.0,151.75,151.75
2013-04-15,GF1311,151.75,151.75,149.55,150.325,105.0,,饲牛1311,1057.0,150.325,150.325
2013-04-16,GF1311,149.1,150.675,149.0,150.6,62.0,,饲牛1311,1063.0,150.6,150.6
2013-04-17,GF1311,150.5,152.0,150.05,151.75,132.0,,饲牛1311,1072.0,151.75,151.75
2013-04-18,GF1311,151.65,151.75,150.6,151.2,276.0,,饲牛1311,1118.0,151.2,151.2
2013-04-19,GF1311,150.175,150.7,149.9,150.625,179.0,,饲牛1311,1181.0,150.65,150.625
2013-04-22,GF1311,149.625,151.15,149.575,151.075,184.0,,饲牛1311,1215.0,151.05,151.075
2013-04-23,GF1311,151.0,153.05,150.975,152.9,224.0,,饲牛1311,1237.0,152.8,152.9
2013-04-24,GF1311,153.45,155.0,153.125,154.975,255.0,,饲牛1311,1291.0,154.975,154.975
2013-04-25,GF1311,155.0,156.225,154.275,156.225,255.0,,饲牛1311,1335.0,156.2,156.225
2013-04-26,GF1311,156.05,156.05,155.0,155.2,82.0,,饲牛1311,1362.0,155.2,155.2
2013-04-29,GF1311,154.75,154.75,153.375,153.975,123.0,,饲牛1311,1374.0,153.975,153.975
2013-04-30,GF1311,153.25,154.25,152.9,153.2,118.0,,饲牛1311,1364.0,153.2,153.2
2013-05-01,GF1311,153.025,154.1,153.025,153.5,145.0,,饲牛1311,1354.0,153.5,153.5
2013-05-02,GF1311,154.05,154.3,153.75,154.275,107.0,,饲牛1311,1342.0,154.275,154.275
2013-05-03,GF1311,154.25,154.45,151.725,152.125,158.0,,饲牛1311,1361.0,152.125,152.125
2013-05-06,GF1311,152.4,153.1,151.275,151.9,156.0,,饲牛1311,1378.0,151.9,151.9
2013-05-07,GF1311,151.375,151.375,150.5,150.975,165.0,,饲牛1311,1406.0,151.0,150.975
2013-05-08,GF1311,150.6,151.325,149.625,150.1,295.0,,饲牛1311,1401.0,150.1,150.1
2013-05-09,GF1311,149.775,151.025,149.7,151.025,182.0,,饲牛1311,1484.0,151.0,151.025
2013-05-10,GF1311,150.6,151.95,150.5,151.95,234.0,,饲牛1311,1518.0,151.925,151.95
2013-05-13,GF1311,151.975,152.5,151.375,151.725,293.0,,饲牛1311,1559.0,151.75,151.725
2013-05-14,GF1311,151.675,151.875,151.025,151.5,130.0,,饲牛1311,1603.0,151.55,151.5
2013-05-15,GF1311,151.075,151.2,150.4,150.525,93.0,,饲牛1311,1609.0,150.525,150.525
2013-05-16,GF1311,150.25,150.55,149.825,150.4,116.0,,饲牛1311,1605.0,150.4,150.4
2013-05-17,GF1311,150.1,150.1,148.75,149.175,191.0,,饲牛1311,1641.0,149.2,149.175
2013-05-20,GF1311,148.5,150.875,148.1,150.05,453.0,,饲牛1311,1666.0,150.05,150.05
2013-05-21,GF1311,151.0,152.2,150.675,152.0,225.0,,饲牛1311,1758.0,152.0,152.0
2013-05-22,GF1311,151.775,151.8,149.15,149.85,117.0,,饲牛1311,1818.0,149.85,149.85
2013-05-23,GF1311,149.0,149.725,147.725,148.175,312.0,,饲牛1311,1833.0,148.175,148.175
2013-05-24,GF1311,147.825,150.1,147.825,149.975,222.0,,饲牛1311,1929.0,149.95,149.975
2013-05-28,GF1311,149.7,150.55,149.0,150.5,129.0,,饲牛1311,1962.0,150.5,150.5
2013-05-29,GF1311,150.45,151.0,150.25,150.65,122.0,,饲牛1311,1958.0,150.65,150.65
2013-05-30,GF1311,150.175,151.0,149.15,149.35,164.0,,饲牛1311,1984.0,149.35,149.35
2013-05-31,GF1311,149.6,149.725,148.8,149.725,160.0,,饲牛1311,2000.0,149.725,149.725
2013-06-03,GF1311,149.5,150.225,148.8,149.6,240.0,,饲牛1311,2009.0,149.6,149.6
2013-06-04,GF1311,149.95,151.0,149.5,150.8,220.0,,饲牛1311,2038.0,150.8,150.8
2013-06-05,GF1311,150.975,151.0,149.925,150.0,202.0,,饲牛1311,2079.0,150.0,150.0
2013-06-06,GF1311,150.05,150.6,149.375,150.375,156.0,,饲牛1311,2119.0,150.375,150.375
2013-06-07,GF1311,150.05,150.175,149.0,149.375,445.0,,饲牛1311,2147.0,149.4,149.375
2013-06-10,GF1311,149.4,149.725,149.125,149.275,384.0,,饲牛1311,2274.0,149.3,149.275
2013-06-11,GF1311,149.3,151.375,148.975,150.35,634.0,,饲牛1311,2315.0,150.35,150.35
2013-06-12,GF1311,150.2,151.55,149.6,151.525,499.0,,饲牛1311,2265.0,151.525,151.525
2013-06-13,GF1311,151.3,151.5,150.3,151.2,426.0,,饲牛1311,2358.0,151.225,151.2
2013-06-14,GF1311,150.875,151.05,149.55,149.8,275.0,,饲牛1311,2488.0,149.8,149.8
2013-06-17,GF1311,149.65,150.725,149.425,150.575,321.0,,饲牛1311,2432.0,150.55,150.575
2013-06-18,GF1311,149.85,150.85,149.525,149.525,229.0,,饲牛1311,2368.0,149.55,149.525
2013-06-19,GF1311,149.9,150.5,149.55,150.35,155.0,,饲牛1311,2377.0,150.35,150.35
2013-06-20,GF1311,150.0,150.4,149.5,150.125,122.0,,饲牛1311,2391.0,150.15,150.125
2013-06-21,GF1311,149.825,152.15,149.75,152.0,364.0,,饲牛1311,2376.0,152.0,152.0
2013-06-24,GF1311,152.2,153.45,152.1,152.85,349.0,,饲牛1311,2425.0,152.85,152.85
2013-06-25,GF1311,152.85,153.4,152.3,152.875,239.0,,饲牛1311,2423.0,152.875,152.875
2013-06-26,GF1311,152.975,153.9,152.9,153.775,224.0,,饲牛1311,2406.0,153.775,153.775
2013-06-27,GF1311,153.75,154.85,153.75,154.675,338.0,,饲牛1311,2408.0,154.675,154.675
2013-06-28,GF1311,154.175,155.5,153.5,154.475,455.0,,饲牛1311,2429.0,154.5,154.475
2013-07-01,GF1311,155.0,156.175,155.0,156.025,441.0,,饲牛1311,2471.0,156.025,156.025
2013-07-02,GF1311,156.125,156.6,155.55,156.3,325.0,,饲牛1311,2511.0,156.275,156.3
2013-07-03,GF1311,156.0,156.25,155.35,156.1,298.0,,饲牛1311,2522.0,156.125,156.1
2013-07-05,GF1311,156.225,157.0,156.225,156.8,256.0,,饲牛1311,2524.0,156.775,156.8
2013-07-08,GF1311,156.5,157.25,156.45,156.775,494.0,,饲牛1311,2526.0,156.775,156.775
2013-07-09,GF1311,156.625,156.625,155.35,156.15,865.0,,饲牛1311,2526.0,156.175,156.15
2013-07-10,GF1311,155.825,156.325,155.575,155.975,590.0,,饲牛1311,2546.0,156.0,155.975
2013-07-11,GF1311,155.8,156.6,155.275,155.35,485.0,,饲牛1311,2535.0,155.375,155.35
2013-07-12,GF1311,155.25,156.0,155.0,155.725,579.0,,饲牛1311,2565.0,155.725,155.725
2013-07-15,GF1311,156.25,158.25,156.25,158.075,565.0,,饲牛1311,2588.0,158.075,158.075
2013-07-16,GF1311,157.7,158.4,157.35,158.1,304.0,,饲牛1311,2609.0,158.1,158.1
2013-07-17,GF1311,157.65,158.125,156.725,157.15,232.0,,饲牛1311,2684.0,157.15,157.15
2013-07-18,GF1311,156.9,158.25,156.8,157.9,347.0,,饲牛1311,2709.0,157.9,157.9
2013-07-19,GF1311,157.65,158.4,157.45,158.15,429.0,,饲牛1311,2805.0,158.15,158.15
2013-07-22,GF1311,158.5,158.8,158.075,158.775,549.0,,饲牛1311,2805.0,158.775,158.775
2013-07-23,GF1311,158.75,159.625,158.75,159.4,557.0,,饲牛1311,2970.0,159.4,159.4
2013-07-24,GF1311,158.9,159.55,158.625,158.85,341.0,,饲牛1311,3165.0,158.85,158.85
2013-07-25,GF1311,158.5,159.1,157.525,158.4,393.0,,饲牛1311,3219.0,158.4,158.4
2013-07-26,GF1311,158.5,159.1,158.125,158.925,498.0,,饲牛1311,3264.0,158.925,158.925
2013-07-29,GF1311,158.725,159.95,158.725,159.9,389.0,,饲牛1311,3447.0,159.9,159.9
2013-07-30,GF1311,159.6,159.625,158.575,159.55,441.0,,饲牛1311,3510.0,159.55,159.55
2013-07-31,GF1311,159.5,160.05,159.2,160.05,429.0,,饲牛1311,3677.0,160.05,160.05
2013-08-01,GF1311,159.825,160.6,159.7,160.25,652.0,,饲牛1311,3770.0,160.25,160.25
2013-08-02,GF1311,159.8,160.175,159.125,160.025,472.0,,饲牛1311,3907.0,160.025,160.025
2013-08-05,GF1311,160.0,160.1,159.55,160.0,301.0,,饲牛1311,4000.0,160.0,160.0
2013-08-06,GF1311,159.7,160.675,159.6,160.675,586.0,,饲牛1311,4111.0,160.675,160.675
2013-08-07,GF1311,160.175,160.25,159.05,159.5,909.0,,饲牛1311,4288.0,159.525,159.5
2013-08-08,GF1311,160.0,161.4,159.475,160.7,1008.0,,饲牛1311,4414.0,160.7,160.7
2013-08-09,GF1311,160.2,160.925,159.95,160.375,549.0,,饲牛1311,4626.0,160.375,160.375
2013-08-12,GF1311,160.25,160.9,159.475,160.0,891.0,,饲牛1311,4778.0,160.0,160.0
2013-08-13,GF1311,160.35,160.675,159.9,160.65,520.0,,饲牛1311,4983.0,160.65,160.65
2013-08-14,GF1311,160.675,160.9,160.05,160.4,520.0,,饲牛1311,5008.0,160.4,160.4
2013-08-15,GF1311,160.325,160.4,159.4,160.025,802.0,,饲牛1311,5027.0,160.025,160.025
2013-08-16,GF1311,160.0,160.475,159.0,160.3,872.0,,饲牛1311,4880.0,160.3,160.3
2013-08-19,GF1311,159.9,160.925,159.675,160.475,633.0,,饲牛1311,5084.0,160.475,160.475
2013-08-20,GF1311,160.15,161.1,160.125,160.725,271.0,,饲牛1311,5156.0,160.725,160.725
2013-08-21,GF1311,160.5,160.725,160.075,160.3,388.0,,饲牛1311,5205.0,160.3,160.3
2013-08-22,GF1311,160.35,160.5,160.025,160.45,465.0,,饲牛1311,5300.0,160.45,160.45
2013-08-23,GF1311,160.05,160.25,159.4,159.525,672.0,,饲牛1311,5349.0,159.525,159.525
2013-08-26,GF1311,159.525,159.775,156.525,156.75,1360.0,,饲牛1311,5394.0,156.75,156.75
2013-08-27,GF1311,156.925,157.95,156.775,157.9,1131.0,,饲牛1311,5438.0,157.85,157.9
2013-08-28,GF1311,157.85,158.95,157.725,158.625,721.0,,饲牛1311,5549.0,158.625,158.625
2013-08-29,GF1311,158.425,158.825,158.2,158.775,531.0,,饲牛1311,5669.0,158.775,158.775
2013-08-30,GF1311,158.5,159.775,158.5,159.725,882.0,,饲牛1311,5768.0,159.725,159.725
2013-09-03,GF1311,159.4,160.475,159.4,159.9,939.0,,饲牛1311,5968.0,159.9,159.9
2013-09-04,GF1311,159.95,160.275,159.025,159.9,1269.0,,饲牛1311,6091.0,159.9,159.9
2013-09-05,GF1311,159.85,160.175,159.15,159.525,861.0,,饲牛1311,6153.0,159.55,159.525
2013-09-06,GF1311,159.2,159.4,158.25,158.625,1682.0,,饲牛1311,6257.0,158.65,158.625
2013-09-09,GF1311,158.5,158.8,157.725,158.775,2477.0,,饲牛1311,6471.0,158.775,158.775
2013-09-10,GF1311,158.75,158.75,158.15,158.5,1695.0,,饲牛1311,6750.0,158.5,158.5
2013-09-11,GF1311,158.025,160.0,158.025,158.875,1934.0,,饲牛1311,7230.0,158.875,158.875
2013-09-12,GF1311,158.7,160.025,158.525,159.55,1619.0,,饲牛1311,7464.0,159.55,159.55
2013-09-13,GF1311,159.625,160.3,159.625,160.225,2141.0,,饲牛1311,7674.0,160.225,160.225
2013-09-16,GF1311,160.425,160.9,160.05,160.25,726.0,,饲牛1311,7986.0,160.25,160.25
2013-09-17,GF1311,160.35,160.35,158.475,158.575,1557.0,,饲牛1311,8069.0,158.6,158.575
2013-09-18,GF1311,158.7,159.55,157.775,159.0,1280.0,,饲牛1311,8102.0,159.0,159.0
2013-09-19,GF1311,159.6,160.15,159.325,160.025,1179.0,,饲牛1311,8491.0,160.025,160.025
2013-09-20,GF1311,159.775,161.275,159.65,160.75,2048.0,,饲牛1311,8727.0,160.75,160.75
2013-09-23,GF1311,161.175,162.7,161.075,162.375,2003.0,,饲牛1311,9317.0,162.375,162.375
2013-09-24,GF1311,162.45,164.85,162.45,164.75,3555.0,,饲牛1311,9712.0,164.75,164.75
2013-09-25,GF1311,164.3,165.0,163.85,164.025,2016.0,,饲牛1311,10255.0,164.05,164.025
2013-09-26,GF1311,164.15,165.25,164.025,165.15,2656.0,,饲牛1311,10379.0,165.15,165.15
2013-09-27,GF1311,164.575,165.775,164.5,164.9,2066.0,,饲牛1311,10807.0,164.925,164.9
2013-09-30,GF1311,164.5,165.425,164.125,165.2,1941.0,,饲牛1311,11129.0,165.2,165.2
2013-10-01,GF1311,164.75,166.375,164.55,166.05,3243.0,,饲牛1311,11281.0,166.05,166.05
2013-10-02,GF1311,166.1,166.65,165.575,166.2,2702.0,,饲牛1311,11297.0,166.2,166.2
2013-10-03,GF1311,166.225,166.225,165.325,165.6,2013.0,,饲牛1311,11492.0,165.625,165.6
2013-10-04,GF1311,165.8,166.125,165.2,165.95,2102.0,,饲牛1311,11382.0,165.95,165.95
2013-10-07,GF1311,165.6,166.125,165.125,165.45,1925.0,,饲牛1311,11437.0,165.475,165.45
2013-10-08,GF1311,165.625,166.55,165.375,166.325,2107.0,,饲牛1311,11220.0,166.325,166.325
2013-10-09,GF1311,166.375,166.475,165.5,166.4,3414.0,,饲牛1311,11029.0,166.375,166.4
2013-10-10,GF1311,166.3,168.1,166.2,167.925,3141.0,,饲牛1311,11364.0,167.925,167.925
2013-10-11,GF1311,167.95,169.725,167.775,169.275,3386.0,,饲牛1311,10968.0,169.275,169.275
2013-10-14,GF1311,169.6,169.95,168.5,169.4,1873.0,,饲牛1311,10895.0,169.4,169.4
2013-10-15,GF1311,168.6,168.8,167.15,167.475,2299.0,,饲牛1311,10681.0,167.5,167.475
2013-10-16,GF1311,167.225,168.25,167.225,167.725,2583.0,,饲牛1311,10488.0,167.725,167.725
2013-10-17,GF1311,167.925,168.925,165.825,166.9,3330.0,,饲牛1311,10320.0,166.9,166.9
2013-10-18,GF1311,166.525,167.425,166.075,166.85,2151.0,,饲牛1311,9751.0,166.85,166.85
2013-10-21,GF1311,166.6,167.1,166.125,166.4,1673.0,,饲牛1311,9631.0,166.4,166.4
2013-10-22,GF1311,166.2,168.425,165.875,167.85,2397.0,,饲牛1311,9307.0,167.85,167.85
2013-10-23,GF1311,168.075,168.75,167.35,167.6,1766.0,,饲牛1311,9212.0,167.625,167.6
2013-10-24,GF1311,167.7,167.825,166.825,166.95,1503.0,,饲牛1311,9144.0,166.95,166.95
2013-10-25,GF1311,167.15,167.7,166.3,166.65,1306.0,,饲牛1311,9055.0,166.65,166.65
2013-10-28,GF1311,167.05,167.35,166.775,167.075,1166.0,,饲牛1311,8831.0,167.075,167.075
2013-10-29,GF1311,167.0,167.5,166.275,166.75,1244.0,,饲牛1311,8546.0,166.75,166.75
2013-10-30,GF1311,166.65,166.7,164.7,164.925,2458.0,,饲牛1311,8297.0,164.95,164.925
2013-10-31,GF1311,164.925,165.4,164.125,164.35,1799.0,,饲牛1311,7764.0,164.375,164.35
2013-11-01,GF1311,164.9,164.95,163.425,163.5,2686.0,,饲牛1311,7424.0,163.5,163.5
2013-11-04,GF1311,163.7,163.825,163.1,163.6,1405.0,,饲牛1311,6500.0,163.6,163.6
2013-11-05,GF1311,163.625,165.075,163.6,164.775,1620.0,,饲牛1311,6029.0,164.775,164.775
2013-11-06,GF1311,164.775,165.3,164.45,164.85,943.0,,饲牛1311,5503.0,164.85,164.85
2013-11-07,GF1311,164.725,165.05,164.175,164.625,1145.0,,饲牛1311,5373.0,164.625,164.625
2013-11-08,GF1311,164.775,165.45,164.25,164.425,1399.0,,饲牛1311,5021.0,164.425,164.425
2013-11-11,GF1311,164.625,164.625,164.0,164.175,1098.0,,饲牛1311,4617.0,164.2,164.175
2013-11-12,GF1311,164.35,164.875,164.2,164.65,821.0,,饲牛1311,4389.0,164.65,164.65
2013-11-13,GF1311,164.65,165.05,164.425,164.85,486.0,,饲牛1311,4358.0,164.85,164.85
2013-11-14,GF1311,164.85,165.25,164.85,165.025,496.0,,饲牛1311,4203.0,165.025,165.025
2013-11-15,GF1311,165.225,165.3,164.9,165.15,398.0,,饲牛1311,4133.0,165.15,165.15
2013-11-18,GF1311,165.325,165.325,164.3,164.85,1597.0,,饲牛1311,4023.0,164.85,164.85
2013-11-19,GF1311,164.775,164.875,164.275,164.375,921.0,,饲牛1311,3628.0,164.375,164.375
2013-11-20,GF1311,164.475,164.625,164.375,164.575,762.0,,饲牛1311,3253.0,164.575,164.575
2013-11-21,GF1311,164.65,164.925,164.525,164.8,644.0,,饲牛1311,2681.0,164.8,164.8
2013-11-22,GF1311,,,,164.85,0.0,,饲牛1311,2412.0,164.85,164.85
