date,symbol,open,high,low,close,volume,amount,name,openinterest,settleprice,price
2013-02-01,GF1401,,,,163.95,,,饲牛1401,,163.95,163.95
2013-02-04,GF1401,163.025,163.95,162.5,163.95,3.0,,饲牛1401,,163.95,163.95
2013-02-05,GF1401,163.0,163.5,163.0,163.5,2.0,,饲牛1401,3.0,163.5,163.5
2013-02-06,GF1401,163.0,163.25,162.25,162.5,4.0,,饲牛1401,5.0,162.5,162.5
2013-02-07,GF1401,,,,162.0,,,饲牛1401,9.0,162.0,162.0
2013-02-08,GF1401,162.05,162.05,160.1,162.0,9.0,,饲牛1401,9.0,162.0,162.0
2013-02-11,GF1401,160.85,162.0,160.85,162.0,3.0,,饲牛1401,13.0,162.0,162.0
2013-02-12,GF1401,160.05,162.0,160.05,162.0,5.0,,饲牛1401,12.0,162.0,162.0
2013-02-13,GF1401,,,,159.75,,,饲牛1401,15.0,159.75,159.75
2013-02-14,GF1401,157.3,158.7,157.15,158.7,3.0,,饲牛1401,15.0,159.75,158.7
2013-02-15,GF1401,159.975,160.0,159.75,159.75,3.0,,饲牛1401,15.0,159.75,159.75
2013-02-19,GF1401,159.6,159.6,159.5,159.5,1.0,,饲牛1401,15.0,159.5,159.5
2013-02-20,GF1401,157.75,158.5,156.825,158.5,6.0,6.0,饲牛1401,16.0,158.5,158.5
2013-02-21,GF1401,,,,158.25,3.0,,饲牛1401,20.0,158.25,158.25
2013-02-22,GF1401,157.8,158.25,157.8,158.25,3.0,,饲牛1401,20.0,158.25,158.25
2013-02-25,GF1401,159.0,159.0,158.1,158.75,2.0,,饲牛1401,22.0,158.75,158.75
2013-02-26,GF1401,157.2,158.1,156.5,158.0,8.0,,饲牛1401,24.0,158.75,158.0
2013-02-27,GF1401,,,,158.75,,,饲牛1401,30.0,158.75,158.75
2013-02-28,GF1401,158.675,158.875,158.675,158.75,5.0,,饲牛1401,30.0,158.75,158.75
2013-03-01,GF1401,,,,158.5,2.0,,饲牛1401,33.0,158.5,158.5
2013-03-04,GF1401,158.125,158.5,158.075,158.5,5.0,,饲牛1401,33.0,158.5,158.5
2013-03-05,GF1401,,,,157.5,2.0,,饲牛1401,35.0,157.5,157.5
2013-03-06,GF1401,155.4,155.4,155.25,155.25,3.0,,饲牛1401,36.0,155.25,155.25
2013-03-07,GF1401,156.15,156.475,155.25,155.25,9.0,,饲牛1401,37.0,155.25,155.25
2013-03-08,GF1401,155.575,155.575,154.35,155.25,29.0,,饲牛1401,40.0,155.25,155.25
2013-03-11,GF1401,154.325,155.25,154.3,155.25,2.0,,饲牛1401,57.0,155.25,155.25
2013-03-12,GF1401,155.025,155.275,154.275,155.25,10.0,,饲牛1401,59.0,155.25,155.25
2013-03-13,GF1401,156.125,156.15,155.55,155.75,12.0,,饲牛1401,65.0,155.75,155.75
2013-03-14,GF1401,,,,155.75,4.0,,饲牛1401,68.0,155.75,155.75
2013-03-15,GF1401,153.0,153.025,152.75,153.0,14.0,,饲牛1401,71.0,153.0,153.0
2013-03-18,GF1401,152.275,152.275,152.0,152.0,3.0,,饲牛1401,75.0,152.0,152.0
2013-03-19,GF1401,150.65,150.65,149.3,149.525,48.0,,饲牛1401,76.0,149.525,149.525
2013-03-20,GF1401,149.625,150.125,148.725,149.5,57.0,,饲牛1401,106.0,149.5,149.5
2013-03-21,GF1401,150.775,151.2,150.65,151.0,29.0,,饲牛1401,143.0,151.0,151.0
2013-03-22,GF1401,150.475,151.05,149.9,149.9,32.0,,饲牛1401,166.0,149.9,149.9
2013-03-25,GF1401,151.05,151.05,150.75,150.9,4.0,,饲牛1401,186.0,150.9,150.9
2013-03-26,GF1401,150.0,150.5,150.0,150.5,1.0,,饲牛1401,187.0,150.5,150.5
2013-03-27,GF1401,150.375,152.0,150.375,151.7,23.0,,饲牛1401,187.0,151.7,151.7
2013-03-28,GF1401,153.275,154.7,153.05,154.7,43.0,,饲牛1401,202.0,154.7,154.7
2013-04-01,GF1401,155.0,157.125,155.0,156.5,31.0,,饲牛1401,209.0,156.5,156.5
2013-04-02,GF1401,156.375,156.65,155.425,155.8,45.0,,饲牛1401,223.0,155.6,155.8
2013-04-03,GF1401,155.325,156.65,155.1,155.3,44.0,,饲牛1401,254.0,155.3,155.3
2013-04-04,GF1401,155.025,155.5,154.725,154.85,24.0,,饲牛1401,267.0,154.85,154.85
2013-04-05,GF1401,154.25,154.25,152.9,152.9,21.0,,饲牛1401,277.0,152.9,152.9
2013-04-08,GF1401,154.0,154.125,153.625,153.75,11.0,,饲牛1401,288.0,153.75,153.75
2013-04-09,GF1401,154.1,154.25,153.575,153.75,12.0,,饲牛1401,298.0,153.75,153.75
2013-04-10,GF1401,153.3,153.45,151.4,152.0,30.0,,饲牛1401,304.0,152.0,152.0
2013-04-11,GF1401,151.05,151.975,151.05,151.3,18.0,,饲牛1401,313.0,151.3,151.3
2013-04-12,GF1401,151.0,151.4,150.475,150.475,36.0,,饲牛1401,318.0,150.5,150.475
2013-04-15,GF1401,150.0,150.0,148.525,149.1,18.0,,饲牛1401,317.0,149.1,149.1
2013-04-16,GF1401,148.475,149.575,148.475,149.3,30.0,,饲牛1401,323.0,149.3,149.3
2013-04-17,GF1401,149.3,150.775,149.075,150.6,55.0,,饲牛1401,322.0,150.5,150.6
2013-04-18,GF1401,150.425,150.8,149.625,149.9,22.0,,饲牛1401,342.0,149.9,149.9
2013-04-19,GF1401,149.575,149.625,149.0,149.3,25.0,,饲牛1401,350.0,149.3,149.3
2013-04-22,GF1401,149.45,150.025,149.375,149.7,56.0,,饲牛1401,358.0,149.7,149.7
2013-04-23,GF1401,149.85,152.0,149.85,151.75,87.0,,饲牛1401,378.0,151.75,151.75
2013-04-24,GF1401,152.5,153.85,152.5,153.5,46.0,,饲牛1401,426.0,153.5,153.5
2013-04-25,GF1401,153.7,155.2,153.325,155.2,44.0,,饲牛1401,446.0,155.2,155.2
2013-04-26,GF1401,,,,154.25,,,饲牛1401,464.0,154.25,154.25
2013-04-29,GF1401,152.6,152.8,152.5,152.625,15.0,,饲牛1401,464.0,153.1,152.625
2013-04-30,GF1401,153.075,153.45,152.125,152.25,6.0,,饲牛1401,465.0,152.25,152.25
2013-05-01,GF1401,153.0,153.175,152.6,152.9,27.0,,饲牛1401,469.0,152.25,152.9
2013-05-02,GF1401,153.4,153.675,153.25,153.25,22.0,,饲牛1401,473.0,153.25,153.25
2013-05-03,GF1401,152.45,152.45,151.5,152.2,42.0,,饲牛1401,472.0,152.2,152.2
2013-05-06,GF1401,152.0,152.45,151.05,151.85,23.0,,饲牛1401,475.0,151.85,151.85
2013-05-07,GF1401,150.525,150.85,150.375,150.85,39.0,,饲牛1401,474.0,150.85,150.85
2013-05-08,GF1401,150.25,150.7,149.45,150.1,63.0,,饲牛1401,476.0,150.1,150.1
2013-05-09,GF1401,149.7,150.9,149.55,150.9,44.0,,饲牛1401,497.0,150.9,150.9
2013-05-10,GF1401,150.3,151.55,150.3,151.525,103.0,,饲牛1401,495.0,151.525,151.525
2013-05-13,GF1401,151.825,152.0,150.825,151.65,113.0,,饲牛1401,543.0,151.65,151.65
2013-05-14,GF1401,151.375,151.575,150.95,151.3,57.0,,饲牛1401,574.0,151.3,151.3
2013-05-15,GF1401,150.45,151.025,150.45,150.5,32.0,,饲牛1401,598.0,150.5,150.5
2013-05-16,GF1401,150.0,150.45,150.0,150.35,26.0,,饲牛1401,608.0,150.35,150.35
2013-05-17,GF1401,150.05,150.05,148.675,148.8,53.0,,饲牛1401,605.0,148.8,148.8
2013-05-20,GF1401,148.0,150.9,148.0,150.1,242.0,,饲牛1401,620.0,150.1,150.1
2013-05-21,GF1401,151.075,152.1,150.9,151.65,94.0,,饲牛1401,662.0,151.65,151.65
2013-05-22,GF1401,151.675,151.9,149.05,149.95,45.0,,饲牛1401,670.0,150.1,149.95
2013-05-23,GF1401,149.675,149.825,147.9,148.275,82.0,,饲牛1401,676.0,148.275,148.275
2013-05-24,GF1401,148.025,150.2,148.0,149.9,99.0,,饲牛1401,672.0,149.9,149.9
2013-05-28,GF1401,149.65,150.475,148.95,150.25,31.0,,饲牛1401,669.0,150.25,150.25
2013-05-29,GF1401,150.35,151.0,150.35,150.75,36.0,,饲牛1401,671.0,150.35,150.75
2013-05-30,GF1401,150.85,150.925,149.0,149.4,89.0,,饲牛1401,670.0,149.4,149.4
2013-05-31,GF1401,149.75,149.825,149.1,149.5,34.0,,饲牛1401,651.0,149.5,149.5
2013-06-03,GF1401,149.575,150.575,149.225,149.85,96.0,,饲牛1401,658.0,149.85,149.85
2013-06-04,GF1401,150.325,151.2,150.2,150.55,34.0,,饲牛1401,686.0,150.55,150.55
2013-06-05,GF1401,150.35,150.55,150.125,150.25,21.0,,饲牛1401,693.0,150.25,150.25
2013-06-06,GF1401,149.9,150.6,149.625,150.15,27.0,,饲牛1401,702.0,150.15,150.15
2013-06-07,GF1401,149.9,149.9,149.275,149.4,40.0,,饲牛1401,719.0,149.4,149.4
2013-06-10,GF1401,149.9,149.9,149.45,149.525,67.0,,饲牛1401,734.0,149.5,149.525
2013-06-11,GF1401,149.6,151.5,149.475,150.9,374.0,,饲牛1401,744.0,150.9,150.9
2013-06-12,GF1401,151.5,151.95,150.25,151.95,97.0,,饲牛1401,728.0,151.925,151.95
2013-06-13,GF1401,151.65,151.825,150.625,151.05,124.0,,饲牛1401,729.0,151.05,151.05
2013-06-14,GF1401,151.275,151.275,149.7,149.75,162.0,,饲牛1401,777.0,149.725,149.75
2013-06-17,GF1401,149.875,150.925,149.75,150.225,289.0,,饲牛1401,867.0,150.2,150.225
2013-06-18,GF1401,149.9,151.0,149.575,149.575,87.0,,饲牛1401,930.0,149.6,149.575
2013-06-19,GF1401,150.15,150.575,150.0,150.225,64.0,,饲牛1401,955.0,150.2,150.225
2013-06-20,GF1401,150.275,150.8,149.725,150.25,114.0,,饲牛1401,961.0,150.25,150.25
2013-06-21,GF1401,150.45,152.3,149.975,151.9,148.0,,饲牛1401,975.0,151.9,151.9
2013-06-24,GF1401,152.0,153.55,152.0,152.8,208.0,,饲牛1401,1015.0,152.8,152.8
2013-06-25,GF1401,153.4,153.6,152.525,153.1,171.0,,饲牛1401,1069.0,153.05,153.1
2013-06-26,GF1401,153.375,154.175,153.05,153.95,119.0,,饲牛1401,1145.0,153.95,153.95
2013-06-27,GF1401,154.0,155.175,154.0,154.825,236.0,,饲牛1401,1205.0,154.825,154.825
2013-06-28,GF1401,154.075,155.75,154.075,154.975,284.0,,饲牛1401,1293.0,154.975,154.975
2013-07-01,GF1401,155.425,156.6,155.425,156.575,327.0,,饲牛1401,1332.0,156.575,156.575
2013-07-02,GF1401,156.75,157.0,156.225,156.5,250.0,,饲牛1401,1337.0,156.525,156.5
2013-07-03,GF1401,156.525,157.05,155.95,157.05,243.0,,饲牛1401,1344.0,157.025,157.05
2013-07-05,GF1401,156.925,157.75,156.875,157.75,152.0,,饲牛1401,1419.0,157.725,157.75
2013-07-08,GF1401,157.425,157.975,157.15,157.85,365.0,,饲牛1401,1406.0,157.825,157.85
2013-07-09,GF1401,157.675,157.775,156.4,157.775,744.0,,饲牛1401,1446.0,157.775,157.775
2013-07-10,GF1401,157.05,157.6,156.875,157.025,516.0,,饲牛1401,1589.0,157.05,157.025
2013-07-11,GF1401,157.0,157.85,156.7,157.175,426.0,,饲牛1401,1675.0,157.15,157.175
2013-07-12,GF1401,156.4,157.3,156.4,156.925,544.0,,饲牛1401,1641.0,156.95,156.925
2013-07-15,GF1401,157.275,159.2,157.275,158.7,369.0,,饲牛1401,1819.0,158.7,158.7
2013-07-16,GF1401,158.875,159.2,158.3,158.8,242.0,,饲牛1401,1894.0,158.8,158.8
2013-07-17,GF1401,158.5,158.9,157.7,157.75,150.0,,饲牛1401,1922.0,157.75,157.75
2013-07-18,GF1401,157.7,159.1,157.7,158.425,219.0,,饲牛1401,1925.0,158.4,158.425
2013-07-19,GF1401,158.55,159.25,158.4,158.525,230.0,,饲牛1401,1971.0,158.5,158.525
2013-07-22,GF1401,159.0,159.375,158.775,159.05,357.0,,饲牛1401,2004.0,159.05,159.05
2013-07-23,GF1401,159.475,159.975,159.15,159.6,400.0,,饲牛1401,2093.0,159.6,159.6
2013-07-24,GF1401,159.35,159.825,158.95,158.95,192.0,,饲牛1401,2145.0,158.975,158.95
2013-07-25,GF1401,158.9,159.325,157.7,158.275,186.0,,饲牛1401,2189.0,158.3,158.275
2013-07-26,GF1401,158.7,159.2,158.4,159.075,165.0,,饲牛1401,2209.0,159.05,159.075
2013-07-29,GF1401,158.9,160.025,158.9,160.0,179.0,,饲牛1401,2260.0,160.0,160.0
2013-07-30,GF1401,159.425,159.675,158.5,158.925,372.0,,饲牛1401,2271.0,158.925,158.925
2013-07-31,GF1401,158.875,159.4,158.825,159.175,167.0,,饲牛1401,2384.0,159.15,159.175
2013-08-01,GF1401,159.35,159.9,158.8,158.825,279.0,,饲牛1401,2424.0,158.825,158.825
2013-08-02,GF1401,159.2,159.2,158.2,158.725,160.0,,饲牛1401,2500.0,158.725,158.725
2013-08-05,GF1401,158.9,159.175,158.625,159.0,167.0,,饲牛1401,2557.0,159.0,159.0
2013-08-06,GF1401,159.0,159.65,158.95,159.65,267.0,,饲牛1401,2622.0,159.65,159.65
2013-08-07,GF1401,159.4,159.575,158.325,158.925,343.0,,饲牛1401,2739.0,158.95,158.925
2013-08-08,GF1401,159.5,160.5,158.5,159.875,757.0,,饲牛1401,2890.0,159.875,159.875
2013-08-09,GF1401,159.175,159.85,158.975,159.1,429.0,,饲牛1401,3146.0,159.15,159.1
2013-08-12,GF1401,159.1,159.625,158.55,159.125,395.0,,饲牛1401,3370.0,159.125,159.125
2013-08-13,GF1401,159.55,159.825,159.05,159.825,271.0,,饲牛1401,3468.0,159.8,159.825
2013-08-14,GF1401,159.775,159.9,159.175,159.5,374.0,,饲牛1401,3582.0,159.5,159.5
2013-08-15,GF1401,159.675,159.775,158.65,159.025,333.0,,饲牛1401,3699.0,159.05,159.025
2013-08-16,GF1401,159.15,159.8,158.5,159.425,396.0,,饲牛1401,3744.0,159.425,159.425
2013-08-19,GF1401,159.2,160.05,158.825,159.775,345.0,,饲牛1401,3833.0,159.75,159.775
2013-08-20,GF1401,159.35,160.2,159.25,159.625,158.0,,饲牛1401,3930.0,159.65,159.625
2013-08-21,GF1401,159.575,159.675,159.125,159.125,196.0,,饲牛1401,3977.0,159.15,159.125
2013-08-22,GF1401,159.35,159.375,158.8,158.975,260.0,,饲牛1401,4002.0,158.975,158.975
2013-08-23,GF1401,159.0,159.0,158.175,158.175,311.0,,饲牛1401,4046.0,158.2,158.175
2013-08-26,GF1401,158.5,158.9,155.6,155.6,717.0,,饲牛1401,4111.0,155.625,155.6
2013-08-27,GF1401,156.35,157.2,155.875,156.825,384.0,,饲牛1401,4135.0,156.825,156.825
2013-08-28,GF1401,157.125,158.125,157.075,157.6,420.0,,饲牛1401,4188.0,157.6,157.6
2013-08-29,GF1401,157.5,158.0,157.35,157.8,192.0,,饲牛1401,4166.0,157.8,157.8
2013-08-30,GF1401,158.0,158.8,158.0,158.6,256.0,,饲牛1401,4244.0,158.6,158.6
2013-09-03,GF1401,158.875,159.4,158.55,158.6,285.0,,饲牛1401,4303.0,158.6,158.6
2013-09-04,GF1401,158.65,159.1,157.95,158.65,246.0,,饲牛1401,4354.0,158.65,158.65
2013-09-05,GF1401,158.725,159.0,157.925,158.25,269.0,,饲牛1401,4380.0,158.275,158.25
2013-09-06,GF1401,158.0,158.3,157.25,157.975,684.0,,饲牛1401,4416.0,158.0,157.975
2013-09-09,GF1401,157.85,158.2,157.175,157.925,578.0,,饲牛1401,4600.0,157.95,157.925
2013-09-10,GF1401,158.1,158.1,157.4,157.75,529.0,,饲牛1401,4598.0,157.775,157.75
2013-09-11,GF1401,157.525,159.125,157.5,158.25,928.0,,饲牛1401,4606.0,158.25,158.25
2013-09-12,GF1401,158.475,159.4,158.2,159.1,924.0,,饲牛1401,4602.0,159.1,159.1
2013-09-13,GF1401,159.25,159.6,158.925,159.425,698.0,,饲牛1401,4702.0,159.425,159.425
2013-09-16,GF1401,159.75,160.275,159.525,159.95,526.0,,饲牛1401,4727.0,159.95,159.95
2013-09-17,GF1401,159.6,159.6,158.35,158.475,554.0,,饲牛1401,4810.0,158.5,158.475
2013-09-18,GF1401,158.45,159.375,157.95,158.925,348.0,,饲牛1401,4855.0,158.925,158.925
2013-09-19,GF1401,159.5,160.0,159.2,159.975,446.0,,饲牛1401,4941.0,159.975,159.975
2013-09-20,GF1401,159.725,161.0,159.5,160.4,1050.0,,饲牛1401,5014.0,160.4,160.4
2013-09-23,GF1401,160.8,161.9,160.7,161.75,902.0,,饲牛1401,5291.0,161.725,161.75
2013-09-24,GF1401,161.825,163.65,161.7,163.625,1676.0,,饲牛1401,5691.0,163.625,163.625
2013-09-25,GF1401,163.125,163.75,162.775,163.025,913.0,,饲牛1401,6092.0,163.05,163.025
2013-09-26,GF1401,163.075,164.075,162.975,164.05,1124.0,,饲牛1401,6273.0,164.05,164.05
2013-09-27,GF1401,163.65,164.575,163.525,163.825,977.0,,饲牛1401,6529.0,163.85,163.825
2013-09-30,GF1401,163.6,164.2,163.025,164.0,1025.0,,饲牛1401,6543.0,164.0,164.0
2013-10-01,GF1401,163.9,165.425,163.4,165.2,1714.0,,饲牛1401,6703.0,165.2,165.2
2013-10-02,GF1401,165.175,166.0,164.8,165.775,1473.0,,饲牛1401,7108.0,165.775,165.775
2013-10-03,GF1401,165.75,165.75,164.975,165.375,1139.0,,饲牛1401,7473.0,165.4,165.375
2013-10-04,GF1401,165.35,165.975,164.9,165.95,1389.0,,饲牛1401,7917.0,165.95,165.95
2013-10-07,GF1401,165.4,165.875,165.175,165.75,1532.0,,饲牛1401,8327.0,165.775,165.75
2013-10-08,GF1401,165.725,166.75,165.6,166.575,1887.0,,饲牛1401,8549.0,166.575,166.575
2013-10-09,GF1401,166.575,166.725,165.625,166.35,2077.0,,饲牛1401,8840.0,166.375,166.35
2013-10-10,GF1401,166.4,167.95,166.3,167.825,2238.0,,饲牛1401,9093.0,167.825,167.825
2013-10-11,GF1401,167.725,169.425,167.5,168.75,2578.0,,饲牛1401,9309.0,168.75,168.75
2013-10-14,GF1401,168.95,169.425,167.775,168.45,1622.0,,饲牛1401,9715.0,168.475,168.45
2013-10-15,GF1401,167.775,168.0,166.375,166.725,1809.0,,饲牛1401,9757.0,166.75,166.725
2013-10-16,GF1401,166.55,167.625,166.525,167.575,2221.0,,饲牛1401,10019.0,167.575,167.575
2013-10-17,GF1401,167.625,168.55,165.8,166.575,2727.0,,饲牛1401,10527.0,166.6,166.575
2013-10-18,GF1401,166.3,167.3,166.025,166.55,2408.0,,饲牛1401,11509.0,166.6,166.55
2013-10-21,GF1401,166.425,167.0,166.2,166.4,1993.0,,饲牛1401,11962.0,166.425,166.4
2013-10-22,GF1401,166.325,168.75,165.725,168.025,2612.0,,饲牛1401,12148.0,168.025,168.025
2013-10-23,GF1401,168.3,168.85,167.4,167.55,1780.0,,饲牛1401,12957.0,167.575,167.55
2013-10-24,GF1401,167.725,167.875,166.65,166.65,1428.0,,饲牛1401,13101.0,166.7,166.65
2013-10-25,GF1401,167.1,167.525,166.0,166.025,1455.0,,饲牛1401,13034.0,166.05,166.025
2013-10-28,GF1401,166.75,167.125,166.15,166.925,1658.0,,饲牛1401,13007.0,166.925,166.925
2013-10-29,GF1401,166.85,167.475,166.3,166.875,1846.0,,饲牛1401,13431.0,166.9,166.875
2013-10-30,GF1401,166.85,166.9,164.725,164.775,4265.0,,饲牛1401,13737.0,164.8,164.775
2013-10-31,GF1401,164.825,165.35,163.65,163.65,3783.0,,饲牛1401,13714.0,163.675,163.65
2013-11-01,GF1401,164.35,164.7,163.45,163.45,4302.0,,饲牛1401,13424.0,163.475,163.45
2013-11-04,GF1401,163.7,164.075,163.2,163.85,2163.0,,饲牛1401,13851.0,163.85,163.85
2013-11-05,GF1401,163.8,165.425,163.7,165.075,3075.0,,饲牛1401,13925.0,165.075,165.075
2013-11-06,GF1401,165.3,165.85,164.95,165.55,2452.0,,饲牛1401,14237.0,165.55,165.55
2013-11-07,GF1401,165.65,165.8,164.75,165.1,1884.0,,饲牛1401,14312.0,165.125,165.1
2013-11-08,GF1401,165.225,166.2,164.4,164.4,3685.0,,饲牛1401,14605.0,164.425,164.4
2013-11-11,GF1401,164.75,165.0,164.15,164.175,3010.0,,饲牛1401,14894.0,164.175,164.175
2013-11-12,GF1401,164.625,165.3,164.2,164.2,1810.0,,饲牛1401,14728.0,164.2,164.2
2013-11-13,GF1401,164.225,165.025,164.05,164.65,2188.0,,饲牛1401,14694.0,164.65,164.65
2013-11-14,GF1401,164.725,165.45,164.725,165.2,2455.0,,饲牛1401,14859.0,165.2,165.2
2013-11-15,GF1401,165.25,166.0,165.075,165.825,2271.0,,饲牛1401,15137.0,165.825,165.825
2013-11-18,GF1401,165.975,166.175,164.1,164.3,4622.0,,饲牛1401,15374.0,164.3,164.3
2013-11-19,GF1401,164.3,164.35,161.825,162.375,5024.0,,饲牛1401,15400.0,162.4,162.375
2013-11-20,GF1401,162.45,163.125,162.275,162.75,2108.0,,饲牛1401,15065.0,162.75,162.75
2013-11-21,GF1401,162.825,163.6,162.425,163.4,2904.0,,饲牛1401,15115.0,163.375,163.4
2013-11-22,GF1401,163.375,163.7,163.2,163.5,2105.0,,饲牛1401,15245.0,163.5,163.5
2013-11-25,GF1401,163.8,163.95,162.75,162.775,1989.0,,饲牛1401,15319.0,162.8,162.775
2013-11-26,GF1401,162.775,164.7,162.775,164.375,2376.0,,饲牛1401,15160.0,164.375,164.375
2013-11-27,GF1401,164.475,165.5,164.275,165.325,3166.0,,饲牛1401,15118.0,165.325,165.325
2013-11-29,GF1401,165.55,165.7,165.275,165.475,1795.0,,饲牛1401,15213.0,165.475,165.475
2013-12-02,GF1401,165.65,165.875,165.225,165.325,2267.0,,饲牛1401,15179.0,165.35,165.325
2013-12-03,GF1401,165.4,165.7,164.8,164.825,2583.0,,饲牛1401,14925.0,164.85,164.825
2013-12-04,GF1401,164.75,165.4,164.5,165.05,2465.0,,饲牛1401,14721.0,165.05,165.05
2013-12-05,GF1401,165.1,165.875,164.05,164.1,3638.0,,饲牛1401,14566.0,164.125,164.1
2013-12-06,GF1401,164.25,164.725,163.775,164.475,3108.0,,饲牛1401,14035.0,164.475,164.475
2013-12-09,GF1401,164.525,165.375,164.475,165.15,3008.0,,饲牛1401,13471.0,165.15,165.15
2013-12-10,GF1401,165.1,165.675,164.85,165.55,3350.0,,饲牛1401,13433.0,165.55,165.55
2013-12-11,GF1401,165.5,165.8,165.275,165.675,2518.0,,饲牛1401,12963.0,165.675,165.675
2013-12-12,GF1401,165.55,167.425,165.5,167.075,5405.0,,饲牛1401,12450.0,167.075,167.075
2013-12-13,GF1401,167.125,167.6,166.425,167.075,2536.0,,饲牛1401,12118.0,167.075,167.075
2013-12-16,GF1401,167.0,168.475,166.525,168.4,3774.0,,饲牛1401,12134.0,168.4,168.4
2013-12-17,GF1401,168.175,168.45,166.85,167.125,2198.0,,饲牛1401,12527.0,167.15,167.125
2013-12-18,GF1401,167.15,167.275,166.025,166.05,2461.0,,饲牛1401,12533.0,166.05,166.05
2013-12-19,GF1401,166.4,166.975,166.225,166.8,1118.0,,饲牛1401,12526.0,166.8,166.8
2013-12-20,GF1401,166.95,167.325,166.375,166.975,2412.0,,饲牛1401,12289.0,166.975,166.975
2013-12-23,GF1401,166.65,167.125,166.25,166.65,3548.0,,饲牛1401,11747.0,166.675,166.65
2013-12-24,GF1401,166.575,166.8,166.0,166.25,1035.0,,饲牛1401,9844.0,166.25,166.25
2013-12-26,GF1401,166.525,166.9,166.375,166.6,718.0,,饲牛1401,9463.0,166.6,166.6
2013-12-27,GF1401,166.6,167.725,166.6,167.0,1670.0,,饲牛1401,9275.0,167.0,167.0
2013-12-30,GF1401,167.225,167.3,166.0,167.275,1539.0,,饲牛1401,8590.0,167.275,167.275
2013-12-31,GF1401,167.2,167.55,166.55,166.675,860.0,,饲牛1401,7974.0,166.7,166.675
2014-01-02,GF1401,166.875,167.55,166.725,167.0,2052.0,,饲牛1401,7725.0,167.0,167.0
2014-01-03,GF1401,167.325,168.0,167.175,167.625,1531.0,,饲牛1401,7483.0,167.625,167.625
2014-01-06,GF1401,168.25,168.425,167.85,168.025,1453.0,,饲牛1401,7407.0,168.025,168.025
2014-01-07,GF1401,168.25,168.6,167.85,168.05,1378.0,,饲牛1401,7207.0,168.05,168.05
2014-01-08,GF1401,168.075,168.975,167.75,168.475,1755.0,,饲牛1401,6915.0,168.475,168.475
2014-01-09,GF1401,168.975,169.4,168.5,169.175,1435.0,,饲牛1401,6771.0,169.15,169.175
2014-01-10,GF1401,169.25,169.625,168.35,168.65,1693.0,,饲牛1401,6413.0,168.65,168.65
2014-01-13,GF1401,169.175,169.175,167.5,167.825,2236.0,,饲牛1401,6081.0,167.825,167.825
2014-01-14,GF1401,168.125,168.85,167.7,168.6,1051.0,,饲牛1401,5656.0,168.6,168.6
2014-01-15,GF1401,168.725,169.9,168.725,169.4,1125.0,,饲牛1401,5394.0,169.4,169.4
2014-01-16,GF1401,169.6,170.25,169.225,169.8,1346.0,,饲牛1401,5158.0,169.8,169.8
2014-01-17,GF1401,169.7,170.075,169.375,170.025,743.0,,饲牛1401,5008.0,170.0,170.025
2014-01-21,GF1401,169.85,169.95,169.475,169.8,939.0,,饲牛1401,4853.0,169.8,169.8
2014-01-22,GF1401,169.5,170.825,169.075,170.475,1264.0,,饲牛1401,4356.0,170.475,170.475
2014-01-23,GF1401,170.45,170.775,169.9,170.375,1222.0,,饲牛1401,3942.0,170.375,170.375
2014-01-24,GF1401,170.45,170.8,169.9,170.7,1009.0,,饲牛1401,3627.0,170.7,170.7
2014-01-27,GF1401,170.925,171.1,170.65,170.975,582.0,,饲牛1401,3373.0,170.975,170.975
2014-01-28,GF1401,170.925,171.5,170.925,171.425,556.0,,饲牛1401,3237.0,171.425,171.425
2014-01-29,GF1401,171.225,171.9,171.2,171.8,812.0,,饲牛1401,2920.0,171.8,171.8
2014-01-30,GF1401,171.7,171.7,171.475,171.675,379.0,,饲牛1401,2646.0,171.675,171.675
2014-01-31,GF1401,,,,171.12,0.0,,饲牛1401,2402.0,171.12,171.12
