date,symbol,open,high,low,close,volume,amount,name,openinterest,settleprice,price
2013-11-01,GF1410,,,,165.5,0.0,,饲牛1410,0.0,165.5,165.5
2013-11-04,GF1410,,,,165.5,0.0,,饲牛1410,0.0,165.5,165.5
2013-11-05,GF1410,,,,166.25,0.0,,饲牛1410,0.0,166.25,166.25
2013-11-06,GF1410,,,,166.25,0.0,,饲牛1410,0.0,166.25,166.25
2013-11-07,GF1410,166.2,166.25,166.2,166.25,1.0,,饲牛1410,0.0,166.25,166.25
2013-11-08,GF1410,166.025,166.6,166.025,166.4,1.0,,饲牛1410,1.0,166.25,166.4
2013-11-11,GF1410,,,,166.25,0.0,,饲牛1410,2.0,166.25,166.25
2013-11-12,GF1410,,,,166.25,0.0,,饲牛1410,2.0,166.25,166.25
2013-11-13,GF1410,,,,166.25,0.0,,饲牛1410,2.0,166.25,166.25
2013-11-14,GF1410,,,,166.25,0.0,,饲牛1410,2.0,166.25,166.25
2013-11-15,GF1410,,,,166.25,0.0,,饲牛1410,2.0,166.25,166.25
2013-11-18,GF1410,,,,166.0,0.0,,饲牛1410,2.0,166.0,166.0
2013-11-19,GF1410,163.725,164.5,163.725,164.5,9.0,,饲牛1410,2.0,164.5,164.5
2013-11-20,GF1410,164.3,164.5,164.25,164.5,2.0,,饲牛1410,11.0,164.5,164.5
2013-11-21,GF1410,,,,165.0,0.0,,饲牛1410,13.0,165.0,165.0
2013-11-22,GF1410,,,,165.0,0.0,,饲牛1410,13.0,165.0,165.0
2013-11-25,GF1410,,,,165.0,0.0,,饲牛1410,13.0,165.0,165.0
2013-11-26,GF1410,165.5,165.5,165.2,165.2,7.0,,饲牛1410,13.0,165.2,165.2
2013-11-27,GF1410,,,,166.0,1.0,,饲牛1410,19.0,166.0,166.0
2013-11-29,GF1410,166.0,166.925,166.0,166.4,7.0,,饲牛1410,19.0,166.4,166.4
2013-12-02,GF1410,166.9,166.9,166.4,166.4,1.0,,饲牛1410,25.0,166.4,166.4
2013-12-03,GF1410,166.9,166.9,166.4,166.4,6.0,,饲牛1410,26.0,166.4,166.4
2013-12-04,GF1410,166.7,166.7,166.4,166.4,1.0,,饲牛1410,24.0,166.4,166.4
2013-12-05,GF1410,,,,166.4,0.0,,饲牛1410,25.0,166.4,166.4
2013-12-06,GF1410,,,,166.35,0.0,,饲牛1410,25.0,166.35,166.35
2013-12-09,GF1410,166.9,166.9,166.5,166.5,1.0,,饲牛1410,25.0,166.5,166.5
2013-12-10,GF1410,166.9,166.9,166.5,166.5,4.0,,饲牛1410,25.0,166.5,166.5
2013-12-11,GF1410,167.0,167.25,166.75,166.75,7.0,,饲牛1410,28.0,166.75,166.75
2013-12-12,GF1410,167.125,168.0,167.125,167.5,13.0,,饲牛1410,32.0,167.5,167.5
2013-12-13,GF1410,167.9,168.0,167.525,167.55,18.0,,饲牛1410,42.0,167.55,167.55
2013-12-16,GF1410,167.975,168.35,167.975,168.2,17.0,,饲牛1410,60.0,168.2,168.2
2013-12-17,GF1410,168.05,168.05,167.3,168.05,19.0,,饲牛1410,70.0,168.05,168.05
2013-12-18,GF1410,167.5,167.525,167.25,167.4,13.0,,饲牛1410,83.0,167.4,167.4
2013-12-19,GF1410,167.5,168.0,167.5,167.85,25.0,,饲牛1410,91.0,167.85,167.85
2013-12-20,GF1410,168.35,168.5,168.0,168.0,12.0,,饲牛1410,102.0,168.0,168.0
2013-12-23,GF1410,168.25,168.25,168.1,168.2,12.0,,饲牛1410,111.0,168.2,168.2
2013-12-24,GF1410,168.0,168.35,167.925,168.35,7.0,,饲牛1410,119.0,168.35,168.35
2013-12-26,GF1410,168.4,168.5,168.35,168.35,12.0,,饲牛1410,119.0,168.35,168.35
2013-12-27,GF1410,168.575,169.25,168.575,169.1,29.0,,饲牛1410,131.0,169.1,169.1
2013-12-30,GF1410,169.0,169.5,168.675,169.35,25.0,,饲牛1410,148.0,169.35,169.35
2013-12-31,GF1410,169.2,169.325,169.075,169.325,12.0,,饲牛1410,155.0,169.325,169.325
2014-01-02,GF1410,169.25,169.6,169.25,169.5,34.0,,饲牛1410,165.0,169.5,169.5
2014-01-03,GF1410,169.5,170.0,169.5,170.0,54.0,,饲牛1410,196.0,170.0,170.0
2014-01-06,GF1410,170.025,170.25,169.725,169.9,15.0,,饲牛1410,234.0,169.9,169.9
2014-01-07,GF1410,169.75,169.75,169.225,169.75,24.0,,饲牛1410,237.0,169.75,169.75
2014-01-08,GF1410,169.075,169.9,169.075,169.9,11.0,,饲牛1410,249.0,169.75,169.9
2014-01-09,GF1410,169.975,170.25,169.65,170.05,39.0,,饲牛1410,252.0,170.025,170.05
2014-01-10,GF1410,169.8,170.0,168.75,169.25,33.0,,饲牛1410,278.0,169.25,169.25
2014-01-13,GF1410,169.0,169.05,167.55,168.5,26.0,,饲牛1410,280.0,168.5,168.5
2014-01-14,GF1410,168.7,169.05,168.7,168.8,10.0,,饲牛1410,268.0,168.8,168.8
2014-01-15,GF1410,169.5,169.825,169.5,169.5,25.0,,饲牛1410,264.0,169.5,169.5
2014-01-16,GF1410,170.0,170.1,169.0,169.7,49.0,,饲牛1410,265.0,169.5,169.7
2014-01-17,GF1410,168.975,169.2,168.975,169.2,38.0,,饲牛1410,294.0,169.2,169.2
2014-01-21,GF1410,169.4,169.8,169.4,169.4,38.0,,饲牛1410,298.0,169.4,169.4
2014-01-22,GF1410,169.175,170.5,169.175,170.2,107.0,,饲牛1410,315.0,170.2,170.2
2014-01-23,GF1410,170.3,170.5,169.275,169.8,88.0,,饲牛1410,384.0,169.8,169.8
2014-01-24,GF1410,169.75,169.8,169.0,169.8,28.0,,饲牛1410,409.0,169.8,169.8
2014-01-27,GF1410,169.0,169.5,168.8,169.0,15.0,,饲牛1410,414.0,169.025,169.0
2014-01-28,GF1410,169.3,169.3,168.5,168.8,13.0,,饲牛1410,414.0,168.8,168.8
2014-01-29,GF1410,168.2,169.15,167.25,169.15,59.0,,饲牛1410,423.0,169.15,169.15
2014-01-30,GF1410,168.8,169.5,168.8,169.5,97.0,,饲牛1410,453.0,169.5,169.5
2014-01-31,GF1410,168.8,170.25,168.8,169.6,64.0,,饲牛1410,476.0,169.5,169.6
2014-02-03,GF1410,168.875,169.15,168.65,169.15,27.0,,饲牛1410,517.0,169.15,169.15
2014-02-04,GF1410,169.0,169.2,168.7,168.8,36.0,,饲牛1410,514.0,168.8,168.8
2014-02-05,GF1410,168.55,169.25,168.525,169.0,35.0,,饲牛1410,513.0,169.0,169.0
2014-02-06,GF1410,168.95,169.5,168.7,169.2,27.0,,饲牛1410,528.0,169.1,169.2
2014-02-07,GF1410,169.175,169.9,169.1,169.9,31.0,,饲牛1410,536.0,169.9,169.9
2014-02-10,GF1410,169.9,170.0,169.425,169.975,24.0,,饲牛1410,538.0,169.975,169.975
2014-02-11,GF1410,170.0,171.175,170.0,170.875,219.0,,饲牛1410,543.0,170.75,170.875
2014-02-12,GF1410,171.0,171.05,170.4,170.4,94.0,,饲牛1410,702.0,170.4,170.4
2014-02-13,GF1410,171.0,172.325,171.0,172.325,221.0,,饲牛1410,751.0,172.3,172.325
2014-02-14,GF1410,172.1,172.325,171.6,171.925,138.0,,饲牛1410,832.0,171.95,171.925
2014-02-18,GF1410,172.25,173.55,172.25,173.55,80.0,,饲牛1410,882.0,173.525,173.55
2014-02-19,GF1410,173.025,173.9,172.95,173.325,220.0,,饲牛1410,906.0,173.325,173.325
2014-02-20,GF1410,173.3,173.35,172.95,172.95,77.0,,饲牛1410,1031.0,172.95,172.95
2014-02-21,GF1410,173.25,173.5,172.475,172.475,100.0,,饲牛1410,1043.0,172.5,172.475
2014-02-24,GF1410,172.875,173.25,172.6,172.95,118.0,,饲牛1410,1085.0,172.925,172.95
2014-02-25,GF1410,172.675,173.775,172.675,173.775,52.0,,饲牛1410,1124.0,173.75,173.775
2014-02-26,GF1410,173.775,175.1,173.775,175.025,232.0,,饲牛1410,1137.0,175.0,175.025
2014-02-27,GF1410,175.0,175.4,174.25,175.025,424.0,,饲牛1410,1221.0,175.0,175.025
2014-02-28,GF1410,174.775,175.125,174.35,174.8,162.0,,饲牛1410,1430.0,174.8,174.8
2014-03-03,GF1410,173.675,174.875,173.3,174.625,262.0,,饲牛1410,1446.0,174.65,174.625
2014-03-04,GF1410,174.8,176.125,174.8,175.875,175.0,,饲牛1410,1489.0,175.875,175.875
2014-03-05,GF1410,175.85,176.75,173.075,175.4,207.0,,饲牛1410,1543.0,175.4,175.4
2014-03-06,GF1410,174.975,175.275,174.4,174.65,57.0,,饲牛1410,1556.0,174.55,174.65
2014-03-07,GF1410,174.45,175.8,174.15,175.8,252.0,,饲牛1410,1561.0,175.775,175.8
2014-03-10,GF1410,175.525,177.5,175.525,177.325,356.0,,饲牛1410,1637.0,177.325,177.325
2014-03-11,GF1410,177.35,178.0,176.3,176.975,282.0,,饲牛1410,1665.0,177.0,176.975
2014-03-12,GF1410,176.775,177.25,176.775,176.9,189.0,,饲牛1410,1727.0,176.9,176.9
2014-03-13,GF1410,177.0,177.375,176.475,176.775,258.0,,饲牛1410,1773.0,176.8,176.775
2014-03-14,GF1410,176.975,178.2,176.8,178.2,246.0,,饲牛1410,1785.0,178.175,178.2
2014-03-17,GF1410,177.7,178.6,177.7,178.45,232.0,,饲牛1410,1778.0,178.45,178.45
2014-03-18,GF1410,178.375,178.475,177.975,178.375,152.0,,饲牛1410,1755.0,178.375,178.375
2014-03-19,GF1410,177.975,178.575,177.75,178.425,106.0,,饲牛1410,1772.0,178.4,178.425
2014-03-20,GF1410,178.525,178.9,176.025,176.8,672.0,,饲牛1410,1802.0,176.75,176.8
2014-03-21,GF1410,176.35,177.275,175.925,177.125,271.0,,饲牛1410,1890.0,177.175,177.125
2014-03-24,GF1410,176.5,178.225,176.25,178.225,124.0,,饲牛1410,1950.0,178.2,178.225
2014-03-25,GF1410,178.25,178.95,177.925,178.9,239.0,,饲牛1410,1988.0,178.875,178.9
2014-03-26,GF1410,179.0,179.725,178.9,179.725,311.0,,饲牛1410,2036.0,179.7,179.725
2014-03-27,GF1410,179.7,180.475,179.275,180.45,195.0,,饲牛1410,2102.0,180.45,180.45
2014-03-28,GF1410,179.775,180.5,179.5,180.5,313.0,,饲牛1410,2159.0,180.35,180.5
2014-03-31,GF1410,179.525,180.45,178.675,178.675,306.0,,饲牛1410,2225.0,178.7,178.675
2014-04-01,GF1410,179.575,179.575,177.35,178.425,403.0,,饲牛1410,2238.0,178.45,178.425
2014-04-02,GF1410,178.5,179.8,178.3,179.725,211.0,,饲牛1410,2283.0,179.7,179.725
2014-04-03,GF1410,179.8,181.7,179.525,181.675,476.0,,饲牛1410,2282.0,181.675,181.675
2014-04-04,GF1410,181.35,181.625,179.45,180.1,404.0,,饲牛1410,2504.0,180.125,180.1
2014-04-07,GF1410,180.125,180.525,179.1,180.5,474.0,,饲牛1410,2577.0,180.5,180.5
2014-04-08,GF1410,180.0,180.5,179.7,180.25,249.0,,饲牛1410,2638.0,180.275,180.25
2014-04-09,GF1410,180.5,181.4,180.1,181.225,431.0,,饲牛1410,2601.0,181.225,181.225
2014-04-10,GF1410,181.225,181.45,180.7,181.45,314.0,,饲牛1410,2742.0,181.425,181.45
2014-04-11,GF1410,181.35,181.925,180.9,181.725,343.0,,饲牛1410,2788.0,181.725,181.725
2014-04-14,GF1410,181.925,182.15,181.25,182.05,191.0,,饲牛1410,2818.0,182.05,182.05
2014-04-15,GF1410,182.05,182.05,181.0,181.9,145.0,,饲牛1410,2859.0,181.9,181.9
2014-04-16,GF1410,181.6,182.1,181.4,182.1,230.0,,饲牛1410,2861.0,182.1,182.1
2014-04-17,GF1410,181.65,181.775,180.5,181.025,370.0,,饲牛1410,2892.0,181.025,181.025
2014-04-21,GF1410,180.875,181.75,180.575,181.75,319.0,,饲牛1410,2897.0,181.75,181.75
2014-04-22,GF1410,181.55,182.975,181.55,182.45,525.0,,饲牛1410,2953.0,182.45,182.45
2014-04-23,GF1410,181.9,182.775,181.9,182.775,269.0,,饲牛1410,3139.0,182.775,182.775
2014-04-24,GF1410,182.775,184.4,182.65,184.275,494.0,,饲牛1410,3185.0,184.25,184.275
2014-04-25,GF1410,184.2,185.45,184.125,185.125,642.0,,饲牛1410,3322.0,185.125,185.125
2014-04-28,GF1410,185.075,187.225,184.7,186.9,794.0,,饲牛1410,3468.0,186.9,186.9
2014-04-29,GF1410,186.825,187.225,186.15,187.025,536.0,,饲牛1410,3652.0,187.025,187.025
2014-04-30,GF1410,187.0,188.075,186.575,187.975,837.0,,饲牛1410,3674.0,187.975,187.975
2014-05-01,GF1410,188.0,190.975,187.95,190.975,1265.0,,饲牛1410,3789.0,190.975,190.975
2014-05-02,GF1410,191.0,193.975,190.5,191.325,1343.0,,饲牛1410,4111.0,191.325,191.325
2014-05-05,GF1410,191.2,191.85,190.15,190.65,529.0,,饲牛1410,4273.0,190.675,190.65
2014-05-06,GF1410,191.1,193.1,190.875,192.2,669.0,,饲牛1410,4351.0,192.2,192.2
2014-05-07,GF1410,192.0,193.5,191.3,191.5,1028.0,,饲牛1410,4441.0,191.525,191.5
2014-05-08,GF1410,191.5,192.025,190.75,191.025,637.0,,饲牛1410,4639.0,191.025,191.025
2014-05-09,GF1410,191.0,192.2,190.4,192.1,666.0,,饲牛1410,4780.0,192.05,192.1
2014-05-12,GF1410,192.05,193.725,191.9,192.6,857.0,,饲牛1410,4855.0,192.6,192.6
2014-05-13,GF1410,192.7,193.475,192.15,192.45,830.0,,饲牛1410,5029.0,192.475,192.45
2014-05-14,GF1410,192.525,193.8,192.525,193.625,613.0,,饲牛1410,5253.0,193.625,193.625
2014-05-15,GF1410,193.9,194.825,192.9,193.35,1291.0,,饲牛1410,5482.0,193.325,193.35
2014-05-16,GF1410,193.325,194.4,192.85,194.375,504.0,,饲牛1410,5886.0,194.375,194.375
2014-05-19,GF1410,194.5,197.375,194.375,197.375,1537.0,,饲牛1410,6061.0,197.375,197.375
2014-05-20,GF1410,197.55,198.475,196.275,197.075,1555.0,,饲牛1410,6385.0,197.1,197.075
2014-05-21,GF1410,197.05,198.075,196.85,197.425,744.0,,饲牛1410,6533.0,197.425,197.425
2014-05-22,GF1410,197.725,197.725,195.45,196.475,835.0,,饲牛1410,6708.0,196.5,196.475
2014-05-23,GF1410,196.6,196.6,194.025,194.075,1020.0,,饲牛1410,6739.0,194.1,194.075
2014-05-27,GF1410,194.6,195.55,194.55,194.875,436.0,,饲牛1410,6776.0,194.875,194.875
2014-05-28,GF1410,194.875,196.875,194.75,196.65,801.0,,饲牛1410,6809.0,196.65,196.65
2014-05-29,GF1410,196.8,198.925,196.8,198.4,1056.0,,饲牛1410,6972.0,198.4,198.4
2014-05-30,GF1410,198.375,198.6,197.275,198.425,875.0,,饲牛1410,7118.0,198.425,198.425
2014-06-02,GF1410,198.45,198.925,197.775,198.9,646.0,,饲牛1410,7043.0,198.9,198.9
2014-06-03,GF1410,198.925,199.5,198.2,199.275,1388.0,,饲牛1410,7073.0,199.275,199.275
2014-06-04,GF1410,199.225,199.95,198.2,199.925,1286.0,,饲牛1410,7348.0,199.925,199.925
2014-06-05,GF1410,199.875,200.675,199.475,200.525,1468.0,,饲牛1410,7448.0,200.525,200.525
2014-06-06,GF1410,200.25,201.2,200.0,200.825,1421.0,,饲牛1410,7648.0,200.825,200.825
2014-06-09,GF1410,201.425,203.825,201.4,203.825,1657.0,,饲牛1410,7679.0,203.825,203.825
2014-06-10,GF1410,204.4,205.975,202.95,205.65,2405.0,,饲牛1410,7601.0,205.65,205.65
2014-06-11,GF1410,205.3,205.475,203.35,203.8,1763.0,,饲牛1410,7688.0,203.825,203.8
2014-06-12,GF1410,204.6,206.825,204.375,206.675,1987.0,,饲牛1410,7572.0,206.675,206.675
2014-06-13,GF1410,207.0,208.9,206.0,208.8,1316.0,,饲牛1410,7693.0,208.8,208.8
2014-06-16,GF1410,208.9,209.925,208.175,209.6,1104.0,,饲牛1410,7797.0,209.575,209.6
2014-06-17,GF1410,209.575,211.025,207.475,208.7,1396.0,,饲牛1410,7895.0,208.7,208.7
2014-06-18,GF1410,208.0,208.55,205.7,205.7,1239.0,,饲牛1410,7934.0,205.7,205.7
2014-06-19,GF1410,206.0,208.7,206.0,208.675,1481.0,,饲牛1410,7811.0,208.675,208.675
2014-06-20,GF1410,209.0,209.4,207.2,208.325,1346.0,,饲牛1410,7739.0,208.325,208.325
2014-06-23,GF1410,208.225,209.9,208.225,209.45,928.0,,饲牛1410,7962.0,209.45,209.45
2014-06-24,GF1410,209.85,212.45,209.85,212.4,1862.0,,饲牛1410,7994.0,212.35,212.4
2014-06-25,GF1410,212.2,215.175,211.9,214.075,1670.0,,饲牛1410,8432.0,214.075,214.075
2014-06-26,GF1410,214.8,217.075,214.275,217.075,1619.0,,饲牛1410,8538.0,217.075,217.075
2014-06-27,GF1410,217.225,217.6,215.075,216.25,1727.0,,饲牛1410,8654.0,216.275,216.25
2014-06-30,GF1410,217.375,217.8,213.875,214.25,2104.0,,饲牛1410,8760.0,214.275,214.25
2014-07-01,GF1410,215.275,217.275,215.2,217.275,1565.0,,饲牛1410,8709.0,217.275,217.275
2014-07-02,GF1410,217.5,219.725,216.525,217.375,2422.0,,饲牛1410,8959.0,217.375,217.375
2014-07-03,GF1410,219.2,219.475,217.45,218.85,1495.0,,饲牛1410,9038.0,218.85,218.85
2014-07-07,GF1410,219.7,220.4,218.575,219.225,1413.0,,饲牛1410,8993.0,219.2,219.225
2014-07-08,GF1410,219.275,219.275,217.525,217.525,1525.0,,饲牛1410,9118.0,217.55,217.525
2014-07-09,GF1410,218.325,220.0,214.55,214.85,2406.0,,饲牛1410,9085.0,214.875,214.85
2014-07-10,GF1410,214.925,216.0,211.875,211.875,2223.0,,饲牛1410,9161.0,211.875,211.875
2014-07-11,GF1410,211.3,212.0,208.875,211.425,4163.0,,饲牛1410,9001.0,211.45,211.425
2014-07-14,GF1410,211.7,212.775,209.65,210.9,2387.0,,饲牛1410,9006.0,210.925,210.9
2014-07-15,GF1410,211.425,212.725,210.625,211.775,1541.0,,饲牛1410,8801.0,211.775,211.775
2014-07-16,GF1410,211.35,211.35,208.925,210.7,1480.0,,饲牛1410,8777.0,210.675,210.7
2014-07-17,GF1410,210.7,212.725,210.7,212.35,1694.0,,饲牛1410,8949.0,212.35,212.35
2014-07-18,GF1410,211.5,213.525,211.05,212.55,1541.0,,饲牛1410,9040.0,212.55,212.55
2014-07-21,GF1410,212.725,214.2,211.8,213.9,1426.0,,饲牛1410,9162.0,213.9,213.9
2014-07-22,GF1410,213.975,216.9,213.85,216.9,2283.0,,饲牛1410,9114.0,216.9,216.9
2014-07-23,GF1410,217.4,219.775,215.175,218.175,2398.0,,饲牛1410,9078.0,218.175,218.175
2014-07-24,GF1410,218.35,219.425,215.2,217.6,2397.0,,饲牛1410,9194.0,217.625,217.6
2014-07-25,GF1410,217.5,218.85,216.875,218.85,1130.0,,饲牛1410,9268.0,218.85,218.85
2014-07-28,GF1410,219.9,221.475,219.275,220.85,1831.0,,饲牛1410,9232.0,220.85,220.85
2014-07-29,GF1410,221.225,222.425,220.8,222.125,1674.0,,饲牛1410,9488.0,222.125,222.125
2014-07-30,GF1410,222.4,224.275,222.35,224.025,1809.0,,饲牛1410,9712.0,224.025,224.025
2014-07-31,GF1410,224.2,224.35,221.025,221.025,2628.0,,饲牛1410,9892.0,221.025,221.025
2014-08-01,GF1410,220.8,220.8,218.025,219.575,3010.0,,饲牛1410,9909.0,219.6,219.575
2014-08-04,GF1410,219.325,221.4,217.675,220.35,3348.0,,饲牛1410,9997.0,220.35,220.35
2014-08-05,GF1410,220.825,221.75,219.2,220.025,2835.0,,饲牛1410,10105.0,220.05,220.025
2014-08-06,GF1410,220.175,220.7,218.65,219.95,2402.0,,饲牛1410,10542.0,219.975,219.95
2014-08-07,GF1410,219.9,220.5,216.975,216.975,2940.0,,饲牛1410,10673.0,216.975,216.975
2014-08-08,GF1410,216.5,216.925,213.975,213.975,1764.0,,饲牛1410,10981.0,213.975,213.975
2014-08-11,GF1410,212.6,216.875,211.9,216.35,6032.0,,饲牛1410,11071.0,216.35,216.35
2014-08-12,GF1410,216.1,216.575,213.35,213.675,3585.0,,饲牛1410,11606.0,213.7,213.675
2014-08-13,GF1410,212.4,213.8,210.7,212.675,5441.0,,饲牛1410,11919.0,212.7,212.675
2014-08-14,GF1410,212.3,213.95,211.6,212.35,3338.0,,饲牛1410,12714.0,212.375,212.35
2014-08-15,GF1410,212.65,215.075,212.275,214.3,2455.0,,饲牛1410,12912.0,214.3,214.3
2014-08-18,GF1410,214.925,216.125,213.775,215.525,2127.0,,饲牛1410,13300.0,215.525,215.525
2014-08-19,GF1410,215.775,217.075,212.675,213.35,4286.0,,饲牛1410,13461.0,213.375,213.35
2014-08-20,GF1410,212.75,213.0,210.375,210.375,4145.0,,饲牛1410,13726.0,210.375,210.375
2014-08-21,GF1410,209.85,210.75,207.5,208.575,5473.0,,饲牛1410,13350.0,208.6,208.575
2014-08-22,GF1410,208.6,210.55,207.55,209.475,3463.0,,饲牛1410,13155.0,209.475,209.475
2014-08-25,GF1410,209.275,211.8,208.9,211.75,4160.0,,饲牛1410,13195.0,211.75,211.75
2014-08-26,GF1410,211.575,213.35,211.25,212.475,3172.0,,饲牛1410,13788.0,212.475,212.475
2014-08-27,GF1410,212.05,212.85,210.35,212.125,3259.0,,饲牛1410,13987.0,212.15,212.125
2014-08-28,GF1410,212.25,214.95,211.1,214.775,4455.0,,饲牛1410,13952.0,214.775,214.775
2014-08-29,GF1410,214.5,217.425,213.775,216.725,5135.0,,饲牛1410,14030.0,216.725,216.725
2014-09-02,GF1410,217.4,219.725,217.375,218.825,4194.0,,饲牛1410,14103.0,218.825,218.825
2014-09-03,GF1410,219.375,221.825,219.15,221.775,5254.0,,饲牛1410,14456.0,221.775,221.775
2014-09-04,GF1410,222.175,224.1,219.5,222.0,6483.0,,饲牛1410,14580.0,222.0,222.0
2014-09-05,GF1410,222.75,225.0,222.0,224.375,4234.0,,饲牛1410,14492.0,224.375,224.375
2014-09-08,GF1410,226.0,226.45,223.8,225.925,4440.0,,饲牛1410,14669.0,225.925,225.925
2014-09-09,GF1410,225.675,228.4,225.425,227.75,5155.0,,饲牛1410,14282.0,227.75,227.75
2014-09-10,GF1410,227.975,229.825,224.925,227.1,5204.0,,饲牛1410,14191.0,227.125,227.1
2014-09-11,GF1410,227.2,227.8,224.65,225.575,3151.0,,饲牛1410,14002.0,225.6,225.575
2014-09-12,GF1410,225.75,227.05,224.575,225.925,3218.0,,饲牛1410,14009.0,225.925,225.925
2014-09-15,GF1410,226.5,226.725,224.575,225.85,2519.0,,饲牛1410,13855.0,225.85,225.85
2014-09-16,GF1410,226.25,226.375,224.625,225.875,2855.0,,饲牛1410,13730.0,225.875,225.875
2014-09-17,GF1410,226.15,228.6,226.15,228.1,3538.0,,饲牛1410,13744.0,228.1,228.1
2014-09-18,GF1410,228.05,228.325,226.625,227.675,2198.0,,饲牛1410,13464.0,227.7,227.675
2014-09-19,GF1410,228.0,229.15,227.4,228.725,2660.0,,饲牛1410,13355.0,228.725,228.725
2014-09-22,GF1410,228.175,229.65,226.125,229.275,3012.0,,饲牛1410,13349.0,229.275,229.275
2014-09-23,GF1410,229.175,230.525,228.4,230.15,3486.0,,饲牛1410,13397.0,230.15,230.15
2014-09-24,GF1410,229.625,230.675,228.875,230.525,2977.0,,饲牛1410,13032.0,230.4,230.525
2014-09-25,GF1410,230.425,231.325,229.3,230.1,2970.0,,饲牛1410,12812.0,230.1,230.1
2014-09-26,GF1410,230.45,233.1,229.65,233.1,4156.0,,饲牛1410,12760.0,233.1,233.1
2014-09-29,GF1410,233.025,235.925,231.925,234.75,3506.0,,饲牛1410,11899.0,234.65,234.75
2014-09-30,GF1410,235.0,236.175,234.7,235.45,2669.0,,饲牛1410,11207.0,235.425,235.45
2014-10-01,GF1410,235.55,238.425,235.15,238.425,1866.0,,饲牛1410,10226.0,238.425,238.425
2014-10-02,GF1410,239.5,241.425,239.325,241.1,2686.0,,饲牛1410,9832.0,241.1,241.1
2014-10-03,GF1410,241.25,243.125,239.7,240.875,2940.0,,饲牛1410,9024.0,240.875,240.875
2014-10-06,GF1410,240.25,241.2,238.875,240.0,1937.0,,饲牛1410,8050.0,240.0,240.0
2014-10-07,GF1410,240.65,242.55,240.5,241.475,1829.0,,饲牛1410,7362.0,241.475,241.475
2014-10-08,GF1410,241.9,242.975,240.75,242.325,1087.0,,饲牛1410,6912.0,242.325,242.325
2014-10-09,GF1410,242.975,245.2,239.65,241.65,2531.0,,饲牛1410,6738.0,241.65,241.65
2014-10-10,GF1410,240.95,241.45,239.175,240.5,1053.0,,饲牛1410,6362.0,240.5,240.5
2014-10-13,GF1410,240.975,241.875,240.5,241.3,839.0,,饲牛1410,6156.0,241.3,241.3
2014-10-14,GF1410,241.75,241.75,238.3,238.65,1801.0,,饲牛1410,6097.0,238.725,238.65
2014-10-15,GF1410,238.55,241.025,236.55,237.4,2894.0,,饲牛1410,5934.0,237.4,237.4
2014-10-16,GF1410,237.1,240.35,236.9,240.2,1584.0,,饲牛1410,5469.0,240.2,240.2
2014-10-17,GF1410,239.2,240.175,237.525,238.45,963.0,,饲牛1410,5104.0,238.45,238.45
2014-10-20,GF1410,238.25,241.125,237.95,240.9,829.0,,饲牛1410,4893.0,240.75,240.9
2014-10-21,GF1410,240.625,240.7,238.425,238.95,827.0,,饲牛1410,4666.0,238.95,238.95
2014-10-22,GF1410,239.475,239.95,238.225,239.45,363.0,,饲牛1410,4385.0,239.45,239.45
2014-10-23,GF1410,240.0,240.8,239.0,240.225,733.0,,饲牛1410,4406.0,240.225,240.225
2014-10-24,GF1410,240.8,240.85,237.675,237.9,1782.0,,饲牛1410,4186.0,237.9,237.9
2014-10-27,GF1410,238.675,238.925,237.375,238.325,997.0,,饲牛1410,3920.0,238.325,238.325
2014-10-28,GF1410,237.9,238.375,237.575,238.275,489.0,,饲牛1410,3611.0,238.275,238.275
2014-10-29,GF1410,238.325,239.2,238.3,238.85,604.0,,饲牛1410,3459.0,238.85,238.85
2014-10-30,GF1410,239.4,239.85,239.4,239.75,660.0,,饲牛1410,3351.0,239.75,239.75
2014-10-31,GF1410,,,,239.95,0.0,,饲牛1410,3105.0,239.95,239.95
