date,symbol,open,high,low,close,volume,amount,name,openinterest,settleprice,price
2014-04-21,GF1504,,,,174.7,0.0,,饲牛1504,0.0,174.7,174.7
2014-04-22,GF1504,176.925,176.925,176.5,176.5,1.0,,饲牛1504,0.0,176.5,176.5
2014-04-23,GF1504,176.75,177.05,176.5,176.5,5.0,,饲牛1504,1.0,176.5,176.5
2014-04-24,GF1504,178.0,178.45,178.0,178.45,3.0,,饲牛1504,6.0,178.45,178.45
2014-04-25,GF1504,179.175,179.5,179.125,179.3,3.0,,饲牛1504,9.0,179.3,179.3
2014-04-28,GF1504,180.0,181.125,180.0,180.95,12.0,,饲牛1504,12.0,180.95,180.95
2014-04-29,GF1504,181.5,181.9,181.5,181.9,1.0,,饲牛1504,24.0,181.9,181.9
2014-04-30,GF1504,182.0,182.775,182.0,182.775,4.0,,饲牛1504,25.0,182.775,182.775
2014-05-01,GF1504,185.0,185.15,185.0,185.0,12.0,,饲牛1504,29.0,185.0,185.0
2014-05-02,GF1504,185.775,187.1,185.775,186.0,8.0,,饲牛1504,38.0,185.0,186.0
2014-05-05,GF1504,185.275,186.5,185.275,185.75,3.0,,饲牛1504,46.0,185.75,185.75
2014-05-06,GF1504,188.0,188.0,188.0,188.0,1.0,,饲牛1504,48.0,188.0,188.0
2014-05-07,GF1504,188.0,188.6,187.625,188.25,4.0,,饲牛1504,49.0,188.0,188.25
2014-05-08,GF1504,187.4,187.75,187.375,187.75,4.0,,饲牛1504,53.0,187.75,187.75
2014-05-09,GF1504,187.7,188.0,187.5,188.0,3.0,,饲牛1504,55.0,188.0,188.0
2014-05-12,GF1504,188.175,189.0,188.125,188.2,8.0,,饲牛1504,55.0,188.2,188.2
2014-05-13,GF1504,188.875,188.875,188.5,188.5,1.0,,饲牛1504,62.0,188.2,188.5
2014-05-14,GF1504,189.125,189.125,189.0,189.0,2.0,,饲牛1504,63.0,189.0,189.0
2014-05-15,GF1504,189.5,189.5,188.75,189.0,5.0,,饲牛1504,64.0,189.0,189.0
2014-05-16,GF1504,,,,189.0,1.0,,饲牛1504,67.0,189.0,189.0
2014-05-19,GF1504,190.25,191.5,190.25,191.5,16.0,,饲牛1504,68.0,191.5,191.5
2014-05-20,GF1504,191.0,191.9,190.4,191.2,26.0,,饲牛1504,82.0,191.2,191.2
2014-05-21,GF1504,191.175,191.55,190.925,191.225,12.0,,饲牛1504,99.0,191.225,191.225
2014-05-22,GF1504,189.525,191.225,189.525,191.225,11.0,,饲牛1504,107.0,191.225,191.225
2014-05-23,GF1504,189.775,190.1,188.225,190.1,6.0,,饲牛1504,117.0,190.1,190.1
2014-05-27,GF1504,190.125,190.225,189.575,190.0,8.0,,饲牛1504,121.0,190.0,190.0
2014-05-28,GF1504,189.6,190.625,189.6,190.225,40.0,,饲牛1504,126.0,190.225,190.225
2014-05-29,GF1504,190.5,191.725,190.5,191.5,31.0,,饲牛1504,129.0,191.5,191.5
2014-05-30,GF1504,192.0,192.0,191.875,191.875,5.0,,饲牛1504,130.0,191.875,191.875
2014-06-02,GF1504,192.0,192.225,191.925,192.0,15.0,,饲牛1504,133.0,192.0,192.0
2014-06-03,GF1504,192.625,193.05,192.075,193.05,12.0,,饲牛1504,141.0,193.05,193.05
2014-06-04,GF1504,193.0,193.65,193.0,193.5,11.0,,饲牛1504,141.0,193.5,193.5
2014-06-05,GF1504,194.0,194.95,194.0,194.6,13.0,,饲牛1504,138.0,194.6,194.6
2014-06-06,GF1504,195.15,196.0,195.1,195.8,31.0,,饲牛1504,145.0,195.8,195.8
2014-06-09,GF1504,198.0,198.8,198.0,198.8,28.0,,饲牛1504,144.0,198.8,198.8
2014-06-10,GF1504,199.025,200.425,198.825,200.275,22.0,,饲牛1504,143.0,200.275,200.275
2014-06-11,GF1504,198.95,198.95,198.2,198.6,56.0,,饲牛1504,150.0,198.85,198.6
2014-06-12,GF1504,198.925,201.5,198.9,201.0,55.0,,饲牛1504,176.0,201.0,201.0
2014-06-13,GF1504,201.225,203.6,201.05,203.325,39.0,,饲牛1504,199.0,203.325,203.325
2014-06-16,GF1504,203.5,204.375,203.5,204.25,22.0,,饲牛1504,225.0,204.25,204.25
2014-06-17,GF1504,205.075,206.125,202.775,204.5,149.0,,饲牛1504,231.0,204.5,204.5
2014-06-18,GF1504,203.85,203.85,201.5,201.5,96.0,,饲牛1504,307.0,201.5,201.5
2014-06-19,GF1504,202.5,204.5,202.275,204.0,101.0,,饲牛1504,245.0,204.0,204.0
2014-06-20,GF1504,203.7,204.2,201.75,202.5,24.0,,饲牛1504,267.0,202.5,202.5
2014-06-23,GF1504,203.275,203.275,203.05,203.1,20.0,,饲牛1504,260.0,203.1,203.1
2014-06-24,GF1504,204.35,206.0,204.175,205.5,65.0,,饲牛1504,261.0,205.5,205.5
2014-06-25,GF1504,206.075,208.0,206.075,207.0,61.0,,饲牛1504,287.0,207.0,207.0
2014-06-26,GF1504,209.3,210.0,209.1,209.75,28.0,,饲牛1504,311.0,209.75,209.75
2014-06-27,GF1504,210.5,210.5,208.825,209.6,36.0,,饲牛1504,321.0,209.75,209.6
2014-06-30,GF1504,210.0,210.0,207.0,207.5,128.0,,饲牛1504,317.0,207.5,207.5
2014-07-01,GF1504,208.85,210.5,208.75,210.5,23.0,,饲牛1504,377.0,210.5,210.5
2014-07-02,GF1504,210.5,212.2,209.475,210.45,83.0,,饲牛1504,386.0,210.45,210.45
2014-07-03,GF1504,211.15,211.75,211.15,211.75,28.0,,饲牛1504,415.0,211.75,211.75
2014-07-07,GF1504,212.725,212.85,212.025,212.85,78.0,,饲牛1504,424.0,212.85,212.85
2014-07-08,GF1504,211.675,211.75,210.75,211.75,25.0,,饲牛1504,473.0,211.75,211.75
2014-07-09,GF1504,212.925,212.95,208.75,208.75,40.0,,饲牛1504,479.0,208.75,208.75
2014-07-10,GF1504,209.4,209.4,205.75,205.75,39.0,,饲牛1504,474.0,205.75,205.75
2014-07-11,GF1504,203.125,204.6,202.75,203.5,48.0,,饲牛1504,473.0,204.75,203.5
2014-07-14,GF1504,204.8,204.8,203.5,204.0,34.0,,饲牛1504,479.0,204.1,204.0
2014-07-15,GF1504,204.025,205.2,204.025,205.2,46.0,,饲牛1504,479.0,205.2,205.2
2014-07-16,GF1504,202.225,202.75,202.2,202.75,32.0,,饲牛1504,488.0,202.75,202.75
2014-07-17,GF1504,204.15,204.6,203.825,204.325,39.0,,饲牛1504,485.0,204.325,204.325
2014-07-18,GF1504,204.3,205.0,204.3,205.0,19.0,,饲牛1504,476.0,205.0,205.0
2014-07-21,GF1504,204.675,205.85,204.3,205.8,26.0,,饲牛1504,486.0,205.825,205.8
2014-07-22,GF1504,205.75,208.6,205.55,208.6,64.0,,饲牛1504,487.0,208.6,208.6
2014-07-23,GF1504,208.7,209.3,207.0,208.375,52.0,,饲牛1504,504.0,208.4,208.375
2014-07-24,GF1504,208.55,209.4,207.325,208.5,95.0,,饲牛1504,511.0,208.5,208.5
2014-07-25,GF1504,209.575,210.05,209.35,210.05,23.0,,饲牛1504,518.0,210.05,210.05
2014-07-28,GF1504,211.2,211.75,210.475,211.4,67.0,,饲牛1504,520.0,211.4,211.4
2014-07-29,GF1504,212.175,212.475,211.425,212.4,66.0,,饲牛1504,504.0,212.4,212.4
2014-07-30,GF1504,212.5,214.0,212.5,214.0,117.0,,饲牛1504,511.0,214.0,214.0
2014-07-31,GF1504,211.625,211.75,211.0,211.25,105.0,,饲牛1504,551.0,211.25,211.25
2014-08-01,GF1504,210.55,210.8,208.25,210.8,91.0,,饲牛1504,583.0,210.8,210.8
2014-08-04,GF1504,210.325,211.075,210.0,210.5,23.0,,饲牛1504,572.0,210.8,210.5
2014-08-05,GF1504,211.525,211.675,211.0,211.0,31.0,,饲牛1504,570.0,210.8,211.0
2014-08-06,GF1504,210.8,211.125,209.525,211.0,24.0,,饲牛1504,571.0,211.0,211.0
2014-08-07,GF1504,209.7,209.7,208.0,208.5,43.0,,饲牛1504,575.0,208.5,208.5
2014-08-08,GF1504,206.5,206.8,205.5,205.5,21.0,,饲牛1504,576.0,205.5,205.5
2014-08-11,GF1504,204.5,207.8,204.5,207.8,47.0,,饲牛1504,572.0,207.8,207.8
2014-08-12,GF1504,206.575,206.7,205.0,205.0,213.0,,饲牛1504,581.0,205.0,205.0
2014-08-13,GF1504,204.125,205.0,203.0,204.25,28.0,,饲牛1504,660.0,205.0,204.25
2014-08-14,GF1504,205.0,206.25,204.0,205.65,109.0,,饲牛1504,656.0,205.625,205.65
2014-08-15,GF1504,205.55,207.4,205.55,207.4,34.0,,饲牛1504,666.0,207.4,207.4
2014-08-18,GF1504,208.0,208.5,207.375,208.25,26.0,,饲牛1504,664.0,208.25,208.25
2014-08-19,GF1504,208.875,209.25,205.95,207.1,98.0,,饲牛1504,651.0,207.1,207.1
2014-08-20,GF1504,206.025,206.025,204.225,204.3,84.0,,饲牛1504,651.0,204.3,204.3
2014-08-21,GF1504,204.0,204.0,202.25,203.75,231.0,,饲牛1504,643.0,203.75,203.75
2014-08-22,GF1504,203.075,204.9,202.975,204.9,150.0,,饲牛1504,660.0,204.9,204.9
2014-08-25,GF1504,204.525,206.85,204.525,206.85,89.0,,饲牛1504,723.0,206.825,206.85
2014-08-26,GF1504,207.0,207.6,207.0,207.575,101.0,,饲牛1504,722.0,207.575,207.575
2014-08-27,GF1504,207.15,207.15,205.5,206.775,165.0,,饲牛1504,742.0,206.8,206.775
2014-08-28,GF1504,205.125,208.15,205.125,208.125,274.0,,饲牛1504,763.0,208.125,208.125
2014-08-29,GF1504,208.0,210.1,207.25,210.1,110.0,,饲牛1504,876.0,210.1,210.1
2014-09-02,GF1504,210.0,212.5,210.0,212.0,115.0,,饲牛1504,899.0,212.0,212.0
2014-09-03,GF1504,212.95,215.0,212.675,214.975,199.0,,饲牛1504,892.0,214.975,214.975
2014-09-04,GF1504,215.4,216.375,212.525,214.6,244.0,,饲牛1504,903.0,214.975,214.6
2014-09-05,GF1504,214.9,215.85,214.75,215.5,108.0,,饲牛1504,913.0,215.5,215.5
2014-09-08,GF1504,215.5,217.3,215.5,217.15,142.0,,饲牛1504,918.0,217.125,217.15
2014-09-09,GF1504,217.75,218.85,217.4,218.45,142.0,,饲牛1504,921.0,218.425,218.45
2014-09-10,GF1504,219.9,219.9,215.775,218.125,137.0,,饲牛1504,931.0,218.125,218.125
2014-09-11,GF1504,218.6,218.6,215.5,217.35,284.0,,饲牛1504,920.0,217.375,217.35
2014-09-12,GF1504,217.0,217.5,215.625,216.775,225.0,,饲牛1504,900.0,216.8,216.775
2014-09-15,GF1504,216.9,216.9,216.3,216.9,71.0,,饲牛1504,881.0,216.9,216.9
2014-09-16,GF1504,216.4,216.95,215.925,216.85,33.0,,饲牛1504,905.0,216.9,216.85
2014-09-17,GF1504,217.85,219.575,217.85,219.2,290.0,,饲牛1504,903.0,219.175,219.2
2014-09-18,GF1504,218.65,218.65,217.725,218.3,154.0,,饲牛1504,888.0,218.325,218.3
2014-09-19,GF1504,218.9,219.45,218.5,219.0,67.0,,饲牛1504,897.0,219.0,219.0
2014-09-22,GF1504,218.1,219.575,217.0,219.5,83.0,,饲牛1504,913.0,219.5,219.5
2014-09-23,GF1504,219.5,220.325,219.325,220.0,112.0,,饲牛1504,918.0,220.0,220.0
2014-09-24,GF1504,218.6,220.7,218.6,220.7,85.0,,饲牛1504,909.0,220.7,220.7
2014-09-25,GF1504,220.6,221.5,220.475,221.5,201.0,,饲牛1504,898.0,221.5,221.5
2014-09-26,GF1504,220.55,224.35,220.55,224.1,202.0,,饲牛1504,920.0,224.1,224.1
2014-09-29,GF1504,223.675,227.1,223.175,226.7,121.0,,饲牛1504,914.0,226.7,226.7
2014-09-30,GF1504,227.55,227.55,226.15,226.5,123.0,,饲牛1504,933.0,226.7,226.5
2014-10-01,GF1504,226.45,229.7,226.4,229.7,166.0,,饲牛1504,965.0,229.7,229.7
2014-10-02,GF1504,230.55,232.4,230.475,232.4,284.0,,饲牛1504,1000.0,232.4,232.4
2014-10-03,GF1504,232.3,234.05,231.125,233.05,182.0,,饲牛1504,1000.0,233.05,233.05
2014-10-06,GF1504,231.925,233.0,231.025,232.7,123.0,,饲牛1504,1031.0,232.7,232.7
2014-10-07,GF1504,232.975,235.2,232.975,234.35,263.0,,饲牛1504,1039.0,234.375,234.35
2014-10-08,GF1504,234.825,235.675,233.525,234.875,189.0,,饲牛1504,1050.0,234.875,234.875
2014-10-09,GF1504,235.9,237.625,231.875,233.925,405.0,,饲牛1504,1051.0,233.925,233.925
2014-10-10,GF1504,232.35,232.625,230.925,232.2,547.0,,饲牛1504,1106.0,232.225,232.2
2014-10-13,GF1504,231.925,233.275,231.525,232.5,257.0,,饲牛1504,1178.0,232.5,232.5
2014-10-14,GF1504,233.15,233.15,229.5,229.5,110.0,,饲牛1504,1236.0,229.5,229.5
2014-10-15,GF1504,228.0,228.0,226.5,226.5,266.0,,饲牛1504,1234.0,226.5,226.5
2014-10-16,GF1504,224.5,229.5,223.875,229.5,521.0,,饲牛1504,1232.0,229.5,229.5
2014-10-17,GF1504,228.05,228.05,226.5,226.5,166.0,,饲牛1504,1311.0,226.5,226.5
2014-10-20,GF1504,227.5,229.25,227.4,229.25,237.0,,饲牛1504,1324.0,229.25,229.25
2014-10-21,GF1504,230.0,230.0,226.25,226.425,310.0,,饲牛1504,1354.0,226.45,226.425
2014-10-22,GF1504,226.125,227.575,226.125,227.325,238.0,,饲牛1504,1401.0,227.325,227.325
2014-10-23,GF1504,228.0,229.3,227.475,229.025,513.0,,饲牛1504,1420.0,229.025,229.025
2014-10-24,GF1504,228.9,229.55,226.725,227.1,258.0,,饲牛1504,1570.0,227.1,227.1
2014-10-27,GF1504,227.3,228.325,226.925,227.3,181.0,,饲牛1504,1658.0,227.3,227.3
2014-10-28,GF1504,226.3,227.425,225.975,227.025,225.0,,饲牛1504,1720.0,227.025,227.025
2014-10-29,GF1504,227.25,227.775,225.625,225.65,311.0,,饲牛1504,1769.0,225.675,225.65
2014-10-30,GF1504,226.0,226.9,224.625,226.125,295.0,,饲牛1504,1815.0,226.125,226.125
2014-10-31,GF1504,226.85,227.85,225.325,226.0,546.0,,饲牛1504,1944.0,226.0,226.0
2014-11-03,GF1504,226.25,227.475,225.625,226.9,481.0,,饲牛1504,2143.0,226.9,226.9
2014-11-04,GF1504,227.25,228.775,226.625,228.775,284.0,,饲牛1504,2277.0,228.775,228.775
2014-11-05,GF1504,228.375,228.7,227.5,227.825,482.0,,饲牛1504,2293.0,227.825,227.825
2014-11-06,GF1504,227.85,228.675,227.85,228.55,247.0,,饲牛1504,2346.0,228.55,228.55
2014-11-07,GF1504,228.45,230.0,228.45,229.95,454.0,,饲牛1504,2381.0,229.95,229.95
2014-11-10,GF1504,229.95,231.325,229.95,230.75,543.0,,饲牛1504,2494.0,230.75,230.75
2014-11-11,GF1504,230.6,231.525,230.225,230.875,387.0,,饲牛1504,2616.0,230.875,230.875
2014-11-12,GF1504,230.425,232.5,229.475,232.3,925.0,,饲牛1504,2729.0,232.275,232.3
2014-11-13,GF1504,232.275,233.8,232.25,233.575,883.0,,饲牛1504,3130.0,233.55,233.575
2014-11-14,GF1504,233.475,234.9,233.05,234.825,675.0,,饲牛1504,3274.0,234.8,234.825
2014-11-17,GF1504,234.975,236.55,234.85,235.775,550.0,,饲牛1504,3245.0,235.775,235.775
2014-11-18,GF1504,236.0,236.225,235.25,236.125,819.0,,饲牛1504,3391.0,236.125,236.125
2014-11-19,GF1504,235.775,235.9,235.1,235.825,464.0,,饲牛1504,3781.0,235.825,235.825
2014-11-20,GF1504,235.875,235.875,232.975,233.925,630.0,,饲牛1504,3919.0,233.95,233.925
2014-11-21,GF1504,234.0,235.05,233.5,234.6,417.0,,饲牛1504,4003.0,234.6,234.6
2014-11-24,GF1504,234.475,235.375,231.6,231.65,438.0,,饲牛1504,4048.0,231.75,231.65
2014-11-25,GF1504,231.2,231.325,229.2,230.25,574.0,,饲牛1504,4082.0,230.25,230.25
2014-11-26,GF1504,230.725,232.1,229.55,229.925,519.0,,饲牛1504,4103.0,229.95,229.925
2014-11-28,GF1504,229.675,231.175,229.375,230.775,291.0,,饲牛1504,4235.0,230.775,230.775
2014-12-01,GF1504,230.9,233.775,230.8,233.775,686.0,,饲牛1504,4360.0,233.775,233.775
2014-12-02,GF1504,233.775,235.9,232.55,234.4,1189.0,,饲牛1504,4564.0,234.375,234.4
2014-12-03,GF1504,234.15,234.15,231.375,232.825,994.0,,饲牛1504,4759.0,232.85,232.825
2014-12-04,GF1504,232.5,233.85,231.925,232.525,1134.0,,饲牛1504,4720.0,232.55,232.525
2014-12-05,GF1504,232.75,233.375,229.65,230.9,1162.0,,饲牛1504,4635.0,230.925,230.9
2014-12-08,GF1504,229.925,230.05,227.925,227.925,947.0,,饲牛1504,4468.0,227.925,227.925
2014-12-09,GF1504,227.45,227.7,225.675,227.2,1869.0,,饲牛1504,4492.0,227.225,227.2
2014-12-10,GF1504,227.15,227.4,224.225,227.075,869.0,,饲牛1504,4272.0,227.1,227.075
2014-12-11,GF1504,227.025,227.025,224.1,224.1,2012.0,,饲牛1504,4225.0,224.1,224.1
2014-12-12,GF1504,223.325,223.325,221.1,221.1,1644.0,,饲牛1504,4228.0,221.1,221.1
2014-12-15,GF1504,219.6,219.6,218.1,218.1,966.0,,饲牛1504,4193.0,218.1,218.1
2014-12-16,GF1504,215.1,215.1,215.1,215.1,326.0,,饲牛1504,4167.0,215.1,215.1
2014-12-17,GF1504,212.1,212.1,212.1,212.1,509.0,,饲牛1504,4179.0,212.1,212.1
2014-12-18,GF1504,207.6,216.6,207.6,214.175,2858.0,,饲牛1504,4204.0,214.175,214.175
2014-12-19,GF1504,215.15,218.325,215.15,217.975,763.0,,饲牛1504,3892.0,218.075,217.975
2014-12-22,GF1504,218.525,219.675,218.15,219.1,541.0,,饲牛1504,3828.0,219.05,219.1
2014-12-23,GF1504,219.275,219.425,215.6,215.975,589.0,,饲牛1504,3813.0,215.95,215.975
2014-12-24,GF1504,215.775,215.8,213.275,213.575,382.0,,饲牛1504,3755.0,213.525,213.575
2014-12-26,GF1504,213.8,214.875,209.275,212.65,722.0,,饲牛1504,3745.0,212.7,212.65
2014-12-29,GF1504,215.075,217.2,214.675,216.35,729.0,,饲牛1504,3702.0,216.45,216.35
2014-12-30,GF1504,216.825,218.8,216.025,217.05,572.0,,饲牛1504,3702.0,217.025,217.05
2014-12-31,GF1504,217.8,218.625,216.25,218.025,344.0,,饲牛1504,3624.0,218.05,218.025
2015-01-02,GF1504,218.775,222.55,218.775,222.3,828.0,,饲牛1504,3595.0,222.325,222.3
2015-01-05,GF1504,223.4,224.375,223.275,223.85,768.0,,饲牛1504,3576.0,223.875,223.85
2015-01-06,GF1504,224.3,224.875,219.375,220.825,1430.0,,饲牛1504,3567.0,220.85,220.825
2015-01-07,GF1504,222.025,222.375,218.725,220.125,1693.0,,饲牛1504,3604.0,220.15,220.125
2015-01-08,GF1504,221.05,222.275,215.65,216.4,2012.0,,饲牛1504,3989.0,216.425,216.4
2015-01-09,GF1504,216.05,216.125,212.15,212.35,2242.0,,饲牛1504,4298.0,212.475,212.35
2015-01-12,GF1504,211.5,217.725,211.5,213.375,1770.0,,饲牛1504,4796.0,213.45,213.375
2015-01-13,GF1504,213.25,215.0,210.075,211.375,1954.0,,饲牛1504,4674.0,211.475,211.375
2015-01-14,GF1504,211.0,213.625,208.75,210.55,2325.0,,饲牛1504,4779.0,210.575,210.55
2015-01-15,GF1504,210.325,211.075,206.075,206.35,3612.0,,饲牛1504,4767.0,206.35,206.35
2015-01-16,GF1504,205.5,208.575,203.6,206.325,2187.0,,饲牛1504,4756.0,206.45,206.325
2015-01-20,GF1504,207.5,208.05,202.125,203.95,2243.0,,饲牛1504,4775.0,204.1,203.95
2015-01-21,GF1504,204.25,206.725,202.3,206.3,1880.0,,饲牛1504,4669.0,206.35,206.3
2015-01-22,GF1504,206.35,209.15,205.675,207.0,1203.0,,饲牛1504,4751.0,207.05,207.0
2015-01-23,GF1504,206.5,206.5,202.55,202.55,1204.0,,饲牛1504,4854.0,202.55,202.55
2015-01-26,GF1504,202.25,204.75,196.6,201.15,2562.0,,饲牛1504,4846.0,201.1,201.15
2015-01-27,GF1504,201.3,205.6,200.225,205.275,2049.0,,饲牛1504,4925.0,205.225,205.275
2015-01-28,GF1504,205.15,207.35,203.525,205.475,1416.0,,饲牛1504,5174.0,205.45,205.475
2015-01-29,GF1504,204.45,207.125,200.95,204.2,1762.0,,饲牛1504,5199.0,204.2,204.2
2015-01-30,GF1504,204.225,205.75,203.275,205.325,1892.0,,饲牛1504,5338.0,205.4,205.325
2015-02-02,GF1504,203.475,205.15,200.9,200.9,1803.0,,饲牛1504,5441.0,200.9,200.9
2015-02-03,GF1504,199.9,200.925,196.05,199.925,3240.0,,饲牛1504,5306.0,199.9,199.925
2015-02-04,GF1504,198.825,200.675,196.7,196.85,1966.0,,饲牛1504,5310.0,196.85,196.85
2015-02-05,GF1504,196.65,197.55,193.25,195.8,2650.0,,饲牛1504,5328.0,195.85,195.8
2015-02-06,GF1504,196.95,199.7,196.55,199.125,3516.0,,饲牛1504,5480.0,199.15,199.125
2015-02-09,GF1504,200.525,203.65,200.25,203.275,2856.0,,饲牛1504,5586.0,203.275,203.275
2015-02-10,GF1504,203.95,204.275,200.65,201.675,2528.0,,饲牛1504,5613.0,201.725,201.675
2015-02-11,GF1504,202.2,202.85,198.2,198.725,2693.0,,饲牛1504,5998.0,198.7,198.725
2015-02-12,GF1504,198.65,200.925,196.95,200.325,3071.0,,饲牛1504,6508.0,200.3,200.325
2015-02-13,GF1504,201.125,204.325,199.875,203.225,2351.0,,饲牛1504,7206.0,203.25,203.225
2015-02-17,GF1504,204.075,204.375,200.225,200.725,2134.0,,饲牛1504,7229.0,200.725,200.725
2015-02-18,GF1504,200.775,202.6,200.0,202.075,2644.0,,饲牛1504,7351.0,202.075,202.075
2015-02-19,GF1504,202.5,203.425,200.725,201.575,1748.0,,饲牛1504,7825.0,201.575,201.575
2015-02-20,GF1504,201.7,202.075,198.3,198.325,2976.0,,饲牛1504,7961.0,198.35,198.325
2015-02-23,GF1504,198.0,198.3,196.45,197.0,2756.0,,饲牛1504,8341.0,197.05,197.0
2015-02-24,GF1504,197.1,197.525,194.275,194.575,3932.0,,饲牛1504,8628.0,194.625,194.575
2015-02-25,GF1504,194.8,197.025,194.475,195.8,2441.0,,饲牛1504,8774.0,195.85,195.8
2015-02-26,GF1504,196.225,200.325,196.175,199.025,3237.0,,饲牛1504,8902.0,199.05,199.025
2015-02-27,GF1504,199.45,201.85,197.625,200.425,4160.0,,饲牛1504,8768.0,200.325,200.425
2015-03-02,GF1504,200.925,202.7,200.85,202.1,2703.0,,饲牛1504,9062.0,202.125,202.1
2015-03-03,GF1504,202.3,202.3,199.625,199.8,2892.0,,饲牛1504,8686.0,199.875,199.8
2015-03-04,GF1504,199.6,204.375,198.625,204.375,5106.0,,饲牛1504,8505.0,204.375,204.375
2015-03-05,GF1504,205.075,206.35,203.3,205.3,4334.0,,饲牛1504,8609.0,205.375,205.3
2015-03-06,GF1504,205.375,209.175,205.35,208.525,4565.0,,饲牛1504,8367.0,208.575,208.525
2015-03-09,GF1504,209.0,209.7,207.325,208.425,3275.0,,饲牛1504,8142.0,208.4,208.425
2015-03-10,GF1504,208.525,210.925,207.175,210.525,3799.0,,饲牛1504,7618.0,210.5,210.525
2015-03-11,GF1504,210.2,214.55,210.2,213.075,4875.0,,饲牛1504,7461.0,213.1,213.075
2015-03-12,GF1504,213.6,215.15,211.25,212.875,3704.0,,饲牛1504,7785.0,212.9,212.875
2015-03-13,GF1504,212.925,213.5,209.125,211.2,3775.0,,饲牛1504,7485.0,211.225,211.2
2015-03-16,GF1504,211.1,211.575,208.275,210.025,2673.0,,饲牛1504,7252.0,210.05,210.025
2015-03-17,GF1504,209.875,210.85,208.75,209.95,2712.0,,饲牛1504,7065.0,210.025,209.95
2015-03-18,GF1504,209.575,214.525,208.875,214.425,4661.0,,饲牛1504,7089.0,214.3,214.425
2015-03-19,GF1504,214.5,216.775,213.775,215.925,3320.0,,饲牛1504,6652.0,216.025,215.925
2015-03-20,GF1504,216.175,216.9,215.15,216.3,2571.0,,饲牛1504,6582.0,216.2,216.3
2015-03-23,GF1504,216.95,220.075,216.725,219.15,2786.0,,饲牛1504,6514.0,219.175,219.15
2015-03-24,GF1504,219.125,220.0,217.7,218.925,1871.0,,饲牛1504,6348.0,218.925,218.925
2015-03-25,GF1504,218.9,219.25,216.8,217.225,2165.0,,饲牛1504,6277.0,217.25,217.225
2015-03-26,GF1504,217.925,218.85,216.0,217.3,1681.0,,饲牛1504,6357.0,217.225,217.3
2015-03-27,GF1504,217.65,219.775,217.425,219.4,1713.0,,饲牛1504,6115.0,219.275,219.4
2015-03-30,GF1504,219.2,219.975,217.225,218.625,1142.0,,饲牛1504,6082.0,218.625,218.625
2015-03-31,GF1504,218.25,220.0,217.625,218.125,1488.0,,饲牛1504,5864.0,218.125,218.125
2015-04-01,GF1504,218.2,219.575,217.4,218.575,1356.0,,饲牛1504,5656.0,218.625,218.575
2015-04-02,GF1504,219.675,220.575,219.075,220.375,1468.0,,饲牛1504,5596.0,220.375,220.375
2015-04-06,GF1504,222.025,222.775,219.575,219.975,1785.0,,饲牛1504,5425.0,219.8,219.975
2015-04-07,GF1504,219.375,219.4,216.2,217.75,2182.0,,饲牛1504,5324.0,217.675,217.75
2015-04-08,GF1504,217.6,217.9,215.75,216.2,2035.0,,饲牛1504,4826.0,216.225,216.2
2015-04-09,GF1504,216.65,217.425,216.35,216.75,527.0,,饲牛1504,4361.0,216.475,216.75
2015-04-10,GF1504,216.775,216.775,212.2,212.5,2456.0,,饲牛1504,4248.0,212.45,212.5
2015-04-13,GF1504,211.7,213.0,210.9,212.25,2018.0,,饲牛1504,3375.0,212.25,212.25
2015-04-14,GF1504,212.6,213.975,212.025,213.25,661.0,,饲牛1504,2887.0,213.2,213.25
2015-04-15,GF1504,213.9,215.45,213.9,215.25,706.0,,饲牛1504,2764.0,215.225,215.25
2015-04-16,GF1504,215.075,216.375,214.6,216.0,526.0,,饲牛1504,2723.0,215.8,216.0
2015-04-17,GF1504,215.8,216.725,212.9,213.025,1218.0,,饲牛1504,2648.0,213.0,213.025
2015-04-20,GF1504,212.85,212.85,211.05,211.9,978.0,,饲牛1504,2560.0,211.825,211.9
2015-04-21,GF1504,211.575,212.8,211.575,212.6,648.0,,饲牛1504,2487.0,212.65,212.6
2015-04-22,GF1504,212.2,213.4,211.9,212.3,316.0,,饲牛1504,2310.0,212.55,212.3
2015-04-23,GF1504,212.75,214.35,212.3,214.225,1027.0,,饲牛1504,2236.0,214.275,214.225
2015-04-24,GF1504,214.325,215.875,213.25,214.85,1127.0,,饲牛1504,1794.0,214.85,214.85
2015-04-27,GF1504,214.1,215.25,213.95,214.9,607.0,,饲牛1504,1584.0,214.9,214.9
2015-04-28,GF1504,215.375,216.2,215.375,215.95,308.0,,饲牛1504,1536.0,215.975,215.95
2015-04-29,GF1504,216.175,216.875,216.1,216.5,304.0,,饲牛1504,1469.0,216.525,216.5
2015-04-30,GF1504,217.0,217.7,217.0,217.5,335.0,,饲牛1504,1524.0,217.55,217.5
2015-05-01,GF1504,,,,218.0,0.0,,饲牛1504,1490.0,218.0,218.0
