date,symbol,open,high,low,close,volume,amount,name,openinterest,settleprice,price
2014-09-26,GF1509,,,,222.0,0.0,,饲牛1509,0.0,222.0,222.0
2014-09-29,GF1509,,,,225.0,0.0,,饲牛1509,0.0,224.95,225.0
2014-09-30,GF1509,225.775,225.775,225.5,225.5,3.0,,饲牛1509,0.0,225.5,225.5
2014-10-01,GF1509,225.95,227.5,225.95,227.5,1.0,,饲牛1509,3.0,227.5,227.5
2014-10-02,GF1509,230.45,230.5,229.65,230.25,5.0,,饲牛1509,3.0,230.25,230.25
2014-10-03,GF1509,232.4,232.4,230.5,231.5,14.0,,饲牛1509,8.0,231.5,231.5
2014-10-06,GF1509,230.5,231.15,230.5,231.0,4.0,,饲牛1509,15.0,231.5,231.0
2014-10-07,GF1509,233.425,234.025,233.425,234.0,4.0,,饲牛1509,17.0,234.0,234.0
2014-10-08,GF1509,234.0,234.4,233.7,234.0,2.0,,饲牛1509,19.0,234.0,234.0
2014-10-09,GF1509,235.0,236.275,232.0,233.5,56.0,,饲牛1509,19.0,234.0,233.5
2014-10-10,GF1509,232.0,232.0,231.0,231.5,12.0,,饲牛1509,46.0,231.5,231.5
2014-10-13,GF1509,231.5,231.975,231.475,231.7,11.0,,饲牛1509,38.0,231.7,231.7
2014-10-14,GF1509,231.4,231.4,228.7,229.5,12.0,,饲牛1509,39.0,229.5,229.5
2014-10-15,GF1509,,,,226.5,8.0,,饲牛1509,41.0,226.5,226.5
2014-10-16,GF1509,225.825,228.0,224.475,228.0,25.0,,饲牛1509,41.0,228.0,228.0
2014-10-17,GF1509,225.875,227.0,225.875,227.0,1.0,,饲牛1509,47.0,227.0,227.0
2014-10-20,GF1509,227.0,227.5,227.0,227.5,1.0,,饲牛1509,48.0,227.5,227.5
2014-10-21,GF1509,227.625,228.5,225.525,225.75,11.0,,饲牛1509,47.0,225.75,225.75
2014-10-22,GF1509,225.75,226.4,225.75,226.4,29.0,,饲牛1509,54.0,226.4,226.4
2014-10-23,GF1509,227.2,228.0,227.125,227.75,9.0,,饲牛1509,64.0,227.75,227.75
2014-10-24,GF1509,227.7,227.775,226.075,226.25,2.0,,饲牛1509,68.0,226.25,226.25
2014-10-27,GF1509,226.2,227.1,226.0,226.35,14.0,,饲牛1509,68.0,226.35,226.35
2014-10-28,GF1509,225.3,226.1,225.025,225.5,16.0,,饲牛1509,79.0,225.55,225.5
2014-10-29,GF1509,226.0,226.5,223.75,224.75,36.0,,饲牛1509,88.0,224.75,224.75
2014-10-30,GF1509,224.85,224.85,223.5,224.3,17.0,,饲牛1509,103.0,224.35,224.3
2014-10-31,GF1509,224.9,226.0,223.95,224.0,35.0,,饲牛1509,112.0,224.0,224.0
2014-11-03,GF1509,223.525,225.0,223.525,224.7,27.0,,饲牛1509,134.0,224.7,224.7
2014-11-04,GF1509,224.2,226.75,224.2,226.2,60.0,,饲牛1509,152.0,226.2,226.2
2014-11-05,GF1509,226.75,226.75,225.65,226.2,12.0,,饲牛1509,180.0,226.2,226.2
2014-11-06,GF1509,226.8,227.0,226.75,226.75,30.0,,饲牛1509,192.0,226.75,226.75
2014-11-07,GF1509,227.7,228.1,227.525,228.1,4.0,,饲牛1509,205.0,228.1,228.1
2014-11-10,GF1509,228.5,229.0,228.5,229.0,6.0,,饲牛1509,208.0,229.0,229.0
2014-11-11,GF1509,229.075,229.4,229.05,229.25,20.0,,饲牛1509,208.0,229.25,229.25
2014-11-12,GF1509,229.325,230.6,229.2,230.6,63.0,,饲牛1509,217.0,230.6,230.6
2014-11-13,GF1509,231.675,232.675,231.675,232.0,11.0,,饲牛1509,225.0,232.0,232.0
2014-11-14,GF1509,232.2,233.75,232.175,233.75,19.0,,饲牛1509,223.0,233.75,233.75
2014-11-17,GF1509,234.0,234.7,234.0,234.3,24.0,,饲牛1509,229.0,234.3,234.3
2014-11-18,GF1509,234.25,234.6,234.25,234.6,15.0,,饲牛1509,243.0,234.6,234.6
2014-11-19,GF1509,234.125,234.4,233.875,234.4,18.0,,饲牛1509,246.0,234.45,234.4
2014-11-20,GF1509,232.85,233.0,232.8,233.0,61.0,,饲牛1509,256.0,233.0,233.0
2014-11-21,GF1509,232.9,234.4,232.85,234.3,33.0,,饲牛1509,278.0,234.3,234.3
2014-11-24,GF1509,234.2,234.5,231.5,231.8,31.0,,饲牛1509,308.0,231.8,231.8
2014-11-25,GF1509,231.15,231.15,229.125,231.0,37.0,,饲牛1509,313.0,231.0,231.0
2014-11-26,GF1509,231.7,231.9,230.0,230.5,22.0,,饲牛1509,329.0,230.5,230.5
2014-11-28,GF1509,230.2,231.075,230.2,231.0,12.0,,饲牛1509,334.0,231.0,231.0
2014-12-01,GF1509,231.9,234.0,231.175,234.0,43.0,,饲牛1509,346.0,234.0,234.0
2014-12-02,GF1509,234.75,235.0,232.5,234.1,35.0,,饲牛1509,353.0,234.1,234.1
2014-12-03,GF1509,233.325,233.325,231.1,232.75,78.0,,饲牛1509,362.0,232.75,232.75
2014-12-04,GF1509,233.0,233.15,231.975,232.9,76.0,,饲牛1509,390.0,232.9,232.9
2014-12-05,GF1509,233.0,233.0,231.6,231.65,70.0,,饲牛1509,409.0,231.625,231.65
2014-12-08,GF1509,229.4,229.4,228.625,228.625,5.0,,饲牛1509,434.0,228.625,228.625
2014-12-09,GF1509,227.35,228.2,226.8,228.2,113.0,,饲牛1509,433.0,228.2,228.2
2014-12-10,GF1509,227.65,227.65,225.2,227.125,52.0,,饲牛1509,464.0,227.125,227.125
2014-12-11,GF1509,226.15,226.15,224.125,224.125,94.0,,饲牛1509,475.0,224.125,224.125
2014-12-12,GF1509,223.475,223.475,221.125,221.125,89.0,,饲牛1509,508.0,221.125,221.125
2014-12-15,GF1509,218.525,218.525,218.125,218.125,32.0,,饲牛1509,512.0,218.125,218.125
2014-12-16,GF1509,215.125,215.125,215.125,215.125,12.0,,饲牛1509,513.0,215.125,215.125
2014-12-17,GF1509,212.125,212.125,212.125,212.125,61.0,,饲牛1509,515.0,212.125,212.125
2014-12-18,GF1509,207.7,216.625,207.7,215.2,157.0,,饲牛1509,517.0,215.125,215.2
2014-12-19,GF1509,216.625,219.6,216.5,219.575,96.0,,饲牛1509,542.0,219.6,219.575
2014-12-22,GF1509,220.0,220.375,219.375,220.375,67.0,,饲牛1509,559.0,220.375,220.375
2014-12-23,GF1509,220.325,220.375,216.45,216.45,47.0,,饲牛1509,554.0,216.475,216.45
2014-12-24,GF1509,216.5,216.725,214.75,214.825,59.0,,饲牛1509,569.0,214.8,214.825
2014-12-26,GF1509,215.1,215.55,210.875,214.0,86.0,,饲牛1509,586.0,213.975,214.0
2014-12-29,GF1509,216.825,218.475,216.8,218.175,71.0,,饲牛1509,603.0,218.2,218.175
2014-12-30,GF1509,220.0,220.0,217.575,218.85,52.0,,饲牛1509,615.0,218.825,218.85
2014-12-31,GF1509,219.8,220.75,219.025,220.425,65.0,,饲牛1509,607.0,220.375,220.425
2015-01-02,GF1509,220.9,224.5,220.9,224.15,94.0,,饲牛1509,639.0,224.125,224.15
2015-01-05,GF1509,225.0,225.5,224.75,225.125,77.0,,饲牛1509,671.0,225.15,225.125
2015-01-06,GF1509,225.5,225.975,220.7,222.475,208.0,,饲牛1509,684.0,222.5,222.475
2015-01-07,GF1509,222.6,222.775,220.125,221.975,58.0,,饲牛1509,726.0,221.975,221.975
2015-01-08,GF1509,221.9,223.225,217.475,218.575,122.0,,饲牛1509,746.0,218.6,218.575
2015-01-09,GF1509,216.875,216.875,214.1,214.1,171.0,,饲牛1509,743.0,214.1,214.1
2015-01-12,GF1509,213.45,218.0,212.975,215.025,139.0,,饲牛1509,806.0,215.025,215.025
2015-01-13,GF1509,215.55,216.025,212.5,213.275,203.0,,饲牛1509,831.0,213.275,213.275
2015-01-14,GF1509,212.7,214.45,210.5,212.575,235.0,,饲牛1509,885.0,212.525,212.575
2015-01-15,GF1509,211.125,212.6,208.025,208.05,156.0,,饲牛1509,959.0,208.05,208.05
2015-01-16,GF1509,207.325,210.0,205.95,208.875,184.0,,饲牛1509,974.0,208.825,208.875
2015-01-20,GF1509,209.3,209.525,204.825,206.55,273.0,,饲牛1509,1002.0,206.55,206.55
2015-01-21,GF1509,205.7,209.15,205.3,209.025,117.0,,饲牛1509,1001.0,209.0,209.025
2015-01-22,GF1509,209.25,211.125,208.25,209.175,191.0,,饲牛1509,1004.0,209.2,209.175
2015-01-23,GF1509,207.325,207.325,204.7,204.7,56.0,,饲牛1509,1016.0,204.7,204.7
2015-01-26,GF1509,204.25,206.425,198.775,202.3,214.0,,饲牛1509,1012.0,202.275,202.3
2015-01-27,GF1509,203.125,206.775,202.025,206.7,129.0,,饲牛1509,1024.0,206.65,206.7
2015-01-28,GF1509,206.675,208.15,205.025,206.15,131.0,,饲牛1509,1014.0,206.15,206.15
2015-01-29,GF1509,206.175,207.9,202.75,206.075,132.0,,饲牛1509,1002.0,206.1,206.075
2015-01-30,GF1509,206.25,207.5,205.0,207.375,138.0,,饲牛1509,1028.0,207.35,207.375
2015-02-02,GF1509,205.675,206.2,202.85,202.85,257.0,,饲牛1509,1051.0,202.85,202.85
2015-02-03,GF1509,202.05,203.0,199.0,202.825,198.0,,饲牛1509,1009.0,202.825,202.825
2015-02-04,GF1509,202.85,202.925,199.9,200.175,76.0,,饲牛1509,1003.0,200.175,200.175
2015-02-05,GF1509,199.875,200.725,196.9,199.175,206.0,,饲牛1509,1027.0,199.175,199.175
2015-02-06,GF1509,199.925,202.75,199.875,201.925,164.0,,饲牛1509,1050.0,201.95,201.925
2015-02-09,GF1509,203.0,205.85,203.0,205.175,132.0,,饲牛1509,1033.0,204.9,205.175
2015-02-10,GF1509,205.3,205.3,203.0,204.025,230.0,,饲牛1509,1033.0,203.975,204.025
2015-02-11,GF1509,204.0,204.0,200.0,200.025,262.0,,饲牛1509,1033.0,200.075,200.025
2015-02-12,GF1509,200.8,202.775,199.425,202.675,159.0,,饲牛1509,1002.0,202.575,202.675
2015-02-13,GF1509,203.5,205.2,201.775,204.45,212.0,,饲牛1509,998.0,204.5,204.45
2015-02-17,GF1509,204.725,204.775,202.175,202.9,172.0,,饲牛1509,1011.0,202.8,202.9
2015-02-18,GF1509,202.225,203.625,201.875,203.55,84.0,,饲牛1509,988.0,203.5,203.55
2015-02-19,GF1509,203.975,203.975,201.925,202.75,50.0,,饲牛1509,998.0,202.7,202.75
2015-02-20,GF1509,202.45,202.575,200.025,200.55,139.0,,饲牛1509,1005.0,200.375,200.55
2015-02-23,GF1509,200.3,200.3,198.025,198.475,195.0,,饲牛1509,1014.0,198.575,198.475
2015-02-24,GF1509,198.625,198.85,196.075,197.0,165.0,,饲牛1509,1049.0,197.0,197.0
2015-02-25,GF1509,196.725,198.15,196.025,197.525,130.0,,饲牛1509,1058.0,197.525,197.525
2015-02-26,GF1509,198.425,201.825,198.0,201.225,172.0,,饲牛1509,1059.0,201.2,201.225
2015-02-27,GF1509,201.0,203.025,198.475,201.025,217.0,,饲牛1509,1093.0,201.0,201.025
2015-03-02,GF1509,201.2,201.9,200.85,201.75,233.0,,饲牛1509,1178.0,201.775,201.75
2015-03-03,GF1509,200.9,201.45,199.5,200.225,89.0,,饲牛1509,1129.0,200.225,200.225
2015-03-04,GF1509,199.6,204.725,199.2,204.65,190.0,,饲牛1509,1123.0,204.65,204.65
2015-03-05,GF1509,204.875,206.2,203.8,205.6,219.0,,饲牛1509,1109.0,205.65,205.6
2015-03-06,GF1509,206.475,208.0,205.75,207.5,313.0,,饲牛1509,1123.0,207.5,207.5
2015-03-09,GF1509,207.7,208.2,206.55,207.5,247.0,,饲牛1509,1174.0,207.5,207.5
2015-03-10,GF1509,206.475,208.0,205.6,207.75,168.0,,饲牛1509,1172.0,207.725,207.75
2015-03-11,GF1509,207.775,211.45,207.5,210.8,465.0,,饲牛1509,1189.0,210.7,210.8
2015-03-12,GF1509,210.975,212.0,209.625,211.65,282.0,,饲牛1509,1238.0,211.6,211.65
2015-03-13,GF1509,210.9,211.725,207.925,210.4,329.0,,饲牛1509,1287.0,210.35,210.4
2015-03-16,GF1509,209.725,209.725,207.425,209.2,197.0,,饲牛1509,1380.0,209.325,209.2
2015-03-17,GF1509,209.675,209.8,208.05,209.125,166.0,,饲牛1509,1454.0,209.125,209.125
2015-03-18,GF1509,208.0,213.625,208.0,213.625,377.0,,饲牛1509,1520.0,213.625,213.625
2015-03-19,GF1509,213.25,215.575,213.05,215.475,346.0,,饲牛1509,1568.0,215.425,215.475
2015-03-20,GF1509,215.25,215.8,213.925,215.4,264.0,,饲牛1509,1636.0,215.3,215.4
2015-03-23,GF1509,215.35,218.8,215.35,218.775,324.0,,饲牛1509,1666.0,218.725,218.775
2015-03-24,GF1509,218.325,218.425,216.55,218.325,351.0,,饲牛1509,1711.0,218.325,218.325
2015-03-25,GF1509,217.9,218.025,216.1,217.275,413.0,,饲牛1509,1744.0,217.25,217.275
2015-03-26,GF1509,217.4,217.6,215.4,216.25,258.0,,饲牛1509,1927.0,216.275,216.25
2015-03-27,GF1509,216.375,218.5,216.375,218.1,218.0,,饲牛1509,1984.0,218.1,218.1
2015-03-30,GF1509,218.0,218.475,216.475,217.875,271.0,,饲牛1509,1960.0,217.9,217.875
2015-03-31,GF1509,217.325,218.8,216.8,217.35,567.0,,饲牛1509,2003.0,217.325,217.35
2015-04-01,GF1509,217.125,218.225,216.25,217.275,434.0,,饲牛1509,2088.0,217.225,217.275
2015-04-02,GF1509,217.725,218.0,217.025,217.65,289.0,,饲牛1509,2200.0,217.65,217.65
2015-04-06,GF1509,219.0,220.15,216.5,216.625,590.0,,饲牛1509,2237.0,216.7,216.625
2015-04-07,GF1509,216.525,216.525,213.525,215.275,704.0,,饲牛1509,2368.0,215.25,215.275
2015-04-08,GF1509,215.0,215.925,213.925,214.275,849.0,,饲牛1509,2509.0,214.25,214.275
2015-04-09,GF1509,214.8,215.45,213.9,214.525,817.0,,饲牛1509,2531.0,214.525,214.525
2015-04-10,GF1509,213.725,213.725,210.1,210.825,1340.0,,饲牛1509,2730.0,210.75,210.825
2015-04-13,GF1509,209.5,211.2,209.275,211.0,806.0,,饲牛1509,2989.0,210.925,211.0
2015-04-14,GF1509,210.7,212.625,210.3,211.875,965.0,,饲牛1509,3118.0,211.85,211.875
2015-04-15,GF1509,212.9,214.2,212.675,213.125,494.0,,饲牛1509,3264.0,213.125,213.125
2015-04-16,GF1509,213.625,214.725,212.45,213.5,413.0,,饲牛1509,3388.0,213.525,213.5
2015-04-17,GF1509,213.575,214.5,209.025,209.025,540.0,,饲牛1509,3459.0,209.075,209.025
2015-04-20,GF1509,208.125,208.45,205.15,205.525,761.0,,饲牛1509,3475.0,205.55,205.525
2015-04-21,GF1509,205.65,207.85,205.65,207.6,495.0,,饲牛1509,3424.0,207.625,207.6
2015-04-22,GF1509,207.4,208.7,206.025,207.475,538.0,,饲牛1509,3530.0,207.525,207.475
2015-04-23,GF1509,208.375,212.025,207.75,212.025,697.0,,饲牛1509,3502.0,211.975,212.025
2015-04-24,GF1509,212.575,215.125,211.175,214.675,867.0,,饲牛1509,3550.0,214.7,214.675
2015-04-27,GF1509,210.55,213.225,210.55,212.2,577.0,,饲牛1509,3533.0,212.225,212.2
2015-04-28,GF1509,213.075,214.075,212.85,213.0,291.0,,饲牛1509,3463.0,213.025,213.0
2015-04-29,GF1509,213.55,214.65,212.075,213.975,405.0,,饲牛1509,3458.0,213.95,213.975
2015-04-30,GF1509,214.25,214.975,211.575,213.775,844.0,,饲牛1509,3595.0,213.925,213.775
2015-05-01,GF1509,214.125,215.575,213.0,214.725,720.0,,饲牛1509,3684.0,214.7,214.725
2015-05-04,GF1509,215.0,217.05,215.0,216.825,857.0,,饲牛1509,3857.0,216.825,216.825
2015-05-05,GF1509,217.1,218.325,216.0,217.825,1065.0,,饲牛1509,3920.0,217.775,217.825
2015-05-06,GF1509,217.15,217.575,215.9,216.525,620.0,,饲牛1509,4166.0,216.475,216.525
2015-05-07,GF1509,216.0,216.725,215.05,215.8,816.0,,饲牛1509,4183.0,215.9,215.8
2015-05-08,GF1509,216.55,217.0,216.1,216.675,837.0,,饲牛1509,4181.0,216.725,216.675
2015-05-11,GF1509,217.2,218.3,216.15,216.375,1164.0,,饲牛1509,4170.0,216.45,216.375
2015-05-12,GF1509,217.075,217.225,213.875,215.275,1754.0,,饲牛1509,4211.0,215.325,215.275
2015-05-13,GF1509,215.75,216.975,214.4,216.5,1568.0,,饲牛1509,3978.0,216.525,216.5
2015-05-14,GF1509,216.975,218.5,216.975,218.025,956.0,,饲牛1509,4050.0,218.025,218.025
2015-05-15,GF1509,218.6,218.675,216.4,217.4,726.0,,饲牛1509,4044.0,217.525,217.4
2015-05-18,GF1509,217.1,217.1,215.075,215.95,975.0,,饲牛1509,4091.0,215.975,215.95
2015-05-19,GF1509,215.95,216.875,215.3,216.6,867.0,,饲牛1509,4210.0,216.6,216.6
2015-05-20,GF1509,216.4,216.8,214.7,215.85,944.0,,饲牛1509,4361.0,215.875,215.85
2015-05-21,GF1509,216.8,217.5,216.15,216.775,701.0,,饲牛1509,4389.0,216.825,216.775
2015-05-22,GF1509,217.025,218.175,216.125,218.0,1026.0,,饲牛1509,4436.0,218.0,218.0
2015-05-26,GF1509,218.15,218.9,218.075,218.4,601.0,,饲牛1509,4585.0,218.525,218.4
2015-05-27,GF1509,218.9,220.675,217.4,220.15,1297.0,,饲牛1509,4582.0,220.175,220.15
2015-05-28,GF1509,220.65,223.9,220.4,223.2,1436.0,,饲牛1509,4669.0,223.25,223.2
2015-05-29,GF1509,223.375,223.5,221.5,221.625,1121.0,,饲牛1509,4719.0,221.675,221.625
2015-06-01,GF1509,221.8,222.8,221.55,222.375,690.0,,饲牛1509,4756.0,222.375,222.375
2015-06-02,GF1509,222.375,222.875,220.75,221.925,799.0,,饲牛1509,4763.0,221.975,221.925
2015-06-03,GF1509,221.425,221.85,220.525,220.525,607.0,,饲牛1509,4732.0,220.575,220.525
2015-06-04,GF1509,220.5,221.8,219.8,221.0,770.0,,饲牛1509,4741.0,221.05,221.0
2015-06-05,GF1509,221.4,222.1,219.15,220.325,1173.0,,饲牛1509,4784.0,220.5,220.325
2015-06-08,GF1509,220.5,221.475,219.85,221.25,663.0,,饲牛1509,4918.0,221.35,221.25
2015-06-09,GF1509,221.3,223.0,220.75,222.3,927.0,,饲牛1509,4848.0,222.675,222.3
2015-06-10,GF1509,222.8,225.55,222.8,224.3,2017.0,,饲牛1509,4853.0,224.85,224.3
2015-06-11,GF1509,225.0,225.55,223.7,224.25,798.0,,饲牛1509,4916.0,224.35,224.25
2015-06-12,GF1509,223.9,223.9,220.425,221.25,1213.0,,饲牛1509,5040.0,221.525,221.25
2015-06-15,GF1509,221.225,222.3,220.725,221.6,817.0,,饲牛1509,5102.0,221.95,221.6
2015-06-16,GF1509,222.175,222.875,221.525,222.3,840.0,,饲牛1509,5169.0,222.45,222.3
2015-06-17,GF1509,222.2,222.9,221.175,222.15,625.0,,饲牛1509,5252.0,222.45,222.15
2015-06-18,GF1509,222.7,222.7,219.925,220.5,967.0,,饲牛1509,5260.0,220.275,220.5
2015-06-19,GF1509,220.5,221.825,220.3,221.25,656.0,,饲牛1509,5340.0,221.475,221.25
2015-06-22,GF1509,221.7,224.25,221.075,223.8,1005.0,,饲牛1509,5435.0,224.0,223.8
2015-06-23,GF1509,224.15,224.675,222.925,223.45,694.0,,饲牛1509,5508.0,223.55,223.45
2015-06-24,GF1509,223.475,223.475,221.6,221.8,918.0,,饲牛1509,5562.0,221.775,221.8
2015-06-25,GF1509,221.55,221.625,217.275,217.275,2014.0,,饲牛1509,5601.0,217.275,217.275
2015-06-26,GF1509,215.85,217.3,215.3,215.85,1182.0,,饲牛1509,5658.0,215.9,215.85
2015-06-29,GF1509,215.55,219.3,214.525,217.825,1653.0,,饲牛1509,5618.0,217.9,217.825
2015-06-30,GF1509,217.825,218.475,213.4,213.4,2016.0,,饲牛1509,5606.0,213.4,213.4
2015-07-01,GF1509,212.725,217.475,212.725,217.0,1971.0,,饲牛1509,5621.0,217.05,217.0
2015-07-02,GF1509,217.35,217.775,215.85,216.125,1077.0,,饲牛1509,5605.0,216.1,216.125
2015-07-06,GF1509,216.6,216.65,214.75,215.6,1099.0,,饲牛1509,5771.0,215.575,215.6
2015-07-07,GF1509,215.45,217.175,214.6,215.35,1482.0,,饲牛1509,5897.0,215.525,215.35
2015-07-08,GF1509,215.35,216.025,211.5,212.3,2725.0,,饲牛1509,5949.0,212.275,212.3
2015-07-09,GF1509,212.675,213.275,209.15,210.55,3127.0,,饲牛1509,6454.0,210.225,210.55
2015-07-10,GF1509,210.7,212.075,209.125,209.975,2409.0,,饲牛1509,6839.0,209.625,209.975
2015-07-13,GF1509,210.225,211.075,209.025,210.3,2038.0,,饲牛1509,7066.0,209.575,210.3
2015-07-14,GF1509,210.2,213.75,210.05,212.975,2792.0,,饲牛1509,7513.0,212.8,212.975
2015-07-15,GF1509,213.25,214.35,212.4,213.45,1328.0,,饲牛1509,7968.0,213.625,213.45
2015-07-16,GF1509,212.9,213.175,211.25,212.425,1125.0,,饲牛1509,7908.0,212.475,212.425
2015-07-17,GF1509,212.275,214.925,211.475,213.375,1647.0,,饲牛1509,7973.0,213.425,213.375
2015-07-20,GF1509,214.2,214.975,213.95,214.025,983.0,,饲牛1509,7977.0,214.75,214.025
2015-07-21,GF1509,214.5,214.5,210.8,211.5,1358.0,,饲牛1509,8191.0,211.475,211.5
2015-07-22,GF1509,211.475,212.95,210.35,210.675,1090.0,,饲牛1509,8262.0,210.6,210.675
2015-07-23,GF1509,210.25,211.325,207.375,207.375,1897.0,,饲牛1509,8262.0,207.625,207.375
2015-07-24,GF1509,207.35,208.425,205.9,207.575,1583.0,,饲牛1509,8174.0,207.55,207.575
2015-07-27,GF1509,207.8,208.3,205.6,205.85,1439.0,,饲牛1509,8175.0,206.375,205.85
2015-07-28,GF1509,206.375,209.45,205.85,208.725,1626.0,,饲牛1509,8189.0,208.475,208.725
2015-07-29,GF1509,208.85,209.875,208.175,208.975,1517.0,,饲牛1509,7885.0,208.95,208.975
2015-07-30,GF1509,209.05,210.3,207.5,208.525,1303.0,,饲牛1509,7899.0,208.6,208.525
2015-07-31,GF1509,208.6,209.55,207.675,208.5,1540.0,,饲牛1509,7835.0,207.75,208.5
2015-08-03,GF1509,209.5,211.65,209.2,211.0,1403.0,,饲牛1509,7791.0,210.825,211.0
2015-08-04,GF1509,211.3,212.2,210.475,210.675,1182.0,,饲牛1509,7510.0,210.825,210.675
2015-08-05,GF1509,210.55,211.075,209.8,211.075,1488.0,,饲牛1509,7382.0,210.7,211.075
2015-08-06,GF1509,211.25,212.0,210.6,211.8,1359.0,,饲牛1509,7332.0,211.475,211.8
2015-08-07,GF1509,211.35,211.725,210.1,210.125,2755.0,,饲牛1509,7483.0,210.575,210.125
2015-08-10,GF1509,211.15,211.5,209.425,210.475,2089.0,,饲牛1509,7652.0,210.375,210.475
2015-08-11,GF1509,210.5,211.125,210.15,210.7,1790.0,,饲牛1509,7460.0,210.425,210.7
2015-08-12,GF1509,210.725,212.875,209.15,210.575,3212.0,,饲牛1509,7049.0,210.075,210.575
2015-08-13,GF1509,210.525,210.675,208.3,210.075,2030.0,,饲牛1509,6973.0,210.325,210.075
2015-08-14,GF1509,210.4,210.525,208.15,209.4,1448.0,,饲牛1509,6841.0,209.525,209.4
2015-08-17,GF1509,209.4,209.4,207.1,209.15,1044.0,,饲牛1509,7030.0,209.225,209.15
2015-08-18,GF1509,209.025,210.25,209.025,209.5,1064.0,,饲牛1509,7114.0,209.625,209.5
2015-08-19,GF1509,209.25,209.6,206.1,206.25,2706.0,,饲牛1509,7123.0,206.9,206.25
2015-08-20,GF1509,206.35,207.25,205.5,206.0,1576.0,,饲牛1509,7186.0,206.825,206.0
2015-08-21,GF1509,206.3,206.525,202.325,202.325,2185.0,,饲牛1509,7183.0,202.325,202.325
2015-08-24,GF1509,199.0,200.35,195.6,198.5,3789.0,,饲牛1509,7540.0,198.075,198.5
2015-08-25,GF1509,199.5,201.5,197.9,198.125,2063.0,,饲牛1509,7244.0,199.4,198.125
2015-08-26,GF1509,198.65,199.925,196.625,199.925,2159.0,,饲牛1509,6914.0,198.1,199.925
2015-08-27,GF1509,200.0,201.8,199.425,200.15,1660.0,,饲牛1509,6687.0,200.35,200.15
2015-08-28,GF1509,200.15,203.2,200.075,202.85,2519.0,,饲牛1509,6584.0,202.4,202.85
2015-08-31,GF1509,202.275,204.725,201.55,201.95,1685.0,,饲牛1509,5563.0,201.825,201.95
2015-09-01,GF1509,201.5,201.775,199.725,199.95,1537.0,,饲牛1509,5269.0,200.275,199.95
2015-09-02,GF1509,200.275,201.675,198.8,200.875,1556.0,,饲牛1509,4958.0,200.75,200.875
2015-09-03,GF1509,200.9,203.6,200.9,202.55,1221.0,,饲牛1509,4817.0,202.55,202.55
2015-09-04,GF1509,202.2,202.2,200.9,201.15,724.0,,饲牛1509,4564.0,201.35,201.15
2015-09-08,GF1509,202.075,204.9,201.35,204.525,1459.0,,饲牛1509,4486.0,204.3,204.525
2015-09-09,GF1509,204.45,205.025,203.25,203.8,1148.0,,饲牛1509,4132.0,203.825,203.8
2015-09-10,GF1509,203.525,204.3,202.85,203.675,872.0,,饲牛1509,3809.0,203.95,203.675
2015-09-11,GF1509,203.45,203.45,199.675,200.45,1098.0,,饲牛1509,3566.0,200.7,200.45
2015-09-14,GF1509,200.75,201.025,199.3,199.9,744.0,,饲牛1509,3247.0,200.15,199.9
2015-09-15,GF1509,199.775,200.775,197.55,198.0,1289.0,,饲牛1509,3100.0,198.325,198.0
2015-09-16,GF1509,197.775,197.775,193.825,193.9,1437.0,,饲牛1509,2833.0,194.125,193.9
2015-09-17,GF1509,193.55,194.2,192.6,193.625,817.0,,饲牛1509,2736.0,193.2,193.625
2015-09-18,GF1509,193.2,193.6,191.125,192.925,1257.0,,饲牛1509,2402.0,192.8,192.925
2015-09-21,GF1509,194.35,195.825,194.325,194.775,769.0,,饲牛1509,2292.0,194.7,194.775
2015-09-22,GF1509,195.075,197.375,195.075,195.55,1031.0,,饲牛1509,2201.0,195.7,195.55
2015-09-23,GF1509,195.55,195.65,194.775,195.025,841.0,,饲牛1509,1978.0,194.95,195.025
2015-09-24,GF1509,195.0,195.025,194.15,194.25,281.0,,饲牛1509,1715.0,194.225,194.25
2015-09-25,GF1509,,,,194.81,0.0,,饲牛1509,1662.0,194.81,194.81
