date,symbol,open,high,low,close,volume,amount,name,openinterest,settleprice,price
2014-03-28,GF1503,172.75,174.0,171.9,171.9,4.0,,饲牛1503,0.0,171.9,171.9
2014-03-31,GF1503,173.5,173.5,172.5,172.5,8.0,,饲牛1503,4.0,172.5,172.5
2014-04-01,GF1503,172.175,172.4,171.8,172.0,11.0,,饲牛1503,12.0,172.5,172.0
2014-04-02,GF1503,173.25,173.5,172.8,172.8,4.0,,饲牛1503,19.0,172.8,172.8
2014-04-03,GF1503,172.8,174.9,172.8,174.3,34.0,,饲牛1503,22.0,174.3,174.3
2014-04-04,GF1503,174.075,174.2,173.675,174.0,18.0,,饲牛1503,51.0,174.0,174.0
2014-04-07,GF1503,,,,174.0,2.0,,饲牛1503,68.0,174.0,174.0
2014-04-08,GF1503,,,,174.0,1.0,,饲牛1503,69.0,174.0,174.0
2014-04-09,GF1503,174.5,175.0,174.025,174.025,6.0,,饲牛1503,70.0,174.025,174.025
2014-04-10,GF1503,174.375,174.7,174.025,174.025,5.0,,饲牛1503,75.0,174.025,174.025
2014-04-11,GF1503,175.6,175.6,175.6,175.6,2.0,,饲牛1503,78.0,175.6,175.6
2014-04-14,GF1503,176.025,176.025,175.5,175.75,14.0,,饲牛1503,78.0,175.75,175.75
2014-04-15,GF1503,175.75,176.0,175.75,175.8,13.0,,饲牛1503,84.0,175.8,175.8
2014-04-16,GF1503,175.75,176.25,175.75,176.1,17.0,,饲牛1503,90.0,176.1,176.1
2014-04-17,GF1503,175.95,176.075,175.7,176.075,29.0,,饲牛1503,95.0,176.075,176.075
2014-04-21,GF1503,175.8,176.8,175.8,176.4,13.0,,饲牛1503,119.0,176.4,176.4
2014-04-22,GF1503,177.725,177.725,177.4,177.5,12.0,,饲牛1503,129.0,177.5,177.5
2014-04-23,GF1503,176.95,177.725,176.95,177.475,37.0,,饲牛1503,135.0,177.5,177.475
2014-04-24,GF1503,178.0,179.375,178.0,179.05,26.0,,饲牛1503,157.0,179.05,179.05
2014-04-25,GF1503,179.975,180.125,179.8,179.825,28.0,,饲牛1503,176.0,179.825,179.825
2014-04-28,GF1503,179.9,181.8,179.85,181.4,24.0,,饲牛1503,191.0,181.4,181.4
2014-04-29,GF1503,181.45,182.0,181.25,182.0,11.0,,饲牛1503,198.0,182.0,182.0
2014-04-30,GF1503,181.75,183.1,181.75,183.075,25.0,,饲牛1503,207.0,183.075,183.075
2014-05-01,GF1503,183.5,186.0,183.5,184.85,47.0,,饲牛1503,223.0,184.85,184.85
2014-05-02,GF1503,186.0,187.45,185.125,185.75,68.0,,饲牛1503,248.0,185.75,185.75
2014-05-05,GF1503,186.05,186.4,185.125,185.8,14.0,,饲牛1503,272.0,185.8,185.8
2014-05-06,GF1503,185.8,187.75,185.8,187.45,55.0,,饲牛1503,279.0,187.25,187.45
2014-05-07,GF1503,187.4,188.325,186.45,186.75,101.0,,饲牛1503,299.0,186.75,186.75
2014-05-08,GF1503,186.8,187.05,185.8,186.5,35.0,,饲牛1503,356.0,186.5,186.5
2014-05-09,GF1503,185.8,187.55,185.8,187.375,33.0,,饲牛1503,369.0,187.375,187.375
2014-05-12,GF1503,187.55,188.875,187.55,187.675,29.0,,饲牛1503,378.0,187.4,187.675
2014-05-13,GF1503,188.1,188.275,187.025,187.35,42.0,,饲牛1503,391.0,187.4,187.35
2014-05-14,GF1503,187.55,188.825,187.475,188.55,27.0,,饲牛1503,415.0,188.55,188.55
2014-05-15,GF1503,189.0,189.0,187.35,188.1,63.0,,饲牛1503,429.0,188.1,188.1
2014-05-16,GF1503,187.9,188.375,187.4,188.2,50.0,,饲牛1503,458.0,188.175,188.2
2014-05-19,GF1503,188.75,191.0,188.75,190.45,69.0,,饲牛1503,479.0,190.525,190.45
2014-05-20,GF1503,190.4,191.3,189.275,189.7,117.0,,饲牛1503,494.0,189.7,189.7
2014-05-21,GF1503,190.05,190.55,189.8,190.1,67.0,,饲牛1503,543.0,190.125,190.1
2014-05-22,GF1503,189.0,189.25,188.5,189.25,20.0,,饲牛1503,522.0,189.25,189.25
2014-05-23,GF1503,188.75,188.9,187.475,187.65,17.0,,饲牛1503,523.0,187.65,187.65
2014-05-27,GF1503,189.225,189.225,188.25,188.25,8.0,,饲牛1503,527.0,188.25,188.25
2014-05-28,GF1503,188.5,189.875,188.5,189.6,50.0,,饲牛1503,529.0,189.6,189.6
2014-05-29,GF1503,190.075,191.6,190.05,191.35,101.0,,饲牛1503,565.0,191.35,191.35
2014-05-30,GF1503,191.375,191.7,190.75,191.6,44.0,,饲牛1503,639.0,191.6,191.6
2014-06-02,GF1503,191.75,192.225,191.5,191.7,56.0,,饲牛1503,662.0,191.7,191.7
2014-06-03,GF1503,192.45,192.9,191.7,192.9,29.0,,饲牛1503,683.0,192.9,192.9
2014-06-04,GF1503,192.75,193.375,192.475,193.3,50.0,,饲牛1503,694.0,193.3,193.3
2014-06-05,GF1503,193.525,194.675,193.525,194.4,69.0,,饲牛1503,721.0,194.4,194.4
2014-06-06,GF1503,194.5,195.4,194.075,195.4,80.0,,饲牛1503,758.0,195.4,195.4
2014-06-09,GF1503,195.85,198.4,195.85,198.275,103.0,,饲牛1503,791.0,198.275,198.275
2014-06-10,GF1503,198.325,200.025,197.525,199.95,141.0,,饲牛1503,840.0,199.95,199.95
2014-06-11,GF1503,199.1,199.1,197.475,198.0,169.0,,饲牛1503,935.0,198.35,198.0
2014-06-12,GF1503,198.45,201.2,198.45,200.7,111.0,,饲牛1503,902.0,200.7,200.7
2014-06-13,GF1503,200.725,202.9,200.35,202.85,151.0,,饲牛1503,920.0,202.85,202.85
2014-06-16,GF1503,203.025,203.7,202.6,203.55,76.0,,饲牛1503,963.0,203.55,203.55
2014-06-17,GF1503,204.15,205.3,201.875,203.4,176.0,,饲牛1503,985.0,203.4,203.4
2014-06-18,GF1503,202.45,202.45,200.4,200.4,258.0,,饲牛1503,1010.0,200.4,200.4
2014-06-19,GF1503,201.275,203.4,201.275,202.85,167.0,,饲牛1503,1036.0,202.85,202.85
2014-06-20,GF1503,202.6,203.1,201.4,201.85,119.0,,饲牛1503,1049.0,201.85,201.85
2014-06-23,GF1503,202.575,203.9,202.575,203.05,54.0,,饲牛1503,1029.0,203.05,203.05
2014-06-24,GF1503,203.85,205.95,203.85,205.5,149.0,,饲牛1503,1029.0,205.5,205.5
2014-06-25,GF1503,206.025,208.025,206.025,207.5,118.0,,饲牛1503,1023.0,207.5,207.5
2014-06-26,GF1503,208.0,210.25,208.0,210.1,85.0,,饲牛1503,1022.0,210.1,210.1
2014-06-27,GF1503,210.475,210.475,208.65,210.0,108.0,,饲牛1503,1039.0,209.975,210.0
2014-06-30,GF1503,210.175,210.775,207.3,207.3,177.0,,饲牛1503,1066.0,207.3,207.3
2014-07-01,GF1503,208.5,210.3,208.5,210.3,83.0,,饲牛1503,1070.0,210.3,210.3
2014-07-02,GF1503,210.825,212.35,209.55,210.55,152.0,,饲牛1503,1065.0,210.55,210.55
2014-07-03,GF1503,211.4,211.95,210.5,211.85,86.0,,饲牛1503,1090.0,211.85,211.85
2014-07-07,GF1503,212.975,213.0,212.0,212.5,81.0,,饲牛1503,1094.0,212.5,212.5
2014-07-08,GF1503,211.675,211.85,210.825,211.25,125.0,,饲牛1503,1109.0,211.25,211.25
2014-07-09,GF1503,211.475,213.075,208.25,208.25,254.0,,饲牛1503,1161.0,208.25,208.25
2014-07-10,GF1503,208.8,208.8,205.25,205.25,138.0,,饲牛1503,1223.0,205.25,205.25
2014-07-11,GF1503,203.65,205.5,202.25,204.5,255.0,,饲牛1503,1212.0,204.5,204.5
2014-07-14,GF1503,205.175,205.175,202.8,204.575,109.0,,饲牛1503,1232.0,204.575,204.575
2014-07-15,GF1503,205.0,205.4,204.15,204.4,154.0,,饲牛1503,1248.0,204.55,204.4
2014-07-16,GF1503,204.2,204.2,202.025,202.625,106.0,,饲牛1503,1279.0,202.625,202.625
2014-07-17,GF1503,204.3,205.15,203.9,204.6,125.0,,饲牛1503,1277.0,204.6,204.6
2014-07-18,GF1503,203.65,205.575,203.625,205.5,51.0,,饲牛1503,1273.0,204.6,205.5
2014-07-21,GF1503,204.85,206.225,204.275,205.65,118.0,,饲牛1503,1260.0,205.65,205.65
2014-07-22,GF1503,206.0,208.65,206.0,208.075,164.0,,饲牛1503,1293.0,208.075,208.075
2014-07-23,GF1503,208.725,210.0,205.925,208.2,111.0,,饲牛1503,1329.0,208.25,208.2
2014-07-24,GF1503,208.7,209.6,206.85,208.9,232.0,,饲牛1503,1343.0,208.925,208.9
2014-07-25,GF1503,209.4,210.425,209.4,209.875,86.0,,饲牛1503,1358.0,209.875,209.875
2014-07-28,GF1503,211.075,212.25,210.55,211.75,127.0,,饲牛1503,1357.0,211.75,211.75
2014-07-29,GF1503,212.0,212.75,211.675,212.375,141.0,,饲牛1503,1376.0,212.375,212.375
2014-07-30,GF1503,213.0,214.225,213.0,213.475,252.0,,饲牛1503,1446.0,213.475,213.475
2014-07-31,GF1503,213.775,213.775,210.65,210.95,246.0,,饲牛1503,1502.0,210.975,210.95
2014-08-01,GF1503,210.6,210.7,208.0,210.075,448.0,,饲牛1503,1505.0,210.1,210.075
2014-08-04,GF1503,209.725,211.5,208.925,211.5,83.0,,饲牛1503,1559.0,211.5,211.5
2014-08-05,GF1503,212.0,212.125,210.5,211.15,159.0,,饲牛1503,1564.0,211.125,211.15
2014-08-06,GF1503,211.4,211.725,210.0,211.4,171.0,,饲牛1503,1657.0,211.375,211.4
2014-08-07,GF1503,211.1,211.8,208.375,208.5,202.0,,饲牛1503,1732.0,208.5,208.5
2014-08-08,GF1503,208.4,208.4,205.5,205.5,208.0,,饲牛1503,1743.0,205.5,205.5
2014-08-11,GF1503,204.5,207.9,204.35,207.9,188.0,,饲牛1503,1762.0,207.9,207.9
2014-08-12,GF1503,207.25,207.25,204.9,205.5,390.0,,饲牛1503,1781.0,205.5,205.5
2014-08-13,GF1503,204.2,205.7,202.95,205.15,315.0,,饲牛1503,1858.0,205.15,205.15
2014-08-14,GF1503,204.875,206.2,204.0,205.75,527.0,,饲牛1503,1952.0,205.725,205.75
2014-08-15,GF1503,205.475,207.7,205.375,207.5,227.0,,饲牛1503,2090.0,207.5,207.5
2014-08-18,GF1503,207.75,209.0,207.2,209.0,138.0,,饲牛1503,2079.0,209.0,209.0
2014-08-19,GF1503,209.0,209.6,206.25,207.4,341.0,,饲牛1503,2101.0,207.4,207.4
2014-08-20,GF1503,206.15,206.15,204.4,204.8,587.0,,饲牛1503,2047.0,204.8,204.8
2014-08-21,GF1503,204.0,205.075,201.8,203.05,883.0,,饲牛1503,2123.0,203.075,203.05
2014-08-22,GF1503,202.95,204.8,202.25,204.5,315.0,,饲牛1503,2248.0,204.5,204.5
2014-08-25,GF1503,204.0,206.525,203.75,206.525,348.0,,饲牛1503,2266.0,206.5,206.525
2014-08-26,GF1503,205.925,207.35,205.925,206.9,261.0,,饲牛1503,2364.0,206.9,206.9
2014-08-27,GF1503,206.95,207.1,204.9,206.05,338.0,,饲牛1503,2480.0,206.075,206.05
2014-08-28,GF1503,205.65,207.9,205.175,207.9,301.0,,饲牛1503,2599.0,207.875,207.9
2014-08-29,GF1503,207.6,210.075,207.0,210.025,422.0,,饲牛1503,2626.0,210.025,210.025
2014-09-02,GF1503,210.5,212.875,209.95,212.425,444.0,,饲牛1503,2756.0,212.425,212.425
2014-09-03,GF1503,212.925,215.4,212.65,215.1,595.0,,饲牛1503,2843.0,215.1,215.1
2014-09-04,GF1503,215.2,216.375,212.1,215.375,749.0,,饲牛1503,3008.0,215.375,215.375
2014-09-05,GF1503,215.1,216.25,214.875,216.225,428.0,,饲牛1503,3130.0,216.225,216.225
2014-09-08,GF1503,216.95,217.95,214.975,217.375,954.0,,饲牛1503,3194.0,217.35,217.375
2014-09-09,GF1503,217.075,218.975,217.075,218.775,858.0,,饲牛1503,3348.0,218.775,218.775
2014-09-10,GF1503,218.85,220.3,215.85,218.475,650.0,,饲牛1503,3545.0,218.5,218.475
2014-09-11,GF1503,218.75,218.875,215.5,216.85,653.0,,饲牛1503,3536.0,216.875,216.85
2014-09-12,GF1503,216.55,217.525,215.7,217.275,1109.0,,饲牛1503,3611.0,217.275,217.275
2014-09-15,GF1503,217.45,217.5,215.6,217.3,620.0,,饲牛1503,3704.0,217.275,217.3
2014-09-16,GF1503,216.95,217.25,216.0,217.25,321.0,,饲牛1503,3922.0,217.25,217.25
2014-09-17,GF1503,217.3,219.475,217.3,218.825,922.0,,饲牛1503,3996.0,218.8,218.825
2014-09-18,GF1503,218.525,218.65,217.3,218.425,301.0,,饲牛1503,4248.0,218.45,218.425
2014-09-19,GF1503,218.5,219.375,218.2,219.075,183.0,,饲牛1503,4262.0,219.075,219.075
2014-09-22,GF1503,218.625,220.05,217.05,219.575,369.0,,饲牛1503,4284.0,219.55,219.575
2014-09-23,GF1503,219.375,220.8,218.9,220.35,423.0,,饲牛1503,4320.0,220.35,220.35
2014-09-24,GF1503,220.0,221.25,218.85,220.8,411.0,,饲牛1503,4418.0,220.8,220.8
2014-09-25,GF1503,220.85,221.65,220.45,221.6,452.0,,饲牛1503,4458.0,221.6,221.6
2014-09-26,GF1503,222.0,224.525,220.775,224.525,784.0,,饲牛1503,4519.0,224.5,224.525
2014-09-29,GF1503,224.225,227.375,223.125,226.35,625.0,,饲牛1503,4741.0,226.35,226.35
2014-09-30,GF1503,227.25,227.75,226.125,226.775,599.0,,饲牛1503,4831.0,226.775,226.775
2014-10-01,GF1503,226.75,229.775,226.25,229.775,939.0,,饲牛1503,5019.0,229.775,229.775
2014-10-02,GF1503,230.3,232.375,230.3,232.275,1208.0,,饲牛1503,5398.0,232.275,232.275
2014-10-03,GF1503,232.35,234.425,231.2,233.075,842.0,,饲牛1503,5469.0,233.075,233.075
2014-10-06,GF1503,232.3,233.125,231.1,232.475,586.0,,饲牛1503,5588.0,232.5,232.475
2014-10-07,GF1503,233.1,235.3,232.775,234.55,877.0,,饲牛1503,5684.0,234.55,234.55
2014-10-08,GF1503,234.65,235.8,233.3,235.2,610.0,,饲牛1503,5703.0,235.2,235.2
2014-10-09,GF1503,236.0,237.8,232.2,234.25,1133.0,,饲牛1503,5827.0,234.275,234.25
2014-10-10,GF1503,232.1,232.875,231.275,231.3,1204.0,,饲牛1503,5861.0,231.3,231.3
2014-10-13,GF1503,231.95,233.2,231.5,232.7,500.0,,饲牛1503,5861.0,232.7,232.7
2014-10-14,GF1503,232.675,232.675,229.7,229.7,703.0,,饲牛1503,5844.0,229.7,229.7
2014-10-15,GF1503,228.85,229.075,226.7,226.7,729.0,,饲牛1503,5758.0,226.7,226.7
2014-10-16,GF1503,225.025,229.675,223.8,229.65,1655.0,,饲牛1503,5732.0,229.65,229.65
2014-10-17,GF1503,228.175,228.275,226.65,226.65,467.0,,饲牛1503,5869.0,226.65,226.65
2014-10-20,GF1503,226.15,229.375,226.0,229.1,821.0,,饲牛1503,5863.0,229.1,229.1
2014-10-21,GF1503,228.725,230.025,226.2,226.325,753.0,,饲牛1503,5924.0,226.35,226.325
2014-10-22,GF1503,226.35,227.9,225.525,227.35,709.0,,饲牛1503,5818.0,227.35,227.35
2014-10-23,GF1503,227.85,229.175,227.425,228.95,756.0,,饲牛1503,5851.0,228.925,228.95
2014-10-24,GF1503,228.65,229.65,226.75,227.175,1088.0,,饲牛1503,5927.0,227.175,227.175
2014-10-27,GF1503,227.45,228.55,226.9,227.275,307.0,,饲牛1503,6242.0,227.275,227.275
2014-10-28,GF1503,226.275,227.5,225.95,227.05,522.0,,饲牛1503,6292.0,227.05,227.05
2014-10-29,GF1503,227.55,227.975,225.625,225.65,662.0,,饲牛1503,6364.0,225.65,225.65
2014-10-30,GF1503,225.725,227.0,224.65,226.1,706.0,,饲牛1503,6312.0,226.1,226.1
2014-10-31,GF1503,226.975,228.075,225.05,225.725,1429.0,,饲牛1503,6356.0,225.75,225.725
2014-11-03,GF1503,226.0,227.25,225.3,226.95,989.0,,饲牛1503,6495.0,226.925,226.95
2014-11-04,GF1503,226.975,228.625,226.4,228.55,1241.0,,饲牛1503,6653.0,228.525,228.55
2014-11-05,GF1503,228.3,228.7,227.25,227.55,1078.0,,饲牛1503,6841.0,227.55,227.55
2014-11-06,GF1503,227.675,228.65,227.675,228.325,496.0,,饲牛1503,7027.0,228.3,228.325
2014-11-07,GF1503,228.35,229.975,228.35,229.65,835.0,,饲牛1503,7085.0,229.65,229.65
2014-11-10,GF1503,229.95,231.25,229.75,230.3,1041.0,,饲牛1503,7185.0,230.3,230.3
2014-11-11,GF1503,230.45,231.525,229.875,230.55,920.0,,饲牛1503,7244.0,230.55,230.55
2014-11-12,GF1503,230.4,232.2,229.15,231.825,1213.0,,饲牛1503,7278.0,231.8,231.825
2014-11-13,GF1503,231.975,233.575,231.975,232.8,1425.0,,饲牛1503,7403.0,232.825,232.8
2014-11-14,GF1503,233.125,234.8,232.675,234.625,1388.0,,饲牛1503,7495.0,234.6,234.625
2014-11-17,GF1503,235.0,236.55,234.75,235.65,1366.0,,饲牛1503,7770.0,235.65,235.65
2014-11-18,GF1503,235.875,236.05,235.0,235.6,1248.0,,饲牛1503,7972.0,235.6,235.6
2014-11-19,GF1503,235.525,235.525,234.55,235.325,1015.0,,饲牛1503,8131.0,235.325,235.325
2014-11-20,GF1503,235.5,235.5,232.7,233.725,1156.0,,饲牛1503,8308.0,233.725,233.725
2014-11-21,GF1503,233.525,234.775,233.15,234.45,1302.0,,饲牛1503,8360.0,234.45,234.45
2014-11-24,GF1503,234.325,235.05,231.45,231.45,1391.0,,饲牛1503,8411.0,231.45,231.45
2014-11-25,GF1503,230.425,230.95,228.75,229.925,1908.0,,饲牛1503,8326.0,229.925,229.925
2014-11-26,GF1503,229.75,231.625,228.95,229.325,1673.0,,饲牛1503,8130.0,229.35,229.325
2014-11-28,GF1503,229.075,230.4,228.675,230.2,836.0,,饲牛1503,8310.0,230.2,230.2
2014-12-01,GF1503,230.25,233.2,230.05,233.2,2252.0,,饲牛1503,8419.0,233.2,233.2
2014-12-02,GF1503,233.2,235.3,231.7,233.475,3425.0,,饲牛1503,8656.0,233.475,233.475
2014-12-03,GF1503,233.375,233.375,230.475,231.875,3636.0,,饲牛1503,9245.0,231.9,231.875
2014-12-04,GF1503,231.5,233.05,231.025,232.05,2629.0,,饲牛1503,9883.0,232.05,232.05
2014-12-05,GF1503,232.875,233.175,229.5,231.225,3697.0,,饲牛1503,10000.0,231.225,231.225
2014-12-08,GF1503,229.75,229.85,228.225,228.225,2144.0,,饲牛1503,10799.0,228.225,228.225
2014-12-09,GF1503,227.325,227.95,225.75,227.325,5324.0,,饲牛1503,10917.0,227.35,227.325
2014-12-10,GF1503,227.325,227.625,224.35,227.225,2967.0,,饲牛1503,11448.0,227.25,227.225
2014-12-11,GF1503,226.625,227.05,224.25,224.25,3842.0,,饲牛1503,11929.0,224.25,224.25
2014-12-12,GF1503,223.2,223.225,221.25,221.25,3811.0,,饲牛1503,12035.0,221.25,221.25
2014-12-15,GF1503,219.725,219.725,218.25,218.25,2241.0,,饲牛1503,12031.0,218.25,218.25
2014-12-16,GF1503,215.25,215.25,215.25,215.25,1085.0,,饲牛1503,12043.0,215.25,215.25
2014-12-17,GF1503,212.25,212.25,212.25,212.25,1122.0,,饲牛1503,12251.0,212.25,212.25
2014-12-18,GF1503,207.75,216.4,207.75,213.725,9224.0,,饲牛1503,12343.0,213.775,213.725
2014-12-19,GF1503,214.65,218.125,214.6,218.025,3252.0,,饲牛1503,12121.0,217.975,218.025
2014-12-22,GF1503,218.6,219.475,217.825,219.025,3534.0,,饲牛1503,12116.0,218.975,219.025
2014-12-23,GF1503,219.0,219.225,215.15,215.225,3930.0,,饲牛1503,12791.0,215.275,215.225
2014-12-24,GF1503,215.275,215.425,212.6,212.675,2564.0,,饲牛1503,13479.0,212.725,212.675
2014-12-26,GF1503,213.05,214.975,208.5,211.875,3854.0,,饲牛1503,13779.0,211.9,211.875
2014-12-29,GF1503,213.1,216.4,213.075,215.65,3462.0,,饲牛1503,14195.0,215.675,215.65
2014-12-30,GF1503,216.3,217.95,215.275,216.15,3385.0,,饲牛1503,14230.0,216.25,216.15
2014-12-31,GF1503,217.125,218.0,215.375,217.275,3068.0,,饲牛1503,14525.0,217.325,217.275
2015-01-02,GF1503,217.6,221.825,217.6,221.35,3304.0,,饲牛1503,14737.0,221.45,221.35
2015-01-05,GF1503,222.975,223.9,222.45,223.25,3608.0,,饲牛1503,14732.0,223.375,223.25
2015-01-06,GF1503,223.7,224.475,218.875,220.925,6765.0,,饲牛1503,15090.0,220.875,220.925
2015-01-07,GF1503,222.2,222.225,218.375,220.275,4855.0,,饲牛1503,15427.0,220.325,220.275
2015-01-08,GF1503,220.775,222.8,215.825,217.325,6341.0,,饲牛1503,15730.0,217.05,217.325
2015-01-09,GF1503,216.425,216.425,212.55,212.55,4602.0,,饲牛1503,16234.0,212.55,212.55
2015-01-12,GF1503,211.55,217.35,211.5,213.15,5290.0,,饲牛1503,16181.0,213.3,213.15
2015-01-13,GF1503,213.125,214.8,209.325,210.925,6312.0,,饲牛1503,16281.0,210.925,210.925
2015-01-14,GF1503,210.7,213.15,208.1,210.15,6981.0,,饲牛1503,16074.0,210.1,210.15
2015-01-15,GF1503,209.875,210.45,205.6,205.6,7232.0,,饲牛1503,16903.0,205.6,205.6
2015-01-16,GF1503,204.575,207.5,202.1,204.825,6570.0,,饲牛1503,16477.0,204.85,204.825
2015-01-20,GF1503,206.5,206.675,200.35,202.45,6650.0,,饲牛1503,16529.0,202.475,202.45
2015-01-21,GF1503,203.0,205.825,200.775,205.25,4795.0,,饲牛1503,16323.0,205.3,205.25
2015-01-22,GF1503,205.2,208.375,204.575,206.325,4368.0,,饲牛1503,16349.0,206.325,206.325
2015-01-23,GF1503,205.575,205.725,201.825,201.825,3708.0,,饲牛1503,16283.0,201.825,201.825
2015-01-26,GF1503,201.15,203.9,195.4,199.975,8915.0,,饲牛1503,16123.0,199.975,199.975
2015-01-27,GF1503,200.1,204.475,198.875,203.85,5313.0,,饲牛1503,15671.0,203.825,203.85
2015-01-28,GF1503,203.6,206.4,202.425,204.325,4923.0,,饲牛1503,15576.0,204.35,204.325
2015-01-29,GF1503,203.55,206.15,200.225,203.575,5340.0,,饲牛1503,15556.0,203.575,203.575
2015-01-30,GF1503,203.55,205.55,202.6,205.35,5345.0,,饲牛1503,15382.0,205.2,205.35
2015-02-02,GF1503,204.025,205.15,200.7,200.7,4790.0,,饲牛1503,15612.0,200.7,200.7
2015-02-03,GF1503,200.0,200.9,195.75,199.375,6106.0,,饲牛1503,15468.0,199.5,199.375
2015-02-04,GF1503,199.0,200.575,196.4,196.8,3557.0,,饲牛1503,15124.0,196.725,196.8
2015-02-05,GF1503,196.35,197.475,193.0,195.625,5305.0,,饲牛1503,15126.0,195.65,195.625
2015-02-06,GF1503,197.0,200.15,196.25,199.45,5333.0,,饲牛1503,14897.0,199.45,199.45
2015-02-09,GF1503,200.75,203.95,200.65,203.625,5334.0,,饲牛1503,14114.0,203.625,203.625
2015-02-10,GF1503,204.0,205.0,201.125,202.025,4371.0,,饲牛1503,13183.0,202.025,202.025
2015-02-11,GF1503,202.5,203.225,198.3,198.75,4851.0,,饲牛1503,12829.0,198.75,198.75
2015-02-12,GF1503,198.625,200.9,196.925,200.275,5477.0,,饲牛1503,12736.0,200.3,200.275
2015-02-13,GF1503,201.45,204.8,200.05,203.9,4522.0,,饲牛1503,12475.0,203.85,203.9
2015-02-17,GF1503,204.65,204.8,200.825,201.375,4126.0,,饲牛1503,12577.0,201.45,201.375
2015-02-18,GF1503,201.3,203.525,201.075,203.15,3869.0,,饲牛1503,12371.0,203.1,203.15
2015-02-19,GF1503,204.025,204.5,201.825,202.55,2525.0,,饲牛1503,11591.0,202.55,202.55
2015-02-20,GF1503,202.55,203.175,199.0,199.4,3370.0,,饲牛1503,11274.0,199.175,199.4
2015-02-23,GF1503,198.8,199.025,197.075,197.95,2534.0,,饲牛1503,10764.0,198.075,197.95
2015-02-24,GF1503,198.2,198.5,195.075,195.85,4089.0,,饲牛1503,10577.0,195.6,195.85
2015-02-25,GF1503,195.7,197.975,195.225,196.9,2361.0,,饲牛1503,9894.0,196.975,196.9
2015-02-26,GF1503,197.5,201.4,197.2,200.375,3197.0,,饲牛1503,9923.0,200.3,200.375
2015-02-27,GF1503,200.625,203.1,199.425,202.025,3767.0,,饲牛1503,9530.0,201.9,202.025
2015-03-02,GF1503,202.55,204.4,202.55,204.125,2757.0,,饲牛1503,8873.0,204.1,204.125
2015-03-03,GF1503,203.975,204.375,202.275,202.6,2492.0,,饲牛1503,8107.0,202.725,202.6
2015-03-04,GF1503,202.15,207.225,201.5,207.225,5018.0,,饲牛1503,7498.0,207.225,207.225
2015-03-05,GF1503,207.2,207.55,204.7,206.525,2658.0,,饲牛1503,7293.0,206.575,206.525
2015-03-06,GF1503,206.8,209.95,206.2,209.625,2966.0,,饲牛1503,6964.0,209.725,209.625
2015-03-09,GF1503,210.075,210.5,208.75,209.75,1519.0,,饲牛1503,6705.0,209.7,209.75
2015-03-10,GF1503,209.7,212.725,209.05,212.375,2521.0,,饲牛1503,6340.0,212.225,212.375
2015-03-11,GF1503,212.125,215.775,212.1,214.6,3037.0,,饲牛1503,5741.0,214.6,214.6
2015-03-12,GF1503,215.025,215.725,212.9,214.725,1450.0,,饲牛1503,5132.0,214.675,214.725
2015-03-13,GF1503,214.25,214.875,211.55,213.225,1458.0,,饲牛1503,4769.0,213.125,213.225
2015-03-16,GF1503,213.0,213.275,210.75,212.475,685.0,,饲牛1503,4438.0,212.425,212.475
2015-03-17,GF1503,212.4,212.5,210.575,211.65,924.0,,饲牛1503,4244.0,211.575,211.65
2015-03-18,GF1503,211.25,214.5,210.475,214.2,1638.0,,饲牛1503,4049.0,214.25,214.2
2015-03-19,GF1503,214.525,214.55,213.475,214.025,1648.0,,饲牛1503,3781.0,214.05,214.025
2015-03-20,GF1503,214.5,215.25,213.95,214.95,1171.0,,饲牛1503,3203.0,214.875,214.95
2015-03-23,GF1503,215.75,217.55,215.675,216.975,1528.0,,饲牛1503,3075.0,216.975,216.975
2015-03-24,GF1503,217.05,217.5,216.625,217.175,744.0,,饲牛1503,3028.0,217.175,217.175
2015-03-25,GF1503,217.0,217.8,217.0,217.7,708.0,,饲牛1503,2840.0,217.7,217.7
2015-03-26,GF1503,217.4,217.575,217.125,217.425,290.0,,饲牛1503,2690.0,217.45,217.425
2015-03-27,GF1503,,,,216.71,0.0,,饲牛1503,2695.0,216.71,216.71
