date,symbol,open,high,low,close,volume,amount,name,openinterest,settleprice,price
2014-01-31,GF1501,,,,168.1,1.0,,饲牛1501,0.0,168.1,168.1
2014-02-03,GF1501,168.5,168.5,168.0,168.1,12.0,,饲牛1501,1.0,168.1,168.1
2014-02-04,GF1501,,,,168.1,1.0,,饲牛1501,10.0,168.1,168.1
2014-02-05,GF1501,,,,168.1,3.0,,饲牛1501,10.0,168.1,168.1
2014-02-06,GF1501,167.4,167.55,167.4,167.55,1.0,,饲牛1501,10.0,168.0,167.55
2014-02-07,GF1501,168.25,168.25,168.0,168.1,3.0,,饲牛1501,11.0,168.1,168.1
2014-02-10,GF1501,,,,168.1,1.0,,饲牛1501,13.0,168.1,168.1
2014-02-11,GF1501,168.75,169.0,168.5,168.5,6.0,,饲牛1501,13.0,168.5,168.5
2014-02-12,GF1501,168.9,168.9,168.75,168.75,5.0,,饲牛1501,17.0,168.5,168.75
2014-02-13,GF1501,169.25,170.1,169.0,169.5,25.0,,饲牛1501,21.0,169.5,169.5
2014-02-14,GF1501,169.6,169.625,169.125,169.525,6.0,,饲牛1501,44.0,169.525,169.525
2014-02-18,GF1501,169.9,170.75,169.9,170.35,11.0,,饲牛1501,46.0,170.35,170.35
2014-02-19,GF1501,170.65,170.75,170.5,170.5,2.0,,饲牛1501,56.0,170.5,170.5
2014-02-20,GF1501,170.6,170.6,170.275,170.5,6.0,,饲牛1501,57.0,170.5,170.5
2014-02-21,GF1501,170.9,170.9,170.25,170.4,7.0,,饲牛1501,61.0,170.5,170.4
2014-02-24,GF1501,170.475,170.5,170.475,170.5,1.0,,饲牛1501,66.0,170.5,170.5
2014-02-25,GF1501,171.0,171.0,170.3,170.55,6.0,,饲牛1501,66.0,170.55,170.55
2014-02-26,GF1501,171.0,172.0,171.0,171.6,42.0,,饲牛1501,71.0,171.6,171.6
2014-02-27,GF1501,172.0,172.1,171.5,171.5,25.0,,饲牛1501,108.0,171.6,171.5
2014-02-28,GF1501,171.8,171.85,171.575,171.625,8.0,,饲牛1501,127.0,171.625,171.625
2014-03-03,GF1501,171.325,172.1,170.675,171.6,9.0,,饲牛1501,134.0,171.6,171.6
2014-03-04,GF1501,172.25,173.0,172.25,173.0,22.0,,饲牛1501,136.0,173.0,173.0
2014-03-05,GF1501,173.45,174.0,171.225,172.1,26.0,,饲牛1501,148.0,173.0,172.1
2014-03-06,GF1501,172.1,172.4,172.1,172.4,5.0,,饲牛1501,159.0,172.4,172.4
2014-03-07,GF1501,172.25,173.05,172.25,172.8,14.0,,饲牛1501,158.0,172.8,172.8
2014-03-10,GF1501,172.425,174.175,172.425,174.0,26.0,,饲牛1501,168.0,174.0,174.0
2014-03-11,GF1501,174.5,174.8,173.2,173.5,32.0,,饲牛1501,192.0,174.0,173.5
2014-03-12,GF1501,173.975,174.0,173.85,173.9,14.0,,饲牛1501,216.0,173.9,173.9
2014-03-13,GF1501,173.975,174.1,173.4,174.0,18.0,,饲牛1501,220.0,173.9,174.0
2014-03-14,GF1501,173.95,174.9,173.8,174.8,25.0,,饲牛1501,222.0,174.8,174.8
2014-03-17,GF1501,174.5,175.325,174.5,175.0,45.0,,饲牛1501,238.0,175.0,175.0
2014-03-18,GF1501,175.0,175.0,174.45,174.75,32.0,,饲牛1501,265.0,175.0,174.75
2014-03-19,GF1501,174.3,174.75,174.3,174.75,25.0,,饲牛1501,285.0,174.75,174.75
2014-03-20,GF1501,174.875,174.95,172.55,172.65,40.0,,饲牛1501,300.0,172.65,172.65
2014-03-21,GF1501,172.475,173.525,172.475,173.25,24.0,,饲牛1501,312.0,173.25,173.25
2014-03-24,GF1501,172.9,174.15,172.9,174.05,9.0,,饲牛1501,318.0,174.05,174.05
2014-03-25,GF1501,174.45,174.8,174.15,174.725,43.0,,饲牛1501,322.0,174.725,174.725
2014-03-26,GF1501,175.0,175.325,174.9,175.125,27.0,,饲牛1501,344.0,175.125,175.125
2014-03-27,GF1501,175.375,175.575,175.25,175.5,15.0,,饲牛1501,355.0,175.5,175.5
2014-03-28,GF1501,175.475,175.7,174.975,175.4,14.0,,饲牛1501,355.0,175.5,175.4
2014-03-31,GF1501,175.05,175.8,174.5,174.7,29.0,,饲牛1501,355.0,174.7,174.7
2014-04-01,GF1501,174.55,174.55,173.65,174.25,22.0,,饲牛1501,362.0,174.25,174.25
2014-04-02,GF1501,174.575,175.55,174.575,175.3,30.0,,饲牛1501,372.0,175.3,175.3
2014-04-03,GF1501,175.15,177.1,175.15,176.8,76.0,,饲牛1501,375.0,176.8,176.8
2014-04-04,GF1501,177.0,177.0,175.8,176.0,39.0,,饲牛1501,407.0,176.0,176.0
2014-04-07,GF1501,175.65,177.05,175.15,177.05,23.0,,饲牛1501,416.0,177.05,177.05
2014-04-08,GF1501,176.5,176.6,176.325,176.6,8.0,,饲牛1501,429.0,177.05,176.6
2014-04-09,GF1501,176.75,177.4,176.425,177.0,26.0,,饲牛1501,434.0,177.0,177.0
2014-04-10,GF1501,177.0,177.325,177.0,177.0,13.0,,饲牛1501,451.0,177.0,177.0
2014-04-11,GF1501,177.3,178.0,177.2,177.8,26.0,,饲牛1501,456.0,177.8,177.8
2014-04-14,GF1501,177.85,178.2,177.45,177.75,16.0,,饲牛1501,462.0,177.75,177.75
2014-04-15,GF1501,177.75,178.0,177.55,177.725,32.0,,饲牛1501,466.0,177.725,177.725
2014-04-16,GF1501,177.875,178.25,177.55,178.0,21.0,,饲牛1501,476.0,178.0,178.0
2014-04-17,GF1501,177.85,177.95,177.125,177.75,51.0,,饲牛1501,491.0,177.75,177.75
2014-04-21,GF1501,177.75,178.55,177.65,178.2,32.0,,饲牛1501,507.0,178.2,178.2
2014-04-22,GF1501,178.675,179.625,178.65,179.25,24.0,,饲牛1501,517.0,179.25,179.25
2014-04-23,GF1501,178.675,179.65,178.675,179.225,50.0,,饲牛1501,529.0,179.25,179.225
2014-04-24,GF1501,179.65,180.9,179.3,180.8,53.0,,饲牛1501,544.0,180.8,180.8
2014-04-25,GF1501,181.1,182.3,180.775,181.65,103.0,,饲牛1501,570.0,181.65,181.65
2014-04-28,GF1501,182.0,183.625,181.5,183.2,114.0,,饲牛1501,626.0,183.2,183.2
2014-04-29,GF1501,183.3,183.4,182.9,183.4,35.0,,饲牛1501,708.0,183.4,183.4
2014-04-30,GF1501,183.2,184.6,183.2,184.4,65.0,,饲牛1501,728.0,184.4,184.4
2014-05-01,GF1501,184.75,187.4,184.75,187.25,157.0,,饲牛1501,754.0,187.25,187.25
2014-05-02,GF1501,187.75,189.85,187.0,187.75,209.0,,饲牛1501,827.0,187.75,187.75
2014-05-05,GF1501,188.05,188.35,187.025,187.4,87.0,,饲牛1501,896.0,187.75,187.4
2014-05-06,GF1501,187.7,190.0,187.6,189.5,171.0,,饲牛1501,933.0,189.3,189.5
2014-05-07,GF1501,189.15,190.4,187.675,188.175,526.0,,饲牛1501,966.0,188.175,188.175
2014-05-08,GF1501,188.4,188.575,187.075,187.4,151.0,,饲牛1501,1257.0,187.4,187.4
2014-05-09,GF1501,187.05,188.625,186.925,188.2,112.0,,饲牛1501,1315.0,188.275,188.2
2014-05-12,GF1501,188.35,190.0,188.35,188.8,130.0,,饲牛1501,1333.0,188.8,188.8
2014-05-13,GF1501,188.9,189.35,187.975,188.675,274.0,,饲牛1501,1395.0,188.7,188.675
2014-05-14,GF1501,188.8,189.975,188.5,189.175,296.0,,饲牛1501,1488.0,189.15,189.175
2014-05-15,GF1501,189.875,190.2,188.175,188.35,785.0,,饲牛1501,1641.0,188.35,188.35
2014-05-16,GF1501,188.85,189.325,188.275,189.0,207.0,,饲牛1501,1919.0,189.0,189.0
2014-05-19,GF1501,189.0,192.0,189.0,191.2,424.0,,饲牛1501,2016.0,191.2,191.2
2014-05-20,GF1501,192.0,192.6,190.4,190.9,489.0,,饲牛1501,2167.0,190.9,190.9
2014-05-21,GF1501,191.45,192.05,191.15,191.6,222.0,,饲牛1501,2443.0,191.675,191.6
2014-05-22,GF1501,191.5,191.675,189.875,190.2,132.0,,饲牛1501,2557.0,190.2,190.2
2014-05-23,GF1501,190.4,190.4,188.4,189.4,226.0,,饲牛1501,2622.0,189.25,189.4
2014-05-27,GF1501,189.25,190.475,189.25,189.95,57.0,,饲牛1501,2733.0,189.925,189.95
2014-05-28,GF1501,189.85,191.375,189.85,191.2,189.0,,饲牛1501,2755.0,191.075,191.2
2014-05-29,GF1501,191.625,193.1,191.55,192.35,227.0,,饲牛1501,2856.0,192.375,192.35
2014-05-30,GF1501,192.325,193.15,191.825,193.125,128.0,,饲牛1501,2941.0,193.125,193.125
2014-06-02,GF1501,193.0,193.575,192.65,193.35,179.0,,饲牛1501,2968.0,193.325,193.35
2014-06-03,GF1501,193.7,194.1,193.05,194.1,161.0,,饲牛1501,3057.0,194.1,194.1
2014-06-04,GF1501,194.1,194.6,193.45,194.45,227.0,,饲牛1501,3121.0,194.425,194.45
2014-06-05,GF1501,194.6,195.6,194.6,195.4,234.0,,饲牛1501,3199.0,195.375,195.4
2014-06-06,GF1501,195.825,196.3,195.025,195.95,254.0,,饲牛1501,3232.0,195.875,195.95
2014-06-09,GF1501,196.75,198.875,196.75,198.875,342.0,,饲牛1501,3283.0,198.875,198.875
2014-06-10,GF1501,199.5,201.0,198.3,200.025,725.0,,饲牛1501,3405.0,200.0,200.025
2014-06-11,GF1501,199.9,199.975,198.15,199.225,651.0,,饲牛1501,3791.0,199.25,199.225
2014-06-12,GF1501,199.475,202.0,199.375,201.35,264.0,,饲牛1501,3969.0,201.325,201.35
2014-06-13,GF1501,201.6,203.5,201.0,203.35,203.0,,饲牛1501,3950.0,203.325,203.35
2014-06-16,GF1501,203.6,204.75,203.05,204.65,166.0,,饲牛1501,3966.0,204.625,204.65
2014-06-17,GF1501,204.8,206.225,202.6,203.725,455.0,,饲牛1501,3931.0,203.75,203.725
2014-06-18,GF1501,203.225,203.575,200.75,200.75,619.0,,饲牛1501,4012.0,200.75,200.75
2014-06-19,GF1501,202.0,203.75,201.7,203.75,306.0,,饲牛1501,4089.0,203.75,203.75
2014-06-20,GF1501,204.35,204.5,202.025,202.725,613.0,,饲牛1501,4103.0,202.75,202.725
2014-06-23,GF1501,203.1,204.925,203.1,204.375,261.0,,饲牛1501,4341.0,204.375,204.375
2014-06-24,GF1501,204.675,207.35,204.55,207.275,578.0,,饲牛1501,4352.0,207.275,207.275
2014-06-25,GF1501,206.95,209.75,206.95,209.075,368.0,,饲牛1501,4527.0,209.075,209.075
2014-06-26,GF1501,209.45,212.05,209.45,212.05,274.0,,饲牛1501,4603.0,212.05,212.05
2014-06-27,GF1501,211.85,212.125,210.0,210.975,273.0,,饲牛1501,4673.0,211.0,210.975
2014-06-30,GF1501,211.95,212.75,209.0,209.2,620.0,,饲牛1501,4754.0,209.225,209.2
2014-07-01,GF1501,209.975,212.225,209.975,211.7,456.0,,饲牛1501,4851.0,211.7,211.7
2014-07-02,GF1501,212.85,214.3,211.025,212.275,586.0,,饲牛1501,4987.0,212.275,212.275
2014-07-03,GF1501,213.95,214.025,212.475,213.025,430.0,,饲牛1501,5222.0,213.0,213.025
2014-07-07,GF1501,214.4,215.1,213.55,214.3,248.0,,饲牛1501,5283.0,214.3,214.3
2014-07-08,GF1501,213.2,213.8,212.3,212.975,461.0,,饲牛1501,5284.0,213.0,212.975
2014-07-09,GF1501,213.125,214.5,210.0,210.0,715.0,,饲牛1501,5416.0,210.0,210.0
2014-07-10,GF1501,210.05,210.35,207.0,207.0,476.0,,饲牛1501,5547.0,207.0,207.0
2014-07-11,GF1501,205.075,207.0,204.0,206.975,1611.0,,饲牛1501,5591.0,207.0,206.975
2014-07-14,GF1501,206.45,207.325,204.5,205.775,681.0,,饲牛1501,5635.0,205.8,205.775
2014-07-15,GF1501,205.775,206.85,205.025,205.525,658.0,,饲牛1501,5688.0,205.525,205.525
2014-07-16,GF1501,205.275,205.275,203.025,204.3,345.0,,饲牛1501,5721.0,204.3,204.3
2014-07-17,GF1501,205.125,206.925,205.125,206.775,752.0,,饲牛1501,5812.0,206.775,206.775
2014-07-18,GF1501,205.375,207.65,205.325,206.6,366.0,,饲牛1501,5976.0,206.75,206.6
2014-07-21,GF1501,207.45,208.2,206.15,207.7,489.0,,饲牛1501,6032.0,207.7,207.7
2014-07-22,GF1501,208.0,210.7,207.975,210.425,996.0,,饲牛1501,6236.0,210.425,210.425
2014-07-23,GF1501,210.725,212.3,208.275,210.85,768.0,,饲牛1501,6471.0,210.85,210.85
2014-07-24,GF1501,211.8,212.175,208.85,211.275,919.0,,饲牛1501,6615.0,211.275,211.275
2014-07-25,GF1501,211.55,212.675,211.375,212.225,236.0,,饲牛1501,6429.0,212.2,212.225
2014-07-28,GF1501,213.225,214.85,212.775,213.875,376.0,,饲牛1501,6461.0,213.85,213.875
2014-07-29,GF1501,214.55,215.275,214.025,214.725,431.0,,饲牛1501,6446.0,214.7,214.725
2014-07-30,GF1501,215.5,217.275,215.5,216.875,603.0,,饲牛1501,6423.0,216.85,216.875
2014-07-31,GF1501,217.075,217.3,213.85,213.85,616.0,,饲牛1501,6374.0,213.85,213.85
2014-08-01,GF1501,213.0,213.0,210.85,212.975,1052.0,,饲牛1501,6428.0,213.0,212.975
2014-08-04,GF1501,212.6,214.225,211.05,213.925,646.0,,饲牛1501,6363.0,213.925,213.925
2014-08-05,GF1501,214.25,214.775,212.65,213.725,601.0,,饲牛1501,6367.0,213.75,213.725
2014-08-06,GF1501,213.6,213.85,211.925,213.325,497.0,,饲牛1501,6516.0,213.325,213.325
2014-08-07,GF1501,213.0,213.7,210.325,210.325,756.0,,饲牛1501,6506.0,210.325,210.325
2014-08-08,GF1501,210.325,210.5,207.325,207.325,689.0,,饲牛1501,6456.0,207.325,207.325
2014-08-11,GF1501,206.5,210.0,206.1,209.425,930.0,,饲牛1501,6471.0,209.4,209.425
2014-08-12,GF1501,209.65,209.65,206.4,206.4,631.0,,饲牛1501,6518.0,206.425,206.4
2014-08-13,GF1501,206.125,207.175,204.25,206.25,1000.0,,饲牛1501,6548.0,206.225,206.25
2014-08-14,GF1501,205.75,207.125,204.725,206.2,1037.0,,饲牛1501,6624.0,206.175,206.2
2014-08-15,GF1501,205.75,208.275,205.75,208.075,482.0,,饲牛1501,6843.0,208.05,208.075
2014-08-18,GF1501,208.5,209.625,207.725,209.625,449.0,,饲牛1501,6821.0,209.6,209.625
2014-08-19,GF1501,209.675,210.5,206.9,207.8,889.0,,饲牛1501,6864.0,207.85,207.8
2014-08-20,GF1501,206.85,206.85,204.85,204.85,1217.0,,饲牛1501,6966.0,204.85,204.85
2014-08-21,GF1501,204.5,205.45,201.85,202.525,1615.0,,饲牛1501,6907.0,202.525,202.525
2014-08-22,GF1501,202.725,204.125,201.7,203.175,807.0,,饲牛1501,6875.0,203.175,203.175
2014-08-25,GF1501,203.175,205.475,203.0,205.225,914.0,,饲牛1501,6958.0,205.225,205.225
2014-08-26,GF1501,204.9,206.6,204.8,206.1,855.0,,饲牛1501,7185.0,206.075,206.1
2014-08-27,GF1501,205.7,206.275,204.075,205.375,1074.0,,饲牛1501,7471.0,205.4,205.375
2014-08-28,GF1501,205.3,207.925,204.375,207.9,1458.0,,饲牛1501,7718.0,207.9,207.9
2014-08-29,GF1501,207.4,210.5,207.1,210.2,1247.0,,饲牛1501,7883.0,210.2,210.2
2014-09-02,GF1501,210.5,213.2,210.5,212.6,1468.0,,饲牛1501,8158.0,212.6,212.6
2014-09-03,GF1501,213.2,215.6,212.75,215.325,1954.0,,饲牛1501,8623.0,215.325,215.325
2014-09-04,GF1501,215.6,217.0,212.5,215.2,2497.0,,饲牛1501,9152.0,215.225,215.2
2014-09-05,GF1501,215.3,217.0,214.975,216.55,1298.0,,饲牛1501,9351.0,216.55,216.55
2014-09-08,GF1501,217.35,218.6,215.7,217.975,1898.0,,饲牛1501,9393.0,217.975,217.975
2014-09-09,GF1501,218.025,220.5,217.9,219.675,1664.0,,饲牛1501,9305.0,219.675,219.675
2014-09-10,GF1501,220.375,222.0,217.075,219.325,1645.0,,饲牛1501,9202.0,219.35,219.325
2014-09-11,GF1501,219.65,220.0,217.0,217.95,1290.0,,饲牛1501,9143.0,217.975,217.95
2014-09-12,GF1501,217.8,219.0,217.0,217.75,2120.0,,饲牛1501,9099.0,217.775,217.75
2014-09-15,GF1501,218.35,218.575,216.525,218.0,1574.0,,饲牛1501,8883.0,218.0,218.0
2014-09-16,GF1501,218.225,218.25,216.9,217.75,1057.0,,饲牛1501,8973.0,217.775,217.75
2014-09-17,GF1501,217.95,220.475,217.95,220.125,2110.0,,饲牛1501,8995.0,220.125,220.125
2014-09-18,GF1501,220.125,220.125,218.725,219.675,724.0,,饲牛1501,8630.0,219.7,219.675
2014-09-19,GF1501,220.0,221.0,219.45,220.675,1118.0,,饲牛1501,8616.0,220.675,220.675
2014-09-22,GF1501,220.15,222.0,218.375,221.75,832.0,,饲牛1501,8869.0,221.75,221.75
2014-09-23,GF1501,221.5,222.9,220.9,222.175,1441.0,,饲牛1501,8999.0,222.175,222.175
2014-09-24,GF1501,221.8,223.225,220.8,222.75,1056.0,,饲牛1501,9150.0,222.75,222.75
2014-09-25,GF1501,222.9,223.775,222.175,223.175,1172.0,,饲牛1501,9228.0,223.175,223.175
2014-09-26,GF1501,223.525,226.175,222.5,226.175,1832.0,,饲牛1501,9467.0,226.175,226.175
2014-09-29,GF1501,226.175,229.175,225.2,228.625,2122.0,,饲牛1501,9337.0,228.625,228.625
2014-09-30,GF1501,228.975,229.9,228.15,228.775,1987.0,,饲牛1501,9277.0,228.775,228.775
2014-10-01,GF1501,228.95,231.775,228.3,231.775,1703.0,,饲牛1501,9204.0,231.775,231.775
2014-10-02,GF1501,232.15,234.25,231.9,233.9,2941.0,,饲牛1501,9592.0,233.875,233.9
2014-10-03,GF1501,234.05,236.025,232.8,234.725,2690.0,,饲牛1501,9826.0,234.725,234.725
2014-10-06,GF1501,233.825,234.65,232.8,234.05,1375.0,,饲牛1501,10527.0,234.075,234.05
2014-10-07,GF1501,234.35,236.75,234.35,236.0,2848.0,,饲牛1501,10715.0,235.975,236.0
2014-10-08,GF1501,236.3,237.1,234.625,236.325,2585.0,,饲牛1501,11295.0,236.325,236.325
2014-10-09,GF1501,237.0,239.3,233.325,235.275,3777.0,,饲牛1501,11787.0,235.3,235.275
2014-10-10,GF1501,233.6,234.45,232.3,233.075,3857.0,,饲牛1501,12354.0,233.1,233.075
2014-10-13,GF1501,233.125,234.975,232.875,234.125,2570.0,,饲牛1501,12710.0,234.125,234.125
2014-10-14,GF1501,234.55,234.825,231.125,231.125,2870.0,,饲牛1501,13014.0,231.125,231.125
2014-10-15,GF1501,230.325,230.975,228.125,228.125,3251.0,,饲牛1501,13241.0,228.125,228.125
2014-10-16,GF1501,227.45,231.125,225.75,231.125,5017.0,,饲牛1501,13518.0,231.125,231.125
2014-10-17,GF1501,231.025,231.025,228.125,228.125,3493.0,,饲牛1501,13854.0,228.125,228.125
2014-10-20,GF1501,228.175,231.125,227.475,231.075,2681.0,,饲牛1501,14529.0,231.075,231.075
2014-10-21,GF1501,230.6,232.325,228.075,228.225,3898.0,,饲牛1501,14871.0,228.25,228.225
2014-10-22,GF1501,228.4,230.325,227.275,229.275,1739.0,,饲牛1501,15166.0,229.275,229.275
2014-10-23,GF1501,229.675,231.25,229.625,230.975,3100.0,,饲牛1501,15340.0,230.975,230.975
2014-10-24,GF1501,231.225,231.95,228.825,228.875,3605.0,,饲牛1501,15615.0,228.9,228.875
2014-10-27,GF1501,229.2,230.75,228.9,229.4,2081.0,,饲牛1501,16227.0,229.45,229.4
2014-10-28,GF1501,228.925,229.9,228.25,229.025,3400.0,,饲牛1501,16698.0,229.05,229.025
2014-10-29,GF1501,229.65,230.125,227.825,227.925,2732.0,,饲牛1501,17550.0,227.95,227.925
2014-10-30,GF1501,228.0,229.325,226.925,228.475,3504.0,,饲牛1501,17885.0,228.475,228.475
2014-10-31,GF1501,229.3,230.8,227.625,228.475,4390.0,,饲牛1501,18036.0,228.475,228.475
2014-11-03,GF1501,228.75,230.325,228.05,229.8,2552.0,,饲牛1501,18276.0,229.8,229.8
2014-11-04,GF1501,230.15,232.0,229.25,231.6,3390.0,,饲牛1501,18595.0,231.6,231.6
2014-11-05,GF1501,231.575,231.95,229.975,230.2,3363.0,,饲牛1501,18629.0,230.2,230.2
2014-11-06,GF1501,230.2,231.2,230.2,230.575,1990.0,,饲牛1501,19085.0,230.575,230.575
2014-11-07,GF1501,230.975,232.675,230.7,232.475,2831.0,,饲牛1501,19354.0,232.45,232.475
2014-11-10,GF1501,232.7,234.225,232.55,232.75,2902.0,,饲牛1501,19698.0,232.75,232.75
2014-11-11,GF1501,232.95,233.775,232.25,232.65,2065.0,,饲牛1501,19805.0,232.65,232.65
2014-11-12,GF1501,232.65,234.0,231.175,233.375,2728.0,,饲牛1501,20000.0,233.375,233.375
2014-11-13,GF1501,233.825,235.375,233.625,234.225,3784.0,,饲牛1501,20046.0,234.225,234.225
2014-11-14,GF1501,234.525,236.225,234.225,236.15,3456.0,,饲牛1501,19824.0,236.125,236.15
2014-11-17,GF1501,236.15,238.35,236.125,237.475,3570.0,,饲牛1501,19908.0,237.475,237.475
2014-11-18,GF1501,237.725,237.925,236.525,237.25,2219.0,,饲牛1501,20060.0,237.275,237.25
2014-11-19,GF1501,237.0,237.275,236.3,237.075,2313.0,,饲牛1501,20184.0,237.1,237.075
2014-11-20,GF1501,237.55,237.55,234.8,235.575,3188.0,,饲牛1501,20231.0,235.575,235.575
2014-11-21,GF1501,235.475,236.875,235.0,236.35,2540.0,,饲牛1501,20265.0,236.35,236.35
2014-11-24,GF1501,236.35,237.2,233.35,233.35,3875.0,,饲牛1501,20165.0,233.35,233.35
2014-11-25,GF1501,232.15,232.775,230.375,231.35,4472.0,,饲牛1501,20235.0,231.375,231.35
2014-11-26,GF1501,231.575,232.9,230.05,230.475,3508.0,,饲牛1501,20086.0,230.5,230.475
2014-11-28,GF1501,230.3,231.925,230.1,231.075,1602.0,,饲牛1501,19968.0,231.075,231.075
2014-12-01,GF1501,231.275,234.075,231.2,234.075,4553.0,,饲牛1501,19969.0,234.075,234.075
2014-12-02,GF1501,234.525,236.95,233.85,235.55,6484.0,,饲牛1501,19877.0,235.55,235.55
2014-12-03,GF1501,235.775,235.8,233.025,234.8,5643.0,,饲牛1501,19515.0,234.825,234.8
2014-12-04,GF1501,234.85,237.125,234.525,235.95,4815.0,,饲牛1501,19761.0,235.95,235.95
2014-12-05,GF1501,236.775,237.1,234.0,234.85,5156.0,,饲牛1501,19295.0,234.875,234.85
2014-12-08,GF1501,234.4,234.475,231.875,231.875,3947.0,,饲牛1501,18801.0,231.875,231.875
2014-12-09,GF1501,231.6,232.925,230.575,232.8,6238.0,,饲牛1501,18789.0,232.775,232.8
2014-12-10,GF1501,232.5,232.575,229.775,231.575,4431.0,,饲牛1501,17792.0,231.6,231.575
2014-12-11,GF1501,231.15,231.7,228.6,228.6,3564.0,,饲牛1501,17231.0,228.6,228.6
2014-12-12,GF1501,227.625,227.625,225.6,225.6,4563.0,,饲牛1501,16849.0,225.6,225.6
2014-12-15,GF1501,223.6,223.6,222.6,222.6,2309.0,,饲牛1501,15744.0,222.6,222.6
2014-12-16,GF1501,219.6,219.6,219.6,219.6,879.0,,饲牛1501,15627.0,219.6,219.6
2014-12-17,GF1501,216.6,216.6,216.6,216.6,1064.0,,饲牛1501,15579.0,216.6,216.6
2014-12-18,GF1501,212.1,220.25,212.1,217.225,10973.0,,饲牛1501,15423.0,217.075,217.225
2014-12-19,GF1501,218.4,221.125,217.375,220.0,3118.0,,饲牛1501,12842.0,220.15,220.0
2014-12-22,GF1501,221.2,221.775,219.8,220.525,2543.0,,饲牛1501,12217.0,220.5,220.525
2014-12-23,GF1501,220.7,220.75,216.6,217.1,2921.0,,饲牛1501,11083.0,217.125,217.1
2014-12-24,GF1501,217.475,217.475,214.6,214.85,1545.0,,饲牛1501,9865.0,214.75,214.85
2014-12-26,GF1501,215.25,216.7,210.25,213.75,3046.0,,饲牛1501,9529.0,213.725,213.75
2014-12-29,GF1501,214.975,218.225,214.975,217.3,1777.0,,饲牛1501,8958.0,217.45,217.3
2014-12-30,GF1501,218.075,219.75,217.05,218.15,1846.0,,饲牛1501,8555.0,218.325,218.15
2014-12-31,GF1501,218.85,220.35,217.525,219.45,2114.0,,饲牛1501,8293.0,219.45,219.45
2015-01-02,GF1501,220.525,223.95,220.1,223.925,1577.0,,饲牛1501,8172.0,223.95,223.925
2015-01-05,GF1501,225.45,226.35,225.05,225.65,2802.0,,饲牛1501,8034.0,225.675,225.65
2015-01-06,GF1501,226.4,227.5,221.2,224.75,3395.0,,饲牛1501,7767.0,224.7,224.75
2015-01-07,GF1501,225.8,226.275,223.15,225.725,2139.0,,饲牛1501,7732.0,225.65,225.725
2015-01-08,GF1501,226.2,228.5,223.625,225.825,3454.0,,饲牛1501,7322.0,225.625,225.825
2015-01-09,GF1501,225.175,225.375,221.325,222.55,2058.0,,饲牛1501,7165.0,222.425,222.55
2015-01-12,GF1501,221.975,225.275,221.425,223.35,1594.0,,饲牛1501,7189.0,223.4,223.35
2015-01-13,GF1501,223.725,225.2,220.5,221.6,2728.0,,饲牛1501,7022.0,221.55,221.6
2015-01-14,GF1501,220.9,223.3,219.6,220.175,2442.0,,饲牛1501,6459.0,220.15,220.175
2015-01-15,GF1501,220.5,220.675,215.65,215.65,2802.0,,饲牛1501,5955.0,215.65,215.65
2015-01-16,GF1501,214.1,215.95,211.5,214.0,2086.0,,饲牛1501,5911.0,214.1,214.0
2015-01-20,GF1501,215.8,216.25,212.875,214.675,1712.0,,饲牛1501,5741.0,214.475,214.675
2015-01-21,GF1501,214.75,216.0,213.3,215.575,1155.0,,饲牛1501,5636.0,215.7,215.575
2015-01-22,GF1501,216.025,217.05,215.4,216.0,1092.0,,饲牛1501,5324.0,215.975,216.0
2015-01-23,GF1501,215.825,216.2,213.375,213.7,1526.0,,饲牛1501,5037.0,213.7,213.7
2015-01-26,GF1501,213.5,214.75,209.65,211.65,1717.0,,饲牛1501,4975.0,211.65,211.65
2015-01-27,GF1501,210.45,211.0,208.3,210.6,1572.0,,饲牛1501,4874.0,210.775,210.6
2015-01-28,GF1501,211.1,212.85,210.975,212.25,966.0,,饲牛1501,4703.0,212.45,212.25
2015-01-29,GF1501,212.2,212.7,211.7,212.35,574.0,,饲牛1501,4600.0,212.4,212.35
2015-01-30,GF1501,,,,211.69,0.0,,饲牛1501,4424.0,211.69,211.69
