date,symbol,open,high,low,close,volume,amount,name,openinterest,settleprice,price
2014-08-29,GF1508,208.8,209.7,208.0,208.9,30.0,,饲牛1508,0.0,208.9,208.9
2014-09-02,GF1508,210.0,211.9,210.0,211.9,29.0,,饲牛1508,28.0,211.9,211.9
2014-09-03,GF1508,213.0,214.9,213.0,214.9,63.0,,饲牛1508,47.0,214.9,214.9
2014-09-04,GF1508,215.075,216.65,213.0,215.1,93.0,,饲牛1508,88.0,215.1,215.1
2014-09-05,GF1508,215.6,216.925,215.35,216.25,72.0,,饲牛1508,128.0,216.25,216.25
2014-09-08,GF1508,216.975,218.35,216.025,217.25,54.0,,饲牛1508,188.0,217.25,217.25
2014-09-09,GF1508,217.3,219.5,217.3,218.425,103.0,,饲牛1508,227.0,218.425,218.425
2014-09-10,GF1508,219.5,220.5,216.3,218.1,95.0,,饲牛1508,309.0,218.425,218.1
2014-09-11,GF1508,217.25,217.25,216.2,217.1,198.0,,饲牛1508,377.0,217.15,217.1
2014-09-12,GF1508,216.75,217.7,216.3,217.7,262.0,,饲牛1508,492.0,217.7,217.7
2014-09-15,GF1508,218.0,218.0,216.65,217.75,98.0,,饲牛1508,627.0,217.7,217.75
2014-09-16,GF1508,216.475,217.6,216.1,216.9,71.0,,饲牛1508,675.0,216.9,216.9
2014-09-17,GF1508,217.7,219.575,217.7,219.2,326.0,,饲牛1508,718.0,219.175,219.2
2014-09-18,GF1508,218.05,218.575,217.65,218.1,74.0,,饲牛1508,916.0,218.1,218.1
2014-09-19,GF1508,218.5,219.175,218.275,218.5,77.0,,饲牛1508,969.0,218.5,218.5
2014-09-22,GF1508,218.5,219.825,217.35,219.5,77.0,,饲牛1508,1024.0,219.5,219.5
2014-09-23,GF1508,219.4,220.4,219.4,220.0,67.0,,饲牛1508,1062.0,220.0,220.0
2014-09-24,GF1508,219.9,220.975,219.2,220.5,88.0,,饲牛1508,1106.0,220.5,220.5
2014-09-25,GF1508,220.475,221.475,220.275,221.2,131.0,,饲牛1508,1155.0,221.2,221.2
2014-09-26,GF1508,221.25,224.2,220.8,224.2,118.0,,饲牛1508,1229.0,224.2,224.2
2014-09-29,GF1508,223.75,227.2,223.75,227.1,113.0,,饲牛1508,1273.0,227.1,227.1
2014-09-30,GF1508,227.3,227.85,226.8,226.8,54.0,,饲牛1508,1313.0,227.1,226.8
2014-10-01,GF1508,227.0,230.1,227.0,229.875,130.0,,饲牛1508,1328.0,229.875,229.875
2014-10-02,GF1508,230.275,232.5,230.275,232.325,271.0,,饲牛1508,1396.0,232.325,232.325
2014-10-03,GF1508,232.25,234.15,231.25,233.1,141.0,,饲牛1508,1538.0,233.1,233.1
2014-10-06,GF1508,231.5,233.0,231.275,232.4,65.0,,饲牛1508,1614.0,233.1,232.4
2014-10-07,GF1508,233.25,235.375,233.25,235.05,222.0,,饲牛1508,1641.0,235.025,235.05
2014-10-08,GF1508,235.075,236.05,234.225,235.6,111.0,,饲牛1508,1745.0,235.525,235.6
2014-10-09,GF1508,235.25,237.95,232.525,234.875,181.0,,饲牛1508,1796.0,234.9,234.875
2014-10-10,GF1508,232.525,232.8,231.9,232.3,117.0,,饲牛1508,1855.0,232.275,232.3
2014-10-13,GF1508,232.225,233.475,232.0,233.0,133.0,,饲牛1508,1893.0,233.0,233.0
2014-10-14,GF1508,232.75,233.025,230.0,230.0,90.0,,饲牛1508,1957.0,230.0,230.0
2014-10-15,GF1508,229.45,229.5,227.0,227.0,180.0,,饲牛1508,1994.0,227.0,227.0
2014-10-16,GF1508,226.55,230.0,224.4,230.0,387.0,,饲牛1508,1975.0,230.0,230.0
2014-10-17,GF1508,227.15,227.75,227.0,227.0,208.0,,饲牛1508,2054.0,227.0,227.0
2014-10-20,GF1508,227.0,229.2,227.0,229.2,152.0,,饲牛1508,2092.0,229.175,229.2
2014-10-21,GF1508,228.1,229.9,226.7,226.8,209.0,,饲牛1508,2169.0,226.8,226.8
2014-10-22,GF1508,226.4,228.275,226.4,228.05,84.0,,饲牛1508,2254.0,228.05,228.05
2014-10-23,GF1508,228.6,229.75,228.225,229.75,131.0,,饲牛1508,2270.0,229.75,229.75
2014-10-24,GF1508,229.9,230.0,227.025,227.35,239.0,,饲牛1508,2337.0,227.35,227.35
2014-10-27,GF1508,227.875,228.725,227.3,228.15,107.0,,饲牛1508,2460.0,228.15,228.15
2014-10-28,GF1508,227.3,228.0,226.275,227.75,145.0,,饲牛1508,2512.0,227.75,227.75
2014-10-29,GF1508,227.9,228.5,226.325,226.8,165.0,,饲牛1508,2533.0,226.8,226.8
2014-10-30,GF1508,226.675,227.675,225.75,227.05,166.0,,饲牛1508,2587.0,227.025,227.05
2014-10-31,GF1508,226.95,228.5,225.95,226.55,118.0,,饲牛1508,2643.0,226.55,226.55
2014-11-03,GF1508,226.55,227.575,226.0,227.4,162.0,,饲牛1508,2689.0,227.475,227.4
2014-11-04,GF1508,227.525,229.0,227.275,228.9,159.0,,饲牛1508,2763.0,228.9,228.9
2014-11-05,GF1508,228.9,229.0,227.95,228.0,141.0,,饲牛1508,2817.0,228.125,228.0
2014-11-06,GF1508,228.5,229.075,228.4,228.85,90.0,,饲牛1508,2880.0,228.85,228.85
2014-11-07,GF1508,229.075,230.3,229.075,230.3,199.0,,饲牛1508,2925.0,230.275,230.3
2014-11-10,GF1508,230.0,231.55,230.0,231.2,204.0,,饲牛1508,3027.0,231.2,231.2
2014-11-11,GF1508,230.9,232.0,230.6,231.45,194.0,,饲牛1508,3095.0,231.425,231.45
2014-11-12,GF1508,230.925,232.775,229.95,232.35,228.0,,饲牛1508,3145.0,232.225,232.35
2014-11-13,GF1508,232.575,234.15,232.575,234.0,194.0,,饲牛1508,3214.0,234.025,234.0
2014-11-14,GF1508,233.95,235.3,233.4,235.25,337.0,,饲牛1508,3277.0,235.275,235.25
2014-11-17,GF1508,235.275,236.55,235.275,235.85,287.0,,饲牛1508,3401.0,235.85,235.85
2014-11-18,GF1508,235.725,236.0,235.125,235.875,311.0,,饲牛1508,3521.0,235.875,235.875
2014-11-19,GF1508,235.575,235.8,234.925,235.8,234.0,,饲牛1508,3605.0,235.8,235.8
2014-11-20,GF1508,235.6,235.6,233.125,233.825,197.0,,饲牛1508,3672.0,233.825,233.825
2014-11-21,GF1508,233.825,235.0,233.675,235.0,181.0,,饲牛1508,3726.0,235.0,235.0
2014-11-24,GF1508,235.0,235.3,232.0,232.0,164.0,,饲牛1508,3810.0,232.0,232.0
2014-11-25,GF1508,231.6,231.6,229.4,231.075,301.0,,饲牛1508,3819.0,231.1,231.075
2014-11-26,GF1508,230.8,232.825,230.2,230.525,288.0,,饲牛1508,3875.0,230.525,230.525
2014-11-28,GF1508,230.075,231.45,229.8,231.45,80.0,,饲牛1508,3921.0,231.425,231.45
2014-12-01,GF1508,231.3,234.425,231.3,234.425,305.0,,饲牛1508,3958.0,234.425,234.425
2014-12-02,GF1508,234.825,236.15,232.65,234.675,604.0,,饲牛1508,4021.0,234.65,234.675
2014-12-03,GF1508,233.975,233.975,231.65,233.175,343.0,,饲牛1508,4244.0,233.175,233.175
2014-12-04,GF1508,232.925,234.125,232.125,233.15,212.0,,饲牛1508,4224.0,233.125,233.15
2014-12-05,GF1508,233.225,233.5,230.125,231.85,482.0,,饲牛1508,4273.0,231.825,231.85
2014-12-08,GF1508,230.075,230.075,228.825,228.825,80.0,,饲牛1508,4445.0,228.825,228.825
2014-12-09,GF1508,227.95,228.3,226.25,228.3,496.0,,饲牛1508,4420.0,228.275,228.3
2014-12-10,GF1508,227.6,227.875,225.275,227.225,424.0,,饲牛1508,4460.0,227.225,227.225
2014-12-11,GF1508,227.0,227.0,224.225,224.225,973.0,,饲牛1508,4495.0,224.225,224.225
2014-12-12,GF1508,224.125,224.125,221.225,221.225,1200.0,,饲牛1508,4646.0,221.225,221.225
2014-12-15,GF1508,220.2,220.2,218.225,218.225,532.0,,饲牛1508,4696.0,218.225,218.225
2014-12-16,GF1508,215.225,215.35,215.225,215.225,440.0,,饲牛1508,4642.0,215.225,215.225
2014-12-17,GF1508,212.225,212.4,212.225,212.225,698.0,,饲牛1508,4708.0,212.225,212.225
2014-12-18,GF1508,208.65,216.725,208.65,215.75,2108.0,,饲牛1508,4752.0,215.75,215.75
2014-12-19,GF1508,216.75,219.85,216.5,219.425,676.0,,饲牛1508,4940.0,219.6,219.425
2014-12-22,GF1508,220.1,221.05,219.65,220.9,393.0,,饲牛1508,5010.0,220.875,220.9
2014-12-23,GF1508,220.6,220.6,217.0,217.55,480.0,,饲牛1508,5056.0,217.5,217.55
2014-12-24,GF1508,217.325,217.4,215.175,215.7,346.0,,饲牛1508,5095.0,215.525,215.7
2014-12-26,GF1508,217.1,217.1,211.55,214.95,519.0,,饲牛1508,5146.0,215.0,214.95
2014-12-29,GF1508,216.0,219.5,216.0,218.625,505.0,,饲牛1508,5069.0,218.625,218.625
2014-12-30,GF1508,219.575,220.675,218.375,219.725,706.0,,饲牛1508,5027.0,219.75,219.725
2014-12-31,GF1508,220.525,221.25,218.8,220.175,441.0,,饲牛1508,5111.0,220.25,220.175
2015-01-02,GF1508,221.35,224.75,221.35,224.7,710.0,,饲牛1508,5050.0,224.7,224.7
2015-01-05,GF1508,225.3,226.2,225.275,226.025,572.0,,饲牛1508,5085.0,226.025,226.025
2015-01-06,GF1508,226.0,226.75,221.525,223.85,903.0,,饲牛1508,5109.0,223.85,223.85
2015-01-07,GF1508,224.0,224.175,220.7,222.025,720.0,,饲牛1508,5079.0,222.025,222.025
2015-01-08,GF1508,222.425,223.975,217.525,219.225,993.0,,饲牛1508,5205.0,219.225,219.225
2015-01-09,GF1508,217.925,217.925,214.725,214.725,670.0,,饲牛1508,5298.0,214.725,214.725
2015-01-12,GF1508,213.75,219.525,213.625,216.275,1324.0,,饲牛1508,5285.0,216.2,216.275
2015-01-13,GF1508,215.325,217.0,212.85,214.475,897.0,,饲牛1508,5483.0,214.4,214.475
2015-01-14,GF1508,213.85,215.575,210.975,213.475,1439.0,,饲牛1508,5355.0,213.4,213.475
2015-01-15,GF1508,212.85,213.45,208.9,209.1,1194.0,,饲牛1508,5441.0,209.05,209.1
2015-01-16,GF1508,207.875,210.85,206.025,209.225,824.0,,饲牛1508,5510.0,209.2,209.225
2015-01-20,GF1508,210.025,210.1,205.0,207.325,948.0,,饲牛1508,5573.0,207.275,207.325
2015-01-21,GF1508,207.025,209.45,205.225,209.425,886.0,,饲牛1508,5529.0,209.4,209.425
2015-01-22,GF1508,209.0,211.625,208.75,209.525,638.0,,饲牛1508,5570.0,209.525,209.525
2015-01-23,GF1508,208.2,208.4,205.025,205.025,688.0,,饲牛1508,5762.0,205.025,205.025
2015-01-26,GF1508,205.025,207.0,199.25,203.475,1836.0,,饲牛1508,5984.0,203.475,203.475
2015-01-27,GF1508,203.475,207.975,202.625,207.6,922.0,,饲牛1508,6161.0,207.6,207.6
2015-01-28,GF1508,207.55,209.475,205.75,207.55,888.0,,饲牛1508,6193.0,207.575,207.55
2015-01-29,GF1508,206.85,209.2,203.075,206.525,981.0,,饲牛1508,6393.0,206.525,206.525
2015-01-30,GF1508,207.2,208.25,205.625,208.025,811.0,,饲牛1508,6512.0,208.0,208.025
2015-02-02,GF1508,206.15,207.2,203.5,203.5,1675.0,,饲牛1508,6652.0,203.5,203.5
2015-02-03,GF1508,203.1,204.5,199.95,203.25,1777.0,,饲牛1508,7133.0,203.275,203.25
2015-02-04,GF1508,201.9,203.85,200.7,200.975,745.0,,饲牛1508,7160.0,201.0,200.975
2015-02-05,GF1508,200.825,201.6,197.775,200.175,1018.0,,饲牛1508,7288.0,200.125,200.175
2015-02-06,GF1508,200.925,203.625,200.8,203.0,931.0,,饲牛1508,7514.0,203.025,203.0
2015-02-09,GF1508,203.9,207.0,203.9,206.175,939.0,,饲牛1508,7510.0,206.2,206.175
2015-02-10,GF1508,206.3,207.0,203.975,205.1,881.0,,饲牛1508,7640.0,205.075,205.1
2015-02-11,GF1508,204.825,205.7,200.65,200.65,1832.0,,饲牛1508,7866.0,200.725,200.65
2015-02-12,GF1508,201.55,203.725,200.15,203.325,1136.0,,饲牛1508,7680.0,203.35,203.325
2015-02-13,GF1508,204.0,206.25,202.1,204.95,1282.0,,饲牛1508,7644.0,204.975,204.95
2015-02-17,GF1508,205.75,206.075,202.65,202.75,567.0,,饲牛1508,7809.0,202.85,202.75
2015-02-18,GF1508,202.7,204.475,202.2,203.9,463.0,,饲牛1508,7908.0,203.95,203.9
2015-02-19,GF1508,204.075,205.0,202.45,203.625,407.0,,饲牛1508,8016.0,203.65,203.625
2015-02-20,GF1508,203.7,204.0,200.75,201.075,849.0,,饲牛1508,8107.0,201.0,201.075
2015-02-23,GF1508,200.75,200.75,198.8,199.65,1252.0,,饲牛1508,8222.0,199.675,199.65
2015-02-24,GF1508,199.5,199.675,196.775,196.85,933.0,,饲牛1508,8482.0,196.875,196.85
2015-02-25,GF1508,196.875,199.4,196.675,198.3,725.0,,饲牛1508,8581.0,198.3,198.3
2015-02-26,GF1508,198.525,202.8,198.525,201.725,1060.0,,饲牛1508,8763.0,201.725,201.725
2015-02-27,GF1508,201.9,203.975,199.225,201.15,1219.0,,饲牛1508,8973.0,201.175,201.15
2015-03-02,GF1508,201.9,203.15,201.575,202.7,705.0,,饲牛1508,8973.0,202.7,202.7
2015-03-03,GF1508,202.5,202.75,200.45,200.85,476.0,,饲牛1508,9186.0,200.875,200.85
2015-03-04,GF1508,200.025,205.375,199.7,205.375,1546.0,,饲牛1508,9286.0,205.375,205.375
2015-03-05,GF1508,205.525,207.475,204.825,207.05,1486.0,,饲牛1508,9407.0,206.925,207.05
2015-03-06,GF1508,206.75,209.525,206.75,209.1,1740.0,,饲牛1508,9494.0,209.125,209.1
2015-03-09,GF1508,209.225,209.95,207.775,208.65,748.0,,饲牛1508,9854.0,208.65,208.65
2015-03-10,GF1508,208.5,209.6,206.925,209.125,1667.0,,饲牛1508,9791.0,209.125,209.125
2015-03-11,GF1508,209.375,213.25,209.05,212.325,2564.0,,饲牛1508,9947.0,212.3,212.325
2015-03-12,GF1508,212.5,214.0,210.875,212.55,1126.0,,饲牛1508,10257.0,212.675,212.55
2015-03-13,GF1508,212.375,212.95,208.95,211.2,1348.0,,饲牛1508,10275.0,211.2,211.2
2015-03-16,GF1508,210.875,211.0,208.325,210.25,762.0,,饲牛1508,10391.0,210.25,210.25
2015-03-17,GF1508,210.225,210.85,209.0,209.975,654.0,,饲牛1508,10466.0,209.975,209.975
2015-03-18,GF1508,209.7,214.475,208.8,214.425,1600.0,,饲牛1508,10525.0,214.375,214.425
2015-03-19,GF1508,214.525,216.9,214.0,216.625,1784.0,,饲牛1508,10702.0,216.5,216.625
2015-03-20,GF1508,216.1,217.0,214.975,216.025,1206.0,,饲牛1508,10930.0,216.075,216.025
2015-03-23,GF1508,216.475,220.1,216.475,219.625,1834.0,,饲牛1508,11063.0,219.675,219.625
2015-03-24,GF1508,219.7,220.0,217.8,219.225,1555.0,,饲牛1508,11358.0,219.25,219.225
2015-03-25,GF1508,219.05,219.125,216.825,217.775,1250.0,,饲牛1508,11423.0,217.75,217.775
2015-03-26,GF1508,217.75,218.775,216.0,217.15,1147.0,,饲牛1508,11383.0,217.2,217.15
2015-03-27,GF1508,217.375,219.8,217.225,219.175,1211.0,,饲牛1508,11595.0,219.225,219.175
2015-03-30,GF1508,219.025,219.775,217.175,218.9,1368.0,,饲牛1508,11720.0,218.9,218.9
2015-03-31,GF1508,218.15,219.975,217.725,218.25,1909.0,,饲牛1508,11888.0,218.275,218.25
2015-04-01,GF1508,218.1,219.35,217.15,217.95,1673.0,,饲牛1508,12194.0,217.925,217.95
2015-04-02,GF1508,218.9,219.0,217.95,218.575,1240.0,,饲牛1508,12342.0,218.55,218.575
2015-04-06,GF1508,220.0,221.45,217.5,217.6,2509.0,,饲牛1508,12492.0,217.75,217.6
2015-04-07,GF1508,217.25,217.25,214.175,216.3,2654.0,,饲牛1508,13013.0,216.3,216.3
2015-04-08,GF1508,216.1,217.175,214.8,214.875,3504.0,,饲牛1508,13533.0,214.925,214.875
2015-04-09,GF1508,215.4,216.225,214.55,214.975,2574.0,,饲牛1508,14434.0,215.025,214.975
2015-04-10,GF1508,215.0,215.0,211.025,211.425,4935.0,,饲牛1508,14914.0,211.45,211.425
2015-04-13,GF1508,210.45,212.35,209.95,211.775,3457.0,,饲牛1508,15014.0,211.8,211.775
2015-04-14,GF1508,211.625,213.75,211.325,212.725,3244.0,,饲牛1508,15250.0,212.75,212.725
2015-04-15,GF1508,213.35,215.1,213.325,214.3,2028.0,,饲牛1508,15767.0,214.225,214.3
2015-04-16,GF1508,214.6,215.875,213.45,214.625,2004.0,,饲牛1508,16054.0,214.675,214.625
2015-04-17,GF1508,214.65,215.825,210.175,210.2,3554.0,,饲牛1508,16397.0,210.2,210.2
2015-04-20,GF1508,209.3,209.475,205.975,206.4,4888.0,,饲牛1508,16471.0,206.475,206.4
2015-04-21,GF1508,206.15,208.85,206.15,208.675,3328.0,,饲牛1508,16383.0,208.625,208.675
2015-04-22,GF1508,208.8,209.6,206.975,208.45,3243.0,,饲牛1508,16347.0,208.45,208.45
2015-04-23,GF1508,209.025,212.95,208.65,212.95,4531.0,,饲牛1508,16531.0,212.95,212.95
2015-04-24,GF1508,213.2,216.35,212.25,215.625,5373.0,,饲牛1508,17007.0,215.675,215.625
2015-04-27,GF1508,211.6,214.475,211.6,213.3,3383.0,,饲牛1508,17019.0,213.175,213.3
2015-04-28,GF1508,214.0,215.1,213.475,213.825,2976.0,,饲牛1508,17195.0,213.875,213.825
2015-04-29,GF1508,214.6,215.45,212.95,214.625,3437.0,,饲牛1508,17501.0,214.7,214.625
2015-04-30,GF1508,215.0,215.825,212.25,214.675,5394.0,,饲牛1508,17639.0,214.7,214.675
2015-05-01,GF1508,214.7,216.3,213.5,214.925,3655.0,,饲牛1508,18402.0,215.075,214.925
2015-05-04,GF1508,215.5,217.75,215.475,217.275,4779.0,,饲牛1508,18445.0,217.325,217.275
2015-05-05,GF1508,217.775,218.9,216.2,218.375,5891.0,,饲牛1508,18777.0,218.25,218.375
2015-05-06,GF1508,218.175,218.175,216.375,216.725,3953.0,,饲牛1508,19531.0,216.875,216.725
2015-05-07,GF1508,216.8,217.425,215.55,216.825,3679.0,,饲牛1508,19508.0,216.8,216.825
2015-05-08,GF1508,217.3,217.875,216.825,217.5,3557.0,,饲牛1508,19832.0,217.625,217.5
2015-05-11,GF1508,218.2,219.175,216.95,217.325,4694.0,,饲牛1508,19984.0,217.425,217.325
2015-05-12,GF1508,217.8,218.075,214.55,216.75,5799.0,,饲牛1508,20750.0,216.45,216.75
2015-05-13,GF1508,216.775,218.0,215.3,217.575,3498.0,,饲牛1508,20862.0,217.625,217.575
2015-05-14,GF1508,217.925,219.475,217.925,219.025,3779.0,,饲牛1508,20689.0,218.95,219.025
2015-05-15,GF1508,219.45,219.6,217.175,218.4,3727.0,,饲牛1508,20934.0,218.4,218.4
2015-05-18,GF1508,217.95,218.0,215.775,216.725,3834.0,,饲牛1508,21408.0,216.725,216.725
2015-05-19,GF1508,216.5,217.55,216.0,217.175,3965.0,,饲牛1508,21640.0,217.15,217.175
2015-05-20,GF1508,216.975,217.825,215.275,216.725,5448.0,,饲牛1508,22268.0,216.7,216.725
2015-05-21,GF1508,217.6,218.425,217.0,217.725,3721.0,,饲牛1508,23233.0,217.725,217.725
2015-05-22,GF1508,217.85,219.2,217.025,218.975,4115.0,,饲牛1508,23573.0,219.0,218.975
2015-05-26,GF1508,219.1,219.95,219.075,219.7,3873.0,,饲牛1508,24036.0,219.6,219.7
2015-05-27,GF1508,219.825,222.125,218.375,221.475,6629.0,,饲牛1508,24551.0,221.425,221.475
2015-05-28,GF1508,221.7,225.675,221.7,224.875,6791.0,,饲牛1508,25115.0,224.95,224.875
2015-05-29,GF1508,225.5,225.5,222.7,223.0,5779.0,,饲牛1508,25579.0,222.95,223.0
2015-06-01,GF1508,222.7,224.025,222.525,223.825,2728.0,,饲牛1508,25360.0,223.55,223.825
2015-06-02,GF1508,223.925,224.175,221.875,223.25,3083.0,,饲牛1508,25215.0,223.325,223.25
2015-06-03,GF1508,222.575,223.1,221.825,221.95,2717.0,,饲牛1508,25315.0,221.9,221.95
2015-06-04,GF1508,222.025,223.25,221.025,222.575,3015.0,,饲牛1508,25371.0,222.575,222.575
2015-06-05,GF1508,222.8,223.575,220.45,221.55,4426.0,,饲牛1508,25499.0,221.9,221.55
2015-06-08,GF1508,222.125,223.1,221.15,222.75,2608.0,,饲牛1508,25706.0,222.85,222.75
2015-06-09,GF1508,222.725,224.55,222.125,223.9,3823.0,,饲牛1508,25832.0,224.225,223.9
2015-06-10,GF1508,224.325,227.8,224.325,226.2,6041.0,,饲牛1508,25879.0,226.775,226.2
2015-06-11,GF1508,227.125,227.6,225.55,226.2,2775.0,,饲牛1508,26287.0,226.25,226.2
2015-06-12,GF1508,225.875,225.875,222.325,223.0,4621.0,,饲牛1508,26368.0,223.45,223.0
2015-06-15,GF1508,223.3,224.4,222.4,223.6,3336.0,,饲牛1508,26256.0,223.9,223.6
2015-06-16,GF1508,224.25,225.075,223.575,224.9,2791.0,,饲牛1508,26014.0,224.85,224.9
2015-06-17,GF1508,224.6,225.25,223.45,224.8,2734.0,,饲牛1508,26319.0,224.725,224.8
2015-06-18,GF1508,225.0,225.025,221.575,222.0,4973.0,,饲牛1508,26629.0,221.925,222.0
2015-06-19,GF1508,222.0,223.85,221.875,223.3,2996.0,,饲牛1508,26616.0,223.425,223.3
2015-06-22,GF1508,224.0,226.275,222.8,225.525,3959.0,,饲牛1508,26642.0,225.775,225.525
2015-06-23,GF1508,226.4,226.625,224.725,225.4,2834.0,,饲牛1508,26644.0,225.35,225.4
2015-06-24,GF1508,225.375,225.375,223.35,223.55,3834.0,,饲牛1508,26850.0,223.55,223.55
2015-06-25,GF1508,223.5,223.55,219.05,219.05,8041.0,,饲牛1508,26909.0,219.05,219.05
2015-06-26,GF1508,217.625,218.875,217.05,217.2,5517.0,,饲牛1508,25901.0,217.25,217.2
2015-06-29,GF1508,216.4,220.6,215.625,219.05,5618.0,,饲牛1508,24796.0,219.075,219.05
2015-06-30,GF1508,219.2,219.8,214.575,214.65,7478.0,,饲牛1508,24093.0,214.725,214.65
2015-07-01,GF1508,214.1,219.2,214.1,218.3,7348.0,,饲牛1508,23123.0,218.5,218.3
2015-07-02,GF1508,218.925,219.325,217.125,217.6,3745.0,,饲牛1508,23107.0,217.45,217.6
2015-07-06,GF1508,218.05,218.05,216.225,216.875,3305.0,,饲牛1508,22614.0,216.975,216.875
2015-07-07,GF1508,216.725,218.85,216.25,217.0,3841.0,,饲牛1508,22750.0,217.125,217.0
2015-07-08,GF1508,217.2,217.75,213.175,213.65,7386.0,,饲牛1508,22250.0,213.625,213.65
2015-07-09,GF1508,214.025,214.875,210.725,212.0,8213.0,,饲牛1508,21811.0,211.75,212.0
2015-07-10,GF1508,212.075,213.75,210.6,211.55,5644.0,,饲牛1508,20846.0,211.25,211.55
2015-07-13,GF1508,212.0,212.975,210.825,212.125,5581.0,,饲牛1508,20152.0,211.225,212.125
2015-07-14,GF1508,212.0,215.425,211.825,214.775,6842.0,,饲牛1508,19815.0,214.3,214.775
2015-07-15,GF1508,214.95,216.15,214.125,215.05,4634.0,,饲牛1508,19388.0,215.325,215.05
2015-07-16,GF1508,214.675,214.85,213.2,214.525,3988.0,,饲牛1508,19196.0,214.475,214.525
2015-07-17,GF1508,214.425,216.8,213.35,214.95,4888.0,,饲牛1508,18506.0,215.2,214.95
2015-07-20,GF1508,215.8,216.725,215.5,215.65,2288.0,,饲牛1508,18294.0,216.325,215.65
2015-07-21,GF1508,215.975,216.225,212.35,213.05,4427.0,,饲牛1508,18048.0,213.075,213.05
2015-07-22,GF1508,213.075,214.9,212.0,212.4,3837.0,,饲牛1508,18101.0,212.375,212.4
2015-07-23,GF1508,212.15,213.225,209.575,209.6,5511.0,,饲牛1508,18181.0,209.775,209.6
2015-07-24,GF1508,209.4,210.5,208.075,209.75,3670.0,,饲牛1508,17501.0,209.675,209.75
2015-07-27,GF1508,209.8,210.475,208.225,208.25,2833.0,,饲牛1508,17025.0,208.75,208.25
2015-07-28,GF1508,208.775,212.175,208.6,211.7,3716.0,,饲牛1508,16688.0,211.25,211.7
2015-07-29,GF1508,211.725,212.425,211.0,211.5,2042.0,,饲牛1508,15824.0,211.475,211.5
2015-07-30,GF1508,211.5,212.875,210.225,211.45,2279.0,,饲牛1508,15688.0,211.225,211.45
2015-07-31,GF1508,211.575,212.325,210.575,211.475,2195.0,,饲牛1508,15551.0,210.725,211.475
2015-08-03,GF1508,212.0,214.5,212.0,214.225,3448.0,,饲牛1508,15487.0,213.85,214.225
2015-08-04,GF1508,214.5,215.2,213.6,213.725,2505.0,,饲牛1508,14977.0,213.95,213.725
2015-08-05,GF1508,213.75,214.475,213.15,214.425,2088.0,,饲牛1508,14305.0,214.125,214.425
2015-08-06,GF1508,214.45,215.45,214.15,215.425,2515.0,,饲牛1508,13420.0,214.975,215.425
2015-08-07,GF1508,214.675,215.2,213.75,214.025,2657.0,,饲牛1508,12635.0,214.125,214.025
2015-08-10,GF1508,214.975,215.05,213.275,214.725,2913.0,,饲牛1508,11685.0,214.25,214.725
2015-08-11,GF1508,214.5,215.05,213.8,214.4,2065.0,,饲牛1508,10702.0,214.075,214.4
2015-08-12,GF1508,214.375,216.0,213.0,214.475,3805.0,,饲牛1508,10073.0,213.875,214.475
2015-08-13,GF1508,214.5,214.5,212.25,214.1,1956.0,,饲牛1508,8975.0,214.025,214.1
2015-08-14,GF1508,214.05,214.575,213.05,214.1,1368.0,,饲牛1508,8312.0,213.9,214.1
2015-08-17,GF1508,213.8,214.675,212.425,214.275,967.0,,饲牛1508,7816.0,214.4,214.275
2015-08-18,GF1508,214.025,214.8,213.775,214.575,645.0,,饲牛1508,7525.0,214.55,214.575
2015-08-19,GF1508,214.5,214.5,212.8,213.3,1825.0,,饲牛1508,7375.0,213.8,213.3
2015-08-20,GF1508,213.1,213.45,212.5,212.975,1385.0,,饲牛1508,6859.0,213.2,212.975
2015-08-21,GF1508,213.0,213.05,210.85,211.675,1778.0,,饲牛1508,6395.0,212.0,211.675
2015-08-24,GF1508,210.875,211.225,210.05,210.75,1596.0,,饲牛1508,6127.0,210.825,210.75
2015-08-25,GF1508,210.65,211.65,210.6,210.65,960.0,,饲牛1508,5944.0,210.9,210.65
2015-08-26,GF1508,210.65,211.025,210.1,210.1,810.0,,饲牛1508,5581.0,210.275,210.1
2015-08-27,GF1508,210.15,210.35,209.925,210.0,866.0,,饲牛1508,5346.0,210.0,210.0
2015-08-28,GF1508,,,,209.85,0.0,,饲牛1508,4841.0,209.85,209.85
