date,symbol,open,high,low,close,volume,amount,name,openinterest,settleprice,price
2015-01-30,GF1601,,,,201.1,0.0,,饲牛1601,0.0,201.1,201.1
2015-02-02,GF1601,202.0,202.5,199.5,199.5,4.0,,饲牛1601,0.0,199.5,199.5
2015-02-03,GF1601,195.625,198.6,195.625,198.6,25.0,,饲牛1601,4.0,198.6,198.6
2015-02-04,GF1601,197.45,197.45,197.25,197.25,1.0,,饲牛1601,13.0,196.825,197.25
2015-02-05,GF1601,,,,194.85,0.0,,饲牛1601,13.0,194.85,194.85
2015-02-06,GF1601,197.625,197.625,197.25,197.25,6.0,,饲牛1601,13.0,197.6,197.25
2015-02-09,GF1601,199.0,199.75,198.45,199.0,28.0,,饲牛1601,16.0,199.325,199.0
2015-02-10,GF1601,,,,198.2,3.0,,饲牛1601,38.0,198.2,198.2
2015-02-11,GF1601,195.2,197.75,195.2,197.75,8.0,,饲牛1601,32.0,195.125,197.75
2015-02-12,GF1601,,,,196.0,0.0,,饲牛1601,36.0,196.45,196.0
2015-02-13,GF1601,195.875,198.75,195.75,198.25,42.0,,饲牛1601,36.0,198.075,198.25
2015-02-17,GF1601,,,,196.5,0.0,,饲牛1601,55.0,196.275,196.5
2015-02-18,GF1601,196.2,196.5,196.2,196.5,9.0,,饲牛1601,55.0,196.55,196.5
2015-02-19,GF1601,,,,196.25,0.0,,饲牛1601,56.0,196.25,196.25
2015-02-20,GF1601,195.0,195.0,193.725,194.2,5.0,,饲牛1601,56.0,193.725,194.2
2015-02-23,GF1601,192.9,193.25,192.5,192.5,10.0,,饲牛1601,56.0,192.5,192.5
2015-02-24,GF1601,190.05,191.0,190.05,191.0,9.0,,饲牛1601,59.0,190.8,191.0
2015-02-25,GF1601,190.05,191.1,190.05,191.1,4.0,,饲牛1601,60.0,191.15,191.1
2015-02-26,GF1601,193.0,195.0,193.0,194.75,19.0,,饲牛1601,60.0,194.75,194.75
2015-02-27,GF1601,194.75,195.0,193.025,194.2,34.0,,饲牛1601,74.0,194.2,194.2
2015-03-02,GF1601,,,,195.65,0.0,,饲牛1601,86.0,195.65,195.65
2015-03-03,GF1601,,,,194.5,19.0,,饲牛1601,86.0,194.5,194.5
2015-03-04,GF1601,195.3,198.0,195.3,197.25,43.0,,饲牛1601,96.0,197.25,197.25
2015-03-05,GF1601,199.025,199.025,197.5,197.5,27.0,,饲牛1601,113.0,198.8,197.5
2015-03-06,GF1601,199.0,199.5,198.875,199.0,34.0,,饲牛1601,123.0,199.0,199.0
2015-03-09,GF1601,199.0,199.9,199.0,199.2,16.0,,饲牛1601,151.0,199.8,199.2
2015-03-10,GF1601,198.525,200.125,198.275,199.5,38.0,,饲牛1601,160.0,200.125,199.5
2015-03-11,GF1601,200.5,202.0,200.5,201.5,59.0,,饲牛1601,178.0,201.9,201.5
2015-03-12,GF1601,202.5,203.1,201.75,202.1,32.0,,饲牛1601,214.0,203.1,202.1
2015-03-13,GF1601,203.2,203.2,200.0,200.25,23.0,,饲牛1601,232.0,200.3,200.25
2015-03-16,GF1601,201.0,201.0,198.9,200.0,59.0,,饲牛1601,247.0,200.8,200.0
2015-03-17,GF1601,201.0,201.0,200.0,200.975,33.0,,饲牛1601,274.0,200.95,200.975
2015-03-18,GF1601,200.95,204.4,200.925,204.0,56.0,,饲牛1601,289.0,204.0,204.0
2015-03-19,GF1601,205.0,206.375,204.25,206.0,47.0,,饲牛1601,329.0,206.25,206.0
2015-03-20,GF1601,206.15,207.0,205.425,206.5,51.0,,饲牛1601,350.0,206.35,206.5
2015-03-23,GF1601,207.0,209.375,207.0,208.8,95.0,,饲牛1601,375.0,209.05,208.8
2015-03-24,GF1601,208.525,209.05,207.3,208.6,45.0,,饲牛1601,419.0,208.8,208.6
2015-03-25,GF1601,208.55,208.65,206.925,207.25,26.0,,饲牛1601,441.0,207.25,207.25
2015-03-26,GF1601,206.175,207.45,206.125,206.5,16.0,,饲牛1601,455.0,206.6,206.5
2015-03-27,GF1601,207.8,209.0,207.8,208.8,22.0,,饲牛1601,460.0,208.85,208.8
2015-03-30,GF1601,208.8,209.4,208.3,208.6,29.0,,饲牛1601,473.0,208.85,208.6
2015-03-31,GF1601,208.35,209.5,207.75,208.25,75.0,,饲牛1601,495.0,207.925,208.25
2015-04-01,GF1601,208.75,209.0,207.6,208.0,39.0,,饲牛1601,520.0,208.025,208.0
2015-04-02,GF1601,208.7,208.85,208.5,208.5,17.0,,饲牛1601,529.0,208.85,208.5
2015-04-06,GF1601,210.0,210.5,207.575,208.5,20.0,,饲牛1601,530.0,207.575,208.5
2015-04-07,GF1601,207.5,207.5,205.125,206.8,53.0,,饲牛1601,543.0,206.475,206.8
2015-04-08,GF1601,206.05,207.5,205.875,207.475,108.0,,饲牛1601,555.0,207.375,207.475
2015-04-09,GF1601,207.4,207.85,206.75,207.05,77.0,,饲牛1601,585.0,207.05,207.05
2015-04-10,GF1601,205.425,205.425,203.0,203.75,93.0,,饲牛1601,605.0,203.6,203.75
2015-04-13,GF1601,202.425,203.85,202.4,203.8,42.0,,饲牛1601,636.0,203.725,203.8
2015-04-14,GF1601,204.25,204.925,204.175,204.325,64.0,,饲牛1601,644.0,204.25,204.325
2015-04-15,GF1601,204.975,206.3,204.975,205.3,15.0,,饲牛1601,670.0,205.425,205.3
2015-04-16,GF1601,206.25,206.25,205.4,206.2,16.0,,饲牛1601,669.0,206.175,206.2
2015-04-17,GF1601,206.6,206.725,201.675,202.0,55.0,,饲牛1601,669.0,201.675,202.0
2015-04-20,GF1601,201.45,201.45,197.975,198.5,62.0,,饲牛1601,687.0,198.05,198.5
2015-04-21,GF1601,199.175,200.0,198.05,199.5,48.0,,饲牛1601,711.0,200.0,199.5
2015-04-22,GF1601,199.775,199.8,198.575,199.5,37.0,,饲牛1601,733.0,199.75,199.5
2015-04-23,GF1601,200.575,204.0,200.125,203.25,68.0,,饲牛1601,741.0,203.675,203.25
2015-04-24,GF1601,204.4,206.8,203.6,206.5,66.0,,饲牛1601,753.0,206.5,206.5
2015-04-27,GF1601,204.1,204.9,203.75,204.0,92.0,,饲牛1601,763.0,203.825,204.0
2015-04-28,GF1601,205.2,205.75,205.0,205.0,22.0,,饲牛1601,804.0,205.2,205.0
2015-04-29,GF1601,205.3,206.5,204.15,206.0,363.0,,饲牛1601,805.0,206.05,206.0
2015-04-30,GF1601,206.375,207.0,203.575,205.55,87.0,,饲牛1601,966.0,205.55,205.55
2015-05-01,GF1601,206.9,207.25,205.55,206.25,67.0,,饲牛1601,1005.0,206.675,206.25
2015-05-04,GF1601,207.375,209.0,207.375,209.0,47.0,,饲牛1601,1046.0,209.0,209.0
2015-05-05,GF1601,208.775,210.425,208.775,210.15,197.0,,饲牛1601,1053.0,210.375,210.15
2015-05-06,GF1601,209.25,210.1,208.7,209.35,67.0,,饲牛1601,1128.0,209.15,209.35
2015-05-07,GF1601,209.05,209.05,208.225,209.0,146.0,,饲牛1601,1151.0,208.725,209.0
2015-05-08,GF1601,208.925,209.8,208.675,209.75,84.0,,饲牛1601,1216.0,209.675,209.75
2015-05-11,GF1601,209.875,210.75,208.5,209.175,142.0,,饲牛1601,1258.0,209.175,209.175
2015-05-12,GF1601,209.525,209.525,206.475,208.05,133.0,,饲牛1601,1314.0,208.025,208.05
2015-05-13,GF1601,208.3,209.475,207.15,209.225,67.0,,饲牛1601,1351.0,209.225,209.225
2015-05-14,GF1601,210.0,210.825,210.0,210.15,73.0,,饲牛1601,1369.0,210.25,210.15
2015-05-15,GF1601,210.525,210.85,208.925,209.6,48.0,,饲牛1601,1396.0,209.6,209.6
2015-05-18,GF1601,209.025,209.025,207.85,208.6,112.0,,饲牛1601,1406.0,208.775,208.6
2015-05-19,GF1601,208.8,209.4,208.275,209.375,95.0,,饲牛1601,1461.0,209.35,209.375
2015-05-20,GF1601,209.0,209.35,207.9,208.6,79.0,,饲牛1601,1476.0,208.75,208.6
2015-05-21,GF1601,209.2,209.9,208.75,209.15,98.0,,饲牛1601,1504.0,209.25,209.15
2015-05-22,GF1601,209.275,210.55,208.825,210.0,101.0,,饲牛1601,1502.0,210.125,210.0
2015-05-26,GF1601,210.4,210.95,210.4,210.7,157.0,,饲牛1601,1537.0,210.65,210.7
2015-05-27,GF1601,210.4,212.0,209.75,211.6,284.0,,饲牛1601,1620.0,211.6,211.6
2015-05-28,GF1601,212.0,214.025,211.85,213.25,433.0,,饲牛1601,1751.0,213.425,213.25
2015-05-29,GF1601,213.5,213.75,212.5,212.5,95.0,,饲牛1601,1923.0,212.65,212.5
2015-06-01,GF1601,212.8,213.6,212.8,213.25,146.0,,饲牛1601,1932.0,213.225,213.25
2015-06-02,GF1601,213.325,213.7,211.65,212.5,218.0,,饲牛1601,1994.0,212.775,212.5
2015-06-03,GF1601,212.525,212.6,211.2,211.2,124.0,,饲牛1601,2110.0,211.25,211.2
2015-06-04,GF1601,211.0,211.725,210.9,210.95,151.0,,饲牛1601,2166.0,211.025,210.95
2015-06-05,GF1601,211.425,211.775,209.525,210.625,126.0,,饲牛1601,2206.0,210.75,210.625
2015-06-08,GF1601,211.2,211.55,210.15,211.25,151.0,,饲牛1601,2252.0,211.4,211.25
2015-06-09,GF1601,211.225,212.325,211.175,212.0,414.0,,饲牛1601,2281.0,212.225,212.0
2015-06-10,GF1601,212.225,213.975,212.225,213.0,268.0,,饲牛1601,2286.0,213.475,213.0
2015-06-11,GF1601,213.625,214.15,212.6,213.0,124.0,,饲牛1601,2286.0,212.95,213.0
2015-06-12,GF1601,212.075,212.1,209.3,209.8,138.0,,饲牛1601,2311.0,209.925,209.8
2015-06-15,GF1601,209.575,210.7,209.375,210.0,80.0,,饲牛1601,2349.0,210.525,210.0
2015-06-16,GF1601,210.35,210.925,210.025,210.5,77.0,,饲牛1601,2369.0,210.775,210.5
2015-06-17,GF1601,210.275,211.2,209.55,210.5,92.0,,饲牛1601,2386.0,210.8,210.5
2015-06-18,GF1601,210.35,210.5,208.675,209.7,115.0,,饲牛1601,2382.0,209.35,209.7
2015-06-19,GF1601,209.7,210.925,209.5,210.25,101.0,,饲牛1601,2381.0,210.6,210.25
2015-06-22,GF1601,210.2,213.35,210.175,212.9,161.0,,饲牛1601,2377.0,213.2,212.9
2015-06-23,GF1601,213.2,213.55,212.425,212.9,166.0,,饲牛1601,2422.0,213.225,212.9
2015-06-24,GF1601,212.975,213.125,211.3,211.7,108.0,,饲牛1601,2466.0,211.425,211.7
2015-06-25,GF1601,210.825,211.15,206.925,207.2,396.0,,饲牛1601,2470.0,207.5,207.2
2015-06-26,GF1601,206.8,208.0,206.5,206.65,213.0,,饲牛1601,2497.0,206.8,206.65
2015-06-29,GF1601,206.35,209.1,205.4,208.25,133.0,,饲牛1601,2506.0,208.175,208.25
2015-06-30,GF1601,207.85,208.6,203.675,204.175,290.0,,饲牛1601,2545.0,204.15,204.175
2015-07-01,GF1601,204.125,208.05,203.875,207.5,328.0,,饲牛1601,2564.0,207.85,207.5
2015-07-02,GF1601,207.75,208.25,206.725,207.3,223.0,,饲牛1601,2596.0,207.35,207.3
2015-07-06,GF1601,207.75,207.75,206.35,207.0,218.0,,饲牛1601,2657.0,207.0,207.0
2015-07-07,GF1601,206.4,208.0,206.0,206.925,272.0,,饲牛1601,2698.0,207.075,206.925
2015-07-08,GF1601,206.775,207.5,203.45,204.95,542.0,,饲牛1601,2795.0,204.25,204.95
2015-07-09,GF1601,204.725,205.0,201.2,202.575,596.0,,饲牛1601,2922.0,202.275,202.575
2015-07-10,GF1601,202.25,203.975,201.25,201.6,465.0,,饲牛1601,3079.0,201.5,201.6
2015-07-13,GF1601,201.675,202.225,200.375,201.45,414.0,,饲牛1601,3122.0,200.925,201.45
2015-07-14,GF1601,201.475,204.525,200.925,203.725,584.0,,饲牛1601,3130.0,203.775,203.725
2015-07-15,GF1601,203.95,204.3,203.225,203.975,290.0,,饲牛1601,3165.0,204.05,203.975
2015-07-16,GF1601,203.875,203.875,201.975,202.7,176.0,,饲牛1601,3202.0,202.9,202.7
2015-07-17,GF1601,203.125,205.225,202.425,203.9,603.0,,饲牛1601,3206.0,203.875,203.9
2015-07-20,GF1601,204.6,205.225,204.075,204.35,331.0,,饲牛1601,3434.0,204.825,204.35
2015-07-21,GF1601,204.425,204.425,201.325,201.45,341.0,,饲牛1601,3542.0,201.85,201.45
2015-07-22,GF1601,201.15,202.65,200.6,200.65,220.0,,饲牛1601,3576.0,200.825,200.65
2015-07-23,GF1601,200.5,201.225,197.475,197.525,261.0,,饲牛1601,3586.0,197.725,197.525
2015-07-24,GF1601,197.725,199.05,196.4,198.475,421.0,,饲牛1601,3626.0,198.65,198.475
2015-07-27,GF1601,198.55,199.1,196.65,196.7,211.0,,饲牛1601,3706.0,197.225,196.7
2015-07-28,GF1601,196.775,199.95,196.775,199.225,453.0,,饲牛1601,3687.0,198.9,199.225
2015-07-29,GF1601,199.225,200.175,198.725,199.675,546.0,,饲牛1601,3697.0,199.85,199.675
2015-07-30,GF1601,199.85,200.875,198.7,199.675,225.0,,饲牛1601,3843.0,199.75,199.675
2015-07-31,GF1601,199.375,200.35,198.3,199.025,352.0,,饲牛1601,3871.0,198.525,199.025
2015-08-03,GF1601,199.9,202.1,199.9,201.65,556.0,,饲牛1601,3861.0,201.55,201.65
2015-08-04,GF1601,201.975,202.45,201.025,201.6,440.0,,饲牛1601,3995.0,201.625,201.6
2015-08-05,GF1601,201.475,201.725,200.5,201.6,620.0,,饲牛1601,4159.0,201.4,201.6
2015-08-06,GF1601,201.65,202.6,201.15,201.925,589.0,,饲牛1601,4311.0,201.925,201.925
2015-08-07,GF1601,201.575,201.925,200.375,200.375,540.0,,饲牛1601,4312.0,200.95,200.375
2015-08-10,GF1601,201.5,201.75,199.725,200.975,425.0,,饲牛1601,4470.0,201.0,200.975
2015-08-11,GF1601,200.775,201.15,200.25,200.975,362.0,,饲牛1601,4459.0,200.6,200.975
2015-08-12,GF1601,201.075,202.775,199.05,200.45,1011.0,,饲牛1601,4523.0,200.05,200.45
2015-08-13,GF1601,200.125,200.35,197.85,199.775,875.0,,饲牛1601,4664.0,199.85,199.775
2015-08-14,GF1601,199.725,200.0,197.95,198.825,431.0,,饲牛1601,4718.0,199.025,198.825
2015-08-17,GF1601,198.65,198.875,196.525,198.25,404.0,,饲牛1601,4742.0,198.475,198.25
2015-08-18,GF1601,198.475,199.0,198.05,198.5,214.0,,饲牛1601,4763.0,198.6,198.5
2015-08-19,GF1601,198.175,198.175,194.65,194.65,843.0,,饲牛1601,4799.0,195.375,194.65
2015-08-20,GF1601,194.075,195.85,193.85,194.975,515.0,,饲牛1601,4938.0,195.725,194.975
2015-08-21,GF1601,195.675,195.675,191.225,191.225,816.0,,饲牛1601,4982.0,191.225,191.225
2015-08-24,GF1601,188.625,189.125,184.875,187.1,1437.0,,饲牛1601,4921.0,187.35,187.1
2015-08-25,GF1601,188.0,190.475,186.6,186.6,648.0,,饲牛1601,4585.0,188.075,186.6
2015-08-26,GF1601,187.55,188.875,185.0,188.825,1444.0,,饲牛1601,4583.0,186.25,188.825
2015-08-27,GF1601,188.0,189.95,188.0,188.475,676.0,,饲牛1601,4354.0,189.0,188.475
2015-08-28,GF1601,188.825,191.1,188.825,190.825,863.0,,饲牛1601,4360.0,190.575,190.825
2015-08-31,GF1601,189.95,192.275,188.875,188.925,1117.0,,饲牛1601,4397.0,189.025,188.925
2015-09-01,GF1601,188.825,188.825,185.625,185.9,1226.0,,饲牛1601,4508.0,186.325,185.9
2015-09-02,GF1601,186.35,189.075,185.825,187.8,1056.0,,饲牛1601,4734.0,187.625,187.8
2015-09-03,GF1601,187.975,189.025,187.725,187.95,718.0,,饲牛1601,4861.0,188.2,187.95
2015-09-04,GF1601,187.8,187.8,186.1,186.725,769.0,,饲牛1601,4950.0,186.75,186.725
2015-09-08,GF1601,187.8,191.1,186.9,190.6,1374.0,,饲牛1601,5000.0,190.65,190.6
2015-09-09,GF1601,190.975,191.8,189.4,189.475,975.0,,饲牛1601,5058.0,189.925,189.475
2015-09-10,GF1601,189.35,190.475,188.75,189.7,996.0,,饲牛1601,5174.0,190.1,189.7
2015-09-11,GF1601,189.275,189.3,186.0,187.0,1218.0,,饲牛1601,5210.0,187.35,187.0
2015-09-14,GF1601,187.45,187.95,185.825,187.05,1296.0,,饲牛1601,5276.0,187.475,187.05
2015-09-15,GF1601,187.675,188.225,184.725,185.0,897.0,,饲牛1601,5259.0,185.65,185.0
2015-09-16,GF1601,185.375,185.375,181.15,181.15,1306.0,,饲牛1601,5378.0,181.475,181.15
2015-09-17,GF1601,181.0,182.175,180.05,181.4,868.0,,饲牛1601,5520.0,180.8,181.4
2015-09-18,GF1601,180.875,181.25,177.0,177.4,1230.0,,饲牛1601,5624.0,178.25,177.4
2015-09-21,GF1601,178.95,180.675,178.5,178.8,732.0,,饲牛1601,5765.0,179.25,178.8
2015-09-22,GF1601,178.775,180.225,177.75,177.75,816.0,,饲牛1601,5826.0,178.025,177.75
2015-09-23,GF1601,177.2,177.2,173.525,173.525,1266.0,,饲牛1601,5828.0,173.525,173.525
2015-09-24,GF1601,172.3,175.925,168.65,174.5,2329.0,,饲牛1601,5796.0,171.65,174.5
2015-09-25,GF1601,174.125,176.15,173.55,176.15,1010.0,,饲牛1601,5843.0,176.15,176.15
2015-09-28,GF1601,176.375,177.65,174.775,175.15,1393.0,,饲牛1601,5844.0,175.7,175.15
2015-09-29,GF1601,175.4,175.4,171.2,171.2,1699.0,,饲牛1601,5988.0,171.2,171.2
2015-09-30,GF1601,170.0,172.5,166.525,166.675,3058.0,,饲牛1601,6229.0,167.275,166.675
2015-10-01,GF1601,166.4,169.5,164.05,165.45,2852.0,,饲牛1601,6413.0,166.9,165.45
2015-10-02,GF1601,165.075,170.175,164.875,169.9,1762.0,,饲牛1601,6432.0,169.35,169.9
2015-10-05,GF1601,169.675,171.2,167.025,167.1,1551.0,,饲牛1601,6485.0,168.3,167.1
2015-10-06,GF1601,168.05,172.8,167.075,172.8,2181.0,,饲牛1601,6560.0,172.8,172.8
2015-10-07,GF1601,173.875,177.925,173.8,175.825,3884.0,,饲牛1601,6773.0,176.275,175.825
2015-10-08,GF1601,175.725,180.65,174.725,179.25,3897.0,,饲牛1601,6902.0,178.9,179.25
2015-10-09,GF1601,178.7,180.65,177.4,180.65,3177.0,,饲牛1601,7175.0,179.775,180.65
2015-10-12,GF1601,180.525,182.625,180.325,180.8,3049.0,,饲牛1601,7598.0,181.075,180.8
2015-10-13,GF1601,180.7,182.025,179.75,180.675,2403.0,,饲牛1601,8302.0,181.0,180.675
2015-10-14,GF1601,181.0,182.925,179.75,180.85,2792.0,,饲牛1601,9053.0,180.825,180.85
2015-10-15,GF1601,180.75,181.375,178.0,179.125,2530.0,,饲牛1601,9372.0,179.2,179.125
2015-10-16,GF1601,178.7,182.55,177.675,182.225,3845.0,,饲牛1601,9823.0,182.375,182.225
2015-10-19,GF1601,183.55,185.175,183.325,183.975,2952.0,,饲牛1601,10198.0,183.975,183.975
2015-10-20,GF1601,183.725,185.175,182.65,184.75,2838.0,,饲牛1601,10142.0,184.375,184.75
2015-10-21,GF1601,184.7,185.15,183.625,185.0,2469.0,,饲牛1601,10427.0,184.775,185.0
2015-10-22,GF1601,184.725,187.5,184.325,185.775,3338.0,,饲牛1601,10604.0,186.3,185.775
2015-10-23,GF1601,185.575,186.4,183.075,184.7,3878.0,,饲牛1601,10709.0,185.5,184.7
2015-10-26,GF1601,184.1,184.1,181.75,182.675,2657.0,,饲牛1601,11393.0,183.125,182.675
2015-10-27,GF1601,182.05,182.475,179.6,182.2,2973.0,,饲牛1601,11876.0,180.15,182.2
2015-10-28,GF1601,181.925,184.65,181.675,184.65,4026.0,,饲牛1601,12372.0,184.65,184.65
2015-10-29,GF1601,185.15,185.95,183.175,183.775,2658.0,,饲牛1601,13150.0,184.25,183.775
2015-10-30,GF1601,184.15,184.2,182.325,182.7,2764.0,,饲牛1601,13536.0,183.2,182.7
2015-11-02,GF1601,182.575,184.375,181.525,183.2,3693.0,,饲牛1601,14083.0,183.225,183.2
2015-11-03,GF1601,183.35,183.675,181.65,181.65,2843.0,,饲牛1601,14592.0,182.175,181.65
2015-11-04,GF1601,181.6,181.625,177.675,177.675,2798.0,,饲牛1601,15067.0,177.675,177.675
2015-11-05,GF1601,176.0,176.425,171.2,173.0,8798.0,,饲牛1601,15532.0,172.675,173.0
2015-11-06,GF1601,172.0,174.9,170.45,172.475,5548.0,,饲牛1601,16139.0,172.025,172.475
2015-11-09,GF1601,171.975,171.975,167.525,167.525,4799.0,,饲牛1601,16304.0,167.525,167.525
2015-11-10,GF1601,165.8,169.275,160.775,163.725,9052.0,,饲牛1601,16688.0,161.575,163.725
2015-11-11,GF1601,163.5,166.075,163.5,166.075,3364.0,,饲牛1601,16729.0,166.075,166.075
2015-11-12,GF1601,167.25,170.45,165.2,167.15,6870.0,,饲牛1601,16771.0,166.9,167.15
2015-11-13,GF1601,166.5,167.975,162.625,163.95,5027.0,,饲牛1601,16866.0,164.55,163.95
2015-11-16,GF1601,162.05,162.075,160.05,160.05,3264.0,,饲牛1601,17391.0,160.1,160.05
2015-11-17,GF1601,160.1,164.6,158.05,160.775,5059.0,,饲牛1601,17403.0,161.3,160.775
2015-11-18,GF1601,160.95,165.675,160.85,163.775,5360.0,,饲牛1601,17386.0,163.95,163.775
2015-11-19,GF1601,163.95,164.625,161.65,161.85,2985.0,,饲牛1601,17321.0,162.45,161.85
2015-11-20,GF1601,162.175,164.9,161.125,162.975,3920.0,,饲牛1601,17499.0,163.65,162.975
2015-11-23,GF1601,162.675,166.25,160.925,164.15,4372.0,,饲牛1601,17186.0,165.4,164.15
2015-11-24,GF1601,164.7,167.35,163.15,163.8,3837.0,,饲牛1601,17255.0,164.675,163.8
2015-11-25,GF1601,164.725,165.975,164.425,165.075,2007.0,,饲牛1601,17321.0,164.975,165.075
2015-11-27,GF1601,165.025,166.55,164.825,166.0,1848.0,,饲牛1601,17266.0,166.025,166.0
2015-11-30,GF1601,165.9,165.95,161.75,161.975,4213.0,,饲牛1601,17013.0,162.75,161.975
2015-12-01,GF1601,162.5,165.95,158.75,164.525,7779.0,,饲牛1601,17368.0,164.4,164.525
2015-12-02,GF1601,163.85,164.675,159.9,159.9,5109.0,,饲牛1601,17190.0,160.725,159.9
2015-12-03,GF1601,159.05,161.075,156.775,159.5,6956.0,,饲牛1601,17286.0,159.75,159.5
2015-12-04,GF1601,159.925,161.5,158.3,158.8,3324.0,,饲牛1601,16574.0,159.45,158.8
2015-12-07,GF1601,157.45,158.475,154.95,155.05,5551.0,,饲牛1601,16595.0,156.45,155.05
2015-12-08,GF1601,155.675,157.7,151.95,152.0,5523.0,,饲牛1601,15946.0,153.85,152.0
2015-12-09,GF1601,152.0,153.7,149.35,149.35,6432.0,,饲牛1601,15416.0,150.625,149.35
2015-12-10,GF1601,149.875,153.9,147.75,152.525,6886.0,,饲牛1601,15048.0,153.05,152.525
2015-12-11,GF1601,152.85,154.075,149.275,151.5,4758.0,,饲牛1601,14477.0,152.125,151.5
2015-12-14,GF1601,151.15,152.35,147.625,147.625,3975.0,,饲牛1601,14141.0,148.15,147.625
2015-12-15,GF1601,146.6,150.4,146.375,148.05,4471.0,,饲牛1601,13746.0,148.525,148.05
2015-12-16,GF1601,148.3,148.75,145.775,147.225,2978.0,,饲牛1601,13173.0,147.7,147.225
2015-12-17,GF1601,147.4,147.675,143.2,145.25,5561.0,,饲牛1601,13160.0,144.25,145.25
2015-12-18,GF1601,145.525,148.75,145.525,148.75,1782.0,,饲牛1601,12769.0,148.75,148.75
2015-12-21,GF1601,152.75,155.5,152.75,154.5,4278.0,,饲牛1601,12368.0,155.5,154.5
2015-12-22,GF1601,155.075,160.125,153.6,159.5,5099.0,,饲牛1601,11516.0,158.65,159.5
2015-12-23,GF1601,159.2,163.15,159.2,163.15,3719.0,,饲牛1601,10170.0,163.075,163.15
2015-12-24,GF1601,163.175,163.9,160.225,163.675,1625.0,,饲牛1601,9018.0,163.475,163.675
2015-12-28,GF1601,163.475,164.4,161.8,162.725,2198.0,,饲牛1601,8507.0,162.65,162.725
2015-12-29,GF1601,162.35,163.15,161.55,162.875,1547.0,,饲牛1601,7832.0,162.475,162.875
2015-12-30,GF1601,162.7,166.975,162.625,166.75,2142.0,,饲牛1601,7465.0,165.95,166.75
2015-12-31,GF1601,166.65,167.85,166.025,166.875,1380.0,,饲牛1601,7136.0,166.9,166.875
2016-01-04,GF1601,166.25,169.1,164.025,168.65,1977.0,,饲牛1601,7122.0,167.625,168.65
2016-01-05,GF1601,169.05,169.575,167.025,168.1,1531.0,,饲牛1601,6946.0,167.775,168.1
2016-01-06,GF1601,166.975,168.975,166.0,168.375,1543.0,,饲牛1601,6710.0,168.325,168.375
2016-01-07,GF1601,167.25,167.5,163.825,163.825,1529.0,,饲牛1601,6397.0,163.825,163.825
2016-01-08,GF1601,163.05,165.55,158.7,159.225,2983.0,,饲牛1601,6301.0,159.425,159.225
2016-01-11,GF1601,159.15,160.225,158.125,159.55,1436.0,,饲牛1601,5973.0,159.45,159.55
2016-01-12,GF1601,160.45,161.9,158.575,160.05,1998.0,,饲牛1601,5880.0,160.225,160.05
2016-01-13,GF1601,160.825,161.725,159.775,160.275,1188.0,,饲牛1601,5284.0,160.775,160.275
2016-01-14,GF1601,160.55,160.85,157.85,158.65,1614.0,,饲牛1601,4875.0,158.8,158.65
2016-01-15,GF1601,156.9,157.0,154.3,154.3,1247.0,,饲牛1601,4342.0,154.3,154.3
2016-01-19,GF1601,155.375,157.95,154.15,155.475,1673.0,,饲牛1601,4104.0,156.55,155.475
2016-01-20,GF1601,154.5,156.725,152.7,155.7,1399.0,,饲牛1601,3602.0,155.0,155.7
2016-01-21,GF1601,156.25,159.5,155.5,158.0,1508.0,,饲牛1601,3217.0,158.675,158.0
2016-01-22,GF1601,159.5,160.4,157.75,160.3,1088.0,,饲牛1601,2815.0,159.425,160.3
2016-01-25,GF1601,160.3,160.925,157.75,160.1,909.0,,饲牛1601,2585.0,160.225,160.1
2016-01-26,GF1601,160.25,161.325,160.1,161.0,558.0,,饲牛1601,2523.0,161.1,161.0
2016-01-27,GF1601,161.25,161.725,160.6,160.85,513.0,,饲牛1601,2403.0,160.925,160.85
2016-01-28,GF1601,160.725,161.475,160.725,161.3,294.0,,饲牛1601,2453.0,161.3,161.3
2016-01-29,GF1601,,,,161.24,0.0,,饲牛1601,2434.0,161.24,161.24
