date,symbol,open,high,low,close,volume,amount,name,openinterest,settleprice,price
2015-08-28,GF1608,188.35,188.725,188.1,188.725,9.0,,饲牛1608,0.0,188.7,188.725
2015-08-31,GF1608,188.6,190.0,187.975,187.975,22.0,,饲牛1608,9.0,188.05,187.975
2015-09-01,GF1608,184.5,184.5,184.25,184.325,7.0,,饲牛1608,26.0,184.25,184.325
2015-09-02,GF1608,,,,185.425,0.0,,饲牛1608,32.0,185.425,185.425
2015-09-03,GF1608,186.6,186.7,186.0,186.0,16.0,,饲牛1608,32.0,186.25,186.0
2015-09-04,GF1608,184.025,184.75,184.0,184.75,13.0,,饲牛1608,48.0,184.575,184.75
2015-09-08,GF1608,185.3,188.55,184.925,188.0,50.0,,饲牛1608,59.0,188.2,188.0
2015-09-09,GF1608,188.2,188.5,187.675,188.0,30.0,,饲牛1608,102.0,188.0,188.0
2015-09-10,GF1608,189.1,189.1,187.8,188.4,14.0,,饲牛1608,124.0,188.625,188.4
2015-09-11,GF1608,187.3,187.3,185.5,186.35,40.0,,饲牛1608,132.0,186.2,186.35
2015-09-14,GF1608,185.525,187.275,185.525,186.675,23.0,,饲牛1608,155.0,187.275,186.675
2015-09-15,GF1608,186.65,186.65,184.15,184.25,65.0,,饲牛1608,170.0,184.725,184.25
2015-09-16,GF1608,183.75,183.75,180.6,180.725,62.0,,饲牛1608,189.0,180.65,180.725
2015-09-17,GF1608,180.0,181.25,179.8,180.6,52.0,,饲牛1608,221.0,180.0,180.6
2015-09-18,GF1608,179.55,180.1,176.35,176.85,29.0,,饲牛1608,241.0,177.1,176.85
2015-09-21,GF1608,177.775,179.525,177.4,177.4,37.0,,饲牛1608,258.0,178.0,177.4
2015-09-22,GF1608,177.45,178.525,176.65,176.775,50.0,,饲牛1608,269.0,176.65,176.775
2015-09-23,GF1608,176.675,176.675,172.15,172.15,79.0,,饲牛1608,283.0,172.2,172.15
2015-09-24,GF1608,170.425,173.8,167.7,173.475,165.0,,饲牛1608,313.0,170.125,173.475
2015-09-25,GF1608,172.5,174.625,172.5,174.625,37.0,,饲牛1608,320.0,174.625,174.625
2015-09-28,GF1608,175.0,175.9,173.3,173.6,89.0,,饲牛1608,334.0,173.75,173.6
2015-09-29,GF1608,171.675,171.675,169.25,169.25,61.0,,饲牛1608,360.0,169.25,169.25
2015-09-30,GF1608,168.5,169.775,165.3,165.3,185.0,,饲牛1608,380.0,166.3,165.3
2015-10-01,GF1608,165.775,167.7,164.0,165.15,110.0,,饲牛1608,463.0,166.875,165.15
2015-10-02,GF1608,168.0,169.525,165.475,169.15,67.0,,饲牛1608,462.0,169.225,169.15
2015-10-05,GF1608,167.775,170.325,167.275,167.325,184.0,,饲牛1608,507.0,168.7,167.325
2015-10-06,GF1608,167.8,173.2,167.175,173.2,182.0,,饲牛1608,543.0,173.2,173.2
2015-10-07,GF1608,173.75,177.5,173.75,176.15,295.0,,饲牛1608,626.0,176.575,176.15
2015-10-08,GF1608,175.4,179.8,175.25,178.675,249.0,,饲牛1608,724.0,178.2,178.675
2015-10-09,GF1608,177.225,179.35,177.2,179.2,172.0,,饲牛1608,807.0,178.95,179.2
2015-10-12,GF1608,179.6,181.0,179.1,179.225,241.0,,饲牛1608,859.0,179.675,179.225
2015-10-13,GF1608,180.0,180.6,178.3,179.5,153.0,,饲牛1608,904.0,179.8,179.5
2015-10-14,GF1608,180.0,180.6,178.275,179.4,197.0,,饲牛1608,957.0,179.25,179.4
2015-10-15,GF1608,179.525,179.7,176.65,177.5,130.0,,饲牛1608,1015.0,177.4,177.5
2015-10-16,GF1608,177.15,180.525,176.25,180.5,182.0,,饲牛1608,1043.0,180.35,180.5
2015-10-19,GF1608,180.975,183.0,180.975,181.65,167.0,,饲牛1608,1081.0,181.875,181.65
2015-10-20,GF1608,181.575,182.5,180.925,181.85,85.0,,饲牛1608,1125.0,181.6,181.85
2015-10-21,GF1608,181.0,182.175,180.625,181.975,47.0,,饲牛1608,1137.0,182.0,181.975
2015-10-22,GF1608,182.625,184.1,181.85,182.6,131.0,,饲牛1608,1161.0,183.2,182.6
2015-10-23,GF1608,182.3,183.225,180.925,182.325,110.0,,饲牛1608,1174.0,182.65,182.325
2015-10-26,GF1608,180.3,181.25,179.675,180.45,164.0,,饲牛1608,1213.0,180.55,180.45
2015-10-27,GF1608,179.5,180.0,178.175,180.0,132.0,,饲牛1608,1251.0,178.6,180.0
2015-10-28,GF1608,180.0,182.8,180.0,182.75,317.0,,饲牛1608,1304.0,182.725,182.75
2015-10-29,GF1608,182.875,183.5,181.05,181.275,100.0,,饲牛1608,1355.0,181.75,181.275
2015-10-30,GF1608,180.75,181.175,179.525,179.875,79.0,,饲牛1608,1380.0,180.075,179.875
2015-11-02,GF1608,179.25,180.875,178.9,180.2,277.0,,饲牛1608,1397.0,180.425,180.2
2015-11-03,GF1608,180.375,180.875,179.3,179.4,111.0,,饲牛1608,1558.0,179.775,179.4
2015-11-04,GF1608,177.4,177.45,175.275,175.275,124.0,,饲牛1608,1653.0,175.275,175.275
2015-11-05,GF1608,174.35,174.35,169.65,171.5,431.0,,饲牛1608,1650.0,171.175,171.5
2015-11-06,GF1608,170.275,173.6,169.9,171.65,392.0,,饲牛1608,1620.0,171.4,171.65
2015-11-09,GF1608,171.2,171.2,166.9,166.9,254.0,,饲牛1608,1691.0,166.975,166.9
2015-11-10,GF1608,166.3,169.175,160.7,165.05,394.0,,饲牛1608,1722.0,162.975,165.05
2015-11-11,GF1608,166.675,167.475,166.5,167.475,173.0,,饲牛1608,1715.0,167.475,167.475
2015-11-12,GF1608,167.975,170.1,166.0,167.5,433.0,,饲牛1608,1707.0,167.5,167.5
2015-11-13,GF1608,166.925,168.0,163.45,164.15,156.0,,饲牛1608,1814.0,164.45,164.15
2015-11-16,GF1608,161.75,161.75,159.95,160.6,221.0,,饲牛1608,1817.0,159.975,160.6
2015-11-17,GF1608,160.675,164.475,159.9,162.425,340.0,,饲牛1608,1827.0,162.825,162.425
2015-11-18,GF1608,162.6,167.275,162.6,165.425,231.0,,饲牛1608,1908.0,166.15,165.425
2015-11-19,GF1608,165.5,166.125,163.325,163.4,159.0,,饲牛1608,1907.0,164.075,163.4
2015-11-20,GF1608,163.0,165.9,162.5,164.9,129.0,,饲牛1608,1934.0,165.55,164.9
2015-11-23,GF1608,163.725,167.25,163.05,165.825,269.0,,饲牛1608,1975.0,166.9,165.825
2015-11-24,GF1608,166.175,168.125,164.4,165.75,263.0,,饲牛1608,2009.0,166.425,165.75
2015-11-25,GF1608,166.5,167.55,166.25,166.5,90.0,,饲牛1608,2096.0,166.825,166.5
2015-11-27,GF1608,167.425,167.8,166.275,166.8,89.0,,饲牛1608,2120.0,166.8,166.8
2015-11-30,GF1608,165.875,166.25,162.825,163.0,412.0,,饲牛1608,2109.0,164.05,163.0
2015-12-01,GF1608,163.25,166.575,161.175,166.375,680.0,,饲牛1608,2205.0,166.375,166.375
2015-12-02,GF1608,165.225,165.725,161.875,161.875,193.0,,饲牛1608,2421.0,162.425,161.875
2015-12-03,GF1608,160.825,162.175,158.075,160.775,564.0,,饲牛1608,2395.0,161.275,160.775
2015-12-04,GF1608,161.675,162.35,159.525,160.0,268.0,,饲牛1608,2528.0,160.625,160.0
2015-12-07,GF1608,159.025,159.3,156.125,156.8,457.0,,饲牛1608,2553.0,157.8,156.8
2015-12-08,GF1608,156.975,158.4,153.5,154.9,714.0,,饲牛1608,2566.0,156.25,154.9
2015-12-09,GF1608,154.1,155.95,151.75,151.75,848.0,,饲牛1608,2739.0,153.3,151.75
2015-12-10,GF1608,152.3,155.8,150.55,154.65,780.0,,饲牛1608,2937.0,155.075,154.65
2015-12-11,GF1608,154.775,156.0,151.225,153.8,395.0,,饲牛1608,3080.0,153.975,153.8
2015-12-14,GF1608,153.0,153.55,149.475,149.475,442.0,,饲牛1608,3099.0,149.775,149.475
2015-12-15,GF1608,148.125,151.0,148.075,149.0,526.0,,饲牛1608,3166.0,149.475,149.0
2015-12-16,GF1608,148.9,149.1,146.6,148.475,314.0,,饲牛1608,3229.0,148.825,148.475
2015-12-17,GF1608,147.8,149.075,145.25,147.95,690.0,,饲牛1608,3253.0,147.2,147.95
2015-12-18,GF1608,148.4,151.7,148.4,151.7,274.0,,饲牛1608,3146.0,151.7,151.7
2015-12-21,GF1608,155.375,158.45,155.375,156.675,675.0,,饲牛1608,3142.0,157.625,156.675
2015-12-22,GF1608,157.225,159.75,156.55,159.15,782.0,,饲牛1608,3146.0,158.575,159.15
2015-12-23,GF1608,158.8,162.975,158.8,162.85,905.0,,饲牛1608,3384.0,162.3,162.85
2015-12-24,GF1608,163.0,163.275,159.6,162.7,438.0,,饲牛1608,3583.0,162.825,162.7
2015-12-28,GF1608,163.075,163.3,161.175,162.1,494.0,,饲牛1608,3597.0,162.425,162.1
2015-12-29,GF1608,162.025,162.3,161.325,161.9,355.0,,饲牛1608,3634.0,162.125,161.9
2015-12-30,GF1608,162.6,165.3,162.55,165.0,643.0,,饲牛1608,3697.0,164.4,165.0
2015-12-31,GF1608,165.0,165.4,164.025,164.9,371.0,,饲牛1608,3854.0,165.275,164.9
2016-01-04,GF1608,164.3,167.0,163.075,166.025,714.0,,饲牛1608,3959.0,165.8,166.025
2016-01-05,GF1608,166.75,167.35,164.8,165.725,589.0,,饲牛1608,4184.0,165.675,165.725
2016-01-06,GF1608,165.125,166.475,163.575,165.55,560.0,,饲牛1608,4308.0,166.05,165.55
2016-01-07,GF1608,165.1,165.1,161.55,161.55,342.0,,饲牛1608,4454.0,161.55,161.55
2016-01-08,GF1608,160.65,162.75,156.55,158.3,1160.0,,饲牛1608,4534.0,159.0,158.3
2016-01-11,GF1608,157.5,158.75,156.7,157.85,967.0,,饲牛1608,4714.0,158.275,157.85
2016-01-12,GF1608,158.9,160.3,156.65,157.85,678.0,,饲牛1608,4831.0,158.45,157.85
2016-01-13,GF1608,158.425,159.725,157.525,158.0,558.0,,饲牛1608,4898.0,158.55,158.0
2016-01-14,GF1608,158.4,158.6,155.375,156.75,959.0,,饲牛1608,4973.0,157.175,156.75
2016-01-15,GF1608,155.45,155.45,152.675,152.675,605.0,,饲牛1608,5098.0,152.675,152.675
2016-01-19,GF1608,153.5,155.45,152.5,152.875,860.0,,饲牛1608,5087.0,154.325,152.875
2016-01-20,GF1608,152.325,153.05,150.025,152.45,956.0,,饲牛1608,5067.0,151.625,152.45
2016-01-21,GF1608,153.0,156.125,152.35,155.2,649.0,,饲牛1608,5153.0,155.85,155.2
2016-01-22,GF1608,156.5,160.25,156.275,160.25,873.0,,饲牛1608,5125.0,158.9,160.25
2016-01-25,GF1608,158.05,160.25,156.275,157.0,544.0,,饲牛1608,5325.0,157.825,157.0
2016-01-26,GF1608,156.525,159.225,156.2,158.575,411.0,,饲牛1608,5480.0,158.825,158.575
2016-01-27,GF1608,158.8,160.65,158.525,159.475,1056.0,,饲牛1608,5598.0,160.25,159.475
2016-01-28,GF1608,160.0,160.975,158.825,159.55,459.0,,饲牛1608,5707.0,159.325,159.55
2016-01-29,GF1608,159.725,159.8,155.125,156.0,783.0,,饲牛1608,5825.0,157.1,156.0
2016-02-01,GF1608,156.675,158.1,154.325,157.2,1192.0,,饲牛1608,5857.0,156.975,157.2
2016-02-02,GF1608,156.95,158.175,156.2,156.75,511.0,,饲牛1608,6224.0,157.125,156.75
2016-02-03,GF1608,157.15,158.75,157.1,157.925,550.0,,饲牛1608,6318.0,157.525,157.925
2016-02-04,GF1608,157.625,158.7,155.5,155.9,717.0,,饲牛1608,6413.0,156.325,155.9
2016-02-05,GF1608,155.7,156.5,152.625,153.05,2281.0,,饲牛1608,6589.0,153.55,153.05
2016-02-08,GF1608,151.95,151.95,149.05,149.05,1422.0,,饲牛1608,7380.0,149.15,149.05
2016-02-09,GF1608,148.95,151.35,148.725,150.95,1544.0,,饲牛1608,7496.0,149.7,150.95
2016-02-10,GF1608,151.025,153.0,150.2,151.7,871.0,,饲牛1608,7603.0,151.725,151.7
2016-02-11,GF1608,150.875,151.25,147.225,150.275,1578.0,,饲牛1608,7659.0,150.025,150.275
2016-02-12,GF1608,150.75,151.45,148.625,149.675,1092.0,,饲牛1608,7692.0,149.375,149.675
2016-02-16,GF1608,149.625,153.55,148.975,153.425,1377.0,,饲牛1608,7746.0,153.15,153.425
2016-02-17,GF1608,153.45,155.3,153.075,153.625,1425.0,,饲牛1608,7778.0,153.675,153.625
2016-02-18,GF1608,153.725,154.475,152.425,153.625,1236.0,,饲牛1608,7957.0,153.475,153.625
2016-02-19,GF1608,153.1,153.725,151.775,152.6,888.0,,饲牛1608,8041.0,152.425,152.6
2016-02-22,GF1608,152.725,154.975,152.15,153.075,1224.0,,饲牛1608,8115.0,152.7,153.075
2016-02-23,GF1608,152.7,154.975,151.95,154.6,858.0,,饲牛1608,8201.0,154.5,154.6
2016-02-24,GF1608,154.3,156.15,153.65,155.55,1340.0,,饲牛1608,8328.0,155.475,155.55
2016-02-25,GF1608,156.0,157.275,155.6,156.475,1018.0,,饲牛1608,8526.0,156.7,156.475
2016-02-26,GF1608,156.875,157.125,155.6,156.6,977.0,,饲牛1608,8704.0,156.45,156.6
2016-02-29,GF1608,156.625,157.325,156.1,156.9,1064.0,,饲牛1608,8811.0,157.225,156.9
2016-03-01,GF1608,156.825,157.25,155.1,156.475,1035.0,,饲牛1608,9118.0,156.375,156.475
2016-03-02,GF1608,156.4,157.25,155.35,156.35,1063.0,,饲牛1608,9078.0,156.375,156.35
2016-03-03,GF1608,156.125,156.775,155.2,156.225,1678.0,,饲牛1608,9132.0,156.25,156.225
2016-03-04,GF1608,156.25,157.55,155.375,157.025,1511.0,,饲牛1608,9381.0,157.075,157.025
2016-03-07,GF1608,156.7,158.0,155.55,157.75,1717.0,,饲牛1608,9530.0,157.75,157.75
2016-03-08,GF1608,157.325,159.275,156.55,158.825,1507.0,,饲牛1608,9623.0,158.775,158.825
2016-03-09,GF1608,158.875,159.35,157.975,158.825,1098.0,,饲牛1608,9872.0,158.575,158.825
2016-03-10,GF1608,158.95,160.825,158.875,160.8,1882.0,,饲牛1608,9944.0,160.675,160.8
2016-03-11,GF1608,160.9,163.75,160.825,161.2,3121.0,,饲牛1608,10531.0,161.35,161.2
2016-03-14,GF1608,160.975,161.75,160.5,160.575,1142.0,,饲牛1608,11134.0,160.8,160.575
2016-03-15,GF1608,161.0,162.5,160.425,162.4,1451.0,,饲牛1608,11479.0,162.3,162.4
2016-03-16,GF1608,162.7,163.725,161.6,162.975,2025.0,,饲牛1608,11553.0,163.075,162.975
2016-03-17,GF1608,162.8,164.1,162.15,162.75,1469.0,,饲牛1608,11750.0,162.925,162.75
2016-03-18,GF1608,162.5,163.0,158.425,158.475,1581.0,,饲牛1608,11962.0,159.55,158.475
2016-03-21,GF1608,158.5,158.6,155.75,155.775,1499.0,,饲牛1608,12032.0,156.1,155.775
2016-03-22,GF1608,155.8,156.35,153.55,155.05,2459.0,,饲牛1608,12021.0,155.0,155.05
2016-03-23,GF1608,155.2,156.175,153.3,153.9,1754.0,,饲牛1608,11692.0,154.25,153.9
2016-03-24,GF1608,154.175,155.225,153.525,154.9,1901.0,,饲牛1608,11629.0,154.85,154.9
2016-03-28,GF1608,154.925,155.675,153.95,154.375,1050.0,,饲牛1608,11586.0,154.725,154.375
2016-03-29,GF1608,154.65,155.825,153.975,154.575,1157.0,,饲牛1608,11470.0,154.7,154.575
2016-03-30,GF1608,154.9,155.2,150.2,150.2,3455.0,,饲牛1608,11444.0,150.575,150.2
2016-03-31,GF1608,150.5,155.075,149.5,155.075,2725.0,,饲牛1608,11500.0,155.075,155.075
2016-04-01,GF1608,155.2,156.425,154.025,154.725,2396.0,,饲牛1608,11534.0,155.0,154.725
2016-04-04,GF1608,155.5,156.0,154.375,154.775,1731.0,,饲牛1608,11730.0,155.1,154.775
2016-04-05,GF1608,154.825,154.85,150.6,150.6,4545.0,,饲牛1608,12022.0,150.85,150.6
2016-04-06,GF1608,151.175,152.975,150.3,150.3,3072.0,,饲牛1608,12023.0,151.2,150.3
2016-04-07,GF1608,150.825,152.0,148.3,150.975,6124.0,,饲牛1608,12162.0,151.375,150.975
2016-04-08,GF1608,152.725,154.45,152.55,153.9,4166.0,,饲牛1608,12965.0,153.925,153.9
2016-04-11,GF1608,154.0,154.775,152.175,152.275,3182.0,,饲牛1608,13503.0,152.8,152.275
2016-04-12,GF1608,152.7,153.45,150.85,151.825,4093.0,,饲牛1608,14233.0,151.95,151.825
2016-04-13,GF1608,152.275,152.725,150.125,150.2,3756.0,,饲牛1608,15436.0,150.8,150.2
2016-04-14,GF1608,150.825,151.85,149.725,150.9,2658.0,,饲牛1608,16229.0,150.975,150.9
2016-04-15,GF1608,151.0,152.475,150.775,151.2,1974.0,,饲牛1608,16358.0,151.625,151.2
2016-04-18,GF1608,151.6,151.6,147.125,147.125,5811.0,,饲牛1608,16490.0,147.125,147.125
2016-04-19,GF1608,146.55,148.375,144.9,146.225,4102.0,,饲牛1608,17177.0,146.525,146.225
2016-04-20,GF1608,146.4,147.325,145.375,145.7,2215.0,,饲牛1608,17548.0,145.775,145.7
2016-04-21,GF1608,146.0,147.65,144.525,146.25,2840.0,,饲牛1608,17822.0,146.05,146.25
2016-04-22,GF1608,146.25,146.675,141.55,141.775,6000.0,,饲牛1608,17958.0,142.1,141.775
2016-04-25,GF1608,142.625,143.625,141.775,143.175,4396.0,,饲牛1608,18838.0,143.25,143.175
2016-04-26,GF1608,144.25,145.55,143.75,145.05,4017.0,,饲牛1608,19634.0,145.025,145.05
2016-04-27,GF1608,145.15,146.65,142.35,144.1,5654.0,,饲牛1608,19783.0,144.3,144.1
2016-04-28,GF1608,142.95,143.825,139.8,139.8,5947.0,,饲牛1608,20884.0,139.8,139.8
2016-04-29,GF1608,139.175,141.1,138.1,140.2,5091.0,,饲牛1608,21642.0,140.375,140.2
2016-05-02,GF1608,140.325,143.55,140.2,141.75,5023.0,,饲牛1608,22068.0,141.5,141.75
2016-05-03,GF1608,141.775,143.425,141.075,142.95,4597.0,,饲牛1608,22443.0,143.05,142.95
2016-05-04,GF1608,142.05,144.175,141.55,144.05,5399.0,,饲牛1608,23085.0,143.625,144.05
2016-05-05,GF1608,144.25,147.625,144.025,147.05,6358.0,,饲牛1608,23620.0,147.025,147.05
2016-05-06,GF1608,147.475,148.175,146.525,147.475,4943.0,,饲牛1608,23897.0,147.175,147.475
2016-05-09,GF1608,149.375,151.675,149.25,150.6,6383.0,,饲牛1608,24021.0,150.85,150.6
2016-05-10,GF1608,150.85,151.25,149.625,150.575,3728.0,,饲牛1608,24141.0,150.325,150.575
2016-05-11,GF1608,150.425,152.2,148.375,148.6,5701.0,,饲牛1608,24119.0,149.275,148.6
2016-05-12,GF1608,148.6,150.65,146.275,147.15,5730.0,,饲牛1608,24017.0,147.25,147.15
2016-05-13,GF1608,147.25,148.325,142.875,147.4,6664.0,,饲牛1608,24134.0,146.25,147.4
2016-05-16,GF1608,147.6,149.325,147.5,147.85,4093.0,,饲牛1608,24482.0,147.725,147.85
2016-05-17,GF1608,147.8,149.0,147.25,148.7,2659.0,,饲牛1608,23990.0,148.775,148.7
2016-05-18,GF1608,148.85,149.775,148.35,149.025,2799.0,,饲牛1608,23991.0,149.35,149.025
2016-05-19,GF1608,148.275,148.9,145.525,147.475,4712.0,,饲牛1608,24082.0,148.1,147.475
2016-05-20,GF1608,148.475,148.8,146.825,147.85,3468.0,,饲牛1608,24286.0,147.925,147.85
2016-05-23,GF1608,145.4,145.475,143.425,143.425,4481.0,,饲牛1608,23962.0,143.425,143.425
2016-05-24,GF1608,142.45,142.85,139.775,142.15,6038.0,,饲牛1608,24197.0,142.1,142.15
2016-05-25,GF1608,142.15,143.125,141.85,142.7,2470.0,,饲牛1608,24327.0,142.675,142.7
2016-05-26,GF1608,142.675,145.625,140.325,145.225,5360.0,,饲牛1608,24546.0,145.4,145.225
2016-05-27,GF1608,145.65,146.85,145.55,146.475,3516.0,,饲牛1608,24596.0,146.7,146.475
2016-05-31,GF1608,147.4,148.55,146.75,147.1,3857.0,,饲牛1608,24534.0,147.1,147.1
2016-06-01,GF1608,146.5,146.925,144.175,146.325,3692.0,,饲牛1608,24360.0,146.425,146.325
2016-06-02,GF1608,146.275,147.45,145.55,146.375,2786.0,,饲牛1608,24235.0,146.4,146.375
2016-06-03,GF1608,146.675,147.175,145.45,146.75,2766.0,,饲牛1608,24335.0,146.675,146.75
2016-06-06,GF1608,147.7,148.525,143.025,144.525,4905.0,,饲牛1608,24572.0,145.525,144.525
2016-06-07,GF1608,145.325,146.85,144.55,145.025,3351.0,,饲牛1608,24897.0,145.45,145.025
2016-06-08,GF1608,145.425,147.675,143.0,147.225,5373.0,,饲牛1608,25038.0,147.375,147.225
2016-06-09,GF1608,147.125,148.0,146.15,147.0,3146.0,,饲牛1608,25107.0,147.3,147.0
2016-06-10,GF1608,147.075,147.45,144.6,145.275,3191.0,,饲牛1608,25090.0,145.55,145.275
2016-06-13,GF1608,144.0,144.625,141.05,141.05,5601.0,,饲牛1608,25190.0,141.05,141.05
2016-06-14,GF1608,141.05,142.675,140.0,141.75,4955.0,,饲牛1608,25331.0,142.15,141.75
2016-06-15,GF1608,142.1,142.2,140.0,140.375,2933.0,,饲牛1608,25448.0,140.25,140.375
2016-06-16,GF1608,140.8,140.8,136.9,139.675,6578.0,,饲牛1608,25617.0,139.625,139.675
2016-06-17,GF1608,139.55,140.8,137.05,137.175,3858.0,,饲牛1608,26126.0,137.425,137.175
2016-06-20,GF1608,138.025,138.05,134.25,136.725,5247.0,,饲牛1608,26479.0,136.675,136.725
2016-06-21,GF1608,137.0,139.7,136.225,139.1,4235.0,,饲牛1608,26175.0,139.275,139.1
2016-06-22,GF1608,139.5,140.7,137.025,140.15,4826.0,,饲牛1608,26180.0,140.175,140.15
2016-06-23,GF1608,140.15,142.65,139.825,142.65,3595.0,,饲牛1608,25818.0,142.375,142.65
2016-06-24,GF1608,140.4,141.025,137.875,139.6,3813.0,,饲牛1608,25425.0,139.45,139.6
2016-06-27,GF1608,139.65,141.4,139.125,140.05,2827.0,,饲牛1608,25472.0,140.175,140.05
2016-06-28,GF1608,140.35,141.375,140.075,140.75,2081.0,,饲牛1608,25462.0,140.675,140.75
2016-06-29,GF1608,141.425,144.35,141.0,143.275,5530.0,,饲牛1608,25236.0,143.05,143.275
2016-06-30,GF1608,143.3,145.1,143.3,143.875,5306.0,,饲牛1608,24926.0,144.3,143.875
2016-07-01,GF1608,143.7,145.05,141.875,142.25,4364.0,,饲牛1608,24916.0,142.45,142.25
2016-07-05,GF1608,142.575,144.475,139.75,144.3,5089.0,,饲牛1608,24745.0,144.075,144.3
2016-07-06,GF1608,144.45,146.1,143.05,144.1,4940.0,,饲牛1608,24588.0,144.575,144.1
2016-07-07,GF1608,143.925,145.1,142.325,143.15,3707.0,,饲牛1608,24030.0,143.625,143.15
2016-07-08,GF1608,143.075,144.5,142.05,143.25,4072.0,,饲牛1608,23660.0,143.45,143.25
2016-07-11,GF1608,142.825,143.275,138.95,139.225,5827.0,,饲牛1608,22440.0,139.45,139.225
2016-07-12,GF1608,139.075,140.4,136.875,138.5,6343.0,,饲牛1608,21900.0,138.6,138.5
2016-07-13,GF1608,137.9,139.475,137.1,139.05,4945.0,,饲牛1608,21569.0,139.275,139.05
2016-07-14,GF1608,139.1,142.55,139.1,141.775,5621.0,,饲牛1608,20984.0,141.7,141.775
2016-07-15,GF1608,142.1,142.75,139.25,139.375,3736.0,,饲牛1608,20178.0,139.575,139.375
2016-07-18,GF1608,138.85,141.45,137.825,141.3,3350.0,,饲牛1608,19822.0,141.175,141.3
2016-07-19,GF1608,141.55,143.225,139.525,139.55,3849.0,,饲牛1608,19631.0,139.9,139.55
2016-07-20,GF1608,138.9,140.9,137.9,138.2,3830.0,,饲牛1608,19276.0,138.625,138.2
2016-07-21,GF1608,138.85,139.075,134.125,134.525,5620.0,,饲牛1608,19027.0,134.4,134.525
2016-07-22,GF1608,134.4,137.775,134.4,136.925,4473.0,,饲牛1608,19161.0,137.2,136.925
2016-07-25,GF1608,138.85,141.75,138.575,141.75,3903.0,,饲牛1608,17853.0,141.7,141.75
2016-07-26,GF1608,142.45,143.575,141.1,142.35,4078.0,,饲牛1608,16841.0,142.45,142.35
2016-07-27,GF1608,141.65,142.85,141.25,142.15,2560.0,,饲牛1608,15686.0,142.275,142.15
2016-07-28,GF1608,141.975,144.2,139.9,140.25,3596.0,,饲牛1608,15151.0,140.475,140.25
2016-07-29,GF1608,140.375,142.1,139.2,140.2,2589.0,,饲牛1608,14664.0,140.05,140.2
2016-08-01,GF1608,140.975,144.55,140.975,144.55,3363.0,,饲牛1608,14091.0,144.55,144.55
2016-08-02,GF1608,145.1,146.875,144.375,145.775,3485.0,,饲牛1608,13438.0,145.475,145.775
2016-08-03,GF1608,145.45,147.9,145.025,147.475,2474.0,,饲牛1608,12509.0,147.475,147.475
2016-08-04,GF1608,147.4,149.85,146.85,147.375,3387.0,,饲牛1608,11988.0,147.575,147.375
2016-08-05,GF1608,148.5,149.95,147.525,149.85,3652.0,,饲牛1608,10765.0,149.65,149.85
2016-08-08,GF1608,149.9,150.85,148.6,149.0,2570.0,,饲牛1608,9054.0,149.125,149.0
2016-08-09,GF1608,149.05,151.1,148.375,150.525,2103.0,,饲牛1608,7930.0,150.175,150.525
2016-08-10,GF1608,150.5,151.2,149.15,149.9,1105.0,,饲牛1608,7270.0,149.725,149.9
2016-08-11,GF1608,149.475,150.15,146.55,148.125,1746.0,,饲牛1608,6905.0,148.725,148.125
2016-08-12,GF1608,148.6,149.6,147.275,149.05,811.0,,饲牛1608,6461.0,149.075,149.05
2016-08-15,GF1608,149.2,150.0,148.45,148.55,862.0,,饲牛1608,6312.0,148.65,148.55
2016-08-16,GF1608,148.425,148.675,146.825,147.0,1837.0,,饲牛1608,5937.0,147.125,147.0
2016-08-17,GF1608,146.85,147.625,146.275,146.5,1074.0,,饲牛1608,5563.0,146.725,146.5
2016-08-18,GF1608,146.825,147.0,144.9,144.9,1377.0,,饲牛1608,5281.0,145.025,144.9
2016-08-19,GF1608,145.125,146.3,144.4,145.95,1480.0,,饲牛1608,4961.0,146.075,145.95
2016-08-22,GF1608,146.35,147.6,145.975,147.0,1860.0,,饲牛1608,4439.0,147.025,147.0
2016-08-23,GF1608,146.8,147.05,146.15,146.55,1013.0,,饲牛1608,3717.0,146.45,146.55
2016-08-24,GF1608,146.65,147.0,146.25,146.65,854.0,,饲牛1608,3397.0,146.65,146.65
2016-08-25,GF1608,146.625,146.95,146.575,146.75,653.0,,饲牛1608,2947.0,146.725,146.75
2016-08-26,GF1608,,,,146.11,0.0,,饲牛1608,2677.0,146.11,146.11
