date,symbol,open,high,low,close,volume,amount,name,openinterest,settleprice,price
2015-05-22,GF1605,208.0,208.0,208.0,208.0,1.0,,饲牛1605,0.0,208.0,208.0
2015-05-26,GF1605,,,,208.5,0.0,,饲牛1605,1.0,208.5,208.5
2015-05-27,GF1605,210.45,210.45,210.0,210.0,4.0,,饲牛1605,1.0,210.35,210.0
2015-05-28,GF1605,211.625,212.45,211.4,211.75,12.0,,饲牛1605,5.0,212.45,211.75
2015-05-29,GF1605,212.45,212.45,212.0,212.2,4.0,,饲牛1605,13.0,212.0,212.2
2015-06-01,GF1605,212.125,212.425,212.025,212.025,12.0,,饲牛1605,17.0,212.125,212.025
2015-06-02,GF1605,,,,211.5,1.0,,饲牛1605,26.0,211.5,211.5
2015-06-03,GF1605,210.7,210.75,210.0,210.75,1.0,,饲牛1605,27.0,210.425,210.75
2015-06-04,GF1605,,,,210.025,0.0,,饲牛1605,28.0,210.2,210.025
2015-06-05,GF1605,,,,209.0,4.0,,饲牛1605,28.0,209.5,209.0
2015-06-08,GF1605,,,,209.55,0.0,,饲牛1605,28.0,209.55,209.55
2015-06-09,GF1605,208.075,209.0,208.075,209.0,5.0,,饲牛1605,28.0,208.175,209.0
2015-06-10,GF1605,208.425,210.0,208.4,209.0,10.0,,饲牛1605,28.0,209.575,209.0
2015-06-11,GF1605,,,,209.4,0.0,,饲牛1605,35.0,209.4,209.4
2015-06-12,GF1605,209.0,209.0,207.0,207.5,4.0,,饲牛1605,35.0,207.0,207.5
2015-06-15,GF1605,206.95,207.15,206.95,207.05,1.0,,饲牛1605,37.0,207.35,207.05
2015-06-16,GF1605,,,,207.325,0.0,,饲牛1605,38.0,207.325,207.325
2015-06-17,GF1605,206.65,207.0,206.65,207.0,1.0,,饲牛1605,38.0,207.0,207.0
2015-06-18,GF1605,205.65,206.5,205.65,206.5,2.0,,饲牛1605,39.0,205.65,206.5
2015-06-19,GF1605,206.65,207.6,206.5,207.25,8.0,,饲牛1605,41.0,207.3,207.25
2015-06-22,GF1605,207.65,210.0,207.65,209.4,27.0,,饲牛1605,48.0,209.775,209.4
2015-06-23,GF1605,209.25,209.75,209.25,209.75,7.0,,饲牛1605,73.0,209.45,209.75
2015-06-24,GF1605,209.6,209.6,207.825,208.75,3.0,,饲牛1605,76.0,208.0,208.75
2015-06-25,GF1605,207.65,207.95,204.0,207.875,16.0,,饲牛1605,79.0,204.5,207.875
2015-06-26,GF1605,204.0,205.5,204.0,204.475,15.0,,饲牛1605,83.0,204.275,204.475
2015-06-29,GF1605,204.0,205.75,204.0,205.75,13.0,,饲牛1605,94.0,205.75,205.75
2015-06-30,GF1605,203.5,203.5,201.25,203.25,8.0,,饲牛1605,107.0,201.5,203.25
2015-07-01,GF1605,202.975,205.475,202.975,205.35,16.0,,饲牛1605,108.0,205.35,205.35
2015-07-02,GF1605,205.35,205.5,204.5,205.25,18.0,,饲牛1605,112.0,204.6,205.25
2015-07-06,GF1605,,,,204.55,0.0,,饲牛1605,126.0,204.55,204.55
2015-07-07,GF1605,203.925,204.525,203.55,204.325,14.0,,饲牛1605,126.0,204.325,204.325
2015-07-08,GF1605,203.7,203.7,202.35,202.35,4.0,,饲牛1605,133.0,202.45,202.35
2015-07-09,GF1605,202.4,202.4,200.45,200.6,5.0,,饲牛1605,137.0,201.075,200.6
2015-07-10,GF1605,201.25,202.15,199.725,200.3,16.0,,饲牛1605,136.0,200.3,200.3
2015-07-13,GF1605,200.5,200.5,199.725,199.775,10.0,,饲牛1605,135.0,199.875,199.775
2015-07-14,GF1605,200.875,202.85,200.85,202.325,24.0,,饲牛1605,139.0,202.3,202.325
2015-07-15,GF1605,202.5,202.525,201.875,202.175,81.0,,饲牛1605,151.0,202.35,202.175
2015-07-16,GF1605,201.0,201.0,200.125,200.95,17.0,,饲牛1605,192.0,201.0,200.95
2015-07-17,GF1605,201.35,203.8,201.05,203.1,99.0,,饲牛1605,205.0,203.075,203.1
2015-07-20,GF1605,203.0,203.0,202.45,202.45,9.0,,饲牛1605,248.0,202.8,202.45
2015-07-21,GF1605,200.95,200.95,199.1,199.15,14.0,,饲牛1605,248.0,199.5,199.15
2015-07-22,GF1605,199.275,200.225,198.5,198.5,25.0,,饲牛1605,256.0,198.8,198.5
2015-07-23,GF1605,197.9,197.9,195.175,195.7,17.0,,饲牛1605,264.0,195.5,195.7
2015-07-24,GF1605,195.3,196.05,195.3,195.9,8.0,,饲牛1605,269.0,195.9,195.9
2015-07-27,GF1605,196.3,196.3,194.0,194.0,51.0,,饲牛1605,271.0,194.725,194.0
2015-07-28,GF1605,195.125,196.375,195.125,196.275,3.0,,饲牛1605,290.0,196.375,196.275
2015-07-29,GF1605,196.475,197.725,196.375,197.2,14.0,,饲牛1605,291.0,197.2,197.2
2015-07-30,GF1605,197.875,198.0,197.25,197.325,44.0,,饲牛1605,294.0,197.625,197.325
2015-07-31,GF1605,195.675,196.775,195.475,196.775,28.0,,饲牛1605,300.0,195.575,196.775
2015-08-03,GF1605,196.225,198.75,196.225,198.25,14.0,,饲牛1605,289.0,198.25,198.25
2015-08-04,GF1605,198.75,198.75,198.15,198.15,12.0,,饲牛1605,297.0,198.2,198.15
2015-08-05,GF1605,197.75,197.75,197.3,197.3,5.0,,饲牛1605,308.0,197.475,197.3
2015-08-06,GF1605,198.0,198.6,197.825,197.825,11.0,,饲牛1605,311.0,198.175,197.825
2015-08-07,GF1605,197.85,198.125,197.15,197.9,20.0,,饲牛1605,320.0,197.25,197.9
2015-08-10,GF1605,196.75,197.2,196.3,197.2,14.0,,饲牛1605,327.0,197.325,197.2
2015-08-11,GF1605,197.1,197.5,197.0,197.5,22.0,,饲牛1605,334.0,197.075,197.5
2015-08-12,GF1605,197.675,198.6,196.0,196.7,41.0,,饲牛1605,352.0,196.225,196.7
2015-08-13,GF1605,194.65,196.0,194.55,195.775,40.0,,饲牛1605,367.0,195.775,195.775
2015-08-14,GF1605,195.65,195.7,195.15,195.15,17.0,,饲牛1605,373.0,195.15,195.15
2015-08-17,GF1605,194.525,194.525,193.5,194.3,17.0,,饲牛1605,382.0,194.0,194.3
2015-08-18,GF1605,195.05,195.15,194.225,194.575,37.0,,饲牛1605,383.0,194.625,194.575
2015-08-19,GF1605,193.65,193.7,191.45,191.625,39.0,,饲牛1605,400.0,191.975,191.625
2015-08-20,GF1605,191.85,192.5,191.75,192.125,12.0,,饲牛1605,416.0,192.35,192.125
2015-08-21,GF1605,192.0,192.0,187.85,188.1,102.0,,饲牛1605,422.0,188.025,188.1
2015-08-24,GF1605,184.4,186.275,183.0,185.0,80.0,,饲牛1605,441.0,184.9,185.0
2015-08-25,GF1605,186.9,188.175,185.075,185.25,81.0,,饲牛1605,508.0,185.925,185.25
2015-08-26,GF1605,185.0,187.15,183.35,187.15,93.0,,饲牛1605,527.0,184.6,187.15
2015-08-27,GF1605,187.0,187.2,186.325,187.2,134.0,,饲牛1605,573.0,187.2,187.2
2015-08-28,GF1605,188.0,189.25,188.0,188.925,133.0,,饲牛1605,559.0,188.95,188.925
2015-08-31,GF1605,188.325,190.0,186.9,187.5,98.0,,饲牛1605,619.0,187.0,187.5
2015-09-01,GF1605,185.475,185.475,183.05,183.55,42.0,,饲牛1605,642.0,183.775,183.55
2015-09-02,GF1605,183.3,186.175,183.275,185.4,52.0,,饲牛1605,647.0,185.375,185.4
2015-09-03,GF1605,185.9,186.25,185.2,185.25,102.0,,饲牛1605,670.0,185.425,185.25
2015-09-04,GF1605,184.325,184.325,183.35,183.925,69.0,,饲牛1605,733.0,184.1,183.925
2015-09-08,GF1605,184.8,188.2,184.425,187.65,90.0,,饲牛1605,757.0,188.025,187.65
2015-09-09,GF1605,188.225,188.25,187.325,187.325,79.0,,饲牛1605,774.0,187.65,187.325
2015-09-10,GF1605,187.1,188.675,187.1,187.95,103.0,,饲牛1605,795.0,188.5,187.95
2015-09-11,GF1605,187.3,187.6,184.975,185.7,195.0,,饲牛1605,822.0,186.1,185.7
2015-09-14,GF1605,184.625,186.625,184.625,185.8,108.0,,饲牛1605,822.0,186.275,185.8
2015-09-15,GF1605,186.725,186.75,183.175,183.85,125.0,,饲牛1605,841.0,184.2,183.85
2015-09-16,GF1605,183.35,183.35,179.7,179.7,205.0,,饲牛1605,886.0,180.025,179.7
2015-09-17,GF1605,179.175,180.1,178.8,179.9,100.0,,饲牛1605,967.0,179.2,179.9
2015-09-18,GF1605,178.6,179.7,175.3,175.775,116.0,,饲牛1605,1000.0,176.175,175.775
2015-09-21,GF1605,176.725,178.625,176.55,176.55,207.0,,饲牛1605,1006.0,177.0,176.55
2015-09-22,GF1605,176.625,177.9,175.65,175.925,254.0,,饲牛1605,1055.0,176.175,175.925
2015-09-23,GF1605,175.05,175.05,171.675,171.675,168.0,,饲牛1605,1117.0,171.675,171.675
2015-09-24,GF1605,170.5,172.95,166.925,172.125,291.0,,饲牛1605,1169.0,169.675,172.125
2015-09-25,GF1605,172.125,174.175,171.625,174.175,97.0,,饲牛1605,1215.0,174.175,174.175
2015-09-28,GF1605,174.875,175.225,172.55,173.0,161.0,,饲牛1605,1242.0,173.25,173.0
2015-09-29,GF1605,172.55,172.55,168.75,168.75,141.0,,饲牛1605,1289.0,168.75,168.75
2015-09-30,GF1605,167.975,169.8,164.975,164.975,221.0,,饲牛1605,1333.0,165.575,164.975
2015-10-01,GF1605,164.7,167.525,163.4,165.0,362.0,,饲牛1605,1392.0,166.35,165.0
2015-10-02,GF1605,165.0,169.3,165.0,168.8,142.0,,饲牛1605,1455.0,168.8,168.8
2015-10-05,GF1605,168.0,170.1,166.775,166.775,258.0,,饲牛1605,1487.0,167.85,166.775
2015-10-06,GF1605,167.6,172.35,166.675,172.35,418.0,,饲牛1605,1569.0,172.35,172.35
2015-10-07,GF1605,173.4,177.125,173.4,175.55,456.0,,饲牛1605,1738.0,176.025,175.55
2015-10-08,GF1605,175.175,179.325,174.825,177.475,428.0,,饲牛1605,1852.0,177.75,177.475
2015-10-09,GF1605,177.225,178.725,176.75,178.525,250.0,,饲牛1605,1941.0,178.425,178.525
2015-10-12,GF1605,179.0,180.35,178.375,178.7,360.0,,饲牛1605,1989.0,179.075,178.7
2015-10-13,GF1605,179.225,180.0,177.675,178.7,148.0,,饲牛1605,2025.0,179.1,178.7
2015-10-14,GF1605,178.9,180.225,177.65,178.8,288.0,,饲牛1605,2012.0,178.625,178.8
2015-10-15,GF1605,178.95,179.05,175.8,176.825,206.0,,饲牛1605,2010.0,176.625,176.825
2015-10-16,GF1605,176.45,180.0,175.1,179.875,265.0,,饲牛1605,2041.0,179.925,179.875
2015-10-19,GF1605,180.575,182.325,180.575,181.0,326.0,,饲牛1605,2101.0,181.325,181.0
2015-10-20,GF1605,180.325,182.225,180.15,181.325,215.0,,饲牛1605,2215.0,181.25,181.325
2015-10-21,GF1605,180.6,181.55,180.1,181.525,99.0,,饲牛1605,2227.0,181.425,181.525
2015-10-22,GF1605,181.35,183.775,181.3,181.55,283.0,,饲牛1605,2268.0,182.85,181.55
2015-10-23,GF1605,181.9,182.725,180.3,181.4,309.0,,饲牛1605,2354.0,182.275,181.4
2015-10-26,GF1605,179.5,180.7,179.25,179.7,155.0,,饲牛1605,2452.0,180.175,179.7
2015-10-27,GF1605,179.1,180.175,177.575,180.0,303.0,,饲牛1605,2487.0,178.175,180.0
2015-10-28,GF1605,180.175,182.325,179.9,182.325,462.0,,饲牛1605,2527.0,181.85,182.325
2015-10-29,GF1605,182.425,182.8,180.45,180.725,189.0,,饲牛1605,2575.0,181.175,180.725
2015-10-30,GF1605,179.825,180.5,179.025,179.3,219.0,,饲牛1605,2624.0,179.575,179.3
2015-11-02,GF1605,178.55,180.325,178.15,179.5,302.0,,饲牛1605,2687.0,179.75,179.5
2015-11-03,GF1605,179.675,180.2,178.5,178.625,255.0,,饲牛1605,2692.0,178.975,178.625
2015-11-04,GF1605,178.0,178.0,174.475,174.475,192.0,,饲牛1605,2759.0,174.475,174.475
2015-11-05,GF1605,172.875,173.425,168.65,170.7,963.0,,饲牛1605,2778.0,170.575,170.7
2015-11-06,GF1605,170.05,173.05,168.8,170.65,817.0,,饲牛1605,2793.0,170.45,170.65
2015-11-09,GF1605,170.25,170.25,165.95,165.95,839.0,,饲牛1605,2832.0,166.1,165.95
2015-11-10,GF1605,165.325,167.725,159.35,163.925,1262.0,,饲牛1605,2951.0,161.925,163.925
2015-11-11,GF1605,163.2,166.425,163.2,166.425,536.0,,饲牛1605,2953.0,166.425,166.425
2015-11-12,GF1605,166.775,169.45,165.2,165.9,712.0,,饲牛1605,2845.0,166.2,165.9
2015-11-13,GF1605,165.9,166.675,161.7,162.325,516.0,,饲牛1605,2816.0,162.875,162.325
2015-11-16,GF1605,160.475,160.475,158.375,158.975,412.0,,饲牛1605,2840.0,159.0,158.975
2015-11-17,GF1605,159.5,163.35,157.5,161.0,691.0,,饲牛1605,2901.0,161.25,161.0
2015-11-18,GF1605,160.975,165.75,160.95,164.0,526.0,,饲牛1605,2969.0,164.45,164.0
2015-11-19,GF1605,164.0,164.625,161.875,161.875,279.0,,饲牛1605,2877.0,162.825,161.875
2015-11-20,GF1605,162.025,164.775,161.025,163.625,594.0,,饲牛1605,2897.0,164.2,163.625
2015-11-23,GF1605,163.0,166.075,161.725,164.275,476.0,,饲牛1605,2997.0,165.55,164.275
2015-11-24,GF1605,164.775,166.85,163.05,164.275,523.0,,饲牛1605,3030.0,165.025,164.275
2015-11-25,GF1605,166.0,166.175,164.725,165.1,182.0,,饲牛1605,3049.0,165.225,165.1
2015-11-27,GF1605,165.35,166.4,164.7,165.25,235.0,,饲牛1605,3068.0,165.325,165.25
2015-11-30,GF1605,164.475,164.9,161.275,161.325,744.0,,饲牛1605,3114.0,162.475,161.325
2015-12-01,GF1605,161.7,164.9,158.625,164.325,891.0,,饲牛1605,3150.0,164.15,164.325
2015-12-02,GF1605,162.8,163.9,159.65,159.65,637.0,,饲牛1605,3103.0,160.275,159.65
2015-12-03,GF1605,158.2,160.125,156.025,158.925,935.0,,饲牛1605,3040.0,159.3,158.925
2015-12-04,GF1605,159.275,160.575,157.7,158.15,504.0,,饲牛1605,3188.0,158.825,158.15
2015-12-07,GF1605,157.0,157.5,154.325,154.825,1074.0,,饲牛1605,3279.0,155.775,154.825
2015-12-08,GF1605,155.0,156.55,151.3,152.225,1637.0,,饲牛1605,3453.0,153.525,152.225
2015-12-09,GF1605,152.3,153.425,149.025,149.025,1448.0,,饲牛1605,3822.0,150.8,149.025
2015-12-10,GF1605,149.675,153.775,148.0,152.75,1906.0,,饲牛1605,4119.0,153.175,152.75
2015-12-11,GF1605,152.7,154.0,148.925,151.475,1051.0,,饲牛1605,4527.0,151.725,151.475
2015-12-14,GF1605,150.6,151.5,147.225,147.225,650.0,,饲牛1605,4524.0,147.75,147.225
2015-12-15,GF1605,146.625,149.225,145.9,147.2,1205.0,,饲牛1605,4610.0,147.7,147.2
2015-12-16,GF1605,147.375,147.525,144.925,146.775,651.0,,饲牛1605,4613.0,147.075,146.775
2015-12-17,GF1605,146.0,147.175,142.65,146.0,1183.0,,饲牛1605,4636.0,144.925,146.0
2015-12-18,GF1605,145.65,149.425,145.65,149.425,319.0,,饲牛1605,4590.0,149.425,149.425
2015-12-21,GF1605,153.625,156.175,153.6,155.05,1653.0,,饲牛1605,4567.0,155.9,155.05
2015-12-22,GF1605,155.75,158.5,154.325,158.025,1266.0,,饲牛1605,4960.0,157.125,158.025
2015-12-23,GF1605,158.0,161.6,157.975,161.5,1501.0,,饲牛1605,4978.0,160.925,161.5
2015-12-24,GF1605,161.475,161.475,158.05,161.125,757.0,,饲牛1605,5144.0,161.175,161.125
2015-12-28,GF1605,161.075,161.6,159.175,160.375,890.0,,饲牛1605,5120.0,160.7,160.375
2015-12-29,GF1605,160.275,160.55,159.35,160.15,577.0,,饲牛1605,5085.0,160.325,160.15
2015-12-30,GF1605,160.1,164.0,160.05,163.65,929.0,,饲牛1605,5032.0,162.9,163.65
2015-12-31,GF1605,163.6,164.2,162.65,163.7,750.0,,饲牛1605,5100.0,163.85,163.7
2016-01-04,GF1605,163.025,165.725,161.55,164.725,1585.0,,饲牛1605,5126.0,164.225,164.725
2016-01-05,GF1605,165.125,166.075,163.35,164.325,945.0,,饲牛1605,5107.0,164.225,164.325
2016-01-06,GF1605,162.75,165.2,162.05,164.3,928.0,,饲牛1605,5236.0,164.7,164.3
2016-01-07,GF1605,163.45,163.7,160.2,160.2,747.0,,饲牛1605,5353.0,160.2,160.2
2016-01-08,GF1605,159.475,161.625,155.325,156.375,1803.0,,饲牛1605,5354.0,157.175,156.375
2016-01-11,GF1605,156.025,157.35,155.15,156.6,1290.0,,饲牛1605,5276.0,156.55,156.6
2016-01-12,GF1605,157.375,158.8,155.05,156.25,1089.0,,饲牛1605,5103.0,156.675,156.25
2016-01-13,GF1605,156.675,158.2,155.825,156.15,968.0,,饲牛1605,5050.0,156.925,156.15
2016-01-14,GF1605,156.325,157.0,153.85,154.8,1397.0,,饲牛1605,4942.0,155.2,154.8
2016-01-15,GF1605,153.575,153.575,150.7,150.7,836.0,,饲牛1605,4908.0,150.7,150.7
2016-01-19,GF1605,152.1,153.825,150.4,151.2,1387.0,,饲牛1605,4900.0,152.625,151.2
2016-01-20,GF1605,150.35,151.575,148.125,150.85,1765.0,,饲牛1605,5006.0,149.85,150.85
2016-01-21,GF1605,151.4,154.35,150.65,153.525,1126.0,,饲牛1605,5000.0,154.225,153.525
2016-01-22,GF1605,155.0,158.925,154.75,158.925,1564.0,,饲牛1605,4983.0,157.5,158.925
2016-01-25,GF1605,156.8,158.925,154.75,155.875,1002.0,,饲牛1605,5215.0,156.675,155.875
2016-01-26,GF1605,156.075,158.25,155.05,157.275,933.0,,饲牛1605,5369.0,157.825,157.275
2016-01-27,GF1605,157.4,159.575,157.25,158.4,1945.0,,饲牛1605,5533.0,158.975,158.4
2016-01-28,GF1605,158.35,159.75,157.6,158.6,796.0,,饲牛1605,5823.0,158.2,158.6
2016-01-29,GF1605,158.6,158.75,153.975,154.775,1344.0,,饲牛1605,5963.0,155.825,154.775
2016-02-01,GF1605,155.325,157.075,153.125,156.25,1859.0,,饲牛1605,5931.0,155.975,156.25
2016-02-02,GF1605,156.0,157.325,155.175,156.125,773.0,,饲牛1605,6149.0,156.3,156.125
2016-02-03,GF1605,156.6,158.05,156.4,157.05,1682.0,,饲牛1605,6287.0,156.65,157.05
2016-02-04,GF1605,157.125,157.825,154.575,155.0,1447.0,,饲牛1605,6179.0,155.4,155.0
2016-02-05,GF1605,154.6,155.65,152.1,152.5,2451.0,,饲牛1605,6265.0,153.05,152.5
2016-02-08,GF1605,151.125,151.125,148.55,148.55,1605.0,,饲牛1605,6678.0,148.55,148.55
2016-02-09,GF1605,147.65,150.75,147.65,150.15,2412.0,,饲牛1605,6915.0,148.85,150.15
2016-02-10,GF1605,150.175,152.05,149.45,150.95,1589.0,,饲牛1605,6899.0,151.05,150.95
2016-02-11,GF1605,149.9,150.6,146.55,149.325,2308.0,,饲牛1605,7060.0,149.375,149.325
2016-02-12,GF1605,150.4,150.875,148.025,149.2,1276.0,,饲牛1605,7160.0,148.825,149.2
2016-02-16,GF1605,148.85,153.3,148.25,153.1,1800.0,,饲牛1605,7201.0,152.875,153.1
2016-02-17,GF1605,153.175,155.55,153.05,153.75,1965.0,,饲牛1605,7186.0,153.825,153.75
2016-02-18,GF1605,154.1,155.2,152.95,154.075,1533.0,,饲牛1605,7307.0,154.0,154.075
2016-02-19,GF1605,153.65,154.15,152.225,152.975,970.0,,饲牛1605,7518.0,152.95,152.975
2016-02-22,GF1605,153.2,155.45,152.325,153.45,1701.0,,饲牛1605,7597.0,153.1,153.45
2016-02-23,GF1605,153.25,155.5,152.35,155.15,1357.0,,饲牛1605,7896.0,155.025,155.15
2016-02-24,GF1605,154.525,156.75,154.125,156.2,1885.0,,饲牛1605,8010.0,156.125,156.2
2016-02-25,GF1605,156.525,157.975,156.175,157.5,2094.0,,饲牛1605,8012.0,157.55,157.5
2016-02-26,GF1605,157.55,157.975,156.45,157.25,2103.0,,饲牛1605,8372.0,157.4,157.25
2016-02-29,GF1605,157.85,158.15,156.85,157.775,1570.0,,饲牛1605,8670.0,158.05,157.775
2016-03-01,GF1605,157.55,158.05,155.675,156.925,2713.0,,饲牛1605,9005.0,156.625,156.925
2016-03-02,GF1605,156.9,157.4,155.45,156.45,1853.0,,饲牛1605,9346.0,156.475,156.45
2016-03-03,GF1605,156.175,156.675,154.875,156.0,2315.0,,饲牛1605,9333.0,155.9,156.0
2016-03-04,GF1605,155.725,157.575,154.975,157.075,2488.0,,饲牛1605,9559.0,157.175,157.075
2016-03-07,GF1605,156.45,157.75,155.4,157.475,3302.0,,饲牛1605,9723.0,157.375,157.475
2016-03-08,GF1605,156.9,159.075,156.1,158.475,3498.0,,饲牛1605,10369.0,158.475,158.475
2016-03-09,GF1605,158.875,159.05,157.8,158.7,2586.0,,饲牛1605,11121.0,158.5,158.7
2016-03-10,GF1605,158.7,161.25,158.7,161.15,4183.0,,饲牛1605,11994.0,161.1,161.15
2016-03-11,GF1605,161.7,164.85,161.425,161.975,5308.0,,饲牛1605,13051.0,162.1,161.975
2016-03-14,GF1605,162.1,162.775,161.425,161.5,2033.0,,饲牛1605,14046.0,161.65,161.5
2016-03-15,GF1605,161.65,164.075,161.2,164.025,2720.0,,饲牛1605,13874.0,163.8,164.025
2016-03-16,GF1605,164.075,165.4,163.075,164.775,4050.0,,饲牛1605,14158.0,164.775,164.775
2016-03-17,GF1605,164.5,165.875,163.7,164.35,2627.0,,饲牛1605,14556.0,164.55,164.35
2016-03-18,GF1605,164.75,164.75,160.05,160.05,3063.0,,饲牛1605,14694.0,160.7,160.05
2016-03-21,GF1605,159.65,159.95,156.3,156.3,4029.0,,饲牛1605,14631.0,156.775,156.3
2016-03-22,GF1605,156.275,156.525,154.05,155.85,5363.0,,饲牛1605,14760.0,155.7,155.85
2016-03-23,GF1605,155.8,157.0,153.625,154.175,4339.0,,饲牛1605,14441.0,154.75,154.175
2016-03-24,GF1605,154.175,155.9,153.775,155.125,3551.0,,饲牛1605,14563.0,155.025,155.125
2016-03-28,GF1605,155.3,155.825,154.225,154.425,2570.0,,饲牛1605,14649.0,154.85,154.425
2016-03-29,GF1605,154.675,155.8,154.025,154.725,3259.0,,饲牛1605,14632.0,154.775,154.725
2016-03-30,GF1605,155.25,155.325,150.275,150.3,6092.0,,饲牛1605,14783.0,150.75,150.3
2016-03-31,GF1605,150.75,155.25,149.575,155.25,6154.0,,饲牛1605,15148.0,155.25,155.25
2016-04-01,GF1605,155.625,156.5,153.9,154.25,4940.0,,饲牛1605,15217.0,154.7,154.25
2016-04-04,GF1605,155.15,156.075,154.1,154.35,3308.0,,饲牛1605,15501.0,154.7,154.35
2016-04-05,GF1605,154.325,154.35,150.2,150.2,5834.0,,饲牛1605,15299.0,150.2,150.2
2016-04-06,GF1605,150.2,152.3,149.2,149.2,5794.0,,饲牛1605,15521.0,150.1,149.2
2016-04-07,GF1605,148.975,150.6,146.975,149.475,7909.0,,饲牛1605,15733.0,149.8,149.475
2016-04-08,GF1605,151.225,153.525,151.05,152.775,5460.0,,饲牛1605,15607.0,152.85,152.775
2016-04-11,GF1605,153.225,153.95,151.275,151.45,4092.0,,饲牛1605,14439.0,152.025,151.45
2016-04-12,GF1605,151.75,152.85,150.1,151.0,5284.0,,饲牛1605,13632.0,151.05,151.0
2016-04-13,GF1605,151.3,151.875,149.325,149.425,5522.0,,饲牛1605,13097.0,149.925,149.425
2016-04-14,GF1605,149.95,150.975,148.95,149.925,3388.0,,饲牛1605,12539.0,149.925,149.925
2016-04-15,GF1605,150.1,151.675,150.025,150.2,2602.0,,饲牛1605,12142.0,150.55,150.2
2016-04-18,GF1605,150.575,150.6,146.05,146.05,7284.0,,饲牛1605,11804.0,146.05,146.05
2016-04-19,GF1605,145.6,147.8,144.5,145.55,4559.0,,饲牛1605,11644.0,145.775,145.55
2016-04-20,GF1605,145.6,146.55,144.925,145.275,3531.0,,饲牛1605,11626.0,145.425,145.275
2016-04-21,GF1605,145.275,147.05,143.95,145.6,2881.0,,饲牛1605,11814.0,145.45,145.6
2016-04-22,GF1605,145.65,146.125,141.05,141.95,4611.0,,饲牛1605,11564.0,142.45,141.95
2016-04-25,GF1605,143.125,143.85,142.15,143.275,3002.0,,饲牛1605,11596.0,143.25,143.275
2016-04-26,GF1605,143.9,145.4,143.65,145.125,2263.0,,饲牛1605,11151.0,145.175,145.125
2016-04-27,GF1605,145.225,146.9,143.575,144.7,3916.0,,饲牛1605,10773.0,145.075,144.7
2016-04-28,GF1605,144.15,144.6,140.575,140.575,3368.0,,饲牛1605,10039.0,140.575,140.575
2016-04-29,GF1605,139.7,141.575,138.575,140.2,2655.0,,饲牛1605,9504.0,140.425,140.2
2016-05-02,GF1605,140.675,143.1,140.375,141.8,2277.0,,饲牛1605,9530.0,141.425,141.8
2016-05-03,GF1605,142.0,143.725,141.225,143.25,2222.0,,饲牛1605,9118.0,143.4,143.25
2016-05-04,GF1605,142.575,145.325,142.15,145.325,2633.0,,饲牛1605,8710.0,144.925,145.325
2016-05-05,GF1605,144.975,148.5,144.975,147.9,2689.0,,饲牛1605,8363.0,147.95,147.9
2016-05-06,GF1605,147.95,148.75,146.95,147.7,2654.0,,饲牛1605,7888.0,147.375,147.7
2016-05-09,GF1605,149.025,151.85,149.025,150.8,3158.0,,饲牛1605,6741.0,150.8,150.8
2016-05-10,GF1605,150.8,151.15,149.5,150.35,1808.0,,饲牛1605,5878.0,150.2,150.35
2016-05-11,GF1605,150.1,151.0,147.975,148.25,2139.0,,饲牛1605,5325.0,149.0,148.25
2016-05-12,GF1605,148.975,150.0,147.025,147.175,1858.0,,饲牛1605,4824.0,147.825,147.175
2016-05-13,GF1605,147.65,148.925,143.5,147.85,1735.0,,饲牛1605,4411.0,147.05,147.85
2016-05-16,GF1605,148.2,149.575,148.2,148.925,841.0,,饲牛1605,4052.0,148.65,148.925
2016-05-17,GF1605,148.825,149.925,148.6,149.55,938.0,,饲牛1605,3808.0,149.525,149.55
2016-05-18,GF1605,149.85,149.925,149.0,149.3,635.0,,饲牛1605,3391.0,149.5,149.3
2016-05-19,GF1605,148.75,149.25,146.875,147.725,692.0,,饲牛1605,3182.0,148.275,147.725
2016-05-20,GF1605,148.0,148.95,147.75,148.7,707.0,,饲牛1605,2946.0,148.625,148.7
2016-05-23,GF1605,147.675,148.125,146.775,146.875,1335.0,,饲牛1605,2869.0,147.0,146.875
2016-05-24,GF1605,146.75,146.75,145.65,145.975,1372.0,,饲牛1605,2760.0,146.0,145.975
2016-05-25,GF1605,146.425,146.425,145.3,145.375,613.0,,饲牛1605,2318.0,145.475,145.375
2016-05-26,GF1605,145.625,145.95,145.3,145.925,683.0,,饲牛1605,2041.0,145.9,145.925
2016-05-27,GF1605,,,,146.09,0.0,,饲牛1605,1973.0,146.09,146.09
