date,symbol,open,high,low,close,volume,amount,name,openinterest,settleprice,price
2016-08-26,GF1708,,,,127.0,0.0,,饲牛1708,0.0,127.0,127.0
2016-08-29,GF1708,,,,125.95,0.0,,饲牛1708,0.0,125.95,125.95
2016-08-30,GF1708,128.0,128.0,128.0,128.0,10.0,,饲牛1708,0.0,128.0,128.0
2016-08-31,GF1708,129.475,129.475,127.0,127.0,28.0,,饲牛1708,10.0,127.85,127.0
2016-09-01,GF1708,127.675,127.675,125.0,125.3,25.0,,饲牛1708,35.0,125.5,125.3
2016-09-02,GF1708,127.0,127.175,125.0,125.0,18.0,,饲牛1708,40.0,125.0,125.0
2016-09-06,GF1708,123.3,123.65,122.4,123.125,17.0,,饲牛1708,48.0,123.125,123.125
2016-09-07,GF1708,123.9,125.0,123.9,125.0,4.0,,饲牛1708,48.0,125.0,125.0
2016-09-08,GF1708,,,,124.925,1.0,,饲牛1708,49.0,124.325,124.925
2016-09-09,GF1708,121.25,125.0,121.25,125.0,13.0,,饲牛1708,50.0,125.0,125.0
2016-09-12,GF1708,125.9,126.65,124.85,126.0,25.0,,饲牛1708,63.0,126.0,126.0
2016-09-13,GF1708,125.6,125.6,123.725,124.6,17.0,,饲牛1708,78.0,124.85,124.6
2016-09-14,GF1708,123.4,123.4,122.775,123.4,13.0,,饲牛1708,88.0,123.4,123.4
2016-09-15,GF1708,124.55,125.0,124.55,125.0,11.0,,饲牛1708,94.0,125.0,125.0
2016-09-16,GF1708,125.0,126.425,124.25,125.65,27.0,,饲牛1708,97.0,125.65,125.65
2016-09-19,GF1708,,,,125.225,0.0,,饲牛1708,106.0,125.225,125.225
2016-09-20,GF1708,125.2,125.5,124.75,124.75,7.0,,饲牛1708,106.0,124.75,124.75
2016-09-21,GF1708,125.875,126.05,125.0,125.75,28.0,,饲牛1708,112.0,125.65,125.75
2016-09-22,GF1708,126.0,126.3,124.225,124.225,16.0,,饲牛1708,119.0,124.225,124.225
2016-09-23,GF1708,121.275,124.1,120.85,124.05,40.0,,饲牛1708,125.0,123.5,124.05
2016-09-26,GF1708,122.625,122.925,121.525,122.525,44.0,,饲牛1708,154.0,122.65,122.525
2016-09-27,GF1708,121.575,121.85,118.925,118.925,33.0,,饲牛1708,174.0,119.55,118.925
2016-09-28,GF1708,118.5,122.0,118.5,118.65,22.0,,饲牛1708,186.0,120.0,118.65
2016-09-29,GF1708,120.0,120.9,119.9,120.725,39.0,,饲牛1708,190.0,120.725,120.725
2016-09-30,GF1708,118.85,118.85,116.45,117.0,46.0,,饲牛1708,213.0,117.1,117.0
2016-10-03,GF1708,116.45,118.825,115.775,116.375,101.0,,饲牛1708,220.0,116.775,116.375
2016-10-04,GF1708,117.0,120.025,117.0,119.975,57.0,,饲牛1708,270.0,119.875,119.975
2016-10-05,GF1708,119.55,119.55,117.7,119.175,43.0,,饲牛1708,276.0,119.0,119.175
2016-10-06,GF1708,117.55,118.85,117.45,118.075,49.0,,饲牛1708,282.0,118.6,118.075
2016-10-07,GF1708,117.75,118.525,117.75,117.925,36.0,,饲牛1708,301.0,118.225,117.925
2016-10-10,GF1708,117.8,118.5,114.4,115.8,86.0,,饲牛1708,310.0,116.15,115.8
2016-10-11,GF1708,115.35,116.5,114.95,114.95,46.0,,饲牛1708,329.0,115.45,114.95
2016-10-12,GF1708,114.5,115.45,113.15,113.15,43.0,,饲牛1708,347.0,113.95,113.15
2016-10-13,GF1708,113.0,113.0,110.425,110.425,28.0,,饲牛1708,362.0,110.575,110.425
2016-10-14,GF1708,111.7,112.35,110.0,110.0,161.0,,饲牛1708,374.0,110.225,110.0
2016-10-17,GF1708,110.45,112.0,110.45,111.2,62.0,,饲牛1708,454.0,111.275,111.2
2016-10-18,GF1708,111.025,112.2,110.225,112.0,77.0,,饲牛1708,489.0,111.975,112.0
2016-10-19,GF1708,111.5,111.675,109.9,109.9,45.0,,饲牛1708,545.0,109.9,109.9
2016-10-20,GF1708,110.4,113.0,110.25,112.7,48.0,,饲牛1708,558.0,112.925,112.7
2016-10-21,GF1708,113.5,115.1,112.9,113.275,270.0,,饲牛1708,583.0,113.175,113.275
2016-10-24,GF1708,114.75,115.975,114.75,115.125,149.0,,饲牛1708,711.0,115.075,115.125
2016-10-25,GF1708,114.9,116.8,114.85,114.9,64.0,,饲牛1708,743.0,115.25,114.9
2016-10-26,GF1708,115.0,115.775,114.65,115.15,125.0,,饲牛1708,768.0,115.65,115.15
2016-10-27,GF1708,116.175,117.0,115.025,115.1,115.0,,饲牛1708,829.0,115.175,115.1
2016-10-28,GF1708,115.95,116.225,112.725,113.15,97.0,,饲牛1708,870.0,113.25,113.15
2016-10-31,GF1708,112.85,113.825,111.375,111.85,112.0,,饲牛1708,911.0,111.825,111.85
2016-11-01,GF1708,112.525,116.325,112.475,116.325,272.0,,饲牛1708,967.0,116.225,116.325
2016-11-02,GF1708,116.525,117.75,116.1,117.575,131.0,,饲牛1708,966.0,117.55,117.575
2016-11-03,GF1708,117.65,117.65,114.975,116.075,161.0,,饲牛1708,975.0,115.975,116.075
2016-11-04,GF1708,115.65,115.875,114.0,115.45,160.0,,饲牛1708,992.0,115.55,115.45
2016-11-07,GF1708,115.225,115.225,112.825,113.55,92.0,,饲牛1708,1030.0,113.75,113.55
2016-11-08,GF1708,113.85,116.3,113.3,116.05,131.0,,饲牛1708,1028.0,116.0,116.05
2016-11-09,GF1708,115.125,116.85,115.125,116.025,111.0,,饲牛1708,1073.0,115.9,116.025
2016-11-10,GF1708,116.35,117.35,115.9,116.725,81.0,,饲牛1708,1098.0,116.6,116.725
2016-11-11,GF1708,116.725,117.55,116.55,116.95,76.0,,饲牛1708,1113.0,116.95,116.95
2016-11-14,GF1708,117.9,118.725,117.3,117.95,120.0,,饲牛1708,1132.0,118.1,117.95
2016-11-15,GF1708,117.825,118.375,117.075,118.35,176.0,,饲牛1708,1188.0,118.15,118.35
2016-11-16,GF1708,118.225,120.45,118.225,120.45,376.0,,饲牛1708,1232.0,120.25,120.45
2016-11-17,GF1708,120.45,121.175,120.0,120.325,181.0,,饲牛1708,1386.0,120.3,120.325
2016-11-18,GF1708,120.05,121.35,119.9,120.8,289.0,,饲牛1708,1459.0,120.25,120.8
2016-11-21,GF1708,121.15,121.425,118.975,119.8,158.0,,饲牛1708,1538.0,119.5,119.8
2016-11-22,GF1708,119.25,120.0,118.575,119.1,153.0,,饲牛1708,1572.0,119.325,119.1
2016-11-23,GF1708,119.05,120.45,118.75,120.375,167.0,,饲牛1708,1595.0,120.25,120.375
2016-11-25,GF1708,121.35,122.5,121.35,122.5,283.0,,饲牛1708,1608.0,122.3,122.5
2016-11-28,GF1708,122.175,123.0,121.3,121.95,435.0,,饲牛1708,1665.0,122.85,121.95
2016-11-29,GF1708,121.825,122.875,121.45,122.45,355.0,,饲牛1708,1801.0,122.575,122.45
2016-11-30,GF1708,122.4,124.0,122.4,123.55,353.0,,饲牛1708,1883.0,123.875,123.55
2016-12-01,GF1708,124.1,124.75,123.025,123.225,329.0,,饲牛1708,1959.0,123.6,123.225
2016-12-02,GF1708,123.0,123.0,120.4,121.05,332.0,,饲牛1708,2013.0,120.925,121.05
2016-12-05,GF1708,120.55,121.725,120.3,120.85,209.0,,饲牛1708,2018.0,120.8,120.85
2016-12-06,GF1708,121.075,123.425,119.55,122.75,215.0,,饲牛1708,2062.0,123.25,122.75
2016-12-07,GF1708,122.9,123.525,121.625,123.025,269.0,,饲牛1708,2114.0,123.475,123.025
2016-12-08,GF1708,123.45,123.5,121.425,122.15,184.0,,饲牛1708,2118.0,122.4,122.15
2016-12-09,GF1708,121.625,121.85,120.725,121.625,160.0,,饲牛1708,2128.0,121.725,121.625
2016-12-12,GF1708,122.0,124.2,121.25,123.675,350.0,,饲牛1708,2183.0,123.525,123.675
2016-12-13,GF1708,124.0,124.725,123.825,124.4,312.0,,饲牛1708,2275.0,124.35,124.4
2016-12-14,GF1708,124.025,125.0,123.275,123.675,349.0,,饲牛1708,2330.0,123.625,123.675
2016-12-15,GF1708,123.15,123.85,122.9,123.325,171.0,,饲牛1708,2424.0,123.3,123.325
2016-12-16,GF1708,123.5,124.925,123.5,124.425,225.0,,饲牛1708,2428.0,124.475,124.425
2016-12-19,GF1708,124.225,124.8,123.75,124.625,260.0,,饲牛1708,2483.0,124.7,124.625
2016-12-20,GF1708,124.65,124.925,123.475,124.35,386.0,,饲牛1708,2530.0,124.35,124.35
2016-12-21,GF1708,124.15,124.975,123.95,124.975,328.0,,饲牛1708,2617.0,124.875,124.975
2016-12-22,GF1708,124.95,125.375,124.4,125.25,530.0,,饲牛1708,2692.0,125.225,125.25
2016-12-23,GF1708,124.325,125.45,123.6,124.8,270.0,,饲牛1708,2878.0,124.975,124.8
2016-12-27,GF1708,124.15,124.625,123.9,124.15,137.0,,饲牛1708,2941.0,124.2,124.15
2016-12-28,GF1708,123.875,125.375,123.875,125.25,241.0,,饲牛1708,2987.0,125.275,125.25
2016-12-29,GF1708,125.1,125.35,124.525,124.8,246.0,,饲牛1708,3062.0,125.025,124.8
2016-12-30,GF1708,124.75,125.9,122.825,123.625,645.0,,饲牛1708,3098.0,123.375,123.625
2017-01-11,GF1708,128.0,129.0,127.125,127.125,1036.0,,饲牛1708,4053.0,127.975,127.125
2017-01-12,GF1708,127.4,127.4,124.525,126.725,1083.0,,饲牛1708,4298.0,126.875,126.725
2017-01-13,GF1708,126.85,128.5,126.1,128.275,1263.0,,饲牛1708,4583.0,128.375,128.275
2017-01-17,GF1708,128.45,129.1,128.0,128.4,905.0,,饲牛1708,5006.0,128.475,128.4
2017-01-18,GF1708,128.45,128.8,127.7,128.25,607.0,,饲牛1708,5189.0,128.05,128.25
2017-01-19,GF1708,128.025,128.7,127.7,128.475,569.0,,饲牛1708,5305.0,128.425,128.475
2017-01-20,GF1708,128.4,129.0,126.85,128.825,619.0,,饲牛1708,5668.0,128.6,128.825
2017-01-23,GF1708,128.825,128.875,128.1,128.525,612.0,,饲牛1708,5837.0,128.475,128.525
2017-01-24,GF1708,128.25,128.875,127.35,128.1,869.0,,饲牛1708,6079.0,128.175,128.1
2017-01-25,GF1708,128.05,128.5,127.375,127.875,516.0,,饲牛1708,6259.0,127.825,127.875
2017-01-26,GF1708,127.425,127.85,125.3,125.55,643.0,,饲牛1708,6344.0,126.025,125.55
2017-01-27,GF1708,125.775,126.05,125.025,125.575,746.0,,饲牛1708,6595.0,125.825,125.575
2017-01-30,GF1708,123.25,123.9,122.75,122.85,1073.0,,饲牛1708,6553.0,123.025,122.85
2017-01-31,GF1708,122.9,123.875,121.975,122.2,1404.0,,饲牛1708,6870.0,122.45,122.2
2017-02-01,GF1708,121.925,122.7,120.625,121.675,1330.0,,饲牛1708,7112.0,121.65,121.675
2017-02-02,GF1708,121.95,123.55,121.55,123.5,587.0,,饲牛1708,7170.0,123.475,123.5
2017-02-03,GF1708,123.75,124.225,123.075,123.575,689.0,,饲牛1708,7279.0,123.4,123.575
2017-02-06,GF1708,123.4,124.375,123.0,123.975,844.0,,饲牛1708,7450.0,123.85,123.975
2017-02-07,GF1708,124.05,124.925,123.85,124.55,838.0,,饲牛1708,7419.0,124.875,124.55
2017-02-08,GF1708,124.525,124.825,123.1,123.15,856.0,,饲牛1708,7426.0,123.525,123.15
2017-02-09,GF1708,123.75,124.85,122.75,124.7,968.0,,饲牛1708,7510.0,124.75,124.7
2017-02-10,GF1708,124.725,125.3,123.225,123.225,1332.0,,饲牛1708,7591.0,123.6,123.225
2017-02-13,GF1708,123.425,123.65,122.225,122.525,1073.0,,饲牛1708,7713.0,122.475,122.525
2017-02-14,GF1708,122.475,123.9,121.825,123.625,771.0,,饲牛1708,7846.0,123.825,123.625
2017-02-15,GF1708,123.875,124.5,123.425,124.25,1141.0,,饲牛1708,7914.0,124.2,124.25
2017-02-16,GF1708,123.65,124.25,123.05,123.575,615.0,,饲牛1708,7940.0,123.725,123.575
2017-02-17,GF1708,123.65,124.6,123.575,124.5,614.0,,饲牛1708,8151.0,124.5,124.5
2017-02-21,GF1708,124.85,125.575,124.85,125.35,821.0,,饲牛1708,8254.0,125.5,125.35
2017-02-22,GF1708,125.425,126.2,124.425,125.85,974.0,,饲牛1708,8371.0,125.975,125.85
2017-02-23,GF1708,125.95,126.45,125.525,125.55,962.0,,饲牛1708,8465.0,125.6,125.55
2017-02-24,GF1708,125.4,125.4,122.45,123.225,1318.0,,饲牛1708,8648.0,122.65,123.225
2017-02-27,GF1708,123.25,125.0,123.25,124.4,1319.0,,饲牛1708,8776.0,124.825,124.4
2017-02-28,GF1708,124.75,126.55,124.2,126.0,1867.0,,饲牛1708,9144.0,126.225,126.0
2017-03-01,GF1708,126.125,126.775,124.975,125.1,1316.0,,饲牛1708,9337.0,125.425,125.1
2017-03-02,GF1708,125.1,125.2,123.65,123.7,1851.0,,饲牛1708,9587.0,123.875,123.7
2017-03-03,GF1708,123.75,124.55,122.85,124.3,1686.0,,饲牛1708,9845.0,124.35,124.3
2017-03-06,GF1708,124.725,124.975,124.025,124.025,980.0,,饲牛1708,10078.0,124.35,124.025
2017-03-07,GF1708,124.25,124.8,123.7,123.8,1050.0,,饲牛1708,10387.0,124.075,123.8
2017-03-08,GF1708,124.075,125.15,123.675,124.075,1252.0,,饲牛1708,10620.0,124.4,124.075
2017-03-09,GF1708,125.0,126.0,124.875,125.825,1351.0,,饲牛1708,10874.0,125.95,125.825
2017-03-10,GF1708,125.9,127.825,125.575,127.5,1943.0,,饲牛1708,11166.0,127.425,127.5
2017-03-13,GF1708,127.65,129.1,127.65,128.675,2266.0,,饲牛1708,11737.0,128.75,128.675
2017-03-14,GF1708,128.525,128.9,126.825,127.65,1906.0,,饲牛1708,12003.0,127.825,127.65
2017-03-15,GF1708,127.825,129.0,127.6,129.0,1578.0,,饲牛1708,12438.0,128.975,129.0
2017-03-16,GF1708,129.075,130.375,129.075,130.2,2607.0,,饲牛1708,13344.0,130.175,130.2
2017-03-17,GF1708,130.0,131.2,129.725,131.0,1822.0,,饲牛1708,13735.0,131.05,131.0
2017-03-20,GF1708,131.1,132.325,130.35,132.0,2737.0,,饲牛1708,14391.0,131.775,132.0
2017-03-21,GF1708,131.925,132.7,131.4,132.6,3882.0,,饲牛1708,15305.0,132.475,132.6
2017-03-22,GF1708,132.5,136.875,132.5,136.45,5325.0,,饲牛1708,16695.0,136.3,136.45
2017-03-23,GF1708,136.65,137.0,135.15,135.8,3739.0,,饲牛1708,17411.0,135.475,135.8
2017-03-24,GF1708,135.675,136.35,134.7,135.2,2770.0,,饲牛1708,17876.0,135.275,135.2
2017-03-27,GF1708,134.55,134.95,132.65,132.825,2624.0,,饲牛1708,18151.0,133.1,132.825
2017-03-28,GF1708,132.8,133.825,132.8,133.8,1957.0,,饲牛1708,18413.0,133.55,133.8
2017-03-29,GF1708,133.65,135.725,133.625,134.875,2436.0,,饲牛1708,18795.0,134.85,134.875
2017-03-30,GF1708,134.225,134.35,132.075,132.675,2164.0,,饲牛1708,19108.0,132.85,132.675
2017-03-31,GF1708,132.425,133.95,131.575,133.45,3346.0,,饲牛1708,19635.0,133.75,133.45
2017-04-03,GF1708,133.575,134.425,132.5,133.35,2337.0,,饲牛1708,19940.0,133.35,133.35
2017-04-04,GF1708,132.85,132.875,131.75,131.9,3178.0,,饲牛1708,20060.0,132.125,131.9
2017-04-05,GF1708,131.7,132.5,130.725,132.425,3403.0,,饲牛1708,20118.0,132.15,132.425
2017-04-06,GF1708,132.7,134.025,131.925,134.0,3415.0,,饲牛1708,20637.0,133.7,134.0
2017-04-07,GF1708,133.75,136.3,133.7,135.65,7013.0,,饲牛1708,21540.0,135.65,135.65
2017-04-10,GF1708,136.35,138.275,136.325,136.95,6215.0,,饲牛1708,21996.0,137.175,136.95
2017-04-11,GF1708,137.1,139.675,136.975,139.425,6377.0,,饲牛1708,22573.0,139.175,139.425
2017-04-12,GF1708,139.575,141.675,139.125,140.55,8361.0,,饲牛1708,23306.0,139.95,140.55
2017-04-13,GF1708,140.0,141.45,139.05,140.3,6385.0,,饲牛1708,24709.0,140.275,140.3
2017-04-17,GF1708,141.175,142.55,140.775,142.475,4221.0,,饲牛1708,24894.0,142.225,142.475
2017-04-18,GF1708,142.725,143.825,141.475,142.4,5763.0,,饲牛1708,25418.0,142.175,142.4
2017-04-19,GF1708,142.0,143.25,140.875,143.1,5729.0,,饲牛1708,26283.0,142.95,143.1
2017-04-20,GF1708,143.725,145.55,142.3,142.5,7554.0,,饲牛1708,27408.0,142.45,142.5
2017-04-21,GF1708,142.725,143.675,141.725,142.15,6762.0,,饲牛1708,28127.0,142.25,142.15
2017-04-24,GF1708,141.425,141.925,139.875,141.125,5732.0,,饲牛1708,29016.0,140.7,141.125
2017-04-25,GF1708,141.2,142.3,140.55,141.65,5917.0,,饲牛1708,29898.0,141.35,141.65
2017-04-26,GF1708,141.75,145.85,141.575,145.85,7933.0,,饲牛1708,31385.0,145.85,145.85
2017-04-27,GF1708,146.75,150.35,145.55,150.0,8862.0,,饲牛1708,31809.0,150.35,150.0
2017-04-28,GF1708,151.025,155.1,148.35,153.575,13897.0,,饲牛1708,31976.0,154.7,153.575
2017-05-01,GF1708,154.725,156.5,152.675,153.925,9146.0,,饲牛1708,32214.0,153.75,153.925
2017-05-02,GF1708,153.75,158.25,153.0,155.775,8978.0,,饲牛1708,31984.0,155.6,155.775
2017-05-03,GF1708,155.95,160.1,154.65,160.1,11399.0,,饲牛1708,32009.0,160.1,160.1
2017-05-04,GF1708,160.575,163.5,156.2,157.8,13882.0,,饲牛1708,32861.0,157.925,157.8
2017-05-05,GF1708,157.075,157.275,153.425,153.425,5782.0,,饲牛1708,32979.0,153.425,153.425
2017-05-08,GF1708,151.875,156.75,151.5,156.55,9760.0,,饲牛1708,33386.0,156.65,156.55
2017-05-09,GF1708,156.825,158.8,152.15,152.15,8118.0,,饲牛1708,33589.0,152.15,152.15
2017-05-10,GF1708,150.85,151.075,147.325,149.75,11190.0,,饲牛1708,33074.0,148.925,149.75
2017-05-11,GF1708,149.525,149.9,144.65,147.5,9563.0,,饲牛1708,32851.0,147.325,147.5
2017-05-12,GF1708,149.0,151.825,148.925,151.825,8198.0,,饲牛1708,32705.0,151.825,151.825
2017-05-15,GF1708,153.025,154.25,148.1,149.275,6255.0,,饲牛1708,32718.0,149.275,149.275
2017-05-16,GF1708,149.0,149.15,145.825,148.275,7644.0,,饲牛1708,32864.0,147.7,148.275
2017-05-17,GF1708,148.45,149.325,146.45,148.05,6515.0,,饲牛1708,33030.0,147.725,148.05
2017-05-18,GF1708,146.5,149.825,146.5,149.725,7103.0,,饲牛1708,33052.0,149.35,149.725
2017-05-19,GF1708,149.975,151.325,148.625,151.275,4695.0,,饲牛1708,33195.0,150.45,151.275
2017-05-22,GF1708,151.1,153.55,150.375,153.55,4769.0,,饲牛1708,33697.0,152.775,153.55
2017-05-23,GF1708,153.1,153.7,151.275,151.5,4589.0,,饲牛1708,33775.0,151.5,151.5
2017-05-24,GF1708,150.75,151.025,147.125,148.975,7456.0,,饲牛1708,33594.0,148.675,148.975
2017-05-25,GF1708,149.0,151.25,147.875,151.225,4457.0,,饲牛1708,33682.0,151.125,151.225
2017-05-26,GF1708,151.4,151.575,146.625,147.2,6693.0,,饲牛1708,33459.0,146.95,147.2
2017-05-30,GF1708,146.75,150.25,145.225,149.85,6282.0,,饲牛1708,33118.0,149.925,149.85
2017-05-31,GF1708,150.375,153.15,149.5,152.7,7316.0,,饲牛1708,32862.0,152.575,152.7
2017-06-01,GF1708,153.075,157.075,152.95,157.075,6003.0,,饲牛1708,32901.0,157.075,157.075
2017-06-02,GF1708,158.6,159.625,156.6,159.425,7616.0,,饲牛1708,33098.0,158.725,159.425
2017-06-05,GF1708,159.25,160.725,158.0,160.575,4855.0,,饲牛1708,33442.0,159.875,160.575
2017-06-06,GF1708,160.675,160.9,155.375,155.6,5409.0,,饲牛1708,33531.0,155.375,155.6
2017-06-07,GF1708,154.725,156.25,151.7,155.8,7565.0,,饲牛1708,33241.0,154.8,155.8
2017-06-08,GF1708,155.05,156.85,153.05,154.125,5726.0,,饲牛1708,33304.0,153.95,154.125
2017-06-09,GF1708,154.175,155.0,152.55,154.5,3815.0,,饲牛1708,33187.0,154.175,154.5
2017-06-12,GF1708,154.525,155.15,149.875,151.925,5888.0,,饲牛1708,32610.0,151.55,151.925
2017-06-13,GF1708,151.625,153.05,148.675,150.175,4552.0,,饲牛1708,32577.0,149.95,150.175
2017-06-14,GF1708,149.1,149.4,145.55,146.375,7649.0,,饲牛1708,31639.0,146.125,146.375
2017-06-15,GF1708,145.375,147.775,144.75,147.55,6142.0,,饲牛1708,30993.0,147.075,147.55
2017-06-16,GF1708,147.85,148.925,146.8,148.175,4179.0,,饲牛1708,30691.0,147.875,148.175
2017-06-19,GF1708,148.325,148.725,144.075,144.925,4962.0,,饲牛1708,30520.0,145.0,144.925
2017-06-20,GF1708,144.15,144.925,140.775,144.925,6830.0,,饲牛1708,30245.0,143.925,144.925
2017-06-21,GF1708,145.0,145.775,143.4,144.75,5009.0,,饲牛1708,30107.0,144.65,144.75
2017-06-22,GF1708,143.275,144.2,141.7,144.025,3911.0,,饲牛1708,30134.0,143.45,144.025
2017-06-23,GF1708,144.025,145.475,143.7,145.275,3531.0,,饲牛1708,30306.0,144.95,145.275
2017-06-26,GF1708,144.8,149.45,144.125,149.45,6685.0,,饲牛1708,30318.0,149.45,149.45
2017-06-27,GF1708,150.2,150.7,144.625,145.975,7588.0,,饲牛1708,30337.0,144.875,145.975
2017-06-28,GF1708,143.775,146.65,142.925,146.3,5535.0,,饲牛1708,29920.0,146.4,146.3
2017-06-29,GF1708,146.65,147.9,145.275,147.175,4412.0,,饲牛1708,29672.0,147.175,147.175
2017-06-30,GF1708,147.0,148.2,144.8,148.2,5454.0,,饲牛1708,29735.0,147.925,148.2
2017-07-03,GF1708,147.95,148.225,145.0,147.0,4749.0,,饲牛1708,29735.0,146.1,147.0
