date,symbol,open,high,low,close,volume,amount,name,openinterest,settleprice,price
2016-01-28,GF1701,,,,147.425,0.0,,饲牛1701,0.0,147.425,147.425
2016-01-29,GF1701,145.0,145.0,145.0,145.0,1.0,,饲牛1701,0.0,145.0,145.0
2016-02-01,GF1701,144.45,144.45,143.7,143.95,6.0,,饲牛1701,1.0,145.6,143.95
2016-02-02,GF1701,,,,145.775,0.0,,饲牛1701,7.0,145.775,145.775
2016-02-03,GF1701,,,,146.125,0.0,,饲牛1701,7.0,146.125,146.125
2016-02-04,GF1701,146.775,146.9,146.475,146.475,2.0,,饲牛1701,7.0,145.625,146.475
2016-02-05,GF1701,144.175,144.175,142.0,142.375,24.0,,饲牛1701,9.0,142.0,142.375
2016-02-08,GF1701,,,,137.5,1.0,,饲牛1701,27.0,137.5,137.5
2016-02-09,GF1701,137.35,137.5,137.275,137.275,21.0,,饲牛1701,28.0,136.95,137.275
2016-02-10,GF1701,,,,138.075,2.0,,饲牛1701,36.0,137.9,138.075
2016-02-11,GF1701,136.6,137.75,134.0,137.15,17.0,,饲牛1701,37.0,136.5,137.15
2016-02-12,GF1701,137.025,137.025,136.5,136.5,9.0,,饲牛1701,34.0,136.5,136.5
2016-02-16,GF1701,,,,139.95,7.0,,饲牛1701,40.0,137.85,139.95
2016-02-17,GF1701,140.825,141.35,139.85,139.85,14.0,,饲牛1701,41.0,140.225,139.85
2016-02-18,GF1701,139.525,140.2,139.525,140.2,9.0,,饲牛1701,49.0,140.2,140.2
2016-02-19,GF1701,139.5,140.0,138.775,139.25,9.0,,饲牛1701,47.0,139.275,139.25
2016-02-22,GF1701,139.625,139.625,139.55,139.55,7.0,,饲牛1701,50.0,139.55,139.55
2016-02-23,GF1701,,,,141.7,0.0,,饲牛1701,52.0,141.45,141.7
2016-02-24,GF1701,141.05,141.975,140.9,141.975,20.0,,饲牛1701,52.0,141.975,141.975
2016-02-25,GF1701,143.0,143.325,143.0,143.325,4.0,,饲牛1701,65.0,143.325,143.325
2016-02-26,GF1701,143.15,143.375,143.15,143.175,4.0,,饲牛1701,68.0,143.175,143.175
2016-02-29,GF1701,143.175,143.175,143.175,143.175,1.0,,饲牛1701,68.0,143.3,143.175
2016-03-01,GF1701,142.675,143.3,142.6,143.3,6.0,,饲牛1701,67.0,143.3,143.3
2016-03-02,GF1701,,,,143.125,0.0,,饲牛1701,68.0,143.125,143.125
2016-03-03,GF1701,142.9,143.1,142.9,143.1,7.0,,饲牛1701,68.0,143.0,143.1
2016-03-04,GF1701,143.0,144.675,143.0,144.675,15.0,,饲牛1701,72.0,144.675,144.675
2016-03-07,GF1701,144.65,145.0,144.575,145.0,18.0,,饲牛1701,72.0,145.0,145.0
2016-03-08,GF1701,144.2,145.9,144.2,145.9,5.0,,饲牛1701,83.0,145.9,145.9
2016-03-09,GF1701,145.475,145.475,145.475,145.475,1.0,,饲牛1701,85.0,145.475,145.475
2016-03-10,GF1701,146.8,146.8,146.8,146.8,1.0,,饲牛1701,85.0,146.8,146.8
2016-03-11,GF1701,147.5,150.15,147.5,147.9,24.0,,饲牛1701,86.0,147.9,147.9
2016-03-14,GF1701,147.475,147.925,147.425,147.425,7.0,,饲牛1701,93.0,147.425,147.425
2016-03-15,GF1701,147.75,148.15,147.75,148.075,7.0,,饲牛1701,95.0,148.075,148.075
2016-03-16,GF1701,148.95,149.7,148.95,149.7,3.0,,饲牛1701,97.0,149.675,149.7
2016-03-17,GF1701,149.575,150.125,149.175,149.175,18.0,,饲牛1701,96.0,149.275,149.175
2016-03-18,GF1701,148.275,148.275,144.775,144.775,28.0,,饲牛1701,108.0,145.425,144.775
2016-03-21,GF1701,144.525,144.775,143.0,143.0,14.0,,饲牛1701,112.0,143.625,143.0
2016-03-22,GF1701,141.625,143.375,141.4,142.7,20.0,,饲牛1701,109.0,142.7,142.7
2016-03-23,GF1701,142.7,143.0,142.525,142.85,16.0,,饲牛1701,99.0,142.45,142.85
2016-03-24,GF1701,142.3,143.0,142.3,142.925,4.0,,饲牛1701,101.0,142.625,142.925
2016-03-28,GF1701,142.55,142.55,142.5,142.5,3.0,,饲牛1701,105.0,142.5,142.5
2016-03-29,GF1701,142.725,143.5,142.65,142.65,13.0,,饲牛1701,105.0,143.0,142.65
2016-03-30,GF1701,139.8,139.8,138.85,139.175,8.0,,饲牛1701,107.0,139.175,139.175
2016-03-31,GF1701,138.525,143.675,138.525,143.675,13.0,,饲牛1701,104.0,143.675,143.675
2016-04-01,GF1701,143.75,144.7,142.775,143.425,24.0,,饲牛1701,100.0,143.425,143.425
2016-04-04,GF1701,144.0,144.0,143.05,143.775,17.0,,饲牛1701,104.0,143.6,143.775
2016-04-05,GF1701,141.75,141.75,141.0,141.0,17.0,,饲牛1701,112.0,141.625,141.0
2016-04-06,GF1701,140.45,141.85,140.45,140.95,34.0,,饲牛1701,114.0,141.275,140.95
2016-04-07,GF1701,140.95,142.375,139.825,142.125,46.0,,饲牛1701,130.0,142.125,142.125
2016-04-08,GF1701,142.975,144.0,142.975,143.8,13.0,,饲牛1701,150.0,143.8,143.8
2016-04-11,GF1701,144.0,144.0,141.85,141.95,28.0,,饲牛1701,155.0,141.875,141.95
2016-04-12,GF1701,141.65,142.25,140.75,142.1,27.0,,饲牛1701,168.0,141.55,142.1
2016-04-13,GF1701,141.75,141.85,139.5,139.7,30.0,,饲牛1701,179.0,140.0,139.7
2016-04-14,GF1701,139.425,140.85,139.35,140.2,23.0,,饲牛1701,186.0,140.375,140.2
2016-04-15,GF1701,141.1,141.175,140.55,140.55,40.0,,饲牛1701,189.0,140.65,140.55
2016-04-18,GF1701,138.725,138.725,136.55,136.55,32.0,,饲牛1701,201.0,136.65,136.55
2016-04-19,GF1701,135.875,136.575,134.475,135.45,132.0,,饲牛1701,200.0,135.575,135.45
2016-04-20,GF1701,136.0,136.0,134.25,134.25,43.0,,饲牛1701,217.0,134.3,134.25
2016-04-21,GF1701,134.125,135.825,133.6,134.95,141.0,,饲牛1701,242.0,135.0,134.95
2016-04-22,GF1701,135.325,135.325,130.625,132.0,124.0,,饲牛1701,271.0,132.75,132.0
2016-04-25,GF1701,133.2,133.95,132.8,133.8,85.0,,饲牛1701,301.0,133.775,133.8
2016-04-26,GF1701,134.725,135.75,134.55,135.55,22.0,,饲牛1701,290.0,135.55,135.55
2016-04-27,GF1701,135.65,136.75,133.05,135.325,65.0,,饲牛1701,294.0,135.425,135.325
2016-04-28,GF1701,134.25,134.7,130.925,130.925,31.0,,饲牛1701,309.0,131.425,130.925
2016-04-29,GF1701,130.475,131.8,129.425,131.55,40.0,,饲牛1701,310.0,131.15,131.55
2016-05-02,GF1701,132.325,135.0,132.15,133.325,67.0,,饲牛1701,328.0,133.425,133.325
2016-05-03,GF1701,133.45,134.15,132.625,133.8,71.0,,饲牛1701,351.0,134.0,133.8
2016-05-04,GF1701,132.675,133.7,131.7,133.7,61.0,,饲牛1701,388.0,133.425,133.7
2016-05-05,GF1701,133.95,136.125,133.15,135.975,51.0,,饲牛1701,406.0,136.025,135.975
2016-05-06,GF1701,136.5,136.6,135.725,136.475,53.0,,饲牛1701,410.0,136.55,136.475
2016-05-09,GF1701,136.925,140.0,136.925,139.175,126.0,,饲牛1701,419.0,139.3,139.175
2016-05-10,GF1701,138.7,139.75,138.525,139.2,47.0,,饲牛1701,460.0,139.125,139.2
2016-05-11,GF1701,139.5,140.05,137.275,137.275,67.0,,饲牛1701,480.0,138.225,137.275
2016-05-12,GF1701,137.275,139.0,134.625,135.1,50.0,,饲牛1701,487.0,135.35,135.1
2016-05-13,GF1701,135.825,135.85,131.175,135.075,91.0,,饲牛1701,487.0,134.15,135.075
2016-05-16,GF1701,135.8,137.05,135.375,135.525,58.0,,饲牛1701,476.0,135.425,135.525
2016-05-17,GF1701,135.95,136.825,135.1,136.75,62.0,,饲牛1701,481.0,136.8,136.75
2016-05-18,GF1701,136.9,137.2,136.475,136.875,29.0,,饲牛1701,505.0,136.85,136.875
2016-05-19,GF1701,136.3,136.4,133.6,135.575,85.0,,饲牛1701,509.0,135.875,135.575
2016-05-20,GF1701,135.875,136.125,134.7,136.025,45.0,,饲牛1701,500.0,135.95,136.025
2016-05-23,GF1701,131.75,133.75,131.45,131.575,112.0,,饲牛1701,513.0,131.45,131.575
2016-05-24,GF1701,131.0,131.975,129.35,131.625,118.0,,饲牛1701,529.0,131.55,131.625
2016-05-25,GF1701,131.85,132.675,131.625,132.525,59.0,,饲牛1701,557.0,132.125,132.525
2016-05-26,GF1701,132.925,134.175,130.55,133.775,93.0,,饲牛1701,568.0,134.0,133.775
2016-05-27,GF1701,134.4,135.05,134.075,134.575,73.0,,饲牛1701,590.0,134.425,134.575
2016-05-31,GF1701,135.5,136.25,134.5,135.25,133.0,,饲牛1701,602.0,134.925,135.25
2016-06-01,GF1701,133.55,135.425,132.55,135.2,194.0,,饲牛1701,600.0,135.225,135.2
2016-06-02,GF1701,135.65,136.4,135.05,135.7,177.0,,饲牛1701,641.0,135.75,135.7
2016-06-03,GF1701,135.875,136.075,134.925,135.9,110.0,,饲牛1701,674.0,135.9,135.9
2016-06-06,GF1701,136.525,137.025,132.375,133.7,143.0,,饲牛1701,676.0,134.35,133.7
2016-06-07,GF1701,134.7,134.95,133.575,133.825,46.0,,饲牛1701,686.0,134.025,133.825
2016-06-08,GF1701,133.7,135.75,131.65,135.3,119.0,,饲牛1701,688.0,135.575,135.3
2016-06-09,GF1701,136.2,136.2,134.675,135.25,45.0,,饲牛1701,704.0,135.475,135.25
2016-06-10,GF1701,134.65,135.25,132.875,134.7,94.0,,饲牛1701,720.0,134.325,134.7
2016-06-13,GF1701,132.425,132.425,129.825,129.825,190.0,,饲牛1701,740.0,129.825,129.825
2016-06-14,GF1701,129.825,131.725,129.05,131.4,144.0,,饲牛1701,765.0,131.45,131.4
2016-06-15,GF1701,131.0,131.5,129.975,130.15,77.0,,饲牛1701,781.0,130.025,130.15
2016-06-16,GF1701,130.35,130.65,127.85,129.15,281.0,,饲牛1701,784.0,130.1,129.15
2016-06-17,GF1701,129.0,130.075,127.425,127.425,103.0,,饲牛1701,843.0,127.75,127.425
2016-06-20,GF1701,128.25,128.25,124.975,126.825,151.0,,饲牛1701,851.0,126.675,126.825
2016-06-21,GF1701,127.125,129.5,126.7,129.15,169.0,,饲牛1701,911.0,129.025,129.15
2016-06-22,GF1701,128.475,130.2,127.475,129.75,166.0,,饲牛1701,961.0,129.75,129.75
2016-06-23,GF1701,129.8,131.825,129.8,131.825,177.0,,饲牛1701,1015.0,131.775,131.825
2016-06-24,GF1701,128.975,130.85,128.65,130.175,208.0,,饲牛1701,1050.0,129.775,130.175
2016-06-27,GF1701,130.15,131.325,129.9,131.025,117.0,,饲牛1701,1096.0,131.0,131.025
2016-06-28,GF1701,131.0,131.6,130.725,131.45,175.0,,饲牛1701,1143.0,131.55,131.45
2016-06-29,GF1701,131.925,133.7,131.775,133.325,358.0,,饲牛1701,1214.0,133.475,133.325
2016-06-30,GF1701,133.5,135.3,133.5,134.8,217.0,,饲牛1701,1366.0,135.175,134.8
2016-07-01,GF1701,135.75,136.075,133.6,133.875,236.0,,饲牛1701,1472.0,134.175,133.875
2016-07-05,GF1701,133.725,136.325,131.7,136.05,195.0,,饲牛1701,1537.0,135.95,136.05
2016-07-06,GF1701,135.95,137.025,135.0,135.25,179.0,,饲牛1701,1621.0,135.775,135.25
2016-07-07,GF1701,135.0,135.475,133.55,134.075,175.0,,饲牛1701,1670.0,134.575,134.075
2016-07-08,GF1701,134.175,135.8,133.45,135.075,546.0,,饲牛1701,1730.0,135.45,135.075
2016-07-11,GF1701,134.675,135.0,131.425,132.05,686.0,,饲牛1701,1896.0,132.2,132.05
2016-07-12,GF1701,131.65,132.95,130.025,131.25,725.0,,饲牛1701,2048.0,131.6,131.25
2016-07-13,GF1701,131.175,132.5,129.925,132.1,756.0,,饲牛1701,2244.0,132.35,132.1
2016-07-14,GF1701,132.3,134.05,132.3,133.525,867.0,,饲牛1701,2570.0,133.8,133.525
2016-07-15,GF1701,133.7,134.275,130.8,130.8,170.0,,饲牛1701,2728.0,131.2,130.8
2016-07-18,GF1701,130.0,133.375,129.75,133.0,391.0,,饲牛1701,2756.0,133.05,133.0
2016-07-19,GF1701,133.0,133.825,131.1,131.1,171.0,,饲牛1701,2877.0,131.25,131.1
2016-07-20,GF1701,131.225,132.05,129.875,130.05,75.0,,饲牛1701,2905.0,130.4,130.05
2016-07-21,GF1701,130.675,130.675,127.1,127.475,210.0,,饲牛1701,2918.0,127.725,127.475
2016-07-22,GF1701,127.875,130.425,127.875,129.7,395.0,,饲牛1701,2984.0,130.0,129.7
2016-07-25,GF1701,131.225,134.5,131.225,134.125,604.0,,饲牛1701,3025.0,134.425,134.125
2016-07-26,GF1701,134.475,135.6,133.375,134.375,555.0,,饲牛1701,3052.0,134.425,134.375
2016-07-27,GF1701,134.25,134.5,133.225,133.625,390.0,,饲牛1701,3074.0,133.6,133.625
2016-07-28,GF1701,133.6,134.7,131.025,131.3,381.0,,饲牛1701,3161.0,131.325,131.3
2016-07-29,GF1701,130.875,132.7,130.45,131.75,460.0,,饲牛1701,3168.0,131.775,131.75
2016-08-01,GF1701,132.625,135.975,132.625,135.75,485.0,,饲牛1701,3266.0,135.825,135.75
2016-08-02,GF1701,136.0,136.35,133.975,135.0,446.0,,饲牛1701,3247.0,135.275,135.0
2016-08-03,GF1701,134.625,136.45,134.625,136.325,350.0,,饲牛1701,3302.0,136.425,136.325
2016-08-04,GF1701,136.2,137.525,134.925,134.95,373.0,,饲牛1701,3410.0,135.425,134.95
2016-08-05,GF1701,135.775,137.275,135.275,136.875,747.0,,饲牛1701,3435.0,137.1,136.875
2016-08-08,GF1701,137.0,137.925,136.325,137.225,674.0,,饲牛1701,3610.0,137.75,137.225
2016-08-09,GF1701,137.25,139.2,136.875,138.85,771.0,,饲牛1701,3699.0,138.975,138.85
2016-08-10,GF1701,138.725,139.4,138.0,138.575,749.0,,饲牛1701,3788.0,138.95,138.575
2016-08-11,GF1701,138.375,138.95,136.025,136.8,824.0,,饲牛1701,3858.0,137.475,136.8
2016-08-12,GF1701,137.175,137.475,135.5,136.7,330.0,,饲牛1701,3981.0,136.75,136.7
2016-08-15,GF1701,136.975,137.4,136.075,136.075,231.0,,饲牛1701,3916.0,136.25,136.075
2016-08-16,GF1701,136.1,136.65,134.7,134.9,420.0,,饲牛1701,3941.0,135.125,134.9
2016-08-17,GF1701,134.75,135.65,134.25,134.4,315.0,,饲牛1701,3953.0,134.725,134.4
2016-08-18,GF1701,134.55,135.025,132.775,132.8,367.0,,饲牛1701,4008.0,133.1,132.8
2016-08-19,GF1701,132.9,134.0,132.125,133.2,385.0,,饲牛1701,3979.0,133.475,133.2
2016-08-22,GF1701,133.475,135.325,132.45,133.625,356.0,,饲牛1701,3872.0,133.775,133.625
2016-08-23,GF1701,133.525,133.975,132.525,132.675,386.0,,饲牛1701,3845.0,132.7,132.675
2016-08-24,GF1701,132.625,132.65,131.0,131.425,530.0,,饲牛1701,3850.0,131.475,131.425
2016-08-25,GF1701,131.475,131.475,129.8,130.7,561.0,,饲牛1701,3778.0,130.7,130.7
2016-08-26,GF1701,130.475,131.225,128.0,128.9,669.0,,饲牛1701,3846.0,128.975,128.9
2016-08-29,GF1701,128.25,128.675,126.95,127.85,637.0,,饲牛1701,3812.0,128.025,127.85
2016-08-30,GF1701,128.0,132.5,126.375,131.625,1289.0,,饲牛1701,3801.0,131.425,131.625
2016-08-31,GF1701,131.925,132.225,128.4,130.025,971.0,,饲牛1701,3844.0,130.35,130.025
2016-09-01,GF1701,129.925,129.975,126.175,126.9,1108.0,,饲牛1701,3939.0,126.875,126.9
2016-09-02,GF1701,126.9,128.325,124.75,125.15,1288.0,,饲牛1701,4115.0,125.075,125.15
2016-09-06,GF1701,124.5,124.925,121.25,121.525,1468.0,,饲牛1701,4287.0,122.175,121.525
2016-09-07,GF1701,121.625,125.45,121.525,124.6,1268.0,,饲牛1701,4425.0,124.925,124.6
2016-09-08,GF1701,124.875,125.225,121.925,123.15,1511.0,,饲牛1701,4496.0,123.375,123.15
2016-09-09,GF1701,123.2,125.725,120.85,124.35,2087.0,,饲牛1701,4492.0,125.2,124.35
2016-09-12,GF1701,125.175,126.95,124.75,125.575,1326.0,,饲牛1701,4406.0,125.9,125.575
2016-09-13,GF1701,125.45,125.75,123.325,124.525,980.0,,饲牛1701,4518.0,124.75,124.525
2016-09-14,GF1701,124.075,124.775,122.675,124.25,1066.0,,饲牛1701,4639.0,124.225,124.25
2016-09-15,GF1701,124.625,125.675,124.375,125.2,826.0,,饲牛1701,4694.0,125.25,125.2
2016-09-16,GF1701,124.975,126.925,124.375,126.125,855.0,,饲牛1701,4788.0,126.2,126.125
2016-09-19,GF1701,127.0,127.0,124.6,125.85,894.0,,饲牛1701,4938.0,125.925,125.85
2016-09-20,GF1701,126.025,126.35,124.775,124.925,687.0,,饲牛1701,5091.0,125.05,124.925
2016-09-21,GF1701,125.425,127.325,125.3,126.1,735.0,,饲牛1701,5183.0,126.125,126.1
2016-09-22,GF1701,126.0,127.5,125.3,125.4,740.0,,饲牛1701,5227.0,125.425,125.4
2016-09-23,GF1701,125.175,125.675,121.25,125.25,1351.0,,饲牛1701,5366.0,125.325,125.25
2016-09-26,GF1701,124.225,124.75,122.325,123.2,984.0,,饲牛1701,5563.0,123.375,123.2
2016-09-27,GF1701,122.725,122.9,119.0,119.05,1363.0,,饲牛1701,5793.0,119.225,119.05
2016-09-28,GF1701,118.675,122.775,118.2,120.575,1906.0,,饲牛1701,5914.0,120.675,120.575
2016-09-29,GF1701,120.725,121.45,119.725,120.3,1609.0,,饲牛1701,5888.0,120.625,120.3
2016-09-30,GF1701,119.85,120.275,116.125,116.275,3009.0,,饲牛1701,5950.0,116.825,116.275
2016-10-03,GF1701,116.425,118.7,115.025,116.025,3653.0,,饲牛1701,6257.0,115.8,116.025
2016-10-04,GF1701,116.275,120.225,116.025,119.8,3442.0,,饲牛1701,6874.0,120.025,119.8
2016-10-05,GF1701,119.925,120.45,117.9,119.325,2446.0,,饲牛1701,7165.0,119.3,119.325
2016-10-06,GF1701,118.825,119.425,117.3,118.55,2918.0,,饲牛1701,7391.0,118.775,118.55
2016-10-07,GF1701,118.0,118.975,117.4,118.375,2281.0,,饲牛1701,8208.0,118.55,118.375
2016-10-10,GF1701,118.225,119.5,114.35,115.675,3544.0,,饲牛1701,8989.0,115.9,115.675
2016-10-11,GF1701,115.6,117.425,114.7,114.875,3367.0,,饲牛1701,9159.0,115.55,114.875
2016-10-12,GF1701,115.0,116.025,113.3,113.325,4539.0,,饲牛1701,10284.0,114.275,113.325
2016-10-13,GF1701,112.725,114.025,111.175,111.175,4268.0,,饲牛1701,11772.0,111.55,111.175
2016-10-14,GF1701,111.75,113.65,111.425,111.625,4224.0,,饲牛1701,13603.0,112.0,111.625
2016-10-17,GF1701,111.325,114.125,111.325,113.725,2542.0,,饲牛1701,14716.0,113.525,113.725
2016-10-18,GF1701,113.575,114.025,112.275,113.65,4279.0,,饲牛1701,15526.0,113.775,113.65
2016-10-19,GF1701,113.475,113.625,110.65,110.8,3359.0,,饲牛1701,16847.0,110.85,110.8
2016-10-20,GF1701,110.95,114.6,110.95,114.2,4450.0,,饲牛1701,17567.0,114.25,114.2
2016-10-21,GF1701,114.7,117.075,114.275,115.675,3684.0,,饲牛1701,18036.0,115.5,115.675
2016-10-24,GF1701,117.425,119.2,117.25,118.125,3771.0,,饲牛1701,18160.0,118.075,118.125
2016-10-25,GF1701,117.75,119.875,117.5,117.6,4459.0,,饲牛1701,18453.0,117.7,117.6
2016-10-26,GF1701,117.775,118.975,117.475,117.925,3124.0,,饲牛1701,18724.0,118.35,117.925
2016-10-27,GF1701,118.375,120.2,118.325,118.325,3792.0,,饲牛1701,19317.0,118.525,118.325
2016-10-28,GF1701,118.775,119.625,115.7,116.3,4198.0,,饲牛1701,19853.0,116.0,116.3
2016-10-31,GF1701,116.5,117.225,115.225,116.275,3311.0,,饲牛1701,20743.0,116.0,116.275
2016-11-01,GF1701,116.1,120.5,116.1,120.35,6459.0,,饲牛1701,20969.0,120.425,120.35
2016-11-02,GF1701,120.8,121.375,119.6,120.875,4541.0,,饲牛1701,21132.0,120.925,120.875
2016-11-03,GF1701,120.85,120.925,117.525,118.825,5944.0,,饲牛1701,21644.0,118.75,118.825
2016-11-04,GF1701,118.75,118.75,116.225,117.625,4484.0,,饲牛1701,21843.0,117.85,117.625
2016-11-07,GF1701,118.0,118.225,114.95,116.075,4675.0,,饲牛1701,22139.0,116.25,116.075
2016-11-08,GF1701,115.85,119.5,115.75,119.475,5369.0,,饲牛1701,22412.0,119.225,119.475
2016-11-09,GF1701,118.875,120.5,118.225,119.85,3486.0,,饲牛1701,22315.0,119.725,119.85
2016-11-10,GF1701,119.9,121.05,119.525,120.5,3341.0,,饲牛1701,22152.0,120.325,120.5
2016-11-11,GF1701,120.55,121.2,119.975,121.05,2678.0,,饲牛1701,21978.0,121.025,121.05
2016-11-14,GF1701,121.25,123.975,121.125,122.8,5855.0,,饲牛1701,22027.0,122.325,122.8
2016-11-15,GF1701,122.725,123.275,121.625,123.175,3514.0,,饲牛1701,22404.0,123.025,123.175
2016-11-16,GF1701,122.775,125.675,122.65,125.425,5680.0,,饲牛1701,22661.0,125.325,125.425
2016-11-17,GF1701,125.4,126.525,124.45,124.9,5637.0,,饲牛1701,22801.0,124.925,124.9
2016-11-18,GF1701,124.6,125.725,123.975,125.375,3426.0,,饲牛1701,22771.0,124.975,125.375
2016-11-21,GF1701,125.0,126.5,123.55,124.15,3640.0,,饲牛1701,22797.0,124.175,124.15
2016-11-22,GF1701,123.8,124.7,123.1,124.15,3132.0,,饲牛1701,22589.0,124.05,124.15
2016-11-23,GF1701,124.025,125.125,123.6,124.925,2469.0,,饲牛1701,22514.0,124.9,124.925
2016-11-25,GF1701,125.75,127.5,125.75,126.975,3641.0,,饲牛1701,22684.0,127.225,126.975
2016-11-28,GF1701,127.3,128.225,125.85,126.2,4560.0,,饲牛1701,22564.0,126.8,126.2
2016-11-29,GF1701,126.225,127.75,125.575,126.825,4246.0,,饲牛1701,22383.0,126.975,126.825
2016-11-30,GF1701,126.95,128.725,126.95,128.225,4456.0,,饲牛1701,22154.0,128.425,128.225
2016-12-01,GF1701,129.25,129.6,127.325,127.475,5287.0,,饲牛1701,21961.0,127.775,127.475
2016-12-02,GF1701,127.775,128.1,124.2,124.7,5231.0,,饲牛1701,21599.0,124.6,124.7
2016-12-05,GF1701,124.775,125.5,124.025,124.7,3202.0,,饲牛1701,21095.0,124.325,124.7
2016-12-06,GF1701,124.7,127.425,122.925,126.55,5384.0,,饲牛1701,20942.0,126.85,126.55
2016-12-07,GF1701,126.7,127.55,125.4,126.675,4637.0,,饲牛1701,20608.0,126.975,126.675
2016-12-08,GF1701,126.6,127.75,124.575,126.4,5042.0,,饲牛1701,19651.0,126.6,126.4
2016-12-09,GF1701,125.825,126.175,124.875,125.975,3492.0,,饲牛1701,18668.0,125.95,125.975
2016-12-12,GF1701,126.075,129.075,125.125,128.65,5569.0,,饲牛1701,17799.0,128.55,128.65
2016-12-13,GF1701,129.0,129.8,128.65,129.0,6165.0,,饲牛1701,17204.0,128.975,129.0
2016-12-14,GF1701,128.65,129.675,127.075,127.925,5151.0,,饲牛1701,15741.0,127.7,127.925
2016-12-15,GF1701,127.4,128.325,126.825,127.825,3383.0,,饲牛1701,14771.0,127.7,127.825
2016-12-16,GF1701,127.925,130.1,127.875,130.1,4501.0,,饲牛1701,14326.0,129.9,130.1
2016-12-19,GF1701,129.9,130.925,129.25,130.925,3470.0,,饲牛1701,13695.0,130.875,130.925
2016-12-20,GF1701,130.8,131.55,129.35,130.1,5787.0,,饲牛1701,13159.0,130.0,130.1
2016-12-21,GF1701,129.825,130.875,128.9,130.4,4059.0,,饲牛1701,11556.0,130.225,130.4
2016-12-22,GF1701,130.275,131.2,129.75,131.075,2692.0,,饲牛1701,11003.0,131.125,131.075
2016-12-23,GF1701,130.825,131.425,129.425,130.625,2753.0,,饲牛1701,10449.0,130.725,130.625
2016-12-27,GF1701,130.05,130.7,129.525,129.75,1370.0,,饲牛1701,10201.0,129.95,129.75
2016-12-28,GF1701,129.9,131.9,129.75,131.625,2159.0,,饲牛1701,10141.0,131.725,131.625
2016-12-29,GF1701,131.725,132.0,130.975,131.75,1973.0,,饲牛1701,9701.0,131.925,131.75
2016-12-30,GF1701,131.825,132.925,129.6,130.775,2426.0,,饲牛1701,9337.0,130.45,130.775
2017-01-11,GF1701,132.275,133.1,131.1,131.1,1848.0,,饲牛1701,5631.0,132.05,131.1
2017-01-12,GF1701,131.1,131.2,128.45,130.1,1613.0,,饲牛1701,5264.0,130.325,130.1
2017-01-13,GF1701,130.1,130.9,129.35,130.35,1339.0,,饲牛1701,4864.0,130.45,130.35
2017-01-17,GF1701,130.65,131.225,130.475,130.95,1011.0,,饲牛1701,4664.0,130.925,130.95
2017-01-18,GF1701,130.9,131.575,130.55,131.025,814.0,,饲牛1701,4490.0,131.0,131.025
2017-01-19,GF1701,131.1,132.175,131.0,131.9,1202.0,,饲牛1701,4260.0,131.95,131.9
2017-01-20,GF1701,132.1,133.2,131.7,133.05,1218.0,,饲牛1701,3832.0,133.1,133.05
2017-01-23,GF1701,132.975,132.975,132.175,132.75,1174.0,,饲牛1701,3551.0,132.775,132.75
2017-01-24,GF1701,132.75,133.075,132.3,132.325,1022.0,,饲牛1701,3179.0,132.425,132.325
2017-01-25,GF1701,132.575,132.75,132.25,132.3,1299.0,,饲牛1701,2890.0,132.375,132.3
2017-01-26,GF1701,132.2,132.2,131.775,131.875,1045.0,,饲牛1701,2275.0,131.825,131.875
2017-01-27,GF1701,,,,131.71,0.0,,饲牛1701,1495.0,131.71,131.71
