date,symbol,open,high,low,close,volume,amount,name,openinterest,settleprice,price
2017-01-26,GF1801,,,,119.95,0.0,,饲牛1801,0.0,119.95,119.95
2017-01-27,GF1801,,,,119.125,0.0,,饲牛1801,0.0,119.125,119.125
2017-01-30,GF1801,116.15,116.15,116.05,116.05,16.0,,饲牛1801,11.0,116.05,116.05
2017-01-31,GF1801,,,,116.35,2.0,,饲牛1801,11.0,116.35,116.35
2017-02-01,GF1801,,,,116.525,6.0,,饲牛1801,11.0,116.525,116.525
2017-02-02,GF1801,,,,118.15,1.0,,饲牛1801,11.0,118.15,118.15
2017-02-03,GF1801,117.575,117.6,117.35,117.35,12.0,,饲牛1801,15.0,117.6,117.35
2017-02-06,GF1801,117.1,117.65,116.325,117.65,32.0,,饲牛1801,32.0,117.425,117.65
2017-02-07,GF1801,117.7,118.05,117.7,118.05,4.0,,饲牛1801,36.0,118.05,118.05
2017-02-08,GF1801,117.3,117.4,117.125,117.4,11.0,,饲牛1801,40.0,117.4,117.4
2017-02-09,GF1801,,,,118.175,8.0,,饲牛1801,45.0,118.175,118.175
2017-02-10,GF1801,118.25,118.25,118.25,118.25,1.0,,饲牛1801,46.0,117.975,118.25
2017-02-13,GF1801,116.55,116.55,116.55,116.55,2.0,,饲牛1801,47.0,116.4,116.55
2017-02-14,GF1801,115.0,117.65,114.95,117.65,17.0,,饲牛1801,57.0,116.05,117.65
2017-02-15,GF1801,,,,116.5,0.0,,饲牛1801,57.0,117.175,116.5
2017-02-16,GF1801,,,,116.7,2.0,,饲牛1801,59.0,116.7,116.7
2017-02-17,GF1801,,,,117.225,1.0,,饲牛1801,60.0,117.225,117.225
2017-02-21,GF1801,118.025,118.025,118.025,118.025,2.0,,饲牛1801,61.0,118.025,118.025
2017-02-22,GF1801,118.2,118.2,117.9,118.0,19.0,,饲牛1801,71.0,118.45,118.0
2017-02-23,GF1801,,,,118.6,4.0,,饲牛1801,70.0,118.725,118.6
2017-02-24,GF1801,117.025,117.025,117.025,117.025,2.0,,饲牛1801,72.0,117.025,117.025
2017-02-27,GF1801,118.3,118.3,118.05,118.05,52.0,,饲牛1801,97.0,118.175,118.05
2017-02-28,GF1801,119.0,119.0,119.0,119.0,10.0,,饲牛1801,92.0,119.0,119.0
2017-03-01,GF1801,119.9,120.025,119.725,120.025,27.0,,饲牛1801,118.0,119.875,120.025
2017-03-02,GF1801,118.825,119.425,118.75,119.275,33.0,,饲牛1801,143.0,119.2,119.275
2017-03-03,GF1801,119.05,119.725,118.275,119.725,21.0,,饲牛1801,156.0,119.3,119.725
2017-03-06,GF1801,120.0,120.15,118.8,118.8,84.0,,饲牛1801,200.0,119.775,118.8
2017-03-07,GF1801,118.675,118.675,118.675,118.675,2.0,,饲牛1801,199.0,118.775,118.675
2017-03-08,GF1801,119.0,119.55,119.0,119.55,7.0,,饲牛1801,200.0,119.55,119.55
2017-03-09,GF1801,120.0,120.0,119.75,119.75,13.0,,饲牛1801,205.0,119.875,119.75
2017-03-10,GF1801,119.95,120.55,119.95,120.5,19.0,,饲牛1801,216.0,120.5,120.5
2017-03-13,GF1801,120.55,121.975,120.55,121.675,25.0,,饲牛1801,216.0,121.85,121.675
2017-03-14,GF1801,121.25,121.25,119.625,121.15,13.0,,饲牛1801,224.0,121.1,121.15
2017-03-15,GF1801,121.5,121.65,121.475,121.475,14.0,,饲牛1801,222.0,121.5,121.475
2017-03-16,GF1801,121.725,121.9,121.6,121.9,15.0,,饲牛1801,225.0,121.825,121.9
2017-03-17,GF1801,121.75,122.2,121.75,122.15,18.0,,饲牛1801,230.0,122.025,122.15
2017-03-20,GF1801,122.25,122.825,121.7,122.8,39.0,,饲牛1801,251.0,122.8,122.8
2017-03-21,GF1801,123.15,123.8,123.15,123.8,20.0,,饲牛1801,266.0,123.7,123.8
2017-03-22,GF1801,125.375,127.875,125.275,127.575,45.0,,饲牛1801,288.0,127.875,127.575
2017-03-23,GF1801,127.9,128.0,126.6,127.4,54.0,,饲牛1801,336.0,127.2,127.4
2017-03-24,GF1801,126.95,127.3,126.95,126.95,26.0,,饲牛1801,347.0,126.975,126.95
2017-03-27,GF1801,125.6,125.95,125.0,125.125,32.0,,饲牛1801,352.0,125.125,125.125
2017-03-28,GF1801,124.9,125.25,124.8,125.225,22.0,,饲牛1801,365.0,125.15,125.225
2017-03-29,GF1801,125.9,126.9,125.75,126.15,59.0,,饲牛1801,391.0,126.15,126.15
2017-03-30,GF1801,125.1,125.375,123.4,124.275,34.0,,饲牛1801,382.0,124.425,124.275
2017-03-31,GF1801,123.575,125.475,123.575,125.4,44.0,,饲牛1801,400.0,125.375,125.4
2017-04-03,GF1801,124.675,125.975,124.6,125.775,65.0,,饲牛1801,438.0,125.875,125.775
2017-04-04,GF1801,124.825,125.75,124.8,125.625,67.0,,饲牛1801,470.0,125.525,125.625
2017-04-05,GF1801,124.3,125.375,124.125,125.35,31.0,,饲牛1801,477.0,125.325,125.35
2017-04-06,GF1801,125.05,126.675,124.9,126.575,51.0,,饲牛1801,491.0,126.55,126.575
2017-04-07,GF1801,126.95,128.35,126.95,128.25,128.0,,饲牛1801,548.0,128.225,128.25
2017-04-10,GF1801,129.0,130.5,128.8,129.8,247.0,,饲牛1801,639.0,130.025,129.8
2017-04-11,GF1801,129.825,133.0,129.8,132.75,187.0,,饲牛1801,706.0,132.875,132.75
2017-04-12,GF1801,133.175,134.025,132.125,133.4,210.0,,饲牛1801,764.0,133.525,133.4
2017-04-13,GF1801,132.775,134.325,131.825,133.65,213.0,,饲牛1801,829.0,133.95,133.65
2017-04-17,GF1801,134.5,135.325,133.975,135.2,212.0,,饲牛1801,905.0,135.175,135.2
2017-04-18,GF1801,135.575,136.275,134.125,135.375,152.0,,饲牛1801,941.0,135.25,135.375
2017-04-19,GF1801,135.2,135.85,134.2,135.825,82.0,,饲牛1801,971.0,135.8,135.825
2017-04-20,GF1801,136.1,137.5,135.175,135.675,108.0,,饲牛1801,998.0,135.675,135.675
2017-04-21,GF1801,136.325,136.75,135.625,135.85,39.0,,饲牛1801,988.0,135.85,135.85
2017-04-24,GF1801,134.925,135.375,133.65,135.25,278.0,,饲牛1801,1028.0,135.225,135.25
2017-04-25,GF1801,135.85,135.9,134.8,135.85,68.0,,饲牛1801,1049.0,135.725,135.85
2017-04-26,GF1801,136.375,140.0,136.35,139.575,405.0,,饲牛1801,1259.0,139.525,139.575
2017-04-27,GF1801,140.0,143.975,139.05,143.9,364.0,,饲牛1801,1422.0,143.825,143.9
2017-04-28,GF1801,144.475,146.775,141.525,146.0,591.0,,饲牛1801,1562.0,146.6,146.0
2017-05-01,GF1801,146.55,148.0,144.325,145.625,346.0,,饲牛1801,1672.0,145.5,145.625
2017-05-02,GF1801,145.05,149.675,145.0,145.275,467.0,,饲牛1801,1740.0,145.7,145.275
2017-05-03,GF1801,145.65,148.0,144.2,147.875,453.0,,饲牛1801,1730.0,147.775,147.875
2017-05-04,GF1801,147.85,149.575,142.6,143.25,374.0,,饲牛1801,1687.0,143.3,143.25
2017-05-05,GF1801,141.9,142.45,138.8,138.975,280.0,,饲牛1801,1704.0,138.8,138.975
2017-05-08,GF1801,139.075,144.0,139.0,143.575,330.0,,饲牛1801,1767.0,143.7,143.575
2017-05-09,GF1801,144.0,145.6,139.2,139.2,252.0,,饲牛1801,1816.0,139.2,139.2
2017-05-10,GF1801,138.4,140.55,137.0,140.2,384.0,,饲牛1801,1918.0,140.2,140.2
2017-05-11,GF1801,140.625,140.65,136.7,138.6,280.0,,饲牛1801,1940.0,138.55,138.6
2017-05-12,GF1801,141.25,142.6,139.275,142.6,394.0,,饲牛1801,2037.0,142.375,142.6
2017-05-15,GF1801,143.05,143.05,138.325,139.075,97.0,,饲牛1801,2038.0,139.075,139.075
2017-05-16,GF1801,138.5,138.825,136.725,138.575,114.0,,饲牛1801,2030.0,138.05,138.575
2017-05-17,GF1801,138.525,139.625,137.55,138.3,168.0,,饲牛1801,2066.0,138.3,138.3
2017-05-18,GF1801,137.1,140.1,137.1,139.975,127.0,,饲牛1801,2114.0,139.775,139.975
2017-05-19,GF1801,140.225,141.25,139.675,141.25,199.0,,饲牛1801,2177.0,140.775,141.25
2017-05-22,GF1801,141.025,143.85,140.45,143.85,299.0,,饲牛1801,2278.0,143.475,143.85
2017-05-23,GF1801,143.525,144.05,142.325,142.75,100.0,,饲牛1801,2296.0,142.875,142.75
2017-05-24,GF1801,142.225,142.275,139.45,140.925,125.0,,饲牛1801,2259.0,141.225,140.925
2017-05-25,GF1801,141.075,142.875,140.1,142.7,73.0,,饲牛1801,2249.0,142.7,142.7
2017-05-26,GF1801,141.825,143.0,138.2,138.2,349.0,,饲牛1801,2247.0,138.45,138.2
2017-05-30,GF1801,137.625,140.6,136.75,140.425,129.0,,饲牛1801,2229.0,140.25,140.425
2017-05-31,GF1801,141.025,142.2,139.5,141.3,594.0,,饲牛1801,2256.0,141.3,141.3
2017-06-01,GF1801,141.575,145.7,141.575,145.3,439.0,,饲牛1801,2280.0,145.525,145.3
2017-06-02,GF1801,145.75,146.375,144.15,146.325,428.0,,饲牛1801,2388.0,145.85,146.325
2017-06-05,GF1801,145.925,149.1,145.875,149.1,517.0,,饲牛1801,2489.0,148.775,149.1
2017-06-06,GF1801,148.8,149.4,144.275,144.275,444.0,,饲牛1801,2509.0,144.275,144.275
2017-06-07,GF1801,142.8,145.75,142.0,145.725,512.0,,饲牛1801,2560.0,145.3,145.725
2017-06-08,GF1801,144.875,147.025,143.775,144.125,612.0,,饲牛1801,2479.0,144.3,144.125
2017-06-09,GF1801,144.225,145.1,143.075,145.075,352.0,,饲牛1801,2487.0,144.85,145.075
2017-06-12,GF1801,145.1,145.6,140.725,142.4,619.0,,饲牛1801,2489.0,142.225,142.4
2017-06-13,GF1801,142.3,143.55,140.0,141.175,376.0,,饲牛1801,2490.0,141.1,141.175
2017-06-14,GF1801,140.175,140.2,136.675,137.525,562.0,,饲牛1801,2458.0,137.55,137.525
2017-06-15,GF1801,136.925,138.675,135.925,138.0,338.0,,饲牛1801,2506.0,137.675,138.0
2017-06-16,GF1801,137.525,138.95,137.45,138.825,271.0,,饲牛1801,2499.0,138.5,138.825
2017-06-19,GF1801,139.1,139.3,135.275,135.9,440.0,,饲牛1801,2518.0,136.325,135.9
2017-06-20,GF1801,135.0,135.65,132.7,135.65,596.0,,饲牛1801,2542.0,135.2,135.65
2017-06-21,GF1801,135.8,136.75,135.075,135.9,215.0,,饲牛1801,2576.0,135.775,135.9
2017-06-22,GF1801,134.675,136.275,133.075,136.275,476.0,,饲牛1801,2636.0,135.7,136.275
2017-06-23,GF1801,136.25,137.6,135.875,137.125,458.0,,饲牛1801,2656.0,137.3,137.125
2017-06-26,GF1801,136.95,141.5,135.575,141.35,579.0,,饲牛1801,2756.0,141.425,141.35
2017-06-27,GF1801,141.675,141.775,136.325,137.8,383.0,,饲牛1801,2759.0,137.05,137.8
2017-06-28,GF1801,136.275,139.15,135.45,138.975,404.0,,饲牛1801,2848.0,139.15,138.975
2017-06-29,GF1801,139.1,141.075,138.225,140.3,456.0,,饲牛1801,2978.0,140.825,140.3
2017-06-30,GF1801,140.375,142.9,138.7,142.725,987.0,,饲牛1801,3359.0,142.575,142.725
2017-07-03,GF1801,142.0,142.625,139.75,141.6,591.0,,饲牛1801,3359.0,141.125,141.6
