date,symbol,open,high,low,close,volume,amount,name,openinterest,settleprice,price
2012-07-20,HE0,79.875,80.425,79.55,79.7,18703.0,,猪瘦肉连续,85720.0,79.8,79.7
2012-07-23,HE0,79.3,79.5,78.7,78.85,11257.0,,猪瘦肉连续,89452.0,78.85,78.85
2012-07-24,HE0,78.925,79.225,77.575,78.1,17008.0,,猪瘦肉连续,90074.0,78.025,78.1
2012-07-25,HE0,78.375,80.775,78.325,80.25,16661.0,,猪瘦肉连续,88490.0,80.2,80.25
2012-07-26,HE0,80.625,81.775,80.3,81.425,15583.0,,猪瘦肉连续,90497.0,81.425,81.425
2012-07-27,HE0,81.375,82.2,80.875,81.4,19623.0,,猪瘦肉连续,93331.0,81.325,81.4
2012-07-30,HE0,81.475,82.5,81.3,82.05,18553.0,,猪瘦肉连续,95328.0,81.975,82.05
2012-07-31,HE0,81.975,83.0,80.1,80.25,27356.0,,猪瘦肉连续,97036.0,80.3,80.25
2012-08-01,HE0,80.4,80.6,79.35,79.7,23086.0,,猪瘦肉连续,97987.0,79.725,79.7
2012-08-02,HE0,79.925,80.025,78.2,78.4,20093.0,,猪瘦肉连续,97428.0,78.225,78.4
2012-08-03,HE0,78.5,78.625,75.8,75.9,23488.0,,猪瘦肉连续,96114.0,75.85,75.9
2012-08-06,HE0,76.0,76.25,75.1,75.25,14814.0,,猪瘦肉连续,95925.0,75.175,75.25
2012-08-07,HE0,75.675,76.175,74.9,75.1,18214.0,,猪瘦肉连续,95949.0,74.925,75.1
2012-08-08,HE0,75.45,75.9,74.825,75.625,21835.0,,猪瘦肉连续,95546.0,75.625,75.625
2012-08-09,HE0,75.825,76.8,75.525,76.0,22278.0,,猪瘦肉连续,96305.0,75.95,76.0
2012-08-10,HE0,75.975,76.175,75.475,75.65,15309.0,,猪瘦肉连续,98347.0,75.525,75.65
2012-08-13,HE0,75.825,77.6,75.8,77.15,15928.0,,猪瘦肉连续,96680.0,77.05,77.15
2012-08-14,HE0,77.15,77.775,76.525,77.45,17615.0,,猪瘦肉连续,95986.0,77.425,77.45
2012-08-15,HE0,77.55,77.725,75.5,75.55,16371.0,,猪瘦肉连续,96159.0,75.6,75.55
2012-08-16,HE0,75.75,76.175,75.3,75.65,11467.0,,猪瘦肉连续,94968.0,75.625,75.65
2012-08-17,HE0,75.525,76.95,75.35,76.225,10820.0,,猪瘦肉连续,93697.0,76.2,76.225
2012-08-20,HE0,76.45,76.45,75.725,75.85,8325.0,,猪瘦肉连续,92750.0,75.9,75.85
2012-08-21,HE0,76.15,76.175,75.525,75.8,9618.0,,猪瘦肉连续,93122.0,75.8,75.8
2012-08-22,HE0,75.575,75.7,73.05,73.175,21442.0,,猪瘦肉连续,93955.0,73.175,73.175
2012-08-23,HE0,73.15,73.95,72.075,72.7,20509.0,,猪瘦肉连续,92274.0,72.575,72.7
2012-08-24,HE0,72.575,72.975,72.1,72.475,11243.0,,猪瘦肉连续,92724.0,72.375,72.475
2012-08-27,HE0,72.65,73.475,72.525,73.25,11695.0,,猪瘦肉连续,93381.0,73.25,73.25
2012-08-28,HE0,73.2,73.575,72.975,73.35,9948.0,,猪瘦肉连续,92481.0,73.25,73.35
2012-08-29,HE0,73.2,74.225,72.5,73.7,16301.0,,猪瘦肉连续,91603.0,73.7,73.7
2012-08-30,HE0,73.8,74.5,73.5,74.15,13927.0,,猪瘦肉连续,90422.0,74.15,74.15
2012-08-31,HE0,74.225,74.35,72.8,74.1,23037.0,,猪瘦肉连续,86928.0,74.175,74.1
2012-09-04,HE0,74.175,74.325,73.3,74.15,18237.0,,猪瘦肉连续,89098.0,74.2,74.15
2012-09-05,HE0,73.875,75.225,73.125,73.65,25521.0,,猪瘦肉连续,86699.0,73.625,73.65
2012-09-06,HE0,73.6,73.75,71.5,71.75,26615.0,,猪瘦肉连续,86355.0,71.75,71.75
2012-09-07,HE0,71.675,71.775,70.375,71.5,28431.0,,猪瘦肉连续,84446.0,71.35,71.5
2012-09-10,HE0,71.3,73.0,71.3,72.6,25376.0,,猪瘦肉连续,80741.0,72.575,72.6
2012-09-11,HE0,71.475,71.925,70.7,71.5,28602.0,,猪瘦肉连续,81328.0,71.425,71.5
2012-09-12,HE0,71.925,72.5,71.05,72.25,23808.0,,猪瘦肉连续,87379.0,72.35,72.25
2012-09-13,HE0,72.1,72.725,71.65,72.35,23509.0,,猪瘦肉连续,88827.0,72.375,72.35
2012-09-14,HE0,72.325,73.95,71.9,73.825,28545.0,,猪瘦肉连续,96108.0,73.9,73.825
2012-09-17,HE0,73.6,73.85,72.75,73.3,19250.0,,猪瘦肉连续,99392.0,73.35,73.3
2012-09-18,HE0,73.2,74.475,73.05,74.15,24535.0,,猪瘦肉连续,101735.0,74.2,74.15
2012-09-19,HE0,73.675,74.925,73.25,74.75,19844.0,,猪瘦肉连续,104399.0,74.725,74.75
2012-09-20,HE0,74.725,75.175,73.85,74.25,20706.0,,猪瘦肉连续,105588.0,74.2,74.25
2012-09-21,HE0,74.625,75.1,74.3,75.0,18135.0,,猪瘦肉连续,105721.0,74.975,75.0
2012-09-24,HE0,74.725,75.625,74.5,75.35,19413.0,,猪瘦肉连续,105502.0,75.35,75.35
2012-09-25,HE0,75.525,75.875,74.6,74.7,17244.0,,猪瘦肉连续,105502.0,74.65,74.7
2012-09-26,HE0,74.7,75.025,73.9,74.4,20758.0,,猪瘦肉连续,105254.0,74.375,74.4
2012-09-27,HE0,74.5,74.825,73.5,73.575,18586.0,,猪瘦肉连续,105843.0,73.6,73.575
2012-09-28,HE0,73.775,74.825,73.4,73.7,22329.0,,猪瘦肉连续,105577.0,73.75,73.7
2012-10-01,HE0,73.8,75.425,73.775,75.1,22208.0,,猪瘦肉连续,106365.0,75.125,75.1
2012-10-02,HE0,75.25,77.15,75.175,76.85,27041.0,,猪瘦肉连续,106730.0,76.85,76.85
2012-10-03,HE0,77.15,77.75,75.8,75.95,32893.0,,猪瘦肉连续,105320.0,75.875,75.95
2012-10-04,HE0,75.875,77.325,75.8,76.0,24415.0,,猪瘦肉连续,106069.0,76.05,76.0
2012-10-05,HE0,76.5,76.8,75.75,76.6,19856.0,,猪瘦肉连续,103351.0,76.55,76.6
2012-10-08,HE0,76.65,77.675,76.35,76.85,17962.0,,猪瘦肉连续,104993.0,76.875,76.85
2012-10-09,HE0,77.025,77.475,76.375,76.85,21951.0,,猪瘦肉连续,103509.0,76.8,76.85
2012-10-10,HE0,77.275,78.25,77.15,78.1,22722.0,,猪瘦肉连续,103253.0,78.1,78.1
2012-10-11,HE0,77.85,78.0,76.55,77.45,26198.0,,猪瘦肉连续,104185.0,77.5,77.45
2012-10-12,HE0,77.7,78.475,77.4,78.375,14667.0,,猪瘦肉连续,102801.0,78.375,78.375
2012-10-15,HE0,78.05,78.85,78.05,78.525,14983.0,,猪瘦肉连续,101716.0,78.55,78.525
2012-10-16,HE0,78.475,78.8,78.075,78.65,13449.0,,猪瘦肉连续,102015.0,78.6,78.65
2012-10-17,HE0,78.525,79.425,78.3,79.25,18654.0,,猪瘦肉连续,101999.0,79.175,79.25
2012-10-18,HE0,79.225,79.4,78.55,78.95,20887.0,,猪瘦肉连续,102718.0,78.85,78.95
2012-10-19,HE0,79.15,79.8,79.0,79.7,18758.0,,猪瘦肉连续,102191.0,79.625,79.7
2012-10-22,HE0,79.625,79.7,78.4,78.7,18384.0,,猪瘦肉连续,100772.0,78.675,78.7
2012-10-23,HE0,78.65,78.675,77.8,78.125,17490.0,,猪瘦肉连续,100164.0,78.125,78.125
2012-10-24,HE0,77.95,78.8,77.625,78.3,18223.0,,猪瘦肉连续,99130.0,78.25,78.3
2012-10-25,HE0,78.275,78.675,77.65,78.15,15084.0,,猪瘦肉连续,99818.0,78.125,78.15
2012-10-26,HE0,78.325,79.25,78.125,78.9,22032.0,,猪瘦肉连续,98862.0,78.9,78.9
2012-10-29,HE0,78.6,78.6,76.825,77.825,17796.0,,猪瘦肉连续,95810.0,77.8,77.825
2012-10-30,HE0,77.925,78.35,77.7,78.1,13265.0,,猪瘦肉连续,92076.0,78.1,78.1
2012-10-31,HE0,78.175,79.275,77.925,78.2,28360.0,,猪瘦肉连续,90478.0,78.275,78.2
2012-11-01,HE0,78.475,79.45,77.85,78.05,25806.0,,猪瘦肉连续,89841.0,77.875,78.05
2012-11-02,HE0,78.2,78.575,77.5,77.75,19830.0,,猪瘦肉连续,88300.0,77.75,77.75
2012-11-05,HE0,77.875,78.025,76.85,77.0,24348.0,,猪瘦肉连续,87305.0,76.925,77.0
2012-11-06,HE0,77.15,77.975,76.65,77.7,20733.0,,猪瘦肉连续,84826.0,77.575,77.7
2012-11-07,HE0,77.65,80.475,77.3,80.1,39807.0,,猪瘦肉连续,82299.0,80.1,80.1
2012-11-08,HE0,79.9,80.75,79.75,80.15,29368.0,,猪瘦肉连续,76581.0,80.2,80.15
2012-11-09,HE0,80.125,80.95,79.9,80.75,23670.0,,猪瘦肉连续,69769.0,80.75,80.75
2012-11-12,HE0,80.8,80.875,80.15,80.5,18438.0,,猪瘦肉连续,65535.0,80.325,80.5
2012-11-13,HE0,86.35,87.3,86.2,86.95,26860.0,,猪瘦肉连续,67585.0,86.85,86.95
2012-11-14,HE0,86.85,87.0,85.675,86.2,17509.0,,猪瘦肉连续,77759.0,86.05,86.2
2012-11-15,HE0,86.05,86.525,85.45,86.25,15990.0,,猪瘦肉连续,81491.0,86.15,86.25
2012-11-16,HE0,86.175,86.975,86.15,86.75,8315.0,,猪瘦肉连续,86506.0,86.45,86.75
2012-11-19,HE0,87.0,87.875,86.85,87.45,15426.0,,猪瘦肉连续,87830.0,87.425,87.45
2012-11-20,HE0,87.35,87.975,87.15,87.75,12227.0,,猪瘦肉连续,91686.0,87.7,87.75
2012-11-21,HE0,87.55,88.25,87.075,87.15,15215.0,,猪瘦肉连续,92869.0,87.125,87.15
2012-11-23,HE0,87.1,88.175,86.975,87.4,8858.0,,猪瘦肉连续,92431.0,87.375,87.4
2012-11-26,HE0,87.425,88.1,86.8,87.0,16885.0,,猪瘦肉连续,94997.0,86.975,87.0
2012-11-27,HE0,86.925,87.425,86.3,86.8,17819.0,,猪瘦肉连续,95506.0,86.725,86.8
2012-11-28,HE0,87.275,87.825,87.0,87.55,17819.0,,猪瘦肉连续,98128.0,87.575,87.55
2012-11-29,HE0,87.5,88.2,86.8,87.1,21423.0,,猪瘦肉连续,98794.0,87.125,87.1
2012-11-30,HE0,86.9,87.175,86.35,86.975,23620.0,,猪瘦肉连续,99192.0,86.925,86.975
2012-12-03,HE0,87.125,87.775,85.6,85.85,28053.0,,猪瘦肉连续,101236.0,85.675,85.85
2012-12-04,HE0,85.675,86.1,85.15,85.6,23059.0,,猪瘦肉连续,102718.0,85.525,85.6
2012-12-05,HE0,85.55,86.225,85.2,85.7,14668.0,,猪瘦肉连续,103999.0,85.65,85.7
2012-12-06,HE0,85.575,85.675,84.175,84.4,22674.0,,猪瘦肉连续,104861.0,84.45,84.4
2012-12-07,HE0,84.225,84.4,83.2,83.5,24514.0,,猪瘦肉连续,104725.0,83.475,83.5
2012-12-10,HE0,83.55,84.15,83.3,83.925,13748.0,,猪瘦肉连续,104485.0,83.925,83.925
2012-12-11,HE0,83.975,84.475,83.6,84.2,17101.0,,猪瘦肉连续,102903.0,84.15,84.2
2012-12-12,HE0,84.425,85.9,84.05,85.8,22039.0,,猪瘦肉连续,101921.0,85.65,85.8
2012-12-13,HE0,85.7,86.3,85.525,85.875,18068.0,,猪瘦肉连续,101872.0,85.9,85.875
2012-12-14,HE0,85.95,86.25,85.3,85.45,12306.0,,猪瘦肉连续,101498.0,85.4,85.45
2012-12-17,HE0,85.35,85.475,84.7,84.85,11151.0,,猪瘦肉连续,99596.0,84.75,84.85
2012-12-18,HE0,84.875,86.15,84.45,85.35,13693.0,,猪瘦肉连续,99045.0,85.275,85.35
2012-12-19,HE0,85.85,86.775,85.475,86.55,15695.0,,猪瘦肉连续,97803.0,86.575,86.55
2012-12-20,HE0,86.425,86.675,85.9,86.45,13047.0,,猪瘦肉连续,100877.0,86.45,86.45
2012-12-21,HE0,86.225,86.975,86.025,86.9,11660.0,,猪瘦肉连续,101175.0,86.9,86.9
2012-12-24,HE0,86.9,87.675,86.7,87.55,11445.0,,猪瘦肉连续,100490.0,87.55,87.55
2012-12-26,HE0,87.675,87.8,87.075,87.4,7299.0,,猪瘦肉连续,101026.0,87.45,87.4
2012-12-27,HE0,87.25,87.35,86.65,87.05,13236.0,,猪瘦肉连续,100592.0,87.025,87.05
2012-12-28,HE0,87.0,87.325,86.3,86.45,12444.0,,猪瘦肉连续,99337.0,86.375,86.45
2012-12-31,HE0,85.525,86.075,84.85,85.8,15996.0,,猪瘦肉连续,99413.0,85.725,85.8
2013-01-02,HE0,86.2,86.4,85.325,86.15,18894.0,,猪瘦肉连续,97465.0,86.175,86.15
2013-01-03,HE0,86.3,87.425,85.75,86.4,23855.0,,猪瘦肉连续,96321.0,86.4,86.4
2013-01-04,HE0,86.7,87.2,86.0,86.2,19057.0,,猪瘦肉连续,91050.0,86.225,86.2
2013-01-07,HE0,86.15,86.825,85.825,86.4,18060.0,,猪瘦肉连续,88119.0,86.3,86.4
2013-01-08,HE0,86.375,87.0,85.875,86.25,25133.0,,猪瘦肉连续,84964.0,86.35,86.25
2013-01-09,HE0,86.025,86.075,84.15,84.2,37374.0,,猪瘦肉连续,79129.0,84.2,84.2
2013-01-10,HE0,84.675,85.025,84.275,84.65,26614.0,,猪瘦肉连续,71373.0,84.6,84.65
2013-01-11,HE0,87.375,87.6,86.9,87.15,17769.0,,猪瘦肉连续,73179.0,87.125,87.15
2013-01-14,HE0,87.0,87.975,86.9,87.75,26935.0,,猪瘦肉连续,77948.0,87.85,87.75
2013-01-15,HE0,87.725,87.95,87.425,87.625,14934.0,,猪瘦肉连续,84331.0,87.6,87.625
2013-01-16,HE0,87.675,87.775,87.3,87.525,12492.0,,猪瘦肉连续,86284.0,87.425,87.525
2013-01-17,HE0,87.425,88.5,87.375,88.05,20466.0,,猪瘦肉连续,85958.0,88.075,88.05
2013-01-18,HE0,88.05,88.7,87.875,88.1,17115.0,,猪瘦肉连续,86432.0,88.075,88.1
2013-01-22,HE0,88.1,88.5,87.975,88.25,9099.0,,猪瘦肉连续,87033.0,88.275,88.25
2013-01-23,HE0,88.3,88.425,87.025,88.1,22993.0,,猪瘦肉连续,88082.0,88.0,88.1
2013-01-24,HE0,88.325,90.15,88.25,89.6,29583.0,,猪瘦肉连续,90839.0,89.675,89.6
2013-01-25,HE0,89.375,89.725,88.825,89.0,17664.0,,猪瘦肉连续,91122.0,88.925,89.0
2013-01-28,HE0,89.175,89.575,88.925,89.1,16593.0,,猪瘦肉连续,93764.0,89.05,89.1
2013-01-29,HE0,89.125,89.875,88.725,89.65,17458.0,,猪瘦肉连续,93011.0,89.625,89.65
2013-01-30,HE0,89.475,90.3,88.975,89.25,19258.0,,猪瘦肉连续,95110.0,89.25,89.25
2013-01-31,HE0,89.2,90.0,89.075,89.4,19546.0,,猪瘦肉连续,95828.0,89.35,89.4
2013-02-01,HE0,89.35,90.15,88.625,88.7,20500.0,,猪瘦肉连续,97615.0,88.75,88.7
2013-02-04,HE0,88.95,89.175,87.675,88.3,22163.0,,猪瘦肉连续,99237.0,88.35,88.3
2013-02-05,HE0,88.1,88.275,87.525,87.85,18949.0,,猪瘦肉连续,98511.0,87.7,87.85
2013-02-06,HE0,87.625,87.825,85.95,86.3,25529.0,,猪瘦肉连续,97645.0,86.25,86.3
2013-02-07,HE0,86.05,86.7,85.8,86.55,25675.0,,猪瘦肉连续,97942.0,86.525,86.55
2013-02-08,HE0,86.525,86.7,86.0,86.15,19582.0,,猪瘦肉连续,97229.0,86.125,86.15
2013-02-11,HE0,86.075,86.725,85.675,86.3,17826.0,,猪瘦肉连续,98672.0,86.375,86.3
2013-02-12,HE0,86.5,86.675,85.5,85.975,22059.0,,猪瘦肉连续,97663.0,86.0,85.975
2013-02-13,HE0,86.0,86.325,85.475,85.825,15195.0,,猪瘦肉连续,98297.0,85.8,85.825
2013-02-14,HE0,85.575,85.65,84.05,84.35,21914.0,,猪瘦肉连续,98016.0,84.325,84.35
2013-02-15,HE0,84.375,84.6,83.575,84.25,18855.0,,猪瘦肉连续,99627.0,84.25,84.25
2013-02-19,HE0,84.1,84.25,82.9,83.025,21179.0,,猪瘦肉连续,100076.0,83.05,83.025
2013-02-20,HE0,83.05,83.6,82.1,82.95,25014.0,,猪瘦肉连续,99262.0,82.95,82.95
2013-02-21,HE0,83.025,83.225,81.7,82.4,22546.0,,猪瘦肉连续,98904.0,82.375,82.4
2013-02-22,HE0,82.2,82.9,81.6,81.75,16568.0,,猪瘦肉连续,98609.0,81.65,81.75
2013-02-25,HE0,81.5,82.275,80.9,81.925,17399.0,,猪瘦肉连续,97337.0,81.9,81.925
2013-02-26,HE0,81.975,82.15,80.975,81.6,19741.0,,猪瘦肉连续,96945.0,81.575,81.6
2013-02-27,HE0,81.575,81.8,80.75,80.95,21505.0,,猪瘦肉连续,97331.0,81.0,80.95
2013-02-28,HE0,80.975,81.425,80.625,80.95,19701.0,,猪瘦肉连续,94046.0,81.0,80.95
2013-03-01,HE0,81.25,81.75,81.0,81.125,19997.0,,猪瘦肉连续,91535.0,81.125,81.125
2013-03-04,HE0,81.175,81.2,80.05,80.3,18165.0,,猪瘦肉连续,90494.0,80.3,80.3
2013-03-05,HE0,80.425,80.725,78.675,79.275,22545.0,,猪瘦肉连续,86952.0,79.25,79.275
2013-03-06,HE0,78.8,79.825,78.25,79.2,26805.0,,猪瘦肉连续,84883.0,79.25,79.2
2013-03-07,HE0,79.475,82.175,79.475,81.85,37509.0,,猪瘦肉连续,82123.0,81.8,81.85
2013-03-08,HE0,81.4,82.35,81.025,82.05,31744.0,,猪瘦肉连续,76569.0,82.025,82.05
2013-03-11,HE0,81.8,81.825,80.85,81.15,25737.0,,猪瘦肉连续,71558.0,81.15,81.15
2013-03-12,HE0,90.65,91.425,90.65,90.95,24973.0,,猪瘦肉连续,72324.0,91.05,90.95
2013-03-13,HE0,91.0,91.15,89.675,90.05,23675.0,,猪瘦肉连续,79284.0,90.075,90.05
2013-03-14,HE0,90.35,90.775,89.275,90.5,18719.0,,猪瘦肉连续,85125.0,90.525,90.5
2013-03-15,HE0,90.35,90.35,88.975,89.4,17023.0,,猪瘦肉连续,85932.0,89.325,89.4
2013-03-18,HE0,89.075,89.3,88.55,88.95,14103.0,,猪瘦肉连续,91774.0,88.95,88.95
2013-03-19,HE0,88.825,89.275,87.5,88.3,18244.0,,猪瘦肉连续,94112.0,88.275,88.3
2013-03-20,HE0,88.05,88.85,87.1,88.6,26745.0,,猪瘦肉连续,95272.0,88.5,88.6
2013-03-21,HE0,88.45,89.7,88.075,89.45,17674.0,,猪瘦肉连续,97208.0,89.55,89.45
2013-03-22,HE0,89.6,89.825,88.85,89.7,13045.0,,猪瘦肉连续,97627.0,89.725,89.7
2013-03-25,HE0,89.6,91.5,89.325,90.75,16365.0,,猪瘦肉连续,97057.0,90.775,90.75
2013-03-26,HE0,91.025,91.6,90.85,91.1,16192.0,,猪瘦肉连续,97361.0,91.075,91.1
2013-03-27,HE0,91.25,91.25,89.625,90.7,17350.0,,猪瘦肉连续,97548.0,90.675,90.7
2013-03-28,HE0,90.65,91.3,90.375,91.0,19676.0,,猪瘦肉连续,98582.0,91.075,91.0
2013-04-01,HE0,90.5,92.05,90.175,91.6,18213.0,,猪瘦肉连续,99432.0,91.575,91.6
2013-04-02,HE0,91.55,92.45,91.35,91.8,21022.0,,猪瘦肉连续,97208.0,91.85,91.8
2013-04-03,HE0,91.6,92.675,91.05,92.45,21175.0,,猪瘦肉连续,95692.0,92.475,92.45
2013-04-04,HE0,92.5,92.875,91.275,92.0,19896.0,,猪瘦肉连续,93235.0,92.025,92.0
2013-04-05,HE0,91.8,92.0,89.275,89.6,18799.0,,猪瘦肉连续,90137.0,89.7,89.6
2013-04-08,HE0,89.825,90.75,89.725,90.5,18391.0,,猪瘦肉连续,90522.0,90.55,90.5
2013-04-09,HE0,90.55,90.6,89.6,89.95,14323.0,,猪瘦肉连续,91061.0,89.85,89.95
2013-04-10,HE0,90.0,90.75,89.35,89.55,17737.0,,猪瘦肉连续,90461.0,89.5,89.55
2013-04-11,HE0,89.9,90.275,89.25,89.575,15445.0,,猪瘦肉连续,90554.0,89.45,89.575
2013-04-12,HE0,89.65,89.975,89.0,89.95,13674.0,,猪瘦肉连续,91336.0,89.9,89.95
2013-04-15,HE0,89.375,89.375,88.175,88.75,14811.0,,猪瘦肉连续,91482.0,88.6,88.75
2013-04-16,HE0,88.575,89.275,88.325,88.95,13731.0,,猪瘦肉连续,89210.0,89.025,88.95
2013-04-17,HE0,89.075,90.625,88.55,90.4,17677.0,,猪瘦肉连续,89724.0,90.35,90.4
2013-04-18,HE0,90.2,91.0,90.075,90.45,13906.0,,猪瘦肉连续,89183.0,90.6,90.45
2013-04-19,HE0,90.575,90.675,89.85,90.2,10143.0,,猪瘦肉连续,89019.0,90.2,90.2
2013-04-22,HE0,89.875,89.975,89.125,89.45,11702.0,,猪瘦肉连续,89380.0,89.45,89.45
2013-04-23,HE0,89.775,90.35,89.275,89.6,14163.0,,猪瘦肉连续,90374.0,89.575,89.6
2013-04-24,HE0,89.725,91.15,89.7,91.05,18992.0,,猪瘦肉连续,91168.0,91.0,91.05
2013-04-25,HE0,91.05,92.15,90.75,91.75,21206.0,,猪瘦肉连续,90668.0,91.825,91.75
2013-04-26,HE0,91.625,92.55,91.5,92.425,15452.0,,猪瘦肉连续,88079.0,92.525,92.425
2013-04-29,HE0,92.625,93.075,91.875,92.15,17351.0,,猪瘦肉连续,87170.0,92.15,92.15
2013-04-30,HE0,92.125,92.85,91.65,92.475,16438.0,,猪瘦肉连续,85535.0,92.575,92.475
2013-05-01,HE0,92.475,93.175,91.975,93.05,19344.0,,猪瘦肉连续,84259.0,92.95,93.05
2013-05-02,HE0,93.1,93.375,92.4,92.8,19552.0,,猪瘦肉连续,84416.0,92.825,92.8
2013-05-03,HE0,92.65,93.0,92.05,92.25,15002.0,,猪瘦肉连续,81982.0,92.175,92.25
2013-05-06,HE0,92.1,92.675,91.15,91.35,24429.0,,猪瘦肉连续,78033.0,91.325,91.35
2013-05-07,HE0,91.425,91.875,91.175,91.6,26756.0,,猪瘦肉连续,75097.0,91.3,91.6
2013-05-08,HE0,91.7,92.15,91.525,91.8,19255.0,,猪瘦肉连续,70001.0,91.775,91.8
2013-05-09,HE0,91.775,91.875,90.4,90.525,29195.0,,猪瘦肉连续,68216.0,90.575,90.525
2013-05-10,HE0,90.525,90.85,90.0,90.55,22935.0,,猪瘦肉连续,64269.0,90.5,90.55
2013-05-13,HE0,90.5,91.475,90.4,91.0,24876.0,,猪瘦肉连续,60586.0,90.925,91.0
2013-05-14,HE0,90.95,93.0,90.85,92.55,25061.0,,猪瘦肉连续,56331.0,92.6,92.55
2013-05-15,HE0,92.65,93.5,91.675,91.925,23613.0,,猪瘦肉连续,54615.0,91.925,91.925
2013-05-16,HE0,91.875,92.875,91.875,92.6,17107.0,,猪瘦肉连续,56207.0,92.55,92.6
2013-05-17,HE0,92.625,93.175,89.75,90.85,22639.0,,猪瘦肉连续,60231.0,90.975,90.85
2013-05-20,HE0,91.5,91.95,91.1,91.475,10105.0,,猪瘦肉连续,60582.0,91.525,91.475
2013-05-21,HE0,91.65,92.175,90.975,91.825,12528.0,,猪瘦肉连续,61586.0,91.75,91.825
2013-05-22,HE0,91.9,93.65,91.8,93.45,17149.0,,猪瘦肉连续,64792.0,93.425,93.45
2013-05-23,HE0,93.3,93.575,92.65,93.2,14790.0,,猪瘦肉连续,68243.0,93.025,93.2
2013-05-24,HE0,93.025,93.775,92.775,93.3,13107.0,,猪瘦肉连续,70054.0,93.3,93.3
2013-05-28,HE0,93.375,94.0,92.95,93.3,17226.0,,猪瘦肉连续,71461.0,93.35,93.3
2013-05-29,HE0,93.05,94.1,92.85,93.1,16678.0,,猪瘦肉连续,71153.0,93.0,93.1
2013-05-30,HE0,93.1,94.375,93.025,93.6,20039.0,,猪瘦肉连续,71273.0,93.475,93.6
2013-05-31,HE0,93.825,94.225,93.425,93.95,15982.0,,猪瘦肉连续,72238.0,93.85,93.95
2013-06-03,HE0,94.175,94.275,93.25,93.525,15710.0,,猪瘦肉连续,72179.0,93.55,93.525
2013-06-04,HE0,93.625,94.975,93.575,94.75,24349.0,,猪瘦肉连续,72687.0,94.75,94.75
2013-06-05,HE0,94.75,95.0,94.15,94.6,18876.0,,猪瘦肉连续,74031.0,94.575,94.6
2013-06-06,HE0,94.55,96.4,94.55,95.9,28048.0,,猪瘦肉连续,73871.0,95.825,95.9
2013-06-07,HE0,95.775,96.55,95.525,96.25,24666.0,,猪瘦肉连续,74361.0,96.2,96.25
2013-06-10,HE0,96.6,99.2,96.475,97.85,41617.0,,猪瘦肉连续,69406.0,97.9,97.85
2013-06-11,HE0,96.25,97.05,96.25,96.6,29919.0,,猪瘦肉连续,65097.0,96.6,96.6
2013-06-12,HE0,96.85,97.775,96.7,97.6,24018.0,,猪瘦肉连续,71735.0,97.6,97.6
2013-06-13,HE0,97.325,97.7,96.975,97.3,21954.0,,猪瘦肉连续,78947.0,97.3,97.3
2013-06-14,HE0,97.175,97.375,96.225,96.7,22295.0,,猪瘦肉连续,85232.0,96.75,96.7
2013-06-17,HE0,96.75,97.2,96.45,96.65,15077.0,,猪瘦肉连续,90473.0,96.65,96.65
2013-06-18,HE0,96.675,97.775,96.675,97.3,14864.0,,猪瘦肉连续,93256.0,97.3,97.3
2013-06-19,HE0,97.5,99.5,97.4,98.35,25896.0,,猪瘦肉连续,96784.0,98.375,98.35
2013-06-20,HE0,98.15,98.725,97.775,98.3,18820.0,,猪瘦肉连续,98770.0,98.275,98.3
2013-06-21,HE0,98.125,98.25,96.875,97.45,19948.0,,猪瘦肉连续,101804.0,97.45,97.45
2013-06-24,HE0,97.275,99.4,97.2,98.0,22886.0,,猪瘦肉连续,100503.0,98.025,98.0
2013-06-25,HE0,98.075,98.4,97.5,97.75,20665.0,,猪瘦肉连续,100085.0,97.7,97.75
2013-06-26,HE0,97.925,98.525,97.275,97.675,22473.0,,猪瘦肉连续,103849.0,97.65,97.675
2013-06-27,HE0,98.125,99.85,98.1,99.4,24174.0,,猪瘦肉连续,105898.0,99.4,99.4
2013-06-28,HE0,99.4,99.725,97.4,97.8,28222.0,,猪瘦肉连续,107100.0,97.45,97.8
2013-07-01,HE0,97.65,98.475,96.75,97.0,25547.0,,猪瘦肉连续,100050.0,97.0,97.0
2013-07-02,HE0,96.9,97.2,95.95,96.7,22418.0,,猪瘦肉连续,100726.0,96.625,96.7
2013-07-03,HE0,96.35,97.45,96.175,96.8,19130.0,,猪瘦肉连续,97232.0,96.85,96.8
2013-07-05,HE0,96.875,97.825,96.6,97.7,20282.0,,猪瘦肉连续,96997.0,97.75,97.7
2013-07-08,HE0,97.85,97.925,95.4,95.55,40209.0,,猪瘦肉连续,96417.0,95.55,95.55
2013-07-09,HE0,95.55,95.925,94.9,95.25,28122.0,,猪瘦肉连续,88005.0,95.175,95.25
2013-07-10,HE0,95.175,96.625,95.075,95.65,31574.0,,猪瘦肉连续,83274.0,95.7,95.65
2013-07-11,HE0,84.575,84.6,83.95,84.25,19747.0,,猪瘦肉连续,83012.0,84.25,84.25
2013-07-12,HE0,83.875,84.4,83.5,84.2,23858.0,,猪瘦肉连续,90489.0,84.2,84.2
2013-07-15,HE0,84.4,85.525,84.375,84.7,14163.0,,猪瘦肉连续,98650.0,84.7,84.7
2013-07-16,HE0,84.45,85.85,84.45,85.425,15206.0,,猪瘦肉连续,101543.0,85.35,85.425
2013-07-17,HE0,85.4,85.775,84.9,85.3,12974.0,,猪瘦肉连续,106140.0,85.275,85.3
2013-07-18,HE0,85.425,85.95,85.05,85.65,15861.0,,猪瘦肉连续,109160.0,85.625,85.65
2013-07-19,HE0,85.6,85.75,84.675,85.0,13493.0,,猪瘦肉连续,112340.0,84.975,85.0
2013-07-22,HE0,84.775,85.6,84.7,85.25,11769.0,,猪瘦肉连续,113802.0,85.275,85.25
2013-07-23,HE0,85.6,86.4,85.45,86.35,18816.0,,猪瘦肉连续,114011.0,86.325,86.35
2013-07-24,HE0,86.325,86.725,85.725,86.6,16747.0,,猪瘦肉连续,117527.0,86.625,86.6
2013-07-25,HE0,86.2,86.95,85.85,86.0,19386.0,,猪瘦肉连续,120828.0,85.975,86.0
2013-07-26,HE0,86.35,86.425,84.65,84.85,18779.0,,猪瘦肉连续,122425.0,84.8,84.85
2013-07-29,HE0,84.95,85.1,83.975,84.45,13803.0,,猪瘦肉连续,122368.0,84.5,84.45
2013-07-30,HE0,84.275,84.3,82.925,83.25,22620.0,,猪瘦肉连续,122216.0,83.2,83.25
2013-07-31,HE0,83.575,83.8,83.25,83.325,15858.0,,猪瘦肉连续,119721.0,83.325,83.325
2013-08-01,HE0,83.325,84.15,83.275,83.85,15864.0,,猪瘦肉连续,119692.0,83.9,83.85
2013-08-02,HE0,83.9,84.475,83.8,84.0,12298.0,,猪瘦肉连续,118676.0,83.95,84.0
2013-08-05,HE0,83.95,85.75,83.85,85.6,17824.0,,猪瘦肉连续,117584.0,85.5,85.6
2013-08-06,HE0,85.675,86.6,85.675,86.5,23873.0,,猪瘦肉连续,121145.0,86.45,86.5
2013-08-07,HE0,86.5,87.0,84.825,84.9,26065.0,,猪瘦肉连续,123728.0,84.925,84.9
2013-08-08,HE0,85.7,85.85,84.9,85.225,16009.0,,猪瘦肉连续,126316.0,85.25,85.225
2013-08-09,HE0,84.95,85.175,84.55,85.0,13527.0,,猪瘦肉连续,127141.0,84.975,85.0
2013-08-12,HE0,85.075,86.575,84.9,86.25,16658.0,,猪瘦肉连续,126812.0,86.2,86.25
2013-08-13,HE0,86.225,86.875,86.025,86.6,16731.0,,猪瘦肉连续,127724.0,86.525,86.6
2013-08-14,HE0,86.75,88.375,86.75,88.225,23719.0,,猪瘦肉连续,126977.0,88.15,88.225
2013-08-15,HE0,88.225,88.35,86.8,87.35,19777.0,,猪瘦肉连续,131097.0,87.3,87.35
2013-08-16,HE0,87.375,87.625,86.55,86.7,13807.0,,猪瘦肉连续,132393.0,86.725,86.7
2013-08-19,HE0,86.725,86.825,86.2,86.5,9960.0,,猪瘦肉连续,130895.0,86.475,86.5
2013-08-20,HE0,86.475,87.125,86.275,86.9,11742.0,,猪瘦肉连续,129878.0,86.95,86.9
2013-08-21,HE0,86.85,86.95,85.525,85.85,17130.0,,猪瘦肉连续,130062.0,85.825,85.85
2013-08-22,HE0,85.7,85.75,84.275,84.4,22402.0,,猪瘦肉连续,127823.0,84.4,84.4
2013-08-23,HE0,84.5,85.3,83.8,85.1,17342.0,,猪瘦肉连续,120939.0,85.1,85.1
2013-08-26,HE0,85.575,86.125,85.55,86.05,11239.0,,猪瘦肉连续,117485.0,86.025,86.05
2013-08-27,HE0,85.875,86.85,85.625,86.6,15060.0,,猪瘦肉连续,116366.0,86.575,86.6
2013-08-28,HE0,86.575,86.625,85.925,86.05,13791.0,,猪瘦肉连续,118244.0,86.05,86.05
2013-08-29,HE0,85.8,87.425,85.75,87.25,24756.0,,猪瘦肉连续,117403.0,87.325,87.25
2013-08-30,HE0,87.325,87.925,86.925,87.6,24327.0,,猪瘦肉连续,120172.0,87.625,87.6
2013-09-03,HE0,87.575,88.175,87.175,88.0,20989.0,,猪瘦肉连续,117956.0,88.0,88.0
2013-09-04,HE0,88.075,89.475,87.775,89.1,32403.0,,猪瘦肉连续,113263.0,89.125,89.1
2013-09-05,HE0,89.075,90.525,88.8,89.4,34333.0,,猪瘦肉连续,112976.0,89.4,89.4
2013-09-06,HE0,89.5,91.025,89.25,90.8,34619.0,,猪瘦肉连续,111573.0,90.9,90.8
2013-09-09,HE0,90.9,91.175,90.325,90.9,27052.0,,猪瘦肉连续,110417.0,90.875,90.9
2013-09-10,HE0,87.45,87.775,87.05,87.6,31794.0,,猪瘦肉连续,105178.0,87.55,87.6
2013-09-11,HE0,87.875,87.925,86.65,87.25,36897.0,,猪瘦肉连续,116033.0,87.25,87.25
2013-09-12,HE0,87.25,87.925,86.8,87.3,23730.0,,猪瘦肉连续,126996.0,87.275,87.3
2013-09-13,HE0,87.575,87.975,86.6,87.3,25720.0,,猪瘦肉连续,132022.0,87.25,87.3
2013-09-16,HE0,87.75,88.5,87.55,88.45,23121.0,,猪瘦肉连续,138047.0,88.475,88.45
2013-09-17,HE0,88.05,88.45,86.925,87.55,20319.0,,猪瘦肉连续,141036.0,87.525,87.55
2013-09-18,HE0,87.525,88.075,86.85,87.95,21040.0,,猪瘦肉连续,144375.0,87.95,87.95
2013-09-19,HE0,87.775,88.05,87.1,87.375,14843.0,,猪瘦肉连续,149280.0,87.3,87.375
2013-09-20,HE0,87.3,87.45,85.9,86.1,20762.0,,猪瘦肉连续,150864.0,86.075,86.1
2013-09-23,HE0,86.3,86.6,86.0,86.375,15308.0,,猪瘦肉连续,152177.0,86.425,86.375
2013-09-24,HE0,86.55,88.9,86.5,87.9,32993.0,,猪瘦肉连续,154077.0,88.075,87.9
2013-09-25,HE0,87.975,89.0,87.9,88.6,20343.0,,猪瘦肉连续,151644.0,88.6,88.6
2013-09-26,HE0,88.45,88.5,87.1,87.7,19354.0,,猪瘦肉连续,152738.0,87.725,87.7
2013-09-27,HE0,88.05,88.5,87.625,88.2,18099.0,,猪瘦肉连续,150725.0,88.125,88.2
2013-09-30,HE0,86.575,87.0,86.275,86.625,25634.0,,猪瘦肉连续,152188.0,86.625,86.625
2013-10-01,HE0,86.525,86.85,85.5,86.0,26013.0,,猪瘦肉连续,151630.0,85.9,86.0
2013-10-02,HE0,85.95,86.625,85.95,86.2,13222.0,,猪瘦肉连续,149635.0,86.175,86.2
2013-10-03,HE0,86.3,87.075,86.15,86.8,15149.0,,猪瘦肉连续,149258.0,86.775,86.8
2013-10-04,HE0,86.9,87.875,86.6,87.65,17799.0,,猪瘦肉连续,149547.0,87.625,87.65
2013-10-07,HE0,87.675,88.25,87.325,87.85,16894.0,,猪瘦肉连续,151389.0,87.875,87.85
2013-10-08,HE0,87.875,88.3,87.6,88.25,15511.0,,猪瘦肉连续,150586.0,88.2,88.25
2013-10-09,HE0,88.2,88.475,86.375,86.5,28865.0,,猪瘦肉连续,150488.0,86.525,86.5
2013-10-10,HE0,86.45,87.025,86.0,86.75,21024.0,,猪瘦肉连续,147667.0,86.65,86.75
2013-10-11,HE0,86.775,86.95,86.375,86.6,12803.0,,猪瘦肉连续,143776.0,86.5,86.6
2013-10-14,HE0,86.45,86.75,86.075,86.4,8545.0,,猪瘦肉连续,142303.0,86.35,86.4
2013-10-15,HE0,86.4,88.425,86.125,87.8,24605.0,,猪瘦肉连续,140831.0,87.8,87.8
2013-10-16,HE0,87.625,89.05,87.575,88.8,19459.0,,猪瘦肉连续,143258.0,88.8,88.8
2013-10-17,HE0,88.625,89.9,88.175,88.45,22713.0,,猪瘦肉连续,144879.0,88.45,88.45
2013-10-18,HE0,89.0,89.0,87.175,87.95,20657.0,,猪瘦肉连续,144999.0,87.95,87.95
2013-10-21,HE0,87.95,87.95,87.3,87.55,11144.0,,猪瘦肉连续,143231.0,87.475,87.55
2013-10-22,HE0,87.675,89.025,87.575,88.6,15221.0,,猪瘦肉连续,142418.0,88.575,88.6
2013-10-23,HE0,88.625,88.725,87.85,88.15,11615.0,,猪瘦肉连续,142015.0,88.15,88.15
2013-10-24,HE0,88.05,89.85,87.95,89.725,22425.0,,猪瘦肉连续,140248.0,89.6,89.725
2013-10-25,HE0,89.65,90.675,89.5,90.525,18158.0,,猪瘦肉连续,139732.0,90.425,90.525
2013-10-28,HE0,90.25,92.1,90.05,91.9,21491.0,,猪瘦肉连续,138967.0,91.95,91.9
2013-10-29,HE0,91.975,92.2,91.2,91.4,17369.0,,猪瘦肉连续,138012.0,91.35,91.4
2013-10-30,HE0,91.35,92.3,89.9,90.425,25312.0,,猪瘦肉连续,135339.0,90.4,90.425
2013-10-31,HE0,90.35,90.4,89.075,89.1,25676.0,,猪瘦肉连续,134345.0,89.175,89.1
2013-11-01,HE0,89.45,89.5,88.3,88.3,20327.0,,猪瘦肉连续,130177.0,88.35,88.3
2013-11-04,HE0,88.375,88.75,88.1,88.275,23252.0,,猪瘦肉连续,126056.0,88.325,88.275
2013-11-05,HE0,88.25,89.1,87.975,88.3,25988.0,,猪瘦肉连续,116934.0,88.25,88.3
2013-11-06,HE0,88.15,88.15,87.25,87.45,25180.0,,猪瘦肉连续,108980.0,87.35,87.45
2013-11-07,HE0,87.6,88.025,87.025,87.6,30174.0,,猪瘦肉连续,101924.0,87.55,87.6
2013-11-08,HE0,87.8,88.525,87.7,88.15,22334.0,,猪瘦肉连续,95543.0,88.125,88.15
2013-11-11,HE0,88.15,88.45,87.825,88.05,24747.0,,猪瘦肉连续,87981.0,88.05,88.05
2013-11-12,HE0,92.15,92.5,91.225,91.4,20755.0,,猪瘦肉连续,88431.0,91.35,91.4
2013-11-13,HE0,91.275,91.5,90.15,90.8,21294.0,,猪瘦肉连续,92047.0,90.775,90.8
2013-11-14,HE0,90.45,90.475,89.525,89.75,13383.0,,猪瘦肉连续,96863.0,89.8,89.75
2013-11-15,HE0,90.0,90.6,89.7,90.35,11611.0,,猪瘦肉连续,97391.0,90.275,90.35
2013-11-18,HE0,90.025,90.475,89.625,89.9,8217.0,,猪瘦肉连续,98161.0,89.9,89.9
2013-11-19,HE0,89.775,90.15,89.4,89.85,15050.0,,猪瘦肉连续,98933.0,89.9,89.85
2013-11-20,HE0,89.8,91.425,89.625,91.0,11762.0,,猪瘦肉连续,101386.0,90.925,91.0
2013-11-21,HE0,91.2,91.35,90.375,90.5,12368.0,,猪瘦肉连续,102531.0,90.575,90.5
2013-11-22,HE0,90.275,90.6,89.65,89.7,15199.0,,猪瘦肉连续,103150.0,89.675,89.7
2013-11-25,HE0,89.725,90.575,89.525,89.8,11467.0,,猪瘦肉连续,103921.0,89.8,89.8
2013-11-26,HE0,89.925,90.725,89.775,90.45,12590.0,,猪瘦肉连续,104725.0,90.4,90.45
2013-11-27,HE0,90.7,91.4,90.35,90.45,14307.0,,猪瘦肉连续,105509.0,90.475,90.45
2013-11-29,HE0,90.475,90.825,89.825,90.6,8366.0,,猪瘦肉连续,107571.0,90.575,90.6
2013-12-02,HE0,90.4,90.975,90.125,90.5,12171.0,,猪瘦肉连续,108420.0,90.45,90.5
2013-12-03,HE0,90.6,90.75,88.775,89.0,22748.0,,猪瘦肉连续,110618.0,88.975,89.0
2013-12-04,HE0,89.1,89.475,88.275,89.0,19856.0,,猪瘦肉连续,108561.0,89.0,89.0
2013-12-05,HE0,88.775,89.125,88.3,88.7,15109.0,,猪瘦肉连续,107924.0,88.675,88.7
2013-12-06,HE0,88.75,89.25,87.875,89.05,19126.0,,猪瘦肉连续,105983.0,89.0,89.05
2013-12-09,HE0,89.0,90.8,88.8,89.8,18967.0,,猪瘦肉连续,107028.0,89.85,89.8
2013-12-10,HE0,89.8,89.95,88.475,88.75,17186.0,,猪瘦肉连续,108624.0,88.725,88.75
2013-12-11,HE0,88.675,88.925,87.3,87.8,22712.0,,猪瘦肉连续,108459.0,87.775,87.8
2013-12-12,HE0,87.975,88.45,87.675,88.05,20431.0,,猪瘦肉连续,105986.0,88.0,88.05
2013-12-13,HE0,87.875,87.95,86.9,87.15,15977.0,,猪瘦肉连续,103110.0,87.175,87.15
2013-12-16,HE0,86.95,87.0,86.425,86.65,12339.0,,猪瘦肉连续,101512.0,86.625,86.65
2013-12-17,HE0,86.7,86.975,85.55,85.65,15477.0,,猪瘦肉连续,100571.0,85.65,85.65
2013-12-18,HE0,86.1,86.75,86.05,86.4,13446.0,,猪瘦肉连续,100354.0,86.35,86.4
2013-12-19,HE0,86.275,86.6,86.05,86.4,7779.0,,猪瘦肉连续,99029.0,86.375,86.4
2013-12-20,HE0,86.175,86.475,85.85,86.2,14437.0,,猪瘦肉连续,98620.0,86.25,86.2
2013-12-23,HE0,86.25,86.525,86.1,86.15,5445.0,,猪瘦肉连续,96843.0,86.2,86.15
2013-12-24,HE0,86.275,86.35,85.375,85.9,8119.0,,猪瘦肉连续,95923.0,85.875,85.9
2013-12-26,HE0,85.675,85.9,85.225,85.3,7579.0,,猪瘦肉连续,95203.0,85.3,85.3
2013-12-27,HE0,85.5,85.875,85.4,85.7,9936.0,,猪瘦肉连续,94700.0,85.65,85.7
2013-12-30,HE0,86.2,86.25,84.875,85.025,13791.0,,猪瘦肉连续,93441.0,84.975,85.025
2013-12-31,HE0,85.125,85.8,84.65,85.45,12173.0,,猪瘦肉连续,92116.0,85.425,85.45
2014-01-02,HE0,86.125,87.4,86.0,86.925,23663.0,,猪瘦肉连续,91800.0,87.075,86.925
2014-01-03,HE0,86.95,87.425,86.525,86.7,14414.0,,猪瘦肉连续,90628.0,86.675,86.7
2014-01-06,HE0,86.45,86.725,86.1,86.6,15643.0,,猪瘦肉连续,86513.0,86.625,86.6
2014-01-07,HE0,86.45,86.5,85.2,85.45,22062.0,,猪瘦肉连续,84152.0,85.525,85.45
2014-01-08,HE0,85.6,85.975,85.025,85.55,22833.0,,猪瘦肉连续,80936.0,85.575,85.55
2014-01-09,HE0,90.95,91.25,90.3,90.65,23263.0,,猪瘦肉连续,77846.0,90.725,90.65
2014-01-10,HE0,90.725,91.275,90.375,91.0,18063.0,,猪瘦肉连续,82077.0,91.0,91.0
2014-01-13,HE0,91.075,91.075,90.125,90.35,18307.0,,猪瘦肉连续,86728.0,90.375,90.35
2014-01-14,HE0,90.45,90.975,89.875,90.6,20381.0,,猪瘦肉连续,90718.0,90.675,90.6
2014-01-15,HE0,90.75,92.0,90.75,91.55,14895.0,,猪瘦肉连续,94567.0,91.55,91.55
2014-01-16,HE0,91.65,92.375,91.4,92.2,14770.0,,猪瘦肉连续,95698.0,92.25,92.2
2014-01-17,HE0,92.2,92.35,91.175,91.85,13562.0,,猪瘦肉连续,95962.0,91.9,91.85
2014-01-21,HE0,92.05,92.7,91.825,92.4,17926.0,,猪瘦肉连续,97312.0,92.375,92.4
2014-01-22,HE0,92.425,93.075,91.6,92.95,23434.0,,猪瘦肉连续,98668.0,92.975,92.95
2014-01-23,HE0,92.95,93.625,92.15,92.95,16775.0,,猪瘦肉连续,96764.0,92.95,92.95
2014-01-24,HE0,93.2,94.1,93.2,94.1,16954.0,,猪瘦肉连续,97236.0,94.025,94.1
2014-01-27,HE0,93.925,94.5,93.25,94.3,16598.0,,猪瘦肉连续,98423.0,94.3,94.3
2014-01-28,HE0,94.35,94.45,93.275,93.6,15744.0,,猪瘦肉连续,98674.0,93.575,93.6
2014-01-29,HE0,93.55,94.025,93.4,93.8,10401.0,,猪瘦肉连续,99164.0,93.8,93.8
2014-01-30,HE0,94.075,94.125,93.05,93.65,12346.0,,猪瘦肉连续,99151.0,93.625,93.65
2014-01-31,HE0,93.9,94.95,93.625,94.7,25908.0,,猪瘦肉连续,99584.0,94.8,94.7
2014-02-03,HE0,94.8,94.825,92.775,92.85,21751.0,,猪瘦肉连续,102319.0,92.85,92.85
2014-02-04,HE0,93.05,93.5,92.825,93.1,11803.0,,猪瘦肉连续,101433.0,93.125,93.1
2014-02-05,HE0,93.5,95.25,93.325,94.95,21640.0,,猪瘦肉连续,100256.0,95.0,94.95
2014-02-06,HE0,95.0,95.225,94.025,94.25,18606.0,,猪瘦肉连续,102323.0,94.2,94.25
2014-02-07,HE0,94.225,94.8,94.175,94.7,10475.0,,猪瘦肉连续,99112.0,94.725,94.7
2014-02-10,HE0,94.55,94.875,94.4,94.75,10495.0,,猪瘦肉连续,99283.0,94.75,94.75
2014-02-11,HE0,94.6,94.8,93.8,94.2,12999.0,,猪瘦肉连续,98889.0,94.175,94.2
2014-02-12,HE0,94.325,95.075,93.5,94.35,20768.0,,猪瘦肉连续,99622.0,94.375,94.35
2014-02-13,HE0,94.475,95.4,94.375,94.925,20110.0,,猪瘦肉连续,100041.0,94.925,94.925
2014-02-14,HE0,95.375,96.3,95.175,96.2,18778.0,,猪瘦肉连续,101230.0,96.175,96.2
2014-02-18,HE0,96.5,97.575,96.5,97.35,14347.0,,猪瘦肉连续,103868.0,97.375,97.35
2014-02-19,HE0,97.25,97.925,97.15,97.15,16673.0,,猪瘦肉连续,104291.0,97.2,97.15
2014-02-20,HE0,97.325,98.15,96.5,97.8,17259.0,,猪瘦肉连续,105549.0,97.825,97.8
2014-02-21,HE0,98.125,99.475,98.0,99.3,20520.0,,猪瘦肉连续,106399.0,99.35,99.3
2014-02-24,HE0,99.5,99.825,99.175,99.2,16493.0,,猪瘦肉连续,106009.0,99.25,99.2
2014-02-25,HE0,99.35,100.775,98.95,100.55,19253.0,,猪瘦肉连续,106718.0,100.575,100.55
2014-02-26,HE0,100.75,101.65,100.675,101.05,24757.0,,猪瘦肉连续,107143.0,101.025,101.05
2014-02-27,HE0,101.0,104.025,100.975,103.85,30946.0,,猪瘦肉连续,105675.0,103.85,103.85
2014-02-28,HE0,104.5,106.85,104.2,106.85,31618.0,,猪瘦肉连续,102524.0,106.85,106.85
2014-03-03,HE0,106.95,109.85,106.5,108.75,39604.0,,猪瘦肉连续,102878.0,108.675,108.75
2014-03-04,HE0,109.025,111.675,107.775,111.675,25715.0,,猪瘦肉连续,97035.0,111.675,111.675
2014-03-05,HE0,112.575,114.675,109.25,110.65,43662.0,,猪瘦肉连续,95070.0,110.725,110.65
2014-03-06,HE0,111.525,112.975,111.525,112.375,22790.0,,猪瘦肉连续,90111.0,112.4,112.375
2014-03-07,HE0,112.75,114.275,111.8,113.0,29640.0,,猪瘦肉连续,86666.0,113.0,113.0
2014-03-10,HE0,113.85,116.0,113.775,116.0,24843.0,,猪瘦肉连续,80929.0,116.0,116.0
2014-03-11,HE0,116.8,118.575,115.175,117.15,41962.0,,猪瘦肉连续,75721.0,117.1,117.15
2014-03-12,HE0,125.175,126.0,123.15,125.3,30008.0,,猪瘦肉连续,77275.0,125.325,125.3
2014-03-13,HE0,125.75,127.975,125.5,127.65,25643.0,,猪瘦肉连续,82586.0,127.6,127.65
2014-03-14,HE0,127.9,128.375,126.3,127.7,19672.0,,猪瘦肉连续,85411.0,127.85,127.7
2014-03-17,HE0,128.875,130.85,128.85,130.75,21072.0,,猪瘦肉连续,89521.0,130.775,130.75
2014-03-18,HE0,131.3,133.425,130.125,132.9,25591.0,,猪瘦肉连续,91677.0,133.0,132.9
2014-03-19,HE0,132.8,133.375,130.975,132.2,21586.0,,猪瘦肉连续,93201.0,132.25,132.2
2014-03-20,HE0,132.775,132.875,130.525,130.75,21328.0,,猪瘦肉连续,96928.0,130.8,130.75
2014-03-21,HE0,130.925,132.65,129.6,130.25,23845.0,,猪瘦肉连续,99647.0,130.325,130.25
2014-03-24,HE0,129.75,129.85,127.625,128.25,19931.0,,猪瘦肉连续,101886.0,128.2,128.25
2014-03-25,HE0,128.25,128.25,125.2,125.2,19447.0,,猪瘦肉连续,103390.0,125.2,125.2
2014-03-26,HE0,124.85,127.65,123.0,126.35,22494.0,,猪瘦肉连续,104319.0,126.3,126.35
2014-03-27,HE0,126.975,129.3,126.5,129.3,10596.0,,猪瘦肉连续,104422.0,129.3,129.3
2014-03-28,HE0,130.35,132.225,129.35,129.6,15367.0,,猪瘦肉连续,102620.0,129.575,129.6
2014-03-31,HE0,126.575,127.775,126.575,127.2,17012.0,,猪瘦肉连续,101143.0,127.175,127.2
2014-04-01,HE0,127.2,128.85,126.375,127.7,17049.0,,猪瘦肉连续,101503.0,127.6,127.7
2014-04-02,HE0,127.775,128.175,124.6,124.75,19332.0,,猪瘦肉连续,100565.0,124.8,124.75
2014-04-03,HE0,125.0,125.0,121.9,123.55,23070.0,,猪瘦肉连续,99102.0,123.55,123.55
2014-04-04,HE0,122.8,122.8,120.55,120.55,16719.0,,猪瘦肉连续,98654.0,120.55,120.55
2014-04-07,HE0,120.025,121.925,119.875,121.75,15188.0,,猪瘦肉连续,97930.0,121.675,121.75
2014-04-08,HE0,121.3,121.3,118.675,118.675,14282.0,,猪瘦肉连续,97547.0,118.75,118.675
2014-04-09,HE0,118.85,121.75,115.925,121.7,25489.0,,猪瘦肉连续,97274.0,121.75,121.7
2014-04-10,HE0,120.5,122.275,119.95,121.2,15206.0,,猪瘦肉连续,98366.0,121.15,121.2
2014-04-11,HE0,120.5,121.8,119.775,121.2,11257.0,,猪瘦肉连续,98185.0,121.225,121.2
2014-04-14,HE0,121.275,122.975,120.125,122.6,9414.0,,猪瘦肉连续,98173.0,122.65,122.6
2014-04-15,HE0,122.7,124.675,121.2,122.55,20886.0,,猪瘦肉连续,98870.0,122.525,122.55
2014-04-16,HE0,121.45,124.625,121.25,123.75,15307.0,,猪瘦肉连续,99374.0,123.775,123.75
2014-04-17,HE0,123.25,125.5,122.975,124.9,15587.0,,猪瘦肉连续,99387.0,124.825,124.9
2014-04-21,HE0,124.85,124.975,122.3,122.425,13844.0,,猪瘦肉连续,100138.0,122.35,122.425
2014-04-22,HE0,122.325,123.8,121.475,123.3,20565.0,,猪瘦肉连续,99668.0,123.25,123.3
2014-04-23,HE0,123.225,126.25,122.65,126.25,21286.0,,猪瘦肉连续,100326.0,126.25,126.25
2014-04-24,HE0,126.475,127.7,125.25,125.5,21962.0,,猪瘦肉连续,102406.0,125.55,125.5
2014-04-25,HE0,125.425,125.725,124.225,124.6,13873.0,,猪瘦肉连续,101499.0,124.525,124.6
2014-04-28,HE0,124.05,125.675,123.0,124.15,16226.0,,猪瘦肉连续,100245.0,124.225,124.15
2014-04-29,HE0,124.0,126.025,123.675,125.25,14335.0,,猪瘦肉连续,99517.0,125.275,125.25
2014-04-30,HE0,124.425,124.5,122.5,123.2,25633.0,,猪瘦肉连续,99408.0,123.125,123.2
2014-05-01,HE0,123.0,123.85,122.025,122.7,19954.0,,猪瘦肉连续,95773.0,122.8,122.7
2014-05-02,HE0,122.1,123.2,121.625,122.2,16511.0,,猪瘦肉连续,92251.0,122.225,122.2
2014-05-05,HE0,122.2,123.0,121.65,122.3,9963.0,,猪瘦肉连续,90372.0,122.35,122.3
2014-05-06,HE0,122.7,124.7,122.6,123.25,19971.0,,猪瘦肉连续,88998.0,123.225,123.25
2014-05-07,HE0,122.725,122.9,120.825,121.25,29936.0,,猪瘦肉连续,89062.0,121.175,121.25
2014-05-08,HE0,120.875,121.425,119.925,120.4,26990.0,,猪瘦肉连续,81684.0,120.15,120.4
2014-05-09,HE0,120.65,120.95,119.8,120.15,26185.0,,猪瘦肉连续,75678.0,120.175,120.15
2014-05-12,HE0,119.65,119.75,118.75,119.05,28571.0,,猪瘦肉连续,68293.0,119.0,119.05
2014-05-13,HE0,119.3,120.625,118.125,119.7,28584.0,,猪瘦肉连续,62260.0,119.6,119.7
2014-05-14,HE0,119.85,122.575,119.325,120.5,27177.0,,猪瘦肉连续,59338.0,120.575,120.5
2014-05-15,HE0,127.175,127.45,125.125,125.4,11419.0,,猪瘦肉连续,58847.0,125.35,125.4
2014-05-16,HE0,125.1,125.625,124.275,125.25,10051.0,,猪瘦肉连续,59941.0,125.25,125.25
2014-05-19,HE0,125.175,126.2,124.375,125.65,9084.0,,猪瘦肉连续,61280.0,125.675,125.65
2014-05-20,HE0,125.925,126.05,124.575,125.1,12004.0,,猪瘦肉连续,62508.0,125.175,125.1
2014-05-21,HE0,126.05,127.275,125.3,126.8,12093.0,,猪瘦肉连续,63407.0,126.825,126.8
2014-05-22,HE0,126.325,126.95,125.225,125.35,10337.0,,猪瘦肉连续,65023.0,125.325,125.35
2014-05-23,HE0,125.2,125.5,123.675,123.7,11470.0,,猪瘦肉连续,64848.0,123.725,123.7
2014-05-27,HE0,124.0,125.05,123.05,123.45,9604.0,,猪瘦肉连续,63677.0,123.425,123.45
2014-05-28,HE0,123.05,123.05,120.425,121.3,15505.0,,猪瘦肉连续,63956.0,121.275,121.3
2014-05-29,HE0,121.7,121.825,119.875,120.55,11804.0,,猪瘦肉连续,62298.0,120.6,120.55
2014-05-30,HE0,120.975,121.025,119.6,120.45,11809.0,,猪瘦肉连续,61797.0,120.475,120.45
2014-06-02,HE0,120.225,121.475,119.55,121.0,13937.0,,猪瘦肉连续,61605.0,121.05,121.0
2014-06-03,HE0,121.325,122.725,120.95,122.3,15296.0,,猪瘦肉连续,62026.0,122.3,122.3
2014-06-04,HE0,122.3,122.325,120.5,121.4,15991.0,,猪瘦肉连续,61406.0,121.5,121.4
2014-06-05,HE0,121.475,122.7,120.3,122.3,16944.0,,猪瘦肉连续,60950.0,122.175,122.3
2014-06-06,HE0,128.15,129.95,128.025,129.3,18169.0,,猪瘦肉连续,63320.0,129.3,129.3
2014-06-09,HE0,129.45,130.375,128.675,130.1,16591.0,,猪瘦肉连续,65724.0,130.1,130.1
2014-06-10,HE0,130.4,130.575,129.15,129.75,16805.0,,猪瘦肉连续,68220.0,129.75,129.75
2014-06-11,HE0,129.875,130.0,129.15,129.95,17247.0,,猪瘦肉连续,74454.0,129.95,129.95
2014-06-12,HE0,129.7,131.175,128.8,130.85,19950.0,,猪瘦肉连续,81123.0,130.8,130.85
2014-06-13,HE0,131.125,132.65,130.925,131.25,14471.0,,猪瘦肉连续,88474.0,131.275,131.25
2014-06-16,HE0,131.5,131.75,128.275,128.275,15028.0,,猪瘦肉连续,90910.0,128.275,128.275
2014-06-17,HE0,128.4,129.45,127.0,128.0,18562.0,,猪瘦肉连续,91061.0,128.05,128.0
2014-06-18,HE0,127.625,129.0,126.075,127.25,20122.0,,猪瘦肉连续,91432.0,127.275,127.25
2014-06-19,HE0,128.65,130.275,128.65,129.8,14295.0,,猪瘦肉连续,90413.0,129.75,129.8
2014-06-20,HE0,130.475,130.875,129.1,129.1,14378.0,,猪瘦肉连续,89780.0,129.15,129.1
2014-06-23,HE0,129.475,129.675,128.525,128.95,12980.0,,猪瘦肉连续,88247.0,128.975,128.95
2014-06-24,HE0,129.35,131.9,129.25,130.95,23356.0,,猪瘦肉连续,86899.0,131.075,130.95
2014-06-25,HE0,131.575,131.825,128.075,128.65,23380.0,,猪瘦肉连续,86696.0,128.65,128.65
2014-06-26,HE0,128.325,129.375,127.675,128.8,13913.0,,猪瘦肉连续,81637.0,128.8,128.8
2014-06-27,HE0,128.55,130.15,128.2,129.85,15870.0,,猪瘦肉连续,80341.0,129.825,129.85
2014-06-30,HE0,132.775,132.825,132.0,132.825,17064.0,,猪瘦肉连续,79219.0,132.825,132.825
2014-07-01,HE0,133.0,133.375,129.9,130.45,23126.0,,猪瘦肉连续,79356.0,130.425,130.45
2014-07-02,HE0,130.0,131.475,129.5,130.25,19972.0,,猪瘦肉连续,78638.0,130.35,130.25
2014-07-03,HE0,130.625,132.075,130.45,131.6,14134.0,,猪瘦肉连续,78364.0,131.6,131.6
2014-07-07,HE0,132.05,133.075,131.65,131.8,15562.0,,猪瘦肉连续,77612.0,131.825,131.8
2014-07-08,HE0,132.1,132.275,129.6,129.8,28318.0,,猪瘦肉连续,76656.0,129.85,129.8
2014-07-09,HE0,130.125,131.625,128.0,129.55,35061.0,,猪瘦肉连续,71415.0,129.6,129.55
2014-07-10,HE0,115.75,115.9,112.4,112.95,17322.0,,猪瘦肉连续,70055.0,112.95,112.95
2014-07-11,HE0,112.5,114.0,111.05,113.8,14077.0,,猪瘦肉连续,74487.0,113.8,113.8
2014-07-14,HE0,114.25,116.475,114.225,115.75,15947.0,,猪瘦肉连续,77280.0,115.725,115.75
2014-07-15,HE0,116.05,116.7,114.925,115.925,10748.0,,猪瘦肉连续,83421.0,115.95,115.925
2014-07-16,HE0,116.2,116.25,114.825,115.15,11634.0,,猪瘦肉连续,85329.0,115.075,115.15
2014-07-17,HE0,114.95,115.4,113.075,113.65,14973.0,,猪瘦肉连续,86818.0,113.725,113.65
2014-07-18,HE0,113.625,113.925,112.9,113.55,14303.0,,猪瘦肉连续,88607.0,113.55,113.55
2014-07-21,HE0,113.55,113.625,112.225,112.75,15975.0,,猪瘦肉连续,91831.0,112.7,112.75
2014-07-22,HE0,112.275,114.1,111.15,113.45,17430.0,,猪瘦肉连续,91417.0,113.45,113.45
2014-07-23,HE0,113.05,113.25,110.45,110.45,10121.0,,猪瘦肉连续,92296.0,110.45,110.45
2014-07-24,HE0,109.55,109.725,107.45,107.9,17540.0,,猪瘦肉连续,93053.0,107.9,107.9
2014-07-25,HE0,108.1,108.85,106.325,107.25,10881.0,,猪瘦肉连续,92576.0,107.275,107.25
2014-07-28,HE0,107.9,108.0,105.8,106.6,10253.0,,猪瘦肉连续,92830.0,106.625,106.6
2014-07-29,HE0,105.8,106.575,105.175,106.1,17041.0,,猪瘦肉连续,93208.0,106.075,106.1
2014-07-30,HE0,106.075,106.75,103.075,103.6,24307.0,,猪瘦肉连续,95478.0,103.7,103.6
2014-07-31,HE0,103.05,105.85,102.375,103.2,22370.0,,猪瘦肉连续,96572.0,103.175,103.2
2014-08-01,HE0,102.45,104.05,102.375,102.8,13450.0,,猪瘦肉连续,96272.0,102.825,102.8
2014-08-04,HE0,102.8,104.55,102.4,103.65,16877.0,,猪瘦肉连续,95206.0,103.625,103.65
2014-08-05,HE0,103.4,103.9,101.225,101.7,20025.0,,猪瘦肉连续,96575.0,101.675,101.7
2014-08-06,HE0,101.5,103.75,101.2,102.2,15220.0,,猪瘦肉连续,96228.0,102.2,102.2
2014-08-07,HE0,101.925,101.925,99.2,100.35,22865.0,,猪瘦肉连续,96935.0,100.25,100.35
2014-08-08,HE0,99.875,101.325,97.5,99.45,21999.0,,猪瘦肉连续,96568.0,99.325,99.45
2014-08-11,HE0,99.0,100.25,98.3,100.1,21128.0,,猪瘦肉连续,96263.0,100.175,100.1
2014-08-12,HE0,98.925,99.125,97.175,97.175,22949.0,,猪瘦肉连续,97575.0,97.175,97.175
2014-08-13,HE0,96.725,97.95,96.05,97.35,21305.0,,猪瘦肉连续,93579.0,97.4,97.35
2014-08-14,HE0,96.1,96.2,94.4,95.2,24864.0,,猪瘦肉连续,94740.0,95.25,95.2
2014-08-15,HE0,95.7,97.775,94.3,95.0,21552.0,,猪瘦肉连续,93441.0,94.95,95.0
2014-08-18,HE0,94.35,95.5,93.25,95.1,17824.0,,猪瘦肉连续,93789.0,95.1,95.1
2014-08-19,HE0,95.05,96.525,94.4,94.8,16059.0,,猪瘦肉连续,95107.0,94.825,94.8
2014-08-20,HE0,94.625,94.85,91.975,92.55,20443.0,,猪瘦肉连续,94406.0,92.5,92.55
2014-08-21,HE0,92.3,95.05,90.45,93.6,29201.0,,猪瘦肉连续,92558.0,93.625,93.6
2014-08-22,HE0,93.7,94.775,92.525,92.85,19049.0,,猪瘦肉连续,91158.0,92.875,92.85
2014-08-25,HE0,92.8,93.975,92.75,93.5,15723.0,,猪瘦肉连续,89723.0,93.45,93.5
2014-08-26,HE0,93.175,95.425,92.9,95.05,22672.0,,猪瘦肉连续,90617.0,95.1,95.05
2014-08-27,HE0,94.95,97.175,94.6,95.95,21802.0,,猪瘦肉连续,88007.0,95.925,95.95
2014-08-28,HE0,95.275,96.3,94.65,95.5,16993.0,,猪瘦肉连续,87560.0,95.475,95.5
2014-08-29,HE0,96.05,98.475,96.025,98.05,25247.0,,猪瘦肉连续,85595.0,98.125,98.05
2014-09-02,HE0,98.9,101.125,98.75,99.85,27997.0,,猪瘦肉连续,82696.0,99.875,99.85
2014-09-03,HE0,100.275,102.25,99.7,101.4,25145.0,,猪瘦肉连续,76600.0,101.1,101.4
2014-09-04,HE0,93.65,94.525,91.15,92.6,20912.0,,猪瘦肉连续,75987.0,92.45,92.6
2014-09-05,HE0,93.45,95.45,93.35,95.45,15159.0,,猪瘦肉连续,77209.0,95.45,95.45
2014-09-08,HE0,95.875,96.5,94.575,96.0,25381.0,,猪瘦肉连续,78182.0,96.05,96.0
2014-09-09,HE0,95.75,98.85,95.575,98.3,21206.0,,猪瘦肉连续,82078.0,98.25,98.3
2014-09-10,HE0,98.65,99.0,96.5,98.8,27665.0,,猪瘦肉连续,87181.0,98.65,98.8
2014-09-11,HE0,98.65,98.825,96.65,97.15,17866.0,,猪瘦肉连续,91251.0,97.2,97.15
2014-09-12,HE0,97.175,97.3,94.8,96.3,18203.0,,猪瘦肉连续,94124.0,96.3,96.3
2014-09-15,HE0,96.1,96.95,95.15,95.8,11064.0,,猪瘦肉连续,98292.0,95.85,95.8
2014-09-16,HE0,96.075,96.375,93.9,95.9,14481.0,,猪瘦肉连续,99386.0,95.925,95.9
2014-09-17,HE0,96.0,96.725,92.925,93.85,16548.0,,猪瘦肉连续,102436.0,93.9,93.85
2014-09-18,HE0,93.0,95.375,90.9,93.8,22313.0,,猪瘦肉连续,106301.0,93.8,93.8
2014-09-19,HE0,94.775,95.5,94.4,94.8,15602.0,,猪瘦肉连续,105737.0,94.85,94.8
2014-09-22,HE0,94.8,96.075,94.525,95.7,10414.0,,猪瘦肉连续,106039.0,95.7,95.7
2014-09-23,HE0,95.4,96.3,93.8,95.25,13330.0,,猪瘦肉连续,107248.0,95.25,95.25
2014-09-24,HE0,95.35,96.25,94.625,95.2,13763.0,,猪瘦肉连续,106101.0,95.2,95.2
2014-09-25,HE0,94.9,94.9,92.25,93.65,14309.0,,猪瘦肉连续,106639.0,93.6,93.65
2014-09-26,HE0,93.275,94.575,92.85,94.35,14168.0,,猪瘦肉连续,107070.0,94.475,94.35
2014-09-29,HE0,91.7,95.3,91.6,94.85,19500.0,,猪瘦肉连续,107316.0,94.85,94.85
2014-09-30,HE0,94.8,95.95,93.5,94.4,14729.0,,猪瘦肉连续,109987.0,94.525,94.4
2014-10-01,HE0,94.25,95.2,92.7,94.85,20023.0,,猪瘦肉连续,109650.0,94.875,94.85
2014-10-02,HE0,94.625,95.4,93.625,94.85,13099.0,,猪瘦肉连续,111060.0,94.925,94.85
2014-10-03,HE0,94.95,95.625,92.425,93.1,15311.0,,猪瘦肉连续,110439.0,93.025,93.1
2014-10-06,HE0,93.7,96.025,93.5,95.85,17129.0,,猪瘦肉连续,110576.0,95.875,95.85
2014-10-07,HE0,96.1,97.3,93.9,94.3,18753.0,,猪瘦肉连续,111180.0,94.35,94.3
2014-10-08,HE0,94.225,96.0,93.9,95.15,13188.0,,猪瘦肉连续,110353.0,95.175,95.15
2014-10-09,HE0,95.7,97.075,95.4,95.65,16344.0,,猪瘦肉连续,109494.0,95.625,95.65
2014-10-10,HE0,95.375,95.725,94.125,94.35,11970.0,,猪瘦肉连续,108419.0,94.4,94.35
2014-10-13,HE0,94.4,95.375,94.25,94.65,8267.0,,猪瘦肉连续,107109.0,94.625,94.65
2014-10-14,HE0,94.4,95.325,93.525,94.925,13024.0,,猪瘦肉连续,107644.0,94.925,94.925
2014-10-15,HE0,94.35,94.475,91.925,91.925,14622.0,,猪瘦肉连续,106232.0,91.925,91.925
2014-10-16,HE0,91.2,91.85,89.4,90.3,20215.0,,猪瘦肉连续,105025.0,90.325,90.3
2014-10-17,HE0,89.7,91.4,89.35,90.5,12524.0,,猪瘦肉连续,104058.0,90.575,90.5
2014-10-20,HE0,90.1,90.4,88.575,89.15,13919.0,,猪瘦肉连续,103328.0,89.15,89.15
2014-10-21,HE0,88.65,89.55,87.85,88.4,14236.0,,猪瘦肉连续,102463.0,88.45,88.4
2014-10-22,HE0,88.1,90.225,88.025,89.75,14668.0,,猪瘦肉连续,101578.0,89.75,89.75
2014-10-23,HE0,89.5,89.8,88.025,88.75,14916.0,,猪瘦肉连续,100150.0,88.725,88.75
2014-10-24,HE0,88.325,90.65,87.725,90.2,14485.0,,猪瘦肉连续,98158.0,90.25,90.2
2014-10-27,HE0,90.35,90.35,88.8,89.1,14585.0,,猪瘦肉连续,96792.0,89.05,89.1
2014-10-28,HE0,89.5,90.6,89.425,90.2,15775.0,,猪瘦肉连续,96203.0,90.2,90.2
2014-10-29,HE0,90.0,90.5,87.95,88.55,18131.0,,猪瘦肉连续,94668.0,88.6,88.55
2014-10-30,HE0,89.2,89.55,86.15,87.25,19535.0,,猪瘦肉连续,92857.0,87.2,87.25
2014-10-31,HE0,87.75,88.4,87.2,88.0,12412.0,,猪瘦肉连续,89470.0,88.025,88.0
2014-11-03,HE0,88.275,88.975,88.075,88.9,13639.0,,猪瘦肉连续,88423.0,88.85,88.9
2014-11-04,HE0,89.1,90.025,87.8,88.0,18229.0,,猪瘦肉连续,87435.0,87.975,88.0
2014-11-05,HE0,87.9,88.2,86.675,87.25,15714.0,,猪瘦肉连续,85036.0,87.125,87.25
2014-11-06,HE0,87.575,88.25,87.1,87.6,14856.0,,猪瘦肉连续,82832.0,87.65,87.6
2014-11-07,HE0,88.3,89.7,88.1,88.75,24594.0,,猪瘦肉连续,83569.0,88.775,88.75
2014-11-10,HE0,89.15,90.275,88.575,89.575,21100.0,,猪瘦肉连续,77778.0,89.55,89.575
2014-11-11,HE0,89.475,90.3,88.7,89.9,24585.0,,猪瘦肉连续,73485.0,89.9,89.9
2014-11-12,HE0,89.7,90.8,89.4,90.75,21704.0,,猪瘦肉连续,75283.0,90.8,90.75
2014-11-13,HE0,90.475,92.25,90.45,91.6,20127.0,,猪瘦肉连续,80710.0,91.6,91.6
2014-11-14,HE0,91.5,93.125,91.4,92.75,12544.0,,猪瘦肉连续,86207.0,92.75,92.75
2014-11-17,HE0,92.975,93.075,91.825,92.6,12399.0,,猪瘦肉连续,89244.0,92.625,92.6
2014-11-18,HE0,92.4,92.4,90.275,91.1,11597.0,,猪瘦肉连续,91321.0,91.125,91.1
2014-11-19,HE0,90.75,91.925,90.625,91.65,11982.0,,猪瘦肉连续,93612.0,91.65,91.65
2014-11-20,HE0,91.575,91.575,89.9,91.0,15603.0,,猪瘦肉连续,95362.0,90.9,91.0
2014-11-21,HE0,91.15,91.275,90.15,90.45,12886.0,,猪瘦肉连续,97972.0,90.45,90.45
2014-11-24,HE0,90.85,91.85,90.45,90.55,13255.0,,猪瘦肉连续,96862.0,90.5,90.55
2014-11-25,HE0,90.825,91.475,89.25,89.85,15210.0,,猪瘦肉连续,97951.0,89.825,89.85
2014-11-26,HE0,89.625,89.975,89.225,89.55,9682.0,,猪瘦肉连续,98628.0,89.55,89.55
2014-11-28,HE0,89.6,89.95,87.8,88.2,7703.0,,猪瘦肉连续,99629.0,88.225,88.2
2014-12-01,HE0,87.8,89.25,86.825,88.95,18412.0,,猪瘦肉连续,99694.0,88.925,88.95
2014-12-02,HE0,88.8,89.725,88.125,89.0,16502.0,,猪瘦肉连续,101592.0,89.0,89.0
2014-12-03,HE0,88.225,88.8,86.55,86.85,17594.0,,猪瘦肉连续,102141.0,86.875,86.85
2014-12-04,HE0,86.875,87.2,85.9,86.75,15434.0,,猪瘦肉连续,101799.0,86.625,86.75
2014-12-05,HE0,86.5,86.6,85.075,85.475,16271.0,,猪瘦肉连续,100142.0,85.625,85.475
2014-12-08,HE0,85.5,85.6,84.6,85.1,13129.0,,猪瘦肉连续,99537.0,85.125,85.1
2014-12-09,HE0,84.9,85.2,84.25,84.675,12268.0,,猪瘦肉连续,99711.0,84.6,84.675
2014-12-10,HE0,85.1,85.925,84.125,84.5,12812.0,,猪瘦肉连续,99632.0,84.55,84.5
2014-12-11,HE0,84.6,85.15,84.2,84.3,11538.0,,猪瘦肉连续,99755.0,84.35,84.3
2014-12-12,HE0,84.125,84.725,83.0,83.25,12504.0,,猪瘦肉连续,100163.0,83.25,83.25
2014-12-15,HE0,83.575,83.75,82.325,83.2,12293.0,,猪瘦肉连续,99628.0,83.275,83.2
2014-12-16,HE0,82.925,83.85,80.275,81.65,14344.0,,猪瘦肉连续,99787.0,81.675,81.65
2014-12-17,HE0,80.1,80.95,78.675,80.45,16548.0,,猪瘦肉连续,98653.0,80.475,80.45
2014-12-18,HE0,80.45,82.9,80.275,81.9,12635.0,,猪瘦肉连续,97494.0,81.875,81.9
2014-12-19,HE0,81.875,82.5,81.05,81.95,9080.0,,猪瘦肉连续,97113.0,81.9,81.95
2014-12-22,HE0,82.15,82.375,80.125,80.25,13411.0,,猪瘦肉连续,96309.0,80.25,80.25
2014-12-23,HE0,80.4,82.275,80.2,81.575,11250.0,,猪瘦肉连续,94449.0,81.65,81.575
2014-12-24,HE0,81.575,81.75,80.875,81.3,6460.0,,猪瘦肉连续,93025.0,81.3,81.3
2014-12-26,HE0,81.525,81.875,80.3,81.7,8640.0,,猪瘦肉连续,92764.0,81.55,81.7
2014-12-29,HE0,82.1,82.225,81.35,81.9,10867.0,,猪瘦肉连续,93754.0,81.8,81.9
2014-12-30,HE0,81.7,82.0,81.0,81.15,11013.0,,猪瘦肉连续,93612.0,81.175,81.15
2014-12-31,HE0,81.9,82.475,80.825,81.2,12576.0,,猪瘦肉连续,92337.0,81.2,81.2
2015-01-02,HE0,80.95,81.8,80.925,81.2,10745.0,,猪瘦肉连续,91675.0,81.3,81.2
2015-01-05,HE0,81.625,81.65,79.625,79.95,20145.0,,猪瘦肉连续,92264.0,79.925,79.95
2015-01-06,HE0,79.975,79.975,78.15,78.6,15712.0,,猪瘦肉连续,89789.0,78.575,78.6
2015-01-07,HE0,78.6,79.875,78.15,79.4,15233.0,,猪瘦肉连续,85568.0,79.325,79.4
2015-01-08,HE0,79.175,79.7,77.875,78.2,25917.0,,猪瘦肉连续,83168.0,78.175,78.2
2015-01-09,HE0,78.3,79.15,77.8,79.05,21871.0,,猪瘦肉连续,76906.0,79.025,79.05
2015-01-12,HE0,78.75,78.75,76.425,76.7,29542.0,,猪瘦肉连续,71712.0,76.65,76.7
2015-01-13,HE0,77.8,78.2,76.225,76.55,21732.0,,猪瘦肉连续,75258.0,76.5,76.55
2015-01-14,HE0,76.9,78.375,76.375,78.05,22868.0,,猪瘦肉连续,79333.0,78.0,78.05
2015-01-15,HE0,78.25,78.85,77.375,78.4,14137.0,,猪瘦肉连续,84416.0,78.35,78.4
2015-01-16,HE0,78.4,78.6,77.2,77.55,13397.0,,猪瘦肉连续,85430.0,77.675,77.55
2015-01-20,HE0,77.475,77.475,74.675,74.675,13134.0,,猪瘦肉连续,87826.0,74.675,74.675
2015-01-21,HE0,75.075,75.25,73.55,74.25,14143.0,,猪瘦肉连续,89394.0,74.225,74.25
2015-01-22,HE0,74.55,75.1,71.825,72.8,18693.0,,猪瘦肉连续,90238.0,72.875,72.8
2015-01-23,HE0,71.65,71.925,70.0,70.6,23923.0,,猪瘦肉连续,92506.0,70.65,70.6
2015-01-26,HE0,71.35,73.65,70.9,72.8,20082.0,,猪瘦肉连续,94596.0,72.65,72.8
2015-01-27,HE0,73.2,74.225,71.2,72.0,17571.0,,猪瘦肉连续,92570.0,72.05,72.0
2015-01-28,HE0,71.125,75.05,70.85,75.0,21668.0,,猪瘦肉连续,93007.0,74.95,75.0
2015-01-29,HE0,74.725,75.325,72.65,73.3,20653.0,,猪瘦肉连续,91717.0,73.2,73.3
2015-01-30,HE0,73.025,73.675,71.775,72.25,18667.0,,猪瘦肉连续,91053.0,72.25,72.25
2015-02-02,HE0,71.8,72.5,70.8,70.9,17920.0,,猪瘦肉连续,90387.0,70.925,70.9
2015-02-03,HE0,70.95,71.525,69.925,70.9,22294.0,,猪瘦肉连续,91594.0,70.875,70.9
2015-02-04,HE0,70.05,70.25,67.875,68.2,19014.0,,猪瘦肉连续,92287.0,68.125,68.2
2015-02-05,HE0,67.725,67.725,66.15,66.2,18316.0,,猪瘦肉连续,93140.0,66.275,66.2
2015-02-06,HE0,66.75,69.275,66.625,69.275,17944.0,,猪瘦肉连续,92883.0,69.275,69.275
2015-02-09,HE0,68.3,68.5,66.275,66.8,17729.0,,猪瘦肉连续,92086.0,66.75,66.8
2015-02-10,HE0,66.625,67.75,65.625,66.5,14584.0,,猪瘦肉连续,90607.0,66.575,66.5
2015-02-11,HE0,66.0,66.05,63.675,63.75,18474.0,,猪瘦肉连续,90644.0,63.825,63.75
2015-02-12,HE0,64.0,65.3,63.725,64.55,16794.0,,猪瘦肉连续,89331.0,64.5,64.55
2015-02-13,HE0,64.45,66.85,63.925,66.05,18079.0,,猪瘦肉连续,87762.0,66.025,66.05
2015-02-17,HE0,66.525,66.55,63.75,64.05,17337.0,,猪瘦肉连续,86648.0,64.0,64.05
2015-02-18,HE0,63.8,65.875,63.225,64.25,20146.0,,猪瘦肉连续,85174.0,64.225,64.25
2015-02-19,HE0,65.2,67.225,65.2,67.05,18028.0,,猪瘦肉连续,85561.0,67.05,67.05
2015-02-20,HE0,67.5,68.85,66.3,67.4,23058.0,,猪瘦肉连续,83445.0,67.4,67.4
2015-02-23,HE0,67.775,69.9,67.5,68.475,22753.0,,猪瘦肉连续,80782.0,68.325,68.475
2015-02-24,HE0,68.575,69.275,67.375,68.5,18959.0,,猪瘦肉连续,79893.0,68.575,68.5
2015-02-25,HE0,69.15,69.525,68.625,69.35,17250.0,,猪瘦肉连续,78940.0,69.325,69.35
2015-02-26,HE0,68.875,69.1,66.55,67.1,18336.0,,猪瘦肉连续,77525.0,67.15,67.1
2015-02-27,HE0,66.6,68.15,66.2,67.75,20414.0,,猪瘦肉连续,77409.0,67.475,67.75
2015-03-02,HE0,68.4,68.85,67.275,67.65,17894.0,,猪瘦肉连续,78683.0,67.675,67.65
2015-03-03,HE0,67.55,67.825,65.275,65.55,22280.0,,猪瘦肉连续,78139.0,65.6,65.55
2015-03-04,HE0,65.25,68.55,64.15,68.0,31592.0,,猪瘦肉连续,76417.0,68.0,68.0
2015-03-05,HE0,68.675,68.7,66.55,66.8,16331.0,,猪瘦肉连续,72650.0,66.825,66.8
2015-03-06,HE0,66.5,66.5,65.25,66.2,23737.0,,猪瘦肉连续,72395.0,66.125,66.2
2015-03-09,HE0,66.0,66.4,65.375,66.2,18939.0,,猪瘦肉连续,69203.0,66.075,66.2
2015-03-10,HE0,65.8,66.1,65.075,66.1,19805.0,,猪瘦肉连续,66391.0,65.975,66.1
2015-03-11,HE0,78.325,78.525,75.675,76.15,19229.0,,猪瘦肉连续,63514.0,76.2,76.15
2015-03-12,HE0,75.55,75.95,73.5,75.9,25969.0,,猪瘦肉连续,68077.0,75.775,75.9
2015-03-13,HE0,75.45,75.8,74.4,75.6,18685.0,,猪瘦肉连续,74276.0,75.425,75.6
2015-03-16,HE0,74.85,76.35,74.3,76.35,12866.0,,猪瘦肉连续,78740.0,76.25,76.35
2015-03-17,HE0,76.25,77.2,75.675,75.75,12219.0,,猪瘦肉连续,81247.0,75.8,75.75
2015-03-18,HE0,75.725,76.05,74.75,75.2,13174.0,,猪瘦肉连续,84694.0,75.125,75.2
2015-03-19,HE0,74.3,75.075,73.575,74.6,17826.0,,猪瘦肉连续,87428.0,74.525,74.6
2015-03-20,HE0,74.65,75.725,73.65,73.85,13205.0,,猪瘦肉连续,88264.0,73.85,73.85
2015-03-23,HE0,73.85,74.6,73.35,73.65,11134.0,,猪瘦肉连续,91004.0,73.625,73.65
2015-03-24,HE0,73.7,75.475,72.05,74.6,24039.0,,猪瘦肉连续,92098.0,74.675,74.6
2015-03-25,HE0,74.3,75.2,73.25,74.65,14645.0,,猪瘦肉连续,93807.0,74.6,74.65
2015-03-26,HE0,74.5,75.625,74.375,75.2,10969.0,,猪瘦肉连续,95913.0,75.15,75.2
2015-03-27,HE0,75.225,75.7,74.7,74.95,8991.0,,猪瘦肉连续,96557.0,75.0,74.95
2015-03-30,HE0,74.25,76.8,74.05,75.55,13795.0,,猪瘦肉连续,97082.0,75.55,75.55
2015-03-31,HE0,75.5,77.775,75.5,75.75,20008.0,,猪瘦肉连续,96971.0,75.8,75.75
2015-04-01,HE0,75.35,76.65,75.325,76.3,12147.0,,猪瘦肉连续,96020.0,76.25,76.3
2015-04-02,HE0,76.35,76.6,74.5,75.7,15373.0,,猪瘦肉连续,96025.0,75.7,75.7
2015-04-06,HE0,75.75,76.975,75.7,76.65,7891.0,,猪瘦肉连续,97603.0,76.6,76.65
2015-04-07,HE0,77.025,77.35,76.025,76.4,9833.0,,猪瘦肉连续,96903.0,76.35,76.4
2015-04-08,HE0,76.25,77.225,75.975,77.2,11546.0,,猪瘦肉连续,97290.0,77.1,77.2
2015-04-09,HE0,77.275,77.55,76.25,76.75,13752.0,,猪瘦肉连续,96838.0,76.8,76.75
2015-04-10,HE0,77.075,78.5,76.825,78.1,17099.0,,猪瘦肉连续,97793.0,78.15,78.1
2015-04-13,HE0,78.25,79.75,78.25,78.75,15369.0,,猪瘦肉连续,97030.0,78.775,78.75
2015-04-14,HE0,78.75,79.125,77.85,78.5,12504.0,,猪瘦肉连续,96028.0,78.475,78.5
2015-04-15,HE0,78.825,78.85,75.475,75.5,22030.0,,猪瘦肉连续,96406.0,75.475,75.5
2015-04-16,HE0,75.575,76.725,75.45,76.45,16952.0,,猪瘦肉连续,96945.0,76.375,76.45
2015-04-17,HE0,76.1,76.375,75.7,76.3,10544.0,,猪瘦肉连续,97132.0,76.275,76.3
2015-04-20,HE0,76.5,76.575,75.025,75.5,13831.0,,猪瘦肉连续,95848.0,75.525,75.5
2015-04-21,HE0,75.15,77.9,75.1,77.65,21069.0,,猪瘦肉连续,96009.0,77.6,77.65
2015-04-22,HE0,77.35,77.5,75.525,75.75,17017.0,,猪瘦肉连续,94678.0,75.95,75.75
2015-04-23,HE0,76.075,78.85,76.025,78.3,19532.0,,猪瘦肉连续,95944.0,78.325,78.3
2015-04-24,HE0,78.7,79.7,77.75,79.3,17487.0,,猪瘦肉连续,95196.0,79.45,79.3
2015-04-27,HE0,79.6,80.275,79.025,79.4,15696.0,,猪瘦肉连续,93618.0,79.4,79.4
2015-04-28,HE0,79.5,80.425,79.475,79.85,15180.0,,猪瘦肉连续,92772.0,79.9,79.85
2015-04-29,HE0,80.45,81.825,80.225,81.2,16014.0,,猪瘦肉连续,90168.0,81.2,81.2
2015-04-30,HE0,81.875,82.625,80.375,81.5,28148.0,,猪瘦肉连续,88274.0,81.425,81.5
2015-05-01,HE0,81.95,81.95,80.75,81.35,15955.0,,猪瘦肉连续,86925.0,81.25,81.35
2015-05-04,HE0,81.05,82.15,81.025,81.8,12153.0,,猪瘦肉连续,84604.0,81.825,81.8
2015-05-05,HE0,82.025,83.55,82.025,82.8,20167.0,,猪瘦肉连续,82311.0,82.75,82.8
2015-05-06,HE0,83.5,84.475,83.2,84.1,24148.0,,猪瘦肉连续,78184.0,84.05,84.1
2015-05-07,HE0,84.35,84.45,83.275,83.5,20880.0,,猪瘦肉连续,72659.0,83.5,83.5
2015-05-08,HE0,83.9,85.05,82.9,84.85,21733.0,,猪瘦肉连续,67619.0,84.825,84.85
2015-05-11,HE0,85.0,85.0,83.85,84.3,20791.0,,猪瘦肉连续,63000.0,84.275,84.3
2015-05-12,HE0,84.5,85.325,83.55,84.95,24888.0,,猪瘦肉连续,58800.0,85.05,84.95
2015-05-13,HE0,85.075,85.1,84.025,84.75,19101.0,,猪瘦肉连续,53841.0,84.775,84.75
2015-05-14,HE0,84.65,84.875,83.6,83.95,16569.0,,猪瘦肉连续,51425.0,83.95,83.95
2015-05-15,HE0,84.1,84.1,82.275,83.45,15998.0,,猪瘦肉连续,50839.0,83.35,83.45
2015-05-18,HE0,83.4,83.5,82.35,82.8,10014.0,,猪瘦肉连续,49723.0,82.725,82.8
2015-05-19,HE0,82.6,83.425,81.4,82.15,9750.0,,猪瘦肉连续,51635.0,82.175,82.15
2015-05-20,HE0,82.55,83.55,82.0,83.4,7211.0,,猪瘦肉连续,51930.0,83.35,83.4
2015-05-21,HE0,83.0,84.7,82.575,83.8,11413.0,,猪瘦肉连续,52055.0,83.85,83.8
2015-05-22,HE0,83.8,84.3,83.575,83.6,6046.0,,猪瘦肉连续,52256.0,83.725,83.6
2015-05-26,HE0,83.75,83.825,82.675,82.75,7812.0,,猪瘦肉连续,52585.0,82.8,82.75
2015-05-27,HE0,83.1,84.2,82.9,83.45,8124.0,,猪瘦肉连续,54171.0,83.325,83.45
2015-05-28,HE0,83.825,84.95,83.4,84.85,15257.0,,猪瘦肉连续,54978.0,84.625,84.85
2015-05-29,HE0,84.3,84.8,82.525,83.6,20547.0,,猪瘦肉连续,57981.0,83.45,83.6
2015-06-01,HE0,83.7,84.5,83.2,84.4,12465.0,,猪瘦肉连续,59226.0,84.35,84.4
2015-06-02,HE0,84.125,84.425,83.125,83.8,14143.0,,猪瘦肉连续,60194.0,83.8,83.8
2015-06-03,HE0,84.0,84.0,81.925,82.3,15688.0,,猪瘦肉连续,60015.0,82.475,82.3
2015-06-04,HE0,82.125,82.125,80.5,80.6,15479.0,,猪瘦肉连续,60634.0,80.6,80.6
2015-06-05,HE0,80.5,81.875,80.4,81.1,19113.0,,猪瘦肉连续,61073.0,81.125,81.1
2015-06-08,HE0,81.275,81.525,80.675,81.0,16850.0,,猪瘦肉连续,57988.0,80.975,81.0
2015-06-09,HE0,80.575,80.675,78.775,79.5,17384.0,,猪瘦肉连续,57395.0,79.4,79.5
2015-06-10,HE0,79.25,79.975,78.975,79.3,20047.0,,猪瘦肉连续,61079.0,79.25,79.3
2015-06-11,HE0,79.45,79.45,77.925,78.6,19062.0,,猪瘦肉连续,67213.0,78.525,78.6
2015-06-12,HE0,78.05,78.175,76.575,76.75,13459.0,,猪瘦肉连续,73773.0,76.725,76.75
2015-06-15,HE0,76.65,76.65,74.35,75.3,13652.0,,猪瘦肉连续,76696.0,75.475,75.3
2015-06-16,HE0,75.0,75.95,74.95,75.525,12006.0,,猪瘦肉连续,77396.0,75.55,75.525
2015-06-17,HE0,75.75,76.7,75.525,76.3,10714.0,,猪瘦肉连续,78811.0,76.375,76.3
2015-06-18,HE0,76.625,76.975,75.55,76.1,14192.0,,猪瘦肉连续,79594.0,76.0,76.1
2015-06-19,HE0,75.9,75.9,73.65,73.8,14913.0,,猪瘦肉连续,81645.0,73.825,73.8
2015-06-22,HE0,73.45,73.45,71.175,72.4,15571.0,,猪瘦肉连续,82780.0,72.375,72.4
2015-06-23,HE0,72.85,74.05,72.05,72.15,13495.0,,猪瘦肉连续,84276.0,72.25,72.15
2015-06-24,HE0,72.125,73.0,72.125,72.3,12219.0,,猪瘦肉连续,84311.0,72.35,72.3
2015-06-25,HE0,72.9,72.975,71.625,72.15,11290.0,,猪瘦肉连续,83276.0,72.15,72.15
2015-06-26,HE0,72.6,73.35,72.075,72.8,14767.0,,猪瘦肉连续,82659.0,72.825,72.8
2015-06-29,HE0,71.975,73.05,71.275,71.7,22476.0,,猪瘦肉连续,83089.0,71.775,71.7
2015-06-30,HE0,72.45,74.775,72.05,74.0,26887.0,,猪瘦肉连续,82472.0,74.375,74.0
2015-07-01,HE0,74.2,75.825,74.2,74.95,21825.0,,猪瘦肉连续,79871.0,74.85,74.95
2015-07-02,HE0,75.15,76.675,75.025,76.45,17298.0,,猪瘦肉连续,77913.0,76.375,76.45
2015-07-06,HE0,76.425,76.75,75.725,76.3,14415.0,,猪瘦肉连续,77044.0,76.0,76.3
2015-07-07,HE0,76.55,77.275,75.625,76.375,17575.0,,猪瘦肉连续,75541.0,76.35,76.375
2015-07-08,HE0,76.475,76.7,74.3,75.825,27215.0,,猪瘦肉连续,73533.0,75.8,75.825
2015-07-09,HE0,65.35,65.45,62.175,62.2,19529.0,,猪瘦肉连续,66866.0,62.45,62.2
2015-07-10,HE0,62.45,63.2,62.05,62.4,17292.0,,猪瘦肉连续,69732.0,62.45,62.4
2015-07-13,HE0,62.375,63.625,59.45,63.475,17718.0,,猪瘦肉连续,74260.0,62.925,63.475
2015-07-14,HE0,63.375,65.875,63.325,65.0,18152.0,,猪瘦肉连续,79197.0,64.925,65.0
2015-07-15,HE0,64.95,65.5,64.275,64.875,11135.0,,猪瘦肉连续,84780.0,64.975,64.875
2015-07-16,HE0,64.75,65.3,63.9,64.3,11895.0,,猪瘦肉连续,84792.0,64.525,64.3
2015-07-17,HE0,64.375,64.4,63.0,63.35,10442.0,,猪瘦肉连续,85077.0,63.45,63.35
2015-07-20,HE0,63.675,63.9,62.85,63.075,8885.0,,猪瘦肉连续,85780.0,62.95,63.075
2015-07-21,HE0,63.225,63.475,61.75,62.6,13606.0,,猪瘦肉连续,86982.0,62.4,62.6
2015-07-22,HE0,63.0,65.4,62.975,65.125,21481.0,,猪瘦肉连续,87886.0,65.4,65.125
2015-07-23,HE0,65.175,65.7,64.625,65.15,11353.0,,猪瘦肉连续,89179.0,64.7,65.15
2015-07-24,HE0,65.075,65.375,63.85,64.025,10496.0,,猪瘦肉连续,89362.0,64.025,64.025
2015-07-27,HE0,63.7,64.475,62.4,63.625,13914.0,,猪瘦肉连续,88997.0,63.55,63.625
2015-07-28,HE0,63.5,65.95,63.05,65.475,13221.0,,猪瘦肉连续,88065.0,65.05,65.475
2015-07-29,HE0,65.65,67.425,65.6,66.4,19274.0,,猪瘦肉连续,89422.0,66.075,66.4
2015-07-30,HE0,66.275,67.175,65.35,65.625,11008.0,,猪瘦肉连续,88658.0,65.7,65.625
2015-07-31,HE0,65.65,65.65,63.05,63.7,18629.0,,猪瘦肉连续,88646.0,63.725,63.7
2015-08-03,HE0,64.125,66.1,64.0,66.0,14906.0,,猪瘦肉连续,88754.0,65.325,66.0
2015-08-04,HE0,66.0,67.7,65.325,67.375,19379.0,,猪瘦肉连续,89987.0,67.35,67.375
2015-08-05,HE0,67.35,67.5,65.725,66.975,14356.0,,猪瘦肉连续,91639.0,66.775,66.975
2015-08-06,HE0,67.05,67.15,64.15,64.475,16700.0,,猪瘦肉连续,89853.0,64.45,64.475
2015-08-07,HE0,63.95,65.275,63.875,64.35,13617.0,,猪瘦肉连续,89431.0,64.125,64.35
2015-08-10,HE0,64.5,64.6,62.7,62.75,14288.0,,猪瘦肉连续,88133.0,62.975,62.75
2015-08-11,HE0,63.075,63.35,62.25,63.075,14459.0,,猪瘦肉连续,87564.0,62.35,63.075
2015-08-12,HE0,62.875,64.1,62.85,63.975,14776.0,,猪瘦肉连续,86861.0,63.375,63.975
2015-08-13,HE0,63.95,65.625,63.65,65.025,18429.0,,猪瘦肉连续,87564.0,65.05,65.025
2015-08-14,HE0,65.6,66.0,64.825,65.575,13359.0,,猪瘦肉连续,84681.0,65.325,65.575
2015-08-17,HE0,65.85,66.775,65.625,66.35,10945.0,,猪瘦肉连续,83089.0,66.275,66.35
2015-08-18,HE0,66.225,66.475,65.25,66.375,9804.0,,猪瘦肉连续,82557.0,66.125,66.375
2015-08-19,HE0,66.125,66.175,64.3,65.3,17366.0,,猪瘦肉连续,82011.0,66.0,65.3
2015-08-20,HE0,65.3,65.55,64.15,64.575,11869.0,,猪瘦肉连续,80788.0,64.75,64.575
2015-08-21,HE0,64.25,64.975,62.625,62.825,16373.0,,猪瘦肉连续,80825.0,62.825,62.825
2015-08-24,HE0,61.7,65.825,61.6,65.825,20139.0,,猪瘦肉连续,79866.0,65.825,65.825
2015-08-25,HE0,66.725,67.85,66.15,67.375,21657.0,,猪瘦肉连续,78526.0,67.5,67.375
2015-08-26,HE0,67.525,67.825,66.55,67.2,14560.0,,猪瘦肉连续,76986.0,67.0,67.2
2015-08-27,HE0,67.075,67.3,66.625,66.775,9908.0,,猪瘦肉连续,74765.0,67.05,66.775
2015-08-28,HE0,66.775,67.05,66.0,66.65,13140.0,,猪瘦肉连续,73942.0,66.425,66.65
2015-08-31,HE0,66.675,68.575,66.4,68.4,14416.0,,猪瘦肉连续,73190.0,68.025,68.4
2015-09-01,HE0,68.3,68.75,67.05,68.2,17303.0,,猪瘦肉连续,73454.0,67.975,68.2
2015-09-02,HE0,68.3,69.975,68.075,69.625,20372.0,,猪瘦肉连续,72054.0,69.775,69.625
2015-09-03,HE0,69.7,69.9,68.925,69.625,12669.0,,猪瘦肉连续,70902.0,69.45,69.625
2015-09-04,HE0,69.5,69.9,68.95,69.15,12426.0,,猪瘦肉连续,69585.0,69.15,69.15
2015-09-08,HE0,69.5,69.5,68.675,69.125,16514.0,,猪瘦肉连续,68544.0,68.775,69.125
2015-09-09,HE0,69.075,69.375,68.3,68.95,19099.0,,猪瘦肉连续,63561.0,68.925,68.95
2015-09-10,HE0,63.75,64.025,63.275,63.6,11891.0,,猪瘦肉连续,65980.0,63.55,63.6
2015-09-11,HE0,63.525,63.675,62.175,62.875,14522.0,,猪瘦肉连续,69002.0,62.65,62.875
2015-09-14,HE0,62.65,63.15,61.75,62.1,11668.0,,猪瘦肉连续,73054.0,62.25,62.1
2015-09-15,HE0,62.2,64.475,62.15,63.85,14672.0,,猪瘦肉连续,77915.0,63.85,63.85
2015-09-16,HE0,63.725,64.225,61.5,62.675,13734.0,,猪瘦肉连续,78790.0,62.075,62.675
2015-09-17,HE0,62.4,64.85,62.15,63.85,13865.0,,猪瘦肉连续,79569.0,64.35,63.85
2015-09-18,HE0,64.05,64.55,63.275,64.0,12030.0,,猪瘦肉连续,79998.0,64.15,64.0
2015-09-21,HE0,64.175,65.2,64.175,65.025,11673.0,,猪瘦肉连续,80710.0,64.975,65.025
2015-09-22,HE0,65.15,65.2,64.325,64.875,12024.0,,猪瘦肉连续,82230.0,64.75,64.875
2015-09-23,HE0,65.15,65.5,63.85,64.15,11765.0,,猪瘦肉连续,83284.0,64.225,64.15
2015-09-24,HE0,64.15,65.9,63.6,65.375,17800.0,,猪瘦肉连续,84581.0,65.825,65.375
2015-09-25,HE0,65.4,66.55,65.2,65.6,14519.0,,猪瘦肉连续,86425.0,65.775,65.6
2015-09-28,HE0,66.2,66.45,65.275,65.925,9460.0,,猪瘦肉连续,87732.0,65.75,65.925
2015-09-29,HE0,65.8,67.275,65.8,66.975,12049.0,,猪瘦肉连续,88281.0,67.05,66.975
2015-09-30,HE0,66.7,67.6,66.5,66.525,13496.0,,猪瘦肉连续,89408.0,66.725,66.525
2015-10-01,HE0,66.625,66.625,64.0,64.825,21313.0,,猪瘦肉连续,89733.0,64.525,64.825
2015-10-02,HE0,64.825,66.175,64.55,65.675,13400.0,,猪瘦肉连续,90964.0,65.375,65.675
2015-10-05,HE0,65.55,65.95,64.3,65.3,10242.0,,猪瘦肉连续,91043.0,64.725,65.3
2015-10-06,HE0,65.15,67.075,65.05,66.975,16698.0,,猪瘦肉连续,90267.0,66.725,66.975
2015-10-07,HE0,67.3,67.475,65.6,66.325,17841.0,,猪瘦肉连续,90803.0,65.975,66.325
2015-10-08,HE0,66.3,66.6,65.2,66.375,11110.0,,猪瘦肉连续,90814.0,66.15,66.375
2015-10-09,HE0,66.65,67.275,66.0,66.475,11268.0,,猪瘦肉连续,90900.0,66.125,66.475
2015-10-12,HE0,66.325,67.125,66.325,67.1,8489.0,,猪瘦肉连续,90011.0,66.5,67.1
2015-10-13,HE0,66.975,68.375,66.75,67.3,19610.0,,猪瘦肉连续,89620.0,67.575,67.3
2015-10-14,HE0,67.6,68.075,66.4,66.85,14852.0,,猪瘦肉连续,91396.0,66.825,66.85
2015-10-15,HE0,66.95,67.125,66.15,66.6,12468.0,,猪瘦肉连续,91280.0,66.825,66.6
2015-10-16,HE0,66.525,66.675,65.25,65.475,13515.0,,猪瘦肉连续,91392.0,65.575,65.475
2015-10-19,HE0,65.375,66.725,65.025,66.0,16041.0,,猪瘦肉连续,91864.0,65.975,66.0
2015-10-20,HE0,66.4,68.825,66.25,68.25,22812.0,,猪瘦肉连续,91724.0,67.85,68.25
2015-10-21,HE0,68.5,68.775,66.65,67.575,21423.0,,猪瘦肉连续,91897.0,67.025,67.575
2015-10-22,HE0,67.825,68.025,66.0,66.1,12188.0,,猪瘦肉连续,89618.0,66.45,66.1
2015-10-23,HE0,66.0,66.275,63.45,63.875,33654.0,,猪瘦肉连续,88685.0,63.6,63.875
2015-10-26,HE0,63.625,64.5,62.625,62.75,16756.0,,猪瘦肉连续,84441.0,62.85,62.75
2015-10-27,HE0,62.6,62.975,60.825,61.15,20639.0,,猪瘦肉连续,82903.0,61.25,61.15
2015-10-28,HE0,61.2,62.125,60.425,61.1,20053.0,,猪瘦肉连续,82564.0,61.4,61.1
2015-10-29,HE0,61.35,61.725,59.275,59.275,20102.0,,猪瘦肉连续,81694.0,59.875,59.275
2015-10-30,HE0,59.5,61.15,59.025,59.225,20947.0,,猪瘦肉连续,81653.0,59.2,59.225
2015-11-02,HE0,59.0,59.425,57.1,58.1,21280.0,,猪瘦肉连续,80636.0,58.225,58.1
2015-11-03,HE0,58.3,59.075,57.175,57.275,21134.0,,猪瘦肉连续,80172.0,58.225,57.275
2015-11-04,HE0,57.625,58.5,57.15,57.45,16303.0,,猪瘦肉连续,80267.0,57.375,57.45
2015-11-05,HE0,57.7,58.575,54.875,56.1,25560.0,,猪瘦肉连续,78441.0,55.4,56.1
2015-11-06,HE0,55.4,56.0,53.925,54.85,22760.0,,猪瘦肉连续,76154.0,55.0,54.85
2015-11-09,HE0,55.025,55.05,53.1,53.425,21046.0,,猪瘦肉连续,71865.0,53.725,53.425
2015-11-10,HE0,56.475,57.5,54.65,55.725,21995.0,,猪瘦肉连续,69096.0,55.15,55.725
2015-11-11,HE0,55.5,57.8,55.5,57.1,19239.0,,猪瘦肉连续,73166.0,57.075,57.1
2015-11-12,HE0,57.2,58.85,57.125,58.25,17944.0,,猪瘦肉连续,78758.0,58.25,58.25
2015-11-13,HE0,58.4,58.75,55.725,56.95,14676.0,,猪瘦肉连续,83496.0,57.05,56.95
2015-11-16,HE0,56.9,56.9,54.05,54.05,12229.0,,猪瘦肉连续,84625.0,54.05,54.05
2015-11-17,HE0,54.0,56.975,53.975,56.45,13112.0,,猪瘦肉连续,86328.0,56.375,56.45
2015-11-18,HE0,56.5,58.0,56.0,56.0,14238.0,,猪瘦肉连续,86391.0,56.275,56.0
2015-11-19,HE0,55.8,57.2,55.8,56.825,9674.0,,猪瘦肉连续,87230.0,56.725,56.825
2015-11-20,HE0,57.0,59.1,56.975,58.55,12474.0,,猪瘦肉连续,88999.0,58.325,58.55
2015-11-23,HE0,58.5,59.65,58.1,58.3,9674.0,,猪瘦肉连续,89728.0,58.275,58.3
2015-11-24,HE0,58.275,58.825,57.2,58.1,12099.0,,猪瘦肉连续,89981.0,57.5,58.1
2015-11-25,HE0,58.2,58.7,57.525,57.8,10945.0,,猪瘦肉连续,91342.0,58.075,57.8
2015-11-27,HE0,57.95,57.95,57.2,57.675,5882.0,,猪瘦肉连续,90059.0,57.675,57.675
2015-11-30,HE0,57.55,57.6,55.775,57.125,14645.0,,猪瘦肉连续,89829.0,56.8,57.125
2015-12-01,HE0,57.05,59.8,55.775,59.65,21338.0,,猪瘦肉连续,90670.0,59.775,59.65
2015-12-02,HE0,59.825,60.05,58.85,59.05,12323.0,,猪瘦肉连续,88662.0,59.15,59.05
2015-12-03,HE0,59.125,59.975,57.65,58.75,12896.0,,猪瘦肉连续,85620.0,58.825,58.75
2015-12-04,HE0,58.825,59.25,57.65,58.9,12364.0,,猪瘦肉连续,83749.0,59.1,58.9
2015-12-07,HE0,58.225,58.45,56.975,57.25,14622.0,,猪瘦肉连续,83011.0,57.525,57.25
2015-12-08,HE0,57.075,59.7,56.625,57.675,18011.0,,猪瘦肉连续,82887.0,58.375,57.675
2015-12-09,HE0,57.9,59.45,57.7,58.9,11168.0,,猪瘦肉连续,81626.0,59.25,58.9
2015-12-10,HE0,58.825,59.55,58.825,59.4,8946.0,,猪瘦肉连续,81137.0,59.225,59.4
2015-12-11,HE0,59.0,61.75,59.0,60.5,17116.0,,猪瘦肉连续,81600.0,60.55,60.5
2015-12-14,HE0,60.275,60.825,59.225,59.65,10309.0,,猪瘦肉连续,80351.0,60.125,59.65
2015-12-15,HE0,59.75,60.125,58.375,58.95,14581.0,,猪瘦肉连续,79411.0,58.925,58.95
2015-12-16,HE0,59.2,59.25,57.35,57.375,10982.0,,猪瘦肉连续,78927.0,57.9,57.375
2015-12-17,HE0,57.4,57.4,54.95,55.825,19465.0,,猪瘦肉连续,78058.0,55.775,55.825
2015-12-18,HE0,56.1,58.3,56.1,56.65,12124.0,,猪瘦肉连续,79203.0,56.625,56.65
2015-12-21,HE0,56.975,57.85,56.35,56.65,9504.0,,猪瘦肉连续,77819.0,56.45,56.65
2015-12-22,HE0,56.6,57.5,56.6,57.2,8021.0,,猪瘦肉连续,77845.0,56.85,57.2
2015-12-23,HE0,57.375,59.175,56.775,58.475,9474.0,,猪瘦肉连续,77306.0,57.775,58.475
2015-12-24,HE0,58.6,59.35,58.2,58.65,5410.0,,猪瘦肉连续,76197.0,58.3,58.65
2015-12-28,HE0,58.55,59.65,58.4,59.125,8456.0,,猪瘦肉连续,75704.0,59.125,59.125
2015-12-29,HE0,59.025,59.475,58.625,59.3,9009.0,,猪瘦肉连续,74286.0,59.15,59.3
2015-12-30,HE0,59.15,59.9,58.975,59.8,9452.0,,猪瘦肉连续,73815.0,59.775,59.8
2015-12-31,HE0,59.85,60.075,59.25,59.875,11053.0,,猪瘦肉连续,72614.0,59.8,59.875
2016-01-04,HE0,59.875,60.025,58.075,59.9,13416.0,,猪瘦肉连续,72220.0,59.425,59.9
2016-01-05,HE0,59.45,61.475,59.45,61.1,20726.0,,猪瘦肉连续,72302.0,61.1,61.1
2016-01-06,HE0,60.875,61.5,60.65,61.45,14246.0,,猪瘦肉连续,67498.0,60.825,61.45
2016-01-07,HE0,61.025,61.425,58.95,59.15,19719.0,,猪瘦肉连续,64467.0,59.55,59.15
2016-01-08,HE0,59.6,60.95,59.3,59.925,20481.0,,猪瘦肉连续,61828.0,59.85,59.925
2016-01-11,HE0,59.625,59.925,58.875,59.875,16394.0,,猪瘦肉连续,56306.0,59.7,59.875
2016-01-12,HE0,65.8,67.45,65.65,67.2,15913.0,,猪瘦肉连续,52015.0,67.3,67.2
2016-01-13,HE0,67.425,67.875,66.525,66.95,12948.0,,猪瘦肉连续,54892.0,67.15,66.95
2016-01-14,HE0,67.15,67.975,66.75,67.8,11147.0,,猪瘦肉连续,58953.0,67.775,67.8
2016-01-15,HE0,67.5,67.675,66.55,67.35,7043.0,,猪瘦肉连续,63590.0,67.45,67.35
2016-01-19,HE0,67.85,68.0,67.45,67.75,9362.0,,猪瘦肉连续,63794.0,67.725,67.75
2016-01-20,HE0,67.675,67.975,66.4,67.35,9830.0,,猪瘦肉连续,64159.0,67.075,67.35
2016-01-21,HE0,67.3,69.2,66.6,68.575,13613.0,,猪瘦肉连续,63914.0,69.025,68.575
2016-01-22,HE0,68.7,69.675,68.675,69.125,11762.0,,猪瘦肉连续,66350.0,69.0,69.125
2016-01-25,HE0,69.375,69.85,68.575,68.8,13234.0,,猪瘦肉连续,67879.0,68.775,68.8
2016-01-26,HE0,69.0,69.85,68.5,69.85,10132.0,,猪瘦肉连续,66903.0,69.6,69.85
2016-01-27,HE0,69.9,70.55,69.75,70.5,12262.0,,猪瘦肉连续,69059.0,70.475,70.5
2016-01-28,HE0,70.475,70.975,69.125,69.875,17310.0,,猪瘦肉连续,72100.0,69.7,69.875
2016-01-29,HE0,69.9,71.025,69.8,70.625,15355.0,,猪瘦肉连续,72351.0,70.7,70.625
2016-02-01,HE0,70.875,71.125,69.825,70.45,14899.0,,猪瘦肉连续,74742.0,70.7,70.45
2016-02-02,HE0,70.05,70.275,69.0,69.25,15706.0,,猪瘦肉连续,74993.0,69.1,69.25
2016-02-03,HE0,69.25,69.9,69.1,69.6,13279.0,,猪瘦肉连续,75513.0,69.675,69.6
2016-02-04,HE0,69.65,70.6,69.425,70.175,12739.0,,猪瘦肉连续,76371.0,70.25,70.175
2016-02-05,HE0,70.15,70.725,69.925,70.4,11464.0,,猪瘦肉连续,78153.0,70.3,70.4
2016-02-08,HE0,70.0,70.95,69.5,69.725,12320.0,,猪瘦肉连续,79805.0,69.725,69.725
2016-02-09,HE0,69.4,70.25,69.2,70.15,13050.0,,猪瘦肉连续,79977.0,69.625,70.15
2016-02-10,HE0,70.2,70.4,68.2,68.45,17994.0,,猪瘦肉连续,80604.0,68.35,68.45
2016-02-11,HE0,68.225,69.85,67.9,69.175,18361.0,,猪瘦肉连续,78466.0,69.45,69.175
2016-02-12,HE0,69.5,70.775,69.275,70.275,15386.0,,猪瘦肉连续,80901.0,70.375,70.275
2016-02-16,HE0,70.175,70.8,70.05,70.35,11476.0,,猪瘦肉连续,83028.0,70.15,70.35
2016-02-17,HE0,70.225,71.375,69.675,71.275,17148.0,,猪瘦肉连续,83916.0,71.15,71.275
2016-02-18,HE0,71.325,72.225,70.275,70.35,21831.0,,猪瘦肉连续,85755.0,70.775,70.35
2016-02-19,HE0,70.075,70.4,68.35,68.95,20275.0,,猪瘦肉连续,85151.0,68.9,68.95
2016-02-22,HE0,68.8,69.4,68.35,68.9,12345.0,,猪瘦肉连续,81667.0,69.25,68.9
2016-02-23,HE0,69.0,70.75,68.575,69.95,15629.0,,猪瘦肉连续,80229.0,69.95,69.95
2016-02-24,HE0,70.0,71.575,69.225,71.375,21039.0,,猪瘦肉连续,78700.0,71.475,71.375
2016-02-25,HE0,71.6,71.85,70.725,71.2,13483.0,,猪瘦肉连续,78908.0,71.125,71.2
2016-02-26,HE0,71.15,71.2,70.05,71.1,13723.0,,猪瘦肉连续,78564.0,70.85,71.1
2016-02-29,HE0,70.475,70.7,69.675,70.125,17036.0,,猪瘦肉连续,76777.0,69.975,70.125
2016-03-01,HE0,70.25,70.475,69.725,70.375,10354.0,,猪瘦肉连续,73679.0,70.4,70.375
2016-03-02,HE0,70.775,70.8,69.9,70.1,11269.0,,猪瘦肉连续,72245.0,70.05,70.1
2016-03-03,HE0,70.025,70.575,69.125,70.5,16234.0,,猪瘦肉连续,70454.0,70.35,70.5
2016-03-04,HE0,70.725,71.375,70.45,70.975,15512.0,,猪瘦肉连续,68619.0,70.8,70.975
2016-03-07,HE0,70.85,70.95,69.275,70.15,20782.0,,猪瘦肉连续,66008.0,70.05,70.15
2016-03-08,HE0,70.175,70.2,69.475,69.725,16401.0,,猪瘦肉连续,60584.0,69.775,69.725
2016-03-09,HE0,81.5,82.825,81.35,82.625,22965.0,,猪瘦肉连续,58175.0,82.55,82.625
2016-03-10,HE0,82.425,83.225,82.175,82.875,17271.0,,猪瘦肉连续,63813.0,82.9,82.875
2016-03-11,HE0,83.2,83.475,82.65,83.15,14602.0,,猪瘦肉连续,68938.0,83.075,83.15
2016-03-14,HE0,82.9,83.225,82.0,83.225,10007.0,,猪瘦肉连续,72876.0,83.025,83.225
2016-03-15,HE0,83.175,83.5,82.7,83.35,9374.0,,猪瘦肉连续,74304.0,83.3,83.35
2016-03-16,HE0,83.125,83.8,82.725,83.725,9627.0,,猪瘦肉连续,77743.0,83.75,83.725
2016-03-17,HE0,83.7,83.85,83.025,83.725,10813.0,,猪瘦肉连续,79354.0,83.8,83.725
2016-03-18,HE0,83.7,83.975,83.45,83.7,9046.0,,猪瘦肉连续,82330.0,83.9,83.7
2016-03-21,HE0,83.55,83.675,81.775,81.8,12185.0,,猪瘦肉连续,85514.0,81.85,81.8
2016-03-22,HE0,81.85,83.0,81.575,82.55,9911.0,,猪瘦肉连续,86317.0,82.85,82.55
2016-03-23,HE0,82.575,82.95,82.375,82.775,9753.0,,猪瘦肉连续,88689.0,82.775,82.775
2016-03-24,HE0,83.4,83.45,80.0,81.125,15039.0,,猪瘦肉连续,91583.0,80.85,81.125
2016-03-28,HE0,80.575,83.4,80.575,82.625,12065.0,,猪瘦肉连续,90498.0,82.45,82.625
2016-03-29,HE0,82.45,83.075,82.35,82.95,10946.0,,猪瘦肉连续,91705.0,82.925,82.95
2016-03-30,HE0,82.9,83.2,81.025,81.575,11675.0,,猪瘦肉连续,91524.0,81.55,81.575
2016-03-31,HE0,81.675,82.025,80.1,80.7,13232.0,,猪瘦肉连续,91112.0,80.85,80.7
2016-04-01,HE0,80.85,81.2,78.8,79.475,16293.0,,猪瘦肉连续,89764.0,79.375,79.475
2016-04-04,HE0,79.625,79.725,78.675,78.9,10414.0,,猪瘦肉连续,88007.0,78.725,78.9
2016-04-05,HE0,78.9,80.05,78.525,79.2,12369.0,,猪瘦肉连续,86989.0,79.0,79.2
2016-04-06,HE0,79.2,80.125,79.0,80.075,7844.0,,猪瘦肉连续,86381.0,79.975,80.075
2016-04-07,HE0,80.175,80.65,79.225,80.05,12718.0,,猪瘦肉连续,86809.0,80.075,80.05
2016-04-08,HE0,79.825,80.95,79.3,80.825,12121.0,,猪瘦肉连续,85949.0,80.875,80.825
2016-04-11,HE0,80.8,80.9,79.5,79.625,11121.0,,猪瘦肉连续,85979.0,79.625,79.625
2016-04-12,HE0,79.625,80.125,78.925,79.225,10792.0,,猪瘦肉连续,85345.0,79.2,79.225
2016-04-13,HE0,79.2,79.35,77.575,78.275,18336.0,,猪瘦肉连续,84924.0,78.1,78.275
2016-04-14,HE0,78.2,78.3,76.875,77.125,13582.0,,猪瘦肉连续,85036.0,77.125,77.125
2016-04-15,HE0,77.275,77.7,76.8,77.6,14076.0,,猪瘦肉连续,85508.0,77.625,77.6
2016-04-18,HE0,77.875,78.4,77.125,77.75,12157.0,,猪瘦肉连续,84038.0,77.825,77.75
2016-04-19,HE0,78.3,78.975,78.05,78.975,12946.0,,猪瘦肉连续,83114.0,78.925,78.975
2016-04-20,HE0,79.5,79.95,79.225,79.525,11543.0,,猪瘦肉连续,83390.0,79.6,79.525
2016-04-21,HE0,79.7,79.825,78.65,79.6,12878.0,,猪瘦肉连续,82681.0,79.525,79.6
2016-04-22,HE0,79.9,80.45,78.7,78.7,15013.0,,猪瘦肉连续,82900.0,78.825,78.7
2016-04-25,HE0,78.9,78.925,77.575,78.4,13663.0,,猪瘦肉连续,82786.0,78.45,78.4
2016-04-26,HE0,78.85,78.85,77.55,77.95,12298.0,,猪瘦肉连续,82811.0,77.825,77.95
2016-04-27,HE0,78.075,79.75,78.075,79.7,14828.0,,猪瘦肉连续,82736.0,79.475,79.7
2016-04-28,HE0,80.0,80.85,79.8,80.8,16762.0,,猪瘦肉连续,81620.0,80.775,80.8
2016-04-29,HE0,80.575,81.75,80.1,81.625,20276.0,,猪瘦肉连续,79357.0,81.7,81.625
2016-05-02,HE0,82.2,82.85,81.775,82.7,14998.0,,猪瘦肉连续,77652.0,82.7,82.7
2016-05-03,HE0,82.725,83.125,82.1,82.925,15408.0,,猪瘦肉连续,75976.0,82.925,82.925
2016-05-04,HE0,82.925,82.925,81.525,81.95,17154.0,,猪瘦肉连续,73953.0,81.825,81.95
2016-05-05,HE0,82.2,82.725,82.025,82.35,12892.0,,猪瘦肉连续,71746.0,82.325,82.35
2016-05-06,HE0,82.25,82.25,81.025,81.35,18673.0,,猪瘦肉连续,70494.0,81.275,81.35
2016-05-09,HE0,81.35,81.85,79.925,80.25,18210.0,,猪瘦肉连续,66076.0,80.15,80.25
2016-05-10,HE0,80.525,81.2,80.4,80.925,16181.0,,猪瘦肉连续,61613.0,80.8,80.925
2016-05-11,HE0,81.25,82.9,80.85,82.825,22781.0,,猪瘦肉连续,58093.0,82.825,82.825
2016-05-12,HE0,83.0,83.475,82.9,83.075,18744.0,,猪瘦肉连续,54536.0,83.0,83.075
2016-05-13,HE0,83.3,83.5,81.925,82.65,7627.0,,猪瘦肉连续,53559.0,82.55,82.65
2016-05-16,HE0,82.7,83.6,82.1,83.475,7928.0,,猪瘦肉连续,54358.0,83.4,83.475
2016-05-17,HE0,83.625,83.7,83.0,83.325,7565.0,,猪瘦肉连续,56517.0,83.425,83.325
2016-05-18,HE0,83.325,83.375,81.55,82.05,8269.0,,猪瘦肉连续,58632.0,81.925,82.05
2016-05-19,HE0,81.55,81.8,80.775,81.05,8842.0,,猪瘦肉连续,59404.0,81.075,81.05
2016-05-20,HE0,80.95,80.95,80.125,80.175,6115.0,,猪瘦肉连续,59976.0,80.25,80.175
2016-05-23,HE0,80.025,80.2,78.975,79.175,9507.0,,猪瘦肉连续,59880.0,79.3,79.175
2016-05-24,HE0,79.4,79.6,78.8,79.325,9151.0,,猪瘦肉连续,58604.0,79.375,79.325
2016-05-25,HE0,79.575,80.05,79.4,79.875,8025.0,,猪瘦肉连续,57822.0,79.825,79.875
2016-05-26,HE0,80.1,81.675,79.875,81.3,13297.0,,猪瘦肉连续,57527.0,81.275,81.3
2016-05-27,HE0,81.1,81.25,80.4,81.2,7592.0,,猪瘦肉连续,58532.0,81.075,81.2
2016-05-31,HE0,81.275,82.35,81.1,81.175,12696.0,,猪瘦肉连续,58990.0,81.45,81.175
2016-06-01,HE0,81.5,82.925,80.725,82.7,15454.0,,猪瘦肉连续,59832.0,82.8,82.7
2016-06-02,HE0,83.0,84.475,82.925,84.3,16570.0,,猪瘦肉连续,61525.0,84.45,84.3
2016-06-03,HE0,84.725,86.275,84.55,86.0,20179.0,,猪瘦肉连续,62341.0,85.975,86.0
2016-06-06,HE0,86.225,87.4,85.725,86.85,17512.0,,猪瘦肉连续,63070.0,86.8,86.85
2016-06-07,HE0,86.075,87.225,85.75,86.25,19368.0,,猪瘦肉连续,64648.0,86.175,86.25
2016-06-08,HE0,86.85,87.75,86.475,87.5,17201.0,,猪瘦肉连续,70116.0,87.325,87.5
2016-06-09,HE0,87.875,87.95,86.35,86.65,19582.0,,猪瘦肉连续,74620.0,86.475,86.65
2016-06-10,HE0,86.075,87.025,86.075,86.725,18424.0,,猪瘦肉连续,81225.0,86.625,86.725
2016-06-13,HE0,86.5,88.0,86.275,87.975,19271.0,,猪瘦肉连续,86824.0,87.825,87.975
2016-06-14,HE0,87.325,90.075,87.325,90.0,18201.0,,猪瘦肉连续,90676.0,89.325,90.0
2016-06-15,HE0,89.75,90.425,88.725,89.2,15755.0,,猪瘦肉连续,92923.0,88.8,89.2
2016-06-16,HE0,88.75,89.675,88.45,89.575,10777.0,,猪瘦肉连续,93545.0,89.5,89.575
2016-06-17,HE0,89.6,89.925,89.05,89.225,11791.0,,猪瘦肉连续,96039.0,89.175,89.225
2016-06-20,HE0,88.95,89.175,88.1,88.925,12246.0,,猪瘦肉连续,99758.0,88.95,88.925
2016-06-21,HE0,88.95,89.15,88.325,88.75,10705.0,,猪瘦肉连续,101631.0,88.475,88.75
2016-06-22,HE0,88.875,88.975,85.625,85.95,21809.0,,猪瘦肉连续,102822.0,85.85,85.95
2016-06-23,HE0,86.05,86.15,84.45,85.625,16619.0,,猪瘦肉连续,101828.0,85.45,85.625
2016-06-24,HE0,84.45,85.425,83.25,83.25,11328.0,,猪瘦肉连续,100907.0,84.975,83.25
2016-06-27,HE0,83.675,84.125,83.25,83.6,15514.0,,猪瘦肉连续,100039.0,83.5,83.6
2016-06-28,HE0,83.65,84.4,83.175,83.975,15937.0,,猪瘦肉连续,99045.0,83.975,83.975
2016-06-29,HE0,84.275,84.375,83.05,83.375,12735.0,,猪瘦肉连续,97168.0,83.325,83.375
2016-06-30,HE0,83.375,84.0,82.65,84.0,13109.0,,猪瘦肉连续,96025.0,83.275,84.0
2016-07-01,HE0,83.425,84.275,82.875,83.875,16332.0,,猪瘦肉连续,93673.0,83.95,83.875
2016-07-05,HE0,83.95,84.825,82.175,83.2,17757.0,,猪瘦肉连续,93143.0,83.25,83.2
2016-07-06,HE0,83.2,83.35,80.525,80.625,22931.0,,猪瘦肉连续,90949.0,80.625,80.625
2016-07-07,HE0,80.4,80.975,79.575,80.2,19224.0,,猪瘦肉连续,86775.0,80.125,80.2
2016-07-08,HE0,80.125,80.125,78.625,78.875,25313.0,,猪瘦肉连续,80708.0,78.825,78.875
2016-07-11,HE0,68.6,68.7,67.8,67.925,14682.0,,猪瘦肉连续,77586.0,67.925,67.925
2016-07-12,HE0,68.25,68.525,67.6,67.6,16395.0,,猪瘦肉连续,82555.0,67.75,67.6
2016-07-13,HE0,67.725,68.575,67.45,67.5,16490.0,,猪瘦肉连续,85660.0,67.55,67.5
2016-07-14,HE0,67.45,67.925,66.85,67.35,15948.0,,猪瘦肉连续,90283.0,67.4,67.35
2016-07-15,HE0,67.275,67.275,65.725,65.925,10594.0,,猪瘦肉连续,95199.0,66.0,65.925
2016-07-18,HE0,66.05,66.275,65.15,65.2,13873.0,,猪瘦肉连续,96141.0,65.375,65.2
2016-07-19,HE0,65.65,65.675,64.2,64.325,11016.0,,猪瘦肉连续,98299.0,64.3,64.325
2016-07-20,HE0,64.4,65.375,63.75,63.825,15316.0,,猪瘦肉连续,98678.0,63.875,63.825
2016-07-21,HE0,63.875,63.875,61.775,62.45,14846.0,,猪瘦肉连续,100125.0,62.275,62.45
2016-07-22,HE0,62.275,64.025,61.8,63.725,16063.0,,猪瘦肉连续,101003.0,63.9,63.725
2016-07-25,HE0,64.65,64.7,63.125,64.1,13542.0,,猪瘦肉连续,101780.0,64.35,64.1
2016-07-26,HE0,64.1,64.425,63.2,63.55,11991.0,,猪瘦肉连续,102709.0,63.625,63.55
2016-07-27,HE0,63.375,63.475,60.65,61.025,17559.0,,猪瘦肉连续,103975.0,61.05,61.025
2016-07-28,HE0,60.85,61.05,59.0,59.0,22371.0,,猪瘦肉连续,104368.0,59.2,59.0
2016-07-29,HE0,59.225,60.425,58.775,59.25,17519.0,,猪瘦肉连续,104949.0,59.05,59.25
2016-08-01,HE0,59.575,61.3,59.175,60.8,17463.0,,猪瘦肉连续,103519.0,60.6,60.8
2016-08-02,HE0,60.5,61.85,60.05,60.325,15596.0,,猪瘦肉连续,105694.0,60.525,60.325
2016-08-03,HE0,60.325,60.675,59.425,59.5,14495.0,,猪瘦肉连续,104122.0,59.5,59.5
2016-08-04,HE0,59.275,59.3,57.575,58.525,16120.0,,猪瘦肉连续,105196.0,58.5,58.525
2016-08-05,HE0,58.525,59.275,58.175,58.6,13725.0,,猪瘦肉连续,105556.0,58.3,58.6
2016-08-08,HE0,58.2,60.2,58.15,59.075,13485.0,,猪瘦肉连续,105054.0,58.85,59.075
2016-08-09,HE0,58.85,59.55,58.1,58.2,14558.0,,猪瘦肉连续,104784.0,58.2,58.2
2016-08-10,HE0,58.0,59.25,57.625,59.1,13664.0,,猪瘦肉连续,101178.0,58.975,59.1
2016-08-11,HE0,59.4,61.45,58.275,58.3,23731.0,,猪瘦肉连续,101846.0,58.425,58.3
2016-08-12,HE0,58.575,60.325,57.85,60.125,13422.0,,猪瘦肉连续,99854.0,60.0,60.125
2016-08-15,HE0,60.625,62.8,60.425,62.775,19443.0,,猪瘦肉连续,99244.0,62.5,62.775
2016-08-16,HE0,62.9,63.25,59.625,60.15,20512.0,,猪瘦肉连续,97490.0,59.85,60.15
2016-08-17,HE0,59.85,61.05,59.275,60.7,12132.0,,猪瘦肉连续,94913.0,61.0,60.7
2016-08-18,HE0,60.7,61.65,60.05,60.875,11820.0,,猪瘦肉连续,94677.0,60.7,60.875
2016-08-19,HE0,60.525,62.4,60.275,62.075,13375.0,,猪瘦肉连续,93206.0,61.925,62.075
2016-08-22,HE0,62.2,63.025,60.9,61.475,13422.0,,猪瘦肉连续,93177.0,61.15,61.475
2016-08-23,HE0,61.125,61.85,60.15,60.8,10232.0,,猪瘦肉连续,91378.0,60.525,60.8
2016-08-24,HE0,60.725,60.8,59.925,60.05,9313.0,,猪瘦肉连续,91136.0,60.325,60.05
2016-08-25,HE0,60.2,60.225,58.375,58.75,14018.0,,猪瘦肉连续,90842.0,58.7,58.75
2016-08-26,HE0,59.325,61.7,59.325,61.325,16165.0,,猪瘦肉连续,91130.0,61.325,61.325
2016-08-29,HE0,61.425,61.95,60.825,61.525,10987.0,,猪瘦肉连续,89486.0,61.375,61.525
2016-08-30,HE0,61.375,62.3,61.05,62.0,10960.0,,猪瘦肉连续,89334.0,62.05,62.0
2016-08-31,HE0,62.1,62.9,61.625,62.825,14639.0,,猪瘦肉连续,89440.0,62.85,62.825
2016-09-01,HE0,62.75,63.85,62.175,63.175,16589.0,,猪瘦肉连续,89872.0,63.325,63.175
2016-09-02,HE0,63.325,63.675,60.525,60.6,16942.0,,猪瘦肉连续,88493.0,60.75,60.6
2016-09-06,HE0,60.125,60.175,58.5,58.775,19509.0,,猪瘦肉连续,85543.0,58.925,58.775
2016-09-07,HE0,59.2,61.025,59.2,61.025,16970.0,,猪瘦肉连续,83322.0,60.875,61.025
2016-09-08,HE0,61.5,62.05,60.875,60.975,20370.0,,猪瘦肉连续,79263.0,61.0,60.975
2016-09-09,HE0,61.2,61.6,59.1,59.35,20551.0,,猪瘦肉连续,73075.0,59.225,59.35
2016-09-12,HE0,54.6,55.025,52.825,53.025,24456.0,,猪瘦肉连续,77458.0,53.025,53.025
2016-09-13,HE0,53.325,53.325,50.3,50.9,28006.0,,猪瘦肉连续,85832.0,50.55,50.9
2016-09-14,HE0,50.85,51.15,48.75,49.3,22953.0,,猪瘦肉连续,93659.0,49.1,49.3
2016-09-15,HE0,49.5,50.575,48.375,49.5,17230.0,,猪瘦肉连续,102051.0,49.45,49.5
2016-09-16,HE0,49.3,50.1,48.725,49.85,12671.0,,猪瘦肉连续,105704.0,49.95,49.85
2016-09-19,HE0,50.0,50.45,48.075,48.225,16663.0,,猪瘦肉连续,107596.0,48.175,48.225
2016-09-20,HE0,48.3,49.25,47.625,49.25,14545.0,,猪瘦肉连续,113363.0,49.075,49.25
2016-09-21,HE0,49.075,49.325,47.8,48.375,17216.0,,猪瘦肉连续,115490.0,48.25,48.375
2016-09-22,HE0,48.0,49.1,48.0,48.425,11012.0,,猪瘦肉连续,120835.0,48.6,48.425
2016-09-23,HE0,48.25,49.25,48.1,48.75,12396.0,,猪瘦肉连续,121606.0,48.9,48.75
2016-09-26,HE0,48.7,49.0,48.05,48.7,13252.0,,猪瘦肉连续,122683.0,48.6,48.7
2016-09-27,HE0,48.775,49.3,46.275,46.75,18256.0,,猪瘦肉连续,122526.0,46.45,46.75
2016-09-28,HE0,47.0,47.45,46.15,46.7,11827.0,,猪瘦肉连续,124737.0,46.7,46.7
2016-09-29,HE0,46.65,47.225,46.2,46.9,8714.0,,猪瘦肉连续,125698.0,46.975,46.9
2016-09-30,HE0,46.95,46.975,43.975,44.225,21396.0,,猪瘦肉连续,126410.0,43.975,44.225
2016-10-03,HE0,44.3,45.0,43.35,44.45,30124.0,,猪瘦肉连续,127693.0,44.175,44.45
2016-10-04,HE0,44.625,45.875,43.3,43.675,22896.0,,猪瘦肉连续,122579.0,43.5,43.675
2016-10-05,HE0,44.0,44.25,41.1,41.975,24041.0,,猪瘦肉连续,122696.0,41.45,41.975
2016-10-06,HE0,42.125,43.825,42.05,43.125,17335.0,,猪瘦肉连续,126136.0,43.175,43.125
2016-10-07,HE0,43.6,43.95,42.175,42.45,16262.0,,猪瘦肉连续,126630.0,42.6,42.45
2016-10-10,HE0,42.95,42.95,41.6,42.375,14889.0,,猪瘦肉连续,128947.0,42.375,42.375
2016-10-11,HE0,42.75,43.775,42.3,43.0,15673.0,,猪瘦肉连续,130331.0,42.775,43.0
2016-10-12,HE0,42.85,44.425,42.825,43.975,15251.0,,猪瘦肉连续,131753.0,44.05,43.975
2016-10-13,HE0,43.75,44.925,43.75,44.3,14426.0,,猪瘦肉连续,131021.0,44.175,44.3
2016-10-14,HE0,44.3,44.3,41.975,42.0,19116.0,,猪瘦肉连续,131808.0,42.225,42.0
2016-10-17,HE0,42.475,42.725,41.25,41.35,15347.0,,猪瘦肉连续,133761.0,41.6,41.35
2016-10-18,HE0,41.7,42.25,41.025,41.25,13220.0,,猪瘦肉连续,133571.0,41.125,41.25
2016-10-19,HE0,41.25,42.0,40.7,41.325,14577.0,,猪瘦肉连续,134349.0,41.175,41.325
2016-10-20,HE0,41.3,41.85,41.05,41.3,11796.0,,猪瘦肉连续,135382.0,41.1,41.3
2016-10-21,HE0,41.625,42.65,41.45,42.075,15587.0,,猪瘦肉连续,135188.0,41.85,42.075
2016-10-24,HE0,43.0,43.75,42.775,43.575,13956.0,,猪瘦肉连续,134082.0,43.2,43.575
2016-10-25,HE0,43.75,44.7,43.6,44.575,17167.0,,猪瘦肉连续,131809.0,44.625,44.575
2016-10-26,HE0,44.7,44.875,43.75,44.2,12310.0,,猪瘦肉连续,130443.0,44.2,44.2
2016-10-27,HE0,44.2,45.975,43.85,45.525,19107.0,,猪瘦肉连续,129425.0,45.375,45.525
2016-10-28,HE0,45.5,47.075,45.45,47.05,16699.0,,猪瘦肉连续,126724.0,46.8,47.05
2016-10-31,HE0,46.825,48.15,46.575,48.05,20641.0,,猪瘦肉连续,123388.0,47.95,48.05
2016-11-01,HE0,47.7,48.125,46.1,46.45,20942.0,,猪瘦肉连续,116507.0,46.45,46.45
2016-11-02,HE0,46.925,47.95,46.55,47.9,16774.0,,猪瘦肉连续,113504.0,47.825,47.9
2016-11-03,HE0,47.45,47.55,46.35,47.0,16130.0,,猪瘦肉连续,110007.0,47.0,47.0
2016-11-04,HE0,46.9,46.95,45.1,46.275,18361.0,,猪瘦肉连续,106848.0,46.15,46.275
2016-11-07,HE0,46.375,47.25,45.975,47.0,21944.0,,猪瘦肉连续,105737.0,47.1,47.0
2016-11-08,HE0,47.2,47.675,46.625,46.75,24693.0,,猪瘦肉连续,96800.0,46.975,46.75
2016-11-09,HE0,46.85,47.425,45.975,46.525,21833.0,,猪瘦肉连续,89690.0,46.55,46.525
2016-11-10,HE0,46.525,47.8,45.55,47.275,27557.0,,猪瘦肉连续,83628.0,47.375,47.275
2016-11-11,HE0,54.625,55.725,54.0,54.525,19955.0,,猪瘦肉连续,77349.0,54.35,54.525
2016-11-14,HE0,54.025,54.15,52.475,53.7,17207.0,,猪瘦肉连续,85060.0,53.6,53.7
2016-11-15,HE0,53.525,54.0,52.35,53.025,12923.0,,猪瘦肉连续,89256.0,52.9,53.025
2016-11-16,HE0,53.05,54.65,53.05,54.5,16531.0,,猪瘦肉连续,91216.0,54.525,54.5
2016-11-17,HE0,54.525,54.875,53.575,54.225,10047.0,,猪瘦肉连续,94923.0,54.225,54.225
2016-11-18,HE0,54.25,54.45,53.525,53.925,10057.0,,猪瘦肉连续,95728.0,54.175,53.925
2016-11-21,HE0,54.2,56.525,54.1,56.3,16699.0,,猪瘦肉连续,96118.0,56.375,56.3
2016-11-22,HE0,56.4,56.8,55.375,55.425,15001.0,,猪瘦肉连续,96925.0,55.55,55.425
2016-11-23,HE0,55.55,56.375,55.475,55.675,14383.0,,猪瘦肉连续,97298.0,55.55,55.675
2016-11-25,HE0,56.35,57.0,56.025,56.925,9098.0,,猪瘦肉连续,99234.0,56.75,56.925
2016-11-28,HE0,56.975,57.325,55.725,55.725,15618.0,,猪瘦肉连续,99015.0,55.825,55.725
2016-11-29,HE0,55.65,55.775,54.625,54.775,18177.0,,猪瘦肉连续,98208.0,54.7,54.775
2016-11-30,HE0,55.0,56.15,54.9,55.15,16251.0,,猪瘦肉连续,99816.0,55.225,55.15
2016-12-01,HE0,55.25,55.35,53.55,54.3,22535.0,,猪瘦肉连续,99124.0,54.075,54.3
2016-12-02,HE0,54.5,54.6,53.6,53.9,12579.0,,猪瘦肉连续,100025.0,54.025,53.9
2016-12-05,HE0,54.5,55.125,54.25,54.9,10999.0,,猪瘦肉连续,99326.0,54.8,54.9
2016-12-06,HE0,55.35,57.725,55.025,57.45,25201.0,,猪瘦肉连续,99170.0,57.475,57.45
2016-12-07,HE0,57.85,59.9,57.8,59.75,28800.0,,猪瘦肉连续,98890.0,59.75,59.75
2016-12-08,HE0,60.1,62.425,59.975,60.95,31250.0,,猪瘦肉连续,96025.0,60.825,60.95
2016-12-09,HE0,61.125,61.7,59.75,61.55,22588.0,,猪瘦肉连续,93824.0,61.55,61.55
2016-12-12,HE0,61.55,62.4,61.325,62.1,15411.0,,猪瘦肉连续,93655.0,62.175,62.1
2016-12-13,HE0,62.175,62.4,61.15,61.625,14560.0,,猪瘦肉连续,93486.0,61.75,61.625
2016-12-14,HE0,61.7,62.15,61.275,61.65,11179.0,,猪瘦肉连续,93377.0,61.775,61.65
2016-12-15,HE0,61.7,62.95,60.875,62.725,16625.0,,猪瘦肉连续,92681.0,62.4,62.725
2016-12-16,HE0,62.75,64.95,62.575,64.6,21467.0,,猪瘦肉连续,90726.0,64.7,64.6
2016-12-19,HE0,64.725,66.575,63.925,65.75,24659.0,,猪瘦肉连续,88822.0,66.1,65.75
2016-12-20,HE0,65.85,66.425,63.65,64.05,18719.0,,猪瘦肉连续,87253.0,64.0,64.05
2016-12-21,HE0,63.825,65.475,62.9,64.875,15391.0,,猪瘦肉连续,86010.0,64.9,64.875
2016-12-22,HE0,65.3,65.75,64.425,64.725,10021.0,,猪瘦肉连续,85415.0,64.725,64.725
2016-12-23,HE0,65.075,65.1,62.275,63.225,14894.0,,猪瘦肉连续,84445.0,63.2,63.225
2016-12-27,HE0,62.5,64.875,62.15,64.75,14360.0,,猪瘦肉连续,83101.0,64.75,64.75
2016-12-28,HE0,65.05,66.125,64.45,64.5,13119.0,,猪瘦肉连续,82070.0,65.1,64.5
2016-12-29,HE0,65.575,65.95,64.15,64.85,11243.0,,猪瘦肉连续,81057.0,64.65,64.85
2016-12-30,HE0,64.6,66.35,64.275,66.075,15286.0,,猪瘦肉连续,80676.0,66.15,66.075
2017-01-11,HE0,69.125,69.875,68.75,69.15,19700.0,,猪瘦肉连续,67165.0,69.5,69.15
2017-01-12,HE0,69.575,69.725,68.75,69.25,20140.0,,猪瘦肉连续,74394.0,69.55,69.25
2017-01-13,HE0,69.55,69.9,68.6,69.325,16444.0,,猪瘦肉连续,82764.0,69.625,69.325
2017-01-17,HE0,69.75,69.875,69.075,69.7,9818.0,,猪瘦肉连续,88787.0,69.725,69.7
2017-01-18,HE0,69.75,70.3,68.05,69.0,14460.0,,猪瘦肉连续,90038.0,68.825,69.0
2017-01-19,HE0,68.825,69.375,68.25,68.9,11328.0,,猪瘦肉连续,90972.0,68.975,68.9
2017-01-20,HE0,68.95,69.075,68.175,68.275,10149.0,,猪瘦肉连续,93700.0,68.475,68.275
2017-01-23,HE0,68.5,68.575,67.175,67.675,12223.0,,猪瘦肉连续,94064.0,67.775,67.675
2017-01-24,HE0,67.95,68.325,67.525,67.7,10723.0,,猪瘦肉连续,93060.0,67.625,67.7
2017-01-25,HE0,68.6,70.425,68.35,70.025,21112.0,,猪瘦肉连续,95426.0,70.15,70.025
2017-01-26,HE0,70.025,70.575,67.15,67.35,23900.0,,猪瘦肉连续,92434.0,67.225,67.35
2017-01-27,HE0,67.55,68.8,66.625,68.375,15329.0,,猪瘦肉连续,93493.0,68.3,68.375
2017-01-30,HE0,68.4,69.025,67.825,68.275,12370.0,,猪瘦肉连续,93566.0,68.225,68.275
2017-01-31,HE0,68.55,70.2,68.425,69.3,17535.0,,猪瘦肉连续,94963.0,69.25,69.3
2017-02-01,HE0,69.525,69.975,68.225,69.025,16623.0,,猪瘦肉连续,94132.0,69.1,69.025
2017-02-02,HE0,69.1,69.725,68.375,69.55,14984.0,,猪瘦肉连续,95431.0,69.575,69.55
2017-02-03,HE0,69.575,70.325,68.9,70.025,14055.0,,猪瘦肉连续,96862.0,70.25,70.025
2017-02-06,HE0,70.2,71.4,70.0,71.0,18542.0,,猪瘦肉连续,100010.0,71.225,71.0
2017-02-07,HE0,71.525,72.35,71.5,72.125,20231.0,,猪瘦肉连续,103632.0,72.175,72.125
2017-02-08,HE0,72.05,72.65,71.275,71.75,16328.0,,猪瘦肉连续,104603.0,71.725,71.75
2017-02-09,HE0,72.125,72.25,70.625,70.825,15038.0,,猪瘦肉连续,105101.0,70.775,70.825
2017-02-10,HE0,71.0,71.65,70.675,71.125,12739.0,,猪瘦肉连续,104770.0,71.075,71.125
2017-02-13,HE0,71.075,71.775,69.0,69.7,18305.0,,猪瘦肉连续,102636.0,69.7,69.7
2017-02-14,HE0,70.0,71.625,70.0,71.25,15672.0,,猪瘦肉连续,102788.0,71.3,71.25
2017-02-15,HE0,71.775,72.325,70.65,70.825,16741.0,,猪瘦肉连续,102271.0,70.775,70.825
2017-02-16,HE0,71.075,71.775,69.75,69.975,19269.0,,猪瘦肉连续,100564.0,69.825,69.975
2017-02-17,HE0,69.825,71.125,69.825,70.65,15541.0,,猪瘦肉连续,100222.0,70.775,70.65
2017-02-21,HE0,71.25,71.575,70.25,70.3,16512.0,,猪瘦肉连续,97455.0,70.35,70.3
2017-02-22,HE0,70.0,70.0,67.525,67.65,28106.0,,猪瘦肉连续,94905.0,67.75,67.65
2017-02-23,HE0,67.5,67.5,66.025,66.325,24809.0,,猪瘦肉连续,91341.0,66.575,66.325
2017-02-24,HE0,66.7,68.225,66.325,68.15,19905.0,,猪瘦肉连续,86676.0,68.025,68.15
2017-02-27,HE0,68.25,69.0,67.875,68.3,16308.0,,猪瘦肉连续,85843.0,68.125,68.3
2017-02-28,HE0,68.3,68.375,67.175,67.575,19873.0,,猪瘦肉连续,84691.0,67.6,67.575
2017-03-01,HE0,68.25,68.9,67.525,68.45,22076.0,,猪瘦肉连续,82333.0,68.425,68.45
2017-03-02,HE0,68.55,69.625,68.1,68.375,24238.0,,猪瘦肉连续,81609.0,68.275,68.375
2017-03-03,HE0,68.0,68.0,66.575,66.85,20210.0,,猪瘦肉连续,78281.0,66.75,66.85
2017-03-06,HE0,67.275,68.175,66.8,67.225,15329.0,,猪瘦肉连续,73847.0,67.175,67.225
2017-03-07,HE0,67.4,68.4,66.95,68.35,24696.0,,猪瘦肉连续,66984.0,68.05,68.35
2017-03-08,HE0,77.2,77.725,77.1,77.475,19202.0,,猪瘦肉连续,66124.0,77.325,77.475
2017-03-09,HE0,77.525,77.75,76.625,76.875,20067.0,,猪瘦肉连续,69753.0,76.925,76.875
2017-03-10,HE0,76.975,77.1,76.05,76.975,17574.0,,猪瘦肉连续,72226.0,76.9,76.975
2017-03-13,HE0,76.8,78.8,76.675,78.75,18751.0,,猪瘦肉连续,74927.0,78.725,78.75
2017-03-14,HE0,78.975,79.375,78.25,79.075,14008.0,,猪瘦肉连续,75861.0,79.175,79.075
2017-03-15,HE0,79.0,79.225,78.325,78.95,12793.0,,猪瘦肉连续,77372.0,78.825,78.95
2017-03-16,HE0,79.0,79.175,78.325,78.575,9765.0,,猪瘦肉连续,79266.0,78.675,78.575
2017-03-17,HE0,77.8,78.275,77.15,77.25,9042.0,,猪瘦肉连续,80245.0,77.325,77.25
2017-03-20,HE0,77.425,77.975,76.9,77.275,10298.0,,猪瘦肉连续,81312.0,77.375,77.275
2017-03-21,HE0,77.425,77.525,76.075,76.3,10161.0,,猪瘦肉连续,81136.0,76.325,76.3
2017-03-22,HE0,76.5,76.8,75.55,75.85,12013.0,,猪瘦肉连续,81159.0,75.75,75.85
2017-03-23,HE0,75.85,77.775,74.125,77.5,24409.0,,猪瘦肉连续,80116.0,77.6,77.5
2017-03-24,HE0,77.6,78.25,75.025,75.9,19171.0,,猪瘦肉连续,80893.0,75.75,75.9
2017-03-27,HE0,75.3,75.325,73.375,73.675,17415.0,,猪瘦肉连续,81089.0,73.525,73.675
2017-03-28,HE0,73.65,73.75,72.3,72.725,14528.0,,猪瘦肉连续,79331.0,72.45,72.725
2017-03-29,HE0,72.6,73.475,72.25,72.7,11821.0,,猪瘦肉连续,79494.0,72.75,72.7
2017-03-30,HE0,72.525,74.4,72.475,74.0,15641.0,,猪瘦肉连续,78977.0,74.25,74.0
2017-03-31,HE0,74.125,74.125,73.225,73.925,12399.0,,猪瘦肉连续,79749.0,73.85,73.925
2017-04-03,HE0,73.95,74.6,72.525,72.625,13183.0,,猪瘦肉连续,80768.0,72.65,72.625
2017-04-04,HE0,72.575,72.95,71.825,72.15,11860.0,,猪瘦肉连续,82046.0,71.975,72.15
2017-04-05,HE0,72.2,72.7,71.725,72.0,11564.0,,猪瘦肉连续,82880.0,72.025,72.0
2017-04-06,HE0,72.35,73.775,72.075,73.725,12932.0,,猪瘦肉连续,83102.0,73.7,73.725
2017-04-07,HE0,73.425,73.45,72.325,73.0,14140.0,,猪瘦肉连续,83766.0,72.775,73.0
2017-04-10,HE0,73.0,73.425,72.35,72.95,11350.0,,猪瘦肉连续,84269.0,73.275,72.95
2017-04-11,HE0,73.0,74.1,72.625,73.875,16242.0,,猪瘦肉连续,85315.0,74.0,73.875
2017-04-12,HE0,73.3,73.45,71.925,72.0,16379.0,,猪瘦肉连续,86170.0,72.275,72.0
2017-04-13,HE0,71.975,72.75,71.525,72.75,14628.0,,猪瘦肉连续,85454.0,72.5,72.75
2017-04-17,HE0,72.5,72.9,71.9,72.075,7087.0,,猪瘦肉连续,85849.0,72.35,72.075
2017-04-18,HE0,72.35,72.475,70.625,71.35,17649.0,,猪瘦肉连续,87650.0,71.5,71.35
2017-04-19,HE0,70.825,70.9,69.9,70.0,16929.0,,猪瘦肉连续,87929.0,69.95,70.0
2017-04-20,HE0,69.65,70.375,68.55,68.575,25126.0,,猪瘦肉连续,85854.0,68.675,68.575
2017-04-21,HE0,68.825,69.25,67.775,68.325,19164.0,,猪瘦肉连续,86027.0,68.325,68.325
2017-04-24,HE0,68.725,69.625,68.375,69.475,14070.0,,猪瘦肉连续,85727.0,69.525,69.475
2017-04-25,HE0,69.4,72.2,69.4,71.65,23151.0,,猪瘦肉连续,83595.0,71.825,71.65
2017-04-26,HE0,71.825,72.45,70.625,70.9,17561.0,,猪瘦肉连续,82309.0,70.75,70.9
2017-04-27,HE0,71.4,73.65,71.3,72.875,21519.0,,猪瘦肉连续,81094.0,72.825,72.875
2017-04-28,HE0,73.225,74.225,72.825,73.975,22466.0,,猪瘦肉连续,78774.0,74.0,73.975
2017-05-01,HE0,74.0,74.3,73.025,73.225,13371.0,,猪瘦肉连续,78129.0,73.275,73.225
2017-05-02,HE0,73.5,74.475,73.375,74.2,17088.0,,猪瘦肉连续,76308.0,74.15,74.2
2017-05-03,HE0,74.4,75.825,74.375,75.7,20853.0,,猪瘦肉连续,73110.0,75.55,75.7
2017-05-04,HE0,75.75,76.575,75.7,76.425,18452.0,,猪瘦肉连续,70311.0,76.475,76.425
2017-05-05,HE0,76.575,77.1,75.875,76.4,23621.0,,猪瘦肉连续,63971.0,76.325,76.4
2017-05-08,HE0,76.75,77.55,76.175,77.275,24730.0,,猪瘦肉连续,58044.0,77.375,77.275
2017-05-09,HE0,77.6,78.425,77.175,77.6,27231.0,,猪瘦肉连续,51459.0,77.375,77.6
2017-05-10,HE0,77.8,78.125,76.925,77.325,16805.0,,猪瘦肉连续,52995.0,77.275,77.325
2017-05-11,HE0,77.6,77.65,76.325,77.325,16609.0,,猪瘦肉连续,57623.0,77.075,77.325
2017-05-12,HE0,77.125,78.75,77.1,78.525,13788.0,,猪瘦肉连续,58106.0,78.6,78.525
2017-05-15,HE0,78.7,79.0,78.175,78.275,11558.0,,猪瘦肉连续,58084.0,78.35,78.275
2017-05-16,HE0,78.25,79.7,77.4,79.3,12334.0,,猪瘦肉连续,59437.0,79.475,79.3
2017-05-17,HE0,79.7,79.95,78.9,79.0,12987.0,,猪瘦肉连续,60996.0,79.0,79.0
2017-05-18,HE0,78.55,79.4,77.825,79.3,11683.0,,猪瘦肉连续,60486.0,79.275,79.3
2017-05-19,HE0,78.9,80.225,78.65,80.0,14088.0,,猪瘦肉连续,61559.0,80.175,80.0
2017-05-22,HE0,80.05,80.625,79.675,80.0,12375.0,,猪瘦肉连续,61834.0,80.05,80.0
2017-05-23,HE0,79.8,80.5,79.45,80.05,12915.0,,猪瘦肉连续,62147.0,80.025,80.05
2017-05-24,HE0,80.325,80.85,79.625,79.725,13008.0,,猪瘦肉连续,63002.0,79.85,79.725
2017-05-25,HE0,79.675,80.675,79.2,80.45,13458.0,,猪瘦肉连续,63719.0,80.575,80.45
2017-05-26,HE0,80.475,82.025,80.425,81.75,12504.0,,猪瘦肉连续,64385.0,81.9,81.75
2017-05-30,HE0,81.9,81.95,80.775,80.9,12040.0,,猪瘦肉连续,65219.0,81.0,80.9
2017-05-31,HE0,81.3,83.35,81.3,83.05,22045.0,,猪瘦肉连续,66883.0,83.025,83.05
2017-06-01,HE0,83.5,83.525,81.675,82.075,17548.0,,猪瘦肉连续,65949.0,82.125,82.075
2017-06-02,HE0,82.45,82.625,81.425,82.15,14047.0,,猪瘦肉连续,64397.0,81.975,82.15
2017-06-05,HE0,81.625,82.0,80.15,80.275,11096.0,,猪瘦肉连续,64928.0,80.225,80.275
2017-06-06,HE0,80.275,81.7,80.075,81.025,15191.0,,猪瘦肉连续,68331.0,81.175,81.025
2017-06-07,HE0,81.25,81.4,80.3,81.05,18084.0,,猪瘦肉连续,71506.0,80.725,81.05
2017-06-08,HE0,80.55,81.75,80.55,81.45,16955.0,,猪瘦肉连续,74520.0,81.675,81.45
2017-06-09,HE0,81.625,82.475,81.575,82.125,16950.0,,猪瘦肉连续,79232.0,82.05,82.125
2017-06-12,HE0,81.8,81.875,79.475,80.25,24427.0,,猪瘦肉连续,81828.0,80.0,80.25
2017-06-13,HE0,80.3,81.625,80.05,80.325,22631.0,,猪瘦肉连续,86145.0,80.225,80.325
2017-06-14,HE0,80.85,81.0,79.7,80.35,14607.0,,猪瘦肉连续,87190.0,80.4,80.35
2017-06-15,HE0,80.35,81.0,77.6,78.925,17982.0,,猪瘦肉连续,87977.0,78.925,78.925
2017-06-16,HE0,78.875,79.3,77.85,79.125,14808.0,,猪瘦肉连续,87546.0,79.125,79.125
2017-06-19,HE0,79.65,81.95,79.4,81.675,23348.0,,猪瘦肉连续,89783.0,81.475,81.675
2017-06-20,HE0,81.85,82.275,80.775,81.8,17713.0,,猪瘦肉连续,90775.0,81.65,81.8
2017-06-21,HE0,81.95,82.4,81.25,82.25,17196.0,,猪瘦肉连续,93898.0,82.225,82.25
2017-06-22,HE0,82.225,82.375,79.675,79.825,18471.0,,猪瘦肉连续,95818.0,79.875,79.825
2017-06-23,HE0,79.95,79.975,77.9,78.425,21540.0,,猪瘦肉连续,96184.0,78.65,78.425
2017-06-26,HE0,78.75,80.525,78.35,78.75,18069.0,,猪瘦肉连续,95037.0,78.675,78.75
2017-06-27,HE0,79.0,79.225,77.775,78.3,13406.0,,猪瘦肉连续,93211.0,78.55,78.3
2017-06-28,HE0,78.55,79.9,78.425,79.6,16331.0,,猪瘦肉连续,90306.0,79.475,79.6
2017-06-29,HE0,79.85,81.525,79.75,80.95,20520.0,,猪瘦肉连续,90127.0,80.75,80.95
2017-06-30,HE0,81.2,83.75,81.1,83.75,26330.0,,猪瘦肉连续,91349.0,83.75,83.75
2017-07-03,HE0,83.75,84.875,83.5,84.45,17216.0,,猪瘦肉连续,91349.0,84.4,84.45
