date,symbol,open,high,low,close,volume,amount,name,openinterest,settleprice,price
2012-05-11,HE1308,,,,84.1,,,猪瘦肉1308,,84.1,84.1
2012-05-14,HE1308,,,,84.0,,,猪瘦肉1308,100.0,84.0,84.0
2012-05-15,HE1308,84.0,84.75,84.0,84.75,47.0,,猪瘦肉1308,100.0,84.75,84.75
2012-05-16,HE1308,85.0,85.0,85.0,85.0,21.0,,猪瘦肉1308,147.0,85.0,85.0
2012-05-17,HE1308,85.5,85.75,85.5,85.7,17.0,,猪瘦肉1308,167.0,85.7,85.7
2012-05-18,HE1308,85.7,86.0,85.7,86.0,12.0,,猪瘦肉1308,182.0,86.0,86.0
2012-05-21,HE1308,,,,86.3,,,猪瘦肉1308,192.0,86.3,86.3
2012-05-22,HE1308,,,,86.3,,,猪瘦肉1308,192.0,86.3,86.3
2012-05-23,HE1308,85.65,86.0,85.65,86.0,7.0,,猪瘦肉1308,192.0,86.0,86.0
2012-05-24,HE1308,86.0,86.0,85.9,86.0,9.0,,猪瘦肉1308,199.0,86.0,86.0
2012-05-25,HE1308,86.0,86.05,85.9,86.0,10.0,,猪瘦肉1308,208.0,86.0,86.0
2012-05-29,HE1308,86.15,86.275,85.9,85.9,45.0,,猪瘦肉1308,217.0,85.9,85.9
2012-05-30,HE1308,85.95,86.125,85.8,86.0,14.0,,猪瘦肉1308,248.0,86.0,86.0
2012-05-31,HE1308,86.0,86.9,86.0,86.7,109.0,,猪瘦肉1308,260.0,86.7,86.7
2012-06-01,HE1308,86.55,86.85,86.1,86.45,108.0,,猪瘦肉1308,326.0,86.45,86.45
2012-06-04,HE1308,86.65,87.45,86.475,87.2,42.0,,猪瘦肉1308,398.0,87.2,87.2
2012-06-05,HE1308,87.5,87.5,86.95,87.05,216.0,,猪瘦肉1308,436.0,87.05,87.05
2012-06-06,HE1308,87.4,87.5,87.15,87.5,24.0,,猪瘦肉1308,647.0,87.5,87.5
2012-06-07,HE1308,87.4,87.5,87.25,87.3,31.0,,猪瘦肉1308,655.0,87.3,87.3
2012-06-08,HE1308,87.075,87.5,87.0,87.0,66.0,,猪瘦肉1308,678.0,87.0,87.0
2012-06-11,HE1308,86.75,87.2,86.75,87.2,6.0,,猪瘦肉1308,738.0,87.2,87.2
2012-06-12,HE1308,87.3,87.3,86.85,87.0,20.0,,猪瘦肉1308,743.0,87.0,87.0
2012-06-13,HE1308,87.1,87.1,86.35,87.0,127.0,,猪瘦肉1308,758.0,87.0,87.0
2012-06-14,HE1308,86.75,86.9,86.35,86.9,33.0,,猪瘦肉1308,843.0,86.9,86.9
2012-06-15,HE1308,86.5,87.0,86.1,86.7,30.0,,猪瘦肉1308,866.0,86.7,86.7
2012-06-18,HE1308,86.3,86.85,86.3,86.85,8.0,,猪瘦肉1308,876.0,86.85,86.85
2012-06-19,HE1308,86.325,86.8,86.25,86.7,49.0,,猪瘦肉1308,879.0,86.7,86.7
2012-06-20,HE1308,86.7,86.975,86.7,86.8,20.0,,猪瘦肉1308,901.0,86.8,86.8
2012-06-21,HE1308,86.8,87.0,86.55,87.0,28.0,,猪瘦肉1308,916.0,87.0,87.0
2012-06-22,HE1308,86.6,86.975,86.1,86.6,25.0,,猪瘦肉1308,939.0,86.6,86.6
2012-06-25,HE1308,87.0,87.05,86.6,86.7,36.0,,猪瘦肉1308,944.0,86.7,86.7
2012-06-26,HE1308,86.55,86.8,86.3,86.8,20.0,,猪瘦肉1308,957.0,86.8,86.8
2012-06-27,HE1308,86.8,87.1,86.75,87.0,132.0,,猪瘦肉1308,969.0,87.0,87.0
2012-06-28,HE1308,87.075,87.5,87.075,87.4,55.0,,猪瘦肉1308,1024.0,87.4,87.4
2012-06-29,HE1308,87.35,88.5,87.3,88.4,118.0,,猪瘦肉1308,1065.0,88.4,88.4
2012-07-02,HE1308,88.475,89.0,88.475,88.75,40.0,,猪瘦肉1308,1152.0,88.75,88.75
2012-07-03,HE1308,88.75,89.5,88.65,89.1,34.0,,猪瘦肉1308,1181.0,89.1,89.1
2012-07-05,HE1308,89.5,89.75,89.0,89.45,61.0,,猪瘦肉1308,1194.0,89.45,89.45
2012-07-06,HE1308,89.525,90.0,89.3,89.55,62.0,,猪瘦肉1308,1215.0,89.55,89.55
2012-07-09,HE1308,89.95,92.45,89.95,92.3,135.0,,猪瘦肉1308,1254.0,92.3,92.3
2012-07-10,HE1308,92.3,92.375,91.9,92.3,52.0,,猪瘦肉1308,1283.0,92.3,92.3
2012-07-11,HE1308,92.0,93.75,92.0,93.0,335.0,,猪瘦肉1308,1299.0,93.0,93.0
2012-07-12,HE1308,92.7,93.05,92.2,92.9,101.0,,猪瘦肉1308,1265.0,92.9,92.9
2012-07-13,HE1308,92.225,93.025,92.225,93.0,143.0,,猪瘦肉1308,1284.0,93.0,93.0
2012-07-16,HE1308,93.25,93.55,92.5,92.9,155.0,,猪瘦肉1308,1283.0,92.9,92.9
2012-07-17,HE1308,92.7,92.875,92.55,92.8,55.0,,猪瘦肉1308,1278.0,92.8,92.8
2012-07-18,HE1308,92.75,94.825,92.35,94.7,240.0,,猪瘦肉1308,1295.0,94.7,94.7
2012-07-19,HE1308,94.9,95.125,94.0,94.8,130.0,,猪瘦肉1308,1246.0,94.8,94.8
2012-07-20,HE1308,94.025,95.25,94.025,95.0,86.0,,猪瘦肉1308,1295.0,95.0,95.0
2012-07-23,HE1308,94.6,94.725,94.4,94.6,53.0,,猪瘦肉1308,1308.0,94.7,94.6
2012-07-24,HE1308,94.425,94.425,93.675,93.85,77.0,,猪瘦肉1308,1292.0,93.85,93.85
2012-07-25,HE1308,94.275,94.7,93.925,94.6,70.0,,猪瘦肉1308,1278.0,94.6,94.6
2012-07-26,HE1308,94.6,95.2,94.5,95.05,42.0,,猪瘦肉1308,1306.0,95.05,95.05
2012-07-27,HE1308,95.2,96.0,95.0,95.95,89.0,,猪瘦肉1308,1322.0,95.95,95.95
2012-07-30,HE1308,96.025,97.85,96.0,97.25,172.0,,猪瘦肉1308,1335.0,97.25,97.25
2012-07-31,HE1308,97.075,98.0,96.85,97.25,359.0,,猪瘦肉1308,1450.0,97.25,97.25
2012-08-01,HE1308,97.0,97.4,96.525,97.4,64.0,,猪瘦肉1308,1731.0,97.4,97.4
2012-08-02,HE1308,97.0,97.15,96.625,96.8,69.0,,猪瘦肉1308,1759.0,96.8,96.8
2012-08-03,HE1308,96.8,97.5,96.35,96.75,44.0,,猪瘦肉1308,1783.0,96.75,96.75
2012-08-06,HE1308,96.0,96.75,96.0,96.3,53.0,,猪瘦肉1308,1792.0,96.3,96.3
2012-08-07,HE1308,96.7,97.0,96.65,96.9,72.0,,猪瘦肉1308,1802.0,96.9,96.9
2012-08-08,HE1308,96.9,97.225,96.275,96.55,69.0,,猪瘦肉1308,1828.0,96.55,96.55
2012-08-09,HE1308,96.55,97.75,96.35,97.5,358.0,,猪瘦肉1308,1839.0,97.5,97.5
2012-08-10,HE1308,97.35,98.0,97.35,97.75,339.0,,猪瘦肉1308,2011.0,97.75,97.75
2012-08-13,HE1308,97.5,97.625,97.225,97.6,52.0,,猪瘦肉1308,2281.0,97.6,97.6
2012-08-14,HE1308,97.475,97.8,97.2,97.8,198.0,,猪瘦肉1308,2289.0,97.8,97.8
2012-08-15,HE1308,97.6,97.65,96.85,97.65,75.0,,猪瘦肉1308,2416.0,97.65,97.65
2012-08-16,HE1308,97.325,98.0,97.325,97.65,872.0,,猪瘦肉1308,2454.0,97.65,97.65
2012-08-17,HE1308,97.65,98.0,97.45,97.75,126.0,,猪瘦肉1308,2811.0,97.75,97.75
2012-08-20,HE1308,97.9,98.15,97.75,97.95,106.0,,猪瘦肉1308,2828.0,97.95,97.95
2012-08-21,HE1308,98.0,98.3,97.95,98.0,78.0,,猪瘦肉1308,2868.0,97.95,98.0
2012-08-22,HE1308,97.675,97.85,96.8,96.9,264.0,,猪瘦肉1308,2919.0,97.0,96.9
2012-08-23,HE1308,96.525,97.8,96.525,97.1,156.0,,猪瘦肉1308,2908.0,97.1,97.1
2012-08-24,HE1308,97.425,98.5,97.425,98.3,85.0,,猪瘦肉1308,2975.0,98.3,98.3
2012-08-27,HE1308,98.0,98.3,98.0,98.25,48.0,,猪瘦肉1308,3004.0,98.25,98.25
2012-08-28,HE1308,98.5,98.5,98.175,98.35,22.0,,猪瘦肉1308,3014.0,98.35,98.35
2012-08-29,HE1308,98.225,98.775,98.15,98.65,74.0,,猪瘦肉1308,3025.0,98.65,98.65
2012-08-30,HE1308,98.75,99.0,98.575,98.75,95.0,,猪瘦肉1308,3065.0,98.65,98.75
2012-08-31,HE1308,98.25,98.8,98.2,98.4,38.0,,猪瘦肉1308,3126.0,98.4,98.4
2012-09-04,HE1308,98.4,98.475,98.0,98.25,124.0,,猪瘦肉1308,3130.0,98.4,98.25
2012-09-05,HE1308,98.25,98.4,97.125,97.6,97.0,,猪瘦肉1308,3194.0,97.6,97.6
2012-09-06,HE1308,97.55,98.2,97.4,98.2,348.0,,猪瘦肉1308,3208.0,98.15,98.2
2012-09-07,HE1308,98.15,98.15,97.625,97.8,117.0,,猪瘦肉1308,3381.0,97.775,97.8
2012-09-10,HE1308,97.525,97.625,97.1,97.25,83.0,,猪瘦肉1308,3338.0,97.25,97.25
2012-09-11,HE1308,97.225,97.225,96.3,96.3,155.0,,猪瘦肉1308,3334.0,96.3,96.3
2012-09-12,HE1308,96.5,96.85,96.3,96.85,58.0,,猪瘦肉1308,3312.0,96.85,96.85
2012-09-13,HE1308,96.7,97.125,96.2,97.1,107.0,,猪瘦肉1308,3340.0,97.1,97.1
2012-09-14,HE1308,97.1,97.9,97.1,97.7,79.0,,猪瘦肉1308,3360.0,97.7,97.7
2012-09-17,HE1308,97.5,97.5,96.5,97.1,147.0,,猪瘦肉1308,3366.0,97.1,97.1
2012-09-18,HE1308,96.8,97.25,96.3,96.4,192.0,,猪瘦肉1308,3333.0,96.4,96.4
2012-09-19,HE1308,96.2,96.9,96.1,96.9,59.0,,猪瘦肉1308,3239.0,96.9,96.9
2012-09-20,HE1308,96.4,96.8,96.4,96.8,29.0,,猪瘦肉1308,3257.0,96.9,96.8
2012-09-21,HE1308,96.75,97.3,96.75,97.05,58.0,,猪瘦肉1308,3251.0,97.0,97.05
2012-09-24,HE1308,96.875,97.0,96.675,96.9,67.0,,猪瘦肉1308,3260.0,96.9,96.9
2012-09-25,HE1308,96.95,97.1,96.65,96.7,81.0,,猪瘦肉1308,3312.0,96.7,96.7
2012-09-26,HE1308,96.525,96.525,95.6,96.2,81.0,,猪瘦肉1308,3334.0,96.125,96.2
2012-09-27,HE1308,95.875,96.1,95.5,96.0,98.0,,猪瘦肉1308,3318.0,96.0,96.0
2012-09-28,HE1308,95.85,97.25,95.85,97.25,297.0,,猪瘦肉1308,3361.0,97.1,97.25
2012-10-01,HE1308,97.0,98.25,97.0,98.2,333.0,,猪瘦肉1308,3537.0,98.2,98.2
2012-10-02,HE1308,98.2,99.3,98.15,98.8,603.0,,猪瘦肉1308,3648.0,98.8,98.8
2012-10-03,HE1308,98.675,99.0,98.0,98.6,332.0,,猪瘦肉1308,4019.0,98.6,98.6
2012-10-04,HE1308,98.5,98.875,97.55,98.25,165.0,,猪瘦肉1308,4076.0,98.3,98.25
2012-10-05,HE1308,98.3,98.95,98.075,98.95,509.0,,猪瘦肉1308,4125.0,98.875,98.95
2012-10-08,HE1308,98.675,98.7,97.975,98.4,184.0,,猪瘦肉1308,4409.0,98.4,98.4
2012-10-09,HE1308,98.0,99.025,97.275,98.9,452.0,,猪瘦肉1308,4559.0,98.9,98.9
2012-10-10,HE1308,98.825,99.3,98.7,99.3,670.0,,猪瘦肉1308,4777.0,99.2,99.3
2012-10-11,HE1308,98.95,100.05,98.65,100.0,1012.0,,猪瘦肉1308,5230.0,100.0,100.0
2012-10-12,HE1308,99.75,100.0,99.1,99.6,622.0,,猪瘦肉1308,5870.0,99.5,99.6
2012-10-15,HE1308,99.1,99.125,98.425,98.7,231.0,,猪瘦肉1308,6077.0,98.8,98.7
2012-10-16,HE1308,98.65,99.1,98.575,98.8,311.0,,猪瘦肉1308,6096.0,98.8,98.8
2012-10-17,HE1308,98.65,99.15,98.325,99.15,185.0,,猪瘦肉1308,6297.0,99.1,99.15
2012-10-18,HE1308,98.9,99.35,98.775,99.35,350.0,,猪瘦肉1308,6362.0,99.325,99.35
2012-10-19,HE1308,99.325,99.6,99.15,99.25,716.0,,猪瘦肉1308,6556.0,99.25,99.25
2012-10-22,HE1308,99.15,99.5,98.825,99.35,430.0,,猪瘦肉1308,6923.0,99.35,99.35
2012-10-23,HE1308,99.2,99.2,98.4,99.15,416.0,,猪瘦肉1308,7011.0,99.15,99.15
2012-10-24,HE1308,98.7,99.45,98.55,99.4,248.0,,猪瘦肉1308,7169.0,99.4,99.4
2012-10-25,HE1308,99.025,99.25,98.85,99.1,527.0,,猪瘦肉1308,7213.0,99.1,99.1
2012-10-26,HE1308,98.975,99.275,98.8,99.2,403.0,,猪瘦肉1308,7255.0,99.15,99.2
2012-10-29,HE1308,98.75,98.825,97.95,98.5,319.0,,猪瘦肉1308,7313.0,98.5,98.5
2012-10-30,HE1308,99.05,99.5,98.775,99.5,392.0,,猪瘦肉1308,7328.0,99.5,99.5
2012-10-31,HE1308,99.2,99.675,98.975,99.2,1113.0,,猪瘦肉1308,7380.0,99.2,99.2
2012-11-01,HE1308,99.45,99.65,98.75,99.15,852.0,,猪瘦肉1308,7812.0,99.35,99.15
2012-11-02,HE1308,99.25,99.4,98.85,99.2,1349.0,,猪瘦肉1308,7964.0,99.15,99.2
2012-11-05,HE1308,99.3,99.3,97.9,97.9,1299.0,,猪瘦肉1308,7986.0,97.9,97.9
2012-11-06,HE1308,98.4,98.4,97.25,97.7,1549.0,,猪瘦肉1308,7992.0,97.7,97.7
2012-11-07,HE1308,97.7,99.225,97.625,98.9,2041.0,,猪瘦肉1308,8514.0,98.9,98.9
2012-11-08,HE1308,99.1,99.9,98.975,99.9,855.0,,猪瘦肉1308,9323.0,99.8,99.9
2012-11-09,HE1308,99.475,99.9,99.25,99.8,1133.0,,猪瘦肉1308,9532.0,99.85,99.8
2012-11-12,HE1308,99.55,99.55,98.45,98.65,589.0,,猪瘦肉1308,9892.0,98.625,98.65
2012-11-13,HE1308,98.575,99.25,98.4,99.0,1166.0,,猪瘦肉1308,10184.0,99.0,99.0
2012-11-14,HE1308,99.0,99.15,98.4,99.15,703.0,,猪瘦肉1308,10655.0,99.075,99.15
2012-11-15,HE1308,98.6,98.95,98.45,98.85,703.0,,猪瘦肉1308,10922.0,98.825,98.85
2012-11-16,HE1308,98.65,98.875,98.25,98.6,760.0,,猪瘦肉1308,11196.0,98.6,98.6
2012-11-19,HE1308,98.9,99.4,98.8,99.0,1327.0,,猪瘦肉1308,11518.0,99.0,99.0
2012-11-20,HE1308,99.125,99.35,99.075,99.25,1181.0,,猪瘦肉1308,11934.0,99.25,99.25
2012-11-21,HE1308,99.275,99.45,98.5,98.5,686.0,,猪瘦肉1308,12543.0,98.6,98.5
2012-11-23,HE1308,98.9,99.325,98.9,99.15,349.0,,猪瘦肉1308,12740.0,99.1,99.15
2012-11-26,HE1308,99.1,99.375,99.0,99.1,827.0,,猪瘦肉1308,12851.0,99.1,99.1
2012-11-27,HE1308,98.9,99.2,98.65,98.9,1289.0,,猪瘦肉1308,13049.0,98.875,98.9
2012-11-28,HE1308,99.1,99.6,98.85,99.525,1550.0,,猪瘦肉1308,13519.0,99.525,99.525
2012-11-29,HE1308,99.25,99.875,99.25,99.7,835.0,,猪瘦肉1308,14226.0,99.7,99.7
2012-11-30,HE1308,99.325,100.0,99.325,100.0,905.0,,猪瘦肉1308,14434.0,100.0,100.0
2012-12-03,HE1308,99.95,100.05,98.775,99.15,1136.0,,猪瘦肉1308,14753.0,99.15,99.15
2012-12-04,HE1308,99.1,99.3,98.5,98.5,1062.0,,猪瘦肉1308,14968.0,98.5,98.5
2012-12-05,HE1308,98.4,98.7,98.075,98.55,506.0,,猪瘦肉1308,14979.0,98.55,98.55
2012-12-06,HE1308,98.125,98.225,97.35,97.5,1284.0,,猪瘦肉1308,14995.0,97.45,97.5
2012-12-07,HE1308,97.45,97.45,96.525,96.9,785.0,,猪瘦肉1308,15106.0,96.9,96.9
2012-12-10,HE1308,97.0,97.4,96.7,97.4,907.0,,猪瘦肉1308,15177.0,97.35,97.4
2012-12-11,HE1308,97.45,98.225,97.3,98.1,1056.0,,猪瘦肉1308,15078.0,98.075,98.1
2012-12-12,HE1308,98.05,99.05,98.05,99.05,891.0,,猪瘦肉1308,15120.0,98.975,99.05
2012-12-13,HE1308,98.925,99.1,98.675,99.0,1661.0,,猪瘦肉1308,15028.0,99.05,99.0
2012-12-14,HE1308,99.025,99.1,98.15,98.4,522.0,,猪瘦肉1308,15090.0,98.4,98.4
2012-12-17,HE1308,98.4,98.4,98.0,98.3,299.0,,猪瘦肉1308,15247.0,98.25,98.3
2012-12-18,HE1308,98.35,99.0,98.0,98.9,1153.0,,猪瘦肉1308,15330.0,98.85,98.9
2012-12-19,HE1308,98.775,99.1,98.55,99.1,975.0,,猪瘦肉1308,15720.0,99.1,99.1
2012-12-20,HE1308,98.525,98.7,97.85,98.7,846.0,,猪瘦肉1308,15887.0,98.7,98.7
2012-12-21,HE1308,98.3,99.0,98.25,99.0,836.0,,猪瘦肉1308,16233.0,98.975,99.0
2012-12-24,HE1308,98.875,99.375,98.65,99.375,249.0,,猪瘦肉1308,16453.0,99.325,99.375
2012-12-26,HE1308,99.075,99.075,98.5,98.9,626.0,,猪瘦肉1308,16540.0,98.875,98.9
2012-12-27,HE1308,98.8,98.8,98.15,98.5,886.0,,猪瘦肉1308,16659.0,98.525,98.5
2012-12-28,HE1308,98.2,98.55,97.675,97.75,821.0,,猪瘦肉1308,16911.0,97.75,97.75
2012-12-31,HE1308,96.75,96.925,96.275,96.5,678.0,,猪瘦肉1308,16987.0,96.5,96.5
2013-01-02,HE1308,96.65,97.85,96.575,97.85,2395.0,,猪瘦肉1308,17171.0,97.8,97.85
2013-01-03,HE1308,97.95,98.25,97.275,97.95,2087.0,,猪瘦肉1308,17601.0,97.95,97.95
2013-01-04,HE1308,97.85,98.125,97.25,97.75,2240.0,,猪瘦肉1308,18287.0,97.725,97.75
2013-01-07,HE1308,97.325,97.925,97.325,97.7,1623.0,,猪瘦肉1308,18983.0,97.7,97.7
2013-01-08,HE1308,97.7,97.75,96.9,97.65,1424.0,,猪瘦肉1308,19373.0,97.65,97.65
2013-01-09,HE1308,97.025,97.175,95.2,95.2,2435.0,,猪瘦肉1308,19851.0,95.2,95.2
2013-01-10,HE1308,95.6,95.925,95.15,95.9,1963.0,,猪瘦肉1308,19880.0,95.775,95.9
2013-01-11,HE1308,95.55,96.05,95.5,95.9,1788.0,,猪瘦肉1308,20180.0,95.85,95.9
2013-01-14,HE1308,95.675,96.6,95.525,96.4,1983.0,,猪瘦肉1308,20597.0,96.45,96.4
2013-01-15,HE1308,96.15,96.4,96.05,96.1,504.0,,猪瘦肉1308,20940.0,96.1,96.1
2013-01-16,HE1308,96.05,96.2,95.8,95.8,687.0,,猪瘦肉1308,20954.0,95.8,95.8
2013-01-17,HE1308,95.95,96.55,95.65,95.85,1056.0,,猪瘦肉1308,20780.0,95.85,95.85
2013-01-18,HE1308,96.15,96.175,95.775,95.95,820.0,,猪瘦肉1308,20762.0,96.05,95.95
2013-01-22,HE1308,96.075,96.6,95.9,96.5,439.0,,猪瘦肉1308,20643.0,96.475,96.5
2013-01-23,HE1308,96.375,96.375,95.3,96.05,1041.0,,猪瘦肉1308,20787.0,96.025,96.05
2013-01-24,HE1308,96.4,96.825,96.125,96.45,1767.0,,猪瘦肉1308,20862.0,96.45,96.45
2013-01-25,HE1308,96.5,96.575,96.15,96.15,806.0,,猪瘦肉1308,20911.0,96.15,96.15
2013-01-28,HE1308,96.4,96.925,96.4,96.85,992.0,,猪瘦肉1308,20813.0,96.85,96.85
2013-01-29,HE1308,96.85,97.35,96.6,97.15,1342.0,,猪瘦肉1308,20980.0,97.15,97.15
2013-01-30,HE1308,96.875,97.8,96.8,97.2,2696.0,,猪瘦肉1308,20989.0,97.2,97.2
2013-01-31,HE1308,97.05,97.625,97.025,97.1,1904.0,,猪瘦肉1308,21201.0,97.175,97.1
2013-02-01,HE1308,97.3,97.775,96.95,97.1,2661.0,,猪瘦肉1308,21333.0,97.15,97.1
2013-02-04,HE1308,97.2,97.625,96.375,96.8,3331.0,,猪瘦肉1308,21262.0,96.8,96.8
2013-02-05,HE1308,96.75,96.75,95.775,95.9,2818.0,,猪瘦肉1308,20968.0,95.925,95.9
2013-02-06,HE1308,95.825,96.025,94.125,94.35,3311.0,,猪瘦肉1308,20592.0,94.3,94.35
2013-02-07,HE1308,94.35,94.55,93.725,94.55,4641.0,,猪瘦肉1308,19923.0,94.5,94.55
2013-02-08,HE1308,94.325,94.65,93.775,94.0,3383.0,,猪瘦肉1308,19603.0,94.0,94.0
2013-02-11,HE1308,93.95,94.25,93.475,94.25,2053.0,,猪瘦肉1308,19075.0,94.25,94.25
2013-02-12,HE1308,93.975,93.975,92.875,93.35,3245.0,,猪瘦肉1308,18930.0,93.375,93.35
2013-02-13,HE1308,93.625,93.925,93.3,93.55,2904.0,,猪瘦肉1308,18334.0,93.55,93.55
2013-02-14,HE1308,93.3,93.35,92.125,92.425,3276.0,,猪瘦肉1308,18066.0,92.425,92.425
2013-02-15,HE1308,92.7,92.7,91.825,92.65,2408.0,,猪瘦肉1308,17944.0,92.65,92.65
2013-02-19,HE1308,92.7,92.825,91.475,91.75,2335.0,,猪瘦肉1308,18197.0,91.725,91.75
2013-02-20,HE1308,91.6,92.2,91.1,92.15,3521.0,,猪瘦肉1308,18131.0,92.1,92.15
2013-02-21,HE1308,92.3,92.3,91.025,91.6,3941.0,,猪瘦肉1308,17790.0,91.575,91.6
2013-02-22,HE1308,91.5,92.075,90.875,91.0,3898.0,,猪瘦肉1308,17990.0,91.0,91.0
2013-02-25,HE1308,90.775,91.55,90.4,91.25,2697.0,,猪瘦肉1308,18750.0,91.225,91.25
2013-02-26,HE1308,91.275,91.85,90.45,91.8,4932.0,,猪瘦肉1308,20084.0,91.8,91.8
2013-02-27,HE1308,91.875,92.25,91.4,92.1,5822.0,,猪瘦肉1308,21534.0,92.1,92.1
2013-02-28,HE1308,91.85,92.425,91.45,92.0,4035.0,,猪瘦肉1308,23440.0,92.15,92.0
2013-03-01,HE1308,92.25,92.6,91.7,91.7,8163.0,,猪瘦肉1308,24245.0,91.775,91.7
2013-03-04,HE1308,91.825,91.925,91.15,91.35,3903.0,,猪瘦肉1308,26166.0,91.3,91.35
2013-03-05,HE1308,91.4,91.475,89.95,90.05,4455.0,,猪瘦肉1308,26781.0,90.075,90.05
2013-03-06,HE1308,90.0,90.4,89.3,90.0,3863.0,,猪瘦肉1308,26753.0,89.95,90.0
2013-03-07,HE1308,90.4,92.2,90.325,91.95,4794.0,,猪瘦肉1308,27050.0,91.9,91.95
2013-03-08,HE1308,91.6,92.2,91.325,92.1,4387.0,,猪瘦肉1308,27360.0,92.05,92.1
2013-03-11,HE1308,92.0,92.0,91.025,91.35,5102.0,,猪瘦肉1308,27658.0,91.35,91.35
2013-03-12,HE1308,91.5,91.9,91.375,91.55,5280.0,,猪瘦肉1308,27962.0,91.65,91.55
2013-03-13,HE1308,91.725,91.75,90.5,90.65,4093.0,,猪瘦肉1308,27834.0,90.75,90.65
2013-03-14,HE1308,90.8,91.4,90.1,91.05,3847.0,,猪瘦肉1308,28645.0,91.05,91.05
2013-03-15,HE1308,90.75,90.9,89.65,89.9,3140.0,,猪瘦肉1308,29149.0,89.9,89.9
2013-03-18,HE1308,89.775,89.95,89.3,89.5,1559.0,,猪瘦肉1308,30117.0,89.525,89.5
2013-03-19,HE1308,89.475,89.95,88.3,89.05,3806.0,,猪瘦肉1308,30460.0,88.95,89.05
2013-03-20,HE1308,88.9,89.25,87.825,89.0,6788.0,,猪瘦肉1308,30910.0,88.85,89.0
2013-03-21,HE1308,88.8,90.1,88.575,89.6,5028.0,,猪瘦肉1308,30429.0,89.675,89.6
2013-03-22,HE1308,90.1,90.1,89.225,89.7,3481.0,,猪瘦肉1308,30156.0,89.65,89.7
2013-03-25,HE1308,89.65,91.5,89.55,90.6,3481.0,,猪瘦肉1308,30142.0,90.725,90.6
2013-03-26,HE1308,91.175,91.575,90.95,91.0,7459.0,,猪瘦肉1308,30276.0,91.0,91.0
2013-03-27,HE1308,90.925,90.95,90.025,90.6,4357.0,,猪瘦肉1308,31593.0,90.65,90.6
2013-03-28,HE1308,90.7,91.275,90.325,90.7,6616.0,,猪瘦肉1308,32232.0,90.725,90.7
2013-04-01,HE1308,90.5,91.65,90.2,90.9,4907.0,,猪瘦肉1308,33254.0,90.9,90.9
2013-04-02,HE1308,91.15,91.975,90.875,91.5,6221.0,,猪瘦肉1308,33517.0,91.525,91.5
2013-04-03,HE1308,91.375,92.375,91.05,91.8,6260.0,,猪瘦肉1308,33969.0,91.95,91.8
2013-04-04,HE1308,92.325,92.4,91.1,91.4,4738.0,,猪瘦肉1308,34040.0,91.4,91.4
2013-04-05,HE1308,91.4,91.4,89.45,89.6,6549.0,,猪瘦肉1308,34421.0,89.675,89.6
2013-04-08,HE1308,89.85,90.8,89.85,90.55,5451.0,,猪瘦肉1308,34953.0,90.5,90.55
2013-04-09,HE1308,90.55,90.65,89.85,90.4,5426.0,,猪瘦肉1308,34086.0,90.35,90.4
2013-04-10,HE1308,90.4,91.05,89.8,89.95,5260.0,,猪瘦肉1308,34077.0,89.95,89.95
2013-04-11,HE1308,90.2,90.7,89.7,89.8,5718.0,,猪瘦肉1308,33878.0,89.8,89.8
2013-04-12,HE1308,89.925,90.2,89.325,90.0,3097.0,,猪瘦肉1308,33514.0,89.975,90.0
2013-04-15,HE1308,89.55,89.55,88.35,88.6,4825.0,,猪瘦肉1308,33602.0,88.6,88.6
2013-04-16,HE1308,88.525,89.475,88.45,89.15,4763.0,,猪瘦肉1308,33422.0,89.3,89.15
2013-04-17,HE1308,89.325,90.825,88.9,90.4,5366.0,,猪瘦肉1308,34355.0,90.425,90.4
2013-04-18,HE1308,90.275,91.1,90.15,90.55,4645.0,,猪瘦肉1308,34524.0,90.55,90.55
2013-04-19,HE1308,90.7,90.75,89.825,90.0,3810.0,,猪瘦肉1308,35061.0,90.0,90.0
2013-04-22,HE1308,89.575,89.725,89.025,89.25,3276.0,,猪瘦肉1308,35109.0,89.25,89.25
2013-04-23,HE1308,89.575,89.95,89.125,89.65,4105.0,,猪瘦肉1308,35233.0,89.6,89.65
2013-04-24,HE1308,89.95,90.9,89.75,90.8,4730.0,,猪瘦肉1308,35152.0,90.875,90.8
2013-04-25,HE1308,90.7,91.65,90.5,91.35,5236.0,,猪瘦肉1308,35395.0,91.35,91.35
2013-04-26,HE1308,91.3,92.075,91.3,91.95,3999.0,,猪瘦肉1308,36013.0,91.975,91.95
2013-04-29,HE1308,92.0,92.5,91.3,91.7,6660.0,,猪瘦肉1308,36550.0,91.7,91.7
2013-04-30,HE1308,91.625,92.5,91.275,92.15,6579.0,,猪瘦肉1308,37075.0,92.15,92.15
2013-05-01,HE1308,91.625,92.45,91.6,92.35,5121.0,,猪瘦肉1308,37811.0,92.4,92.35
2013-05-02,HE1308,92.5,92.8,91.725,92.05,4978.0,,猪瘦肉1308,37805.0,92.05,92.05
2013-05-03,HE1308,91.975,92.4,91.4,91.5,4379.0,,猪瘦肉1308,37747.0,91.5,91.5
2013-05-06,HE1308,91.475,91.525,90.05,90.05,7412.0,,猪瘦肉1308,37620.0,90.05,90.05
2013-05-07,HE1308,90.15,90.575,90.025,90.35,6425.0,,猪瘦肉1308,38468.0,90.3,90.35
2013-05-08,HE1308,90.525,90.95,90.45,90.7,5148.0,,猪瘦肉1308,39385.0,90.7,90.7
2013-05-09,HE1308,90.8,91.275,90.2,90.4,8859.0,,猪瘦肉1308,40327.0,90.6,90.4
2013-05-10,HE1308,90.225,90.4,89.8,90.275,6218.0,,猪瘦肉1308,40654.0,90.0,90.275
2013-05-13,HE1308,90.0,90.725,89.85,90.4,5543.0,,猪瘦肉1308,40915.0,90.4,90.4
2013-05-14,HE1308,90.475,91.65,90.275,91.05,9897.0,,猪瘦肉1308,41125.0,91.05,91.05
2013-05-15,HE1308,91.15,91.75,90.3,90.5,8946.0,,猪瘦肉1308,42337.0,90.5,90.5
2013-05-16,HE1308,90.775,91.5,90.575,90.9,7950.0,,猪瘦肉1308,42116.0,90.9,90.9
2013-05-17,HE1308,90.9,91.55,88.7,90.15,12054.0,,猪瘦肉1308,43215.0,90.15,90.15
2013-05-20,HE1308,90.9,90.95,90.25,90.35,7564.0,,猪瘦肉1308,44656.0,90.35,90.35
2013-05-21,HE1308,90.575,90.975,90.125,90.6,6825.0,,猪瘦肉1308,44458.0,90.6,90.6
2013-05-22,HE1308,90.7,92.2,90.575,92.1,10171.0,,猪瘦肉1308,44586.0,92.075,92.1
2013-05-23,HE1308,91.75,92.075,91.425,91.85,5730.0,,猪瘦肉1308,45150.0,91.8,91.85
2013-05-24,HE1308,91.825,92.375,91.525,92.2,6423.0,,猪瘦肉1308,45124.0,92.2,92.2
2013-05-28,HE1308,92.4,92.9,92.025,92.35,7957.0,,猪瘦肉1308,45673.0,92.475,92.35
2013-05-29,HE1308,92.05,93.275,92.05,92.45,8420.0,,猪瘦肉1308,46876.0,92.5,92.45
2013-05-30,HE1308,92.3,93.6,92.3,93.1,9518.0,,猪瘦肉1308,47035.0,93.075,93.1
2013-05-31,HE1308,93.25,93.575,92.9,93.35,6848.0,,猪瘦肉1308,46791.0,93.475,93.35
2013-06-03,HE1308,93.65,93.675,92.5,92.8,7305.0,,猪瘦肉1308,47265.0,92.8,92.8
2013-06-04,HE1308,92.8,93.95,92.8,93.9,11541.0,,猪瘦肉1308,49242.0,93.9,93.9
2013-06-05,HE1308,93.8,94.075,93.4,93.75,9236.0,,猪瘦肉1308,50487.0,93.7,93.75
2013-06-06,HE1308,93.85,95.05,93.85,94.55,16538.0,,猪瘦肉1308,52259.0,94.525,94.55
2013-06-07,HE1308,94.5,95.3,94.275,95.2,16733.0,,猪瘦肉1308,55311.0,95.175,95.2
2013-06-10,HE1308,95.275,97.9,95.175,95.95,34824.0,,猪瘦肉1308,60051.0,95.95,95.95
2013-06-11,HE1308,96.25,97.05,96.25,96.6,29919.0,,猪瘦肉1308,65097.0,96.6,96.6
2013-06-12,HE1308,96.85,97.775,96.7,97.6,24018.0,,猪瘦肉1308,71735.0,97.6,97.6
2013-06-13,HE1308,97.325,97.7,96.975,97.3,21954.0,,猪瘦肉1308,78947.0,97.3,97.3
2013-06-14,HE1308,97.175,97.375,96.225,96.7,22295.0,,猪瘦肉1308,85232.0,96.75,96.7
2013-06-17,HE1308,96.75,97.2,96.45,96.65,15077.0,,猪瘦肉1308,90473.0,96.65,96.65
2013-06-18,HE1308,96.675,97.775,96.675,97.3,14864.0,,猪瘦肉1308,93256.0,97.3,97.3
2013-06-19,HE1308,97.5,99.5,97.4,98.35,25896.0,,猪瘦肉1308,96784.0,98.375,98.35
2013-06-20,HE1308,98.15,98.725,97.775,98.3,18820.0,,猪瘦肉1308,98770.0,98.275,98.3
2013-06-21,HE1308,98.125,98.25,96.875,97.45,19948.0,,猪瘦肉1308,101804.0,97.45,97.45
2013-06-24,HE1308,97.275,99.4,97.2,98.0,22886.0,,猪瘦肉1308,100503.0,98.025,98.0
2013-06-25,HE1308,98.075,98.4,97.5,97.75,20665.0,,猪瘦肉1308,100085.0,97.7,97.75
2013-06-26,HE1308,97.925,98.525,97.275,97.675,22473.0,,猪瘦肉1308,103849.0,97.65,97.675
2013-06-27,HE1308,98.125,99.85,98.1,99.4,24174.0,,猪瘦肉1308,105898.0,99.4,99.4
2013-06-28,HE1308,99.4,99.725,97.4,97.8,28222.0,,猪瘦肉1308,107100.0,97.45,97.8
2013-07-01,HE1308,97.65,98.475,96.75,97.0,25547.0,,猪瘦肉1308,100050.0,97.0,97.0
2013-07-02,HE1308,96.9,97.2,95.95,96.7,22418.0,,猪瘦肉1308,100726.0,96.625,96.7
2013-07-03,HE1308,96.35,97.45,96.175,96.8,19130.0,,猪瘦肉1308,97232.0,96.85,96.8
2013-07-05,HE1308,96.875,97.825,96.6,97.7,20282.0,,猪瘦肉1308,96997.0,97.75,97.7
2013-07-08,HE1308,97.85,97.925,95.4,95.55,40209.0,,猪瘦肉1308,96417.0,95.55,95.55
2013-07-09,HE1308,95.55,95.925,94.9,95.25,28122.0,,猪瘦肉1308,88005.0,95.175,95.25
2013-07-10,HE1308,95.175,96.625,95.075,95.65,31574.0,,猪瘦肉1308,83274.0,95.7,95.65
2013-07-11,HE1308,95.6,95.85,95.175,95.5,23801.0,,猪瘦肉1308,76138.0,95.275,95.5
2013-07-12,HE1308,95.175,95.225,94.35,95.05,29651.0,,猪瘦肉1308,67566.0,94.9,95.05
2013-07-15,HE1308,95.35,96.5,95.3,95.5,19548.0,,猪瘦肉1308,58348.0,95.55,95.5
2013-07-16,HE1308,95.425,96.7,95.3,96.35,18446.0,,猪瘦肉1308,54837.0,96.3,96.35
2013-07-17,HE1308,96.35,96.675,95.525,95.825,13555.0,,猪瘦肉1308,51996.0,95.8,95.825
2013-07-18,HE1308,96.125,97.125,95.95,96.65,14086.0,,猪瘦肉1308,49025.0,96.625,96.65
2013-07-19,HE1308,96.675,96.75,96.2,96.425,9676.0,,猪瘦肉1308,46967.0,96.475,96.425
2013-07-22,HE1308,96.125,97.75,96.125,97.075,12143.0,,猪瘦肉1308,45441.0,97.125,97.075
2013-07-23,HE1308,97.725,99.2,97.55,99.025,16509.0,,猪瘦肉1308,43825.0,99.175,99.025
2013-07-24,HE1308,98.825,99.15,98.5,98.825,13528.0,,猪瘦肉1308,39638.0,98.925,98.825
2013-07-25,HE1308,98.8,99.625,98.35,98.65,17524.0,,猪瘦肉1308,36471.0,98.575,98.65
2013-07-26,HE1308,99.1,99.175,97.55,97.8,12472.0,,猪瘦肉1308,34411.0,97.775,97.8
2013-07-29,HE1308,98.075,98.375,97.4,97.9,9091.0,,猪瘦肉1308,32242.0,97.9,97.9
2013-07-30,HE1308,97.75,97.75,96.55,96.8,12393.0,,猪瘦肉1308,31513.0,96.875,96.8
2013-07-31,HE1308,97.35,97.95,97.025,97.6,8413.0,,猪瘦肉1308,27533.0,97.575,97.6
2013-08-01,HE1308,97.75,98.575,97.675,98.45,7994.0,,猪瘦肉1308,27156.0,98.425,98.45
2013-08-02,HE1308,98.525,99.45,98.5,99.25,7447.0,,猪瘦肉1308,26298.0,99.25,99.25
2013-08-05,HE1308,99.45,100.4,99.325,100.2,8239.0,,猪瘦肉1308,24812.0,100.225,100.2
2013-08-06,HE1308,100.25,101.0,100.15,100.5,10318.0,,猪瘦肉1308,23231.0,100.55,100.5
2013-08-07,HE1308,100.95,101.325,100.1,100.3,10228.0,,猪瘦肉1308,20558.0,100.225,100.3
2013-08-08,HE1308,100.525,101.025,100.25,100.6,3993.0,,猪瘦肉1308,17591.0,100.625,100.6
2013-08-09,HE1308,100.3,100.725,100.15,100.55,3598.0,,猪瘦肉1308,16949.0,100.525,100.55
2013-08-12,HE1308,100.875,101.575,100.75,101.45,3519.0,,猪瘦肉1308,15820.0,101.4,101.45
2013-08-13,HE1308,101.2,102.025,101.2,101.8,2887.0,,猪瘦肉1308,15406.0,101.8,101.8
2013-08-14,HE1308,102.025,102.475,101.925,102.45,2447.0,,猪瘦肉1308,14702.0,102.425,102.45
2013-08-16,HE1308,,,,102.56,0.0,,猪瘦肉1308,14259.0,102.56,102.56
