date,symbol,open,high,low,close,volume,amount,name,openinterest,settleprice,price
2013-04-15,HE1408,,,,88.375,,,猪瘦肉1408,,88.375,88.375
2013-04-16,HE1408,,,,88.375,,,猪瘦肉1408,,88.375,88.375
2013-04-17,HE1408,,,,88.0,,,猪瘦肉1408,,88.0,88.0
2013-04-18,HE1408,88.0,88.0,87.9,88.0,11.0,,猪瘦肉1408,,88.0,88.0
2013-04-19,HE1408,,,,88.0,,,猪瘦肉1408,10.0,88.0,88.0
2013-04-22,HE1408,,,,88.0,,,猪瘦肉1408,10.0,88.0,88.0
2013-04-23,HE1408,,,,88.0,,,猪瘦肉1408,10.0,88.0,88.0
2013-04-24,HE1408,,,,88.0,1.0,,猪瘦肉1408,10.0,88.0,88.0
2013-04-25,HE1408,,,,88.0,,,猪瘦肉1408,10.0,88.0,88.0
2013-04-26,HE1408,88.0,88.0,88.0,88.0,1.0,,猪瘦肉1408,10.0,88.0,88.0
2013-04-29,HE1408,,,,88.0,,,猪瘦肉1408,11.0,88.0,88.0
2013-04-30,HE1408,88.0,88.25,88.0,88.25,2.0,,猪瘦肉1408,11.0,88.25,88.25
2013-05-01,HE1408,88.025,88.25,87.75,88.25,13.0,,猪瘦肉1408,13.0,88.25,88.25
2013-05-02,HE1408,88.05,88.275,88.05,88.25,23.0,,猪瘦肉1408,23.0,88.25,88.25
2013-05-03,HE1408,88.475,88.475,88.2,88.2,9.0,,猪瘦肉1408,42.0,88.2,88.2
2013-05-06,HE1408,,,,87.6,,,猪瘦肉1408,51.0,87.6,87.6
2013-05-07,HE1408,87.5,87.775,87.5,87.6,40.0,,猪瘦肉1408,51.0,87.6,87.6
2013-05-08,HE1408,,,,87.6,,,猪瘦肉1408,89.0,87.6,87.6
2013-05-09,HE1408,,,,87.6,,,猪瘦肉1408,89.0,87.6,87.6
2013-05-10,HE1408,87.0,87.0,87.0,87.0,1.0,,猪瘦肉1408,89.0,87.0,87.0
2013-05-13,HE1408,87.3,87.725,87.0,87.0,3.0,,猪瘦肉1408,90.0,87.0,87.0
2013-05-14,HE1408,87.775,88.525,87.775,88.4,12.0,,猪瘦肉1408,92.0,88.4,88.4
2013-05-15,HE1408,88.125,88.2,87.8,87.8,16.0,,猪瘦肉1408,104.0,87.8,87.8
2013-05-16,HE1408,88.075,88.075,87.8,87.8,5.0,,猪瘦肉1408,108.0,87.8,87.8
2013-05-17,HE1408,88.0,88.0,87.75,87.75,5.0,,猪瘦肉1408,113.0,87.75,87.75
2013-05-20,HE1408,87.75,88.5,87.75,88.2,19.0,,猪瘦肉1408,116.0,88.2,88.2
2013-05-21,HE1408,88.275,88.65,88.2,88.2,53.0,,猪瘦肉1408,129.0,88.2,88.2
2013-05-22,HE1408,88.5,89.15,88.475,88.8,37.0,,猪瘦肉1408,162.0,88.8,88.8
2013-05-23,HE1408,88.875,88.925,88.175,88.75,15.0,,猪瘦肉1408,199.0,88.75,88.75
2013-05-24,HE1408,88.975,89.025,88.85,88.85,13.0,,猪瘦肉1408,214.0,88.85,88.85
2013-05-28,HE1408,88.925,89.1,88.8,89.1,8.0,,猪瘦肉1408,224.0,89.1,89.1
2013-05-29,HE1408,88.8,89.75,88.8,89.25,79.0,,猪瘦肉1408,231.0,89.2,89.25
2013-05-30,HE1408,89.45,90.0,89.45,89.55,58.0,,猪瘦肉1408,287.0,89.55,89.55
2013-05-31,HE1408,90.0,90.2,89.55,89.55,24.0,,猪瘦肉1408,329.0,89.55,89.55
2013-06-03,HE1408,90.25,90.25,89.325,89.55,4.0,,猪瘦肉1408,343.0,89.55,89.55
2013-06-04,HE1408,89.85,90.0,89.55,89.55,8.0,,猪瘦肉1408,347.0,89.55,89.55
2013-06-05,HE1408,89.85,89.9,89.55,89.55,6.0,,猪瘦肉1408,352.0,89.55,89.55
2013-06-06,HE1408,90.25,90.5,89.55,89.55,4.0,,猪瘦肉1408,351.0,89.55,89.55
2013-06-07,HE1408,90.25,90.5,89.55,89.55,10.0,,猪瘦肉1408,352.0,89.55,89.55
2013-06-10,HE1408,90.175,90.175,89.75,89.75,10.0,,猪瘦肉1408,362.0,89.75,89.75
2013-06-11,HE1408,89.75,90.125,89.7,89.7,5.0,,猪瘦肉1408,359.0,89.7,89.7
2013-06-12,HE1408,90.0,90.5,89.7,89.7,29.0,,猪瘦肉1408,361.0,89.7,89.7
2013-06-13,HE1408,90.075,90.55,89.7,89.7,5.0,,猪瘦肉1408,387.0,89.7,89.7
2013-06-14,HE1408,89.825,90.225,89.7,89.7,4.0,,猪瘦肉1408,392.0,89.7,89.7
2013-06-17,HE1408,89.7,90.5,89.7,89.7,11.0,,猪瘦肉1408,394.0,89.7,89.7
2013-06-18,HE1408,90.5,90.775,89.7,89.7,9.0,,猪瘦肉1408,400.0,89.7,89.7
2013-06-19,HE1408,90.5,90.825,90.25,90.25,39.0,,猪瘦肉1408,404.0,90.25,90.25
2013-06-20,HE1408,90.5,90.5,90.25,90.25,3.0,,猪瘦肉1408,435.0,90.25,90.25
2013-06-21,HE1408,90.1,90.325,90.1,90.25,2.0,,猪瘦肉1408,438.0,90.25,90.25
2013-06-24,HE1408,90.5,90.5,90.075,90.25,6.0,,猪瘦肉1408,438.0,90.25,90.25
2013-06-25,HE1408,90.475,90.575,90.3,90.5,15.0,,猪瘦肉1408,445.0,90.5,90.5
2013-06-26,HE1408,90.675,90.75,90.15,90.25,28.0,,猪瘦肉1408,457.0,90.25,90.25
2013-06-27,HE1408,90.5,90.75,90.05,90.6,40.0,,猪瘦肉1408,482.0,90.6,90.6
2013-06-28,HE1408,90.65,90.65,89.6,89.7,54.0,,猪瘦肉1408,508.0,89.7,89.7
2013-07-01,HE1408,89.7,90.125,89.6,89.6,24.0,,猪瘦肉1408,537.0,89.6,89.6
2013-07-02,HE1408,,,,89.0,0.0,,猪瘦肉1408,559.0,89.6,89.0
2013-07-03,HE1408,89.35,89.35,88.625,88.9,55.0,,猪瘦肉1408,559.0,88.9,88.9
2013-07-05,HE1408,88.4,88.4,88.4,88.4,13.0,,猪瘦肉1408,600.0,88.4,88.4
2013-07-08,HE1408,88.25,88.5,88.0,88.0,13.0,,猪瘦肉1408,611.0,88.0,88.0
2013-07-09,HE1408,88.5,88.9,88.5,88.9,4.0,,猪瘦肉1408,621.0,88.9,88.9
2013-07-10,HE1408,89.575,89.7,89.125,89.55,56.0,,猪瘦肉1408,623.0,89.4,89.55
2013-07-11,HE1408,89.1,89.3,89.1,89.3,2.0,,猪瘦肉1408,671.0,89.3,89.3
2013-07-12,HE1408,89.3,89.7,89.25,89.3,8.0,,猪瘦肉1408,672.0,89.3,89.3
2013-07-15,HE1408,89.3,89.6,89.25,89.4,16.0,,猪瘦肉1408,675.0,89.6,89.4
2013-07-16,HE1408,89.4,89.9,89.4,89.85,36.0,,猪瘦肉1408,685.0,89.85,89.85
2013-07-17,HE1408,89.9,89.95,89.45,89.8,9.0,,猪瘦肉1408,714.0,89.8,89.8
2013-07-18,HE1408,89.5,89.5,89.5,89.5,9.0,,猪瘦肉1408,721.0,89.7,89.5
2013-07-19,HE1408,89.2,89.4,89.2,89.4,1.0,,猪瘦肉1408,730.0,89.4,89.4
2013-07-22,HE1408,89.45,89.65,89.25,89.55,32.0,,猪瘦肉1408,731.0,89.55,89.55
2013-07-23,HE1408,89.65,89.65,89.0,89.45,43.0,,猪瘦肉1408,737.0,89.45,89.45
2013-07-24,HE1408,89.15,89.15,88.875,89.0,76.0,,猪瘦肉1408,761.0,89.0,89.0
2013-07-25,HE1408,88.85,88.85,87.725,87.8,153.0,,猪瘦肉1408,814.0,87.8,87.8
2013-07-26,HE1408,87.775,87.9,87.1,87.5,34.0,,猪瘦肉1408,886.0,87.5,87.5
2013-07-29,HE1408,87.95,87.95,87.55,87.9,14.0,,猪瘦肉1408,901.0,87.9,87.9
2013-07-30,HE1408,87.575,87.95,87.5,87.9,42.0,,猪瘦肉1408,907.0,87.9,87.9
2013-07-31,HE1408,88.0,88.35,88.0,88.25,57.0,,猪瘦肉1408,928.0,88.0,88.25
2013-08-01,HE1408,88.0,88.05,86.925,87.25,293.0,,猪瘦肉1408,942.0,87.25,87.25
2013-08-02,HE1408,87.2,87.5,87.1,87.25,173.0,,猪瘦肉1408,1195.0,87.25,87.25
2013-08-05,HE1408,87.55,87.825,87.55,87.7,96.0,,猪瘦肉1408,1319.0,87.7,87.7
2013-08-06,HE1408,87.95,87.95,87.35,87.5,45.0,,猪瘦肉1408,1400.0,87.5,87.5
2013-08-07,HE1408,87.65,87.85,87.3,87.35,44.0,,猪瘦肉1408,1424.0,87.35,87.35
2013-08-08,HE1408,87.8,88.0,87.65,87.8,56.0,,猪瘦肉1408,1439.0,87.8,87.8
2013-08-09,HE1408,87.5,87.725,87.425,87.6,26.0,,猪瘦肉1408,1487.0,87.7,87.6
2013-08-12,HE1408,88.0,88.225,87.8,87.8,132.0,,猪瘦肉1408,1488.0,87.7,87.8
2013-08-13,HE1408,88.2,88.35,88.0,88.0,131.0,,猪瘦肉1408,1589.0,88.0,88.0
2013-08-14,HE1408,88.5,88.5,87.9,87.9,115.0,,猪瘦肉1408,1653.0,87.9,87.9
2013-08-15,HE1408,87.5,88.0,87.4,87.4,174.0,,猪瘦肉1408,1658.0,87.4,87.4
2013-08-16,HE1408,87.95,88.0,87.3,87.3,54.0,,猪瘦肉1408,1672.0,87.3,87.3
2013-08-19,HE1408,87.575,87.825,87.375,87.75,26.0,,猪瘦肉1408,1700.0,87.75,87.75
2013-08-20,HE1408,87.6,88.1,87.6,88.1,26.0,,猪瘦肉1408,1712.0,88.1,88.1
2013-08-21,HE1408,88.175,88.175,87.3,87.7,37.0,,猪瘦肉1408,1720.0,87.7,87.7
2013-08-22,HE1408,87.475,87.5,87.2,87.35,14.0,,猪瘦肉1408,1706.0,87.35,87.35
2013-08-23,HE1408,87.45,87.8,87.45,87.75,12.0,,猪瘦肉1408,1704.0,87.75,87.75
2013-08-26,HE1408,88.275,88.725,88.275,88.4,10.0,,猪瘦肉1408,1699.0,88.4,88.4
2013-08-27,HE1408,88.55,88.85,88.475,88.7,21.0,,猪瘦肉1408,1706.0,88.7,88.7
2013-08-28,HE1408,88.725,88.725,88.275,88.35,6.0,,猪瘦肉1408,1714.0,88.35,88.35
2013-08-29,HE1408,88.55,88.95,88.55,88.85,30.0,,猪瘦肉1408,1717.0,88.85,88.85
2013-08-30,HE1408,88.95,89.2,88.825,88.85,46.0,,猪瘦肉1408,1742.0,88.85,88.85
2013-09-03,HE1408,89.075,89.85,89.075,89.4,90.0,,猪瘦肉1408,1766.0,89.4,89.4
2013-09-04,HE1408,90.0,90.0,89.1,89.5,57.0,,猪瘦肉1408,1836.0,89.5,89.5
2013-09-05,HE1408,89.5,89.5,88.4,89.1,78.0,,猪瘦肉1408,1851.0,89.1,89.1
2013-09-06,HE1408,89.125,89.5,88.775,89.1,76.0,,猪瘦肉1408,1914.0,89.1,89.1
2013-09-09,HE1408,88.875,89.35,88.875,89.1,55.0,,猪瘦肉1408,1978.0,89.1,89.1
2013-09-10,HE1408,89.45,89.45,88.6,89.1,101.0,,猪瘦肉1408,1992.0,89.1,89.1
2013-09-11,HE1408,89.2,89.525,88.725,88.95,97.0,,猪瘦肉1408,2023.0,89.3,88.95
2013-09-12,HE1408,89.6,89.8,89.25,89.25,125.0,,猪瘦肉1408,2048.0,89.25,89.25
2013-09-13,HE1408,89.375,89.725,88.8,89.0,89.0,,猪瘦肉1408,2108.0,89.0,89.0
2013-09-16,HE1408,89.55,89.75,89.4,89.475,136.0,,猪瘦肉1408,2176.0,89.475,89.475
2013-09-17,HE1408,89.475,89.65,89.025,89.1,138.0,,猪瘦肉1408,2285.0,89.3,89.1
2013-09-18,HE1408,89.15,90.0,89.15,89.85,124.0,,猪瘦肉1408,2382.0,89.85,89.85
2013-09-19,HE1408,89.7,90.0,89.525,89.85,221.0,,猪瘦肉1408,2462.0,89.85,89.85
2013-09-20,HE1408,89.35,89.75,89.2,89.45,166.0,,猪瘦肉1408,2568.0,89.45,89.45
2013-09-23,HE1408,89.9,89.9,89.5,89.85,123.0,,猪瘦肉1408,2641.0,89.85,89.85
2013-09-24,HE1408,89.85,90.85,89.85,90.75,368.0,,猪瘦肉1408,2692.0,90.75,90.75
2013-09-25,HE1408,90.65,90.95,90.25,90.7,540.0,,猪瘦肉1408,2960.0,90.7,90.7
2013-09-26,HE1408,90.2,90.7,89.95,90.7,97.0,,猪瘦肉1408,3290.0,90.7,90.7
2013-09-27,HE1408,90.6,90.8,90.425,90.6,167.0,,猪瘦肉1408,3321.0,90.6,90.6
2013-09-30,HE1408,90.575,91.1,90.125,90.4,702.0,,猪瘦肉1408,3355.0,90.4,90.4
2013-10-01,HE1408,90.0,90.05,89.475,89.9,154.0,,猪瘦肉1408,3753.0,90.0,89.9
2013-10-02,HE1408,90.25,90.5,90.15,90.35,181.0,,猪瘦肉1408,3844.0,90.35,90.35
2013-10-03,HE1408,90.55,90.95,90.45,90.55,684.0,,猪瘦肉1408,3930.0,90.55,90.55
2013-10-04,HE1408,90.5,91.4,90.5,91.2,457.0,,猪瘦肉1408,4452.0,91.2,91.2
2013-10-07,HE1408,91.0,91.65,90.65,91.25,241.0,,猪瘦肉1408,4679.0,91.25,91.25
2013-10-08,HE1408,91.55,91.875,91.25,91.45,603.0,,猪瘦肉1408,4831.0,91.6,91.45
2013-10-09,HE1408,91.675,91.725,90.9,91.2,311.0,,猪瘦肉1408,5190.0,91.3,91.2
2013-10-10,HE1408,91.3,91.725,91.15,91.7,253.0,,猪瘦肉1408,5268.0,91.7,91.7
2013-10-11,HE1408,91.55,91.575,91.025,91.15,256.0,,猪瘦肉1408,5363.0,91.15,91.15
2013-10-14,HE1408,91.175,91.35,91.0,91.35,56.0,,猪瘦肉1408,5504.0,91.35,91.35
2013-10-15,HE1408,91.4,92.0,90.975,91.8,382.0,,猪瘦肉1408,5524.0,91.9,91.8
2013-10-16,HE1408,91.825,92.45,91.5,92.25,450.0,,猪瘦肉1408,5713.0,92.0,92.25
2013-10-17,HE1408,91.7,92.45,91.5,91.8,256.0,,猪瘦肉1408,5961.0,91.95,91.8
2013-10-18,HE1408,91.525,92.0,91.125,92.0,215.0,,猪瘦肉1408,6107.0,91.9,92.0
2013-10-21,HE1408,91.75,91.85,91.55,91.55,113.0,,猪瘦肉1408,6160.0,91.575,91.55
2013-10-22,HE1408,92.0,92.4,92.0,92.1,269.0,,猪瘦肉1408,6227.0,92.075,92.1
2013-10-23,HE1408,92.025,92.55,92.0,92.4,188.0,,猪瘦肉1408,6374.0,92.375,92.4
2013-10-24,HE1408,92.3,94.9,92.3,94.8,1652.0,,猪瘦肉1408,6477.0,94.8,94.8
2013-10-25,HE1408,94.3,95.5,94.2,95.5,1346.0,,猪瘦肉1408,6840.0,95.5,95.5
2013-10-28,HE1408,95.225,97.05,95.2,97.05,1563.0,,猪瘦肉1408,7705.0,97.025,97.05
2013-10-29,HE1408,96.25,97.1,96.15,96.45,592.0,,猪瘦肉1408,8524.0,96.45,96.45
2013-10-30,HE1408,96.375,96.75,95.025,95.35,634.0,,猪瘦肉1408,8603.0,95.325,95.35
2013-10-31,HE1408,95.375,95.525,94.675,94.9,679.0,,猪瘦肉1408,8765.0,95.0,94.9
2013-11-01,HE1408,94.875,94.875,94.3,94.75,740.0,,猪瘦肉1408,9099.0,94.775,94.75
2013-11-04,HE1408,94.65,95.15,94.6,95.0,582.0,,猪瘦肉1408,9312.0,94.975,95.0
2013-11-05,HE1408,94.95,95.75,94.85,95.45,724.0,,猪瘦肉1408,9338.0,95.45,95.45
2013-11-06,HE1408,95.3,95.3,94.675,94.9,348.0,,猪瘦肉1408,9654.0,94.9,94.9
2013-11-07,HE1408,94.6,95.3,94.375,95.25,632.0,,猪瘦肉1408,9822.0,95.25,95.25
2013-11-08,HE1408,95.225,95.8,95.225,95.8,314.0,,猪瘦肉1408,10089.0,95.75,95.8
2013-11-11,HE1408,95.75,96.1,95.625,96.1,296.0,,猪瘦肉1408,10157.0,96.05,96.1
2013-11-12,HE1408,95.9,96.175,95.25,95.8,1271.0,,猪瘦肉1408,10229.0,95.8,95.8
2013-11-13,HE1408,95.5,95.55,94.7,95.1,463.0,,猪瘦肉1408,10549.0,95.125,95.1
2013-11-14,HE1408,94.8,95.0,94.35,94.95,644.0,,猪瘦肉1408,10649.0,94.95,94.95
2013-11-15,HE1408,95.0,95.375,94.6,94.9,344.0,,猪瘦肉1408,10803.0,94.9,94.9
2013-11-18,HE1408,94.6,95.425,94.6,94.65,150.0,,猪瘦肉1408,10924.0,94.65,94.65
2013-11-19,HE1408,94.65,94.75,94.275,94.5,367.0,,猪瘦肉1408,10919.0,94.5,94.5
2013-11-20,HE1408,94.475,95.475,94.425,95.35,657.0,,猪瘦肉1408,11092.0,95.35,95.35
2013-11-21,HE1408,95.3,95.3,94.85,95.15,404.0,,猪瘦肉1408,11421.0,95.15,95.15
2013-11-22,HE1408,95.025,95.575,95.0,95.55,619.0,,猪瘦肉1408,11559.0,95.55,95.55
2013-11-25,HE1408,95.225,96.2,95.225,95.95,792.0,,猪瘦肉1408,11750.0,95.95,95.95
2013-11-26,HE1408,96.0,96.25,95.7,96.0,1006.0,,猪瘦肉1408,12090.0,96.0,96.0
2013-11-27,HE1408,95.95,96.425,95.9,96.05,718.0,,猪瘦肉1408,12545.0,96.1,96.05
2013-11-29,HE1408,96.05,96.4,95.825,96.25,280.0,,猪瘦肉1408,12834.0,96.15,96.25
2013-12-02,HE1408,96.0,96.475,95.925,96.45,571.0,,猪瘦肉1408,12904.0,96.45,96.45
2013-12-03,HE1408,96.525,96.75,95.65,95.9,1445.0,,猪瘦肉1408,12995.0,95.925,95.9
2013-12-04,HE1408,95.875,96.35,95.7,96.125,647.0,,猪瘦肉1408,13214.0,96.125,96.125
2013-12-05,HE1408,95.95,96.15,95.4,95.8,1372.0,,猪瘦肉1408,13239.0,95.9,95.8
2013-12-06,HE1408,95.75,96.05,95.325,96.05,1700.0,,猪瘦肉1408,13710.0,96.025,96.05
2013-12-09,HE1408,95.8,96.9,95.6,96.8,1546.0,,猪瘦肉1408,14240.0,96.775,96.8
2013-12-10,HE1408,96.85,96.85,96.05,96.75,1711.0,,猪瘦肉1408,14336.0,96.675,96.75
2013-12-11,HE1408,96.65,96.8,95.85,96.8,3028.0,,猪瘦肉1408,14262.0,96.775,96.8
2013-12-12,HE1408,96.8,97.15,96.45,97.15,3606.0,,猪瘦肉1408,14647.0,97.125,97.15
2013-12-13,HE1408,96.75,96.75,95.975,96.2,853.0,,猪瘦肉1408,16271.0,96.225,96.2
2013-12-16,HE1408,95.95,96.375,95.9,96.0,501.0,,猪瘦肉1408,16442.0,96.0,96.0
2013-12-17,HE1408,96.275,96.6,95.65,95.75,798.0,,猪瘦肉1408,16371.0,95.8,95.75
2013-12-18,HE1408,96.225,97.0,96.2,96.5,964.0,,猪瘦肉1408,16578.0,96.5,96.5
2013-12-19,HE1408,96.625,96.925,96.475,96.7,854.0,,猪瘦肉1408,16720.0,96.7,96.7
2013-12-20,HE1408,96.5,97.1,96.375,97.05,582.0,,猪瘦肉1408,17047.0,97.05,97.05
2013-12-23,HE1408,97.05,97.175,96.85,96.95,461.0,,猪瘦肉1408,17215.0,96.95,96.95
2013-12-24,HE1408,97.025,97.1,96.55,96.9,440.0,,猪瘦肉1408,17275.0,96.875,96.9
2013-12-26,HE1408,96.775,96.825,96.175,96.35,760.0,,猪瘦肉1408,17327.0,96.35,96.35
2013-12-27,HE1408,96.5,96.825,96.3,96.6,499.0,,猪瘦肉1408,17521.0,96.575,96.6
2013-12-30,HE1408,97.0,97.625,96.85,97.1,1600.0,,猪瘦肉1408,17529.0,97.1,97.1
2013-12-31,HE1408,97.1,97.2,96.75,97.0,668.0,,猪瘦肉1408,17956.0,97.075,97.0
2014-01-02,HE1408,97.275,97.925,97.275,97.9,2108.0,,猪瘦肉1408,18167.0,97.9,97.9
2014-01-03,HE1408,97.8,97.925,97.55,97.55,1558.0,,猪瘦肉1408,18742.0,97.625,97.55
2014-01-06,HE1408,97.5,97.925,97.5,97.9,1188.0,,猪瘦肉1408,19120.0,97.9,97.9
2014-01-07,HE1408,97.775,97.8,97.125,97.8,1749.0,,猪瘦肉1408,19489.0,97.8,97.8
2014-01-08,HE1408,97.775,98.025,97.4,97.9,2338.0,,猪瘦肉1408,19841.0,97.9,97.9
2014-01-09,HE1408,97.75,97.85,97.2,97.6,2681.0,,猪瘦肉1408,20618.0,97.6,97.6
2014-01-10,HE1408,97.6,98.0,97.15,98.0,2594.0,,猪瘦肉1408,21227.0,97.95,98.0
2014-01-13,HE1408,97.925,97.925,97.3,97.65,2090.0,,猪瘦肉1408,22144.0,97.625,97.65
2014-01-14,HE1408,97.525,97.875,97.125,97.825,2200.0,,猪瘦肉1408,22505.0,97.825,97.825
2014-01-15,HE1408,97.7,98.45,97.7,98.0,3128.0,,猪瘦肉1408,23248.0,98.0,98.0
2014-01-16,HE1408,98.0,98.225,97.825,97.95,1701.0,,猪瘦肉1408,24088.0,97.975,97.95
2014-01-17,HE1408,98.0,98.05,97.6,97.7,1856.0,,猪瘦肉1408,24146.0,97.775,97.7
2014-01-21,HE1408,98.1,98.175,97.55,97.85,2380.0,,猪瘦肉1408,24679.0,97.9,97.85
2014-01-22,HE1408,98.025,98.15,97.5,98.0,2214.0,,猪瘦肉1408,25490.0,98.075,98.0
2014-01-23,HE1408,98.15,98.55,97.85,98.2,2125.0,,猪瘦肉1408,25934.0,98.2,98.2
2014-01-24,HE1408,98.4,98.8,98.25,98.3,3239.0,,猪瘦肉1408,26251.0,98.3,98.3
2014-01-27,HE1408,98.075,98.675,97.6,98.4,1875.0,,猪瘦肉1408,26315.0,98.425,98.4
2014-01-28,HE1408,98.65,99.125,98.475,98.95,3623.0,,猪瘦肉1408,26247.0,98.975,98.95
2014-01-29,HE1408,98.975,99.9,98.925,99.725,3314.0,,猪瘦肉1408,26230.0,99.75,99.725
2014-01-30,HE1408,99.85,100.15,99.35,99.7,5101.0,,猪瘦肉1408,26954.0,99.775,99.7
2014-01-31,HE1408,99.925,101.0,99.9,101.0,5035.0,,猪瘦肉1408,27322.0,101.0,101.0
2014-02-03,HE1408,100.9,100.925,99.9,99.9,2591.0,,猪瘦肉1408,27396.0,100.0,99.9
2014-02-04,HE1408,100.25,100.675,100.1,100.1,2232.0,,猪瘦肉1408,27474.0,100.2,100.1
2014-02-05,HE1408,100.275,102.075,100.275,101.7,5888.0,,猪瘦肉1408,27676.0,101.7,101.7
2014-02-06,HE1408,102.0,102.625,101.925,102.55,7104.0,,猪瘦肉1408,29418.0,102.45,102.55
2014-02-07,HE1408,102.45,103.1,102.375,103.1,4935.0,,猪瘦肉1408,31594.0,103.0,103.1
2014-02-10,HE1408,103.025,103.225,102.825,102.875,4933.0,,猪瘦肉1408,31458.0,102.9,102.875
2014-02-11,HE1408,103.075,103.175,102.275,102.5,4234.0,,猪瘦肉1408,30946.0,102.5,102.5
2014-02-12,HE1408,102.775,102.9,101.65,102.3,5093.0,,猪瘦肉1408,30268.0,102.325,102.3
2014-02-13,HE1408,102.6,102.825,102.375,102.6,5284.0,,猪瘦肉1408,29626.0,102.55,102.6
2014-02-14,HE1408,102.825,103.55,102.8,103.55,5121.0,,猪瘦肉1408,30149.0,103.475,103.55
2014-02-18,HE1408,103.575,104.925,103.575,104.85,2833.0,,猪瘦肉1408,31030.0,104.85,104.85
2014-02-19,HE1408,104.8,105.85,104.8,105.6,4996.0,,猪瘦肉1408,31472.0,105.6,105.6
2014-02-20,HE1408,105.575,105.8,104.575,105.7,5274.0,,猪瘦肉1408,32068.0,105.65,105.7
2014-02-21,HE1408,105.725,106.0,105.475,105.975,4988.0,,猪瘦肉1408,32116.0,105.975,105.975
2014-02-24,HE1408,105.975,106.4,105.575,106.4,4606.0,,猪瘦肉1408,32617.0,106.375,106.4
2014-02-25,HE1408,106.35,107.4,106.15,107.4,5763.0,,猪瘦肉1408,33853.0,107.4,107.4
2014-02-26,HE1408,107.25,107.7,106.575,107.05,7239.0,,猪瘦肉1408,34824.0,107.075,107.05
2014-02-27,HE1408,107.0,108.95,107.0,108.475,10007.0,,猪瘦肉1408,34796.0,108.525,108.475
2014-02-28,HE1408,109.0,111.525,108.9,111.05,10376.0,,猪瘦肉1408,35663.0,111.1,111.05
2014-03-03,HE1408,110.95,112.225,110.3,111.4,8879.0,,猪瘦肉1408,35524.0,111.35,111.4
2014-03-04,HE1408,111.375,114.35,110.575,114.35,14088.0,,猪瘦肉1408,35200.0,114.35,114.35
2014-03-05,HE1408,115.275,117.35,113.825,115.7,13544.0,,猪瘦肉1408,35185.0,115.65,115.7
2014-03-06,HE1408,115.225,117.225,115.225,116.35,4644.0,,猪瘦肉1408,36667.0,116.45,116.35
2014-03-07,HE1408,116.65,117.225,115.65,116.8,8558.0,,猪瘦肉1408,36825.0,116.775,116.8
2014-03-10,HE1408,117.025,119.5,117.025,119.5,8550.0,,猪瘦肉1408,38211.0,119.5,119.5
2014-03-11,HE1408,119.5,121.225,117.95,121.0,11573.0,,猪瘦肉1408,38457.0,120.975,121.0
2014-03-12,HE1408,121.1,121.475,119.2,120.85,11279.0,,猪瘦肉1408,40054.0,120.85,120.85
2014-03-13,HE1408,121.4,123.25,121.05,123.1,10185.0,,猪瘦肉1408,42211.0,123.1,123.1
2014-03-14,HE1408,122.825,123.475,121.825,122.5,7734.0,,猪瘦肉1408,43792.0,122.55,122.5
2014-03-17,HE1408,123.35,125.2,123.05,124.1,6168.0,,猪瘦肉1408,43549.0,124.1,124.1
2014-03-18,HE1408,124.875,127.1,124.55,126.85,8634.0,,猪瘦肉1408,43974.0,126.85,126.85
2014-03-19,HE1408,127.05,127.975,126.35,127.1,4809.0,,猪瘦肉1408,44149.0,127.075,127.1
2014-03-20,HE1408,127.25,127.775,126.0,127.1,7047.0,,猪瘦肉1408,44644.0,127.1,127.1
2014-03-21,HE1408,127.5,128.35,125.8,126.9,3938.0,,猪瘦肉1408,44515.0,126.9,126.9
2014-03-24,HE1408,126.325,126.45,125.0,125.35,5134.0,,猪瘦肉1408,44450.0,125.35,125.35
2014-03-25,HE1408,125.075,125.075,122.35,122.35,4965.0,,猪瘦肉1408,44685.0,122.35,122.35
2014-03-26,HE1408,121.8,124.325,119.75,122.8,7404.0,,猪瘦肉1408,44337.0,122.8,122.8
2014-03-27,HE1408,123.525,125.8,123.375,125.8,3262.0,,猪瘦肉1408,43101.0,125.8,125.8
2014-03-28,HE1408,126.925,128.575,125.9,125.9,4134.0,,猪瘦肉1408,42893.0,125.975,125.9
2014-03-31,HE1408,122.975,124.075,122.975,123.6,3438.0,,猪瘦肉1408,42016.0,123.575,123.6
2014-04-01,HE1408,123.5,125.175,122.725,123.45,5173.0,,猪瘦肉1408,42250.0,123.45,123.45
2014-04-02,HE1408,123.55,123.875,120.45,121.3,6659.0,,猪瘦肉1408,42472.0,121.3,121.3
2014-04-03,HE1408,121.15,121.15,118.6,120.15,5675.0,,猪瘦肉1408,42519.0,120.15,120.15
2014-04-04,HE1408,119.35,119.35,117.15,117.15,4835.0,,猪瘦肉1408,42223.0,117.15,117.15
2014-04-07,HE1408,116.8,118.4,116.8,117.9,4851.0,,猪瘦肉1408,42071.0,117.9,117.9
2014-04-08,HE1408,117.55,117.55,114.9,115.15,4866.0,,猪瘦肉1408,41060.0,115.15,115.15
2014-04-09,HE1408,114.975,118.1,112.15,116.75,13615.0,,猪瘦肉1408,40687.0,116.75,116.75
2014-04-10,HE1408,115.525,117.725,115.475,116.5,4963.0,,猪瘦肉1408,40688.0,116.5,116.5
2014-04-11,HE1408,116.325,117.55,116.0,116.525,3601.0,,猪瘦肉1408,40290.0,116.6,116.525
2014-04-14,HE1408,116.6,118.65,115.8,118.3,2456.0,,猪瘦肉1408,40389.0,118.225,118.3
2014-04-15,HE1408,118.425,120.8,117.45,118.6,4679.0,,猪瘦肉1408,40563.0,118.575,118.6
2014-04-16,HE1408,117.725,120.775,117.425,120.2,3268.0,,猪瘦肉1408,40492.0,120.25,120.2
2014-04-17,HE1408,120.15,122.625,119.6,121.9,5735.0,,猪瘦肉1408,40421.0,121.9,121.9
2014-04-21,HE1408,121.75,122.2,119.175,119.45,4091.0,,猪瘦肉1408,41627.0,119.425,119.45
2014-04-22,HE1408,119.05,120.4,118.55,119.75,3542.0,,猪瘦肉1408,41613.0,119.65,119.75
2014-04-23,HE1408,119.2,122.65,119.2,122.5,5772.0,,猪瘦肉1408,41530.0,122.55,122.5
2014-04-24,HE1408,122.275,123.55,121.375,121.9,6253.0,,猪瘦肉1408,42269.0,121.825,121.9
2014-04-25,HE1408,121.675,121.925,120.4,120.45,5149.0,,猪瘦肉1408,43188.0,120.45,120.45
2014-04-28,HE1408,120.4,121.6,119.35,120.45,3227.0,,猪瘦肉1408,43728.0,120.45,120.45
2014-04-29,HE1408,120.4,122.6,120.125,122.4,4769.0,,猪瘦肉1408,44154.0,122.4,122.4
2014-04-30,HE1408,121.725,122.125,120.25,121.95,8303.0,,猪瘦肉1408,44263.0,121.95,121.95
2014-05-01,HE1408,121.875,123.8,121.85,122.9,10879.0,,猪瘦肉1408,43118.0,122.9,122.9
2014-05-02,HE1408,122.025,122.85,121.4,121.9,5386.0,,猪瘦肉1408,44677.0,121.65,121.9
2014-05-05,HE1408,122.0,122.425,121.475,122.1,3599.0,,猪瘦肉1408,45442.0,122.1,122.1
2014-05-06,HE1408,122.425,124.3,122.425,122.8,6409.0,,猪瘦肉1408,45729.0,122.8,122.8
2014-05-07,HE1408,122.6,122.9,121.3,121.65,7511.0,,猪瘦肉1408,45442.0,121.7,121.65
2014-05-08,HE1408,121.45,122.2,121.175,121.85,7068.0,,猪瘦肉1408,45005.0,121.85,121.85
2014-05-09,HE1408,122.25,122.825,122.0,122.5,8158.0,,猪瘦肉1408,44494.0,122.5,122.5
2014-05-12,HE1408,122.2,123.85,121.7,123.35,9730.0,,猪瘦肉1408,44817.0,123.35,123.35
2014-05-13,HE1408,123.5,125.35,122.875,125.0,8486.0,,猪瘦肉1408,46345.0,124.975,125.0
2014-05-14,HE1408,125.1,127.975,125.1,126.5,9766.0,,猪瘦肉1408,47131.0,126.5,126.5
2014-05-15,HE1408,126.625,127.075,125.0,125.65,7309.0,,猪瘦肉1408,48846.0,125.625,125.65
2014-05-16,HE1408,125.15,126.2,124.9,125.7,4841.0,,猪瘦肉1408,48892.0,125.6,125.7
2014-05-19,HE1408,125.675,126.8,125.0,126.6,4125.0,,猪瘦肉1408,49212.0,126.6,126.6
2014-05-20,HE1408,126.575,127.9,126.175,127.1,9054.0,,猪瘦肉1408,49258.0,127.1,127.1
2014-05-21,HE1408,127.775,128.825,127.25,128.7,7493.0,,猪瘦肉1408,50143.0,128.725,128.7
2014-05-22,HE1408,128.05,128.7,127.675,128.1,7530.0,,猪瘦肉1408,51627.0,128.1,128.1
2014-05-23,HE1408,128.1,128.45,126.625,126.95,6844.0,,猪瘦肉1408,52384.0,126.95,126.95
2014-05-27,HE1408,126.95,128.1,126.325,126.8,6178.0,,猪瘦肉1408,53078.0,126.8,126.8
2014-05-28,HE1408,126.3,126.3,123.8,124.75,10206.0,,猪瘦肉1408,53974.0,124.775,124.75
2014-05-29,HE1408,125.075,125.4,123.875,124.9,6598.0,,猪瘦肉1408,53278.0,124.9,124.9
2014-05-30,HE1408,125.25,125.275,124.05,124.8,6509.0,,猪瘦肉1408,53839.0,124.8,124.8
2014-06-02,HE1408,124.55,126.2,123.725,125.95,8509.0,,猪瘦肉1408,54365.0,125.95,125.95
2014-06-03,HE1408,126.075,128.025,125.75,127.6,10212.0,,猪瘦肉1408,56452.0,127.65,127.6
2014-06-04,HE1408,127.725,127.975,126.55,127.6,10396.0,,猪瘦肉1408,58559.0,127.8,127.6
2014-06-05,HE1408,127.8,128.775,126.375,128.2,12464.0,,猪瘦肉1408,60398.0,128.2,128.2
2014-06-06,HE1408,128.15,129.95,128.025,129.3,18169.0,,猪瘦肉1408,63320.0,129.3,129.3
2014-06-09,HE1408,129.45,130.375,128.675,130.1,16591.0,,猪瘦肉1408,65724.0,130.1,130.1
2014-06-10,HE1408,130.4,130.575,129.15,129.75,16805.0,,猪瘦肉1408,68220.0,129.75,129.75
2014-06-11,HE1408,129.875,130.0,129.15,129.95,17247.0,,猪瘦肉1408,74454.0,129.95,129.95
2014-06-12,HE1408,129.7,131.175,128.8,130.85,19950.0,,猪瘦肉1408,81123.0,130.8,130.85
2014-06-13,HE1408,131.125,132.65,130.925,131.25,14471.0,,猪瘦肉1408,88474.0,131.275,131.25
2014-06-16,HE1408,131.5,131.75,128.275,128.275,15028.0,,猪瘦肉1408,90910.0,128.275,128.275
2014-06-17,HE1408,128.4,129.45,127.0,128.0,18562.0,,猪瘦肉1408,91061.0,128.05,128.0
2014-06-18,HE1408,127.625,129.0,126.075,127.25,20122.0,,猪瘦肉1408,91432.0,127.275,127.25
2014-06-19,HE1408,128.65,130.275,128.65,129.8,14295.0,,猪瘦肉1408,90413.0,129.75,129.8
2014-06-20,HE1408,130.475,130.875,129.1,129.1,14378.0,,猪瘦肉1408,89780.0,129.15,129.1
2014-06-23,HE1408,129.475,129.675,128.525,128.95,12980.0,,猪瘦肉1408,88247.0,128.975,128.95
2014-06-24,HE1408,129.35,131.9,129.25,130.95,23356.0,,猪瘦肉1408,86899.0,131.075,130.95
2014-06-25,HE1408,131.575,131.825,128.075,128.65,23380.0,,猪瘦肉1408,86696.0,128.65,128.65
2014-06-26,HE1408,128.325,129.375,127.675,128.8,13913.0,,猪瘦肉1408,81637.0,128.8,128.8
2014-06-27,HE1408,128.55,130.15,128.2,129.85,15870.0,,猪瘦肉1408,80341.0,129.825,129.85
2014-06-30,HE1408,132.775,132.825,132.0,132.825,17064.0,,猪瘦肉1408,79219.0,132.825,132.825
2014-07-01,HE1408,133.0,133.375,129.9,130.45,23126.0,,猪瘦肉1408,79356.0,130.425,130.45
2014-07-02,HE1408,130.0,131.475,129.5,130.25,19972.0,,猪瘦肉1408,78638.0,130.35,130.25
2014-07-03,HE1408,130.625,132.075,130.45,131.6,14134.0,,猪瘦肉1408,78364.0,131.6,131.6
2014-07-07,HE1408,132.05,133.075,131.65,131.8,15562.0,,猪瘦肉1408,77612.0,131.825,131.8
2014-07-08,HE1408,132.1,132.275,129.6,129.8,28318.0,,猪瘦肉1408,76656.0,129.85,129.8
2014-07-09,HE1408,130.125,131.625,128.0,129.55,35061.0,,猪瘦肉1408,71415.0,129.6,129.55
2014-07-10,HE1408,130.0,130.425,127.125,128.0,24528.0,,猪瘦肉1408,64282.0,127.95,128.0
2014-07-11,HE1408,127.6,128.975,126.625,128.55,23938.0,,猪瘦肉1408,57898.0,128.675,128.55
2014-07-14,HE1408,129.5,131.225,129.225,130.4,23816.0,,猪瘦肉1408,55331.0,130.35,130.4
2014-07-15,HE1408,130.55,131.025,129.7,130.75,13805.0,,猪瘦肉1408,52968.0,130.725,130.75
2014-07-16,HE1408,131.025,131.2,130.1,130.55,17828.0,,猪瘦肉1408,50085.0,130.525,130.55
2014-07-17,HE1408,130.45,130.95,128.275,128.9,19163.0,,猪瘦肉1408,49820.0,128.85,128.9
2014-07-18,HE1408,128.6,128.8,126.775,127.15,18312.0,,猪瘦肉1408,48613.0,127.075,127.15
2014-07-21,HE1408,126.9,126.95,124.75,125.2,19144.0,,猪瘦肉1408,44017.0,125.1,125.2
2014-07-22,HE1408,125.05,127.875,124.45,127.55,19392.0,,猪瘦肉1408,38934.0,127.575,127.55
2014-07-23,HE1408,127.05,127.375,124.575,124.575,11583.0,,猪瘦肉1408,34597.0,124.575,124.575
2014-07-24,HE1408,124.0,124.225,121.65,122.975,16857.0,,猪瘦肉1408,33339.0,123.2,122.975
2014-07-25,HE1408,123.425,124.5,122.6,123.6,9866.0,,猪瘦肉1408,31225.0,123.625,123.6
2014-07-28,HE1408,124.075,124.225,122.8,123.65,6540.0,,猪瘦肉1408,31382.0,123.675,123.65
2014-07-29,HE1408,122.95,122.95,120.925,121.5,13588.0,,猪瘦肉1408,30319.0,121.45,121.5
2014-07-30,HE1408,121.125,121.4,118.45,119.0,17966.0,,猪瘦肉1408,27375.0,119.15,119.0
2014-07-31,HE1408,118.6,120.5,117.45,118.0,11027.0,,猪瘦肉1408,24857.0,118.025,118.0
2014-08-01,HE1408,117.325,118.825,117.25,118.05,4686.0,,猪瘦肉1408,23247.0,118.025,118.05
2014-08-04,HE1408,118.175,118.4,116.8,117.2,8866.0,,猪瘦肉1408,22205.0,117.075,117.2
2014-08-05,HE1408,116.825,117.075,115.525,115.85,6223.0,,猪瘦肉1408,19409.0,115.85,115.85
2014-08-06,HE1408,115.75,117.45,115.75,116.3,4864.0,,猪瘦肉1408,18639.0,116.4,116.3
2014-08-07,HE1408,116.3,117.075,114.85,115.25,5720.0,,猪瘦肉1408,17437.0,115.225,115.25
2014-08-08,HE1408,115.125,115.45,114.05,114.15,3935.0,,猪瘦肉1408,15733.0,114.225,114.15
2014-08-11,HE1408,114.55,114.6,113.95,114.55,3321.0,,猪瘦肉1408,14891.0,114.55,114.55
2014-08-12,HE1408,114.0,114.5,113.525,114.1,4955.0,,猪瘦肉1408,14159.0,114.075,114.1
2014-08-13,HE1408,113.925,115.25,113.9,115.25,3349.0,,猪瘦肉1408,12680.0,115.2,115.25
2014-08-14,HE1408,114.9,115.125,114.625,114.8,2036.0,,猪瘦肉1408,11355.0,114.825,114.8
2014-08-18,HE1408,,,,114.7,0.0,,猪瘦肉1408,10820.0,114.7,114.7
