date,symbol,open,high,low,close,volume,amount,name,openinterest,settleprice,price
2014-05-15,HE1510,92.5,93.0,90.25,93.0,1.0,,猪瘦肉1510,0.0,93.0,93.0
2014-05-16,HE1510,,,,90.0,0.0,,猪瘦肉1510,1.0,90.0,90.0
2014-05-19,HE1510,89.0,89.0,87.0,87.0,1.0,,猪瘦肉1510,1.0,87.0,87.0
2014-05-20,HE1510,87.0,87.0,85.0,85.0,4.0,,猪瘦肉1510,0.0,85.0,85.0
2014-05-21,HE1510,,,,85.0,0.0,,猪瘦肉1510,4.0,85.0,85.0
2014-05-22,HE1510,,,,84.95,0.0,,猪瘦肉1510,4.0,84.95,84.95
2014-05-23,HE1510,,,,84.5,1.0,,猪瘦肉1510,4.0,84.5,84.5
2014-05-27,HE1510,,,,84.0,0.0,,猪瘦肉1510,5.0,84.0,84.0
2014-05-28,HE1510,,,,84.0,0.0,,猪瘦肉1510,5.0,84.0,84.0
2014-05-29,HE1510,,,,84.0,0.0,,猪瘦肉1510,5.0,84.0,84.0
2014-05-30,HE1510,,,,84.0,0.0,,猪瘦肉1510,5.0,84.0,84.0
2014-06-02,HE1510,83.0,83.0,83.0,83.0,1.0,,猪瘦肉1510,5.0,83.0,83.0
2014-06-03,HE1510,,,,82.8,0.0,,猪瘦肉1510,6.0,82.8,82.8
2014-06-04,HE1510,82.8,82.8,82.75,82.75,2.0,,猪瘦肉1510,6.0,82.75,82.75
2014-06-05,HE1510,,,,82.65,0.0,,猪瘦肉1510,8.0,82.65,82.65
2014-06-06,HE1510,,,,82.65,0.0,,猪瘦肉1510,8.0,82.65,82.65
2014-06-09,HE1510,,,,82.5,0.0,,猪瘦肉1510,8.0,82.5,82.5
2014-06-10,HE1510,82.5,82.5,82.25,82.25,2.0,,猪瘦肉1510,8.0,82.25,82.25
2014-06-11,HE1510,82.5,82.5,82.25,82.25,8.0,,猪瘦肉1510,10.0,82.25,82.25
2014-06-12,HE1510,82.5,82.5,82.25,82.25,9.0,,猪瘦肉1510,18.0,82.25,82.25
2014-06-13,HE1510,82.5,82.5,82.25,82.25,4.0,,猪瘦肉1510,27.0,82.25,82.25
2014-06-16,HE1510,82.65,82.65,82.25,82.25,2.0,,猪瘦肉1510,31.0,82.25,82.25
2014-06-17,HE1510,82.0,82.0,81.0,81.0,2.0,,猪瘦肉1510,33.0,81.0,81.0
2014-06-18,HE1510,79.075,79.075,78.0,78.5,1.0,,猪瘦肉1510,31.0,78.5,78.5
2014-06-19,HE1510,78.0,79.875,78.0,79.5,19.0,,猪瘦肉1510,31.0,79.5,79.5
2014-06-20,HE1510,,,,79.5,0.0,,猪瘦肉1510,45.0,79.5,79.5
2014-06-23,HE1510,,,,79.5,0.0,,猪瘦肉1510,45.0,79.5,79.5
2014-06-24,HE1510,81.15,82.5,80.0,80.0,6.0,,猪瘦肉1510,45.0,80.0,80.0
2014-06-25,HE1510,81.275,81.275,80.0,80.0,1.0,,猪瘦肉1510,46.0,80.0,80.0
2014-06-26,HE1510,81.35,81.35,79.25,79.25,14.0,,猪瘦肉1510,47.0,79.25,79.25
2014-06-27,HE1510,,,,79.25,0.0,,猪瘦肉1510,59.0,79.25,79.25
2014-06-30,HE1510,81.2,81.2,79.5,79.5,41.0,,猪瘦肉1510,59.0,79.5,79.5
2014-07-01,HE1510,81.35,81.35,80.0,80.0,12.0,,猪瘦肉1510,71.0,79.95,80.0
2014-07-02,HE1510,80.3,81.825,79.95,79.95,42.0,,猪瘦肉1510,77.0,79.95,79.95
2014-07-03,HE1510,82.4,82.65,80.0,80.0,33.0,,猪瘦肉1510,117.0,80.0,80.0
2014-07-07,HE1510,80.275,82.0,80.275,81.0,21.0,,猪瘦肉1510,149.0,81.0,81.0
2014-07-08,HE1510,82.0,82.25,82.0,82.0,10.0,,猪瘦肉1510,165.0,81.25,82.0
2014-07-09,HE1510,82.3,82.65,81.25,81.25,18.0,,猪瘦肉1510,175.0,81.25,81.25
2014-07-10,HE1510,81.25,81.25,81.25,81.25,2.0,,猪瘦肉1510,192.0,81.25,81.25
2014-07-11,HE1510,,,,81.25,0.0,,猪瘦肉1510,192.0,81.25,81.25
2014-07-14,HE1510,,,,81.25,0.0,,猪瘦肉1510,192.0,81.25,81.25
2014-07-15,HE1510,81.35,81.35,81.25,81.35,4.0,,猪瘦肉1510,192.0,81.35,81.35
2014-07-16,HE1510,82.3,82.3,81.35,81.35,2.0,,猪瘦肉1510,195.0,81.35,81.35
2014-07-17,HE1510,81.5,81.5,81.0,81.25,20.0,,猪瘦肉1510,197.0,81.25,81.25
2014-07-18,HE1510,81.3,81.3,81.0,81.2,29.0,,猪瘦肉1510,206.0,81.2,81.2
2014-07-21,HE1510,81.5,81.5,81.0,81.0,5.0,,猪瘦肉1510,213.0,81.0,81.0
2014-07-22,HE1510,81.5,81.5,80.5,81.0,3.0,,猪瘦肉1510,215.0,81.0,81.0
2014-07-23,HE1510,80.7,80.75,80.7,80.75,1.0,,猪瘦肉1510,218.0,80.75,80.75
2014-07-24,HE1510,80.4,81.5,79.0,79.5,15.0,,猪瘦肉1510,219.0,79.5,79.5
2014-07-25,HE1510,78.825,79.5,78.825,79.5,2.0,,猪瘦肉1510,224.0,79.5,79.5
2014-07-28,HE1510,80.05,80.05,79.5,79.5,2.0,,猪瘦肉1510,224.0,79.5,79.5
2014-07-29,HE1510,79.95,79.95,79.0,79.4,27.0,,猪瘦肉1510,226.0,79.4,79.4
2014-07-30,HE1510,78.25,79.2,78.25,79.2,2.0,,猪瘦肉1510,248.0,79.2,79.2
2014-07-31,HE1510,78.475,79.2,78.475,79.2,2.0,,猪瘦肉1510,250.0,79.2,79.2
2014-08-01,HE1510,78.5,79.2,78.5,79.2,3.0,,猪瘦肉1510,252.0,79.2,79.2
2014-08-04,HE1510,,,,79.2,0.0,,猪瘦肉1510,255.0,79.2,79.2
2014-08-05,HE1510,78.575,78.9,78.1,78.9,19.0,,猪瘦肉1510,255.0,78.9,78.9
2014-08-06,HE1510,78.25,78.5,77.775,78.5,27.0,,猪瘦肉1510,273.0,78.5,78.5
2014-08-07,HE1510,77.0,77.2,76.55,77.2,19.0,,猪瘦肉1510,286.0,77.2,77.2
2014-08-08,HE1510,,,,77.0,0.0,,猪瘦肉1510,305.0,77.2,77.0
2014-08-11,HE1510,77.0,77.2,76.9,77.2,9.0,,猪瘦肉1510,305.0,77.2,77.2
2014-08-12,HE1510,75.9,77.2,75.575,77.2,5.0,,猪瘦肉1510,312.0,77.2,77.2
2014-08-13,HE1510,76.3,77.2,76.3,77.2,9.0,,猪瘦肉1510,314.0,77.2,77.2
2014-08-14,HE1510,76.0,76.675,75.5,76.5,30.0,,猪瘦肉1510,323.0,76.5,76.5
2014-08-15,HE1510,76.275,76.75,76.275,76.5,29.0,,猪瘦肉1510,338.0,76.5,76.5
2014-08-18,HE1510,76.5,76.5,76.5,76.5,2.0,,猪瘦肉1510,366.0,76.5,76.5
2014-08-19,HE1510,76.5,76.6,76.5,76.6,2.0,,猪瘦肉1510,366.0,76.6,76.6
2014-08-20,HE1510,76.05,76.05,75.975,76.0,15.0,,猪瘦肉1510,366.0,76.0,76.0
2014-08-21,HE1510,75.7,76.6,75.0,76.3,97.0,,猪瘦肉1510,376.0,76.3,76.3
2014-08-22,HE1510,76.375,76.425,76.375,76.4,6.0,,猪瘦肉1510,417.0,76.4,76.4
2014-08-25,HE1510,76.5,76.75,76.0,76.5,11.0,,猪瘦肉1510,422.0,76.5,76.5
2014-08-26,HE1510,76.65,77.175,76.65,77.0,37.0,,猪瘦肉1510,429.0,77.0,77.0
2014-08-27,HE1510,77.25,77.25,77.0,77.1,9.0,,猪瘦肉1510,464.0,77.1,77.1
2014-08-28,HE1510,77.2,77.4,77.2,77.4,2.0,,猪瘦肉1510,471.0,77.4,77.4
2014-08-29,HE1510,77.675,78.15,77.675,78.0,146.0,,猪瘦肉1510,471.0,78.0,78.0
2014-09-02,HE1510,77.65,78.5,77.575,78.25,48.0,,猪瘦肉1510,588.0,78.25,78.25
2014-09-03,HE1510,77.525,78.0,77.0,78.0,10.0,,猪瘦肉1510,615.0,78.0,78.0
2014-09-04,HE1510,77.025,78.0,77.025,78.0,40.0,,猪瘦肉1510,612.0,78.0,78.0
2014-09-05,HE1510,77.95,78.25,77.025,78.25,9.0,,猪瘦肉1510,631.0,78.25,78.25
2014-09-08,HE1510,77.2,78.25,77.2,78.25,4.0,,猪瘦肉1510,639.0,78.25,78.25
2014-09-09,HE1510,78.0,78.25,77.65,78.25,29.0,,猪瘦肉1510,641.0,78.25,78.25
2014-09-10,HE1510,77.1,78.0,77.075,78.0,19.0,,猪瘦肉1510,667.0,78.0,78.0
2014-09-11,HE1510,77.6,77.975,77.075,77.3,84.0,,猪瘦肉1510,674.0,77.3,77.3
2014-09-12,HE1510,77.35,77.5,77.1,77.5,10.0,,猪瘦肉1510,729.0,77.5,77.5
2014-09-15,HE1510,77.075,77.5,77.075,77.5,13.0,,猪瘦肉1510,733.0,77.5,77.5
2014-09-16,HE1510,77.0,77.05,76.6,77.05,60.0,,猪瘦肉1510,736.0,77.05,77.05
2014-09-17,HE1510,77.15,77.4,76.8,77.25,21.0,,猪瘦肉1510,777.0,77.25,77.25
2014-09-18,HE1510,76.0,78.0,76.0,78.0,172.0,,猪瘦肉1510,780.0,78.0,78.0
2014-09-19,HE1510,77.75,77.75,76.75,77.2,31.0,,猪瘦肉1510,894.0,77.2,77.2
2014-09-22,HE1510,76.575,77.2,76.5,77.2,35.0,,猪瘦肉1510,904.0,77.2,77.2
2014-09-23,HE1510,76.5,76.725,76.2,76.5,38.0,,猪瘦肉1510,904.0,77.2,76.5
2014-09-24,HE1510,76.65,77.0,76.35,76.5,20.0,,猪瘦肉1510,927.0,76.5,76.5
2014-09-25,HE1510,76.5,76.6,75.2,76.0,99.0,,猪瘦肉1510,931.0,76.0,76.0
2014-09-26,HE1510,75.6,76.2,75.125,76.1,26.0,,猪瘦肉1510,949.0,76.1,76.1
2014-09-29,HE1510,75.0,76.0,74.0,76.0,13.0,,猪瘦肉1510,957.0,76.0,76.0
2014-09-30,HE1510,75.5,76.0,75.2,76.0,9.0,,猪瘦肉1510,956.0,76.0,76.0
2014-10-01,HE1510,76.0,76.1,75.65,76.1,9.0,,猪瘦肉1510,957.0,76.1,76.1
2014-10-02,HE1510,76.1,76.5,75.65,76.4,88.0,,猪瘦肉1510,961.0,76.4,76.4
2014-10-03,HE1510,76.6,76.6,75.475,76.0,33.0,,猪瘦肉1510,905.0,76.0,76.0
2014-10-06,HE1510,,,,76.75,1.0,,猪瘦肉1510,931.0,76.75,76.75
2014-10-07,HE1510,76.95,77.0,76.2,76.8,61.0,,猪瘦肉1510,931.0,76.8,76.8
2014-10-08,HE1510,77.0,77.2,76.65,77.0,22.0,,猪瘦肉1510,940.0,77.0,77.0
2014-10-09,HE1510,76.9,77.15,76.9,77.0,174.0,,猪瘦肉1510,950.0,77.0,77.0
2014-10-10,HE1510,77.0,77.1,77.0,77.1,4.0,,猪瘦肉1510,1018.0,77.1,77.1
2014-10-13,HE1510,77.175,77.2,77.0,77.2,30.0,,猪瘦肉1510,1019.0,77.2,77.2
2014-10-14,HE1510,77.175,77.2,76.5,77.2,31.0,,猪瘦肉1510,1025.0,77.2,77.2
2014-10-15,HE1510,76.775,77.0,75.5,77.0,87.0,,猪瘦肉1510,1040.0,77.0,77.0
2014-10-16,HE1510,75.1,75.6,74.3,75.4,79.0,,猪瘦肉1510,1029.0,75.4,75.4
2014-10-17,HE1510,75.975,76.75,75.2,76.75,58.0,,猪瘦肉1510,1008.0,76.75,76.75
2014-10-20,HE1510,75.95,76.0,75.75,76.0,13.0,,猪瘦肉1510,1018.0,76.0,76.0
2014-10-21,HE1510,75.9,76.2,75.75,76.0,12.0,,猪瘦肉1510,1028.0,76.0,76.0
2014-10-22,HE1510,76.4,76.7,76.4,76.7,8.0,,猪瘦肉1510,1034.0,76.7,76.7
2014-10-23,HE1510,76.7,76.8,75.775,76.8,25.0,,猪瘦肉1510,1030.0,76.8,76.8
2014-10-24,HE1510,76.5,77.25,76.5,77.2,68.0,,猪瘦肉1510,1037.0,77.2,77.2
2014-10-27,HE1510,76.8,77.525,76.25,77.45,37.0,,猪瘦肉1510,1065.0,77.45,77.45
2014-10-28,HE1510,77.85,78.2,77.5,78.2,77.0,,猪瘦肉1510,1092.0,78.2,78.2
2014-10-29,HE1510,78.025,78.2,77.825,78.2,12.0,,猪瘦肉1510,1132.0,78.2,78.2
2014-10-30,HE1510,77.2,78.0,77.0,78.0,48.0,,猪瘦肉1510,1128.0,78.0,78.0
2014-10-31,HE1510,77.35,78.0,77.15,78.0,70.0,,猪瘦肉1510,1152.0,78.0,78.0
2014-11-03,HE1510,78.0,78.35,77.95,78.35,45.0,,猪瘦肉1510,1138.0,78.325,78.35
2014-11-04,HE1510,77.925,78.15,77.525,78.15,85.0,,猪瘦肉1510,1164.0,78.075,78.15
2014-11-05,HE1510,77.7,78.2,77.3,78.2,32.0,,猪瘦肉1510,1211.0,78.2,78.2
2014-11-06,HE1510,78.0,78.0,76.7,77.9,118.0,,猪瘦肉1510,1218.0,77.85,77.9
2014-11-07,HE1510,77.9,78.35,77.85,78.35,125.0,,猪瘦肉1510,1289.0,78.325,78.35
2014-11-10,HE1510,78.3,78.75,78.3,78.75,84.0,,猪瘦肉1510,1353.0,78.75,78.75
2014-11-11,HE1510,78.65,79.0,78.45,79.0,59.0,,猪瘦肉1510,1386.0,79.0,79.0
2014-11-12,HE1510,78.975,79.25,78.2,79.25,71.0,,猪瘦肉1510,1392.0,79.25,79.25
2014-11-13,HE1510,79.2,81.9,79.2,81.9,345.0,,猪瘦肉1510,1405.0,81.7,81.9
2014-11-14,HE1510,80.9,80.95,80.175,80.8,160.0,,猪瘦肉1510,1610.0,80.8,80.8
2014-11-17,HE1510,80.4,80.55,80.0,80.15,208.0,,猪瘦肉1510,1677.0,80.15,80.15
2014-11-18,HE1510,80.1,80.3,79.525,80.0,114.0,,猪瘦肉1510,1765.0,80.15,80.0
2014-11-19,HE1510,80.1,80.3,79.675,80.2,367.0,,猪瘦肉1510,1795.0,80.2,80.2
2014-11-20,HE1510,79.925,80.7,79.9,80.6,167.0,,猪瘦肉1510,2087.0,80.6,80.6
2014-11-21,HE1510,80.5,81.15,80.45,81.05,355.0,,猪瘦肉1510,2172.0,81.05,81.05
2014-11-24,HE1510,81.25,81.4,81.0,81.2,124.0,,猪瘦肉1510,2336.0,81.2,81.2
2014-11-25,HE1510,81.4,81.5,80.7,81.25,184.0,,猪瘦肉1510,2381.0,81.4,81.25
2014-11-26,HE1510,80.775,81.4,80.5,81.4,191.0,,猪瘦肉1510,2470.0,81.4,81.4
2014-11-28,HE1510,80.95,81.0,79.8,81.0,44.0,,猪瘦肉1510,2632.0,81.0,81.0
2014-12-01,HE1510,80.175,80.55,79.85,80.5,288.0,,猪瘦肉1510,2644.0,80.5,80.5
2014-12-02,HE1510,80.5,80.975,80.025,80.9,508.0,,猪瘦肉1510,2725.0,80.825,80.9
2014-12-03,HE1510,80.125,80.45,79.25,79.8,218.0,,猪瘦肉1510,2920.0,79.775,79.8
2014-12-04,HE1510,79.2,79.8,79.0,79.7,232.0,,猪瘦肉1510,2945.0,79.7,79.7
2014-12-05,HE1510,79.425,79.825,79.0,79.35,497.0,,猪瘦肉1510,3075.0,79.35,79.35
2014-12-08,HE1510,79.15,79.35,78.625,79.1,157.0,,猪瘦肉1510,3348.0,79.075,79.1
2014-12-09,HE1510,78.825,79.35,78.15,79.35,238.0,,猪瘦肉1510,3426.0,79.35,79.35
2014-12-10,HE1510,79.2,79.5,78.725,79.15,254.0,,猪瘦肉1510,3507.0,79.125,79.15
2014-12-11,HE1510,78.975,79.0,78.575,78.9,95.0,,猪瘦肉1510,3454.0,78.9,78.9
2014-12-12,HE1510,78.55,79.25,78.05,78.35,283.0,,猪瘦肉1510,3494.0,78.425,78.35
2014-12-15,HE1510,78.225,78.225,77.125,77.9,175.0,,猪瘦肉1510,3646.0,77.925,77.9
2014-12-16,HE1510,78.3,78.325,76.0,77.5,152.0,,猪瘦肉1510,3727.0,77.5,77.5
2014-12-17,HE1510,76.5,76.6,74.975,76.4,231.0,,猪瘦肉1510,3786.0,76.45,76.4
2014-12-18,HE1510,76.05,77.5,76.05,77.25,134.0,,猪瘦肉1510,3837.0,77.25,77.25
2014-12-19,HE1510,76.875,77.425,76.425,76.55,194.0,,猪瘦肉1510,3831.0,76.65,76.55
2014-12-22,HE1510,76.4,76.4,74.225,74.5,271.0,,猪瘦肉1510,3864.0,74.45,74.5
2014-12-23,HE1510,74.575,74.825,73.9,74.0,492.0,,猪瘦肉1510,3819.0,74.025,74.0
2014-12-24,HE1510,74.025,75.15,74.025,74.9,130.0,,猪瘦肉1510,4009.0,75.125,74.9
2014-12-26,HE1510,75.125,76.05,74.975,75.6,101.0,,猪瘦肉1510,4034.0,75.925,75.6
2014-12-29,HE1510,76.325,77.225,76.25,77.0,201.0,,猪瘦肉1510,4085.0,77.0,77.0
2014-12-30,HE1510,77.0,77.4,76.7,76.95,129.0,,猪瘦肉1510,4157.0,76.975,76.95
2014-12-31,HE1510,77.375,77.75,76.9,77.35,166.0,,猪瘦肉1510,4193.0,77.275,77.35
2015-01-02,HE1510,76.95,77.75,76.95,77.3,238.0,,猪瘦肉1510,4229.0,77.3,77.3
2015-01-05,HE1510,77.85,77.85,76.6,77.4,279.0,,猪瘦肉1510,4261.0,77.375,77.4
2015-01-06,HE1510,77.2,77.375,75.8,76.95,314.0,,猪瘦肉1510,4352.0,76.95,76.95
2015-01-07,HE1510,76.6,77.325,76.35,77.25,128.0,,猪瘦肉1510,4414.0,77.25,77.25
2015-01-08,HE1510,76.9,77.075,75.6,76.1,450.0,,猪瘦肉1510,4416.0,75.95,76.1
2015-01-09,HE1510,75.625,76.4,75.325,76.4,521.0,,猪瘦肉1510,4561.0,76.375,76.4
2015-01-12,HE1510,75.975,75.975,74.75,75.4,591.0,,猪瘦肉1510,4753.0,75.4,75.4
2015-01-13,HE1510,75.4,75.6,74.825,75.2,864.0,,猪瘦肉1510,4994.0,75.175,75.2
2015-01-14,HE1510,75.075,76.8,75.025,76.8,615.0,,猪瘦肉1510,5355.0,76.775,76.8
2015-01-15,HE1510,76.775,77.85,76.425,77.7,953.0,,猪瘦肉1510,5569.0,77.675,77.7
2015-01-16,HE1510,77.55,77.55,76.2,76.4,671.0,,猪瘦肉1510,6241.0,76.425,76.4
2015-01-20,HE1510,76.025,76.025,73.425,73.625,440.0,,猪瘦肉1510,6547.0,73.425,73.625
2015-01-21,HE1510,73.325,73.55,72.9,73.4,195.0,,猪瘦肉1510,6619.0,73.425,73.4
2015-01-22,HE1510,73.425,73.9,71.775,72.8,585.0,,猪瘦肉1510,6731.0,72.8,72.8
2015-01-23,HE1510,72.0,72.0,69.85,70.7,914.0,,猪瘦肉1510,6835.0,70.65,70.7
2015-01-26,HE1510,70.525,73.05,70.525,72.65,647.0,,猪瘦肉1510,7197.0,72.65,72.65
2015-01-27,HE1510,72.875,73.15,71.5,72.3,638.0,,猪瘦肉1510,7487.0,72.3,72.3
2015-01-28,HE1510,71.45,75.3,71.1,74.85,784.0,,猪瘦肉1510,7756.0,74.95,74.85
2015-01-29,HE1510,74.375,75.05,72.75,73.2,537.0,,猪瘦肉1510,8051.0,73.2,73.2
2015-01-30,HE1510,73.0,73.6,72.475,73.25,337.0,,猪瘦肉1510,8272.0,73.275,73.25
2015-02-02,HE1510,73.275,73.9,73.1,73.6,654.0,,猪瘦肉1510,8322.0,73.575,73.6
2015-02-03,HE1510,73.1,73.45,72.8,73.2,652.0,,猪瘦肉1510,8551.0,73.2,73.2
2015-02-04,HE1510,72.05,72.3,70.425,71.3,1441.0,,猪瘦肉1510,8919.0,71.3,71.3
2015-02-05,HE1510,70.9,71.225,69.325,70.7,1334.0,,猪瘦肉1510,9343.0,70.7,70.7
2015-02-06,HE1510,71.3,73.4,71.125,73.4,3161.0,,猪瘦肉1510,9935.0,73.2,73.4
2015-02-09,HE1510,72.4,72.975,70.95,72.85,3679.0,,猪瘦肉1510,10996.0,72.85,72.85
2015-02-10,HE1510,72.975,73.5,71.4,72.45,2612.0,,猪瘦肉1510,12339.0,72.425,72.45
2015-02-11,HE1510,72.025,72.025,69.875,70.35,3132.0,,猪瘦肉1510,13404.0,70.35,70.35
2015-02-12,HE1510,70.5,70.8,69.925,70.7,2886.0,,猪瘦肉1510,14525.0,70.7,70.7
2015-02-13,HE1510,70.375,71.9,70.125,70.7,2289.0,,猪瘦肉1510,15748.0,70.725,70.7
2015-02-17,HE1510,71.125,71.125,68.675,68.9,1872.0,,猪瘦肉1510,16173.0,68.925,68.9
2015-02-18,HE1510,69.0,69.95,68.175,68.7,2382.0,,猪瘦肉1510,16498.0,68.725,68.7
2015-02-19,HE1510,69.4,70.375,69.4,69.9,1655.0,,猪瘦肉1510,16686.0,69.9,69.9
2015-02-20,HE1510,70.025,70.15,68.15,68.9,2380.0,,猪瘦肉1510,16904.0,68.95,68.9
2015-02-23,HE1510,69.35,70.775,69.3,70.4,1755.0,,猪瘦肉1510,17099.0,70.275,70.4
2015-02-24,HE1510,70.6,72.0,70.075,71.8,2577.0,,猪瘦肉1510,17645.0,71.875,71.8
2015-02-25,HE1510,71.875,72.675,71.625,72.15,2413.0,,猪瘦肉1510,17900.0,72.2,72.15
2015-02-26,HE1510,71.55,72.025,70.25,71.45,1698.0,,猪瘦肉1510,18361.0,71.475,71.45
2015-02-27,HE1510,71.1,72.5,71.1,72.15,1538.0,,猪瘦肉1510,18690.0,72.15,72.15
2015-03-02,HE1510,72.2,72.75,71.525,72.0,1083.0,,猪瘦肉1510,18987.0,72.1,72.0
2015-03-03,HE1510,72.0,72.2,69.675,69.95,1727.0,,猪瘦肉1510,19124.0,70.025,69.95
2015-03-04,HE1510,69.8,72.575,68.525,71.7,4246.0,,猪瘦肉1510,19606.0,71.725,71.7
2015-03-05,HE1510,71.7,71.825,70.1,70.5,927.0,,猪瘦肉1510,19800.0,70.6,70.5
2015-03-06,HE1510,69.825,70.4,69.4,70.05,1825.0,,猪瘦肉1510,19991.0,70.125,70.05
2015-03-09,HE1510,69.9,70.825,69.425,70.25,2035.0,,猪瘦肉1510,20189.0,70.35,70.25
2015-03-10,HE1510,69.95,70.75,69.4,70.4,3410.0,,猪瘦肉1510,20840.0,70.5,70.4
2015-03-11,HE1510,69.525,70.1,67.575,68.55,2577.0,,猪瘦肉1510,21369.0,68.575,68.55
2015-03-12,HE1510,67.825,68.45,66.075,67.9,3826.0,,猪瘦肉1510,21559.0,68.05,67.9
2015-03-13,HE1510,67.05,67.4,66.15,66.55,3458.0,,猪瘦肉1510,22281.0,66.475,66.55
2015-03-16,HE1510,66.4,66.8,65.025,66.45,1778.0,,猪瘦肉1510,23047.0,66.575,66.45
2015-03-17,HE1510,67.2,67.475,66.6,67.0,1831.0,,猪瘦肉1510,23087.0,67.1,67.0
2015-03-18,HE1510,66.95,67.5,65.95,66.5,1976.0,,猪瘦肉1510,23649.0,66.475,66.5
2015-03-19,HE1510,65.9,66.5,64.975,65.45,2810.0,,猪瘦肉1510,24098.0,65.625,65.45
2015-03-20,HE1510,65.975,66.575,64.725,64.9,1577.0,,猪瘦肉1510,24529.0,64.9,64.9
2015-03-23,HE1510,64.975,65.825,64.875,65.75,2086.0,,猪瘦肉1510,24823.0,65.7,65.75
2015-03-24,HE1510,65.575,68.375,65.0,67.85,6119.0,,猪瘦肉1510,25482.0,67.8,67.85
2015-03-25,HE1510,67.1,67.8,66.375,67.75,2616.0,,猪瘦肉1510,25779.0,67.7,67.75
2015-03-26,HE1510,67.55,68.15,67.05,67.4,2201.0,,猪瘦肉1510,26052.0,67.5,67.4
2015-03-27,HE1510,67.5,67.5,66.75,66.85,2384.0,,猪瘦肉1510,26096.0,66.925,66.85
2015-03-30,HE1510,66.9,68.875,66.725,68.45,1844.0,,猪瘦肉1510,25797.0,68.5,68.45
2015-03-31,HE1510,68.9,70.15,68.625,69.0,3321.0,,猪瘦肉1510,25985.0,69.15,69.0
2015-04-01,HE1510,69.3,70.4,69.225,70.2,3141.0,,猪瘦肉1510,26508.0,70.125,70.2
2015-04-02,HE1510,70.175,70.325,68.5,69.55,2014.0,,猪瘦肉1510,26431.0,69.525,69.55
2015-04-06,HE1510,69.875,70.45,69.7,70.0,1538.0,,猪瘦肉1510,26796.0,70.025,70.0
2015-04-07,HE1510,70.225,70.45,69.75,70.05,2239.0,,猪瘦肉1510,27348.0,70.05,70.05
2015-04-08,HE1510,69.875,70.875,69.875,70.85,3512.0,,猪瘦肉1510,27777.0,70.825,70.85
2015-04-09,HE1510,70.875,71.175,70.275,70.8,4658.0,,猪瘦肉1510,29045.0,70.725,70.8
2015-04-10,HE1510,71.0,71.3,70.65,71.25,6021.0,,猪瘦肉1510,30663.0,71.25,71.25
2015-04-13,HE1510,71.25,71.95,70.575,71.2,5341.0,,猪瘦肉1510,32689.0,71.15,71.2
2015-04-14,HE1510,71.075,71.7,70.675,71.7,5147.0,,猪瘦肉1510,33925.0,71.65,71.7
2015-04-15,HE1510,71.35,71.35,70.0,70.45,6447.0,,猪瘦肉1510,35165.0,70.35,70.45
2015-04-16,HE1510,70.0,71.825,70.0,71.55,6782.0,,猪瘦肉1510,35937.0,71.525,71.55
2015-04-17,HE1510,71.075,71.1,70.65,70.7,2853.0,,猪瘦肉1510,37833.0,70.825,70.7
2015-04-20,HE1510,71.0,71.0,69.55,70.15,3468.0,,猪瘦肉1510,38547.0,70.0,70.15
2015-04-21,HE1510,69.75,71.725,69.65,71.6,3913.0,,猪瘦肉1510,39330.0,71.525,71.6
2015-04-22,HE1510,71.15,71.325,69.475,69.8,2241.0,,猪瘦肉1510,39722.0,69.825,69.8
2015-04-23,HE1510,70.0,71.75,69.925,71.5,3277.0,,猪瘦肉1510,40081.0,71.55,71.5
2015-04-24,HE1510,71.6,71.95,71.0,71.85,3585.0,,猪瘦肉1510,40591.0,71.875,71.85
2015-04-27,HE1510,71.875,72.2,71.525,71.65,3238.0,,猪瘦肉1510,41038.0,71.675,71.65
2015-04-28,HE1510,72.0,72.2,71.75,71.75,3301.0,,猪瘦肉1510,41236.0,71.775,71.75
2015-04-29,HE1510,72.1,72.85,71.9,72.55,3918.0,,猪瘦肉1510,41539.0,72.5,72.55
2015-04-30,HE1510,72.7,73.0,71.725,71.9,7284.0,,猪瘦肉1510,42159.0,71.875,71.9
2015-05-01,HE1510,72.65,72.675,71.875,72.3,3372.0,,猪瘦肉1510,42068.0,72.375,72.3
2015-05-04,HE1510,72.5,73.05,72.325,72.925,3327.0,,猪瘦肉1510,42555.0,72.9,72.925
2015-05-05,HE1510,73.0,73.7,72.5,72.7,5828.0,,猪瘦肉1510,41887.0,72.75,72.7
2015-05-06,HE1510,73.35,73.75,73.0,73.5,6457.0,,猪瘦肉1510,41637.0,73.55,73.5
2015-05-07,HE1510,73.55,73.75,73.125,73.65,5386.0,,猪瘦肉1510,41166.0,73.6,73.65
2015-05-08,HE1510,73.75,74.15,73.125,73.95,6750.0,,猪瘦肉1510,41330.0,73.9,73.95
2015-05-11,HE1510,73.975,74.0,73.1,73.4,3053.0,,猪瘦肉1510,40598.0,73.375,73.4
2015-05-12,HE1510,73.9,74.45,73.05,74.3,5194.0,,猪瘦肉1510,41372.0,74.25,74.3
2015-05-13,HE1510,74.125,74.125,73.375,73.9,5521.0,,猪瘦肉1510,43486.0,73.875,73.9
2015-05-14,HE1510,74.0,74.0,73.05,73.4,3761.0,,猪瘦肉1510,44245.0,73.4,73.4
2015-05-15,HE1510,73.125,73.875,71.925,73.8,4025.0,,猪瘦肉1510,45423.0,73.65,73.8
2015-05-18,HE1510,73.325,74.0,73.0,73.775,5286.0,,猪瘦肉1510,46601.0,73.825,73.775
2015-05-19,HE1510,73.7,74.0,73.3,73.5,4919.0,,猪瘦肉1510,46252.0,73.45,73.5
2015-05-20,HE1510,73.6,73.925,73.35,73.65,3139.0,,猪瘦肉1510,46315.0,73.65,73.65
2015-05-21,HE1510,73.625,74.25,73.2,74.0,4602.0,,猪瘦肉1510,46827.0,73.925,74.0
2015-05-22,HE1510,73.775,74.275,73.575,74.15,4363.0,,猪瘦肉1510,47954.0,74.175,74.15
2015-05-26,HE1510,73.975,74.1,73.625,73.9,3465.0,,猪瘦肉1510,48806.0,73.825,73.9
2015-05-27,HE1510,74.0,74.2,73.55,73.7,4437.0,,猪瘦肉1510,49913.0,73.675,73.7
2015-05-28,HE1510,73.85,74.25,73.325,73.9,5387.0,,猪瘦肉1510,50628.0,74.025,73.9
2015-05-29,HE1510,74.025,74.325,72.35,72.5,5618.0,,猪瘦肉1510,51427.0,72.625,72.5
2015-06-01,HE1510,72.4,73.575,72.4,73.5,3087.0,,猪瘦肉1510,51144.0,73.525,73.5
2015-06-02,HE1510,73.4,73.5,72.65,72.8,4186.0,,猪瘦肉1510,51885.0,72.95,72.8
2015-06-03,HE1510,73.1,73.1,71.525,71.7,4063.0,,猪瘦肉1510,51856.0,71.8,71.7
2015-06-04,HE1510,71.65,71.65,69.85,70.0,4832.0,,猪瘦肉1510,51878.0,70.05,70.0
2015-06-05,HE1510,69.825,71.075,69.825,70.0,9016.0,,猪瘦肉1510,52028.0,70.425,70.0
2015-06-08,HE1510,70.5,70.6,70.0,70.2,5990.0,,猪瘦肉1510,52194.0,70.225,70.2
2015-06-09,HE1510,70.125,70.35,69.2,69.5,8566.0,,猪瘦肉1510,51449.0,69.55,69.5
2015-06-10,HE1510,69.725,70.25,69.15,69.25,6948.0,,猪瘦肉1510,51261.0,69.3,69.25
2015-06-11,HE1510,69.35,69.45,68.4,68.65,6647.0,,猪瘦肉1510,50626.0,68.775,68.65
2015-06-12,HE1510,68.5,68.5,67.275,67.3,3977.0,,猪瘦肉1510,50150.0,67.35,67.3
2015-06-15,HE1510,67.1,67.25,64.9,65.65,5033.0,,猪瘦肉1510,50446.0,65.875,65.65
2015-06-16,HE1510,65.575,66.15,65.2,65.45,5354.0,,猪瘦肉1510,49885.0,65.55,65.45
2015-06-17,HE1510,65.825,66.95,65.8,66.8,6406.0,,猪瘦肉1510,50172.0,66.775,66.8
2015-06-18,HE1510,66.85,67.2,65.8,66.25,4864.0,,猪瘦肉1510,50854.0,66.225,66.25
2015-06-19,HE1510,66.0,66.0,64.075,64.4,6583.0,,猪瘦肉1510,51571.0,64.275,64.4
2015-06-22,HE1510,63.85,64.025,61.85,63.35,7971.0,,猪瘦肉1510,51379.0,63.325,63.35
2015-06-23,HE1510,63.725,64.625,62.975,63.1,8436.0,,猪瘦肉1510,51324.0,63.125,63.1
2015-06-24,HE1510,63.1,63.7,62.85,62.85,8285.0,,猪瘦肉1510,50985.0,62.925,62.85
2015-06-25,HE1510,63.125,63.475,62.2,62.75,7365.0,,猪瘦肉1510,52247.0,62.725,62.75
2015-06-26,HE1510,62.95,63.7,62.6,63.2,8928.0,,猪瘦肉1510,53097.0,63.325,63.2
2015-06-29,HE1510,63.5,64.975,63.4,64.7,14716.0,,猪瘦肉1510,54871.0,64.65,64.7
2015-06-30,HE1510,65.0,66.35,64.75,65.5,15048.0,,猪瘦肉1510,56161.0,66.0,65.5
2015-07-01,HE1510,66.0,66.525,65.1,65.3,11525.0,,猪瘦肉1510,57070.0,65.325,65.3
2015-07-02,HE1510,65.75,66.45,64.925,66.45,11070.0,,猪瘦肉1510,58150.0,66.275,66.45
2015-07-06,HE1510,66.025,66.175,65.075,65.575,10790.0,,猪瘦肉1510,59460.0,65.6,65.575
2015-07-07,HE1510,66.0,66.425,65.05,65.9,9104.0,,猪瘦肉1510,60687.0,65.8,65.9
2015-07-08,HE1510,65.875,66.15,64.175,64.975,18874.0,,猪瘦肉1510,62994.0,65.125,64.975
2015-07-09,HE1510,65.35,65.45,62.175,62.2,19529.0,,猪瘦肉1510,66866.0,62.45,62.2
2015-07-10,HE1510,62.45,63.2,62.05,62.4,17292.0,,猪瘦肉1510,69732.0,62.45,62.4
2015-07-13,HE1510,62.375,63.625,59.45,63.475,17718.0,,猪瘦肉1510,74260.0,62.925,63.475
2015-07-14,HE1510,63.375,65.875,63.325,65.0,18152.0,,猪瘦肉1510,79197.0,64.925,65.0
2015-07-15,HE1510,64.95,65.5,64.275,64.875,11135.0,,猪瘦肉1510,84780.0,64.975,64.875
2015-07-16,HE1510,64.75,65.3,63.9,64.3,11895.0,,猪瘦肉1510,84792.0,64.525,64.3
2015-07-17,HE1510,64.375,64.4,63.0,63.35,10442.0,,猪瘦肉1510,85077.0,63.45,63.35
2015-07-20,HE1510,63.675,63.9,62.85,63.075,8885.0,,猪瘦肉1510,85780.0,62.95,63.075
2015-07-21,HE1510,63.225,63.475,61.75,62.6,13606.0,,猪瘦肉1510,86982.0,62.4,62.6
2015-07-22,HE1510,63.0,65.4,62.975,65.125,21481.0,,猪瘦肉1510,87886.0,65.4,65.125
2015-07-23,HE1510,65.175,65.7,64.625,65.15,11353.0,,猪瘦肉1510,89179.0,64.7,65.15
2015-07-24,HE1510,65.075,65.375,63.85,64.025,10496.0,,猪瘦肉1510,89362.0,64.025,64.025
2015-07-27,HE1510,63.7,64.475,62.4,63.625,13914.0,,猪瘦肉1510,88997.0,63.55,63.625
2015-07-28,HE1510,63.5,65.95,63.05,65.475,13221.0,,猪瘦肉1510,88065.0,65.05,65.475
2015-07-29,HE1510,65.65,67.425,65.6,66.4,19274.0,,猪瘦肉1510,89422.0,66.075,66.4
2015-07-30,HE1510,66.275,67.175,65.35,65.625,11008.0,,猪瘦肉1510,88658.0,65.7,65.625
2015-07-31,HE1510,65.65,65.65,63.05,63.7,18629.0,,猪瘦肉1510,88646.0,63.725,63.7
2015-08-03,HE1510,64.125,66.1,64.0,66.0,14906.0,,猪瘦肉1510,88754.0,65.325,66.0
2015-08-04,HE1510,66.0,67.7,65.325,67.375,19379.0,,猪瘦肉1510,89987.0,67.35,67.375
2015-08-05,HE1510,67.35,67.5,65.725,66.975,14356.0,,猪瘦肉1510,91639.0,66.775,66.975
2015-08-06,HE1510,67.05,67.15,64.15,64.475,16700.0,,猪瘦肉1510,89853.0,64.45,64.475
2015-08-07,HE1510,63.95,65.275,63.875,64.35,13617.0,,猪瘦肉1510,89431.0,64.125,64.35
2015-08-10,HE1510,64.5,64.6,62.7,62.75,14288.0,,猪瘦肉1510,88133.0,62.975,62.75
2015-08-11,HE1510,63.075,63.35,62.25,63.075,14459.0,,猪瘦肉1510,87564.0,62.35,63.075
2015-08-12,HE1510,62.875,64.1,62.85,63.975,14776.0,,猪瘦肉1510,86861.0,63.375,63.975
2015-08-13,HE1510,63.95,65.625,63.65,65.025,18429.0,,猪瘦肉1510,87564.0,65.05,65.025
2015-08-14,HE1510,65.6,66.0,64.825,65.575,13359.0,,猪瘦肉1510,84681.0,65.325,65.575
2015-08-17,HE1510,65.85,66.775,65.625,66.35,10945.0,,猪瘦肉1510,83089.0,66.275,66.35
2015-08-18,HE1510,66.225,66.475,65.25,66.375,9804.0,,猪瘦肉1510,82557.0,66.125,66.375
2015-08-19,HE1510,66.125,66.175,64.3,65.3,17366.0,,猪瘦肉1510,82011.0,66.0,65.3
2015-08-20,HE1510,65.3,65.55,64.15,64.575,11869.0,,猪瘦肉1510,80788.0,64.75,64.575
2015-08-21,HE1510,64.25,64.975,62.625,62.825,16373.0,,猪瘦肉1510,80825.0,62.825,62.825
2015-08-24,HE1510,61.7,65.825,61.6,65.825,20139.0,,猪瘦肉1510,79866.0,65.825,65.825
2015-08-25,HE1510,66.725,67.85,66.15,67.375,21657.0,,猪瘦肉1510,78526.0,67.5,67.375
2015-08-26,HE1510,67.525,67.825,66.55,67.2,14560.0,,猪瘦肉1510,76986.0,67.0,67.2
2015-08-27,HE1510,67.075,67.3,66.625,66.775,9908.0,,猪瘦肉1510,74765.0,67.05,66.775
2015-08-28,HE1510,66.775,67.05,66.0,66.65,13140.0,,猪瘦肉1510,73942.0,66.425,66.65
2015-08-31,HE1510,66.675,68.575,66.4,68.4,14416.0,,猪瘦肉1510,73190.0,68.025,68.4
2015-09-01,HE1510,68.3,68.75,67.05,68.2,17303.0,,猪瘦肉1510,73454.0,67.975,68.2
2015-09-02,HE1510,68.3,69.975,68.075,69.625,20372.0,,猪瘦肉1510,72054.0,69.775,69.625
2015-09-03,HE1510,69.7,69.9,68.925,69.625,12669.0,,猪瘦肉1510,70902.0,69.45,69.625
2015-09-04,HE1510,69.5,69.9,68.95,69.15,12426.0,,猪瘦肉1510,69585.0,69.15,69.15
2015-09-08,HE1510,69.5,69.5,68.675,69.125,16514.0,,猪瘦肉1510,68544.0,68.775,69.125
2015-09-09,HE1510,69.075,69.375,68.3,68.95,19099.0,,猪瘦肉1510,63561.0,68.925,68.95
2015-09-10,HE1510,69.15,69.325,68.425,68.5,14898.0,,猪瘦肉1510,58188.0,68.55,68.5
2015-09-11,HE1510,68.55,68.625,67.1,67.525,20469.0,,猪瘦肉1510,52893.0,67.325,67.525
2015-09-14,HE1510,67.4,67.775,66.35,66.925,15343.0,,猪瘦肉1510,46995.0,66.825,66.925
2015-09-15,HE1510,66.95,69.775,66.775,69.55,21002.0,,猪瘦肉1510,42802.0,69.375,69.55
2015-09-16,HE1510,69.55,69.925,67.55,68.9,19770.0,,猪瘦肉1510,41412.0,68.25,68.9
2015-09-17,HE1510,68.75,71.25,68.6,70.05,20363.0,,猪瘦肉1510,38198.0,70.575,70.05
2015-09-18,HE1510,70.425,71.325,70.1,71.2,12662.0,,猪瘦肉1510,38057.0,71.05,71.2
2015-09-21,HE1510,71.125,72.15,71.05,71.65,7926.0,,猪瘦肉1510,37419.0,71.625,71.65
2015-09-22,HE1510,71.725,71.85,70.75,70.95,9579.0,,猪瘦肉1510,36509.0,71.0,70.95
2015-09-23,HE1510,71.45,71.9,70.3,70.55,8177.0,,猪瘦肉1510,32659.0,70.55,70.55
2015-09-24,HE1510,70.55,71.75,70.05,71.225,7284.0,,猪瘦肉1510,30610.0,71.65,71.225
2015-09-25,HE1510,71.2,72.35,71.15,71.9,5339.0,,猪瘦肉1510,28396.0,71.875,71.9
2015-09-28,HE1510,72.325,72.5,71.15,71.45,4949.0,,猪瘦肉1510,26987.0,71.425,71.45
2015-09-29,HE1510,71.5,73.4,71.45,73.4,6843.0,,猪瘦肉1510,25417.0,73.25,73.4
2015-09-30,HE1510,73.275,74.5,72.65,73.25,7123.0,,猪瘦肉1510,24757.0,73.525,73.25
2015-10-01,HE1510,73.55,73.6,72.0,72.4,7544.0,,猪瘦肉1510,23453.0,72.625,72.4
2015-10-02,HE1510,72.375,74.3,72.325,73.275,5217.0,,猪瘦肉1510,22038.0,73.35,73.275
2015-10-05,HE1510,73.625,73.625,72.675,73.3,3140.0,,猪瘦肉1510,20566.0,73.0,73.3
2015-10-06,HE1510,73.25,73.925,73.25,73.75,4656.0,,猪瘦肉1510,19360.0,73.6,73.75
2015-10-07,HE1510,73.925,74.35,73.625,73.95,5418.0,,猪瘦肉1510,18229.0,73.825,73.95
2015-10-08,HE1510,74.15,74.275,73.625,74.2,3839.0,,猪瘦肉1510,17031.0,74.0,74.2
2015-10-09,HE1510,74.325,74.375,73.775,73.9,3282.0,,猪瘦肉1510,16454.0,73.825,73.9
2015-10-12,HE1510,74.275,74.425,74.125,74.35,2349.0,,猪瘦肉1510,15315.0,74.3,74.35
2015-10-13,HE1510,74.35,74.975,74.3,74.975,4019.0,,猪瘦肉1510,14701.0,74.85,74.975
2015-10-14,HE1510,75.0,75.2,75.0,75.1,1584.0,,猪瘦肉1510,13344.0,75.1,75.1
2015-10-16,HE1510,,,,74.98,0.0,,猪瘦肉1510,12713.0,74.98,74.98
