date,symbol,open,high,low,close,volume,amount,name,openinterest,settleprice,price
2014-06-16,HE1512,,,,81.25,0.0,,猪瘦肉1512,0.0,81.25,81.25
2014-06-17,HE1512,,,,79.5,0.0,,猪瘦肉1512,0.0,79.5,79.5
2014-06-18,HE1512,,,,79.0,0.0,,猪瘦肉1512,0.0,79.0,79.0
2014-06-19,HE1512,,,,78.5,0.0,,猪瘦肉1512,0.0,78.5,78.5
2014-06-20,HE1512,,,,78.5,0.0,,猪瘦肉1512,0.0,78.5,78.5
2014-06-23,HE1512,,,,78.5,0.0,,猪瘦肉1512,0.0,78.5,78.5
2014-06-24,HE1512,,,,78.5,0.0,,猪瘦肉1512,0.0,78.5,78.5
2014-06-25,HE1512,79.0,79.0,78.0,78.0,1.0,,猪瘦肉1512,0.0,78.0,78.0
2014-06-26,HE1512,78.5,78.5,77.0,77.0,2.0,,猪瘦肉1512,1.0,77.0,77.0
2014-06-27,HE1512,,,,77.0,0.0,,猪瘦肉1512,3.0,77.0,77.0
2014-06-30,HE1512,,,,77.25,0.0,,猪瘦肉1512,3.0,77.25,77.25
2014-07-01,HE1512,78.5,78.5,77.5,77.5,1.0,,猪瘦肉1512,3.0,77.5,77.5
2014-07-02,HE1512,79.0,79.0,77.5,77.5,4.0,,猪瘦肉1512,4.0,77.5,77.5
2014-07-03,HE1512,79.0,79.0,78.0,78.0,7.0,,猪瘦肉1512,7.0,78.0,78.0
2014-07-07,HE1512,78.0,78.5,78.0,78.5,1.0,,猪瘦肉1512,14.0,78.5,78.5
2014-07-08,HE1512,79.0,79.0,78.5,78.5,4.0,,猪瘦肉1512,14.0,78.5,78.5
2014-07-09,HE1512,79.0,79.0,78.5,78.5,8.0,,猪瘦肉1512,18.0,78.5,78.5
2014-07-10,HE1512,78.5,78.5,78.0,78.0,5.0,,猪瘦肉1512,25.0,78.0,78.0
2014-07-11,HE1512,79.0,79.0,78.0,78.0,1.0,,猪瘦肉1512,28.0,78.0,78.0
2014-07-14,HE1512,79.0,79.0,78.0,78.0,2.0,,猪瘦肉1512,29.0,78.0,78.0
2014-07-15,HE1512,79.0,79.0,79.0,79.0,9.0,,猪瘦肉1512,31.0,79.0,79.0
2014-07-16,HE1512,79.0,79.0,78.5,79.0,27.0,,猪瘦肉1512,36.0,79.0,79.0
2014-07-17,HE1512,78.5,78.8,78.4,78.8,3.0,,猪瘦肉1512,59.0,78.8,78.8
2014-07-18,HE1512,78.4,78.7,78.4,78.7,2.0,,猪瘦肉1512,62.0,78.7,78.7
2014-07-21,HE1512,78.5,78.5,78.175,78.5,11.0,,猪瘦肉1512,64.0,78.5,78.5
2014-07-22,HE1512,78.5,78.5,78.375,78.5,66.0,,猪瘦肉1512,74.0,78.5,78.5
2014-07-23,HE1512,78.5,78.5,78.1,78.45,59.0,,猪瘦肉1512,138.0,78.45,78.45
2014-07-24,HE1512,78.475,78.5,77.5,77.5,27.0,,猪瘦肉1512,194.0,77.5,77.5
2014-07-25,HE1512,78.25,78.3,78.0,78.0,16.0,,猪瘦肉1512,211.0,78.0,78.0
2014-07-28,HE1512,78.4,78.4,78.0,78.0,12.0,,猪瘦肉1512,225.0,78.0,78.0
2014-07-29,HE1512,78.15,78.15,77.15,77.15,15.0,,猪瘦肉1512,237.0,77.15,77.15
2014-07-30,HE1512,77.75,77.825,76.5,76.6,140.0,,猪瘦肉1512,251.0,76.6,76.6
2014-07-31,HE1512,76.65,77.025,76.6,76.6,3.0,,猪瘦肉1512,389.0,76.6,76.6
2014-08-01,HE1512,,,,76.6,0.0,,猪瘦肉1512,391.0,76.6,76.6
2014-08-04,HE1512,,,,76.6,0.0,,猪瘦肉1512,391.0,76.6,76.6
2014-08-05,HE1512,76.825,76.825,76.0,76.0,15.0,,猪瘦肉1512,391.0,76.0,76.0
2014-08-06,HE1512,76.5,76.5,75.9,75.9,3.0,,猪瘦肉1512,394.0,75.9,75.9
2014-08-07,HE1512,75.275,75.275,73.0,74.5,11.0,,猪瘦肉1512,397.0,74.5,74.5
2014-08-08,HE1512,74.35,74.35,74.0,74.0,1.0,,猪瘦肉1512,399.0,74.0,74.0
2014-08-11,HE1512,,,,74.0,0.0,,猪瘦肉1512,399.0,74.0,74.0
2014-08-12,HE1512,74.0,74.0,74.0,74.0,1.0,,猪瘦肉1512,399.0,74.0,74.0
2014-08-13,HE1512,74.1,74.2,74.0,74.0,2.0,,猪瘦肉1512,400.0,74.0,74.0
2014-08-14,HE1512,74.4,74.4,73.5,73.5,48.0,,猪瘦肉1512,401.0,73.5,73.5
2014-08-15,HE1512,74.7,74.85,73.5,73.5,26.0,,猪瘦肉1512,441.0,73.5,73.5
2014-08-18,HE1512,,,,73.5,2.0,,猪瘦肉1512,466.0,73.5,73.5
2014-08-19,HE1512,74.6,74.9,74.0,74.0,2.0,,猪瘦肉1512,468.0,74.0,74.0
2014-08-20,HE1512,74.0,74.25,73.75,73.75,25.0,,猪瘦肉1512,469.0,73.75,73.75
2014-08-21,HE1512,73.8,74.25,73.5,73.75,22.0,,猪瘦肉1512,480.0,73.75,73.75
2014-08-22,HE1512,,,,73.75,0.0,,猪瘦肉1512,497.0,73.75,73.75
2014-08-25,HE1512,,,,74.0,0.0,,猪瘦肉1512,497.0,74.0,74.0
2014-08-26,HE1512,74.725,75.1,74.0,74.0,13.0,,猪瘦肉1512,497.0,74.0,74.0
2014-08-27,HE1512,,,,74.1,0.0,,猪瘦肉1512,506.0,74.1,74.1
2014-08-28,HE1512,74.6,74.75,74.1,74.1,1.0,,猪瘦肉1512,506.0,74.1,74.1
2014-08-29,HE1512,75.225,75.25,74.5,74.5,46.0,,猪瘦肉1512,506.0,74.1,74.5
2014-09-02,HE1512,75.0,75.0,74.5,74.5,7.0,,猪瘦肉1512,537.0,74.5,74.5
2014-09-03,HE1512,74.25,74.875,74.0,74.0,10.0,,猪瘦肉1512,542.0,74.0,74.0
2014-09-04,HE1512,74.75,74.75,74.0,74.0,52.0,,猪瘦肉1512,548.0,74.0,74.0
2014-09-05,HE1512,75.0,75.0,74.0,74.0,24.0,,猪瘦肉1512,596.0,74.0,74.0
2014-09-08,HE1512,75.025,75.025,74.375,74.4,7.0,,猪瘦肉1512,610.0,74.4,74.4
2014-09-09,HE1512,74.8,75.0,74.4,74.4,12.0,,猪瘦肉1512,610.0,74.4,74.4
2014-09-10,HE1512,74.95,74.95,74.0,74.25,23.0,,猪瘦肉1512,614.0,74.25,74.25
2014-09-11,HE1512,74.6,74.95,74.05,74.05,54.0,,猪瘦肉1512,636.0,74.05,74.05
2014-09-12,HE1512,74.375,74.6,74.05,74.05,50.0,,猪瘦肉1512,660.0,74.05,74.05
2014-09-15,HE1512,74.05,74.35,74.05,74.05,11.0,,猪瘦肉1512,710.0,74.05,74.05
2014-09-16,HE1512,74.45,74.5,73.85,73.85,20.0,,猪瘦肉1512,712.0,73.85,73.85
2014-09-17,HE1512,74.25,74.4,73.55,73.75,15.0,,猪瘦肉1512,730.0,73.75,73.75
2014-09-18,HE1512,74.25,75.0,73.75,73.75,94.0,,猪瘦肉1512,743.0,73.75,73.75
2014-09-19,HE1512,74.95,74.95,74.0,74.0,4.0,,猪瘦肉1512,830.0,74.0,74.0
2014-09-22,HE1512,74.325,74.4,73.95,74.0,8.0,,猪瘦肉1512,830.0,74.0,74.0
2014-09-23,HE1512,74.0,74.5,73.65,73.75,54.0,,猪瘦肉1512,835.0,73.75,73.75
2014-09-24,HE1512,73.75,73.75,73.4,73.5,38.0,,猪瘦肉1512,847.0,73.5,73.5
2014-09-25,HE1512,73.5,73.5,72.3,72.5,50.0,,猪瘦肉1512,871.0,72.5,72.5
2014-09-26,HE1512,72.5,72.775,72.2,72.25,23.0,,猪瘦肉1512,902.0,72.25,72.25
2014-09-29,HE1512,71.5,72.4,71.25,71.75,11.0,,猪瘦肉1512,908.0,71.75,71.75
2014-09-30,HE1512,71.9,72.5,71.775,72.25,6.0,,猪瘦肉1512,911.0,72.25,72.25
2014-10-01,HE1512,71.975,72.525,71.975,72.25,3.0,,猪瘦肉1512,911.0,72.25,72.25
2014-10-02,HE1512,73.0,73.25,72.7,72.8,49.0,,猪瘦肉1512,911.0,72.8,72.8
2014-10-03,HE1512,73.15,73.15,72.0,72.5,10.0,,猪瘦肉1512,927.0,72.5,72.5
2014-10-06,HE1512,73.0,73.0,73.0,73.0,3.0,,猪瘦肉1512,929.0,73.0,73.0
2014-10-07,HE1512,73.1,73.1,72.425,72.75,10.0,,猪瘦肉1512,926.0,72.75,72.75
2014-10-08,HE1512,72.75,73.15,72.75,72.75,6.0,,猪瘦肉1512,919.0,72.75,72.75
2014-10-09,HE1512,73.15,73.15,73.0,73.0,126.0,,猪瘦肉1512,922.0,73.0,73.0
2014-10-10,HE1512,73.0,73.1,73.0,73.0,17.0,,猪瘦肉1512,1010.0,73.0,73.0
2014-10-13,HE1512,73.0,73.0,73.0,73.0,10.0,,猪瘦肉1512,1010.0,73.0,73.0
2014-10-14,HE1512,73.0,73.35,73.0,73.0,3.0,,猪瘦肉1512,1014.0,73.0,73.0
2014-10-15,HE1512,73.0,73.15,71.8,72.0,72.0,,猪瘦肉1512,1017.0,72.0,72.0
2014-10-16,HE1512,72.2,72.2,71.6,72.0,9.0,,猪瘦肉1512,1062.0,72.0,72.0
2014-10-17,HE1512,72.025,73.45,72.025,72.5,36.0,,猪瘦肉1512,1064.0,72.5,72.5
2014-10-20,HE1512,,,,72.4,1.0,,猪瘦肉1512,1075.0,72.4,72.4
2014-10-21,HE1512,,,,72.4,0.0,,猪瘦肉1512,1075.0,72.4,72.4
2014-10-22,HE1512,73.0,73.0,72.4,72.4,2.0,,猪瘦肉1512,1075.0,72.4,72.4
2014-10-23,HE1512,73.2,73.45,72.4,72.4,11.0,,猪瘦肉1512,1075.0,72.4,72.4
2014-10-24,HE1512,72.4,73.45,72.4,72.8,7.0,,猪瘦肉1512,1086.0,72.8,72.8
2014-10-27,HE1512,72.7,73.5,72.4,73.5,43.0,,猪瘦肉1512,1086.0,73.5,73.5
2014-10-28,HE1512,73.9,74.0,73.6,73.6,34.0,,猪瘦肉1512,1124.0,73.6,73.6
2014-10-29,HE1512,73.6,73.9,73.5,73.6,7.0,,猪瘦肉1512,1139.0,73.6,73.6
2014-10-30,HE1512,73.575,73.75,73.2,73.5,13.0,,猪瘦肉1512,1136.0,73.5,73.5
2014-10-31,HE1512,73.65,73.9,73.4,73.4,11.0,,猪瘦肉1512,1143.0,73.4,73.4
2014-11-03,HE1512,73.9,74.0,73.5,73.5,13.0,,猪瘦肉1512,1147.0,73.5,73.5
2014-11-04,HE1512,74.1,74.1,73.5,73.5,11.0,,猪瘦肉1512,1153.0,73.5,73.5
2014-11-05,HE1512,73.9,74.05,73.5,73.5,42.0,,猪瘦肉1512,1156.0,73.5,73.5
2014-11-06,HE1512,74.1,74.25,73.275,73.3,224.0,,猪瘦肉1512,1171.0,73.3,73.3
2014-11-07,HE1512,73.525,74.0,73.3,73.3,43.0,,猪瘦肉1512,1258.0,73.3,73.3
2014-11-10,HE1512,73.925,73.975,73.6,73.6,4.0,,猪瘦肉1512,1264.0,73.6,73.6
2014-11-11,HE1512,73.975,74.4,73.75,73.75,10.0,,猪瘦肉1512,1267.0,73.75,73.75
2014-11-12,HE1512,73.95,74.175,73.95,73.95,1.0,,猪瘦肉1512,1277.0,73.95,73.95
2014-11-13,HE1512,74.45,76.0,74.425,75.3,112.0,,猪瘦肉1512,1276.0,75.3,75.3
2014-11-14,HE1512,75.25,75.35,75.0,75.1,91.0,,猪瘦肉1512,1305.0,75.1,75.1
2014-11-17,HE1512,75.35,75.525,75.1,75.1,49.0,,猪瘦肉1512,1361.0,75.1,75.1
2014-11-18,HE1512,75.4,75.8,75.25,75.25,133.0,,猪瘦肉1512,1384.0,75.25,75.25
2014-11-19,HE1512,75.5,75.825,75.3,75.35,165.0,,猪瘦肉1512,1464.0,75.35,75.35
2014-11-20,HE1512,75.8,76.3,75.35,76.0,120.0,,猪瘦肉1512,1606.0,76.0,76.0
2014-11-21,HE1512,76.3,76.7,76.275,76.3,155.0,,猪瘦肉1512,1680.0,76.3,76.3
2014-11-24,HE1512,76.7,77.0,76.375,76.5,271.0,,猪瘦肉1512,1795.0,76.3,76.5
2014-11-25,HE1512,76.375,77.25,76.375,76.5,222.0,,猪瘦肉1512,2043.0,76.3,76.5
2014-11-26,HE1512,76.575,76.9,76.3,76.3,50.0,,猪瘦肉1512,2184.0,76.3,76.3
2014-11-28,HE1512,76.55,76.55,75.975,76.0,32.0,,猪瘦肉1512,2219.0,76.0,76.0
2014-12-01,HE1512,75.95,76.55,75.9,75.9,71.0,,猪瘦肉1512,2237.0,75.9,75.9
2014-12-02,HE1512,76.25,76.575,76.1,76.1,65.0,,猪瘦肉1512,2240.0,75.9,76.1
2014-12-03,HE1512,75.825,75.975,75.25,75.3,97.0,,猪瘦肉1512,2241.0,75.3,75.3
2014-12-04,HE1512,75.325,75.675,75.0,75.1,34.0,,猪瘦肉1512,2223.0,75.1,75.1
2014-12-05,HE1512,75.5,75.65,75.0,75.0,61.0,,猪瘦肉1512,2223.0,75.0,75.0
2014-12-08,HE1512,75.275,75.35,74.75,74.8,65.0,,猪瘦肉1512,2262.0,74.8,74.8
2014-12-09,HE1512,74.5,74.9,74.4,74.4,37.0,,猪瘦肉1512,2291.0,74.4,74.4
2014-12-10,HE1512,74.975,75.0,74.0,74.6,60.0,,猪瘦肉1512,2308.0,74.4,74.6
2014-12-11,HE1512,74.425,74.45,74.1,74.2,32.0,,猪瘦肉1512,2332.0,74.2,74.2
2014-12-12,HE1512,73.9,74.525,73.75,73.8,102.0,,猪瘦肉1512,2321.0,73.8,73.8
2014-12-15,HE1512,73.8,73.825,73.125,73.4,69.0,,猪瘦肉1512,2343.0,73.6,73.4
2014-12-16,HE1512,73.95,73.95,72.4,73.225,138.0,,猪瘦肉1512,2351.0,73.0,73.225
2014-12-17,HE1512,71.575,72.6,71.2,72.5,121.0,,猪瘦肉1512,2400.0,72.25,72.5
2014-12-18,HE1512,71.7,73.275,71.7,73.0,64.0,,猪瘦肉1512,2382.0,73.025,73.0
2014-12-19,HE1512,72.8,73.275,72.45,72.5,45.0,,猪瘦肉1512,2401.0,72.45,72.5
2014-12-22,HE1512,72.325,72.575,70.125,71.0,88.0,,猪瘦肉1512,2400.0,70.375,71.0
2014-12-23,HE1512,70.875,70.875,69.7,70.075,259.0,,猪瘦肉1512,2407.0,69.95,70.075
2014-12-24,HE1512,69.975,70.55,69.95,70.4,74.0,,猪瘦肉1512,2592.0,70.425,70.4
2014-12-26,HE1512,70.825,71.0,70.4,70.925,26.0,,猪瘦肉1512,2620.0,71.275,70.925
2014-12-29,HE1512,71.475,72.5,71.475,71.775,104.0,,猪瘦肉1512,2620.0,72.25,71.775
2014-12-30,HE1512,72.225,72.55,71.7,72.2,58.0,,猪瘦肉1512,2606.0,72.2,72.2
2014-12-31,HE1512,72.675,72.875,72.5,72.5,41.0,,猪瘦肉1512,2597.0,72.5,72.5
2015-01-02,HE1512,72.875,73.0,72.85,73.0,26.0,,猪瘦肉1512,2603.0,73.0,73.0
2015-01-05,HE1512,73.25,73.425,72.4,73.3,140.0,,猪瘦肉1512,2621.0,73.275,73.3
2015-01-06,HE1512,73.25,73.25,72.025,73.0,98.0,,猪瘦肉1512,2700.0,73.0,73.0
2015-01-07,HE1512,72.9,73.25,72.75,73.25,96.0,,猪瘦肉1512,2715.0,73.25,73.25
2015-01-08,HE1512,72.725,73.0,71.9,72.2,107.0,,猪瘦肉1512,2731.0,72.125,72.2
2015-01-09,HE1512,71.9,72.25,71.8,72.2,192.0,,猪瘦肉1512,2737.0,72.15,72.2
2015-01-12,HE1512,71.5,71.6,71.0,71.4,73.0,,猪瘦肉1512,2770.0,71.4,71.4
2015-01-13,HE1512,71.575,71.575,70.525,70.85,299.0,,猪瘦肉1512,2767.0,70.8,70.85
2015-01-14,HE1512,70.775,72.3,70.725,72.15,169.0,,猪瘦肉1512,2862.0,72.15,72.15
2015-01-15,HE1512,72.15,72.9,71.575,72.5,267.0,,猪瘦肉1512,2912.0,72.4,72.5
2015-01-16,HE1512,72.15,72.175,71.45,71.75,288.0,,猪瘦肉1512,2940.0,71.75,71.75
2015-01-20,HE1512,71.325,71.325,68.9,69.45,223.0,,猪瘦肉1512,2974.0,69.2,69.45
2015-01-21,HE1512,69.675,69.675,68.725,69.2,36.0,,猪瘦肉1512,3022.0,69.2,69.2
2015-01-22,HE1512,69.125,69.725,67.9,68.9,174.0,,猪瘦肉1512,3028.0,68.9,68.9
2015-01-23,HE1512,68.0,68.0,66.05,66.1,169.0,,猪瘦肉1512,3059.0,66.1,66.1
2015-01-26,HE1512,66.5,68.475,66.175,68.4,121.0,,猪瘦肉1512,3097.0,68.4,68.4
2015-01-27,HE1512,68.125,68.55,67.475,68.3,174.0,,猪瘦肉1512,3107.0,68.025,68.3
2015-01-28,HE1512,67.25,71.025,67.25,70.45,293.0,,猪瘦肉1512,3126.0,70.45,70.45
2015-01-29,HE1512,69.85,70.35,68.65,69.1,225.0,,猪瘦肉1512,3235.0,69.1,69.1
2015-01-30,HE1512,69.05,69.5,68.25,69.5,98.0,,猪瘦肉1512,3312.0,69.45,69.5
2015-02-02,HE1512,68.725,69.55,68.725,69.3,70.0,,猪瘦肉1512,3349.0,69.3,69.3
2015-02-03,HE1512,68.7,69.275,68.3,68.75,119.0,,猪瘦肉1512,3374.0,68.75,68.75
2015-02-04,HE1512,68.5,68.5,67.1,68.0,399.0,,猪瘦肉1512,3438.0,68.0,68.0
2015-02-05,HE1512,67.875,67.875,66.5,67.65,156.0,,猪瘦肉1512,3584.0,67.475,67.65
2015-02-06,HE1512,67.65,68.975,67.65,68.775,688.0,,猪瘦肉1512,3639.0,68.8,68.775
2015-02-09,HE1512,68.4,68.925,67.6,68.7,611.0,,猪瘦肉1512,3917.0,68.8,68.7
2015-02-10,HE1512,68.95,69.375,67.875,68.5,244.0,,猪瘦肉1512,4308.0,68.5,68.5
2015-02-11,HE1512,68.1,68.1,66.275,66.6,386.0,,猪瘦肉1512,4454.0,66.575,66.6
2015-02-12,HE1512,66.6,67.0,66.45,66.9,230.0,,猪瘦肉1512,4607.0,66.875,66.9
2015-02-13,HE1512,66.675,68.0,66.475,67.0,325.0,,猪瘦肉1512,4709.0,67.0,67.0
2015-02-17,HE1512,66.9,66.9,65.2,65.4,472.0,,猪瘦肉1512,4777.0,65.425,65.4
2015-02-18,HE1512,65.2,65.8,64.575,65.1,745.0,,猪瘦肉1512,4869.0,65.1,65.1
2015-02-19,HE1512,65.2,66.15,65.175,65.5,607.0,,猪瘦肉1512,5167.0,65.475,65.5
2015-02-20,HE1512,65.625,65.625,63.825,64.7,708.0,,猪瘦肉1512,5405.0,64.7,64.7
2015-02-23,HE1512,65.0,66.0,64.975,65.5,1137.0,,猪瘦肉1512,5686.0,65.65,65.5
2015-02-24,HE1512,65.7,67.525,65.275,67.4,1133.0,,猪瘦肉1512,6360.0,67.4,67.4
2015-02-25,HE1512,67.4,68.1,67.2,67.9,596.0,,猪瘦肉1512,6536.0,67.875,67.9
2015-02-26,HE1512,67.3,67.8,66.525,67.4,455.0,,猪瘦肉1512,6647.0,67.4,67.4
2015-02-27,HE1512,67.575,68.6,67.4,68.2,335.0,,猪瘦肉1512,6785.0,68.2,68.2
2015-03-02,HE1512,68.225,68.95,68.1,68.6,399.0,,猪瘦肉1512,6866.0,68.55,68.6
2015-03-03,HE1512,68.175,68.25,66.35,66.85,791.0,,猪瘦肉1512,6959.0,66.85,66.85
2015-03-04,HE1512,66.5,69.0,65.525,68.2,557.0,,猪瘦肉1512,7128.0,68.2,68.2
2015-03-05,HE1512,67.9,68.175,66.7,67.3,378.0,,猪瘦肉1512,7289.0,67.3,67.3
2015-03-06,HE1512,66.625,67.0,66.2,66.9,759.0,,猪瘦肉1512,7390.0,66.9,66.9
2015-03-09,HE1512,66.9,67.6,66.35,67.0,690.0,,猪瘦肉1512,7465.0,67.1,67.0
2015-03-10,HE1512,66.95,67.65,66.3,67.25,1041.0,,猪瘦肉1512,7716.0,67.325,67.25
2015-03-11,HE1512,66.925,67.025,65.05,65.7,996.0,,猪瘦肉1512,7807.0,65.725,65.7
2015-03-12,HE1512,65.3,65.725,63.15,65.0,1045.0,,猪瘦肉1512,8131.0,65.025,65.0
2015-03-13,HE1512,64.6,64.6,62.875,63.3,412.0,,猪瘦肉1512,8186.0,63.275,63.3
2015-03-16,HE1512,62.275,62.9,61.6,62.8,380.0,,猪瘦肉1512,8292.0,62.825,62.8
2015-03-17,HE1512,63.05,63.725,63.05,63.6,221.0,,猪瘦肉1512,8362.0,63.475,63.6
2015-03-18,HE1512,63.475,63.775,62.5,63.0,334.0,,猪瘦肉1512,8379.0,62.95,63.0
2015-03-19,HE1512,62.45,62.85,61.5,61.9,446.0,,猪瘦肉1512,8488.0,61.95,61.9
2015-03-20,HE1512,62.425,62.825,61.4,61.4,432.0,,猪瘦肉1512,8543.0,61.4,61.4
2015-03-23,HE1512,61.45,62.6,61.45,62.4,412.0,,猪瘦肉1512,8599.0,62.4,62.4
2015-03-24,HE1512,62.2,64.75,61.875,64.5,1484.0,,猪瘦肉1512,8676.0,64.475,64.5
2015-03-25,HE1512,63.825,64.375,63.0,64.35,1152.0,,猪瘦肉1512,9153.0,64.25,64.35
2015-03-26,HE1512,64.1,64.425,63.475,64.0,1080.0,,猪瘦肉1512,9826.0,63.95,64.0
2015-03-27,HE1512,63.725,63.825,63.175,63.7,994.0,,猪瘦肉1512,10366.0,63.675,63.7
2015-03-30,HE1512,63.5,65.675,63.3,65.25,844.0,,猪瘦肉1512,10935.0,65.275,65.25
2015-03-31,HE1512,65.475,66.925,65.475,66.05,783.0,,猪瘦肉1512,11080.0,66.1,66.05
2015-04-01,HE1512,66.2,67.15,66.1,67.0,511.0,,猪瘦肉1512,11137.0,66.975,67.0
2015-04-02,HE1512,66.975,67.25,65.625,66.7,718.0,,猪瘦肉1512,11317.0,66.7,66.7
2015-04-06,HE1512,66.9,67.5,66.9,67.5,354.0,,猪瘦肉1512,11637.0,67.475,67.5
2015-04-07,HE1512,67.475,67.625,66.925,67.3,418.0,,猪瘦肉1512,11770.0,67.275,67.3
2015-04-08,HE1512,67.275,68.175,67.0,68.0,1194.0,,猪瘦肉1512,11770.0,67.975,68.0
2015-04-09,HE1512,67.925,68.175,67.05,67.6,2164.0,,猪瘦肉1512,12226.0,67.6,67.6
2015-04-10,HE1512,67.9,68.3,67.4,68.3,1054.0,,猪瘦肉1512,13149.0,68.25,68.3
2015-04-13,HE1512,67.9,68.875,67.35,68.1,1884.0,,猪瘦肉1512,13250.0,68.1,68.1
2015-04-14,HE1512,68.1,68.9,67.7,68.9,2009.0,,猪瘦肉1512,13604.0,68.8,68.9
2015-04-15,HE1512,68.475,68.7,67.175,67.7,3464.0,,猪瘦肉1512,14186.0,67.4,67.7
2015-04-16,HE1512,67.4,68.65,67.2,68.45,1673.0,,猪瘦肉1512,15706.0,68.4,68.45
2015-04-17,HE1512,68.125,68.225,67.5,67.85,921.0,,猪瘦肉1512,16383.0,67.875,67.85
2015-04-20,HE1512,67.675,67.9,66.875,67.6,560.0,,猪瘦肉1512,16796.0,67.475,67.6
2015-04-21,HE1512,67.25,68.85,67.25,68.35,1355.0,,猪瘦肉1512,16862.0,68.375,68.35
2015-04-22,HE1512,68.15,68.2,66.7,67.0,1001.0,,猪瘦肉1512,17122.0,67.025,67.0
2015-04-23,HE1512,67.025,68.75,66.95,68.65,1540.0,,猪瘦肉1512,17242.0,68.65,68.65
2015-04-24,HE1512,68.5,69.0,68.15,68.9,1991.0,,猪瘦肉1512,17406.0,68.9,68.9
2015-04-27,HE1512,68.8,69.0,68.425,68.7,1534.0,,猪瘦肉1512,17760.0,68.675,68.7
2015-04-28,HE1512,68.6,68.95,68.425,68.6,1882.0,,猪瘦肉1512,18048.0,68.6,68.6
2015-04-29,HE1512,68.95,69.1,68.625,69.0,2129.0,,猪瘦肉1512,18581.0,69.0,69.0
2015-04-30,HE1512,69.1,69.325,68.2,68.65,3191.0,,猪瘦肉1512,18972.0,68.65,68.65
2015-05-01,HE1512,69.1,69.4,68.65,69.25,1792.0,,猪瘦肉1512,19756.0,69.3,69.25
2015-05-04,HE1512,69.35,69.9,69.275,69.825,2402.0,,猪瘦肉1512,20291.0,69.85,69.825
2015-05-05,HE1512,69.85,70.275,69.1,69.45,3456.0,,猪瘦肉1512,21081.0,69.475,69.45
2015-05-06,HE1512,69.6,70.325,69.55,70.15,2405.0,,猪瘦肉1512,22754.0,70.2,70.15
2015-05-07,HE1512,70.2,70.45,69.8,70.25,2544.0,,猪瘦肉1512,23533.0,70.3,70.25
2015-05-08,HE1512,70.3,70.775,69.9,70.575,2516.0,,猪瘦肉1512,23631.0,70.525,70.575
2015-05-11,HE1512,70.3,70.55,69.875,70.0,1302.0,,猪瘦肉1512,24163.0,70.025,70.0
2015-05-12,HE1512,70.425,70.8,69.75,70.5,1629.0,,猪瘦肉1512,24117.0,70.6,70.5
2015-05-13,HE1512,70.6,70.6,69.85,70.025,1877.0,,猪瘦肉1512,24494.0,70.05,70.025
2015-05-14,HE1512,70.075,70.1,69.275,69.7,1348.0,,猪瘦肉1512,24762.0,69.675,69.7
2015-05-15,HE1512,69.65,70.1,68.375,69.95,1699.0,,猪瘦肉1512,24917.0,69.95,69.95
2015-05-18,HE1512,69.925,70.4,69.55,70.35,1746.0,,猪瘦肉1512,25272.0,70.3,70.35
2015-05-19,HE1512,70.225,70.35,69.85,70.2,1775.0,,猪瘦肉1512,25591.0,70.2,70.2
2015-05-20,HE1512,70.25,70.4,69.9,70.25,1630.0,,猪瘦肉1512,25906.0,70.25,70.25
2015-05-21,HE1512,70.075,70.525,69.725,70.2,2163.0,,猪瘦肉1512,26337.0,70.2,70.2
2015-05-22,HE1512,69.925,70.3,69.825,70.3,2884.0,,猪瘦肉1512,26581.0,70.25,70.3
2015-05-26,HE1512,69.875,70.15,69.6,70.1,1760.0,,猪瘦肉1512,27393.0,70.075,70.1
2015-05-27,HE1512,70.2,70.275,69.675,69.8,1510.0,,猪瘦肉1512,27562.0,69.8,69.8
2015-05-28,HE1512,70.075,70.175,69.55,70.1,1530.0,,猪瘦肉1512,27867.0,70.1,70.1
2015-05-29,HE1512,70.3,70.3,68.725,69.3,2011.0,,猪瘦肉1512,28301.0,69.225,69.3
2015-06-01,HE1512,69.05,69.8,68.825,69.8,1176.0,,猪瘦肉1512,28298.0,69.775,69.8
2015-06-02,HE1512,69.5,69.65,68.925,69.3,1510.0,,猪瘦肉1512,28722.0,69.25,69.3
2015-06-03,HE1512,69.25,69.35,67.825,68.3,2534.0,,猪瘦肉1512,29315.0,68.1,68.3
2015-06-04,HE1512,67.9,68.0,66.45,66.75,2156.0,,猪瘦肉1512,30303.0,66.65,66.75
2015-06-05,HE1512,66.45,67.5,66.425,67.2,4239.0,,猪瘦肉1512,30272.0,67.2,67.2
2015-06-08,HE1512,67.2,67.375,66.725,67.3,3693.0,,猪瘦肉1512,30745.0,67.275,67.3
2015-06-09,HE1512,67.175,67.175,66.375,66.8,4873.0,,猪瘦肉1512,30842.0,66.775,66.8
2015-06-10,HE1512,66.825,67.25,66.5,66.775,4631.0,,猪瘦肉1512,31170.0,66.725,66.775
2015-06-11,HE1512,66.675,66.7,65.65,66.3,4670.0,,猪瘦肉1512,31530.0,66.275,66.3
2015-06-12,HE1512,65.725,65.825,64.575,64.75,2605.0,,猪瘦肉1512,32085.0,64.7,64.75
2015-06-15,HE1512,64.5,64.5,62.05,62.95,3466.0,,猪瘦肉1512,32662.0,63.0,62.95
2015-06-16,HE1512,62.575,63.275,62.125,62.8,3554.0,,猪瘦肉1512,32901.0,62.8,62.8
2015-06-17,HE1512,63.125,64.175,63.0,64.15,4103.0,,猪瘦肉1512,33604.0,64.05,64.15
2015-06-18,HE1512,64.175,64.325,63.0,63.65,3026.0,,猪瘦肉1512,35338.0,63.525,63.65
2015-06-19,HE1512,63.0,63.175,61.325,61.65,4218.0,,猪瘦肉1512,35884.0,61.65,61.65
2015-06-22,HE1512,61.1,61.35,59.175,60.75,4037.0,,猪瘦肉1512,36721.0,60.725,60.75
2015-06-23,HE1512,60.9,62.0,60.6,61.0,5753.0,,猪瘦肉1512,36719.0,60.95,61.0
2015-06-24,HE1512,61.0,61.575,60.75,60.95,4065.0,,猪瘦肉1512,38300.0,60.875,60.95
2015-06-25,HE1512,60.975,61.25,60.15,60.7,4061.0,,猪瘦肉1512,39887.0,60.625,60.7
2015-06-26,HE1512,60.825,61.475,60.525,61.25,4313.0,,猪瘦肉1512,40710.0,61.225,61.25
2015-06-29,HE1512,62.175,63.45,61.6,63.05,9475.0,,猪瘦肉1512,41404.0,63.05,63.05
2015-06-30,HE1512,63.325,64.75,63.2,64.3,6362.0,,猪瘦肉1512,42397.0,64.225,64.3
2015-07-01,HE1512,64.0,64.65,63.2,63.6,5516.0,,猪瘦肉1512,43453.0,63.5,63.6
2015-07-02,HE1512,63.3,63.95,62.65,63.8,5435.0,,猪瘦肉1512,44580.0,63.8,63.8
2015-07-06,HE1512,63.8,63.8,62.625,63.35,6308.0,,猪瘦肉1512,45729.0,63.375,63.35
2015-07-07,HE1512,63.375,63.95,62.8,63.6,3997.0,,猪瘦肉1512,46471.0,63.65,63.6
2015-07-08,HE1512,63.65,63.95,61.6,62.65,6631.0,,猪瘦肉1512,47626.0,62.775,62.65
2015-07-09,HE1512,62.825,63.1,59.775,59.775,6724.0,,猪瘦肉1512,46860.0,59.975,59.775
2015-07-10,HE1512,59.975,60.3,58.65,58.95,8223.0,,猪瘦肉1512,46120.0,59.1,58.95
2015-07-13,HE1512,59.025,59.95,57.05,59.775,6630.0,,猪瘦肉1512,46923.0,59.175,59.775
2015-07-14,HE1512,59.825,62.05,59.825,61.425,7071.0,,猪瘦肉1512,46368.0,61.225,61.425
2015-07-15,HE1512,61.425,62.0,60.9,61.5,6434.0,,猪瘦肉1512,45988.0,61.5,61.5
2015-07-16,HE1512,61.8,61.9,60.95,61.4,4192.0,,猪瘦肉1512,46046.0,61.575,61.4
2015-07-17,HE1512,61.45,61.475,60.4,60.45,4890.0,,猪瘦肉1512,46180.0,60.675,60.45
2015-07-20,HE1512,60.5,61.175,60.2,60.6,5591.0,,猪瘦肉1512,45363.0,60.5,60.6
2015-07-21,HE1512,60.7,60.9,59.05,60.125,5681.0,,猪瘦肉1512,44363.0,59.75,60.125
2015-07-22,HE1512,60.475,62.75,60.275,62.15,8374.0,,猪瘦肉1512,44461.0,62.375,62.15
2015-07-23,HE1512,62.2,62.5,61.5,62.0,4147.0,,猪瘦肉1512,45152.0,61.75,62.0
2015-07-24,HE1512,62.1,62.4,61.275,61.525,5989.0,,猪瘦肉1512,45536.0,61.525,61.525
2015-07-27,HE1512,61.125,61.45,59.775,60.65,7125.0,,猪瘦肉1512,45833.0,60.675,60.65
2015-07-28,HE1512,60.55,62.35,60.275,62.025,6015.0,,猪瘦肉1512,46709.0,61.575,62.025
2015-07-29,HE1512,62.05,63.525,61.85,62.425,9476.0,,猪瘦肉1512,47501.0,61.925,62.425
2015-07-30,HE1512,62.375,63.1,61.675,61.85,4424.0,,猪瘦肉1512,48711.0,61.95,61.85
2015-07-31,HE1512,62.0,62.05,59.85,60.475,8076.0,,猪瘦肉1512,48806.0,60.45,60.475
2015-08-03,HE1512,60.975,62.3,60.8,62.3,5432.0,,猪瘦肉1512,49589.0,61.9,62.3
2015-08-04,HE1512,62.4,63.4,61.3,63.1,8384.0,,猪瘦肉1512,49697.0,63.15,63.1
2015-08-05,HE1512,63.2,63.375,61.675,62.975,6225.0,,猪瘦肉1512,49565.0,62.825,62.975
2015-08-06,HE1512,63.1,63.125,60.275,60.725,5753.0,,猪瘦肉1512,50336.0,60.7,60.725
2015-08-07,HE1512,60.3,61.4,59.9,60.625,6921.0,,猪瘦肉1512,50983.0,60.475,60.625
2015-08-10,HE1512,60.725,60.875,59.075,59.275,5410.0,,猪瘦肉1512,50389.0,59.45,59.275
2015-08-11,HE1512,59.375,60.025,58.9,59.95,5822.0,,猪瘦肉1512,50569.0,59.4,59.95
2015-08-12,HE1512,59.85,61.15,59.725,60.6,6534.0,,猪瘦肉1512,50821.0,60.1,60.6
2015-08-13,HE1512,60.6,61.8,60.075,61.3,8782.0,,猪瘦肉1512,51285.0,61.225,61.3
2015-08-14,HE1512,61.7,62.175,61.025,62.05,7078.0,,猪瘦肉1512,51006.0,61.95,62.05
2015-08-17,HE1512,62.4,62.8,62.025,62.4,5470.0,,猪瘦肉1512,50222.0,62.3,62.4
2015-08-18,HE1512,62.125,62.475,61.275,62.45,3451.0,,猪瘦肉1512,50485.0,62.25,62.45
2015-08-19,HE1512,61.875,62.425,60.85,61.75,4439.0,,猪瘦肉1512,50146.0,62.275,61.75
2015-08-20,HE1512,61.65,61.8,60.675,61.1,3897.0,,猪瘦肉1512,49802.0,61.3,61.1
2015-08-21,HE1512,60.775,61.325,58.7,58.875,5070.0,,猪瘦肉1512,50125.0,59.0,58.875
2015-08-24,HE1512,58.025,62.0,57.825,61.975,7887.0,,猪瘦肉1512,50400.0,62.0,61.975
2015-08-25,HE1512,62.7,63.5,62.0,63.375,8416.0,,猪瘦肉1512,50312.0,63.475,63.375
2015-08-26,HE1512,63.475,63.65,61.825,62.65,6454.0,,猪瘦肉1512,50851.0,62.3,62.65
2015-08-27,HE1512,62.425,62.55,61.65,61.65,5199.0,,猪瘦肉1512,51551.0,62.05,61.65
2015-08-28,HE1512,61.625,62.55,61.125,62.05,7116.0,,猪瘦肉1512,51802.0,62.05,62.05
2015-08-31,HE1512,62.175,64.0,61.975,63.9,6237.0,,猪瘦肉1512,52719.0,63.625,63.9
2015-09-01,HE1512,63.6,64.025,62.55,63.3,10158.0,,猪瘦肉1512,53819.0,62.975,63.3
2015-09-02,HE1512,63.225,64.875,63.15,64.375,12240.0,,猪瘦肉1512,54138.0,64.675,64.375
2015-09-03,HE1512,64.425,64.6,63.775,64.15,8149.0,,猪瘦肉1512,56508.0,64.025,64.15
2015-09-04,HE1512,63.975,64.275,63.225,63.375,9719.0,,猪瘦肉1512,57728.0,63.35,63.375
2015-09-08,HE1512,63.675,64.1,62.95,63.875,12534.0,,猪瘦肉1512,59870.0,63.6,63.875
2015-09-09,HE1512,63.7,64.15,63.075,63.575,14043.0,,猪瘦肉1512,62132.0,63.55,63.575
2015-09-10,HE1512,63.75,64.025,63.275,63.6,11891.0,,猪瘦肉1512,65980.0,63.55,63.6
2015-09-11,HE1512,63.525,63.675,62.175,62.875,14522.0,,猪瘦肉1512,69002.0,62.65,62.875
2015-09-14,HE1512,62.65,63.15,61.75,62.1,11668.0,,猪瘦肉1512,73054.0,62.25,62.1
2015-09-15,HE1512,62.2,64.475,62.15,63.85,14672.0,,猪瘦肉1512,77915.0,63.85,63.85
2015-09-16,HE1512,63.725,64.225,61.5,62.675,13734.0,,猪瘦肉1512,78790.0,62.075,62.675
2015-09-17,HE1512,62.4,64.85,62.15,63.85,13865.0,,猪瘦肉1512,79569.0,64.35,63.85
2015-09-18,HE1512,64.05,64.55,63.275,64.0,12030.0,,猪瘦肉1512,79998.0,64.15,64.0
2015-09-21,HE1512,64.175,65.2,64.175,65.025,11673.0,,猪瘦肉1512,80710.0,64.975,65.025
2015-09-22,HE1512,65.15,65.2,64.325,64.875,12024.0,,猪瘦肉1512,82230.0,64.75,64.875
2015-09-23,HE1512,65.15,65.5,63.85,64.15,11765.0,,猪瘦肉1512,83284.0,64.225,64.15
2015-09-24,HE1512,64.15,65.9,63.6,65.375,17800.0,,猪瘦肉1512,84581.0,65.825,65.375
2015-09-25,HE1512,65.4,66.55,65.2,65.6,14519.0,,猪瘦肉1512,86425.0,65.775,65.6
2015-09-28,HE1512,66.2,66.45,65.275,65.925,9460.0,,猪瘦肉1512,87732.0,65.75,65.925
2015-09-29,HE1512,65.8,67.275,65.8,66.975,12049.0,,猪瘦肉1512,88281.0,67.05,66.975
2015-09-30,HE1512,66.7,67.6,66.5,66.525,13496.0,,猪瘦肉1512,89408.0,66.725,66.525
2015-10-01,HE1512,66.625,66.625,64.0,64.825,21313.0,,猪瘦肉1512,89733.0,64.525,64.825
2015-10-02,HE1512,64.825,66.175,64.55,65.675,13400.0,,猪瘦肉1512,90964.0,65.375,65.675
2015-10-05,HE1512,65.55,65.95,64.3,65.3,10242.0,,猪瘦肉1512,91043.0,64.725,65.3
2015-10-06,HE1512,65.15,67.075,65.05,66.975,16698.0,,猪瘦肉1512,90267.0,66.725,66.975
2015-10-07,HE1512,67.3,67.475,65.6,66.325,17841.0,,猪瘦肉1512,90803.0,65.975,66.325
2015-10-08,HE1512,66.3,66.6,65.2,66.375,11110.0,,猪瘦肉1512,90814.0,66.15,66.375
2015-10-09,HE1512,66.65,67.275,66.0,66.475,11268.0,,猪瘦肉1512,90900.0,66.125,66.475
2015-10-12,HE1512,66.325,67.125,66.325,67.1,8489.0,,猪瘦肉1512,90011.0,66.5,67.1
2015-10-13,HE1512,66.975,68.375,66.75,67.3,19610.0,,猪瘦肉1512,89620.0,67.575,67.3
2015-10-14,HE1512,67.6,68.075,66.4,66.85,14852.0,,猪瘦肉1512,91396.0,66.825,66.85
2015-10-15,HE1512,66.95,67.125,66.15,66.6,12468.0,,猪瘦肉1512,91280.0,66.825,66.6
2015-10-16,HE1512,66.525,66.675,65.25,65.475,13515.0,,猪瘦肉1512,91392.0,65.575,65.475
2015-10-19,HE1512,65.375,66.725,65.025,66.0,16041.0,,猪瘦肉1512,91864.0,65.975,66.0
2015-10-20,HE1512,66.4,68.825,66.25,68.25,22812.0,,猪瘦肉1512,91724.0,67.85,68.25
2015-10-21,HE1512,68.5,68.775,66.65,67.575,21423.0,,猪瘦肉1512,91897.0,67.025,67.575
2015-10-22,HE1512,67.825,68.025,66.0,66.1,12188.0,,猪瘦肉1512,89618.0,66.45,66.1
2015-10-23,HE1512,66.0,66.275,63.45,63.875,33654.0,,猪瘦肉1512,88685.0,63.6,63.875
2015-10-26,HE1512,63.625,64.5,62.625,62.75,16756.0,,猪瘦肉1512,84441.0,62.85,62.75
2015-10-27,HE1512,62.6,62.975,60.825,61.15,20639.0,,猪瘦肉1512,82903.0,61.25,61.15
2015-10-28,HE1512,61.2,62.125,60.425,61.1,20053.0,,猪瘦肉1512,82564.0,61.4,61.1
2015-10-29,HE1512,61.35,61.725,59.275,59.275,20102.0,,猪瘦肉1512,81694.0,59.875,59.275
2015-10-30,HE1512,59.5,61.15,59.025,59.225,20947.0,,猪瘦肉1512,81653.0,59.2,59.225
2015-11-02,HE1512,59.0,59.425,57.1,58.1,21280.0,,猪瘦肉1512,80636.0,58.225,58.1
2015-11-03,HE1512,58.3,59.075,57.175,57.275,21134.0,,猪瘦肉1512,80172.0,58.225,57.275
2015-11-04,HE1512,57.625,58.5,57.15,57.45,16303.0,,猪瘦肉1512,80267.0,57.375,57.45
2015-11-05,HE1512,57.7,58.575,54.875,56.1,25560.0,,猪瘦肉1512,78441.0,55.4,56.1
2015-11-06,HE1512,55.4,56.0,53.925,54.85,22760.0,,猪瘦肉1512,76154.0,55.0,54.85
2015-11-09,HE1512,55.025,55.05,53.1,53.425,21046.0,,猪瘦肉1512,71865.0,53.725,53.425
2015-11-10,HE1512,53.725,54.9,52.8,54.175,24634.0,,猪瘦肉1512,68075.0,53.55,54.175
2015-11-11,HE1512,54.05,56.475,53.95,55.75,26642.0,,猪瘦肉1512,61273.0,56.175,55.75
2015-11-12,HE1512,56.0,57.15,55.375,56.2,23843.0,,猪瘦肉1512,56802.0,56.1,56.2
2015-11-13,HE1512,56.425,56.85,53.775,54.8,18777.0,,猪瘦肉1512,51513.0,54.8,54.8
2015-11-16,HE1512,55.175,55.175,51.8,51.8,17888.0,,猪瘦肉1512,48427.0,51.8,51.8
2015-11-17,HE1512,51.9,55.4,51.8,54.45,18048.0,,猪瘦肉1512,45759.0,54.175,54.45
2015-11-18,HE1512,54.5,55.8,54.15,54.275,11986.0,,猪瘦肉1512,43675.0,54.375,54.275
2015-11-19,HE1512,54.6,55.975,54.2,55.775,9631.0,,猪瘦肉1512,41452.0,55.4,55.775
2015-11-20,HE1512,55.9,57.8,55.825,57.65,12572.0,,猪瘦肉1512,38552.0,57.45,57.65
2015-11-23,HE1512,57.675,58.35,57.35,57.525,7211.0,,猪瘦肉1512,36998.0,57.45,57.525
2015-11-24,HE1512,57.7,58.3,56.5,57.85,9071.0,,猪瘦肉1512,34856.0,57.225,57.85
2015-11-25,HE1512,58.0,59.0,57.475,58.5,7124.0,,猪瘦肉1512,33207.0,58.8,58.5
2015-11-27,HE1512,58.75,58.95,58.275,58.9,2466.0,,猪瘦肉1512,31827.0,58.725,58.9
2015-11-30,HE1512,58.9,58.9,57.575,58.675,7226.0,,猪瘦肉1512,31194.0,58.425,58.675
2015-12-01,HE1512,58.65,60.1,57.575,59.8,12438.0,,猪瘦肉1512,29208.0,59.95,59.8
2015-12-02,HE1512,59.7,59.8,58.9,59.175,5969.0,,猪瘦肉1512,25809.0,59.35,59.175
2015-12-03,HE1512,59.35,59.75,58.0,58.05,6751.0,,猪瘦肉1512,23949.0,58.35,58.05
2015-12-04,HE1512,58.4,58.4,56.75,56.975,7631.0,,猪瘦肉1512,22337.0,57.05,56.975
2015-12-07,HE1512,56.725,56.725,54.725,54.8,7127.0,,猪瘦肉1512,18997.0,55.475,54.8
2015-12-08,HE1512,55.475,56.6,55.0,55.375,7825.0,,猪瘦肉1512,16570.0,55.325,55.375
2015-12-09,HE1512,55.7,56.85,55.55,55.9,4022.0,,猪瘦肉1512,14412.0,56.75,55.9
2015-12-10,HE1512,56.25,56.65,56.175,56.2,2310.0,,猪瘦肉1512,13575.0,56.225,56.2
2015-12-11,HE1512,56.35,56.5,55.95,56.0,2516.0,,猪瘦肉1512,12636.0,56.0,56.0
2015-12-14,HE1512,56.025,56.025,55.475,55.475,2294.0,,猪瘦肉1512,11792.0,55.55,55.475
2015-12-16,HE1512,,,,55.9,0.0,,猪瘦肉1512,11402.0,55.9,55.9
