date,symbol,open,high,low,close,volume,amount,name,openinterest,settleprice,price
2014-04-15,HE1508,,,,89.5,0.0,,猪瘦肉1508,0.0,89.5,89.5
2014-04-16,HE1508,89.5,89.5,89.5,89.5,1.0,,猪瘦肉1508,0.0,89.5,89.5
2014-04-17,HE1508,89.5,89.5,89.5,89.5,1.0,,猪瘦肉1508,1.0,89.5,89.5
2014-04-21,HE1508,,,,89.5,0.0,,猪瘦肉1508,2.0,89.5,89.5
2014-04-22,HE1508,,,,89.5,0.0,,猪瘦肉1508,2.0,89.5,89.5
2014-04-23,HE1508,90.0,90.0,89.5,89.5,2.0,,猪瘦肉1508,2.0,89.5,89.5
2014-04-24,HE1508,89.975,90.0,89.5,90.0,5.0,,猪瘦肉1508,4.0,90.0,90.0
2014-04-25,HE1508,,,,90.1,0.0,,猪瘦肉1508,7.0,90.1,90.1
2014-04-28,HE1508,,,,91.1,0.0,,猪瘦肉1508,7.0,91.1,91.1
2014-04-29,HE1508,,,,91.5,0.0,,猪瘦肉1508,7.0,91.5,91.5
2014-04-30,HE1508,91.1,91.5,91.1,91.5,8.0,,猪瘦肉1508,7.0,91.5,91.5
2014-05-01,HE1508,92.3,92.55,92.1,92.25,7.0,,猪瘦肉1508,15.0,92.25,92.25
2014-05-02,HE1508,93.45,93.45,92.5,92.5,12.0,,猪瘦肉1508,20.0,92.5,92.5
2014-05-05,HE1508,,,,92.5,2.0,,猪瘦肉1508,28.0,92.5,92.5
2014-05-06,HE1508,,,,93.25,0.0,,猪瘦肉1508,30.0,93.25,93.25
2014-05-07,HE1508,,,,93.35,0.0,,猪瘦肉1508,30.0,93.35,93.35
2014-05-08,HE1508,,,,93.35,0.0,,猪瘦肉1508,30.0,93.35,93.35
2014-05-09,HE1508,93.35,93.35,93.35,93.35,3.0,,猪瘦肉1508,30.0,93.35,93.35
2014-05-12,HE1508,,,,93.35,0.0,,猪瘦肉1508,33.0,93.35,93.35
2014-05-13,HE1508,93.825,93.825,93.0,93.0,36.0,,猪瘦肉1508,33.0,93.0,93.0
2014-05-14,HE1508,93.9,93.9,93.0,93.0,13.0,,猪瘦肉1508,61.0,93.0,93.0
2014-05-15,HE1508,93.4,93.4,92.75,92.75,14.0,,猪瘦肉1508,72.0,92.75,92.75
2014-05-16,HE1508,93.15,93.275,92.75,92.75,13.0,,猪瘦肉1508,80.0,92.75,92.75
2014-05-19,HE1508,93.475,93.85,92.75,92.75,24.0,,猪瘦肉1508,92.0,92.75,92.75
2014-05-20,HE1508,93.325,93.65,92.85,92.85,58.0,,猪瘦肉1508,115.0,92.85,92.85
2014-05-21,HE1508,93.2,93.525,92.9,92.9,20.0,,猪瘦肉1508,173.0,92.9,92.9
2014-05-22,HE1508,93.0,93.0,92.5,92.5,29.0,,猪瘦肉1508,189.0,92.5,92.5
2014-05-23,HE1508,92.325,92.4,92.1,92.2,24.0,,猪瘦肉1508,205.0,92.2,92.2
2014-05-27,HE1508,92.0,92.0,91.675,91.8,25.0,,猪瘦肉1508,213.0,91.8,91.8
2014-05-28,HE1508,91.15,91.5,91.1,91.5,13.0,,猪瘦肉1508,219.0,91.5,91.5
2014-05-29,HE1508,91.7,91.9,91.5,91.6,69.0,,猪瘦肉1508,221.0,91.6,91.6
2014-05-30,HE1508,,,,91.6,0.0,,猪瘦肉1508,272.0,91.6,91.6
2014-06-02,HE1508,91.85,91.85,91.6,91.6,8.0,,猪瘦肉1508,272.0,91.6,91.6
2014-06-03,HE1508,,,,91.6,0.0,,猪瘦肉1508,280.0,91.6,91.6
2014-06-04,HE1508,,,,91.25,0.0,,猪瘦肉1508,280.0,91.25,91.25
2014-06-05,HE1508,91.0,91.55,90.9,91.15,11.0,,猪瘦肉1508,280.0,91.15,91.15
2014-06-06,HE1508,91.25,91.45,91.25,91.25,24.0,,猪瘦肉1508,282.0,91.25,91.25
2014-06-09,HE1508,91.8,91.8,91.5,91.5,18.0,,猪瘦肉1508,285.0,91.5,91.5
2014-06-10,HE1508,91.95,92.25,91.75,91.75,69.0,,猪瘦肉1508,303.0,91.75,91.75
2014-06-11,HE1508,91.975,92.05,91.95,92.05,5.0,,猪瘦肉1508,363.0,92.05,92.05
2014-06-12,HE1508,92.025,92.025,91.4,91.9,23.0,,猪瘦肉1508,368.0,91.9,91.9
2014-06-13,HE1508,91.875,92.0,91.775,91.9,43.0,,猪瘦肉1508,380.0,91.9,91.9
2014-06-16,HE1508,90.75,91.25,90.75,91.25,3.0,,猪瘦肉1508,411.0,91.25,91.25
2014-06-17,HE1508,91.3,91.3,90.5,90.5,3.0,,猪瘦肉1508,414.0,90.5,90.5
2014-06-18,HE1508,90.5,90.5,88.925,89.0,35.0,,猪瘦肉1508,415.0,89.0,89.0
2014-06-19,HE1508,89.5,90.125,89.5,89.85,114.0,,猪瘦肉1508,442.0,89.85,89.85
2014-06-20,HE1508,89.6,89.85,89.475,89.85,40.0,,猪瘦肉1508,505.0,89.85,89.85
2014-06-23,HE1508,89.25,90.5,89.25,90.1,13.0,,猪瘦肉1508,520.0,90.1,90.1
2014-06-24,HE1508,91.2,91.2,90.45,90.75,25.0,,猪瘦肉1508,525.0,90.75,90.75
2014-06-25,HE1508,91.0,91.0,89.65,90.75,36.0,,猪瘦肉1508,542.0,90.75,90.75
2014-06-26,HE1508,89.5,90.0,88.4,89.0,38.0,,猪瘦肉1508,566.0,89.0,89.0
2014-06-27,HE1508,89.05,89.1,88.5,89.1,47.0,,猪瘦肉1508,592.0,89.1,89.1
2014-06-30,HE1508,91.2,92.1,91.0,92.0,103.0,,猪瘦肉1508,628.0,91.8,92.0
2014-07-01,HE1508,92.0,92.975,91.3,91.3,81.0,,猪瘦肉1508,685.0,91.3,91.3
2014-07-02,HE1508,91.5,91.975,91.5,91.5,120.0,,猪瘦肉1508,752.0,91.5,91.5
2014-07-03,HE1508,92.4,92.4,91.6,91.6,26.0,,猪瘦肉1508,758.0,91.6,91.6
2014-07-07,HE1508,92.0,92.075,91.7,91.7,17.0,,猪瘦肉1508,776.0,91.7,91.7
2014-07-08,HE1508,92.0,92.1,91.7,91.7,10.0,,猪瘦肉1508,785.0,91.7,91.7
2014-07-09,HE1508,92.0,92.1,91.3,92.0,55.0,,猪瘦肉1508,789.0,92.0,92.0
2014-07-10,HE1508,92.075,92.15,91.3,91.5,21.0,,猪瘦肉1508,815.0,92.0,91.5
2014-07-11,HE1508,91.4,92.15,91.0,92.15,56.0,,猪瘦肉1508,822.0,92.15,92.15
2014-07-14,HE1508,92.05,92.35,92.0,92.2,34.0,,猪瘦肉1508,846.0,92.2,92.2
2014-07-15,HE1508,92.15,92.8,92.0,92.4,35.0,,猪瘦肉1508,841.0,92.4,92.4
2014-07-16,HE1508,92.6,92.8,92.25,92.7,40.0,,猪瘦肉1508,860.0,92.7,92.7
2014-07-17,HE1508,93.0,93.0,92.5,92.5,27.0,,猪瘦肉1508,858.0,92.7,92.5
2014-07-18,HE1508,92.7,93.3,92.7,93.0,41.0,,猪瘦肉1508,878.0,93.0,93.0
2014-07-21,HE1508,93.05,93.05,92.525,92.9,75.0,,猪瘦肉1508,898.0,92.9,92.9
2014-07-22,HE1508,93.0,93.0,92.4,92.7,74.0,,猪瘦肉1508,954.0,92.9,92.7
2014-07-23,HE1508,92.45,92.575,90.85,92.0,36.0,,猪瘦肉1508,989.0,92.0,92.0
2014-07-24,HE1508,91.0,91.225,89.25,89.85,118.0,,猪瘦肉1508,995.0,89.85,89.85
2014-07-25,HE1508,90.45,90.75,90.4,90.6,23.0,,猪瘦肉1508,1044.0,90.6,90.6
2014-07-28,HE1508,90.75,90.75,90.1,90.4,66.0,,猪瘦肉1508,1048.0,90.4,90.4
2014-07-29,HE1508,89.6,89.9,89.25,89.75,38.0,,猪瘦肉1508,1087.0,90.4,89.75
2014-07-30,HE1508,90.0,90.25,88.0,88.65,84.0,,猪瘦肉1508,1092.0,88.65,88.65
2014-07-31,HE1508,88.3,89.45,88.05,88.3,67.0,,猪瘦肉1508,1117.0,88.65,88.3
2014-08-01,HE1508,88.65,88.85,88.45,88.7,13.0,,猪瘦肉1508,1154.0,88.7,88.7
2014-08-04,HE1508,88.85,89.9,88.85,89.5,22.0,,猪瘦肉1508,1154.0,89.5,89.5
2014-08-05,HE1508,89.4,89.6,89.05,89.2,40.0,,猪瘦肉1508,1158.0,89.2,89.2
2014-08-06,HE1508,89.4,89.4,88.8,89.0,31.0,,猪瘦肉1508,1174.0,89.0,89.0
2014-08-07,HE1508,88.975,88.975,86.95,87.0,113.0,,猪瘦肉1508,1172.0,87.0,87.0
2014-08-08,HE1508,86.375,87.35,86.0,87.1,163.0,,猪瘦肉1508,1224.0,87.1,87.1
2014-08-11,HE1508,87.4,88.725,87.275,88.15,30.0,,猪瘦肉1508,1228.0,88.15,88.15
2014-08-12,HE1508,87.8,87.8,87.5,87.75,33.0,,猪瘦肉1508,1231.0,87.75,87.75
2014-08-13,HE1508,87.7,87.75,87.2,87.75,65.0,,猪瘦肉1508,1235.0,87.75,87.75
2014-08-14,HE1508,87.1,87.1,85.5,86.6,109.0,,猪瘦肉1508,1237.0,86.6,86.6
2014-08-15,HE1508,87.25,87.85,86.95,87.3,151.0,,猪瘦肉1508,1293.0,87.3,87.3
2014-08-18,HE1508,86.925,87.45,86.6,87.25,56.0,,猪瘦肉1508,1388.0,87.25,87.25
2014-08-19,HE1508,87.4,87.75,87.05,87.4,77.0,,猪瘦肉1508,1403.0,87.4,87.4
2014-08-20,HE1508,86.725,87.075,86.175,86.7,115.0,,猪瘦肉1508,1417.0,87.0,86.7
2014-08-21,HE1508,86.7,88.325,86.3,88.3,73.0,,猪瘦肉1508,1428.0,88.3,88.3
2014-08-22,HE1508,88.5,89.35,87.925,88.6,141.0,,猪瘦肉1508,1447.0,88.6,88.6
2014-08-25,HE1508,89.4,90.225,89.4,89.5,111.0,,猪瘦肉1508,1486.0,89.5,89.5
2014-08-26,HE1508,89.8,90.95,89.8,90.5,193.0,,猪瘦肉1508,1558.0,90.5,90.5
2014-08-27,HE1508,90.55,91.25,90.2,91.0,152.0,,猪瘦肉1508,1676.0,90.75,91.0
2014-08-28,HE1508,91.15,91.3,90.85,91.2,114.0,,猪瘦肉1508,1759.0,91.2,91.2
2014-08-29,HE1508,91.5,92.5,91.15,91.5,412.0,,猪瘦肉1508,1773.0,91.2,91.5
2014-09-02,HE1508,91.5,92.2,91.5,91.5,171.0,,猪瘦肉1508,1974.0,91.5,91.5
2014-09-03,HE1508,91.6,91.75,90.0,90.5,148.0,,猪瘦肉1508,2077.0,90.5,90.5
2014-09-04,HE1508,90.6,90.875,87.5,87.6,382.0,,猪瘦肉1508,2117.0,87.6,87.6
2014-09-05,HE1508,88.8,89.225,88.6,88.75,132.0,,猪瘦肉1508,2109.0,88.75,88.75
2014-09-08,HE1508,88.8,89.525,88.0,88.9,604.0,,猪瘦肉1508,2142.0,88.9,88.9
2014-09-09,HE1508,89.5,90.0,89.35,89.75,273.0,,猪瘦肉1508,2177.0,89.75,89.75
2014-09-10,HE1508,90.0,90.0,87.825,89.0,166.0,,猪瘦肉1508,2250.0,89.0,89.0
2014-09-11,HE1508,89.85,90.0,89.35,89.35,152.0,,猪瘦肉1508,2239.0,89.35,89.35
2014-09-12,HE1508,89.5,89.975,89.0,89.3,102.0,,猪瘦肉1508,2280.0,89.3,89.3
2014-09-15,HE1508,89.3,90.0,89.3,89.3,81.0,,猪瘦肉1508,2252.0,89.3,89.3
2014-09-16,HE1508,89.65,89.95,88.5,89.95,79.0,,猪瘦肉1508,2301.0,89.95,89.95
2014-09-17,HE1508,90.0,90.1,87.975,89.25,62.0,,猪瘦肉1508,2312.0,89.25,89.25
2014-09-18,HE1508,88.15,89.35,87.625,89.25,228.0,,猪瘦肉1508,2328.0,89.25,89.25
2014-09-19,HE1508,89.5,90.1,88.925,89.25,121.0,,猪瘦肉1508,2337.0,89.25,89.25
2014-09-22,HE1508,89.0,89.45,88.75,89.45,77.0,,猪瘦肉1508,2381.0,89.45,89.45
2014-09-23,HE1508,88.7,89.8,88.7,89.6,187.0,,猪瘦肉1508,2429.0,89.6,89.6
2014-09-24,HE1508,89.75,90.275,89.3,89.6,461.0,,猪瘦肉1508,2514.0,89.6,89.6
2014-09-25,HE1508,89.0,89.425,87.975,89.35,196.0,,猪瘦肉1508,2803.0,89.35,89.35
2014-09-26,HE1508,89.425,89.525,88.45,88.75,175.0,,猪瘦肉1508,2877.0,88.75,88.75
2014-09-29,HE1508,87.0,88.725,86.5,88.5,210.0,,猪瘦肉1508,2978.0,88.55,88.5
2014-09-30,HE1508,88.925,89.4,88.425,89.1,145.0,,猪瘦肉1508,2996.0,89.1,89.1
2014-10-01,HE1508,89.45,89.975,89.175,89.5,283.0,,猪瘦肉1508,3054.0,89.5,89.5
2014-10-02,HE1508,89.525,89.775,89.5,89.7,161.0,,猪瘦肉1508,3221.0,89.7,89.7
2014-10-03,HE1508,89.725,89.725,89.0,89.55,191.0,,猪瘦肉1508,3205.0,89.7,89.55
2014-10-06,HE1508,89.725,90.5,89.725,90.3,362.0,,猪瘦肉1508,3235.0,90.3,90.3
2014-10-07,HE1508,90.75,91.125,90.625,90.85,364.0,,猪瘦肉1508,3462.0,90.85,90.85
2014-10-08,HE1508,90.825,91.95,90.825,91.55,296.0,,猪瘦肉1508,3596.0,91.55,91.55
2014-10-09,HE1508,91.425,91.7,91.2,91.3,273.0,,猪瘦肉1508,3792.0,91.55,91.3
2014-10-10,HE1508,91.1,91.5,90.7,91.3,143.0,,猪瘦肉1508,3881.0,91.3,91.3
2014-10-13,HE1508,91.325,91.7,91.325,91.6,86.0,,猪瘦肉1508,3940.0,91.6,91.6
2014-10-14,HE1508,91.7,91.8,90.575,91.5,66.0,,猪瘦肉1508,3952.0,91.4,91.5
2014-10-15,HE1508,90.5,90.5,88.4,88.65,345.0,,猪瘦肉1508,3976.0,88.65,88.65
2014-10-16,HE1508,88.125,88.2,86.625,87.25,287.0,,猪瘦肉1508,3966.0,87.25,87.25
2014-10-17,HE1508,88.0,88.925,87.55,88.35,207.0,,猪瘦肉1508,3935.0,88.35,88.35
2014-10-20,HE1508,87.925,88.325,87.8,88.25,68.0,,猪瘦肉1508,4001.0,88.25,88.25
2014-10-21,HE1508,87.725,88.15,87.4,87.95,105.0,,猪瘦肉1508,4005.0,87.95,87.95
2014-10-22,HE1508,87.65,89.5,87.65,89.45,89.0,,猪瘦肉1508,3974.0,89.45,89.45
2014-10-23,HE1508,89.0,89.45,88.775,89.25,46.0,,猪瘦肉1508,3960.0,89.45,89.25
2014-10-24,HE1508,88.5,89.6,88.225,89.6,92.0,,猪瘦肉1508,3952.0,89.55,89.6
2014-10-27,HE1508,89.125,89.65,89.0,89.3,240.0,,猪瘦肉1508,3965.0,89.3,89.3
2014-10-28,HE1508,89.7,90.0,89.1,89.7,118.0,,猪瘦肉1508,3974.0,89.7,89.7
2014-10-29,HE1508,89.85,89.85,89.0,89.75,49.0,,猪瘦肉1508,3972.0,89.75,89.75
2014-10-30,HE1508,89.85,89.85,88.475,88.9,478.0,,猪瘦肉1508,3974.0,88.9,88.9
2014-10-31,HE1508,88.375,90.2,88.375,90.0,98.0,,猪瘦肉1508,4293.0,90.0,90.0
2014-11-03,HE1508,90.225,90.775,90.025,90.75,317.0,,猪瘦肉1508,4292.0,90.75,90.75
2014-11-04,HE1508,90.5,90.85,89.975,90.45,147.0,,猪瘦肉1508,4462.0,90.45,90.45
2014-11-05,HE1508,89.775,90.2,89.0,90.2,190.0,,猪瘦肉1508,4492.0,90.2,90.2
2014-11-06,HE1508,90.0,90.5,90.0,90.45,117.0,,猪瘦肉1508,4462.0,90.45,90.45
2014-11-07,HE1508,90.9,91.2,90.75,91.1,285.0,,猪瘦肉1508,4453.0,91.125,91.1
2014-11-10,HE1508,91.0,91.6,90.85,91.6,107.0,,猪瘦肉1508,4452.0,91.6,91.6
2014-11-11,HE1508,91.45,92.3,91.45,92.25,239.0,,猪瘦肉1508,4448.0,92.25,92.25
2014-11-12,HE1508,92.2,92.5,91.775,92.3,178.0,,猪瘦肉1508,4491.0,92.25,92.3
2014-11-13,HE1508,92.5,93.1,92.075,93.0,331.0,,猪瘦肉1508,4552.0,93.0,93.0
2014-11-14,HE1508,92.525,93.425,92.525,93.25,307.0,,猪瘦肉1508,4704.0,93.25,93.25
2014-11-17,HE1508,93.325,93.65,93.0,93.4,171.0,,猪瘦肉1508,4832.0,93.4,93.4
2014-11-18,HE1508,93.45,93.5,92.65,93.5,338.0,,猪瘦肉1508,4802.0,93.45,93.5
2014-11-19,HE1508,93.3,94.0,93.3,94.0,584.0,,猪瘦肉1508,4866.0,94.0,94.0
2014-11-20,HE1508,93.425,94.2,92.975,94.15,490.0,,猪瘦肉1508,5146.0,94.15,94.15
2014-11-21,HE1508,94.0,94.925,93.975,94.5,531.0,,猪瘦肉1508,5271.0,94.5,94.5
2014-11-24,HE1508,94.85,95.35,94.6,94.9,729.0,,猪瘦肉1508,5344.0,94.9,94.9
2014-11-25,HE1508,94.7,95.35,93.85,94.1,472.0,,猪瘦肉1508,5607.0,94.1,94.1
2014-11-26,HE1508,94.1,94.55,93.85,94.2,240.0,,猪瘦肉1508,5708.0,94.2,94.2
2014-11-28,HE1508,94.2,94.325,93.1,93.6,218.0,,猪瘦肉1508,5757.0,93.6,93.6
2014-12-01,HE1508,93.175,93.85,92.85,93.85,731.0,,猪瘦肉1508,5794.0,93.85,93.85
2014-12-02,HE1508,93.625,93.725,92.425,93.15,596.0,,猪瘦肉1508,5985.0,93.15,93.15
2014-12-03,HE1508,92.125,92.55,91.125,91.5,519.0,,猪瘦肉1508,6030.0,91.5,91.5
2014-12-04,HE1508,91.1,92.1,90.7,91.5,563.0,,猪瘦肉1508,6035.0,91.5,91.5
2014-12-05,HE1508,91.325,91.6,90.1,91.0,1609.0,,猪瘦肉1508,6077.0,90.9,91.0
2014-12-08,HE1508,90.8,90.8,89.8,90.6,1335.0,,猪瘦肉1508,6394.0,90.55,90.6
2014-12-09,HE1508,90.225,90.8,89.45,90.8,1625.0,,猪瘦肉1508,6842.0,90.7,90.8
2014-12-10,HE1508,90.8,91.5,90.275,91.05,1206.0,,猪瘦肉1508,7355.0,91.05,91.05
2014-12-11,HE1508,90.85,90.95,90.4,90.8,1165.0,,猪瘦肉1508,7375.0,90.75,90.8
2014-12-12,HE1508,90.4,90.45,89.375,89.5,807.0,,猪瘦肉1508,7784.0,89.5,89.5
2014-12-15,HE1508,89.65,89.7,88.475,89.2,402.0,,猪瘦肉1508,7932.0,89.225,89.2
2014-12-16,HE1508,89.55,89.95,87.55,88.4,534.0,,猪瘦肉1508,7982.0,88.55,88.4
2014-12-17,HE1508,87.5,88.325,86.0,87.7,653.0,,猪瘦肉1508,8022.0,87.725,87.7
2014-12-18,HE1508,87.725,89.45,87.725,89.175,331.0,,猪瘦肉1508,8078.0,89.15,89.175
2014-12-19,HE1508,89.0,89.55,88.3,88.5,367.0,,猪瘦肉1508,8119.0,88.6,88.5
2014-12-22,HE1508,88.3,88.4,87.275,87.75,522.0,,猪瘦肉1508,8230.0,87.725,87.75
2014-12-23,HE1508,87.025,88.25,87.025,88.05,960.0,,猪瘦肉1508,8372.0,88.0,88.05
2014-12-24,HE1508,87.625,88.9,87.425,88.7,526.0,,猪瘦肉1508,8658.0,88.675,88.7
2014-12-26,HE1508,88.5,89.45,87.825,89.2,380.0,,猪瘦肉1508,8880.0,89.2,89.2
2014-12-29,HE1508,89.45,90.05,89.35,90.0,427.0,,猪瘦肉1508,8996.0,89.975,90.0
2014-12-30,HE1508,90.0,90.2,89.475,89.6,224.0,,猪瘦肉1508,9119.0,89.6,89.6
2014-12-31,HE1508,90.0,90.2,89.725,90.2,463.0,,猪瘦肉1508,9091.0,90.175,90.2
2015-01-02,HE1508,90.05,90.625,89.875,90.1,1488.0,,猪瘦肉1508,9222.0,90.2,90.1
2015-01-05,HE1508,90.25,90.65,89.45,89.9,1059.0,,猪瘦肉1508,9370.0,89.95,89.9
2015-01-06,HE1508,89.775,89.775,88.1,88.85,915.0,,猪瘦肉1508,9652.0,88.9,88.85
2015-01-07,HE1508,88.6,89.9,88.5,89.3,781.0,,猪瘦肉1508,9719.0,89.35,89.3
2015-01-08,HE1508,89.125,89.125,87.35,87.9,1299.0,,猪瘦肉1508,9662.0,87.575,87.9
2015-01-09,HE1508,87.35,87.8,86.65,87.8,1310.0,,猪瘦肉1508,9804.0,87.75,87.8
2015-01-12,HE1508,86.825,87.0,85.5,85.85,1623.0,,猪瘦肉1508,10255.0,85.85,85.85
2015-01-13,HE1508,86.025,86.25,84.775,85.1,1354.0,,猪瘦肉1508,10557.0,85.1,85.1
2015-01-14,HE1508,85.25,86.8,84.95,86.75,1197.0,,猪瘦肉1508,10690.0,86.75,86.75
2015-01-15,HE1508,86.65,87.25,86.225,86.75,641.0,,猪瘦肉1508,10608.0,86.85,86.75
2015-01-16,HE1508,86.775,86.8,85.775,86.1,1054.0,,猪瘦肉1508,10721.0,86.175,86.1
2015-01-20,HE1508,86.0,86.025,83.175,83.55,868.0,,猪瘦肉1508,10954.0,83.55,83.55
2015-01-21,HE1508,83.95,84.3,83.0,83.9,1234.0,,猪瘦肉1508,11195.0,83.9,83.9
2015-01-22,HE1508,84.25,84.7,81.675,82.75,919.0,,猪瘦肉1508,11473.0,82.775,82.75
2015-01-23,HE1508,81.575,81.575,79.775,80.55,1682.0,,猪瘦肉1508,11646.0,80.525,80.55
2015-01-26,HE1508,80.45,83.375,80.375,82.5,1908.0,,猪瘦肉1508,11768.0,82.525,82.5
2015-01-27,HE1508,83.1,83.6,80.7,81.7,1715.0,,猪瘦肉1508,11985.0,81.725,81.7
2015-01-28,HE1508,80.75,84.725,80.525,84.625,2295.0,,猪瘦肉1508,12199.0,84.7,84.625
2015-01-29,HE1508,84.425,85.175,82.8,83.7,1231.0,,猪瘦肉1508,12368.0,83.675,83.7
2015-01-30,HE1508,83.025,83.85,82.25,83.8,2047.0,,猪瘦肉1508,12632.0,83.75,83.8
2015-02-02,HE1508,83.35,84.575,83.25,83.7,1445.0,,猪瘦肉1508,13215.0,83.7,83.7
2015-02-03,HE1508,83.5,83.975,82.75,82.8,1178.0,,猪瘦肉1508,13215.0,82.825,82.8
2015-02-04,HE1508,82.325,82.425,79.825,80.2,1734.0,,猪瘦肉1508,13397.0,80.175,80.2
2015-02-05,HE1508,80.025,80.025,78.0,79.25,1968.0,,猪瘦肉1508,13429.0,79.225,79.25
2015-02-06,HE1508,79.4,81.75,79.4,81.0,3426.0,,猪瘦肉1508,13674.0,81.025,81.0
2015-02-09,HE1508,80.975,81.05,79.05,80.5,3999.0,,猪瘦肉1508,13489.0,80.525,80.5
2015-02-10,HE1508,80.7,81.725,79.5,80.3,2978.0,,猪瘦肉1508,13926.0,80.275,80.3
2015-02-11,HE1508,79.875,79.875,78.3,78.5,3934.0,,猪瘦肉1508,14122.0,78.5,78.5
2015-02-12,HE1508,78.8,79.875,78.8,79.5,2356.0,,猪瘦肉1508,14211.0,79.6,79.5
2015-02-13,HE1508,79.2,81.475,79.025,80.8,2578.0,,猪瘦肉1508,13904.0,80.725,80.8
2015-02-17,HE1508,80.95,80.95,78.825,79.5,2089.0,,猪瘦肉1508,14438.0,79.5,79.5
2015-02-18,HE1508,79.4,80.7,78.9,80.0,3033.0,,猪瘦肉1508,14628.0,80.0,80.0
2015-02-19,HE1508,80.625,82.225,80.625,82.05,2130.0,,猪瘦肉1508,15683.0,82.05,82.05
2015-02-20,HE1508,82.3,82.7,80.55,81.6,3187.0,,猪瘦肉1508,15842.0,81.6,81.6
2015-02-23,HE1508,82.5,83.275,81.975,82.7,2605.0,,猪瘦肉1508,16299.0,82.7,82.7
2015-02-24,HE1508,82.875,83.625,82.325,83.5,3477.0,,猪瘦肉1508,16863.0,83.5,83.5
2015-02-25,HE1508,83.5,84.45,83.25,84.45,2300.0,,猪瘦肉1508,17671.0,84.45,84.45
2015-02-26,HE1508,83.725,84.1,82.075,83.55,3371.0,,猪瘦肉1508,18091.0,83.55,83.55
2015-02-27,HE1508,83.025,84.125,82.65,83.0,3264.0,,猪瘦肉1508,18783.0,83.1,83.0
2015-03-02,HE1508,83.925,84.15,82.75,83.45,2422.0,,猪瘦肉1508,19113.0,83.425,83.45
2015-03-03,HE1508,83.5,83.5,80.7,81.25,3594.0,,猪瘦肉1508,19090.0,81.225,81.25
2015-03-04,HE1508,80.6,83.05,79.275,82.35,4280.0,,猪瘦肉1508,19716.0,82.35,82.35
2015-03-05,HE1508,82.45,82.5,80.5,80.9,2995.0,,猪瘦肉1508,19486.0,80.875,80.9
2015-03-06,HE1508,80.65,81.45,80.0,81.15,4304.0,,猪瘦肉1508,20082.0,81.3,81.15
2015-03-09,HE1508,81.25,81.4,80.2,80.5,6429.0,,猪瘦肉1508,21248.0,80.725,80.5
2015-03-10,HE1508,80.525,80.725,79.65,80.3,6788.0,,猪瘦肉1508,23214.0,80.3,80.3
2015-03-11,HE1508,79.6,79.675,77.3,77.9,6677.0,,猪瘦肉1508,25674.0,77.875,77.9
2015-03-12,HE1508,76.85,77.375,75.1,76.75,9201.0,,猪瘦肉1508,26528.0,76.825,76.75
2015-03-13,HE1508,76.025,76.625,75.35,75.5,6439.0,,猪瘦肉1508,27138.0,75.6,75.5
2015-03-16,HE1508,75.0,76.775,74.95,76.75,3612.0,,猪瘦肉1508,26511.0,76.675,76.75
2015-03-17,HE1508,76.8,77.65,76.675,77.25,4025.0,,猪瘦肉1508,26537.0,77.275,77.25
2015-03-18,HE1508,77.0,77.6,76.1,76.4,3836.0,,猪瘦肉1508,27106.0,76.375,76.4
2015-03-19,HE1508,75.775,76.475,74.925,75.8,5052.0,,猪瘦肉1508,28125.0,75.775,75.8
2015-03-20,HE1508,76.0,76.725,75.0,75.0,2909.0,,猪瘦肉1508,28925.0,75.075,75.0
2015-03-23,HE1508,75.1,75.475,74.7,74.7,2563.0,,猪瘦肉1508,29180.0,74.775,74.7
2015-03-24,HE1508,74.625,76.8,73.55,75.95,8082.0,,猪瘦肉1508,29270.0,76.1,75.95
2015-03-25,HE1508,75.4,76.325,74.85,75.95,5292.0,,猪瘦肉1508,30904.0,75.9,75.95
2015-03-26,HE1508,76.25,77.0,75.975,76.6,4931.0,,猪瘦肉1508,31514.0,76.65,76.6
2015-03-27,HE1508,76.875,77.225,76.375,76.5,5052.0,,猪瘦肉1508,32963.0,76.575,76.5
2015-03-30,HE1508,76.25,78.0,75.775,77.25,3818.0,,猪瘦肉1508,34208.0,77.275,77.25
2015-03-31,HE1508,77.625,79.425,77.375,77.8,6684.0,,猪瘦肉1508,34409.0,77.725,77.8
2015-04-01,HE1508,77.45,78.525,77.45,78.0,4109.0,,猪瘦肉1508,35032.0,78.025,78.0
2015-04-02,HE1508,78.025,78.45,76.4,77.5,4993.0,,猪瘦肉1508,35764.0,77.575,77.5
2015-04-06,HE1508,77.7,78.525,77.7,78.25,1758.0,,猪瘦肉1508,36249.0,78.25,78.25
2015-04-07,HE1508,78.45,78.9,78.025,78.15,2851.0,,猪瘦肉1508,36401.0,78.225,78.15
2015-04-08,HE1508,78.175,78.925,78.125,78.7,6370.0,,猪瘦肉1508,36787.0,78.75,78.7
2015-04-09,HE1508,78.9,79.25,78.15,78.15,7471.0,,猪瘦肉1508,35948.0,78.225,78.15
2015-04-10,HE1508,78.775,79.675,78.3,79.15,8267.0,,猪瘦肉1508,35022.0,79.175,79.15
2015-04-13,HE1508,79.4,80.6,79.275,79.4,7839.0,,猪瘦肉1508,33404.0,79.425,79.4
2015-04-14,HE1508,79.05,79.875,78.75,79.2,6211.0,,猪瘦肉1508,32587.0,79.3,79.2
2015-04-15,HE1508,79.225,79.4,76.875,77.1,7379.0,,猪瘦肉1508,31770.0,77.125,77.1
2015-04-16,HE1508,77.175,78.25,77.0,77.9,5419.0,,猪瘦肉1508,32122.0,77.925,77.9
2015-04-17,HE1508,77.775,77.825,77.3,77.45,3316.0,,猪瘦肉1508,32156.0,77.5,77.45
2015-04-20,HE1508,77.775,77.925,76.475,77.3,4956.0,,猪瘦肉1508,32050.0,77.275,77.3
2015-04-21,HE1508,76.95,79.5,76.925,79.5,5075.0,,猪瘦肉1508,32224.0,79.4,79.5
2015-04-22,HE1508,79.175,79.325,77.525,77.85,4816.0,,猪瘦肉1508,32443.0,77.875,77.85
2015-04-23,HE1508,78.05,80.425,78.05,80.1,5315.0,,猪瘦肉1508,33413.0,80.025,80.1
2015-04-24,HE1508,80.075,81.05,79.4,80.6,5591.0,,猪瘦肉1508,34026.0,80.75,80.6
2015-04-27,HE1508,80.775,81.375,80.35,80.85,5429.0,,猪瘦肉1508,34773.0,80.775,80.85
2015-04-28,HE1508,81.0,81.65,80.85,81.3,5502.0,,猪瘦肉1508,34928.0,81.275,81.3
2015-04-29,HE1508,81.675,83.1,81.55,82.6,4887.0,,猪瘦肉1508,35965.0,82.575,82.6
2015-04-30,HE1508,83.0,83.775,81.9,82.35,9907.0,,猪瘦肉1508,35848.0,82.375,82.35
2015-05-01,HE1508,82.775,82.9,81.775,82.0,5453.0,,猪瘦肉1508,36541.0,81.975,82.0
2015-05-04,HE1508,82.05,82.85,81.9,82.65,3057.0,,猪瘦肉1508,36564.0,82.65,82.65
2015-05-05,HE1508,82.9,83.9,82.875,82.95,6859.0,,猪瘦肉1508,36583.0,83.05,82.95
2015-05-06,HE1508,83.8,84.475,83.5,84.3,9545.0,,猪瘦肉1508,35956.0,84.325,84.3
2015-05-07,HE1508,84.25,84.5,83.4,83.5,7494.0,,猪瘦肉1508,35482.0,83.575,83.5
2015-05-08,HE1508,83.9,84.45,83.15,84.2,8886.0,,猪瘦肉1508,35158.0,84.225,84.2
2015-05-11,HE1508,84.375,84.375,83.45,83.65,7098.0,,猪瘦肉1508,35793.0,83.75,83.65
2015-05-12,HE1508,84.175,85.0,83.525,84.75,7553.0,,猪瘦肉1508,35464.0,84.85,84.75
2015-05-13,HE1508,84.85,85.0,84.275,84.75,7737.0,,猪瘦肉1508,35776.0,84.85,84.75
2015-05-14,HE1508,84.85,85.05,84.175,84.55,7241.0,,猪瘦肉1508,36581.0,84.55,84.55
2015-05-15,HE1508,84.65,84.65,82.575,84.05,6323.0,,猪瘦肉1508,38724.0,84.025,84.05
2015-05-18,HE1508,83.7,83.75,82.875,83.3,6058.0,,猪瘦肉1508,39081.0,83.25,83.3
2015-05-19,HE1508,82.975,83.7,82.0,82.95,7282.0,,猪瘦肉1508,38395.0,82.825,82.95
2015-05-20,HE1508,83.2,83.9,82.35,83.85,5240.0,,猪瘦肉1508,38876.0,83.75,83.85
2015-05-21,HE1508,83.55,84.5,82.7,84.1,10690.0,,猪瘦肉1508,39467.0,84.075,84.1
2015-05-22,HE1508,83.775,84.125,83.475,83.9,5179.0,,猪瘦肉1508,40784.0,83.725,83.9
2015-05-26,HE1508,83.7,83.8,82.7,83.0,5943.0,,猪瘦肉1508,40892.0,82.95,83.0
2015-05-27,HE1508,83.2,83.95,83.0,83.25,6316.0,,猪瘦肉1508,42027.0,83.15,83.25
2015-05-28,HE1508,83.5,84.35,82.9,83.85,8614.0,,猪瘦肉1508,43324.0,83.85,83.85
2015-05-29,HE1508,83.8,83.975,81.775,82.3,8039.0,,猪瘦肉1508,44765.0,82.5,82.3
2015-06-01,HE1508,82.75,83.5,82.325,83.3,6842.0,,猪瘦肉1508,45165.0,83.375,83.3
2015-06-02,HE1508,83.0,83.475,82.175,82.7,8381.0,,猪瘦肉1508,47239.0,82.75,82.7
2015-06-03,HE1508,82.75,82.85,81.0,81.65,7980.0,,猪瘦肉1508,49244.0,81.5,81.65
2015-06-04,HE1508,81.25,81.25,79.525,79.55,9156.0,,猪瘦肉1508,49804.0,79.625,79.55
2015-06-05,HE1508,79.55,81.025,79.5,80.9,14592.0,,猪瘦肉1508,51384.0,80.825,80.9
2015-06-08,HE1508,80.925,81.025,80.175,80.6,13524.0,,猪瘦肉1508,54751.0,80.65,80.6
2015-06-09,HE1508,80.575,80.675,78.775,79.5,17384.0,,猪瘦肉1508,57395.0,79.4,79.5
2015-06-10,HE1508,79.25,79.975,78.975,79.3,20047.0,,猪瘦肉1508,61079.0,79.25,79.3
2015-06-11,HE1508,79.45,79.45,77.925,78.6,19062.0,,猪瘦肉1508,67213.0,78.525,78.6
2015-06-12,HE1508,78.05,78.175,76.575,76.75,13459.0,,猪瘦肉1508,73773.0,76.725,76.75
2015-06-15,HE1508,76.65,76.65,74.35,75.3,13652.0,,猪瘦肉1508,76696.0,75.475,75.3
2015-06-16,HE1508,75.0,75.95,74.95,75.525,12006.0,,猪瘦肉1508,77396.0,75.55,75.525
2015-06-17,HE1508,75.75,76.7,75.525,76.3,10714.0,,猪瘦肉1508,78811.0,76.375,76.3
2015-06-18,HE1508,76.625,76.975,75.55,76.1,14192.0,,猪瘦肉1508,79594.0,76.0,76.1
2015-06-19,HE1508,75.9,75.9,73.65,73.8,14913.0,,猪瘦肉1508,81645.0,73.825,73.8
2015-06-22,HE1508,73.45,73.45,71.175,72.4,15571.0,,猪瘦肉1508,82780.0,72.375,72.4
2015-06-23,HE1508,72.85,74.05,72.05,72.15,13495.0,,猪瘦肉1508,84276.0,72.25,72.15
2015-06-24,HE1508,72.125,73.0,72.125,72.3,12219.0,,猪瘦肉1508,84311.0,72.35,72.3
2015-06-25,HE1508,72.9,72.975,71.625,72.15,11290.0,,猪瘦肉1508,83276.0,72.15,72.15
2015-06-26,HE1508,72.6,73.35,72.075,72.8,14767.0,,猪瘦肉1508,82659.0,72.825,72.8
2015-06-29,HE1508,71.975,73.05,71.275,71.7,22476.0,,猪瘦肉1508,83089.0,71.775,71.7
2015-06-30,HE1508,72.45,74.775,72.05,74.0,26887.0,,猪瘦肉1508,82472.0,74.375,74.0
2015-07-01,HE1508,74.2,75.825,74.2,74.95,21825.0,,猪瘦肉1508,79871.0,74.85,74.95
2015-07-02,HE1508,75.15,76.675,75.025,76.45,17298.0,,猪瘦肉1508,77913.0,76.375,76.45
2015-07-06,HE1508,76.425,76.75,75.725,76.3,14415.0,,猪瘦肉1508,77044.0,76.0,76.3
2015-07-07,HE1508,76.55,77.275,75.625,76.375,17575.0,,猪瘦肉1508,75541.0,76.35,76.375
2015-07-08,HE1508,76.475,76.7,74.3,75.825,27215.0,,猪瘦肉1508,73533.0,75.8,75.825
2015-07-09,HE1508,76.2,76.275,73.0,73.225,25213.0,,猪瘦肉1508,66832.0,73.275,73.225
2015-07-10,HE1508,73.55,74.475,73.175,73.725,19945.0,,猪瘦肉1508,61512.0,73.65,73.725
2015-07-13,HE1508,73.575,74.575,70.65,74.4,23611.0,,猪瘦肉1508,55544.0,73.95,74.4
2015-07-14,HE1508,74.275,76.875,74.175,75.875,24797.0,,猪瘦肉1508,51884.0,75.925,75.875
2015-07-15,HE1508,75.9,76.4,74.925,75.475,15555.0,,猪瘦肉1508,45132.0,75.3,75.475
2015-07-16,HE1508,75.475,76.4,75.025,75.975,15862.0,,猪瘦肉1508,42473.0,76.0,75.975
2015-07-17,HE1508,76.125,76.225,75.35,75.5,10632.0,,猪瘦肉1508,38960.0,75.675,75.5
2015-07-20,HE1508,75.8,76.075,74.575,74.65,12168.0,,猪瘦肉1508,36869.0,74.9,74.65
2015-07-21,HE1508,75.1,76.4,74.8,76.275,15362.0,,猪瘦肉1508,34923.0,75.875,76.275
2015-07-22,HE1508,76.5,78.775,76.5,77.95,22089.0,,猪瘦肉1508,32213.0,78.525,77.95
2015-07-23,HE1508,78.0,78.825,77.75,78.575,9813.0,,猪瘦肉1508,33087.0,78.275,78.575
2015-07-24,HE1508,78.325,78.775,77.525,77.625,7729.0,,猪瘦肉1508,31496.0,77.675,77.625
2015-07-27,HE1508,77.325,78.0,76.9,77.425,10219.0,,猪瘦肉1508,29372.0,77.525,77.425
2015-07-28,HE1508,77.475,79.775,76.875,79.5,10876.0,,猪瘦肉1508,27263.0,79.475,79.5
2015-07-29,HE1508,79.7,81.375,79.575,80.2,13203.0,,猪瘦肉1508,25432.0,79.85,80.2
2015-07-30,HE1508,80.5,81.025,79.35,79.525,7047.0,,猪瘦肉1508,22981.0,79.675,79.525
2015-07-31,HE1508,79.6,79.725,77.925,78.525,11102.0,,猪瘦肉1508,22205.0,78.5,78.525
2015-08-03,HE1508,79.05,80.75,78.75,80.625,9527.0,,猪瘦肉1508,20493.0,80.2,80.625
2015-08-04,HE1508,80.6,81.575,80.125,80.4,7160.0,,猪瘦肉1508,18849.0,81.4,80.4
2015-08-05,HE1508,80.725,80.8,79.05,79.9,9428.0,,猪瘦肉1508,17093.0,80.225,79.9
2015-08-06,HE1508,79.925,80.0,77.925,78.125,8692.0,,猪瘦肉1508,15645.0,78.075,78.125
2015-08-07,HE1508,77.975,78.8,77.275,77.425,5487.0,,猪瘦肉1508,13983.0,77.325,77.425
2015-08-10,HE1508,77.85,78.0,76.2,76.7,7012.0,,猪瘦肉1508,12341.0,76.65,76.7
2015-08-11,HE1508,77.075,77.875,76.525,77.375,5526.0,,猪瘦肉1508,11225.0,76.725,77.375
2015-08-12,HE1508,77.575,78.425,77.3,78.375,3305.0,,猪瘦肉1508,9946.0,77.85,78.375
2015-08-13,HE1508,78.475,78.9,78.275,78.6,2611.0,,猪瘦肉1508,9204.0,78.625,78.6
2015-08-14,HE1508,78.775,79.125,78.775,78.775,1766.0,,猪瘦肉1508,8310.0,78.825,78.775
2015-08-18,HE1508,,,,78.7,0.0,,猪瘦肉1508,7840.0,78.7,78.7
