date,symbol,open,high,low,close,volume,amount,name,openinterest,settleprice,price
2016-02-29,HK1605,0.0,0.0,0.0,10284.0,0.0,,MSCI香港指数1605,0.0,10284.0,10284.0
2016-03-01,HK1605,0.0,0.0,0.0,10392.0,0.0,,MSCI香港指数1605,0.0,10392.0,10392.0
2016-03-02,HK1605,0.0,0.0,0.0,10667.0,0.0,,MSCI香港指数1605,0.0,10667.0,10667.0
2016-03-03,HK1605,0.0,0.0,0.0,10665.0,0.0,,MSCI香港指数1605,0.0,10665.0,10665.0
2016-03-04,HK1605,0.0,0.0,0.0,10779.0,0.0,,MSCI香港指数1605,0.0,10779.0,10779.0
2016-03-07,HK1605,0.0,0.0,0.0,10709.0,0.0,,MSCI香港指数1605,0.0,10709.0,10709.0
2016-03-08,HK1605,0.0,0.0,0.0,10631.0,0.0,,MSCI香港指数1605,0.0,10631.0,10631.0
2016-03-09,HK1605,0.0,0.0,0.0,10691.0,0.0,,MSCI香港指数1605,0.0,10691.0,10691.0
2016-03-10,HK1605,0.0,0.0,0.0,10699.0,0.0,,MSCI香港指数1605,0.0,10699.0,10699.0
2016-03-11,HK1605,0.0,0.0,0.0,10782.0,0.0,,MSCI香港指数1605,0.0,10782.0,10782.0
2016-03-14,HK1605,0.0,0.0,0.0,10872.0,0.0,,MSCI香港指数1605,0.0,10872.0,10872.0
2016-03-15,HK1605,0.0,0.0,0.0,10835.0,0.0,,MSCI香港指数1605,0.0,10835.0,10835.0
2016-03-16,HK1605,0.0,0.0,0.0,10812.0,0.0,,MSCI香港指数1605,0.0,10812.0,10812.0
2016-03-17,HK1605,0.0,0.0,0.0,10925.0,0.0,,MSCI香港指数1605,0.0,10925.0,10925.0
2016-03-18,HK1605,0.0,0.0,0.0,10961.0,0.0,,MSCI香港指数1605,0.0,10961.0,10961.0
2016-03-21,HK1605,0.0,0.0,0.0,11007.0,0.0,,MSCI香港指数1605,0.0,11007.0,11007.0
2016-03-22,HK1605,0.0,0.0,0.0,10990.0,0.0,,MSCI香港指数1605,0.0,10990.0,10990.0
2016-03-23,HK1605,0.0,0.0,0.0,10933.0,0.0,,MSCI香港指数1605,0.0,10933.0,10933.0
2016-03-24,HK1605,0.0,0.0,0.0,10808.0,0.0,,MSCI香港指数1605,0.0,10808.0,10808.0
2016-03-29,HK1605,0.0,0.0,0.0,10841.0,0.0,,MSCI香港指数1605,0.0,10841.0,10841.0
2016-03-30,HK1605,0.0,0.0,0.0,11063.0,0.0,,MSCI香港指数1605,0.0,11063.0,11063.0
2016-03-31,HK1605,0.0,0.0,0.0,10944.0,0.0,,MSCI香港指数1605,0.0,10944.0,10944.0
2016-04-01,HK1605,0.0,0.0,0.0,10803.0,0.0,,MSCI香港指数1605,0.0,10803.0,10803.0
2016-04-05,HK1605,0.0,0.0,0.0,10640.0,0.0,,MSCI香港指数1605,0.0,10640.0,10640.0
2016-04-06,HK1605,0.0,0.0,0.0,10628.0,0.0,,MSCI香港指数1605,0.0,10628.0,10628.0
2016-04-07,HK1605,0.0,0.0,0.0,10635.0,0.0,,MSCI香港指数1605,0.0,10635.0,10635.0
2016-04-08,HK1605,0.0,0.0,0.0,10698.0,0.0,,MSCI香港指数1605,0.0,10698.0,10698.0
2016-04-11,HK1605,0.0,0.0,0.0,10728.0,0.0,,MSCI香港指数1605,0.0,10728.0,10728.0
2016-04-12,HK1605,0.0,0.0,0.0,10743.0,0.0,,MSCI香港指数1605,0.0,10743.0,10743.0
2016-04-13,HK1605,0.0,0.0,0.0,11031.0,0.0,,MSCI香港指数1605,0.0,11031.0,11031.0
2016-04-14,HK1605,0.0,0.0,0.0,11144.0,0.0,,MSCI香港指数1605,0.0,11144.0,11144.0
2016-04-15,HK1605,0.0,0.0,0.0,11142.0,0.0,,MSCI香港指数1605,0.0,11142.0,11142.0
2016-04-18,HK1605,0.0,0.0,0.0,11067.0,0.0,,MSCI香港指数1605,0.0,11067.0,11067.0
2016-04-19,HK1605,0.0,0.0,0.0,11258.0,0.0,,MSCI香港指数1605,0.0,11258.0,11258.0
2016-04-20,HK1605,0.0,0.0,0.0,11209.0,0.0,,MSCI香港指数1605,0.0,11209.0,11209.0
2016-04-21,HK1605,0.0,0.0,0.0,11422.0,0.0,,MSCI香港指数1605,0.0,11422.0,11422.0
2016-04-22,HK1605,0.0,0.0,0.0,11364.0,0.0,,MSCI香港指数1605,0.0,11364.0,11364.0
2016-04-25,HK1605,0.0,0.0,0.0,11321.0,0.0,,MSCI香港指数1605,0.0,11321.0,11321.0
2016-04-26,HK1605,0.0,0.0,0.0,11394.0,0.0,,MSCI香港指数1605,0.0,11394.0,11394.0
2016-04-27,HK1605,0.0,0.0,0.0,11361.0,0.0,,MSCI香港指数1605,0.0,11361.0,11361.0
2016-04-28,HK1605,0.0,0.0,0.0,11339.0,0.0,,MSCI香港指数1605,0.0,11339.0,11339.0
2016-04-29,HK1605,0.0,0.0,0.0,11208.0,0.0,,MSCI香港指数1605,0.0,11208.0,11208.0
2016-05-03,HK1605,0.0,0.0,0.0,11045.0,0.0,,MSCI香港指数1605,0.0,11045.0,11045.0
2016-05-04,HK1605,0.0,0.0,0.0,10938.0,0.0,,MSCI香港指数1605,0.0,10938.0,10938.0
2016-05-05,HK1605,0.0,0.0,0.0,10923.0,0.0,,MSCI香港指数1605,0.0,10923.0,10923.0
2016-05-06,HK1605,0.0,0.0,0.0,10723.0,0.0,,MSCI香港指数1605,0.0,10723.0,10723.0
2016-05-09,HK1605,0.0,0.0,0.0,10762.0,0.0,,MSCI香港指数1605,0.0,10762.0,10762.0
2016-05-10,HK1605,0.0,0.0,0.0,10830.0,0.0,,MSCI香港指数1605,0.0,10830.0,10830.0
2016-05-11,HK1605,0.0,0.0,0.0,10719.0,0.0,,MSCI香港指数1605,0.0,10719.0,10719.0
2016-05-12,HK1605,0.0,0.0,0.0,10639.0,0.0,,MSCI香港指数1605,0.0,10639.0,10639.0
2016-05-13,HK1605,0.0,0.0,0.0,10515.0,0.0,,MSCI香港指数1605,0.0,10515.0,10515.0
2016-05-16,HK1605,0.0,0.0,0.0,10581.0,0.0,,MSCI香港指数1605,0.0,10581.0,10581.0
2016-05-17,HK1605,0.0,0.0,0.0,10725.0,0.0,,MSCI香港指数1605,0.0,10725.0,10725.0
2016-05-18,HK1605,0.0,0.0,0.0,10587.0,0.0,,MSCI香港指数1605,0.0,10587.0,10587.0
2016-05-19,HK1605,0.0,0.0,0.0,10598.0,0.0,,MSCI香港指数1605,0.0,10598.0,10598.0
2016-05-20,HK1605,0.0,0.0,0.0,10666.0,0.0,,MSCI香港指数1605,0.0,10666.0,10666.0
2016-05-23,HK1605,0.0,0.0,0.0,10603.0,0.0,,MSCI香港指数1605,0.0,10603.0,10603.0
2016-05-24,HK1605,0.0,0.0,0.0,10630.0,0.0,,MSCI香港指数1605,0.0,10630.0,10630.0
2016-05-25,HK1605,0.0,0.0,0.0,10886.0,0.0,,MSCI香港指数1605,0.0,10886.0,10886.0
2016-05-26,HK1605,0.0,0.0,0.0,10928.0,0.0,,MSCI香港指数1605,0.0,10928.0,10928.0
2016-05-27,HK1605,0.0,0.0,0.0,10970.0,0.0,,MSCI香港指数1605,0.0,10970.0,10970.0
2016-05-30,HK1605,0.0,0.0,0.0,11001.0,0.0,,MSCI香港指数1605,0.0,11001.0,11001.0
