date,symbol,open,high,low,close,volume,amount,name,openinterest,settleprice,price
2015-10-30,HK1601,0.0,0.0,0.0,11972.0,0.0,,MSCI香港指数1601,0.0,11972.0,11972.0
2015-11-02,HK1601,0.0,0.0,0.0,11815.0,0.0,,MSCI香港指数1601,0.0,11815.0,11815.0
2015-11-03,HK1601,0.0,0.0,0.0,11916.0,0.0,,MSCI香港指数1601,0.0,11916.0,11916.0
2015-11-04,HK1601,0.0,0.0,0.0,12096.0,0.0,,MSCI香港指数1601,0.0,12096.0,12096.0
2015-11-05,HK1601,0.0,0.0,0.0,12113.0,0.0,,MSCI香港指数1601,0.0,12113.0,12113.0
2015-11-06,HK1601,0.0,0.0,0.0,12023.0,0.0,,MSCI香港指数1601,0.0,12023.0,12023.0
2015-11-09,HK1601,0.0,0.0,0.0,12026.0,0.0,,MSCI香港指数1601,0.0,12026.0,12026.0
2015-11-10,HK1601,0.0,0.0,0.0,11888.0,0.0,,MSCI香港指数1601,0.0,11888.0,11888.0
2015-11-11,HK1601,0.0,0.0,0.0,11889.0,0.0,,MSCI香港指数1601,0.0,11889.0,11889.0
2015-11-12,HK1601,0.0,0.0,0.0,12132.0,0.0,,MSCI香港指数1601,0.0,12132.0,12132.0
2015-11-13,HK1601,0.0,0.0,0.0,11897.0,0.0,,MSCI香港指数1601,0.0,11897.0,11897.0
2015-11-16,HK1601,0.0,0.0,0.0,11725.0,0.0,,MSCI香港指数1601,0.0,11725.0,11725.0
2015-11-17,HK1601,0.0,0.0,0.0,11842.0,0.0,,MSCI香港指数1601,0.0,11842.0,11842.0
2015-11-18,HK1601,0.0,0.0,0.0,11809.0,0.0,,MSCI香港指数1601,0.0,11809.0,11809.0
2015-11-19,HK1601,0.0,0.0,0.0,11965.0,0.0,,MSCI香港指数1601,0.0,11965.0,11965.0
2015-11-20,HK1601,0.0,0.0,0.0,12106.0,0.0,,MSCI香港指数1601,0.0,12106.0,12106.0
2015-11-23,HK1601,0.0,0.0,0.0,12053.0,0.0,,MSCI香港指数1601,0.0,12053.0,12053.0
2015-11-24,HK1601,0.0,0.0,0.0,12006.0,0.0,,MSCI香港指数1601,0.0,12006.0,12006.0
2015-11-25,HK1601,0.0,0.0,0.0,11946.0,0.0,,MSCI香港指数1601,0.0,11946.0,11946.0
2015-11-26,HK1601,0.0,0.0,0.0,11955.0,0.0,,MSCI香港指数1601,0.0,11955.0,11955.0
2015-11-27,HK1601,0.0,0.0,0.0,11786.0,0.0,,MSCI香港指数1601,0.0,11786.0,11786.0
2015-11-30,HK1601,0.0,0.0,0.0,11747.0,0.0,,MSCI香港指数1601,0.0,11747.0,11747.0
2015-12-01,HK1601,0.0,0.0,0.0,11936.0,0.0,,MSCI香港指数1601,0.0,11936.0,11936.0
2015-12-02,HK1601,0.0,0.0,0.0,12007.0,0.0,,MSCI香港指数1601,0.0,12007.0,12007.0
2015-12-03,HK1601,0.0,0.0,0.0,11959.0,0.0,,MSCI香港指数1601,0.0,11959.0,11959.0
2015-12-04,HK1601,0.0,0.0,0.0,11878.0,0.0,,MSCI香港指数1601,0.0,11878.0,11878.0
2015-12-07,HK1601,0.0,0.0,0.0,11898.0,0.0,,MSCI香港指数1601,0.0,11898.0,11898.0
2015-12-08,HK1601,0.0,0.0,0.0,11748.0,0.0,,MSCI香港指数1601,0.0,11748.0,11748.0
2015-12-09,HK1601,0.0,0.0,0.0,11688.0,0.0,,MSCI香港指数1601,0.0,11688.0,11688.0
2015-12-10,HK1601,0.0,0.0,0.0,11670.0,0.0,,MSCI香港指数1601,0.0,11670.0,11670.0
2015-12-11,HK1601,0.0,0.0,0.0,11580.0,0.0,,MSCI香港指数1601,0.0,11580.0,11580.0
2015-12-14,HK1601,0.0,0.0,0.0,11495.0,0.0,,MSCI香港指数1601,0.0,11495.0,11495.0
2015-12-15,HK1601,0.0,0.0,0.0,11411.0,0.0,,MSCI香港指数1601,0.0,11411.0,11411.0
2015-12-16,HK1601,0.0,0.0,0.0,11587.0,0.0,,MSCI香港指数1601,0.0,11587.0,11587.0
2015-12-17,HK1601,0.0,0.0,0.0,11750.0,0.0,,MSCI香港指数1601,0.0,11750.0,11750.0
2015-12-18,HK1601,0.0,0.0,0.0,11707.0,0.0,,MSCI香港指数1601,0.0,11707.0,11707.0
2015-12-21,HK1601,0.0,0.0,0.0,11688.0,0.0,,MSCI香港指数1601,0.0,11688.0,11688.0
2015-12-22,HK1601,0.0,0.0,0.0,11726.0,0.0,,MSCI香港指数1601,0.0,11726.0,11726.0
2015-12-23,HK1601,0.0,0.0,0.0,11800.0,0.0,,MSCI香港指数1601,0.0,11800.0,11800.0
2015-12-24,HK1601,0.0,0.0,0.0,11859.0,0.0,,MSCI香港指数1601,0.0,11859.0,11859.0
2015-12-28,HK1601,0.0,0.0,0.0,11764.0,0.0,,MSCI香港指数1601,0.0,11764.0,11764.0
2015-12-29,HK1601,0.0,0.0,0.0,11829.0,0.0,,MSCI香港指数1601,0.0,11829.0,11829.0
2015-12-30,HK1601,0.0,0.0,0.0,11826.0,0.0,,MSCI香港指数1601,0.0,11826.0,11826.0
2015-12-31,HK1601,0.0,0.0,0.0,11813.0,0.0,,MSCI香港指数1601,0.0,11813.0,11813.0
2016-01-04,HK1601,0.0,0.0,0.0,11557.0,0.0,,MSCI香港指数1601,0.0,11557.0,11557.0
2016-01-05,HK1601,0.0,0.0,0.0,11529.0,0.0,,MSCI香港指数1601,0.0,11529.0,11529.0
2016-01-06,HK1601,0.0,0.0,0.0,11416.0,0.0,,MSCI香港指数1601,0.0,11416.0,11416.0
2016-01-07,HK1601,0.0,0.0,0.0,11132.0,0.0,,MSCI香港指数1601,0.0,11132.0,11132.0
2016-01-08,HK1601,0.0,0.0,0.0,11120.0,0.0,,MSCI香港指数1601,0.0,11120.0,11120.0
2016-01-11,HK1601,0.0,0.0,0.0,10869.0,0.0,,MSCI香港指数1601,0.0,10869.0,10869.0
2016-01-12,HK1601,0.0,0.0,0.0,10836.0,0.0,,MSCI香港指数1601,0.0,10836.0,10836.0
2016-01-13,HK1601,0.0,0.0,0.0,10963.0,0.0,,MSCI香港指数1601,0.0,10963.0,10963.0
2016-01-14,HK1601,0.0,0.0,0.0,10879.0,0.0,,MSCI香港指数1601,0.0,10879.0,10879.0
2016-01-15,HK1601,0.0,0.0,0.0,10787.0,0.0,,MSCI香港指数1601,0.0,10787.0,10787.0
2016-01-18,HK1601,0.0,0.0,0.0,10576.0,0.0,,MSCI香港指数1601,0.0,10576.0,10576.0
2016-01-19,HK1601,0.0,0.0,0.0,10695.0,0.0,,MSCI香港指数1601,0.0,10695.0,10695.0
2016-01-20,HK1601,0.0,0.0,0.0,10320.0,0.0,,MSCI香港指数1601,0.0,10320.0,10320.0
2016-01-21,HK1601,0.0,0.0,0.0,10113.0,0.0,,MSCI香港指数1601,0.0,10113.0,10113.0
2016-01-22,HK1601,0.0,0.0,0.0,10323.0,0.0,,MSCI香港指数1601,0.0,10323.0,10323.0
2016-01-25,HK1601,0.0,0.0,0.0,10435.0,0.0,,MSCI香港指数1601,0.0,10435.0,10435.0
2016-01-26,HK1601,0.0,0.0,0.0,10212.0,0.0,,MSCI香港指数1601,0.0,10212.0,10212.0
2016-01-27,HK1601,0.0,0.0,0.0,10349.0,0.0,,MSCI香港指数1601,0.0,10349.0,10349.0
2016-01-28,HK1601,0.0,0.0,0.0,10416.0,0.0,,MSCI香港指数1601,0.0,10416.0,10416.0
