date,symbol,open,high,low,close,volume,amount,name,openinterest,settleprice,price
2016-04-29,HK1607,0.0,0.0,0.0,10938.0,0.0,,MSCI香港指数1607,0.0,10938.0,10938.0
2016-05-03,HK1607,0.0,0.0,0.0,10768.0,0.0,,MSCI香港指数1607,0.0,10768.0,10768.0
2016-05-04,HK1607,0.0,0.0,0.0,10656.0,0.0,,MSCI香港指数1607,0.0,10656.0,10656.0
2016-05-05,HK1607,0.0,0.0,0.0,10637.0,0.0,,MSCI香港指数1607,0.0,10637.0,10637.0
2016-05-06,HK1607,0.0,0.0,0.0,10435.0,0.0,,MSCI香港指数1607,0.0,10435.0,10435.0
2016-05-09,HK1607,0.0,0.0,0.0,10464.0,0.0,,MSCI香港指数1607,0.0,10464.0,10464.0
2016-05-10,HK1607,0.0,0.0,0.0,10537.0,0.0,,MSCI香港指数1607,0.0,10537.0,10537.0
2016-05-11,HK1607,0.0,0.0,0.0,10423.0,0.0,,MSCI香港指数1607,0.0,10423.0,10423.0
2016-05-12,HK1607,0.0,0.0,0.0,10339.0,0.0,,MSCI香港指数1607,0.0,10339.0,10339.0
2016-05-13,HK1607,0.0,0.0,0.0,10212.0,0.0,,MSCI香港指数1607,0.0,10212.0,10212.0
2016-05-16,HK1607,0.0,0.0,0.0,10259.0,0.0,,MSCI香港指数1607,0.0,10259.0,10259.0
2016-05-17,HK1607,0.0,0.0,0.0,10406.0,0.0,,MSCI香港指数1607,0.0,10406.0,10406.0
2016-05-18,HK1607,0.0,0.0,0.0,10274.0,0.0,,MSCI香港指数1607,0.0,10274.0,10274.0
2016-05-19,HK1607,0.0,0.0,0.0,10294.0,0.0,,MSCI香港指数1607,0.0,10294.0,10294.0
2016-05-20,HK1607,0.0,0.0,0.0,10370.0,0.0,,MSCI香港指数1607,0.0,10370.0,10370.0
2016-05-23,HK1607,0.0,0.0,0.0,10297.0,0.0,,MSCI香港指数1607,0.0,10297.0,10297.0
2016-05-24,HK1607,0.0,0.0,0.0,10320.0,0.0,,MSCI香港指数1607,0.0,10320.0,10320.0
2016-05-25,HK1607,0.0,0.0,0.0,10573.0,0.0,,MSCI香港指数1607,0.0,10573.0,10573.0
2016-05-26,HK1607,0.0,0.0,0.0,10608.0,0.0,,MSCI香港指数1607,0.0,10608.0,10608.0
2016-05-27,HK1607,0.0,0.0,0.0,10647.0,0.0,,MSCI香港指数1607,0.0,10647.0,10647.0
2016-05-30,HK1607,0.0,0.0,0.0,10660.0,0.0,,MSCI香港指数1607,0.0,10660.0,10660.0
2016-05-31,HK1607,0.0,0.0,0.0,10923.0,0.0,,MSCI香港指数1607,0.0,10923.0,10923.0
2016-06-01,HK1607,0.0,0.0,0.0,10858.0,0.0,,MSCI香港指数1607,0.0,10858.0,10858.0
2016-06-02,HK1607,0.0,0.0,0.0,10930.0,0.0,,MSCI香港指数1607,0.0,10930.0,10930.0
2016-06-03,HK1607,0.0,0.0,0.0,11012.0,0.0,,MSCI香港指数1607,0.0,11012.0,11012.0
2016-06-06,HK1607,0.0,0.0,0.0,11014.0,0.0,,MSCI香港指数1607,0.0,11014.0,11014.0
2016-06-07,HK1607,0.0,0.0,0.0,11132.0,0.0,,MSCI香港指数1607,0.0,11132.0,11132.0
2016-06-08,HK1607,0.0,0.0,0.0,11097.0,0.0,,MSCI香港指数1607,0.0,11097.0,11097.0
2016-06-10,HK1607,0.0,0.0,0.0,10991.0,0.0,,MSCI香港指数1607,0.0,10991.0,10991.0
2016-06-13,HK1607,0.0,0.0,0.0,10709.0,0.0,,MSCI香港指数1607,0.0,10709.0,10709.0
2016-06-14,HK1607,0.0,0.0,0.0,10611.0,0.0,,MSCI香港指数1607,0.0,10611.0,10611.0
2016-06-15,HK1607,0.0,0.0,0.0,10632.0,0.0,,MSCI香港指数1607,0.0,10632.0,10632.0
2016-06-16,HK1607,0.0,0.0,0.0,10478.0,0.0,,MSCI香港指数1607,0.0,10478.0,10478.0
2016-06-17,HK1607,0.0,0.0,0.0,10589.0,0.0,,MSCI香港指数1607,0.0,10589.0,10589.0
2016-06-20,HK1607,0.0,0.0,0.0,10796.0,0.0,,MSCI香港指数1607,0.0,10796.0,10796.0
2016-06-21,HK1607,0.0,0.0,0.0,10835.0,0.0,,MSCI香港指数1607,0.0,10835.0,10835.0
2016-06-22,HK1607,0.0,0.0,0.0,10947.0,0.0,,MSCI香港指数1607,0.0,10947.0,10947.0
2016-06-23,HK1607,0.0,0.0,0.0,11023.0,0.0,,MSCI香港指数1607,0.0,11023.0,11023.0
2016-06-24,HK1607,0.0,0.0,0.0,10646.0,0.0,,MSCI香港指数1607,0.0,10646.0,10646.0
2016-06-27,HK1607,0.0,0.0,0.0,10577.0,0.0,,MSCI香港指数1607,0.0,10577.0,10577.0
2016-06-28,HK1607,0.0,0.0,0.0,10535.0,0.0,,MSCI香港指数1607,0.0,10535.0,10535.0
2016-06-29,HK1607,0.0,0.0,0.0,10733.0,0.0,,MSCI香港指数1607,0.0,10733.0,10733.0
2016-06-30,HK1607,0.0,0.0,0.0,10899.0,0.0,,MSCI香港指数1607,0.0,10899.0,10899.0
2016-07-04,HK1607,0.0,0.0,0.0,11052.0,0.0,,MSCI香港指数1607,0.0,11052.0,11052.0
2016-07-05,HK1607,0.0,0.0,0.0,10908.0,0.0,,MSCI香港指数1607,0.0,10908.0,10908.0
2016-07-06,HK1607,0.0,0.0,0.0,10810.0,0.0,,MSCI香港指数1607,0.0,10810.0,10810.0
2016-07-07,HK1607,0.0,0.0,0.0,10889.0,0.0,,MSCI香港指数1607,0.0,10889.0,10889.0
2016-07-08,HK1607,0.0,0.0,0.0,10834.0,0.0,,MSCI香港指数1607,0.0,10834.0,10834.0
2016-07-11,HK1607,0.0,0.0,0.0,10971.0,0.0,,MSCI香港指数1607,0.0,10971.0,10971.0
2016-07-12,HK1607,0.0,0.0,0.0,11159.0,0.0,,MSCI香港指数1607,0.0,11159.0,11159.0
2016-07-13,HK1607,0.0,0.0,0.0,11197.0,0.0,,MSCI香港指数1607,0.0,11197.0,11197.0
2016-07-14,HK1607,0.0,0.0,0.0,11310.0,0.0,,MSCI香港指数1607,0.0,11310.0,11310.0
2016-07-15,HK1607,0.0,0.0,0.0,11373.0,0.0,,MSCI香港指数1607,0.0,11373.0,11373.0
2016-07-18,HK1607,0.0,0.0,0.0,11470.0,0.0,,MSCI香港指数1607,0.0,11470.0,11470.0
2016-07-19,HK1607,0.0,0.0,0.0,11449.0,0.0,,MSCI香港指数1607,0.0,11449.0,11449.0
2016-07-20,HK1607,0.0,0.0,0.0,11580.0,0.0,,MSCI香港指数1607,0.0,11580.0,11580.0
2016-07-21,HK1607,0.0,0.0,0.0,11639.0,0.0,,MSCI香港指数1607,0.0,11639.0,11639.0
2016-07-22,HK1607,0.0,0.0,0.0,11617.0,0.0,,MSCI香港指数1607,0.0,11617.0,11617.0
2016-07-25,HK1607,0.0,0.0,0.0,11635.0,0.0,,MSCI香港指数1607,0.0,11635.0,11635.0
2016-07-26,HK1607,0.0,0.0,0.0,11753.0,0.0,,MSCI香港指数1607,0.0,11753.0,11753.0
2016-07-27,HK1607,0.0,0.0,0.0,11762.0,0.0,,MSCI香港指数1607,0.0,11762.0,11762.0
2016-07-28,HK1607,0.0,0.0,0.0,11772.0,0.0,,MSCI香港指数1607,0.0,11772.0,11772.0
