date,symbol,open,high,low,close,volume,amount,name,openinterest,settleprice,price
2015-09-30,HK1609,0.0,0.0,0.0,11022.0,0.0,,MSCI香港指数1609,0.0,11022.0,11022.0
2015-10-02,HK1609,0.0,0.0,0.0,11329.0,0.0,,MSCI香港指数1609,0.0,11329.0,11329.0
2015-10-05,HK1609,0.0,0.0,0.0,11499.0,0.0,,MSCI香港指数1609,0.0,11499.0,11499.0
2015-10-06,HK1609,0.0,0.0,0.0,11490.0,0.0,,MSCI香港指数1609,0.0,11490.0,11490.0
2015-10-07,HK1609,0.0,0.0,0.0,11744.0,0.0,,MSCI香港指数1609,0.0,11744.0,11744.0
2015-10-08,HK1609,0.0,0.0,0.0,11743.0,0.0,,MSCI香港指数1609,0.0,11743.0,11743.0
2015-10-09,HK1609,0.0,0.0,0.0,11778.0,0.0,,MSCI香港指数1609,0.0,11778.0,11778.0
2015-10-12,HK1609,0.0,0.0,0.0,11868.0,0.0,,MSCI香港指数1609,0.0,11868.0,11868.0
2015-10-13,HK1609,0.0,0.0,0.0,11796.0,0.0,,MSCI香港指数1609,0.0,11796.0,11796.0
2015-10-14,HK1609,0.0,0.0,0.0,11754.0,0.0,,MSCI香港指数1609,0.0,11754.0,11754.0
2015-10-15,HK1609,0.0,0.0,0.0,11953.0,0.0,,MSCI香港指数1609,0.0,11953.0,11953.0
2015-10-16,HK1609,0.0,0.0,0.0,12074.0,0.0,,MSCI香港指数1609,0.0,12074.0,12074.0
2015-10-19,HK1609,0.0,0.0,0.0,12011.0,0.0,,MSCI香港指数1609,0.0,12011.0,12011.0
2015-10-20,HK1609,0.0,0.0,0.0,11960.0,0.0,,MSCI香港指数1609,0.0,11960.0,11960.0
2015-10-22,HK1609,0.0,0.0,0.0,11927.0,0.0,,MSCI香港指数1609,0.0,11927.0,11927.0
2015-10-23,HK1609,0.0,0.0,0.0,12075.0,0.0,,MSCI香港指数1609,0.0,12075.0,12075.0
2015-10-26,HK1609,0.0,0.0,0.0,12059.0,0.0,,MSCI香港指数1609,0.0,12059.0,12059.0
2015-10-27,HK1609,0.0,0.0,0.0,12067.0,0.0,,MSCI香港指数1609,0.0,12067.0,12067.0
2015-10-28,HK1609,0.0,0.0,0.0,12020.0,0.0,,MSCI香港指数1609,0.0,12020.0,12020.0
2015-10-29,HK1609,0.0,0.0,0.0,11998.0,0.0,,MSCI香港指数1609,0.0,11998.0,11998.0
2015-10-30,HK1609,0.0,0.0,0.0,11588.0,0.0,,MSCI香港指数1609,0.0,11588.0,11588.0
2015-11-02,HK1609,0.0,0.0,0.0,11428.0,0.0,,MSCI香港指数1609,0.0,11428.0,11428.0
2015-11-03,HK1609,0.0,0.0,0.0,11532.0,0.0,,MSCI香港指数1609,0.0,11532.0,11532.0
2015-11-04,HK1609,0.0,0.0,0.0,11715.0,0.0,,MSCI香港指数1609,0.0,11715.0,11715.0
2015-11-05,HK1609,0.0,0.0,0.0,11733.0,0.0,,MSCI香港指数1609,0.0,11733.0,11733.0
2015-11-06,HK1609,0.0,0.0,0.0,11642.0,0.0,,MSCI香港指数1609,0.0,11642.0,11642.0
2015-11-09,HK1609,0.0,0.0,0.0,11646.0,0.0,,MSCI香港指数1609,0.0,11646.0,11646.0
2015-11-10,HK1609,0.0,0.0,0.0,11503.0,0.0,,MSCI香港指数1609,0.0,11503.0,11503.0
2015-11-11,HK1609,0.0,0.0,0.0,11504.0,0.0,,MSCI香港指数1609,0.0,11504.0,11504.0
2015-11-12,HK1609,0.0,0.0,0.0,11750.0,0.0,,MSCI香港指数1609,0.0,11750.0,11750.0
2015-11-13,HK1609,0.0,0.0,0.0,11512.0,0.0,,MSCI香港指数1609,0.0,11512.0,11512.0
2015-11-16,HK1609,0.0,0.0,0.0,11334.0,0.0,,MSCI香港指数1609,0.0,11334.0,11334.0
2015-11-17,HK1609,0.0,0.0,0.0,11452.0,0.0,,MSCI香港指数1609,0.0,11452.0,11452.0
2015-11-18,HK1609,0.0,0.0,0.0,11419.0,0.0,,MSCI香港指数1609,0.0,11419.0,11419.0
2015-11-19,HK1609,0.0,0.0,0.0,11576.0,0.0,,MSCI香港指数1609,0.0,11576.0,11576.0
2015-11-20,HK1609,0.0,0.0,0.0,11716.0,0.0,,MSCI香港指数1609,0.0,11716.0,11716.0
2015-11-23,HK1609,0.0,0.0,0.0,11663.0,0.0,,MSCI香港指数1609,0.0,11663.0,11663.0
2015-11-24,HK1609,0.0,0.0,0.0,11615.0,0.0,,MSCI香港指数1609,0.0,11615.0,11615.0
2015-11-25,HK1609,0.0,0.0,0.0,11555.0,0.0,,MSCI香港指数1609,0.0,11555.0,11555.0
2015-11-26,HK1609,0.0,0.0,0.0,11563.0,0.0,,MSCI香港指数1609,0.0,11563.0,11563.0
2015-11-27,HK1609,0.0,0.0,0.0,11391.0,0.0,,MSCI香港指数1609,0.0,11391.0,11391.0
2015-11-30,HK1609,0.0,0.0,0.0,11349.0,0.0,,MSCI香港指数1609,0.0,11349.0,11349.0
2015-12-01,HK1609,0.0,0.0,0.0,11539.0,0.0,,MSCI香港指数1609,0.0,11539.0,11539.0
2015-12-02,HK1609,0.0,0.0,0.0,11608.0,0.0,,MSCI香港指数1609,0.0,11608.0,11608.0
2015-12-03,HK1609,0.0,0.0,0.0,11562.0,0.0,,MSCI香港指数1609,0.0,11562.0,11562.0
2015-12-04,HK1609,0.0,0.0,0.0,11480.0,0.0,,MSCI香港指数1609,0.0,11480.0,11480.0
2015-12-07,HK1609,0.0,0.0,0.0,11498.0,0.0,,MSCI香港指数1609,0.0,11498.0,11498.0
2015-12-08,HK1609,0.0,0.0,0.0,11346.0,0.0,,MSCI香港指数1609,0.0,11346.0,11346.0
2015-12-09,HK1609,0.0,0.0,0.0,11287.0,0.0,,MSCI香港指数1609,0.0,11287.0,11287.0
2015-12-10,HK1609,0.0,0.0,0.0,11266.0,0.0,,MSCI香港指数1609,0.0,11266.0,11266.0
2015-12-11,HK1609,0.0,0.0,0.0,11174.0,0.0,,MSCI香港指数1609,0.0,11174.0,11174.0
2015-12-14,HK1609,0.0,0.0,0.0,11086.0,0.0,,MSCI香港指数1609,0.0,11086.0,11086.0
2015-12-15,HK1609,0.0,0.0,0.0,11004.0,0.0,,MSCI香港指数1609,0.0,11004.0,11004.0
2015-12-16,HK1609,0.0,0.0,0.0,11182.0,0.0,,MSCI香港指数1609,0.0,11182.0,11182.0
2015-12-17,HK1609,0.0,0.0,0.0,11344.0,0.0,,MSCI香港指数1609,0.0,11344.0,11344.0
2015-12-18,HK1609,0.0,0.0,0.0,11302.0,0.0,,MSCI香港指数1609,0.0,11302.0,11302.0
2015-12-21,HK1609,0.0,0.0,0.0,11283.0,0.0,,MSCI香港指数1609,0.0,11283.0,11283.0
2015-12-22,HK1609,0.0,0.0,0.0,11319.0,0.0,,MSCI香港指数1609,0.0,11319.0,11319.0
2015-12-23,HK1609,0.0,0.0,0.0,11395.0,0.0,,MSCI香港指数1609,0.0,11395.0,11395.0
2015-12-24,HK1609,0.0,0.0,0.0,11453.0,0.0,,MSCI香港指数1609,0.0,11453.0,11453.0
2015-12-28,HK1609,0.0,0.0,0.0,11353.0,0.0,,MSCI香港指数1609,0.0,11353.0,11353.0
2015-12-29,HK1609,0.0,0.0,0.0,11419.0,0.0,,MSCI香港指数1609,0.0,11419.0,11419.0
2015-12-30,HK1609,0.0,0.0,0.0,11413.0,0.0,,MSCI香港指数1609,0.0,11413.0,11413.0
2015-12-31,HK1609,0.0,0.0,0.0,11401.0,0.0,,MSCI香港指数1609,0.0,11401.0,11401.0
2016-01-04,HK1609,0.0,0.0,0.0,11136.0,0.0,,MSCI香港指数1609,0.0,11136.0,11136.0
2016-01-05,HK1609,0.0,0.0,0.0,11106.0,0.0,,MSCI香港指数1609,0.0,11106.0,11106.0
2016-01-06,HK1609,0.0,0.0,0.0,10990.0,0.0,,MSCI香港指数1609,0.0,10990.0,10990.0
2016-01-07,HK1609,0.0,0.0,0.0,10701.0,0.0,,MSCI香港指数1609,0.0,10701.0,10701.0
2016-01-08,HK1609,0.0,0.0,0.0,10693.0,0.0,,MSCI香港指数1609,0.0,10693.0,10693.0
2016-01-11,HK1609,0.0,0.0,0.0,10433.0,0.0,,MSCI香港指数1609,0.0,10433.0,10433.0
2016-01-12,HK1609,0.0,0.0,0.0,10396.0,0.0,,MSCI香港指数1609,0.0,10396.0,10396.0
2016-01-13,HK1609,0.0,0.0,0.0,10522.0,0.0,,MSCI香港指数1609,0.0,10522.0,10522.0
2016-01-14,HK1609,0.0,0.0,0.0,10437.0,0.0,,MSCI香港指数1609,0.0,10437.0,10437.0
2016-01-15,HK1609,0.0,0.0,0.0,10338.0,0.0,,MSCI香港指数1609,0.0,10338.0,10338.0
2016-01-18,HK1609,0.0,0.0,0.0,10123.0,0.0,,MSCI香港指数1609,0.0,10123.0,10123.0
2016-01-19,HK1609,0.0,0.0,0.0,10247.0,0.0,,MSCI香港指数1609,0.0,10247.0,10247.0
2016-01-20,HK1609,0.0,0.0,0.0,9866.0,0.0,,MSCI香港指数1609,0.0,9866.0,9866.0
2016-01-21,HK1609,0.0,0.0,0.0,9648.0,0.0,,MSCI香港指数1609,0.0,9648.0,9648.0
2016-01-22,HK1609,0.0,0.0,0.0,9862.0,0.0,,MSCI香港指数1609,0.0,9862.0,9862.0
2016-01-25,HK1609,0.0,0.0,0.0,9974.0,0.0,,MSCI香港指数1609,0.0,9974.0,9974.0
2016-01-26,HK1609,0.0,0.0,0.0,9746.0,0.0,,MSCI香港指数1609,0.0,9746.0,9746.0
2016-01-27,HK1609,0.0,0.0,0.0,9881.0,0.0,,MSCI香港指数1609,0.0,9881.0,9881.0
2016-01-28,HK1609,0.0,0.0,0.0,9947.0,0.0,,MSCI香港指数1609,0.0,9947.0,9947.0
2016-01-29,HK1609,0.0,0.0,0.0,10285.0,0.0,,MSCI香港指数1609,0.0,10285.0,10285.0
2016-02-01,HK1609,0.0,0.0,0.0,10241.0,0.0,,MSCI香港指数1609,0.0,10241.0,10241.0
2016-02-02,HK1609,0.0,0.0,0.0,10171.0,0.0,,MSCI香港指数1609,0.0,10171.0,10171.0
2016-02-03,HK1609,0.0,0.0,0.0,9892.0,0.0,,MSCI香港指数1609,0.0,9892.0,9892.0
2016-02-04,HK1609,0.0,0.0,0.0,9958.0,0.0,,MSCI香港指数1609,0.0,9958.0,9958.0
2016-02-05,HK1609,0.0,0.0,0.0,9985.0,0.0,,MSCI香港指数1609,0.0,9985.0,9985.0
2016-02-11,HK1609,0.0,0.0,0.0,9664.0,0.0,,MSCI香港指数1609,0.0,9664.0,9664.0
2016-02-12,HK1609,0.0,0.0,0.0,9561.0,0.0,,MSCI香港指数1609,0.0,9561.0,9561.0
2016-02-15,HK1609,0.0,0.0,0.0,9838.0,0.0,,MSCI香港指数1609,0.0,9838.0,9838.0
2016-02-16,HK1609,0.0,0.0,0.0,9879.0,0.0,,MSCI香港指数1609,0.0,9879.0,9879.0
2016-02-17,HK1609,0.0,0.0,0.0,9805.0,0.0,,MSCI香港指数1609,0.0,9805.0,9805.0
2016-02-18,HK1609,0.0,0.0,0.0,10010.0,0.0,,MSCI香港指数1609,0.0,10010.0,10010.0
2016-02-19,HK1609,0.0,0.0,0.0,9984.0,0.0,,MSCI香港指数1609,0.0,9984.0,9984.0
2016-02-22,HK1609,0.0,0.0,0.0,10047.0,0.0,,MSCI香港指数1609,0.0,10047.0,10047.0
2016-02-23,HK1609,0.0,0.0,0.0,10017.0,0.0,,MSCI香港指数1609,0.0,10017.0,10017.0
2016-02-24,HK1609,0.0,0.0,0.0,9935.0,0.0,,MSCI香港指数1609,0.0,9935.0,9935.0
2016-02-25,HK1609,0.0,0.0,0.0,9786.0,0.0,,MSCI香港指数1609,0.0,9786.0,9786.0
2016-02-26,HK1609,0.0,0.0,0.0,10058.0,0.0,,MSCI香港指数1609,0.0,10058.0,10058.0
2016-02-29,HK1609,0.0,0.0,0.0,9981.0,0.0,,MSCI香港指数1609,0.0,9981.0,9981.0
2016-03-01,HK1609,0.0,0.0,0.0,10092.0,0.0,,MSCI香港指数1609,0.0,10092.0,10092.0
2016-03-02,HK1609,0.0,0.0,0.0,10368.0,0.0,,MSCI香港指数1609,0.0,10368.0,10368.0
2016-03-03,HK1609,0.0,0.0,0.0,10340.0,0.0,,MSCI香港指数1609,0.0,10340.0,10340.0
2016-03-04,HK1609,0.0,0.0,0.0,10456.0,0.0,,MSCI香港指数1609,0.0,10456.0,10456.0
2016-03-07,HK1609,0.0,0.0,0.0,10384.0,0.0,,MSCI香港指数1609,0.0,10384.0,10384.0
2016-03-08,HK1609,0.0,0.0,0.0,10303.0,0.0,,MSCI香港指数1609,0.0,10303.0,10303.0
2016-03-09,HK1609,0.0,0.0,0.0,10362.0,0.0,,MSCI香港指数1609,0.0,10362.0,10362.0
2016-03-10,HK1609,0.0,0.0,0.0,10370.0,0.0,,MSCI香港指数1609,0.0,10370.0,10370.0
2016-03-11,HK1609,0.0,0.0,0.0,10452.0,0.0,,MSCI香港指数1609,0.0,10452.0,10452.0
2016-03-14,HK1609,0.0,0.0,0.0,10544.0,0.0,,MSCI香港指数1609,0.0,10544.0,10544.0
2016-03-15,HK1609,0.0,0.0,0.0,10507.0,0.0,,MSCI香港指数1609,0.0,10507.0,10507.0
2016-03-16,HK1609,0.0,0.0,0.0,10483.0,0.0,,MSCI香港指数1609,0.0,10483.0,10483.0
2016-03-17,HK1609,0.0,0.0,0.0,10593.0,0.0,,MSCI香港指数1609,0.0,10593.0,10593.0
2016-03-18,HK1609,0.0,0.0,0.0,10641.0,0.0,,MSCI香港指数1609,0.0,10641.0,10641.0
2016-03-21,HK1609,0.0,0.0,0.0,10685.0,0.0,,MSCI香港指数1609,0.0,10685.0,10685.0
2016-03-22,HK1609,0.0,0.0,0.0,10668.0,0.0,,MSCI香港指数1609,0.0,10668.0,10668.0
2016-03-23,HK1609,0.0,0.0,0.0,10611.0,0.0,,MSCI香港指数1609,0.0,10611.0,10611.0
2016-03-24,HK1609,0.0,0.0,0.0,10498.0,0.0,,MSCI香港指数1609,0.0,10498.0,10498.0
2016-03-29,HK1609,0.0,0.0,0.0,10536.0,0.0,,MSCI香港指数1609,0.0,10536.0,10536.0
2016-03-30,HK1609,0.0,0.0,0.0,10773.0,0.0,,MSCI香港指数1609,0.0,10773.0,10773.0
2016-03-31,HK1609,0.0,0.0,0.0,10728.0,0.0,,MSCI香港指数1609,0.0,10728.0,10728.0
2016-04-01,HK1609,0.0,0.0,0.0,10584.0,0.0,,MSCI香港指数1609,0.0,10584.0,10584.0
2016-04-05,HK1609,0.0,0.0,0.0,10420.0,0.0,,MSCI香港指数1609,0.0,10420.0,10420.0
2016-04-06,HK1609,0.0,0.0,0.0,10409.0,0.0,,MSCI香港指数1609,0.0,10409.0,10409.0
2016-04-07,HK1609,0.0,0.0,0.0,10415.0,0.0,,MSCI香港指数1609,0.0,10415.0,10415.0
2016-04-08,HK1609,0.0,0.0,0.0,10477.0,0.0,,MSCI香港指数1609,0.0,10477.0,10477.0
2016-04-11,HK1609,0.0,0.0,0.0,10507.0,0.0,,MSCI香港指数1609,0.0,10507.0,10507.0
2016-04-12,HK1609,0.0,0.0,0.0,10522.0,0.0,,MSCI香港指数1609,0.0,10522.0,10522.0
2016-04-13,HK1609,0.0,0.0,0.0,10812.0,0.0,,MSCI香港指数1609,0.0,10812.0,10812.0
2016-04-14,HK1609,0.0,0.0,0.0,10925.0,0.0,,MSCI香港指数1609,0.0,10925.0,10925.0
2016-04-15,HK1609,0.0,0.0,0.0,10923.0,0.0,,MSCI香港指数1609,0.0,10923.0,10923.0
2016-04-18,HK1609,0.0,0.0,0.0,10846.0,0.0,,MSCI香港指数1609,0.0,10846.0,10846.0
2016-04-19,HK1609,0.0,0.0,0.0,11037.0,0.0,,MSCI香港指数1609,0.0,11037.0,11037.0
2016-04-20,HK1609,0.0,0.0,0.0,10986.0,0.0,,MSCI香港指数1609,0.0,10986.0,10986.0
2016-04-21,HK1609,0.0,0.0,0.0,11200.0,0.0,,MSCI香港指数1609,0.0,11200.0,11200.0
2016-04-22,HK1609,0.0,0.0,0.0,11140.0,0.0,,MSCI香港指数1609,0.0,11140.0,11140.0
2016-04-25,HK1609,0.0,0.0,0.0,11097.0,0.0,,MSCI香港指数1609,0.0,11097.0,11097.0
2016-04-26,HK1609,0.0,0.0,0.0,11169.0,0.0,,MSCI香港指数1609,0.0,11169.0,11169.0
2016-04-27,HK1609,0.0,0.0,0.0,11136.0,0.0,,MSCI香港指数1609,0.0,11136.0,11136.0
2016-04-28,HK1609,0.0,0.0,0.0,11114.0,0.0,,MSCI香港指数1609,0.0,11114.0,11114.0
2016-04-29,HK1609,0.0,0.0,0.0,10982.0,0.0,,MSCI香港指数1609,0.0,10982.0,10982.0
2016-05-03,HK1609,0.0,0.0,0.0,10815.0,0.0,,MSCI香港指数1609,0.0,10815.0,10815.0
2016-05-04,HK1609,0.0,0.0,0.0,10709.0,0.0,,MSCI香港指数1609,0.0,10709.0,10709.0
2016-05-05,HK1609,0.0,0.0,0.0,10693.0,0.0,,MSCI香港指数1609,0.0,10693.0,10693.0
2016-05-06,HK1609,0.0,0.0,0.0,10493.0,0.0,,MSCI香港指数1609,0.0,10493.0,10493.0
2016-05-09,HK1609,0.0,0.0,0.0,10531.0,0.0,,MSCI香港指数1609,0.0,10531.0,10531.0
2016-05-10,HK1609,0.0,0.0,0.0,10598.0,0.0,,MSCI香港指数1609,0.0,10598.0,10598.0
2016-05-11,HK1609,0.0,0.0,0.0,10487.0,0.0,,MSCI香港指数1609,0.0,10487.0,10487.0
2016-05-12,HK1609,0.0,0.0,0.0,10406.0,0.0,,MSCI香港指数1609,0.0,10406.0,10406.0
2016-05-13,HK1609,0.0,0.0,0.0,10283.0,0.0,,MSCI香港指数1609,0.0,10283.0,10283.0
2016-05-16,HK1609,0.0,0.0,0.0,10349.0,0.0,,MSCI香港指数1609,0.0,10349.0,10349.0
2016-05-17,HK1609,0.0,0.0,0.0,10492.0,0.0,,MSCI香港指数1609,0.0,10492.0,10492.0
2016-05-18,HK1609,0.0,0.0,0.0,10353.0,0.0,,MSCI香港指数1609,0.0,10353.0,10353.0
2016-05-19,HK1609,0.0,0.0,0.0,10362.0,0.0,,MSCI香港指数1609,0.0,10362.0,10362.0
2016-05-20,HK1609,0.0,0.0,0.0,10431.0,0.0,,MSCI香港指数1609,0.0,10431.0,10431.0
2016-05-23,HK1609,0.0,0.0,0.0,10369.0,0.0,,MSCI香港指数1609,0.0,10369.0,10369.0
2016-05-24,HK1609,0.0,0.0,0.0,10396.0,0.0,,MSCI香港指数1609,0.0,10396.0,10396.0
2016-05-25,HK1609,0.0,0.0,0.0,10654.0,0.0,,MSCI香港指数1609,0.0,10654.0,10654.0
2016-05-26,HK1609,0.0,0.0,0.0,10695.0,0.0,,MSCI香港指数1609,0.0,10695.0,10695.0
2016-05-27,HK1609,0.0,0.0,0.0,10739.0,0.0,,MSCI香港指数1609,0.0,10739.0,10739.0
2016-05-30,HK1609,0.0,0.0,0.0,10769.0,0.0,,MSCI香港指数1609,0.0,10769.0,10769.0
2016-05-31,HK1609,0.0,0.0,0.0,10859.0,0.0,,MSCI香港指数1609,0.0,10859.0,10859.0
2016-06-01,HK1609,0.0,0.0,0.0,10794.0,0.0,,MSCI香港指数1609,0.0,10794.0,10794.0
2016-06-02,HK1609,0.0,0.0,0.0,10866.0,0.0,,MSCI香港指数1609,0.0,10866.0,10866.0
2016-06-03,HK1609,0.0,0.0,0.0,10947.0,0.0,,MSCI香港指数1609,0.0,10947.0,10947.0
2016-06-06,HK1609,0.0,0.0,0.0,10950.0,0.0,,MSCI香港指数1609,0.0,10950.0,10950.0
2016-06-07,HK1609,0.0,0.0,0.0,11068.0,0.0,,MSCI香港指数1609,0.0,11068.0,11068.0
2016-06-08,HK1609,0.0,0.0,0.0,11032.0,0.0,,MSCI香港指数1609,0.0,11032.0,11032.0
2016-06-10,HK1609,0.0,0.0,0.0,10925.0,0.0,,MSCI香港指数1609,0.0,10925.0,10925.0
2016-06-13,HK1609,0.0,0.0,0.0,10642.0,0.0,,MSCI香港指数1609,0.0,10642.0,10642.0
2016-06-14,HK1609,0.0,0.0,0.0,10543.0,0.0,,MSCI香港指数1609,0.0,10543.0,10543.0
2016-06-15,HK1609,0.0,0.0,0.0,10565.0,0.0,,MSCI香港指数1609,0.0,10565.0,10565.0
2016-06-16,HK1609,0.0,0.0,0.0,10409.0,0.0,,MSCI香港指数1609,0.0,10409.0,10409.0
2016-06-17,HK1609,0.0,0.0,0.0,10520.0,0.0,,MSCI香港指数1609,0.0,10520.0,10520.0
2016-06-20,HK1609,0.0,0.0,0.0,10726.0,0.0,,MSCI香港指数1609,0.0,10726.0,10726.0
2016-06-21,HK1609,0.0,0.0,0.0,10765.0,0.0,,MSCI香港指数1609,0.0,10765.0,10765.0
2016-06-22,HK1609,0.0,0.0,0.0,10876.0,0.0,,MSCI香港指数1609,0.0,10876.0,10876.0
2016-06-23,HK1609,0.0,0.0,0.0,10952.0,0.0,,MSCI香港指数1609,0.0,10952.0,10952.0
2016-06-24,HK1609,0.0,0.0,0.0,10574.0,0.0,,MSCI香港指数1609,0.0,10574.0,10574.0
2016-06-27,HK1609,0.0,0.0,0.0,10505.0,0.0,,MSCI香港指数1609,0.0,10505.0,10505.0
2016-06-28,HK1609,0.0,0.0,0.0,10464.0,0.0,,MSCI香港指数1609,0.0,10464.0,10464.0
2016-06-29,HK1609,0.0,0.0,0.0,10661.0,0.0,,MSCI香港指数1609,0.0,10661.0,10661.0
2016-06-30,HK1609,0.0,0.0,0.0,10827.0,0.0,,MSCI香港指数1609,0.0,10827.0,10827.0
2016-07-04,HK1609,0.0,0.0,0.0,10980.0,0.0,,MSCI香港指数1609,0.0,10980.0,10980.0
2016-07-05,HK1609,0.0,0.0,0.0,10836.0,0.0,,MSCI香港指数1609,0.0,10836.0,10836.0
2016-07-06,HK1609,0.0,0.0,0.0,10738.0,0.0,,MSCI香港指数1609,0.0,10738.0,10738.0
2016-07-07,HK1609,0.0,0.0,0.0,10817.0,0.0,,MSCI香港指数1609,0.0,10817.0,10817.0
2016-07-08,HK1609,0.0,0.0,0.0,10762.0,0.0,,MSCI香港指数1609,0.0,10762.0,10762.0
2016-07-11,HK1609,0.0,0.0,0.0,10898.0,0.0,,MSCI香港指数1609,0.0,10898.0,10898.0
2016-07-12,HK1609,0.0,0.0,0.0,11087.0,0.0,,MSCI香港指数1609,0.0,11087.0,11087.0
2016-07-13,HK1609,0.0,0.0,0.0,11124.0,0.0,,MSCI香港指数1609,0.0,11124.0,11124.0
2016-07-14,HK1609,0.0,0.0,0.0,11238.0,0.0,,MSCI香港指数1609,0.0,11238.0,11238.0
2016-07-15,HK1609,0.0,0.0,0.0,11301.0,0.0,,MSCI香港指数1609,0.0,11301.0,11301.0
2016-07-18,HK1609,0.0,0.0,0.0,11397.0,0.0,,MSCI香港指数1609,0.0,11397.0,11397.0
2016-07-19,HK1609,0.0,0.0,0.0,11376.0,0.0,,MSCI香港指数1609,0.0,11376.0,11376.0
2016-07-20,HK1609,0.0,0.0,0.0,11507.0,0.0,,MSCI香港指数1609,0.0,11507.0,11507.0
2016-07-21,HK1609,0.0,0.0,0.0,11566.0,0.0,,MSCI香港指数1609,0.0,11566.0,11566.0
2016-07-22,HK1609,0.0,0.0,0.0,11544.0,0.0,,MSCI香港指数1609,0.0,11544.0,11544.0
2016-07-25,HK1609,0.0,0.0,0.0,11562.0,0.0,,MSCI香港指数1609,0.0,11562.0,11562.0
2016-07-26,HK1609,0.0,0.0,0.0,11679.0,0.0,,MSCI香港指数1609,0.0,11679.0,11679.0
2016-07-27,HK1609,0.0,0.0,0.0,11688.0,0.0,,MSCI香港指数1609,0.0,11688.0,11688.0
2016-07-28,HK1609,0.0,0.0,0.0,11700.0,0.0,,MSCI香港指数1609,0.0,11700.0,11700.0
2016-07-29,HK1609,0.0,0.0,0.0,11589.0,0.0,,MSCI香港指数1609,0.0,11589.0,11589.0
2016-08-01,HK1609,0.0,0.0,0.0,11678.0,0.0,,MSCI香港指数1609,0.0,11678.0,11678.0
2016-08-02,HK1609,0.0,0.0,0.0,11678.0,0.0,,MSCI香港指数1609,0.0,11678.0,11678.0
2016-08-03,HK1609,0.0,0.0,0.0,11533.0,0.0,,MSCI香港指数1609,0.0,11533.0,11533.0
2016-08-04,HK1609,0.0,0.0,0.0,11633.0,0.0,,MSCI香港指数1609,0.0,11633.0,11633.0
2016-08-05,HK1609,0.0,0.0,0.0,11788.0,0.0,,MSCI香港指数1609,0.0,11788.0,11788.0
2016-08-08,HK1609,0.0,0.0,0.0,11957.0,0.0,,MSCI香港指数1609,0.0,11957.0,11957.0
2016-08-09,HK1609,0.0,0.0,0.0,11922.0,0.0,,MSCI香港指数1609,0.0,11922.0,11922.0
2016-08-10,HK1609,0.0,0.0,0.0,11939.0,0.0,,MSCI香港指数1609,0.0,11939.0,11939.0
2016-08-11,HK1609,0.0,0.0,0.0,11940.0,0.0,,MSCI香港指数1609,0.0,11940.0,11940.0
2016-08-12,HK1609,0.0,0.0,0.0,11994.0,0.0,,MSCI香港指数1609,0.0,11994.0,11994.0
2016-08-15,HK1609,0.0,0.0,0.0,12011.0,0.0,,MSCI香港指数1609,0.0,12011.0,12011.0
2016-08-16,HK1609,0.0,0.0,0.0,11954.0,0.0,,MSCI香港指数1609,0.0,11954.0,11954.0
2016-08-17,HK1609,0.0,0.0,0.0,11936.0,0.0,,MSCI香港指数1609,0.0,11936.0,11936.0
2016-08-18,HK1609,0.0,0.0,0.0,11975.0,0.0,,MSCI香港指数1609,0.0,11975.0,11975.0
2016-08-19,HK1609,0.0,0.0,0.0,11892.0,0.0,,MSCI香港指数1609,0.0,11892.0,11892.0
2016-08-22,HK1609,0.0,0.0,0.0,11918.0,0.0,,MSCI香港指数1609,0.0,11918.0,11918.0
2016-08-23,HK1609,0.0,0.0,0.0,11953.0,0.0,,MSCI香港指数1609,0.0,11953.0,11953.0
2016-08-24,HK1609,0.0,0.0,0.0,11884.0,0.0,,MSCI香港指数1609,0.0,11884.0,11884.0
2016-08-25,HK1609,0.0,0.0,0.0,11866.0,0.0,,MSCI香港指数1609,0.0,11866.0,11866.0
