date,symbol,open,high,low,close,volume,amount,name,openinterest,settleprice,price
2004-09-01,HO0603,0.0,0.0,0.0,1.0595,,,取暖油0603,,1.0595,1.0595
2004-09-02,HO0603,0.0,0.0,0.0,1.0592,,,取暖油0603,,1.0592,1.0592
2004-09-03,HO0603,0.0,0.0,0.0,1.0549,,,取暖油0603,,1.0549,1.0549
2004-09-07,HO0603,0.0,0.0,0.0,1.046,,,取暖油0603,,1.046,1.046
2004-09-08,HO0603,0.0,0.0,0.0,1.0391,,,取暖油0603,,1.0391,1.0391
2004-09-09,HO0603,0.0,0.0,0.0,1.0715,,,取暖油0603,,1.0715,1.0715
2004-09-10,HO0603,1.073,1.073,1.0209,1.0209,1.0,,取暖油0603,,1.0209,1.0209
2004-09-13,HO0603,0.0,0.0,0.0,1.0492,,,取暖油0603,,1.0492,1.0492
2004-09-14,HO0603,0.0,0.0,0.0,1.057,,,取暖油0603,1.0,1.057,1.057
2004-09-15,HO0603,0.0,0.0,0.0,1.0382,,,取暖油0603,1.0,1.0382,1.0382
2004-09-16,HO0603,0.0,0.0,0.0,1.0596,,,取暖油0603,1.0,1.0596,1.0596
2004-09-17,HO0603,0.0,0.0,0.0,1.0721,,,取暖油0603,1.0,1.0721,1.0721
2004-09-20,HO0603,0.0,0.0,0.0,1.0789,,,取暖油0603,1.0,1.0789,1.0789
2004-09-21,HO0603,0.0,0.0,0.0,1.0915,,,取暖油0603,1.0,1.0915,1.0915
2004-09-22,HO0603,1.0915,1.1136,1.0915,1.1136,2.0,,取暖油0603,1.0,1.1136,1.1136
2004-09-23,HO0603,0.0,0.0,0.0,1.1167,,,取暖油0603,1.0,1.1167,1.1167
2004-09-24,HO0603,0.0,0.0,0.0,1.1251,,,取暖油0603,3.0,1.1251,1.1251
2004-09-27,HO0603,0.0,0.0,0.0,1.1364,8.0,,取暖油0603,3.0,1.1364,1.1364
2004-09-28,HO0603,0.0,0.0,0.0,1.1454,,,取暖油0603,3.0,1.1454,1.1454
2004-09-29,HO0603,0.0,0.0,0.0,1.1431,,,取暖油0603,8.0,1.1431,1.1431
2004-09-30,HO0603,0.0,0.0,0.0,1.1441,,,取暖油0603,8.0,1.1441,1.1441
2004-10-01,HO0603,0.0,0.0,0.0,1.1541,100.0,,取暖油0603,8.0,1.1541,1.1541
2004-10-04,HO0603,0.0,0.0,0.0,1.15,35.0,,取暖油0603,8.0,1.15,1.15
2004-10-05,HO0603,0.0,0.0,0.0,1.1689,55.0,,取暖油0603,108.0,1.1689,1.1689
2004-10-06,HO0603,0.0,0.0,0.0,1.1853,2.0,,取暖油0603,138.0,1.1853,1.1853
2004-10-07,HO0603,1.202,1.202,1.2006,1.2006,62.0,,取暖油0603,183.0,1.2006,1.2006
2004-10-08,HO0603,0.0,0.0,0.0,1.2252,15.0,,取暖油0603,185.0,1.2252,1.2252
2004-10-11,HO0603,0.0,0.0,0.0,1.238,,,取暖油0603,217.0,1.238,1.238
2004-10-12,HO0603,1.2455,1.2455,1.2183,1.2183,2.0,,取暖油0603,217.0,1.2183,1.2183
2004-10-13,HO0603,0.0,0.0,0.0,1.247,200.0,,取暖油0603,217.0,1.247,1.247
2004-10-14,HO0603,0.0,0.0,0.0,1.258,,,取暖油0603,219.0,1.258,1.258
2004-10-15,HO0603,0.0,0.0,0.0,1.2482,,,取暖油0603,419.0,1.2482,1.2482
2004-10-18,HO0603,0.0,0.0,0.0,1.2225,,,取暖油0603,419.0,1.2225,1.2225
2004-10-19,HO0603,0.0,0.0,0.0,1.2383,,,取暖油0603,419.0,1.2383,1.2383
2004-10-20,HO0603,1.28,1.28,1.2783,1.2783,12.0,,取暖油0603,419.0,1.2783,1.2783
2004-10-21,HO0603,1.27,1.2794,1.27,1.2794,11.0,,取暖油0603,419.0,1.2794,1.2794
2004-10-22,HO0603,1.2985,1.2985,1.2921,1.2921,2.0,,取暖油0603,430.0,1.2921,1.2921
2004-10-25,HO0603,0.0,0.0,0.0,1.2881,,,取暖油0603,429.0,1.2881,1.2881
2004-10-26,HO0603,1.293,1.309,1.293,1.309,1.0,,取暖油0603,431.0,1.309,1.309
2004-10-27,HO0603,0.0,0.0,0.0,1.2707,,,取暖油0603,431.0,1.2707,1.2707
2004-10-28,HO0603,1.27,1.27,1.2508,1.2508,2.0,,取暖油0603,432.0,1.2508,1.2508
2004-10-29,HO0603,0.0,0.0,0.0,1.2696,15.0,,取暖油0603,432.0,1.2696,1.2696
2004-11-01,HO0603,0.0,0.0,0.0,1.2286,5.0,,取暖油0603,434.0,1.2286,1.2286
2004-11-02,HO0603,1.2285,1.2285,1.2273,1.2273,1.0,,取暖油0603,449.0,1.2273,1.2273
2004-11-03,HO0603,0.0,0.0,0.0,1.2447,,,取暖油0603,454.0,1.2447,1.2447
2004-11-04,HO0603,0.0,0.0,0.0,1.2058,,,取暖油0603,455.0,1.2058,1.2058
2004-11-05,HO0603,0.0,0.0,0.0,1.2231,,,取暖油0603,455.0,1.2231,1.2231
2004-11-08,HO0603,0.0,0.0,0.0,1.2178,,,取暖油0603,455.0,1.2178,1.2178
2004-11-09,HO0603,0.0,0.0,0.0,1.1927,11.0,,取暖油0603,455.0,1.1927,1.1927
2004-11-10,HO0603,0.0,0.0,0.0,1.2188,,,取暖油0603,455.0,1.2188,1.2188
2004-11-11,HO0603,0.0,0.0,0.0,1.1943,,,取暖油0603,466.0,1.1943,1.1943
2004-11-12,HO0603,0.0,0.0,0.0,1.1978,,,取暖油0603,466.0,1.1978,1.1978
2004-11-15,HO0603,0.0,0.0,0.0,1.1883,77.0,,取暖油0603,466.0,1.1883,1.1883
2004-11-16,HO0603,0.0,0.0,0.0,1.1702,235.0,,取暖油0603,466.0,1.1702,1.1702
2004-11-17,HO0603,0.0,0.0,0.0,1.1934,25.0,,取暖油0603,540.0,1.1934,1.1934
2004-11-18,HO0603,0.0,0.0,0.0,1.19,,,取暖油0603,680.0,1.19,1.19
2004-11-19,HO0603,0.0,0.0,0.0,1.2235,76.0,,取暖油0603,699.0,1.2235,1.2235
2004-11-22,HO0603,1.2235,1.2235,1.2168,1.2168,101.0,,取暖油0603,699.0,1.2168,1.2168
2004-11-23,HO0603,0.0,0.0,0.0,1.2254,,,取暖油0603,775.0,1.2254,1.2254
2004-11-24,HO0603,0.0,0.0,0.0,1.2362,100.0,,取暖油0603,767.0,1.2362,1.2362
2004-11-29,HO0603,0.0,0.0,0.0,1.2449,,,取暖油0603,767.0,1.2449,1.2449
2004-11-30,HO0603,0.0,0.0,0.0,1.2368,16.0,,取暖油0603,867.0,1.2368,1.2368
2004-12-01,HO0603,0.0,0.0,0.0,1.1871,110.0,,取暖油0603,867.0,1.1871,1.1871
2004-12-02,HO0603,0.0,0.0,0.0,1.136,560.0,,取暖油0603,867.0,1.136,1.136
2004-12-03,HO0603,1.131,1.147,1.1229,1.1229,61.0,,取暖油0603,781.0,1.1229,1.1229
2004-12-06,HO0603,0.0,0.0,0.0,1.1343,1.0,,取暖油0603,570.0,1.1343,1.1343
2004-12-07,HO0603,1.134,1.134,1.1197,1.1197,204.0,,取暖油0603,531.0,1.1197,1.1197
2004-12-08,HO0603,1.1325,1.1325,1.1294,1.1294,3.0,,取暖油0603,531.0,1.1294,1.1294
2004-12-09,HO0603,1.1294,1.1428,1.1294,1.1428,15.0,,取暖油0603,732.0,1.1428,1.1428
2004-12-10,HO0603,1.135,1.135,1.1036,1.1036,105.0,,取暖油0603,733.0,1.1036,1.1036
2004-12-13,HO0603,1.134,1.134,1.1244,1.1244,104.0,,取暖油0603,741.0,1.1244,1.1244
2004-12-14,HO0603,0.0,0.0,0.0,1.1351,310.0,,取暖油0603,841.0,1.1351,1.1351
2004-12-15,HO0603,0.0,0.0,0.0,1.1796,200.0,,取暖油0603,838.0,1.1796,1.1796
2004-12-16,HO0603,1.182,1.182,1.1611,1.1611,151.0,,取暖油0603,1142.0,1.1611,1.1611
2004-12-17,HO0603,0.0,0.0,0.0,1.2001,,,取暖油0603,1242.0,1.2001,1.2001
2004-12-20,HO0603,1.2,1.2,1.1836,1.1836,101.0,,取暖油0603,1392.0,1.1836,1.1836
2004-12-21,HO0603,0.0,0.0,0.0,1.1837,4.0,,取暖油0603,1392.0,1.1837,1.1837
2004-12-22,HO0603,0.0,0.0,0.0,1.1587,,,取暖油0603,1489.0,1.1587,1.1587
2004-12-23,HO0603,0.0,0.0,0.0,1.1509,100.0,,取暖油0603,1489.0,1.1509,1.1509
2004-12-27,HO0603,0.0,0.0,0.0,1.0932,304.0,,取暖油0603,1489.0,1.0932,1.0932
2004-12-28,HO0603,1.1275,1.1275,1.1083,1.1083,9.0,,取暖油0603,1489.0,1.1083,1.1083
2004-12-29,HO0603,0.0,0.0,0.0,1.1503,303.0,,取暖油0603,1802.0,1.1503,1.1503
2004-12-30,HO0603,1.1303,1.1396,1.1303,1.1396,3.0,,取暖油0603,1904.0,1.1396,1.1396
2005-01-03,HO0603,1.13,1.13,1.1225,1.1225,57.0,,取暖油0603,2167.0,1.1225,1.1225
2005-01-04,HO0603,1.1425,1.1581,1.1425,1.1581,1.0,,取暖油0603,2167.0,1.1581,1.1581
2005-01-05,HO0603,0.0,0.0,0.0,1.1453,,,取暖油0603,2217.0,1.1453,1.1453
2005-01-06,HO0603,0.0,0.0,0.0,1.1788,125.0,,取暖油0603,2217.0,1.1788,1.1788
2005-01-07,HO0603,0.0,0.0,0.0,1.1692,,,取暖油0603,2217.0,1.1692,1.1692
2005-01-10,HO0603,1.204,1.223,1.1589,1.1589,4.0,,取暖油0603,2317.0,1.1589,1.1589
2005-01-11,HO0603,0.0,0.0,0.0,1.1771,51.0,,取暖油0603,2317.0,1.1771,1.1771
2005-01-12,HO0603,0.0,0.0,0.0,1.1952,,,取暖油0603,2318.0,1.1952,1.1952
2005-01-13,HO0603,1.21,1.2174,1.21,1.2174,1.0,,取暖油0603,2365.0,1.2174,1.2174
2005-01-14,HO0603,0.0,0.0,0.0,1.2262,,,取暖油0603,2365.0,1.2262,1.2262
2005-01-18,HO0603,0.0,0.0,0.0,1.2273,,,取暖油0603,2365.0,1.2273,1.2273
2005-01-19,HO0603,0.0,0.0,0.0,1.2278,,,取暖油0603,2365.0,1.2278,1.2278
2005-01-20,HO0603,0.0,0.0,0.0,1.2216,12.0,,取暖油0603,2365.0,1.2216,1.2216
2005-01-21,HO0603,0.0,0.0,0.0,1.2535,10.0,,取暖油0603,2365.0,1.2535,1.2535
2005-01-24,HO0603,0.0,0.0,0.0,1.2665,,,取暖油0603,2365.0,1.2665,1.2665
2005-01-25,HO0603,0.0,0.0,0.0,1.2868,80.0,,取暖油0603,2355.0,1.2868,1.2868
2005-01-26,HO0603,0.0,0.0,0.0,1.2729,,,取暖油0603,2355.0,1.2729,1.2729
2005-01-27,HO0603,1.288,1.288,1.2813,1.2813,1.0,,取暖油0603,2275.0,1.2813,1.2813
2005-01-28,HO0603,0.0,0.0,0.0,1.2402,,,取暖油0603,2275.0,1.2402,1.2402
2005-01-31,HO0603,0.0,0.0,0.0,1.2731,,,取暖油0603,2275.0,1.2731,1.2731
2005-02-01,HO0603,0.0,0.0,0.0,1.2504,20.0,,取暖油0603,2275.0,1.2504,1.2504
2005-02-02,HO0603,0.0,0.0,0.0,1.2437,1.0,,取暖油0603,2275.0,1.2437,1.2437
2005-02-03,HO0603,0.0,0.0,0.0,1.2379,245.0,,取暖油0603,2275.0,1.2379,1.2379
2005-02-04,HO0603,0.0,0.0,0.0,1.2315,85.0,,取暖油0603,2275.0,1.2315,1.2315
2005-02-07,HO0603,1.225,1.225,1.2205,1.2205,79.0,,取暖油0603,2405.0,1.2205,1.2205
2005-02-08,HO0603,0.0,0.0,0.0,1.2292,83.0,,取暖油0603,2485.0,1.2292,1.2292
2005-02-09,HO0603,1.229,1.2324,1.229,1.2324,2.0,,取暖油0603,2560.0,1.2324,1.2324
2005-02-10,HO0603,0.0,0.0,0.0,1.2569,105.0,,取暖油0603,2499.0,1.2569,1.2569
2005-02-11,HO0603,1.2635,1.2635,1.2514,1.2514,28.0,,取暖油0603,2500.0,1.2514,1.2514
2005-02-14,HO0603,0.0,0.0,0.0,1.2485,603.0,,取暖油0603,2414.0,1.2485,1.2485
2005-02-15,HO0603,0.0,0.0,0.0,1.254,200.0,,取暖油0603,2410.0,1.254,1.254
2005-02-16,HO0603,1.273,1.286,1.273,1.286,241.0,,取暖油0603,2633.0,1.286,1.286
2005-02-17,HO0603,1.295,1.295,1.2649,1.2649,333.0,,取暖油0603,2733.0,1.2649,1.2649
2005-02-18,HO0603,0.0,0.0,0.0,1.2809,51.0,,取暖油0603,2723.0,1.2809,1.2809
2005-02-22,HO0603,0.0,0.0,0.0,1.339,36.0,,取暖油0603,2583.0,1.339,1.339
2005-02-23,HO0603,1.347,1.347,1.3466,1.3466,211.0,,取暖油0603,2720.0,1.3466,1.3466
2005-02-24,HO0603,1.36,1.36,1.3516,1.3516,101.0,,取暖油0603,2710.0,1.3516,1.3516
2005-02-25,HO0603,1.351,1.351,1.3506,1.3506,1.0,,取暖油0603,2605.0,1.3506,1.3506
2005-02-28,HO0603,0.0,0.0,0.0,1.3647,25.0,,取暖油0603,2705.0,1.3647,1.3647
2005-03-01,HO0603,1.358,1.3773,1.358,1.3773,2.0,,取暖油0603,2706.0,1.3773,1.3773
2005-03-02,HO0603,0.0,0.0,0.0,1.4107,4.0,,取暖油0603,2731.0,1.4107,1.4107
2005-03-03,HO0603,1.418,1.44,1.4157,1.4157,23.0,,取暖油0603,2707.0,1.4157,1.4157
2005-03-04,HO0603,1.4185,1.4234,1.4185,1.4234,66.0,,取暖油0603,2706.0,1.4234,1.4234
2005-03-07,HO0603,0.0,0.0,0.0,1.4374,428.0,,取暖油0603,2710.0,1.4374,1.4374
2005-03-08,HO0603,1.445,1.4626,1.445,1.4626,287.0,,取暖油0603,2680.0,1.4626,1.4626
2005-03-09,HO0603,1.477,1.4815,1.4665,1.4665,300.0,,取暖油0603,2994.0,1.4665,1.4665
2005-03-10,HO0603,1.4575,1.4575,1.4544,1.4544,12.0,,取暖油0603,2881.0,1.4544,1.4544
2005-03-11,HO0603,1.447,1.4732,1.447,1.4732,34.0,,取暖油0603,2958.0,1.4732,1.4732
2005-03-14,HO0603,1.47,1.4842,1.47,1.4842,5.0,,取暖油0603,2955.0,1.4842,1.4842
2005-03-15,HO0603,1.49,1.503,1.49,1.4968,62.0,,取暖油0603,2956.0,1.4968,1.4968
2005-03-16,HO0603,0.0,0.0,0.0,1.5342,542.0,,取暖油0603,2960.0,1.5342,1.5342
2005-03-17,HO0603,1.55,1.562,1.55,1.5548,36.0,,取暖油0603,3017.0,1.5548,1.5548
2005-03-18,HO0603,1.57,1.58,1.5579,1.5579,78.0,,取暖油0603,3538.0,1.5579,1.5579
2005-03-21,HO0603,1.568,1.573,1.568,1.572,412.0,,取暖油0603,3594.0,1.572,1.572
2005-03-22,HO0603,1.575,1.586,1.5552,1.5552,105.0,,取暖油0603,3715.0,1.5552,1.5552
2005-03-23,HO0603,1.549,1.556,1.5352,1.5457,185.0,,取暖油0603,3715.0,1.5457,1.5457
2005-03-24,HO0603,1.56,1.56,1.5521,1.5521,126.0,,取暖油0603,3764.0,1.5521,1.5521
2005-03-28,HO0603,1.541,1.545,1.5185,1.5185,71.0,,取暖油0603,3770.0,1.5185,1.5185
2005-03-29,HO0603,1.525,1.53,1.5225,1.5228,149.0,,取暖油0603,3785.0,1.5228,1.5228
2005-03-30,HO0603,1.5261,1.5647,1.52,1.5647,195.0,,取暖油0603,3864.0,1.5647,1.5647
2005-03-31,HO0603,0.0,0.0,0.0,1.6176,805.0,,取暖油0603,3955.0,1.6176,1.6176
2005-04-01,HO0603,1.628,1.6725,1.628,1.6725,13.0,,取暖油0603,4103.0,1.6725,1.6725
2005-04-04,HO0603,1.6925,1.6925,1.6659,1.6659,1038.0,,取暖油0603,4103.0,1.6659,1.6659
2005-04-05,HO0603,1.668,1.676,1.6494,1.6494,59.0,,取暖油0603,4345.0,1.6494,1.6494
2005-04-06,HO0603,1.641,1.641,1.6235,1.6235,283.0,,取暖油0603,4377.0,1.6235,1.6235
2005-04-07,HO0603,1.639,1.645,1.58,1.5817,1150.0,,取暖油0603,4526.0,1.5817,1.5817
2005-04-08,HO0603,1.58,1.58,1.554,1.5627,616.0,,取暖油0603,4907.0,1.5627,1.5627
2005-04-11,HO0603,1.5575,1.56,1.555,1.5579,634.0,,取暖油0603,4801.0,1.5579,1.5579
2005-04-12,HO0603,1.55,1.564,1.5369,1.5369,440.0,,取暖油0603,5080.0,1.5369,1.5369
2005-04-13,HO0603,1.527,1.535,1.5168,1.5168,578.0,,取暖油0603,5166.0,1.5168,1.5168
2005-04-14,HO0603,1.53,1.553,1.53,1.5451,182.0,,取暖油0603,5523.0,1.5451,1.5451
2005-04-15,HO0603,1.5451,1.5451,1.5233,1.5233,214.0,,取暖油0603,5615.0,1.5233,1.5233
2005-04-18,HO0603,1.5233,1.5355,1.5,1.509,448.0,,取暖油0603,5681.0,1.509,1.509
2005-04-19,HO0603,1.5285,1.556,1.527,1.556,250.0,,取暖油0603,5743.0,1.556,1.556
2005-04-20,HO0603,1.556,1.5784,1.555,1.5784,102.0,,取暖油0603,5774.0,1.5784,1.5784
2005-04-21,HO0603,1.587,1.5985,1.587,1.597,298.0,,取暖油0603,5822.0,1.597,1.597
2005-04-22,HO0603,1.597,1.615,1.597,1.6111,199.0,,取暖油0603,5944.0,1.6111,1.6111
2005-04-25,HO0603,1.61,1.61,1.5966,1.5966,254.0,,取暖油0603,6057.0,1.5966,1.5966
2005-04-26,HO0603,1.5859,1.596,1.5812,1.5889,543.0,,取暖油0603,6066.0,1.5889,1.5889
2005-04-27,HO0603,1.5889,1.5889,1.5436,1.5436,539.0,,取暖油0603,6105.0,1.5436,1.5436
2005-04-28,HO0603,1.535,1.561,1.51,1.5603,208.0,,取暖油0603,5928.0,1.5603,1.5603
2005-04-29,HO0603,1.5628,1.5628,1.5079,1.5079,142.0,,取暖油0603,5962.0,1.5079,1.5079
2005-05-02,HO0603,1.506,1.55,1.505,1.5482,488.0,,取暖油0603,6010.0,1.5482,1.5482
2005-05-03,HO0603,1.538,1.545,1.5108,1.5108,1527.0,,取暖油0603,6244.0,1.5108,1.5108
2005-05-04,HO0603,1.5108,1.543,1.5108,1.5281,973.0,,取暖油0603,5745.0,1.5281,1.5281
2005-05-05,HO0603,1.529,1.532,1.513,1.52,348.0,,取暖油0603,5935.0,1.52,1.52
2005-05-06,HO0603,1.528,1.535,1.505,1.5141,970.0,,取暖油0603,6024.0,1.5141,1.5141
2005-05-09,HO0603,1.5141,1.52,1.505,1.5195,579.0,,取暖油0603,6044.0,1.5195,1.5195
2005-05-10,HO0603,1.5197,1.553,1.5197,1.5224,184.0,,取暖油0603,5983.0,1.5224,1.5224
2005-05-11,HO0603,1.5224,1.5224,1.485,1.4871,156.0,,取暖油0603,5993.0,1.4871,1.4871
2005-05-12,HO0603,1.4875,1.49,1.466,1.4723,373.0,,取暖油0603,6077.0,1.4723,1.4723
2005-05-13,HO0603,1.476,1.476,1.4575,1.4608,290.0,,取暖油0603,6137.0,1.4608,1.4608
2005-05-16,HO0603,1.443,1.448,1.435,1.4424,178.0,,取暖油0603,6123.0,1.4424,1.4424
2005-05-17,HO0603,1.447,1.459,1.442,1.4578,197.0,,取暖油0603,6272.0,1.4578,1.4578
2005-05-18,HO0603,1.462,1.462,1.4379,1.4379,601.0,,取暖油0603,6229.0,1.4379,1.4379
2005-05-19,HO0603,1.4585,1.49,1.4515,1.4515,639.0,,取暖油0603,6463.0,1.4515,1.4515
2005-05-20,HO0603,1.47,1.4725,1.4451,1.4451,223.0,,取暖油0603,6972.0,1.4451,1.4451
2005-05-23,HO0603,1.4451,1.46,1.4351,1.4511,112.0,,取暖油0603,7132.0,1.4511,1.4511
2005-05-24,HO0603,1.4625,1.469,1.456,1.4689,105.0,,取暖油0603,7140.0,1.4689,1.4689
2005-05-25,HO0603,1.469,1.517,1.469,1.5008,419.0,,取暖油0603,7088.0,1.5008,1.5008
2005-05-26,HO0603,1.517,1.52,1.5109,1.5109,505.0,,取暖油0603,7146.0,1.5109,1.5109
2005-05-27,HO0603,1.515,1.521,1.5089,1.5089,203.0,,取暖油0603,7273.0,1.5089,1.5089
2005-05-31,HO0603,1.509,1.527,1.501,1.515,63.0,,取暖油0603,7341.0,1.515,1.515
2005-06-01,HO0603,1.535,1.6075,1.533,1.5984,377.0,,取暖油0603,7356.0,1.5984,1.5984
2005-06-02,HO0603,1.594,1.638,1.594,1.6001,1267.0,,取暖油0603,7610.0,1.6001,1.6001
2005-06-03,HO0603,1.62,1.6595,1.62,1.6582,522.0,,取暖油0603,7413.0,1.6582,1.6582
2005-06-06,HO0603,1.661,1.6773,1.658,1.6773,319.0,,取暖油0603,7200.0,1.6773,1.6773
2005-06-07,HO0603,1.677,1.69,1.665,1.6717,677.0,,取暖油0603,7447.0,1.6717,1.6717
2005-06-08,HO0603,1.675,1.68,1.6274,1.6274,434.0,,取暖油0603,7486.0,1.6274,1.6274
2005-06-09,HO0603,1.6455,1.6929,1.6455,1.6929,1221.0,,取暖油0603,7776.0,1.6929,1.6929
2005-06-10,HO0603,1.691,1.691,1.6743,1.6743,813.0,,取暖油0603,7812.0,1.6743,1.6743
2005-06-13,HO0603,1.6755,1.74,1.6755,1.7314,501.0,,取暖油0603,7605.0,1.7314,1.7314
2005-06-14,HO0603,1.742,1.742,1.7117,1.7117,397.0,,取暖油0603,7617.0,1.7117,1.7117
2005-06-15,HO0603,1.713,1.74,1.7031,1.7031,123.0,,取暖油0603,7264.0,1.7031,1.7031
2005-06-16,HO0603,1.7031,1.72,1.701,1.715,245.0,,取暖油0603,7363.0,1.715,1.715
2005-06-17,HO0603,1.745,1.745,1.735,1.7386,150.0,,取暖油0603,7266.0,1.7386,1.7386
2005-06-20,HO0603,1.754,1.755,1.736,1.7496,160.0,,取暖油0603,7228.0,1.7496,1.7496
2005-06-21,HO0603,1.745,1.75,1.7262,1.7262,248.0,,取暖油0603,7225.0,1.7262,1.7262
2005-06-22,HO0603,1.735,1.753,1.714,1.7202,372.0,,取暖油0603,7320.0,1.7202,1.7202
2005-06-23,HO0603,1.744,1.775,1.744,1.7667,1525.0,,取暖油0603,7048.0,1.7667,1.7667
2005-06-24,HO0603,1.7625,1.774,1.7521,1.7521,63.0,,取暖油0603,6298.0,1.7521,1.7521
2005-06-27,HO0603,1.781,1.788,1.768,1.781,257.0,,取暖油0603,6325.0,1.781,1.781
2005-06-28,HO0603,1.781,1.797,1.73,1.7384,358.0,,取暖油0603,6352.0,1.7384,1.7384
2005-06-29,HO0603,1.74,1.747,1.72,1.7344,943.0,,取暖油0603,6470.0,1.7344,1.7344
2005-06-30,HO0603,1.746,1.798,1.745,1.7491,667.0,,取暖油0603,6596.0,1.7491,1.7491
2005-07-01,HO0603,1.7555,1.8225,1.7555,1.8137,267.0,,取暖油0603,6791.0,1.8137,1.8137
2005-07-05,HO0603,1.845,1.8453,1.844,1.8453,592.0,,取暖油0603,6949.0,1.8453,1.8453
2005-07-06,HO0603,1.8718,1.9,1.8718,1.8981,378.0,,取暖油0603,7094.0,1.8981,1.8981
2005-07-07,HO0603,1.888,1.89,1.827,1.8874,1274.0,,取暖油0603,7285.0,1.8874,1.8874
2005-07-08,HO0603,1.885,1.903,1.8401,1.8401,1507.0,,取暖油0603,7135.0,1.8401,1.8401
2005-07-11,HO0603,1.83,1.83,1.8,1.8125,602.0,,取暖油0603,7191.0,1.8125,1.8125
2005-07-12,HO0603,1.8156,1.88,1.8125,1.8783,577.0,,取暖油0603,7283.0,1.8783,1.8783
2005-07-13,HO0603,1.876,1.8765,1.841,1.8473,768.0,,取暖油0603,7072.0,1.8473,1.8473
2005-07-14,HO0603,1.8375,1.841,1.775,1.7832,237.0,,取暖油0603,7090.0,1.7832,1.7832
2005-07-15,HO0603,1.7832,1.821,1.78,1.784,693.0,,取暖油0603,7031.0,1.784,1.784
2005-07-18,HO0603,1.765,1.77,1.754,1.7592,404.0,,取暖油0603,6841.0,1.7592,1.7592
2005-07-19,HO0603,1.76,1.778,1.7559,1.7559,374.0,,取暖油0603,6640.0,1.7559,1.7559
2005-07-20,HO0603,1.7625,1.784,1.7377,1.7377,455.0,,取暖油0603,6497.0,1.7377,1.7377
2005-07-21,HO0603,1.744,1.75,1.714,1.7233,406.0,,取暖油0603,6582.0,1.7233,1.7233
2005-07-22,HO0603,1.7233,1.75,1.7225,1.7393,244.0,,取暖油0603,6698.0,1.7393,1.7393
2005-07-25,HO0603,1.74,1.7533,1.72,1.7533,429.0,,取暖油0603,6792.0,1.7533,1.7533
2005-07-26,HO0603,1.7465,1.79,1.7465,1.7517,698.0,,取暖油0603,6834.0,1.7517,1.7517
2005-07-27,HO0603,1.767,1.77,1.7622,1.7622,429.0,,取暖油0603,6768.0,1.7622,1.7622
2005-07-28,HO0603,1.776,1.789,1.769,1.7861,76.0,,取暖油0603,6916.0,1.7861,1.7861
2005-07-29,HO0603,1.791,1.807,1.7887,1.7887,68.0,,取暖油0603,6969.0,1.7887,1.7887
2005-08-01,HO0603,1.829,1.85,1.829,1.833,469.0,,取暖油0603,6986.0,1.833,1.833
2005-08-02,HO0603,1.845,1.8458,1.845,1.8458,672.0,,取暖油0603,7327.0,1.8458,1.8458
2005-08-03,HO0603,1.856,1.856,1.8154,1.8154,358.0,,取暖油0603,7748.0,1.8154,1.8154
2005-08-04,HO0603,1.824,1.84,1.824,1.8276,172.0,,取暖油0603,7729.0,1.8276,1.8276
2005-08-05,HO0603,1.84,1.8515,1.835,1.8515,16.0,,取暖油0603,7822.0,1.8515,1.8515
2005-08-08,HO0603,1.88,1.899,1.879,1.8976,244.0,,取暖油0603,7834.0,1.8976,1.8976
2005-08-09,HO0603,1.8976,1.908,1.8805,1.8805,395.0,,取暖油0603,7910.0,1.8805,1.8805
2005-08-10,HO0603,1.907,1.9348,1.894,1.9348,167.0,,取暖油0603,7940.0,1.9348,1.9348
2005-08-11,HO0603,1.93,1.985,1.93,1.9782,88.0,,取暖油0603,8005.0,1.9782,1.9782
2005-08-12,HO0603,1.99,1.998,1.9771,1.9771,883.0,,取暖油0603,7971.0,1.9771,1.9771
2005-08-15,HO0603,1.979,1.983,1.967,1.9681,269.0,,取暖油0603,8567.0,1.9681,1.9681
2005-08-16,HO0603,1.9685,1.996,1.964,1.9689,606.0,,取暖油0603,8364.0,1.9689,1.9689
2005-08-17,HO0603,1.9709,1.985,1.8894,1.8894,545.0,,取暖油0603,8623.0,1.8894,1.8894
2005-08-18,HO0603,1.89,1.9175,1.8725,1.8972,585.0,,取暖油0603,8738.0,1.8972,1.8972
2005-08-19,HO0603,1.93,1.945,1.92,1.9216,234.0,,取暖油0603,8809.0,1.9216,1.9216
2005-08-22,HO0603,1.9325,1.9565,1.9154,1.9154,421.0,,取暖油0603,8854.0,1.9154,1.9154
2005-08-23,HO0603,1.9155,1.934,1.911,1.9201,447.0,,取暖油0603,8931.0,1.9201,1.9201
2005-08-24,HO0603,1.9395,1.9759,1.936,1.9759,775.0,,取暖油0603,8869.0,1.9759,1.9759
2005-08-25,HO0603,1.976,1.9843,1.965,1.9843,734.0,,取暖油0603,9134.0,1.9843,1.9843
2005-08-26,HO0603,1.978,1.99,1.9487,1.9487,202.0,,取暖油0603,9052.0,1.9487,1.9487
2005-08-29,HO0603,2.0475,2.049,1.99,1.9901,226.0,,取暖油0603,8974.0,1.9901,1.9901
2005-08-30,HO0603,2.0083,2.1085,1.996,2.1085,1591.0,,取暖油0603,9079.0,2.1085,2.1085
2005-08-31,HO0603,2.0815,2.175,2.0815,2.0895,236.0,,取暖油0603,9004.0,2.0895,2.0895
2005-09-01,HO0603,2.0895,2.1784,2.0875,2.1784,801.0,,取暖油0603,8905.0,2.1784,2.1784
2005-09-02,HO0603,2.1717,2.1717,2.0854,2.0854,1520.0,,取暖油0603,8824.0,2.0854,2.0854
2005-09-06,HO0603,2.099,2.099,2.0606,2.0606,2305.0,,取暖油0603,8929.0,2.0606,2.0606
2005-09-07,HO0603,2.05,2.075,1.98,1.989,1321.0,,取暖油0603,8897.0,1.989,1.989
2005-09-08,HO0603,2.0148,2.0148,1.9625,1.9799,1203.0,,取暖油0603,9479.0,1.9799,1.9799
2005-09-09,HO0603,1.9929,2.0125,1.9525,1.9643,421.0,,取暖油0603,9339.0,1.9643,1.9643
2005-09-12,HO0603,1.975,1.9756,1.9,1.9003,1289.0,,取暖油0603,9481.0,1.9003,1.9003
2005-09-13,HO0603,1.9069,1.934,1.895,1.923,993.0,,取暖油0603,9568.0,1.923,1.923
2005-09-14,HO0603,1.925,1.998,1.925,1.998,540.0,,取暖油0603,9515.0,1.998,1.998
2005-09-15,HO0603,2.001,2.0115,1.9725,1.9915,2615.0,,取暖油0603,9270.0,1.9915,1.9915
2005-09-16,HO0603,1.9875,1.9875,1.93,1.947,2114.0,,取暖油0603,10115.0,1.947,1.947
2005-09-19,HO0603,1.9925,2.0973,1.9915,2.0973,1046.0,,取暖油0603,10538.0,2.0973,2.0973
2005-09-20,HO0603,2.0915,2.0915,2.015,2.0793,923.0,,取暖油0603,10652.0,2.0793,2.0793
2005-09-21,HO0603,2.0775,2.1135,2.0675,2.084,1025.0,,取暖油0603,10452.0,2.084,2.084
2005-09-22,HO0603,2.1015,2.12,2.0849,2.0849,1095.0,,取暖油0603,10556.0,2.0849,2.0849
2005-09-23,HO0603,2.08,2.08,2.0075,2.0212,1075.0,,取暖油0603,10535.0,2.0212,2.0212
2005-09-26,HO0603,1.962,2.0998,1.962,2.0998,429.0,,取暖油0603,10769.0,2.0998,2.0998
2005-09-27,HO0603,2.111,2.115,2.075,2.0925,1611.0,,取暖油0603,10780.0,2.0925,2.0925
2005-09-28,HO0603,2.093,2.165,2.093,2.1471,1907.0,,取暖油0603,10843.0,2.1471,2.1471
2005-09-29,HO0603,2.1339,2.16,2.05,2.1355,1174.0,,取暖油0603,10977.0,2.1355,2.1355
2005-09-30,HO0603,2.1185,2.1241,2.08,2.1241,912.0,,取暖油0603,10579.0,2.1241,2.1241
2005-10-03,HO0603,2.1221,2.123,2.085,2.0898,408.0,,取暖油0603,10862.0,2.0898,2.0898
2005-10-04,HO0603,2.065,2.075,2.03,2.0719,470.0,,取暖油0603,10652.0,2.0719,2.0719
2005-10-05,HO0603,2.0715,2.085,2.04,2.0455,954.0,,取暖油0603,10709.0,2.0455,2.0455
2005-10-06,HO0603,2.0323,2.0455,1.9675,1.9924,1306.0,,取暖油0603,11177.0,1.9924,1.9924
2005-10-07,HO0603,2.002,2.0128,1.9825,2.0128,2314.0,,取暖油0603,11567.0,2.0128,2.0128
2005-10-10,HO0603,2.015,2.03,1.965,2.0265,906.0,,取暖油0603,12470.0,2.0265,2.0265
2005-10-11,HO0603,2.04,2.061,2.04,2.061,1517.0,,取暖油0603,12346.0,2.061,2.061
2005-10-12,HO0603,2.07,2.07,2.05,2.0637,1077.0,,取暖油0603,12982.0,2.0637,2.0637
2005-10-13,HO0603,2.06,2.06,2.019,2.0452,513.0,,取暖油0603,13410.0,2.0452,2.0452
2005-10-14,HO0603,2.029,2.029,1.968,2.0019,1087.0,,取暖油0603,13528.0,2.0019,2.0019
2005-10-17,HO0603,2.039,2.0457,2.02,2.0246,987.0,,取暖油0603,13684.0,2.0246,2.0246
2005-10-18,HO0603,2.0325,2.0325,1.9719,1.9719,402.0,,取暖油0603,13965.0,1.9719,1.9719
2005-10-19,HO0603,1.9617,1.9825,1.9225,1.9486,1135.0,,取暖油0603,13900.0,1.9486,1.9486
2005-10-20,HO0603,1.94,1.944,1.8885,1.9046,1221.0,,取暖油0603,14141.0,1.9046,1.9046
2005-10-21,HO0603,1.909,1.92,1.88,1.9137,1712.0,,取暖油0603,13996.0,1.9137,1.9137
2005-10-24,HO0603,1.91,1.91,1.8711,1.8711,1484.0,,取暖油0603,14624.0,1.8711,1.8711
2005-10-25,HO0603,1.8725,1.96,1.8725,1.9521,724.0,,取暖油0603,15053.0,1.9521,1.9521
2005-10-26,HO0603,1.941,1.999,1.9176,1.9176,1257.0,,取暖油0603,14730.0,1.9176,1.9176
2005-10-27,HO0603,1.9175,1.937,1.9125,1.9213,675.0,,取暖油0603,14923.0,1.9213,1.9213
2005-10-28,HO0603,1.9217,1.9425,1.9125,1.9264,746.0,,取暖油0603,15022.0,1.9264,1.9264
2005-10-31,HO0603,1.9052,1.9052,1.8675,1.8709,1749.0,,取暖油0603,15118.0,1.8709,1.8709
2005-11-01,HO0603,1.8717,1.874,1.8475,1.861,1823.0,,取暖油0603,15970.0,1.861,1.861
2005-11-02,HO0603,1.8635,1.8637,1.8075,1.8369,1530.0,,取暖油0603,15958.0,1.8369,1.8369
2005-11-03,HO0603,1.8369,1.8876,1.8369,1.8876,1791.0,,取暖油0603,15966.0,1.8876,1.8876
2005-11-04,HO0603,1.875,1.8898,1.845,1.8549,2539.0,,取暖油0603,15898.0,1.8549,1.8549
2005-11-07,HO0603,1.8404,1.855,1.812,1.8475,1104.0,,取暖油0603,16345.0,1.8475,1.8475
2005-11-08,HO0603,1.8535,1.8535,1.82,1.8426,948.0,,取暖油0603,16222.0,1.8426,1.8426
2005-11-09,HO0603,1.836,1.875,1.8289,1.8478,1884.0,,取暖油0603,16242.0,1.8478,1.8478
2005-11-10,HO0603,1.8235,1.825,1.79,1.8105,1217.0,,取暖油0603,16046.0,1.8105,1.8105
2005-11-11,HO0603,1.8081,1.835,1.7876,1.805,1309.0,,取暖油0603,16211.0,1.805,1.805
2005-11-14,HO0603,1.826,1.83,1.81,1.8197,2458.0,,取暖油0603,16274.0,1.8197,1.8197
2005-11-15,HO0603,1.8215,1.83,1.7804,1.7804,2711.0,,取暖油0603,16943.0,1.7804,1.7804
2005-11-16,HO0603,1.7885,1.824,1.7792,1.8134,2204.0,,取暖油0603,17359.0,1.8134,1.8134
2005-11-17,HO0603,1.8165,1.8365,1.7864,1.7864,1852.0,,取暖油0603,17789.0,1.7864,1.7864
2005-11-18,HO0603,1.792,1.795,1.7725,1.7882,1814.0,,取暖油0603,17476.0,1.7882,1.7882
2005-11-21,HO0603,1.79,1.82,1.79,1.7964,1435.0,,取暖油0603,17188.0,1.7964,1.7964
2005-11-22,HO0603,1.798,1.8425,1.795,1.8148,2322.0,,取暖油0603,17363.0,1.8148,1.8148
2005-11-23,HO0603,1.82,1.824,1.775,1.7773,4246.0,,取暖油0603,17067.0,1.7773,1.7773
2005-11-28,HO0603,1.755,1.768,1.725,1.7276,5818.0,,取暖油0603,17349.0,1.7276,1.7276
2005-11-29,HO0603,1.7289,1.7585,1.706,1.706,5367.0,,取暖油0603,18038.0,1.706,1.706
2005-11-30,HO0603,1.71,1.74,1.691,1.7312,5634.0,,取暖油0603,18785.0,1.7312,1.7312
2005-12-01,HO0603,1.742,1.78,1.725,1.7778,5256.0,,取暖油0603,20224.0,1.7778,1.7778
2005-12-02,HO0603,1.778,1.8125,1.7675,1.804,5282.0,,取暖油0603,20558.0,1.804,1.804
2005-12-05,HO0603,1.8108,1.855,1.8108,1.8223,4064.0,,取暖油0603,21161.0,1.8223,1.8223
2005-12-06,HO0603,1.822,1.8225,1.7909,1.8172,4601.0,,取暖油0603,21832.0,1.8172,1.8172
2005-12-07,HO0603,1.8183,1.83,1.79,1.7984,7494.0,,取暖油0603,22208.0,1.7984,1.7984
2005-12-08,HO0603,1.7988,1.855,1.7875,1.8461,5717.0,,取暖油0603,23331.0,1.8461,1.8461
2005-12-09,HO0603,1.8525,1.866,1.785,1.8036,7482.0,,取暖油0603,24335.0,1.8036,1.8036
2005-12-12,HO0603,1.809,1.8427,1.7951,1.8427,5016.0,,取暖油0603,25631.0,1.8427,1.8427
2005-12-13,HO0603,1.835,1.895,1.83,1.893,6074.0,,取暖油0603,26424.0,1.893,1.893
2005-12-14,HO0603,1.888,1.905,1.8683,1.8837,9047.0,,取暖油0603,26427.0,1.8837,1.8837
2005-12-15,HO0603,1.885,1.89,1.83,1.83,7497.0,,取暖油0603,29540.0,1.83,1.83
2005-12-16,HO0603,1.829,1.829,1.77,1.77,4880.0,,取暖油0603,29148.0,1.77,1.77
2005-12-19,HO0603,1.768,1.7903,1.74,1.7467,4907.0,,取暖油0603,29483.0,1.7467,1.7467
2005-12-20,HO0603,1.748,1.7711,1.745,1.7587,2647.0,,取暖油0603,30116.0,1.7587,1.7587
2005-12-21,HO0603,1.765,1.7925,1.754,1.787,3824.0,,取暖油0603,30439.0,1.787,1.787
2005-12-22,HO0603,1.7896,1.8025,1.7525,1.7644,5256.0,,取暖油0603,30606.0,1.7644,1.7644
2005-12-23,HO0603,1.7659,1.7659,1.7275,1.7363,3771.0,,取暖油0603,30580.0,1.7363,1.7363
2005-12-27,HO0603,1.725,1.725,1.67,1.6851,6179.0,,取暖油0603,30945.0,1.6851,1.6851
2005-12-28,HO0603,1.6837,1.738,1.6815,1.733,7302.0,,取暖油0603,31883.0,1.733,1.733
2005-12-29,HO0603,1.7385,1.77,1.73,1.7561,7898.0,,取暖油0603,33979.0,1.7561,1.7561
2005-12-30,HO0603,1.7559,1.8125,1.7325,1.7913,8293.0,,取暖油0603,35276.0,1.7913,1.7913
2006-01-03,HO0603,1.7812,1.8675,1.781,1.8154,13785.0,,取暖油0603,37068.0,1.8154,1.8154
2006-01-04,HO0603,1.8125,1.84,1.8,1.8379,10590.0,,取暖油0603,39305.0,1.8379,1.8379
2006-01-05,HO0603,1.8348,1.84,1.795,1.8118,16860.0,,取暖油0603,40989.0,1.8118,1.8118
2006-01-06,HO0603,1.8075,1.837,1.8055,1.8267,11505.0,,取暖油0603,43444.0,1.8267,1.8267
2006-01-09,HO0603,1.817,1.8325,1.775,1.7989,17196.0,,取暖油0603,45336.0,1.7989,1.7989
2006-01-10,HO0603,1.8,1.8069,1.7675,1.7708,18850.0,,取暖油0603,49266.0,1.7708,1.7708
2006-01-11,HO0603,1.7725,1.781,1.725,1.7582,21830.0,,取暖油0603,52045.0,1.7582,1.7582
2006-01-12,HO0603,1.761,1.785,1.7375,1.7423,24810.0,,取暖油0603,55950.0,1.7423,1.7423
2006-01-13,HO0603,1.7425,1.755,1.726,1.7466,20358.0,,取暖油0603,58943.0,1.7466,1.7466
2006-01-17,HO0603,1.771,1.83,1.768,1.822,19744.0,,取暖油0603,62729.0,1.822,1.822
2006-01-18,HO0603,1.82,1.832,1.775,1.7898,20362.0,,取暖油0603,64845.0,1.7898,1.7898
2006-01-19,HO0603,1.7919,1.84,1.78,1.8341,19658.0,,取暖油0603,66819.0,1.8341,1.8341
2006-01-20,HO0603,1.835,1.92,1.8345,1.8977,24153.0,,取暖油0603,67563.0,1.8977,1.8977
2006-01-23,HO0603,1.9012,1.9095,1.8621,1.8722,15500.0,,取暖油0603,70553.0,1.8722,1.8722
2006-01-24,HO0603,1.871,1.8773,1.8425,1.8439,19472.0,,取暖油0603,71913.0,1.8439,1.8439
2006-01-25,HO0603,1.8375,1.8405,1.795,1.8132,21642.0,,取暖油0603,73529.0,1.8132,1.8132
2006-01-26,HO0603,1.815,1.827,1.7945,1.8051,24372.0,,取暖油0603,72661.0,1.8051,1.8051
2006-01-27,HO0603,1.813,1.855,1.8075,1.8375,27756.0,,取暖油0603,71969.0,1.8375,1.8375
2006-01-30,HO0603,1.85,1.885,1.83,1.8667,25777.0,,取暖油0603,72537.0,1.8667,1.8667
2006-01-31,HO0603,1.868,1.873,1.834,1.8479,29983.0,,取暖油0603,74376.0,1.8479,1.8479
2006-02-01,HO0603,1.839,1.89,1.819,1.824,33807.0,,取暖油0603,75174.0,1.824,1.824
2006-02-02,HO0603,1.8152,1.84,1.767,1.7708,29556.0,,取暖油0603,73060.0,1.7708,1.7708
2006-02-03,HO0603,1.775,1.7881,1.725,1.7816,32277.0,,取暖油0603,72651.0,1.7816,1.7816
2006-02-06,HO0603,1.7916,1.811,1.758,1.7628,26044.0,,取暖油0603,69780.0,1.7628,1.7628
2006-02-07,HO0603,1.7626,1.7645,1.69,1.6918,40671.0,,取暖油0603,66051.0,1.6918,1.6918
2006-02-08,HO0603,1.692,1.709,1.6625,1.6656,39716.0,,取暖油0603,59869.0,1.6656,1.6656
2006-02-09,HO0603,1.666,1.698,1.648,1.6647,35931.0,,取暖油0603,54174.0,1.6647,1.6647
2006-02-10,HO0603,1.667,1.6898,1.6375,1.6426,30928.0,,取暖油0603,48096.0,1.6426,1.6426
2006-02-13,HO0603,1.655,1.6675,1.635,1.6386,25681.0,,取暖油0603,46342.0,1.6386,1.6386
2006-02-14,HO0603,1.641,1.6443,1.6075,1.61,21859.0,,取暖油0603,45645.0,1.61,1.61
2006-02-15,HO0603,1.609,1.634,1.601,1.6075,24195.0,,取暖油0603,40638.0,1.6075,1.6075
2006-02-16,HO0603,1.6076,1.64,1.597,1.6253,25697.0,,取暖油0603,37960.0,1.6253,1.6253
2006-02-17,HO0603,1.635,1.668,1.632,1.6574,18679.0,,取暖油0603,35448.0,1.6574,1.6574
2006-02-21,HO0603,1.68,1.7015,1.66,1.6664,23834.0,,取暖油0603,32191.0,1.6664,1.6664
2006-02-22,HO0603,1.663,1.6661,1.64,1.6521,23454.0,,取暖油0603,30057.0,1.6521,1.6521
2006-02-23,HO0603,1.652,1.674,1.64,1.6626,23138.0,,取暖油0603,26352.0,1.6626,1.6626
2006-02-24,HO0603,1.663,1.735,1.6615,1.7267,16707.0,,取暖油0603,20496.0,1.7267,1.7267
2006-02-27,HO0603,1.723,1.723,1.6685,1.6826,512.0,,取暖油0603,17368.0,1.6826,1.6826
2006-02-28,HO0603,1.682,1.72,1.67,1.712,14044.0,,取暖油0603,,1.712,1.712
