date,symbol,open,high,low,close,volume,amount,name,openinterest,settleprice,price
2005-04-01,HO0610,0.0,0.0,0.0,1.573,,,取暖油0610,,1.573,1.573
2005-04-04,HO0610,1.58,1.58,1.5664,1.5664,1.0,,取暖油0610,,1.5664,1.5664
2005-04-05,HO0610,0.0,0.0,0.0,1.5514,,,取暖油0610,1.0,1.5514,1.5514
2005-04-06,HO0610,0.0,0.0,0.0,1.53,,,取暖油0610,1.0,1.53,1.53
2005-04-07,HO0610,0.0,0.0,0.0,1.4927,1.0,,取暖油0610,1.0,1.4927,1.4927
2005-04-08,HO0610,1.485,1.4852,1.485,1.4852,2.0,,取暖油0610,2.0,1.4852,1.4852
2005-04-11,HO0610,0.0,0.0,0.0,1.4819,,,取暖油0610,4.0,1.4819,1.4819
2005-04-12,HO0610,0.0,0.0,0.0,1.4629,,,取暖油0610,4.0,1.4629,1.4629
2005-04-13,HO0610,0.0,0.0,0.0,1.4458,,,取暖油0610,4.0,1.4458,1.4458
2005-04-14,HO0610,1.475,1.475,1.47,1.4716,12.0,,取暖油0610,4.0,1.4716,1.4716
2005-04-15,HO0610,0.0,0.0,0.0,1.4523,,,取暖油0610,15.0,1.4523,1.4523
2005-04-18,HO0610,0.0,0.0,0.0,1.438,,,取暖油0610,15.0,1.438,1.438
2005-04-19,HO0610,1.488,1.488,1.482,1.482,1.0,,取暖油0610,15.0,1.482,1.482
2005-04-20,HO0610,0.0,0.0,0.0,1.5084,,,取暖油0610,16.0,1.5084,1.5084
2005-04-21,HO0610,0.0,0.0,0.0,1.5255,,,取暖油0610,16.0,1.5255,1.5255
2005-04-22,HO0610,0.0,0.0,0.0,1.5396,,,取暖油0610,16.0,1.5396,1.5396
2005-04-25,HO0610,0.0,0.0,0.0,1.5316,,,取暖油0610,16.0,1.5316,1.5316
2005-04-26,HO0610,0.0,0.0,0.0,1.5259,25.0,,取暖油0610,16.0,1.5259,1.5259
2005-04-27,HO0610,0.0,0.0,0.0,1.4796,,,取暖油0610,41.0,1.4796,1.4796
2005-04-28,HO0610,0.0,0.0,0.0,1.5018,,,取暖油0610,16.0,1.5018,1.5018
2005-04-29,HO0610,0.0,0.0,0.0,1.4549,,,取暖油0610,16.0,1.4549,1.4549
2005-05-02,HO0610,0.0,0.0,0.0,1.4982,,,取暖油0610,16.0,1.4982,1.4982
2005-05-03,HO0610,0.0,0.0,0.0,1.4608,,,取暖油0610,16.0,1.4608,1.4608
2005-05-04,HO0610,0.0,0.0,0.0,1.4756,,,取暖油0610,16.0,1.4756,1.4756
2005-05-05,HO0610,0.0,0.0,0.0,1.4705,,,取暖油0610,16.0,1.4705,1.4705
2005-05-06,HO0610,1.47,1.47,1.4676,1.4676,2.0,,取暖油0610,16.0,1.4676,1.4676
2005-05-09,HO0610,0.0,0.0,0.0,1.4685,2.0,,取暖油0610,18.0,1.4685,1.4685
2005-05-10,HO0610,0.0,0.0,0.0,1.4679,,,取暖油0610,19.0,1.4679,1.4679
2005-05-11,HO0610,0.0,0.0,0.0,1.4386,15.0,,取暖油0610,19.0,1.4386,1.4386
2005-05-12,HO0610,0.0,0.0,0.0,1.4283,4.0,,取暖油0610,29.0,1.4283,1.4283
2005-05-13,HO0610,0.0,0.0,0.0,1.4173,,,取暖油0610,33.0,1.4173,1.4173
2005-05-16,HO0610,0.0,0.0,0.0,1.4014,,,取暖油0610,33.0,1.4014,1.4014
2005-05-17,HO0610,0.0,0.0,0.0,1.4178,,,取暖油0610,33.0,1.4178,1.4178
2005-05-18,HO0610,0.0,0.0,0.0,1.3934,,,取暖油0610,33.0,1.3934,1.3934
2005-05-19,HO0610,0.0,0.0,0.0,1.4065,,,取暖油0610,33.0,1.4065,1.4065
2005-05-20,HO0610,0.0,0.0,0.0,1.4011,,,取暖油0610,33.0,1.4011,1.4011
2005-05-23,HO0610,0.0,0.0,0.0,1.4096,,,取暖油0610,33.0,1.4096,1.4096
2005-05-24,HO0610,0.0,0.0,0.0,1.4244,,,取暖油0610,33.0,1.4244,1.4244
2005-05-25,HO0610,0.0,0.0,0.0,1.4498,,,取暖油0610,33.0,1.4498,1.4498
2005-05-26,HO0610,1.475,1.475,1.4594,1.4594,2.0,,取暖油0610,33.0,1.4594,1.4594
2005-05-27,HO0610,0.0,0.0,0.0,1.4569,,,取暖油0610,35.0,1.4569,1.4569
2005-05-31,HO0610,0.0,0.0,0.0,1.463,,,取暖油0610,35.0,1.463,1.463
2005-06-01,HO0610,0.0,0.0,0.0,1.5419,,,取暖油0610,35.0,1.5419,1.5419
2005-06-02,HO0610,0.0,0.0,0.0,1.5391,,,取暖油0610,35.0,1.5391,1.5391
2005-06-03,HO0610,0.0,0.0,0.0,1.5937,,,取暖油0610,35.0,1.5937,1.5937
2005-06-06,HO0610,0.0,0.0,0.0,1.6123,,,取暖油0610,35.0,1.6123,1.6123
2005-06-07,HO0610,0.0,0.0,0.0,1.6067,,,取暖油0610,35.0,1.6067,1.6067
2005-06-08,HO0610,1.615,1.615,1.5739,1.5739,1.0,,取暖油0610,35.0,1.5739,1.5739
2005-06-09,HO0610,0.0,0.0,0.0,1.6329,,,取暖油0610,36.0,1.6329,1.6329
2005-06-10,HO0610,0.0,0.0,0.0,1.6148,,,取暖油0610,36.0,1.6148,1.6148
2005-06-13,HO0610,0.0,0.0,0.0,1.6669,,,取暖油0610,36.0,1.6669,1.6669
2005-06-14,HO0610,1.687,1.687,1.6477,1.6477,1.0,,取暖油0610,36.0,1.6477,1.6477
2005-06-15,HO0610,0.0,0.0,0.0,1.6406,,,取暖油0610,37.0,1.6406,1.6406
2005-06-16,HO0610,0.0,0.0,0.0,1.657,,,取暖油0610,37.0,1.657,1.657
2005-06-17,HO0610,0.0,0.0,0.0,1.6771,100.0,,取暖油0610,37.0,1.6771,1.6771
2005-06-20,HO0610,0.0,0.0,0.0,1.6881,,,取暖油0610,137.0,1.6881,1.6881
2005-06-21,HO0610,0.0,0.0,0.0,1.6647,1.0,,取暖油0610,37.0,1.6647,1.6647
2005-06-22,HO0610,0.0,0.0,0.0,1.6587,8.0,,取暖油0610,38.0,1.6587,1.6587
2005-06-23,HO0610,1.685,1.6977,1.685,1.6977,1.0,,取暖油0610,43.0,1.6977,1.6977
2005-06-24,HO0610,0.0,0.0,0.0,1.6846,,,取暖油0610,44.0,1.6846,1.6846
2005-06-27,HO0610,0.0,0.0,0.0,1.7125,,,取暖油0610,44.0,1.7125,1.7125
2005-06-28,HO0610,0.0,0.0,0.0,1.6764,,,取暖油0610,44.0,1.6764,1.6764
2005-06-29,HO0610,0.0,0.0,0.0,1.6764,,,取暖油0610,44.0,1.6764,1.6764
2005-06-30,HO0610,0.0,0.0,0.0,1.6886,,,取暖油0610,44.0,1.6886,1.6886
2005-07-01,HO0610,0.0,0.0,0.0,1.7452,,,取暖油0610,44.0,1.7452,1.7452
2005-07-05,HO0610,1.775,1.7823,1.775,1.7823,1.0,,取暖油0610,44.0,1.7823,1.7823
2005-07-06,HO0610,1.83,1.8306,1.83,1.8306,1.0,,取暖油0610,45.0,1.8306,1.8306
2005-07-07,HO0610,0.0,0.0,0.0,1.8264,50.0,,取暖油0610,46.0,1.8264,1.8264
2005-07-08,HO0610,1.836,1.836,1.7811,1.7811,1.0,,取暖油0610,46.0,1.7811,1.7811
2005-07-11,HO0610,1.76,1.7615,1.76,1.7615,1.0,,取暖油0610,47.0,1.7615,1.7615
2005-07-12,HO0610,1.8125,1.8283,1.8125,1.8283,1.0,,取暖油0610,48.0,1.8283,1.8283
2005-07-13,HO0610,1.816,1.816,1.8013,1.8013,2.0,,取暖油0610,49.0,1.8013,1.8013
2005-07-14,HO0610,0.0,0.0,0.0,1.7422,22.0,,取暖油0610,51.0,1.7422,1.7422
2005-07-15,HO0610,0.0,0.0,0.0,1.741,,,取暖油0610,73.0,1.741,1.741
2005-07-18,HO0610,0.0,0.0,0.0,1.7222,,,取暖油0610,52.0,1.7222,1.7222
2005-07-19,HO0610,0.0,0.0,0.0,1.7239,,,取暖油0610,52.0,1.7239,1.7239
2005-07-20,HO0610,1.7385,1.7425,1.7127,1.7127,17.0,,取暖油0610,52.0,1.7127,1.7127
2005-07-21,HO0610,1.714,1.714,1.7038,1.7038,1.0,,取暖油0610,69.0,1.7038,1.7038
2005-07-22,HO0610,0.0,0.0,0.0,1.7173,10.0,,取暖油0610,60.0,1.7173,1.7173
2005-07-25,HO0610,1.7275,1.7278,1.7275,1.7278,1.0,,取暖油0610,70.0,1.7278,1.7278
2005-07-26,HO0610,1.75,1.759,1.7232,1.7232,3.0,,取暖油0610,60.0,1.7232,1.7232
2005-07-27,HO0610,0.0,0.0,0.0,1.7342,6.0,,取暖油0610,63.0,1.7342,1.7342
2005-07-28,HO0610,1.75,1.7591,1.75,1.7591,1.0,,取暖油0610,69.0,1.7591,1.7591
2005-07-29,HO0610,0.0,0.0,0.0,1.7632,,,取暖油0610,70.0,1.7632,1.7632
2005-08-01,HO0610,0.0,0.0,0.0,1.802,,,取暖油0610,70.0,1.802,1.802
2005-08-02,HO0610,1.807,1.8148,1.807,1.8148,1.0,,取暖油0610,70.0,1.8148,1.8148
2005-08-03,HO0610,0.0,0.0,0.0,1.7814,,,取暖油0610,71.0,1.7814,1.7814
2005-08-04,HO0610,0.0,0.0,0.0,1.7926,,,取暖油0610,71.0,1.7926,1.7926
2005-08-05,HO0610,0.0,0.0,0.0,1.8145,,,取暖油0610,71.0,1.8145,1.8145
2005-08-08,HO0610,1.86,1.86,1.8501,1.8501,1.0,,取暖油0610,71.0,1.8501,1.8501
2005-08-09,HO0610,0.0,0.0,0.0,1.832,,,取暖油0610,73.0,1.832,1.832
2005-08-10,HO0610,0.0,0.0,0.0,1.8808,,,取暖油0610,73.0,1.8808,1.8808
2005-08-11,HO0610,1.926,1.926,1.9,1.9127,2.0,,取暖油0610,73.0,1.9127,1.9127
2005-08-12,HO0610,0.0,0.0,0.0,1.9061,,,取暖油0610,75.0,1.9061,1.9061
2005-08-15,HO0610,0.0,0.0,0.0,1.9096,,,取暖油0610,75.0,1.9096,1.9096
2005-08-16,HO0610,0.0,0.0,0.0,1.9169,,,取暖油0610,75.0,1.9169,1.9169
2005-08-17,HO0610,0.0,0.0,0.0,1.8369,2.0,,取暖油0610,75.0,1.8369,1.8369
2005-08-18,HO0610,0.0,0.0,0.0,1.8487,2.0,,取暖油0610,77.0,1.8487,1.8487
2005-08-19,HO0610,0.0,0.0,0.0,1.8686,,,取暖油0610,79.0,1.8686,1.8686
2005-08-22,HO0610,0.0,0.0,0.0,1.8634,,,取暖油0610,79.0,1.8634,1.8634
2005-08-23,HO0610,0.0,0.0,0.0,1.8696,,,取暖油0610,79.0,1.8696,1.8696
2005-08-24,HO0610,0.0,0.0,0.0,1.9274,,,取暖油0610,79.0,1.9274,1.9274
2005-08-25,HO0610,0.0,0.0,0.0,1.9343,,,取暖油0610,79.0,1.9343,1.9343
2005-08-26,HO0610,0.0,0.0,0.0,1.8962,,,取暖油0610,79.0,1.8962,1.8962
2005-08-29,HO0610,0.0,0.0,0.0,1.9236,,,取暖油0610,79.0,1.9236,1.9236
2005-08-30,HO0610,0.0,0.0,0.0,2.02,1.0,,取暖油0610,79.0,2.02,2.02
2005-08-31,HO0610,2.021,2.07,1.9905,1.9905,23.0,,取暖油0610,79.0,1.9905,1.9905
2005-09-01,HO0610,0.0,0.0,0.0,2.0554,,,取暖油0610,101.0,2.0554,2.0554
2005-09-02,HO0610,2.0,2.0,1.9634,1.9634,1.0,,取暖油0610,101.0,1.9634,1.9634
2005-09-06,HO0610,0.0,0.0,0.0,1.9401,1.0,,取暖油0610,103.0,1.9401,1.9401
2005-09-07,HO0610,0.0,0.0,0.0,1.883,,,取暖油0610,104.0,1.883,1.883
2005-09-08,HO0610,1.883,1.883,1.8824,1.8824,2.0,,取暖油0610,104.0,1.8824,1.8824
2005-09-09,HO0610,1.885,1.885,1.8648,1.8648,65.0,,取暖油0610,106.0,1.8648,1.8648
2005-09-12,HO0610,0.0,0.0,0.0,1.8188,,,取暖油0610,170.0,1.8188,1.8188
2005-09-13,HO0610,0.0,0.0,0.0,1.8355,,,取暖油0610,170.0,1.8355,1.8355
2005-09-14,HO0610,1.8555,1.895,1.8555,1.895,5.0,,取暖油0610,108.0,1.895,1.895
2005-09-15,HO0610,0.0,0.0,0.0,1.886,4.0,,取暖油0610,113.0,1.886,1.886
2005-09-16,HO0610,1.875,1.875,1.8615,1.8615,5.0,,取暖油0610,117.0,1.8615,1.8615
2005-09-19,HO0610,0.0,0.0,0.0,1.9858,5.0,,取暖油0610,120.0,1.9858,1.9858
2005-09-20,HO0610,1.965,1.9768,1.965,1.9768,44.0,,取暖油0610,123.0,1.9768,1.9768
2005-09-21,HO0610,1.97,1.972,1.97,1.972,11.0,,取暖油0610,160.0,1.972,1.972
2005-09-22,HO0610,0.0,0.0,0.0,1.9709,1.0,,取暖油0610,149.0,1.9709,1.9709
2005-09-23,HO0610,0.0,0.0,0.0,1.9252,,,取暖油0610,150.0,1.9252,1.9252
2005-09-26,HO0610,1.925,1.9883,1.925,1.9883,1.0,,取暖油0610,151.0,1.9883,1.9883
2005-09-27,HO0610,0.0,0.0,0.0,1.9635,,,取暖油0610,152.0,1.9635,1.9635
2005-09-28,HO0610,1.9875,1.9961,1.9875,1.9961,1.0,,取暖油0610,152.0,1.9961,1.9961
2005-09-29,HO0610,0.0,0.0,0.0,1.987,18.0,,取暖油0610,153.0,1.987,1.987
2005-09-30,HO0610,0.0,0.0,0.0,1.9801,,,取暖油0610,169.0,1.9801,1.9801
2005-10-03,HO0610,1.975,1.975,1.9578,1.9578,1.0,,取暖油0610,169.0,1.9578,1.9578
2005-10-04,HO0610,0.0,0.0,0.0,1.9429,,,取暖油0610,170.0,1.9429,1.9429
2005-10-05,HO0610,1.9475,1.9475,1.9235,1.9235,5.0,,取暖油0610,170.0,1.9235,1.9235
2005-10-06,HO0610,1.8775,1.8809,1.8775,1.8809,1.0,,取暖油0610,175.0,1.8809,1.8809
2005-10-07,HO0610,0.0,0.0,0.0,1.9078,2.0,,取暖油0610,176.0,1.9078,1.9078
2005-10-10,HO0610,1.9015,1.9225,1.9015,1.9225,54.0,,取暖油0610,178.0,1.9225,1.9225
2005-10-11,HO0610,1.9425,1.944,1.9425,1.944,1.0,,取暖油0610,232.0,1.944,1.944
2005-10-12,HO0610,1.9495,1.9495,1.935,1.9487,2.0,,取暖油0610,233.0,1.9487,1.9487
2005-10-13,HO0610,1.9325,1.9342,1.9325,1.9342,6.0,,取暖油0610,234.0,1.9342,1.9342
2005-10-14,HO0610,1.89,1.8929,1.89,1.8929,74.0,,取暖油0610,240.0,1.8929,1.8929
2005-10-17,HO0610,1.906,1.906,1.9051,1.9051,1.0,,取暖油0610,295.0,1.9051,1.9051
2005-10-18,HO0610,1.89,1.89,1.8549,1.8549,4.0,,取暖油0610,295.0,1.8549,1.8549
2005-10-19,HO0610,1.84,1.846,1.8316,1.8316,8.0,,取暖油0610,297.0,1.8316,1.8316
2005-10-20,HO0610,1.8005,1.82,1.8005,1.8006,66.0,,取暖油0610,305.0,1.8006,1.8006
2005-10-21,HO0610,1.8005,1.8172,1.8005,1.8172,11.0,,取暖油0610,355.0,1.8172,1.8172
2005-10-24,HO0610,0.0,0.0,0.0,1.7826,205.0,,取暖油0610,366.0,1.7826,1.7826
2005-10-25,HO0610,1.8425,1.8551,1.8425,1.8551,10.0,,取暖油0610,455.0,1.8551,1.8551
2005-10-26,HO0610,1.8685,1.8685,1.8161,1.8161,1.0,,取暖油0610,455.0,1.8161,1.8161
2005-10-27,HO0610,1.835,1.835,1.8163,1.8163,71.0,,取暖油0610,456.0,1.8163,1.8163
2005-10-28,HO0610,1.83,1.83,1.8274,1.8274,311.0,,取暖油0610,444.0,1.8274,1.8274
2005-10-31,HO0610,1.795,1.8025,1.7864,1.7864,381.0,,取暖油0610,730.0,1.7864,1.7864
2005-11-01,HO0610,1.785,1.7875,1.785,1.787,110.0,,取暖油0610,580.0,1.787,1.787
2005-11-02,HO0610,1.787,1.787,1.76,1.7804,185.0,,取暖油0610,527.0,1.7804,1.7804
2005-11-03,HO0610,1.8025,1.8311,1.8025,1.8311,4.0,,取暖油0610,419.0,1.8311,1.8311
2005-11-04,HO0610,1.803,1.823,1.801,1.8049,57.0,,取暖油0610,422.0,1.8049,1.8049
2005-11-07,HO0610,1.7825,1.8,1.7825,1.7985,9.0,,取暖油0610,443.0,1.7985,1.7985
2005-11-08,HO0610,1.7814,1.7986,1.7811,1.7986,16.0,,取暖油0610,448.0,1.7986,1.7986
2005-11-09,HO0610,1.79,1.795,1.79,1.7948,62.0,,取暖油0610,448.0,1.7948,1.7948
2005-11-10,HO0610,1.77,1.771,1.7605,1.7605,28.0,,取暖油0610,460.0,1.7605,1.7605
2005-11-11,HO0610,1.7605,1.775,1.7535,1.7535,7.0,,取暖油0610,461.0,1.7535,1.7535
2005-11-14,HO0610,1.7685,1.77,1.76,1.7637,5.0,,取暖油0610,464.0,1.7637,1.7637
2005-11-15,HO0610,1.7625,1.7625,1.7294,1.7294,14.0,,取暖油0610,465.0,1.7294,1.7294
2005-11-16,HO0610,1.738,1.7675,1.738,1.7559,56.0,,取暖油0610,473.0,1.7559,1.7559
2005-11-17,HO0610,1.75,1.765,1.7329,1.7329,5.0,,取暖油0610,463.0,1.7329,1.7329
2005-11-18,HO0610,1.73,1.7397,1.73,1.7397,15.0,,取暖油0610,465.0,1.7397,1.7397
2005-11-21,HO0610,1.7515,1.76,1.7474,1.7474,12.0,,取暖油0610,477.0,1.7474,1.7474
2005-11-22,HO0610,1.7795,1.7795,1.7653,1.7653,4.0,,取暖油0610,483.0,1.7653,1.7653
2005-11-23,HO0610,1.749,1.749,1.7423,1.7423,6.0,,取暖油0610,486.0,1.7423,1.7423
2005-11-28,HO0610,1.73,1.73,1.7,1.7071,28.0,,取暖油0610,492.0,1.7071,1.7071
2005-11-29,HO0610,1.7209,1.7209,1.687,1.687,14.0,,取暖油0610,502.0,1.687,1.687
2005-11-30,HO0610,1.704,1.7247,1.695,1.7247,56.0,,取暖油0610,506.0,1.7247,1.7247
2005-12-01,HO0610,1.73,1.7683,1.73,1.7683,28.0,,取暖油0610,556.0,1.7683,1.7683
2005-12-02,HO0610,1.784,1.79,1.78,1.7825,72.0,,取暖油0610,584.0,1.7825,1.7825
2005-12-05,HO0610,1.814,1.8365,1.8008,1.8008,20.0,,取暖油0610,620.0,1.8008,1.8008
2005-12-06,HO0610,1.7975,1.818,1.7975,1.8107,18.0,,取暖油0610,635.0,1.8107,1.8107
2005-12-07,HO0610,1.79,1.82,1.79,1.8079,10.0,,取暖油0610,649.0,1.8079,1.8079
2005-12-08,HO0610,1.827,1.8496,1.827,1.8496,7.0,,取暖油0610,658.0,1.8496,1.8496
2005-12-09,HO0610,0.0,0.0,0.0,1.8176,25.0,,取暖油0610,661.0,1.8176,1.8176
2005-12-12,HO0610,1.825,1.8552,1.825,1.8552,7.0,,取暖油0610,639.0,1.8552,1.8552
2005-12-13,HO0610,1.87,1.887,1.87,1.887,2.0,,取暖油0610,642.0,1.887,1.887
2005-12-14,HO0610,1.89,1.89,1.8557,1.8557,117.0,,取暖油0610,643.0,1.8557,1.8557
2005-12-15,HO0610,1.846,1.846,1.816,1.816,101.0,,取暖油0610,722.0,1.816,1.816
2005-12-16,HO0610,1.816,1.818,1.772,1.772,33.0,,取暖油0610,700.0,1.772,1.772
2005-12-19,HO0610,1.7625,1.773,1.7592,1.7592,5.0,,取暖油0610,718.0,1.7592,1.7592
2005-12-20,HO0610,1.78,1.783,1.7642,1.7642,95.0,,取暖油0610,722.0,1.7642,1.7642
2005-12-21,HO0610,1.7695,1.79,1.7609,1.782,267.0,,取暖油0610,809.0,1.782,1.782
2005-12-22,HO0610,1.782,1.782,1.7614,1.7614,6.0,,取暖油0610,837.0,1.7614,1.7614
2005-12-23,HO0610,1.75,1.761,1.7428,1.7428,108.0,,取暖油0610,837.0,1.7428,1.7428
2005-12-27,HO0610,1.7275,1.7275,1.7176,1.7176,29.0,,取暖油0610,910.0,1.7176,1.7176
2005-12-28,HO0610,1.7475,1.7715,1.7475,1.7715,64.0,,取暖油0610,929.0,1.7715,1.7715
2005-12-29,HO0610,1.775,1.8021,1.775,1.8021,17.0,,取暖油0610,993.0,1.8021,1.8021
2005-12-30,HO0610,1.797,1.8358,1.792,1.8358,12.0,,取暖油0610,1006.0,1.8358,1.8358
2006-01-03,HO0610,1.8825,1.9,1.8514,1.8514,17.0,,取暖油0610,998.0,1.8514,1.8514
2006-01-04,HO0610,0.0,0.0,0.0,1.8784,76.0,,取暖油0610,1017.0,1.8784,1.8784
2006-01-05,HO0610,1.878,1.8875,1.8723,1.8723,75.0,,取暖油0610,999.0,1.8723,1.8723
2006-01-06,HO0610,1.885,1.8857,1.885,1.8857,79.0,,取暖油0610,989.0,1.8857,1.8857
2006-01-09,HO0610,1.875,1.88,1.8744,1.8744,146.0,,取暖油0610,983.0,1.8744,1.8744
2006-01-10,HO0610,1.8718,1.8718,1.8613,1.8613,79.0,,取暖油0610,1077.0,1.8613,1.8613
2006-01-11,HO0610,0.0,0.0,0.0,1.8607,7.0,,取暖油0610,1126.0,1.8607,1.8607
2006-01-12,HO0610,1.865,1.89,1.8533,1.8533,210.0,,取暖油0610,1126.0,1.8533,1.8533
2006-01-13,HO0610,0.0,0.0,0.0,1.8601,182.0,,取暖油0610,1156.0,1.8601,1.8601
2006-01-17,HO0610,1.925,1.933,1.925,1.933,17.0,,取暖油0610,1152.0,1.933,1.933
2006-01-18,HO0610,1.9325,1.9325,1.9123,1.9123,520.0,,取暖油0610,1152.0,1.9123,1.9123
2006-01-19,HO0610,1.9425,1.9571,1.933,1.9571,61.0,,取暖油0610,1371.0,1.9571,1.9571
2006-01-20,HO0610,2.0,2.03,2.0,2.0002,30.0,,取暖油0610,1357.0,2.0002,2.0002
2006-01-23,HO0610,1.9925,1.9925,1.9772,1.9772,12.0,,取暖油0610,1371.0,1.9772,1.9772
2006-01-24,HO0610,1.977,1.977,1.9524,1.9524,34.0,,取暖油0610,1371.0,1.9524,1.9524
2006-01-25,HO0610,1.95,1.95,1.9232,1.9232,35.0,,取暖油0610,1389.0,1.9232,1.9232
2006-01-26,HO0610,1.9235,1.9375,1.9235,1.9316,219.0,,取暖油0610,1412.0,1.9316,1.9316
2006-01-27,HO0610,0.0,0.0,0.0,1.971,42.0,,取暖油0610,1431.0,1.971,1.971
2006-01-30,HO0610,1.981,2.0022,1.981,2.0022,19.0,,取暖油0610,1385.0,2.0022,2.0022
2006-01-31,HO0610,2.0065,2.0065,1.9949,1.9949,55.0,,取暖油0610,1402.0,1.9949,1.9949
2006-02-01,HO0610,2.0225,2.028,1.9697,1.9697,16.0,,取暖油0610,1388.0,1.9697,1.9697
2006-02-02,HO0610,1.948,1.948,1.9289,1.9289,66.0,,取暖油0610,1393.0,1.9289,1.9289
2006-02-03,HO0610,1.9405,1.9475,1.925,1.944,37.0,,取暖油0610,1375.0,1.944,1.944
2006-02-06,HO0610,1.97,1.97,1.9325,1.9325,531.0,,取暖油0610,1375.0,1.9325,1.9325
2006-02-07,HO0610,1.9175,1.9175,1.889,1.889,329.0,,取暖油0610,1489.0,1.889,1.889
2006-02-08,HO0610,1.891,1.891,1.8632,1.8632,25.0,,取暖油0610,1530.0,1.8632,1.8632
2006-02-09,HO0610,1.8679,1.87,1.8586,1.8586,334.0,,取暖油0610,1533.0,1.8586,1.8586
2006-02-10,HO0610,1.8625,1.8625,1.8248,1.8248,74.0,,取暖油0610,1678.0,1.8248,1.8248
2006-02-13,HO0610,1.83,1.83,1.8204,1.8204,245.0,,取暖油0610,1734.0,1.8204,1.8204
2006-02-14,HO0610,1.815,1.815,1.7996,1.7996,204.0,,取暖油0610,1716.0,1.7996,1.7996
2006-02-15,HO0610,1.807,1.815,1.7848,1.7848,167.0,,取暖油0610,1840.0,1.7848,1.7848
2006-02-16,HO0610,1.805,1.805,1.7875,1.7995,67.0,,取暖油0610,1935.0,1.7995,1.7995
2006-02-17,HO0610,1.82,1.83,1.82,1.8257,12.0,,取暖油0610,1973.0,1.8257,1.8257
2006-02-21,HO0610,1.84,1.85,1.84,1.8404,56.0,,取暖油0610,1929.0,1.8404,1.8404
2006-02-22,HO0610,1.827,1.8275,1.8171,1.8171,201.0,,取暖油0610,1918.0,1.8171,1.8171
2006-02-23,HO0610,1.8191,1.8191,1.8055,1.8177,170.0,,取暖油0610,2015.0,1.8177,1.8177
2006-02-24,HO0610,0.0,0.0,0.0,1.8736,1.0,,取暖油0610,2107.0,1.8736,1.8736
2006-02-27,HO0610,1.8275,1.8339,1.8275,1.8339,164.0,,取暖油0610,2106.0,1.8339,1.8339
2006-02-28,HO0610,1.842,1.8541,1.842,1.8541,411.0,,取暖油0610,2227.0,1.8541,1.8541
2006-03-01,HO0610,1.8575,1.8716,1.8575,1.8716,140.0,,取暖油0610,2309.0,1.8716,1.8716
2006-03-02,HO0610,1.89,1.9194,1.89,1.9194,1114.0,,取暖油0610,2304.0,1.9194,1.9194
2006-03-03,HO0610,0.0,0.0,0.0,1.9277,1445.0,,取暖油0610,2128.0,1.9277,1.9277
2006-03-06,HO0610,0.0,0.0,0.0,1.8845,608.0,,取暖油0610,2248.0,1.8845,1.8845
2006-03-07,HO0610,1.8855,1.8928,1.8375,1.8524,976.0,,取暖油0610,2540.0,1.8524,1.8524
2006-03-08,HO0610,1.84,1.84,1.81,1.8134,235.0,,取暖油0610,2072.0,1.8134,1.8134
2006-03-09,HO0610,1.813,1.8304,1.813,1.8304,311.0,,取暖油0610,2123.0,1.8304,1.8304
2006-03-10,HO0610,1.8175,1.82,1.8169,1.8169,190.0,,取暖油0610,2121.0,1.8169,1.8169
2006-03-13,HO0610,1.8283,1.865,1.8283,1.8598,114.0,,取暖油0610,2163.0,1.8598,1.8598
2006-03-14,HO0610,1.8623,1.9237,1.8623,1.9237,22.0,,取暖油0610,2177.0,1.9237,1.9237
2006-03-15,HO0610,1.9025,1.925,1.8791,1.8791,262.0,,取暖油0610,2162.0,1.8791,1.8791
2006-03-16,HO0610,1.8825,1.911,1.875,1.911,153.0,,取暖油0610,2289.0,1.911,1.911
2006-03-17,HO0610,1.91,1.918,1.8851,1.8851,306.0,,取暖油0610,2258.0,1.8851,1.8851
2006-03-20,HO0610,1.88,1.88,1.8401,1.8401,607.0,,取暖油0610,2341.0,1.8401,1.8401
2006-03-21,HO0610,1.8405,1.8625,1.8355,1.8625,27.0,,取暖油0610,2484.0,1.8625,1.8625
2006-03-22,HO0610,1.866,1.869,1.8404,1.8404,43.0,,取暖油0610,2498.0,1.8404,1.8404
2006-03-23,HO0610,1.8529,1.8843,1.8384,1.8843,278.0,,取暖油0610,2523.0,1.8843,1.8843
2006-03-24,HO0610,1.885,1.8904,1.885,1.8904,32.0,,取暖油0610,2755.0,1.8904,1.8904
2006-03-27,HO0610,1.8932,1.8934,1.8853,1.8853,8.0,,取暖油0610,2743.0,1.8853,1.8853
2006-03-28,HO0610,1.8878,1.9315,1.8878,1.9256,485.0,,取暖油0610,2744.0,1.9256,1.9256
2006-03-29,HO0610,1.93,1.948,1.9295,1.9459,711.0,,取暖油0610,2852.0,1.9459,1.9459
2006-03-30,HO0610,1.9376,1.9763,1.9376,1.9763,340.0,,取暖油0610,2740.0,1.9763,1.9763
2006-03-31,HO0610,1.949,1.984,1.949,1.9708,236.0,,取暖油0610,2910.0,1.9708,1.9708
2006-04-03,HO0610,1.99,1.995,1.9724,1.9724,1023.0,,取暖油0610,3029.0,1.9724,1.9724
2006-04-04,HO0610,1.968,1.9725,1.9525,1.9617,1080.0,,取暖油0610,2791.0,1.9617,1.9617
2006-04-05,HO0610,1.9605,1.975,1.9525,1.9725,261.0,,取暖油0610,3341.0,1.9725,1.9725
2006-04-06,HO0610,1.9845,1.99,1.9845,1.989,173.0,,取暖油0610,3352.0,1.989,1.989
2006-04-07,HO0610,1.985,1.9881,1.97,1.9881,1066.0,,取暖油0610,3419.0,1.9881,1.9881
2006-04-10,HO0610,2.004,2.0458,2.004,2.0458,105.0,,取暖油0610,3739.0,2.0458,2.0458
2006-04-11,HO0610,2.049,2.054,2.025,2.054,542.0,,取暖油0610,3638.0,2.054,2.054
2006-04-12,HO0610,2.059,2.0725,2.059,2.0682,631.0,,取暖油0610,3742.0,2.0682,2.0682
2006-04-13,HO0610,2.0457,2.0786,2.0455,2.0786,431.0,,取暖油0610,3994.0,2.0786,2.0786
2006-04-17,HO0610,2.0815,2.1215,2.0785,2.1215,226.0,,取暖油0610,4154.0,2.1215,2.1215
2006-04-18,HO0610,2.1215,2.155,2.1145,2.1545,841.0,,取暖油0610,4361.0,2.1545,2.1545
2006-04-19,HO0610,2.1449,2.1675,2.1449,2.1675,932.0,,取暖油0610,4602.0,2.1675,2.1675
2006-04-20,HO0610,2.1585,2.1725,2.12,2.1537,654.0,,取暖油0610,4880.0,2.1537,2.1537
2006-04-21,HO0610,2.145,2.196,2.1314,2.1806,869.0,,取暖油0610,4881.0,2.1806,2.1806
2006-04-24,HO0610,2.1643,2.1729,2.1391,2.1391,705.0,,取暖油0610,4721.0,2.1391,2.1391
2006-04-25,HO0610,2.1413,2.17,2.1391,2.1645,865.0,,取暖油0610,4983.0,2.1645,2.1645
2006-04-26,HO0610,2.1646,2.168,2.1273,2.1273,554.0,,取暖油0610,4822.0,2.1273,2.1273
2006-04-27,HO0610,2.1263,2.1263,2.0896,2.0896,491.0,,取暖油0610,5297.0,2.0896,2.0896
2006-04-28,HO0610,2.087,2.14,2.08,2.1134,622.0,,取暖油0610,5339.0,2.1134,2.1134
2006-05-01,HO0610,2.1236,2.16,2.1178,2.1598,914.0,,取暖油0610,5555.0,2.1598,2.1598
2006-05-02,HO0610,2.1667,2.1835,2.161,2.181,512.0,,取暖油0610,5770.0,2.181,2.181
2006-05-03,HO0610,2.181,2.181,2.1091,2.1091,692.0,,取暖油0610,5931.0,2.1091,2.1091
2006-05-04,HO0610,2.0935,2.1015,2.035,2.0461,207.0,,取暖油0610,6011.0,2.0461,2.0461
2006-05-05,HO0610,2.05,2.072,2.05,2.0691,775.0,,取暖油0610,6104.0,2.0691,2.0691
2006-05-08,HO0610,2.069,2.069,2.035,2.064,435.0,,取暖油0610,6242.0,2.064,2.064
2006-05-09,HO0610,2.0615,2.12,2.0607,2.0982,458.0,,取暖油0610,6151.0,2.0982,2.0982
2006-05-10,HO0610,2.0993,2.1634,2.085,2.1634,515.0,,取暖油0610,6221.0,2.1634,2.1634
2006-05-11,HO0610,2.161,2.2,2.161,2.1909,1260.0,,取暖油0610,6434.0,2.1909,2.1909
2006-05-12,HO0610,2.184,2.184,2.1415,2.1415,901.0,,取暖油0610,6202.0,2.1415,2.1415
2006-05-15,HO0610,2.1305,2.1305,2.051,2.051,462.0,,取暖油0610,5943.0,2.051,2.051
2006-05-16,HO0610,2.05,2.0935,2.0395,2.0608,780.0,,取暖油0610,5842.0,2.0608,2.0608
2006-05-17,HO0610,2.059,2.071,2.0275,2.0303,1054.0,,取暖油0610,5945.0,2.0303,2.0303
2006-05-18,HO0610,2.0258,2.064,2.015,2.056,475.0,,取暖油0610,6167.0,2.056,2.056
2006-05-19,HO0610,2.0615,2.0625,2.03,2.0322,807.0,,取暖油0610,6223.0,2.0322,2.0322
2006-05-22,HO0610,2.0315,2.0457,2.017,2.0457,467.0,,取暖油0610,6449.0,2.0457,2.0457
2006-05-23,HO0610,2.0457,2.125,2.0457,2.1047,801.0,,取暖油0610,6639.0,2.1047,2.1047
2006-05-24,HO0610,2.095,2.095,2.0474,2.0474,1627.0,,取暖油0610,6543.0,2.0474,2.0474
2006-05-25,HO0610,2.0494,2.1,2.0451,2.0972,731.0,,取暖油0610,6864.0,2.0972,2.0972
2006-05-26,HO0610,2.0965,2.116,2.0767,2.0767,646.0,,取暖油0610,7017.0,2.0767,2.0767
2006-05-30,HO0610,2.1175,2.1265,2.1084,2.1084,72.0,,取暖油0610,6911.0,2.1084,2.1084
2006-05-31,HO0610,2.105,2.105,2.06,2.0863,769.0,,取暖油0610,6923.0,2.0863,2.0863
2006-06-01,HO0610,2.0775,2.106,2.05,2.0634,1466.0,,取暖油0610,6990.0,2.0634,2.0634
2006-06-02,HO0610,2.0625,2.115,2.0625,2.1063,820.0,,取暖油0610,6843.0,2.1063,2.1063
2006-06-05,HO0610,2.144,2.1452,2.13,2.1351,310.0,,取暖油0610,6927.0,2.1351,2.1351
2006-06-06,HO0610,2.136,2.139,2.11,2.137,972.0,,取暖油0610,6881.0,2.137,2.137
2006-06-07,HO0610,2.1381,2.1381,2.085,2.0979,1086.0,,取暖油0610,7188.0,2.0979,2.0979
2006-06-08,HO0610,2.094,2.094,2.065,2.0925,1451.0,,取暖油0610,7453.0,2.0925,2.0925
2006-06-09,HO0610,2.0925,2.1511,2.0845,2.1511,1162.0,,取暖油0610,7633.0,2.1511,2.1511
2006-06-12,HO0610,2.1625,2.1625,2.0989,2.0989,679.0,,取暖油0610,7482.0,2.0989,2.0989
2006-06-13,HO0610,2.099,2.099,2.05,2.0505,1831.0,,取暖油0610,7841.0,2.0505,2.0505
2006-06-14,HO0610,2.0514,2.0575,2.04,2.0545,913.0,,取暖油0610,8043.0,2.0545,2.0545
2006-06-15,HO0610,2.0584,2.076,2.0543,2.0543,1105.0,,取暖油0610,8034.0,2.0543,2.0543
2006-06-16,HO0610,2.0615,2.0725,2.03,2.0503,1053.0,,取暖油0610,8056.0,2.0503,2.0503
2006-06-19,HO0610,2.05,2.05,2.0224,2.0224,1437.0,,取暖油0610,7975.0,2.0224,2.0224
2006-06-20,HO0610,2.0253,2.06,2.0224,2.0348,1064.0,,取暖油0610,8233.0,2.0348,2.0348
2006-06-21,HO0610,2.037,2.0675,2.029,2.0675,722.0,,取暖油0610,8146.0,2.0675,2.0675
2006-06-22,HO0610,2.0715,2.108,2.07,2.1028,1224.0,,取暖油0610,8299.0,2.1028,2.1028
2006-06-23,HO0610,2.0947,2.115,2.0856,2.0899,1414.0,,取暖油0610,8314.0,2.0899,2.0899
2006-06-26,HO0610,2.0945,2.12,2.075,2.1127,661.0,,取暖油0610,8506.0,2.1127,2.1127
2006-06-27,HO0610,2.115,2.137,2.102,2.1031,906.0,,取暖油0610,8243.0,2.1031,2.1031
2006-06-28,HO0610,2.1084,2.125,2.095,2.0969,1743.0,,取暖油0610,8295.0,2.0969,2.0969
2006-06-29,HO0610,2.112,2.1675,2.109,2.1479,3031.0,,取暖油0610,8665.0,2.1479,2.1479
2006-06-30,HO0610,2.152,2.154,2.1326,2.1326,1496.0,,取暖油0610,9395.0,2.1326,2.1326
2006-07-03,HO0610,0.0,0.0,0.0,2.1326,,,取暖油0610,9562.0,2.1326,2.1326
2006-07-05,HO0610,2.131,2.1785,2.1275,2.1701,2208.0,,取暖油0610,,2.1701,2.1701
2006-07-06,HO0610,2.1725,2.18,2.143,2.1782,2523.0,,取暖油0610,9791.0,2.1782,2.1782
2006-07-07,HO0610,2.1704,2.194,2.1321,2.1321,2416.0,,取暖油0610,9920.0,2.1321,2.1321
2006-07-10,HO0610,2.1355,2.1355,2.083,2.099,2150.0,,取暖油0610,11068.0,2.099,2.099
2006-07-11,HO0610,2.0985,2.144,2.0914,2.1372,1773.0,,取暖油0610,11017.0,2.1372,2.1372
2006-07-12,HO0610,2.13,2.1411,2.1115,2.1411,2115.0,,取暖油0610,11253.0,2.1411,2.1411
2006-07-13,HO0610,2.1557,2.2275,2.1465,2.205,3082.0,,取暖油0610,11784.0,2.205,2.205
2006-07-14,HO0610,2.2085,2.24,2.2059,2.2059,4108.0,,取暖油0610,12429.0,2.2059,2.2059
2006-07-17,HO0610,2.1779,2.215,2.155,2.1592,3406.0,,取暖油0610,13391.0,2.1592,2.1592
2006-07-18,HO0610,2.166,2.205,2.125,2.1337,5083.0,,取暖油0610,13750.0,2.1337,2.1337
2006-07-19,HO0610,2.1333,2.1471,2.075,2.1124,4677.0,,取暖油0610,14580.0,2.1124,2.1124
2006-07-20,HO0610,2.1165,2.1225,2.08,2.0808,2948.0,,取暖油0610,15119.0,2.0808,2.0808
2006-07-21,HO0610,2.0773,2.1065,2.0725,2.0865,5049.0,,取暖油0610,15517.0,2.0865,2.0865
2006-07-24,HO0610,2.0825,2.1075,2.0659,2.104,3508.0,,取暖油0610,15020.0,2.104,2.104
2006-07-25,HO0610,2.1115,2.1216,2.068,2.0702,4771.0,,取暖油0610,16083.0,2.0702,2.0702
2006-07-26,HO0610,2.0765,2.111,2.0674,2.091,6366.0,,取暖油0610,17621.0,2.091,2.091
2006-07-27,HO0610,2.095,2.14,2.091,2.1148,5209.0,,取暖油0610,19459.0,2.1148,2.1148
2006-07-28,HO0610,2.1181,2.1248,2.076,2.0833,5713.0,,取暖油0610,20243.0,2.0833,2.0833
2006-07-31,HO0610,2.0825,2.115,2.0669,2.1071,7308.0,,取暖油0610,22035.0,2.1071,2.1071
2006-08-01,HO0610,2.117,2.156,2.1025,2.1477,7967.0,,取暖油0610,24249.0,2.1477,2.1477
2006-08-02,HO0610,2.1495,2.19,2.1452,2.1833,12101.0,,取暖油0610,25722.0,2.1833,2.1833
2006-08-03,HO0610,2.185,2.1925,2.144,2.171,8732.0,,取暖油0610,26530.0,2.171,2.171
2006-08-04,HO0610,2.1695,2.1715,2.132,2.1463,12314.0,,取暖油0610,27246.0,2.1463,2.1463
2006-08-07,HO0610,2.15,2.213,2.15,2.1983,15259.0,,取暖油0610,29631.0,2.1983,2.1983
2006-08-08,HO0610,2.198,2.208,2.174,2.178,13114.0,,取暖油0610,31923.0,2.178,2.178
2006-08-09,HO0610,2.1745,2.206,2.1675,2.1727,14244.0,,取暖油0610,34730.0,2.1727,2.1727
2006-08-10,HO0610,2.1675,2.1724,2.092,2.0992,21634.0,,取暖油0610,38749.0,2.0992,2.0992
2006-08-11,HO0610,2.108,2.14,2.096,2.1092,17080.0,,取暖油0610,43735.0,2.1092,2.1092
2006-08-14,HO0610,2.1015,2.1015,2.056,2.0852,9808.0,,取暖油0610,47527.0,2.0852,2.0852
2006-08-15,HO0610,2.0819,2.105,2.0745,2.0862,17411.0,,取暖油0610,49017.0,2.0862,2.0862
2006-08-16,HO0610,2.0835,2.097,2.0725,2.0772,12908.0,,取暖油0610,52619.0,2.0772,2.0772
2006-08-17,HO0610,2.07,2.07,2.02,2.0229,14195.0,,取暖油0610,53237.0,2.0229,2.0229
2006-08-18,HO0610,2.0465,2.062,2.015,2.0384,15134.0,,取暖油0610,54135.0,2.0384,2.0384
2006-08-21,HO0610,2.042,2.085,2.0311,2.0801,15680.0,,取暖油0610,54109.0,2.0801,2.0801
2006-08-22,HO0610,2.0745,2.1,2.0701,2.0828,16498.0,,取暖油0610,55942.0,2.0828,2.0828
2006-08-23,HO0610,2.085,2.085,2.025,2.042,22781.0,,取暖油0610,56919.0,2.042,2.042
2006-08-24,HO0610,2.044,2.094,2.0345,2.064,18122.0,,取暖油0610,59687.0,2.064,2.064
2006-08-25,HO0610,2.0945,2.118,2.06,2.0648,23652.0,,取暖油0610,60745.0,2.0648,2.0648
2006-08-28,HO0610,2.0675,2.0675,1.9972,1.9972,29311.0,,取暖油0610,61739.0,1.9972,1.9972
2006-08-29,HO0610,1.9972,2.02,1.97,1.9835,26088.0,,取暖油0610,65256.0,1.9835,1.9835
2006-08-30,HO0610,1.9895,2.0115,1.959,1.995,25742.0,,取暖油0610,65242.0,1.995,1.995
2006-08-31,HO0610,2.0075,2.015,2.0075,2.015,27603.0,,取暖油0610,66341.0,2.015,2.015
2006-09-01,HO0610,2.015,2.015,1.963,1.9674,18638.0,,取暖油0610,67008.0,1.9674,1.9674
2006-09-05,HO0610,1.9439,1.97,1.931,1.9363,21160.0,,取暖油0610,65985.0,1.9363,1.9363
2006-09-06,HO0610,1.943,1.944,1.908,1.911,24950.0,,取暖油0610,66218.0,1.911,1.911
2006-09-07,HO0610,1.9134,1.9236,1.875,1.8876,25294.0,,取暖油0610,64791.0,1.8876,1.8876
2006-09-08,HO0610,1.8865,1.894,1.834,1.8432,33518.0,,取暖油0610,64719.0,1.8432,1.8432
2006-09-11,HO0610,1.8432,1.8432,1.802,1.8054,30551.0,,取暖油0610,61048.0,1.8054,1.8054
2006-09-12,HO0610,1.809,1.837,1.755,1.7597,36292.0,,取暖油0610,58682.0,1.7597,1.7597
2006-09-13,HO0610,1.7655,1.7785,1.727,1.7428,32553.0,,取暖油0610,54217.0,1.7428,1.7428
2006-09-14,HO0610,1.7515,1.765,1.695,1.711,34345.0,,取暖油0610,49606.0,1.711,1.711
2006-09-15,HO0610,1.711,1.725,1.686,1.7023,24299.0,,取暖油0610,44694.0,1.7023,1.7023
2006-09-18,HO0610,1.7089,1.7455,1.7005,1.7257,31706.0,,取暖油0610,43569.0,1.7257,1.7257
2006-09-19,HO0610,1.728,1.762,1.6875,1.6916,25126.0,,取暖油0610,37315.0,1.6916,1.6916
2006-09-20,HO0610,1.6962,1.698,1.644,1.6478,23850.0,,取暖油0610,37239.0,1.6478,1.6478
2006-09-21,HO0610,1.6515,1.6835,1.6505,1.6788,17430.0,,取暖油0610,32694.0,1.6788,1.6788
2006-09-22,HO0610,1.6845,1.6945,1.635,1.6472,18790.0,,取暖油0610,30611.0,1.6472,1.6472
2006-09-25,HO0610,1.64,1.685,1.6249,1.6564,18671.0,,取暖油0610,26135.0,1.6564,1.6564
2006-09-26,HO0610,1.6625,1.683,1.642,1.6578,28745.0,,取暖油0610,23137.0,1.6578,1.6578
2006-09-27,HO0610,1.655,1.7192,1.6411,1.7141,20991.0,,取暖油0610,16205.0,1.7141,1.7141
2006-09-28,HO0610,1.7115,1.7472,1.703,1.7138,1395.0,,取暖油0610,12680.0,1.7138,1.7138
2006-09-29,HO0610,1.704,1.71,1.665,1.6846,10418.0,,取暖油0610,,1.6846,1.6846
