date,symbol,open,high,low,close,volume,amount,name,openinterest,settleprice,price
2005-05-02,HO0611,0.0,0.0,0.0,1.5097,,,取暖油0611,,1.5097,1.5097
2005-05-03,HO0611,0.0,0.0,0.0,1.4723,,,取暖油0611,,1.4723,1.4723
2005-05-04,HO0611,0.0,0.0,0.0,1.4871,,,取暖油0611,,1.4871,1.4871
2005-05-05,HO0611,0.0,0.0,0.0,1.482,,,取暖油0611,,1.482,1.482
2005-05-06,HO0611,1.48,1.48,1.4791,1.4791,2.0,,取暖油0611,,1.4791,1.4791
2005-05-09,HO0611,0.0,0.0,0.0,1.48,,,取暖油0611,2.0,1.48,1.48
2005-05-10,HO0611,0.0,0.0,0.0,1.4794,,,取暖油0611,2.0,1.4794,1.4794
2005-05-11,HO0611,1.47,1.47,1.4501,1.4501,25.0,,取暖油0611,2.0,1.4501,1.4501
2005-05-12,HO0611,1.446,1.446,1.4398,1.4398,6.0,,取暖油0611,22.0,1.4398,1.4398
2005-05-13,HO0611,0.0,0.0,0.0,1.4288,,,取暖油0611,28.0,1.4288,1.4288
2005-05-16,HO0611,0.0,0.0,0.0,1.4129,,,取暖油0611,28.0,1.4129,1.4129
2005-05-17,HO0611,0.0,0.0,0.0,1.4308,278.0,,取暖油0611,28.0,1.4308,1.4308
2005-05-18,HO0611,0.0,0.0,0.0,1.4064,,,取暖油0611,251.0,1.4064,1.4064
2005-05-19,HO0611,0.0,0.0,0.0,1.4195,,,取暖油0611,251.0,1.4195,1.4195
2005-05-20,HO0611,0.0,0.0,0.0,1.4141,,,取暖油0611,251.0,1.4141,1.4141
2005-05-23,HO0611,0.0,0.0,0.0,1.4226,,,取暖油0611,251.0,1.4226,1.4226
2005-05-24,HO0611,0.0,0.0,0.0,1.4374,,,取暖油0611,251.0,1.4374,1.4374
2005-05-25,HO0611,0.0,0.0,0.0,1.4633,,,取暖油0611,251.0,1.4633,1.4633
2005-05-26,HO0611,1.49,1.49,1.4729,1.4729,2.0,,取暖油0611,251.0,1.4729,1.4729
2005-05-27,HO0611,0.0,0.0,0.0,1.4704,,,取暖油0611,253.0,1.4704,1.4704
2005-05-31,HO0611,0.0,0.0,0.0,1.4765,,,取暖油0611,253.0,1.4765,1.4765
2005-06-01,HO0611,0.0,0.0,0.0,1.5554,,,取暖油0611,253.0,1.5554,1.5554
2005-06-02,HO0611,0.0,0.0,0.0,1.5526,,,取暖油0611,253.0,1.5526,1.5526
2005-06-03,HO0611,0.0,0.0,0.0,1.6072,,,取暖油0611,253.0,1.6072,1.6072
2005-06-06,HO0611,0.0,0.0,0.0,1.6258,10.0,,取暖油0611,253.0,1.6258,1.6258
2005-06-07,HO0611,0.0,0.0,0.0,1.6202,,,取暖油0611,252.0,1.6202,1.6202
2005-06-08,HO0611,1.635,1.635,1.5889,1.5889,1.0,,取暖油0611,252.0,1.5889,1.5889
2005-06-09,HO0611,0.0,0.0,0.0,1.6479,25.0,,取暖油0611,253.0,1.6479,1.6479
2005-06-10,HO0611,0.0,0.0,0.0,1.6298,,,取暖油0611,269.0,1.6298,1.6298
2005-06-13,HO0611,0.0,0.0,0.0,1.6819,,,取暖油0611,269.0,1.6819,1.6819
2005-06-14,HO0611,0.0,0.0,0.0,1.6627,,,取暖油0611,269.0,1.6627,1.6627
2005-06-15,HO0611,0.0,0.0,0.0,1.6556,,,取暖油0611,269.0,1.6556,1.6556
2005-06-16,HO0611,1.68,1.68,1.672,1.672,1.0,,取暖油0611,269.0,1.672,1.672
2005-06-17,HO0611,0.0,0.0,0.0,1.6921,,,取暖油0611,270.0,1.6921,1.6921
2005-06-20,HO0611,0.0,0.0,0.0,1.7031,,,取暖油0611,270.0,1.7031,1.7031
2005-06-21,HO0611,0.0,0.0,0.0,1.6797,1.0,,取暖油0611,270.0,1.6797,1.6797
2005-06-22,HO0611,1.685,1.685,1.6737,1.6737,9.0,,取暖油0611,270.0,1.6737,1.6737
2005-06-23,HO0611,0.0,0.0,0.0,1.7127,,,取暖油0611,275.0,1.7127,1.7127
2005-06-24,HO0611,0.0,0.0,0.0,1.6996,,,取暖油0611,275.0,1.6996,1.6996
2005-06-27,HO0611,0.0,0.0,0.0,1.728,,,取暖油0611,275.0,1.728,1.728
2005-06-28,HO0611,0.0,0.0,0.0,1.6919,,,取暖油0611,275.0,1.6919,1.6919
2005-06-29,HO0611,0.0,0.0,0.0,1.6919,,,取暖油0611,275.0,1.6919,1.6919
2005-06-30,HO0611,0.0,0.0,0.0,1.7036,,,取暖油0611,275.0,1.7036,1.7036
2005-07-01,HO0611,0.0,0.0,0.0,1.7602,60.0,,取暖油0611,275.0,1.7602,1.7602
2005-07-05,HO0611,1.802,1.802,1.7978,1.7978,21.0,,取暖油0611,274.0,1.7978,1.7978
2005-07-06,HO0611,1.84,1.8461,1.84,1.8461,1.0,,取暖油0611,275.0,1.8461,1.8461
2005-07-07,HO0611,1.835,1.8419,1.835,1.8419,1.0,,取暖油0611,276.0,1.8419,1.8419
2005-07-08,HO0611,1.855,1.855,1.7966,1.7966,1.0,,取暖油0611,277.0,1.7966,1.7966
2005-07-11,HO0611,1.775,1.777,1.775,1.777,1.0,,取暖油0611,278.0,1.777,1.777
2005-07-12,HO0611,0.0,0.0,0.0,1.8443,,,取暖油0611,279.0,1.8443,1.8443
2005-07-13,HO0611,0.0,0.0,0.0,1.8173,,,取暖油0611,279.0,1.8173,1.8173
2005-07-14,HO0611,0.0,0.0,0.0,1.7582,1.0,,取暖油0611,279.0,1.7582,1.7582
2005-07-15,HO0611,0.0,0.0,0.0,1.757,,,取暖油0611,280.0,1.757,1.757
2005-07-18,HO0611,1.725,1.742,1.725,1.7382,2.0,,取暖油0611,280.0,1.7382,1.7382
2005-07-19,HO0611,0.0,0.0,0.0,1.7399,,,取暖油0611,281.0,1.7399,1.7399
2005-07-20,HO0611,1.76,1.76,1.7287,1.7287,3.0,,取暖油0611,281.0,1.7287,1.7287
2005-07-21,HO0611,1.727,1.727,1.7198,1.7198,1.0,,取暖油0611,284.0,1.7198,1.7198
2005-07-22,HO0611,1.73,1.7333,1.73,1.7333,1.0,,取暖油0611,285.0,1.7333,1.7333
2005-07-25,HO0611,0.0,0.0,0.0,1.7438,,,取暖油0611,286.0,1.7438,1.7438
2005-07-26,HO0611,1.775,1.775,1.7392,1.7392,3.0,,取暖油0611,286.0,1.7392,1.7392
2005-07-27,HO0611,0.0,0.0,0.0,1.7507,31.0,,取暖油0611,289.0,1.7507,1.7507
2005-07-28,HO0611,1.765,1.7756,1.765,1.7756,1.0,,取暖油0611,288.0,1.7756,1.7756
2005-07-29,HO0611,0.0,0.0,0.0,1.7802,,,取暖油0611,280.0,1.7802,1.7802
2005-08-01,HO0611,0.0,0.0,0.0,1.819,,,取暖油0611,280.0,1.819,1.819
2005-08-02,HO0611,0.0,0.0,0.0,1.8318,,,取暖油0611,280.0,1.8318,1.8318
2005-08-03,HO0611,1.83,1.83,1.7989,1.7989,1.0,,取暖油0611,280.0,1.7989,1.7989
2005-08-04,HO0611,0.0,0.0,0.0,1.8101,,,取暖油0611,281.0,1.8101,1.8101
2005-08-05,HO0611,0.0,0.0,0.0,1.832,,,取暖油0611,281.0,1.832,1.832
2005-08-08,HO0611,1.87,1.87,1.8676,1.8676,1.0,,取暖油0611,281.0,1.8676,1.8676
2005-08-09,HO0611,0.0,0.0,0.0,1.8495,,,取暖油0611,283.0,1.8495,1.8495
2005-08-10,HO0611,0.0,0.0,0.0,1.8983,,,取暖油0611,282.0,1.8983,1.8983
2005-08-11,HO0611,1.944,1.944,1.9297,1.9297,1.0,,取暖油0611,282.0,1.9297,1.9297
2005-08-12,HO0611,1.935,1.935,1.9226,1.9226,1.0,,取暖油0611,283.0,1.9226,1.9226
2005-08-15,HO0611,0.0,0.0,0.0,1.9266,,,取暖油0611,284.0,1.9266,1.9266
2005-08-16,HO0611,0.0,0.0,0.0,1.9344,,,取暖油0611,284.0,1.9344,1.9344
2005-08-17,HO0611,0.0,0.0,0.0,1.8544,1.0,,取暖油0611,284.0,1.8544,1.8544
2005-08-18,HO0611,0.0,0.0,0.0,1.8667,2.0,,取暖油0611,285.0,1.8667,1.8667
2005-08-19,HO0611,0.0,0.0,0.0,1.8866,,,取暖油0611,287.0,1.8866,1.8866
2005-08-22,HO0611,0.0,0.0,0.0,1.8809,,,取暖油0611,287.0,1.8809,1.8809
2005-08-23,HO0611,1.89,1.89,1.8871,1.8871,1.0,,取暖油0611,287.0,1.8871,1.8871
2005-08-24,HO0611,0.0,0.0,0.0,1.9449,10.0,,取暖油0611,288.0,1.9449,1.9449
2005-08-25,HO0611,0.0,0.0,0.0,1.9518,,,取暖油0611,298.0,1.9518,1.9518
2005-08-26,HO0611,0.0,0.0,0.0,1.9132,,,取暖油0611,298.0,1.9132,1.9132
2005-08-29,HO0611,0.0,0.0,0.0,1.9401,,,取暖油0611,298.0,1.9401,1.9401
2005-08-30,HO0611,0.0,0.0,0.0,2.036,1.0,,取暖油0611,298.0,2.036,2.036
2005-08-31,HO0611,2.12,2.136,2.0065,2.0065,3.0,,取暖油0611,299.0,2.0065,2.0065
2005-09-01,HO0611,2.03,2.0699,2.029,2.0699,12.0,,取暖油0611,302.0,2.0699,2.0699
2005-09-02,HO0611,0.0,0.0,0.0,1.9779,,,取暖油0611,296.0,1.9779,1.9779
2005-09-06,HO0611,0.0,0.0,0.0,1.9546,,,取暖油0611,296.0,1.9546,1.9546
2005-09-07,HO0611,0.0,0.0,0.0,1.898,,,取暖油0611,296.0,1.898,1.898
2005-09-08,HO0611,0.0,0.0,0.0,1.8979,7.0,,取暖油0611,296.0,1.8979,1.8979
2005-09-09,HO0611,0.0,0.0,0.0,1.8798,62.0,,取暖油0611,296.0,1.8798,1.8798
2005-09-12,HO0611,0.0,0.0,0.0,1.8343,40.0,,取暖油0611,364.0,1.8343,1.8343
2005-09-13,HO0611,0.0,0.0,0.0,1.851,,,取暖油0611,336.0,1.851,1.851
2005-09-14,HO0611,1.871,1.9105,1.871,1.9105,5.0,,取暖油0611,336.0,1.9105,1.9105
2005-09-15,HO0611,0.0,0.0,0.0,1.902,1.0,,取暖油0611,341.0,1.902,1.902
2005-09-16,HO0611,1.897,1.897,1.879,1.879,1.0,,取暖油0611,342.0,1.879,1.879
2005-09-19,HO0611,1.989,2.0023,1.989,2.0023,7.0,,取暖油0611,343.0,2.0023,2.0023
2005-09-20,HO0611,0.0,0.0,0.0,1.9938,12.0,,取暖油0611,350.0,1.9938,1.9938
2005-09-21,HO0611,0.0,0.0,0.0,1.9885,,,取暖油0611,361.0,1.9885,1.9885
2005-09-22,HO0611,0.0,0.0,0.0,1.9879,,,取暖油0611,351.0,1.9879,1.9879
2005-09-23,HO0611,0.0,0.0,0.0,1.9442,,,取暖油0611,351.0,1.9442,1.9442
2005-09-26,HO0611,0.0,0.0,0.0,2.0068,3.0,,取暖油0611,351.0,2.0068,2.0068
2005-09-27,HO0611,0.0,0.0,0.0,1.9815,,,取暖油0611,348.0,1.9815,1.9815
2005-09-28,HO0611,0.0,0.0,0.0,2.0131,,,取暖油0611,348.0,2.0131,2.0131
2005-09-29,HO0611,0.0,0.0,0.0,2.0045,,,取暖油0611,348.0,2.0045,2.0045
2005-09-30,HO0611,0.0,0.0,0.0,1.9981,,,取暖油0611,348.0,1.9981,1.9981
2005-10-03,HO0611,1.99,1.99,1.9758,1.9758,2.0,,取暖油0611,348.0,1.9758,1.9758
2005-10-04,HO0611,0.0,0.0,0.0,1.9614,,,取暖油0611,348.0,1.9614,1.9614
2005-10-05,HO0611,1.9675,1.9675,1.9425,1.9425,2.0,,取暖油0611,348.0,1.9425,1.9425
2005-10-06,HO0611,1.9,1.9015,1.89,1.9004,8.0,,取暖油0611,350.0,1.9004,1.9004
2005-10-07,HO0611,0.0,0.0,0.0,1.9278,2.0,,取暖油0611,357.0,1.9278,1.9278
2005-10-10,HO0611,1.921,1.9425,1.915,1.9425,24.0,,取暖油0611,359.0,1.9425,1.9425
2005-10-11,HO0611,0.0,0.0,0.0,1.9635,,,取暖油0611,336.0,1.9635,1.9635
2005-10-12,HO0611,1.96,1.9682,1.96,1.9682,2.0,,取暖油0611,318.0,1.9682,1.9682
2005-10-13,HO0611,1.949,1.9537,1.949,1.9537,24.0,,取暖油0611,320.0,1.9537,1.9537
2005-10-14,HO0611,1.91,1.9129,1.89,1.9129,91.0,,取暖油0611,343.0,1.9129,1.9129
2005-10-17,HO0611,1.924,1.926,1.924,1.9241,4.0,,取暖油0611,421.0,1.9241,1.9241
2005-10-18,HO0611,1.9,1.9,1.8744,1.8744,2.0,,取暖油0611,407.0,1.8744,1.8744
2005-10-19,HO0611,1.86,1.86,1.84,1.8511,8.0,,取暖油0611,408.0,1.8511,1.8511
2005-10-20,HO0611,1.836,1.84,1.8175,1.8201,56.0,,取暖油0611,416.0,1.8201,1.8201
2005-10-21,HO0611,1.8235,1.8372,1.82,1.8372,94.0,,取暖油0611,458.0,1.8372,1.8372
2005-10-24,HO0611,1.819,1.819,1.8026,1.8026,5.0,,取暖油0611,452.0,1.8026,1.8026
2005-10-25,HO0611,1.8625,1.8751,1.8625,1.8751,4.0,,取暖油0611,455.0,1.8751,1.8751
2005-10-26,HO0611,1.8885,1.8885,1.8356,1.8356,3.0,,取暖油0611,457.0,1.8356,1.8356
2005-10-27,HO0611,0.0,0.0,0.0,1.8358,293.0,,取暖油0611,459.0,1.8358,1.8358
2005-10-28,HO0611,0.0,0.0,0.0,1.8474,158.0,,取暖油0611,401.0,1.8474,1.8474
2005-10-31,HO0611,1.8085,1.8175,1.8084,1.8084,461.0,,取暖油0611,467.0,1.8084,1.8084
2005-11-01,HO0611,0.0,0.0,0.0,1.81,290.0,,取暖油0611,544.0,1.81,1.81
2005-11-02,HO0611,1.81,1.81,1.8039,1.8039,47.0,,取暖油0611,434.0,1.8039,1.8039
2005-11-03,HO0611,1.834,1.8546,1.834,1.8546,5.0,,取暖油0611,441.0,1.8546,1.8546
2005-11-04,HO0611,1.835,1.835,1.8274,1.8274,28.0,,取暖油0611,446.0,1.8274,1.8274
2005-11-07,HO0611,0.0,0.0,0.0,1.821,8.0,,取暖油0611,422.0,1.821,1.821
2005-11-08,HO0611,1.805,1.8211,1.805,1.8211,78.0,,取暖油0611,429.0,1.8211,1.8211
2005-11-09,HO0611,1.84,1.84,1.8173,1.8173,108.0,,取暖油0611,468.0,1.8173,1.8173
2005-11-10,HO0611,1.785,1.785,1.783,1.783,121.0,,取暖油0611,551.0,1.783,1.783
2005-11-11,HO0611,1.783,1.783,1.776,1.776,2.0,,取暖油0611,590.0,1.776,1.776
2005-11-14,HO0611,1.7925,1.7925,1.7862,1.7862,3.0,,取暖油0611,591.0,1.7862,1.7862
2005-11-15,HO0611,1.7775,1.7775,1.7524,1.7524,7.0,,取暖油0611,592.0,1.7524,1.7524
2005-11-16,HO0611,1.7725,1.7789,1.7725,1.7789,2.0,,取暖油0611,597.0,1.7789,1.7789
2005-11-17,HO0611,1.785,1.786,1.7559,1.7559,3.0,,取暖油0611,598.0,1.7559,1.7559
2005-11-18,HO0611,1.7575,1.7627,1.7575,1.7627,8.0,,取暖油0611,600.0,1.7627,1.7627
2005-11-21,HO0611,1.7775,1.7775,1.7704,1.7704,3.0,,取暖油0611,606.0,1.7704,1.7704
2005-11-22,HO0611,1.8025,1.8025,1.7883,1.7883,70.0,,取暖油0611,608.0,1.7883,1.7883
2005-11-23,HO0611,1.7775,1.7775,1.7653,1.7653,3.0,,取暖油0611,635.0,1.7653,1.7653
2005-11-28,HO0611,1.745,1.745,1.7306,1.7306,28.0,,取暖油0611,636.0,1.7306,1.7306
2005-11-29,HO0611,1.734,1.745,1.711,1.711,35.0,,取暖油0611,653.0,1.711,1.711
2005-11-30,HO0611,1.711,1.7492,1.711,1.7492,430.0,,取暖油0611,663.0,1.7492,1.7492
2005-12-01,HO0611,1.7416,1.7928,1.7416,1.7928,4.0,,取暖油0611,931.0,1.7928,1.7928
2005-12-02,HO0611,1.797,1.8125,1.797,1.8065,187.0,,取暖油0611,933.0,1.8065,1.8065
2005-12-05,HO0611,1.8295,1.855,1.8248,1.8248,325.0,,取暖油0611,987.0,1.8248,1.8248
2005-12-06,HO0611,1.841,1.843,1.8352,1.8352,167.0,,取暖油0611,1165.0,1.8352,1.8352
2005-12-07,HO0611,1.845,1.845,1.8334,1.8334,152.0,,取暖油0611,1146.0,1.8334,1.8334
2005-12-08,HO0611,1.8356,1.89,1.8356,1.8751,78.0,,取暖油0611,1246.0,1.8751,1.8751
2005-12-09,HO0611,1.8775,1.882,1.84,1.8431,84.0,,取暖油0611,1296.0,1.8431,1.8431
2005-12-12,HO0611,1.853,1.8807,1.85,1.8807,15.0,,取暖油0611,1319.0,1.8807,1.8807
2005-12-13,HO0611,1.895,1.915,1.895,1.912,75.0,,取暖油0611,1306.0,1.912,1.912
2005-12-14,HO0611,1.91,1.92,1.8797,1.8797,80.0,,取暖油0611,1308.0,1.8797,1.8797
2005-12-15,HO0611,1.891,1.891,1.8405,1.8405,5.0,,取暖油0611,1232.0,1.8405,1.8405
2005-12-16,HO0611,1.8425,1.8425,1.798,1.798,57.0,,取暖油0611,1235.0,1.798,1.798
2005-12-19,HO0611,1.79,1.795,1.7852,1.7852,115.0,,取暖油0611,1236.0,1.7852,1.7852
2005-12-20,HO0611,1.79,1.807,1.79,1.7902,78.0,,取暖油0611,1187.0,1.7902,1.7902
2005-12-21,HO0611,1.796,1.8225,1.7878,1.808,30.0,,取暖油0611,1202.0,1.808,1.808
2005-12-22,HO0611,1.802,1.815,1.7874,1.7874,7.0,,取暖油0611,1189.0,1.7874,1.7874
2005-12-23,HO0611,1.781,1.781,1.7693,1.7693,8.0,,取暖油0611,1193.0,1.7693,1.7693
2005-12-27,HO0611,0.0,0.0,0.0,1.7446,26.0,,取暖油0611,1198.0,1.7446,1.7446
2005-12-28,HO0611,1.775,1.8045,1.775,1.7995,44.0,,取暖油0611,1201.0,1.7995,1.7995
2005-12-29,HO0611,1.815,1.8325,1.81,1.8301,93.0,,取暖油0611,1227.0,1.8301,1.8301
2005-12-30,HO0611,1.827,1.8633,1.825,1.8633,88.0,,取暖油0611,1266.0,1.8633,1.8633
2006-01-03,HO0611,1.91,1.925,1.8774,1.8774,11.0,,取暖油0611,1280.0,1.8774,1.8774
2006-01-04,HO0611,1.9,1.9034,1.9,1.9034,8.0,,取暖油0611,1290.0,1.9034,1.9034
2006-01-05,HO0611,1.9175,1.9175,1.8973,1.8973,7.0,,取暖油0611,1294.0,1.8973,1.8973
2006-01-06,HO0611,1.9225,1.9225,1.9,1.9102,13.0,,取暖油0611,1298.0,1.9102,1.9102
2006-01-09,HO0611,1.8875,1.8989,1.8875,1.8989,1.0,,取暖油0611,1308.0,1.8989,1.8989
2006-01-10,HO0611,1.895,1.916,1.8863,1.8863,34.0,,取暖油0611,1308.0,1.8863,1.8863
2006-01-11,HO0611,1.8875,1.8875,1.8862,1.8862,4.0,,取暖油0611,1316.0,1.8862,1.8862
2006-01-12,HO0611,1.8983,1.925,1.8788,1.8788,143.0,,取暖油0611,1318.0,1.8788,1.8788
2006-01-13,HO0611,1.88,1.89,1.88,1.8856,3.0,,取暖油0611,1404.0,1.8856,1.8856
2006-01-17,HO0611,0.0,0.0,0.0,1.9585,17.0,,取暖油0611,1407.0,1.9585,1.9585
2006-01-18,HO0611,1.95,1.9525,1.9383,1.9383,267.0,,取暖油0611,1408.0,1.9383,1.9383
2006-01-19,HO0611,1.9445,1.9826,1.9415,1.9826,101.0,,取暖油0611,1540.0,1.9826,1.9826
2006-01-20,HO0611,2.045,2.045,2.0247,2.0247,6.0,,取暖油0611,1513.0,2.0247,2.0247
2006-01-23,HO0611,2.024,2.024,2.0017,2.0017,332.0,,取暖油0611,1517.0,2.0017,2.0017
2006-01-24,HO0611,2.001,2.0075,1.9769,1.9769,58.0,,取暖油0611,1819.0,1.9769,1.9769
2006-01-25,HO0611,1.973,1.973,1.9482,1.9482,16.0,,取暖油0611,1769.0,1.9482,1.9482
2006-01-26,HO0611,1.947,1.965,1.947,1.9571,21.0,,取暖油0611,1761.0,1.9571,1.9571
2006-01-27,HO0611,0.0,0.0,0.0,1.9965,2.0,,取暖油0611,1777.0,1.9965,1.9965
2006-01-30,HO0611,2.0065,2.0277,2.0065,2.0277,41.0,,取暖油0611,1778.0,2.0277,2.0277
2006-01-31,HO0611,0.0,0.0,0.0,2.0204,35.0,,取暖油0611,1784.0,2.0204,2.0204
2006-02-01,HO0611,2.028,2.055,1.9952,1.9952,67.0,,取暖油0611,1789.0,1.9952,1.9952
2006-02-02,HO0611,1.9825,1.9825,1.9544,1.9544,564.0,,取暖油0611,1755.0,1.9544,1.9544
2006-02-03,HO0611,1.9655,1.975,1.945,1.97,232.0,,取暖油0611,1825.0,1.97,1.97
2006-02-06,HO0611,1.9775,2.0,1.9595,1.9595,762.0,,取暖油0611,1883.0,1.9595,1.9595
2006-02-07,HO0611,1.94,1.94,1.9165,1.9165,10.0,,取暖油0611,1676.0,1.9165,1.9165
2006-02-08,HO0611,1.9185,1.925,1.8902,1.8902,29.0,,取暖油0611,1656.0,1.8902,1.8902
2006-02-09,HO0611,1.921,1.921,1.8861,1.8861,219.0,,取暖油0611,1658.0,1.8861,1.8861
2006-02-10,HO0611,1.886,1.89,1.8528,1.8528,97.0,,取暖油0611,1681.0,1.8528,1.8528
2006-02-13,HO0611,1.8525,1.86,1.8489,1.8489,185.0,,取暖油0611,1743.0,1.8489,1.8489
2006-02-14,HO0611,1.8325,1.8375,1.8301,1.8301,95.0,,取暖油0611,1752.0,1.8301,1.8301
2006-02-15,HO0611,1.8471,1.8471,1.8168,1.8168,36.0,,取暖油0611,1818.0,1.8168,1.8168
2006-02-16,HO0611,1.84,1.84,1.825,1.831,10.0,,取暖油0611,1839.0,1.831,1.831
2006-02-17,HO0611,1.851,1.8567,1.851,1.8567,5.0,,取暖油0611,1842.0,1.8567,1.8567
2006-02-21,HO0611,1.875,1.875,1.87,1.8709,17.0,,取暖油0611,1847.0,1.8709,1.8709
2006-02-22,HO0611,1.856,1.857,1.8481,1.8481,12.0,,取暖油0611,1862.0,1.8481,1.8481
2006-02-23,HO0611,1.849,1.849,1.845,1.8477,6.0,,取暖油0611,1872.0,1.8477,1.8477
2006-02-24,HO0611,1.895,1.905,1.895,1.9021,84.0,,取暖油0611,1877.0,1.9021,1.9021
2006-02-27,HO0611,1.865,1.865,1.8634,1.8634,2.0,,取暖油0611,1927.0,1.8634,1.8634
2006-02-28,HO0611,1.855,1.885,1.855,1.8826,19.0,,取暖油0611,1936.0,1.8826,1.8826
2006-03-01,HO0611,1.887,1.8991,1.88,1.8991,90.0,,取暖油0611,1937.0,1.8991,1.8991
2006-03-02,HO0611,1.917,1.9454,1.917,1.9454,176.0,,取暖油0611,1981.0,1.9454,1.9454
2006-03-03,HO0611,1.945,1.9542,1.945,1.9542,104.0,,取暖油0611,2016.0,1.9542,1.9542
2006-03-06,HO0611,1.91,1.92,1.91,1.9115,109.0,,取暖油0611,2035.0,1.9115,1.9115
2006-03-07,HO0611,1.9,1.9,1.865,1.8799,59.0,,取暖油0611,1983.0,1.8799,1.8799
2006-03-08,HO0611,1.87,1.87,1.84,1.8409,116.0,,取暖油0611,1991.0,1.8409,1.8409
2006-03-09,HO0611,1.8375,1.8579,1.835,1.8579,19.0,,取暖油0611,2031.0,1.8579,1.8579
2006-03-10,HO0611,1.84,1.8525,1.84,1.8454,18.0,,取暖油0611,2029.0,1.8454,1.8454
2006-03-13,HO0611,1.884,1.8878,1.884,1.8878,54.0,,取暖油0611,2035.0,1.8878,1.8878
2006-03-14,HO0611,1.91,1.9512,1.91,1.9512,3.0,,取暖油0611,2036.0,1.9512,1.9512
2006-03-15,HO0611,1.9435,1.9435,1.9025,1.9066,7.0,,取暖油0611,2037.0,1.9066,1.9066
2006-03-16,HO0611,1.9015,1.939,1.9015,1.939,145.0,,取暖油0611,2035.0,1.939,1.939
2006-03-17,HO0611,1.937,1.937,1.9136,1.9136,5.0,,取暖油0611,2122.0,1.9136,1.9136
2006-03-20,HO0611,1.9075,1.9075,1.8701,1.8701,17.0,,取暖油0611,2123.0,1.8701,1.8701
2006-03-21,HO0611,1.865,1.8925,1.865,1.8925,22.0,,取暖油0611,2119.0,1.8925,1.8925
2006-03-22,HO0611,1.9,1.9,1.8704,1.8704,69.0,,取暖油0611,2121.0,1.8704,1.8704
2006-03-23,HO0611,1.8694,1.9143,1.8694,1.9143,187.0,,取暖油0611,2163.0,1.9143,1.9143
2006-03-24,HO0611,0.0,0.0,0.0,1.9204,140.0,,取暖油0611,2117.0,1.9204,1.9204
2006-03-27,HO0611,1.93,1.93,1.9153,1.9153,79.0,,取暖油0611,2103.0,1.9153,1.9153
2006-03-28,HO0611,1.945,1.9575,1.945,1.9561,198.0,,取暖油0611,2086.0,1.9561,1.9561
2006-03-29,HO0611,1.9525,1.9764,1.9525,1.9764,186.0,,取暖油0611,2097.0,1.9764,1.9764
2006-03-30,HO0611,1.9835,2.0063,1.9835,2.0063,181.0,,取暖油0611,2174.0,2.0063,2.0063
2006-03-31,HO0611,1.9925,2.014,1.9775,2.0018,159.0,,取暖油0611,2188.0,2.0018,2.0018
2006-04-03,HO0611,2.02,2.03,2.0029,2.0029,263.0,,取暖油0611,2190.0,2.0029,2.0029
2006-04-04,HO0611,2.0,2.003,1.9825,1.9922,58.0,,取暖油0611,2209.0,1.9922,1.9922
2006-04-05,HO0611,1.9915,2.008,1.9825,2.002,774.0,,取暖油0611,2216.0,2.002,2.002
2006-04-06,HO0611,2.0135,2.019,2.0135,2.018,125.0,,取暖油0611,2285.0,2.018,2.018
2006-04-07,HO0611,2.003,2.0171,1.995,2.0171,746.0,,取暖油0611,2237.0,2.0171,2.0171
2006-04-10,HO0611,2.037,2.0748,2.037,2.0748,233.0,,取暖油0611,2536.0,2.0748,2.0748
2006-04-11,HO0611,2.077,2.0835,2.0625,2.0835,103.0,,取暖油0611,2584.0,2.0835,2.0835
2006-04-12,HO0611,2.097,2.105,2.097,2.0977,318.0,,取暖油0611,2516.0,2.0977,2.0977
2006-04-13,HO0611,2.0784,2.109,2.0725,2.1081,381.0,,取暖油0611,2634.0,2.1081,2.1081
2006-04-17,HO0611,2.1165,2.151,2.108,2.151,201.0,,取暖油0611,2668.0,2.151,2.151
2006-04-18,HO0611,2.151,2.184,2.146,2.184,186.0,,取暖油0611,2777.0,2.184,2.184
2006-04-19,HO0611,2.184,2.1975,2.17,2.1975,111.0,,取暖油0611,2762.0,2.1975,2.1975
2006-04-20,HO0611,2.1994,2.1994,2.1575,2.1842,81.0,,取暖油0611,2767.0,2.1842,2.1842
2006-04-21,HO0611,2.184,2.2235,2.17,2.2116,308.0,,取暖油0611,2811.0,2.2116,2.2116
2006-04-24,HO0611,2.1946,2.208,2.1711,2.1711,204.0,,取暖油0611,2970.0,2.1711,2.1711
2006-04-25,HO0611,2.1725,2.201,2.1655,2.197,405.0,,取暖油0611,3094.0,2.197,2.197
2006-04-26,HO0611,2.1995,2.202,2.1613,2.1613,447.0,,取暖油0611,3193.0,2.1613,2.1613
2006-04-27,HO0611,2.1613,2.1613,2.1246,2.1246,289.0,,取暖油0611,3527.0,2.1246,2.1246
2006-04-28,HO0611,2.121,2.174,2.121,2.1489,218.0,,取暖油0611,3588.0,2.1489,2.1489
2006-05-01,HO0611,2.1529,2.1958,2.1529,2.1958,325.0,,取暖油0611,3576.0,2.1958,2.1958
2006-05-02,HO0611,2.2045,2.217,2.2025,2.216,38.0,,取暖油0611,3638.0,2.216,2.216
2006-05-03,HO0611,2.198,2.198,2.1431,2.1431,229.0,,取暖油0611,3655.0,2.1431,2.1431
2006-05-04,HO0611,2.15,2.15,2.0765,2.0801,801.0,,取暖油0611,3711.0,2.0801,2.0801
2006-05-05,HO0611,2.085,2.109,2.084,2.1026,191.0,,取暖油0611,4179.0,2.1026,2.1026
2006-05-08,HO0611,2.078,2.1025,2.0725,2.0985,546.0,,取暖油0611,4179.0,2.0985,2.0985
2006-05-09,HO0611,2.0965,2.15,2.0957,2.1327,402.0,,取暖油0611,4395.0,2.1327,2.1327
2006-05-10,HO0611,2.13,2.1974,2.12,2.1974,79.0,,取暖油0611,4433.0,2.1974,2.1974
2006-05-11,HO0611,2.2014,2.24,2.1962,2.2234,458.0,,取暖油0611,4433.0,2.2234,2.2234
2006-05-12,HO0611,2.2073,2.2115,2.1745,2.1745,677.0,,取暖油0611,4379.0,2.1745,2.1745
2006-05-15,HO0611,2.1545,2.1545,2.0855,2.0855,646.0,,取暖油0611,4795.0,2.0855,2.0855
2006-05-16,HO0611,2.0812,2.125,2.0774,2.0953,605.0,,取暖油0611,4490.0,2.0953,2.0953
2006-05-17,HO0611,2.0935,2.0935,2.065,2.0658,553.0,,取暖油0611,4549.0,2.0658,2.0658
2006-05-18,HO0611,2.065,2.1,2.0535,2.0915,570.0,,取暖油0611,4535.0,2.0915,2.0915
2006-05-19,HO0611,2.1026,2.1026,2.065,2.0682,210.0,,取暖油0611,4741.0,2.0682,2.0682
2006-05-22,HO0611,2.0602,2.0822,2.0575,2.0822,201.0,,取暖油0611,4761.0,2.0822,2.0822
2006-05-23,HO0611,2.1034,2.1625,2.0995,2.1397,95.0,,取暖油0611,4783.0,2.1397,2.1397
2006-05-24,HO0611,2.129,2.1325,2.0844,2.0844,387.0,,取暖油0611,4789.0,2.0844,2.0844
2006-05-25,HO0611,2.0874,2.136,2.0823,2.1342,503.0,,取暖油0611,4923.0,2.1342,2.1342
2006-05-26,HO0611,2.1342,2.154,2.1132,2.1132,325.0,,取暖油0611,5035.0,2.1132,2.1132
2006-05-30,HO0611,2.125,2.163,2.125,2.1449,141.0,,取暖油0611,5016.0,2.1449,2.1449
2006-05-31,HO0611,2.14,2.14,2.1,2.1243,560.0,,取暖油0611,5045.0,2.1243,2.1243
2006-06-01,HO0611,2.098,2.145,2.098,2.1009,402.0,,取暖油0611,5066.0,2.1009,2.1009
2006-06-02,HO0611,2.1,2.15,2.1,2.1423,717.0,,取暖油0611,5092.0,2.1423,2.1423
2006-06-05,HO0611,2.175,2.175,2.1711,2.1711,57.0,,取暖油0611,4778.0,2.1711,2.1711
2006-06-06,HO0611,2.172,2.175,2.146,2.173,180.0,,取暖油0611,4777.0,2.173,2.173
2006-06-07,HO0611,2.174,2.1741,2.127,2.1344,681.0,,取暖油0611,4821.0,2.1344,2.1344
2006-06-08,HO0611,2.12,2.135,2.1,2.129,375.0,,取暖油0611,4919.0,2.129,2.129
2006-06-09,HO0611,2.129,2.1885,2.1196,2.1846,343.0,,取暖油0611,5020.0,2.1846,2.1846
2006-06-12,HO0611,2.1825,2.1825,2.1319,2.1319,52.0,,取暖油0611,4963.0,2.1319,2.1319
2006-06-13,HO0611,2.133,2.133,2.08,2.0845,1374.0,,取暖油0611,5041.0,2.0845,2.0845
2006-06-14,HO0611,2.0875,2.1012,2.074,2.089,964.0,,取暖油0611,5361.0,2.089,2.089
2006-06-15,HO0611,2.0925,2.1075,2.0893,2.0893,694.0,,取暖油0611,5551.0,2.0893,2.0893
2006-06-16,HO0611,2.097,2.1073,2.069,2.0853,798.0,,取暖油0611,5632.0,2.0853,2.0853
2006-06-19,HO0611,2.0845,2.0845,2.0589,2.0589,946.0,,取暖油0611,5763.0,2.0589,2.0589
2006-06-20,HO0611,2.0625,2.098,2.0589,2.0708,192.0,,取暖油0611,5711.0,2.0708,2.0708
2006-06-21,HO0611,2.074,2.1175,2.064,2.1035,484.0,,取暖油0611,5800.0,2.1035,2.1035
2006-06-22,HO0611,2.107,2.145,2.103,2.1378,212.0,,取暖油0611,5837.0,2.1378,2.1378
2006-06-23,HO0611,2.1395,2.149,2.1239,2.1239,646.0,,取暖油0611,5927.0,2.1239,2.1239
2006-06-26,HO0611,2.126,2.17,2.115,2.1467,322.0,,取暖油0611,5859.0,2.1467,2.1467
2006-06-27,HO0611,2.1475,2.175,2.1376,2.1376,464.0,,取暖油0611,6042.0,2.1376,2.1376
2006-06-28,HO0611,2.1573,2.1625,2.1319,2.1319,646.0,,取暖油0611,6109.0,2.1319,2.1319
2006-06-29,HO0611,2.145,2.1925,2.145,2.1824,1025.0,,取暖油0611,6149.0,2.1824,2.1824
2006-06-30,HO0611,2.188,2.19,2.1686,2.1686,1218.0,,取暖油0611,6409.0,2.1686,2.1686
2006-07-03,HO0611,0.0,0.0,0.0,2.1686,,,取暖油0611,6049.0,2.1686,2.1686
2006-07-05,HO0611,2.1665,2.208,2.1655,2.2071,749.0,,取暖油0611,,2.2071,2.2071
2006-07-06,HO0611,2.212,2.219,2.18,2.2182,965.0,,取暖油0611,6360.0,2.2182,2.2182
2006-07-07,HO0611,2.2059,2.235,2.1736,2.1736,497.0,,取暖油0611,6639.0,2.1736,2.1736
2006-07-10,HO0611,2.178,2.178,2.13,2.145,1308.0,,取暖油0611,6723.0,2.145,2.145
2006-07-11,HO0611,2.143,2.185,2.1393,2.1817,1016.0,,取暖油0611,7043.0,2.1817,2.1817
2006-07-12,HO0611,2.1784,2.1875,2.16,2.1861,804.0,,取暖油0611,7275.0,2.1861,2.1861
2006-07-13,HO0611,2.19,2.264,2.19,2.247,741.0,,取暖油0611,7186.0,2.247,2.247
2006-07-14,HO0611,2.254,2.282,2.2464,2.2464,2874.0,,取暖油0611,7559.0,2.2464,2.2464
2006-07-17,HO0611,2.2184,2.255,2.2007,2.2007,1050.0,,取暖油0611,7935.0,2.2007,2.2007
2006-07-18,HO0611,2.208,2.25,2.1767,2.1767,1104.0,,取暖油0611,8046.0,2.1767,2.1767
2006-07-19,HO0611,2.1865,2.1916,2.135,2.1609,1433.0,,取暖油0611,8169.0,2.1609,2.1609
2006-07-20,HO0611,2.1625,2.172,2.1303,2.1303,664.0,,取暖油0611,8747.0,2.1303,2.1303
2006-07-21,HO0611,2.13,2.1575,2.127,2.1375,1313.0,,取暖油0611,9071.0,2.1375,2.1375
2006-07-24,HO0611,2.1335,2.16,2.1169,2.156,747.0,,取暖油0611,9272.0,2.156,2.156
2006-07-25,HO0611,2.164,2.1741,2.1237,2.1237,1130.0,,取暖油0611,9321.0,2.1237,2.1237
2006-07-26,HO0611,2.13,2.167,2.1214,2.1445,852.0,,取暖油0611,9206.0,2.1445,2.1445
2006-07-27,HO0611,2.1455,2.178,2.1455,2.1663,1152.0,,取暖油0611,9431.0,2.1663,2.1663
2006-07-28,HO0611,2.17,2.17,2.1325,2.1383,1235.0,,取暖油0611,9704.0,2.1383,2.1383
2006-07-31,HO0611,2.1285,2.17,2.1217,2.1626,1267.0,,取暖油0611,9689.0,2.1626,2.1626
2006-08-01,HO0611,2.17,2.21,2.17,2.2037,2246.0,,取暖油0611,9914.0,2.2037,2.2037
2006-08-02,HO0611,2.205,2.235,2.2,2.2333,3025.0,,取暖油0611,10409.0,2.2333,2.2333
2006-08-03,HO0611,2.2399,2.2399,2.194,2.221,1608.0,,取暖油0611,10983.0,2.221,2.221
2006-08-04,HO0611,2.22,2.2259,2.185,2.1973,3100.0,,取暖油0611,11392.0,2.1973,2.1973
2006-08-07,HO0611,2.225,2.2565,2.225,2.2458,4430.0,,取暖油0611,12246.0,2.2458,2.2458
2006-08-08,HO0611,2.25,2.255,2.224,2.229,3668.0,,取暖油0611,13506.0,2.229,2.229
2006-08-09,HO0611,2.2275,2.258,2.22,2.2257,4659.0,,取暖油0611,14590.0,2.2257,2.2257
2006-08-10,HO0611,2.2225,2.2254,2.15,2.1607,7805.0,,取暖油0611,15653.0,2.1607,2.1607
2006-08-11,HO0611,2.1735,2.195,2.16,2.1732,4348.0,,取暖油0611,18436.0,2.1732,2.1732
2006-08-14,HO0611,2.1635,2.1642,2.12,2.1487,2164.0,,取暖油0611,19620.0,2.1487,2.1487
2006-08-15,HO0611,2.15,2.1685,2.137,2.1442,3034.0,,取暖油0611,19950.0,2.1442,2.1442
2006-08-16,HO0611,2.1375,2.152,2.12,2.1322,3838.0,,取暖油0611,20389.0,2.1322,2.1322
2006-08-17,HO0611,2.1284,2.1284,2.075,2.0779,4027.0,,取暖油0611,21024.0,2.0779,2.0779
2006-08-18,HO0611,2.0985,2.1173,2.0725,2.0874,3617.0,,取暖油0611,21190.0,2.0874,2.0874
2006-08-21,HO0611,2.117,2.135,2.0975,2.1291,2369.0,,取暖油0611,21298.0,2.1291,2.1291
2006-08-22,HO0611,2.13,2.147,2.125,2.1293,2445.0,,取暖油0611,21910.0,2.1293,2.1293
2006-08-23,HO0611,2.128,2.128,2.078,2.091,3097.0,,取暖油0611,22014.0,2.091,2.091
2006-08-24,HO0611,2.0947,2.118,2.0799,2.1105,3507.0,,取暖油0611,22442.0,2.1105,2.1105
2006-08-25,HO0611,2.1325,2.1575,2.1,2.1088,2440.0,,取暖油0611,22847.0,2.1088,2.1088
2006-08-28,HO0611,2.0901,2.091,2.0425,2.0462,4789.0,,取暖油0611,23085.0,2.0462,2.0462
2006-08-29,HO0611,2.0475,2.066,2.03,2.035,5161.0,,取暖油0611,23909.0,2.035,2.035
2006-08-30,HO0611,2.05,2.061,2.015,2.05,5939.0,,取暖油0611,25572.0,2.05,2.05
2006-08-31,HO0611,2.057,2.07,2.04,2.0676,7751.0,,取暖油0611,26912.0,2.0676,2.0676
2006-09-01,HO0611,2.0611,2.067,2.02,2.0239,6074.0,,取暖油0611,27724.0,2.0239,2.0239
2006-09-05,HO0611,2.001,2.025,1.9939,1.9962,5501.0,,取暖油0611,29571.0,1.9962,1.9962
2006-09-06,HO0611,1.9965,2.002,1.9676,1.9698,7336.0,,取暖油0611,30520.0,1.9698,1.9698
2006-09-07,HO0611,1.9715,1.9764,1.935,1.9484,11481.0,,取暖油0611,31677.0,1.9484,1.9484
2006-09-08,HO0611,1.9465,1.9525,1.898,1.9078,15782.0,,取暖油0611,33703.0,1.9078,1.9078
2006-09-11,HO0611,1.9,1.9,1.868,1.8714,13740.0,,取暖油0611,37960.0,1.8714,1.8714
2006-09-12,HO0611,1.8715,1.8965,1.8075,1.8133,22138.0,,取暖油0611,42857.0,1.8133,1.8133
2006-09-13,HO0611,1.825,1.838,1.7895,1.8091,19174.0,,取暖油0611,48088.0,1.8091,1.8091
2006-09-14,HO0611,1.8136,1.8264,1.77,1.7871,26927.0,,取暖油0611,51320.0,1.7871,1.7871
2006-09-15,HO0611,1.785,1.79,1.757,1.7717,16948.0,,取暖油0611,58658.0,1.7717,1.7717
2006-09-18,HO0611,1.779,1.803,1.7643,1.7867,24183.0,,取暖油0611,60372.0,1.7867,1.7867
2006-09-19,HO0611,1.7885,1.818,1.745,1.7491,20053.0,,取暖油0611,62941.0,1.7491,1.7491
2006-09-20,HO0611,1.752,1.7527,1.7,1.7011,21330.0,,取暖油0611,64641.0,1.7011,1.7011
2006-09-21,HO0611,1.704,1.729,1.7,1.7243,16021.0,,取暖油0611,67725.0,1.7243,1.7243
2006-09-22,HO0611,1.73,1.7395,1.6805,1.6929,25306.0,,取暖油0611,68825.0,1.6929,1.6929
2006-09-25,HO0611,1.689,1.729,1.67,1.7064,20338.0,,取暖油0611,71319.0,1.7064,1.7064
2006-09-26,HO0611,1.708,1.7265,1.685,1.7,30405.0,,取暖油0611,72498.0,1.7,1.7
2006-09-27,HO0611,1.6975,1.7615,1.68,1.757,35807.0,,取暖油0611,76823.0,1.757,1.757
2006-09-28,HO0611,1.7568,1.7915,1.744,1.7589,32723.0,,取暖油0611,81692.0,1.7589,1.7589
2006-09-29,HO0611,1.7515,1.77,1.713,1.7535,36406.0,,取暖油0611,83615.0,1.7535,1.7535
2006-10-02,HO0611,1.759,1.769,1.6954,1.7018,26186.0,,取暖油0611,83353.0,1.7018,1.7018
2006-10-03,HO0611,1.6978,1.7025,1.645,1.6539,28868.0,,取暖油0611,82583.0,1.6539,1.6539
2006-10-04,HO0611,1.652,1.68,1.636,1.677,22355.0,,取暖油0611,82457.0,1.677,1.677
2006-10-05,HO0611,1.684,1.725,1.67,1.692,30432.0,,取暖油0611,80253.0,1.692,1.692
2006-10-06,HO0611,1.6905,1.703,1.661,1.694,30549.0,,取暖油0611,77663.0,1.694,1.694
2006-10-09,HO0611,1.7035,1.765,1.699,1.7297,38247.0,,取暖油0611,71344.0,1.7297,1.7297
2006-10-10,HO0611,1.722,1.74,1.6788,1.6809,36296.0,,取暖油0611,60985.0,1.6809,1.6809
2006-10-11,HO0611,1.6848,1.705,1.6666,1.672,35149.0,,取暖油0611,55813.0,1.672,1.672
2006-10-12,HO0611,1.669,1.705,1.6637,1.6877,38585.0,,取暖油0611,50658.0,1.6877,1.6877
2006-10-13,HO0611,1.7,1.744,1.6925,1.7178,27724.0,,取暖油0611,42954.0,1.7178,1.7178
2006-10-16,HO0611,1.7309,1.7631,1.709,1.7565,23322.0,,取暖油0611,38998.0,1.7565,1.7565
2006-10-17,HO0611,1.7625,1.785,1.7274,1.7338,26661.0,,取暖油0611,37053.0,1.7338,1.7338
2006-10-18,HO0611,1.7423,1.768,1.6877,1.6959,31005.0,,取暖油0611,32426.0,1.6959,1.6959
2006-10-19,HO0611,1.7025,1.725,1.668,1.7201,22890.0,,取暖油0611,29748.0,1.7201,1.7201
2006-10-20,HO0611,1.7165,1.7328,1.672,1.68,20501.0,,取暖油0611,27819.0,1.68,1.68
2006-10-23,HO0611,1.6814,1.685,1.653,1.669,20736.0,,取暖油0611,25280.0,1.669,1.669
2006-10-24,HO0611,1.6755,1.7095,1.6659,1.6952,21826.0,,取暖油0611,22559.0,1.6952,1.6952
2006-10-25,HO0611,1.6955,1.743,1.6955,1.739,20428.0,,取暖油0611,17055.0,1.739,1.739
2006-10-26,HO0611,1.74,1.7471,1.6935,1.7,14294.0,,取暖油0611,14597.0,1.7,1.7
2006-10-27,HO0611,1.6994,1.7062,1.679,1.6944,13807.0,,取暖油0611,13856.0,1.6944,1.6944
2006-10-30,HO0611,1.6985,1.6985,1.6,1.6015,1542.0,,取暖油0611,11605.0,1.6015,1.6015
2006-10-31,HO0611,1.6025,1.605,1.57,1.5869,10042.0,,取暖油0611,,1.5869,1.5869
