date,symbol,open,high,low,close,volume,amount,name,openinterest,settleprice,price
2004-07-01,HO0601,0.0,0.0,0.0,0.9675,,,取暖油0601,,0.9675,0.9675
2004-07-02,HO0601,0.0,0.0,0.0,0.9583,,,取暖油0601,,0.9583,0.9583
2004-07-06,HO0601,0.0,0.0,0.0,0.9732,,,取暖油0601,,0.9732,0.9732
2004-07-07,HO0601,0.973,0.9752,0.973,0.9752,2.0,,取暖油0601,,0.9752,0.9752
2004-07-08,HO0601,0.0,0.0,0.0,0.9871,,,取暖油0601,2.0,0.9871,0.9871
2004-07-09,HO0601,0.987,0.987,0.976,0.976,52.0,,取暖油0601,2.0,0.976,0.976
2004-07-12,HO0601,0.0,0.0,0.0,0.9669,,,取暖油0601,2.0,0.9669,0.9669
2004-07-13,HO0601,0.0,0.0,0.0,0.9748,,,取暖油0601,54.0,0.9748,0.9748
2004-07-14,HO0601,0.0,0.0,0.0,0.9947,,,取暖油0601,61.0,0.9947,0.9947
2004-07-15,HO0601,0.0,0.0,0.0,0.9947,,,取暖油0601,61.0,0.9947,0.9947
2004-07-16,HO0601,0.0,0.0,0.0,0.9987,,,取暖油0601,61.0,0.9987,0.9987
2004-07-19,HO0601,0.0,0.0,0.0,1.0055,,,取暖油0601,61.0,1.0055,1.0055
2004-07-20,HO0601,1.0055,1.0055,0.9898,0.9898,1.0,,取暖油0601,61.0,0.9898,0.9898
2004-07-21,HO0601,0.0,0.0,0.0,0.9962,,,取暖油0601,61.0,0.9962,0.9962
2004-07-22,HO0601,0.0,0.0,0.0,1.0182,176.0,,取暖油0601,62.0,1.0182,1.0182
2004-07-23,HO0601,1.044,1.044,1.0237,1.0237,9.0,,取暖油0601,62.0,1.0237,1.0237
2004-07-26,HO0601,1.023,1.023,1.0153,1.0153,1.0,,取暖油0601,238.0,1.0153,1.0153
2004-07-27,HO0601,1.0313,1.0313,1.0261,1.0261,1.0,,取暖油0601,247.0,1.0261,1.0261
2004-07-28,HO0601,0.0,0.0,0.0,1.0461,70.0,,取暖油0601,247.0,1.0461,1.0461
2004-07-29,HO0601,1.037,1.0412,1.037,1.0412,5.0,,取暖油0601,248.0,1.0412,1.0412
2004-07-30,HO0601,0.0,0.0,0.0,1.0558,,,取暖油0601,297.0,1.0558,1.0558
2004-08-02,HO0601,0.0,0.0,0.0,1.0552,2.0,,取暖油0601,297.0,1.0552,1.0552
2004-08-03,HO0601,0.0,0.0,0.0,1.0655,,,取暖油0601,297.0,1.0655,1.0655
2004-08-04,HO0601,1.059,1.0655,1.0479,1.0479,135.0,,取暖油0601,297.0,1.0479,1.0479
2004-08-05,HO0601,0.0,0.0,0.0,1.0737,,,取暖油0601,297.0,1.0737,1.0737
2004-08-06,HO0601,1.07,1.07,1.0643,1.0643,6.0,,取暖油0601,390.0,1.0643,1.0643
2004-08-09,HO0601,0.0,0.0,0.0,1.0766,3.0,,取暖油0601,390.0,1.0766,1.0766
2004-08-10,HO0601,1.073,1.073,1.0692,1.0692,1.0,,取暖油0601,392.0,1.0692,1.0692
2004-08-11,HO0601,1.064,1.0783,1.064,1.0783,1.0,,取暖油0601,392.0,1.0783,1.0783
2004-08-12,HO0601,0.0,0.0,0.0,1.0901,,,取暖油0601,393.0,1.0901,1.0901
2004-08-13,HO0601,1.1055,1.1055,1.1032,1.1032,4.0,,取暖油0601,394.0,1.1032,1.1032
2004-08-16,HO0601,0.0,0.0,0.0,1.1066,,,取暖油0601,394.0,1.1066,1.1066
2004-08-17,HO0601,0.0,0.0,0.0,1.1126,58.0,,取暖油0601,395.0,1.1126,1.1126
2004-08-18,HO0601,0.0,0.0,0.0,1.1174,,,取暖油0601,395.0,1.1174,1.1174
2004-08-19,HO0601,0.0,0.0,0.0,1.1425,350.0,,取暖油0601,337.0,1.1425,1.1425
2004-08-20,HO0601,1.1525,1.1525,1.1182,1.1182,3.0,,取暖油0601,337.0,1.1182,1.1182
2004-08-23,HO0601,0.0,0.0,0.0,1.1108,10.0,,取暖油0601,505.0,1.1108,1.1108
2004-08-24,HO0601,1.099,1.1031,1.099,1.1031,2.0,,取暖油0601,508.0,1.1031,1.1031
2004-08-25,HO0601,0.0,0.0,0.0,1.0615,,,取暖油0601,518.0,1.0615,1.0615
2004-08-26,HO0601,0.0,0.0,0.0,1.0603,1.0,,取暖油0601,520.0,1.0603,1.0603
2004-08-27,HO0601,1.0613,1.0624,1.0613,1.0624,12.0,,取暖油0601,520.0,1.0624,1.0624
2004-08-30,HO0601,1.039,1.0444,1.039,1.0444,136.0,,取暖油0601,521.0,1.0444,1.0444
2004-08-31,HO0601,0.0,0.0,0.0,1.0465,,,取暖油0601,525.0,1.0465,1.0465
2004-09-01,HO0601,0.0,0.0,0.0,1.0895,110.0,,取暖油0601,561.0,1.0895,1.0895
2004-09-02,HO0601,0.0,0.0,0.0,1.0892,,,取暖油0601,561.0,1.0892,1.0892
2004-09-03,HO0601,0.0,0.0,0.0,1.0849,,,取暖油0601,561.0,1.0849,1.0849
2004-09-07,HO0601,0.0,0.0,0.0,1.076,,,取暖油0601,561.0,1.076,1.076
2004-09-08,HO0601,1.078,1.078,1.0691,1.0691,51.0,,取暖油0601,561.0,1.0691,1.0691
2004-09-09,HO0601,0.0,0.0,0.0,1.1055,100.0,,取暖油0601,561.0,1.1055,1.1055
2004-09-10,HO0601,0.0,0.0,0.0,1.0524,25.0,,取暖油0601,611.0,1.0524,1.0524
2004-09-13,HO0601,0.0,0.0,0.0,1.0807,,,取暖油0601,611.0,1.0807,1.0807
2004-09-14,HO0601,0.0,0.0,0.0,1.0885,,,取暖油0601,630.0,1.0885,1.0885
2004-09-15,HO0601,0.0,0.0,0.0,1.0697,,,取暖油0601,630.0,1.0697,1.0697
2004-09-16,HO0601,1.0645,1.0911,1.0645,1.0911,2.0,,取暖油0601,630.0,1.0911,1.0911
2004-09-17,HO0601,0.0,0.0,0.0,1.1046,100.0,,取暖油0601,630.0,1.1046,1.1046
2004-09-20,HO0601,0.0,0.0,0.0,1.1114,,,取暖油0601,631.0,1.1114,1.1114
2004-09-21,HO0601,0.0,0.0,0.0,1.125,19.0,,取暖油0601,631.0,1.125,1.125
2004-09-22,HO0601,0.0,0.0,0.0,1.1471,,,取暖油0601,631.0,1.1471,1.1471
2004-09-23,HO0601,0.0,0.0,0.0,1.1502,,,取暖油0601,612.0,1.1502,1.1502
2004-09-24,HO0601,0.0,0.0,0.0,1.1586,,,取暖油0601,612.0,1.1586,1.1586
2004-09-27,HO0601,0.0,0.0,0.0,1.1719,,,取暖油0601,612.0,1.1719,1.1719
2004-09-28,HO0601,0.0,0.0,0.0,1.1809,25.0,,取暖油0601,612.0,1.1809,1.1809
2004-09-29,HO0601,1.1805,1.1805,1.1786,1.1786,32.0,,取暖油0601,612.0,1.1786,1.1786
2004-09-30,HO0601,0.0,0.0,0.0,1.1796,,,取暖油0601,615.0,1.1796,1.1796
2004-10-01,HO0601,0.0,0.0,0.0,1.1896,,,取暖油0601,630.0,1.1896,1.1896
2004-10-04,HO0601,0.0,0.0,0.0,1.1855,50.0,,取暖油0601,630.0,1.1855,1.1855
2004-10-05,HO0601,0.0,0.0,0.0,1.2029,55.0,,取暖油0601,630.0,1.2029,1.2029
2004-10-06,HO0601,0.0,0.0,0.0,1.2193,2.0,,取暖油0601,638.0,1.2193,1.2193
2004-10-07,HO0601,0.0,0.0,0.0,1.2346,,,取暖油0601,649.0,1.2346,1.2346
2004-10-08,HO0601,0.0,0.0,0.0,1.2592,,,取暖油0601,651.0,1.2592,1.2592
2004-10-11,HO0601,0.0,0.0,0.0,1.272,,,取暖油0601,651.0,1.272,1.272
2004-10-12,HO0601,1.27,1.2795,1.2523,1.2523,3.0,,取暖油0601,651.0,1.2523,1.2523
2004-10-13,HO0601,0.0,0.0,0.0,1.281,,,取暖油0601,651.0,1.281,1.281
2004-10-14,HO0601,0.0,0.0,0.0,1.292,,,取暖油0601,652.0,1.292,1.292
2004-10-15,HO0601,0.0,0.0,0.0,1.2822,42.0,,取暖油0601,652.0,1.2822,1.2822
2004-10-18,HO0601,0.0,0.0,0.0,1.2565,1.0,,取暖油0601,652.0,1.2565,1.2565
2004-10-19,HO0601,0.0,0.0,0.0,1.2723,,,取暖油0601,637.0,1.2723,1.2723
2004-10-20,HO0601,1.3,1.3123,1.3,1.3123,1.0,,取暖油0601,629.0,1.3123,1.3123
2004-10-21,HO0601,0.0,0.0,0.0,1.3159,,,取暖油0601,629.0,1.3159,1.3159
2004-10-22,HO0601,1.335,1.335,1.3291,1.3291,2.0,,取暖油0601,630.0,1.3291,1.3291
2004-10-25,HO0601,1.3325,1.3325,1.3246,1.3246,37.0,,取暖油0601,630.0,1.3246,1.3246
2004-10-26,HO0601,1.3446,1.347,1.3446,1.3455,12.0,,取暖油0601,632.0,1.3455,1.3455
2004-10-27,HO0601,1.34,1.3425,1.3072,1.3072,3.0,,取暖油0601,644.0,1.3072,1.3072
2004-10-28,HO0601,1.3125,1.3125,1.2858,1.2858,70.0,,取暖油0601,655.0,1.2858,1.2858
2004-10-29,HO0601,1.287,1.3046,1.287,1.3046,118.0,,取暖油0601,658.0,1.3046,1.3046
2004-11-01,HO0601,0.0,0.0,0.0,1.2636,6.0,,取暖油0601,677.0,1.2636,1.2636
2004-11-02,HO0601,0.0,0.0,0.0,1.2603,,,取暖油0601,707.0,1.2603,1.2603
2004-11-03,HO0601,0.0,0.0,0.0,1.2787,,,取暖油0601,713.0,1.2787,1.2787
2004-11-04,HO0601,0.0,0.0,0.0,1.2388,,,取暖油0601,713.0,1.2388,1.2388
2004-11-05,HO0601,1.244,1.2561,1.244,1.2561,40.0,,取暖油0601,713.0,1.2561,1.2561
2004-11-08,HO0601,0.0,0.0,0.0,1.2503,,,取暖油0601,713.0,1.2503,1.2503
2004-11-09,HO0601,0.0,0.0,0.0,1.2252,11.0,,取暖油0601,713.0,1.2252,1.2252
2004-11-10,HO0601,0.0,0.0,0.0,1.2513,,,取暖油0601,703.0,1.2513,1.2513
2004-11-11,HO0601,0.0,0.0,0.0,1.2253,,,取暖油0601,714.0,1.2253,1.2253
2004-11-12,HO0601,0.0,0.0,0.0,1.2278,3.0,,取暖油0601,714.0,1.2278,1.2278
2004-11-15,HO0601,1.1975,1.2163,1.1975,1.2163,57.0,,取暖油0601,714.0,1.2163,1.2163
2004-11-16,HO0601,0.0,0.0,0.0,1.1982,,,取暖油0601,715.0,1.1982,1.1982
2004-11-17,HO0601,0.0,0.0,0.0,1.2239,50.0,,取暖油0601,730.0,1.2239,1.2239
2004-11-18,HO0601,0.0,0.0,0.0,1.2205,,,取暖油0601,730.0,1.2205,1.2205
2004-11-19,HO0601,0.0,0.0,0.0,1.255,1.0,,取暖油0601,732.0,1.255,1.255
2004-11-22,HO0601,0.0,0.0,0.0,1.2473,168.0,,取暖油0601,732.0,1.2473,1.2473
2004-11-23,HO0601,0.0,0.0,0.0,1.2559,9.0,,取暖油0601,733.0,1.2559,1.2559
2004-11-24,HO0601,0.0,0.0,0.0,1.2667,,,取暖油0601,759.0,1.2667,1.2667
2004-11-29,HO0601,0.0,0.0,0.0,1.2754,,,取暖油0601,769.0,1.2754,1.2754
2004-11-30,HO0601,0.0,0.0,0.0,1.2648,129.0,,取暖油0601,769.0,1.2648,1.2648
2004-12-01,HO0601,0.0,0.0,0.0,1.2136,104.0,,取暖油0601,769.0,1.2136,1.2136
2004-12-02,HO0601,1.189,1.189,1.1605,1.1605,134.0,,取暖油0601,769.0,1.1605,1.1605
2004-12-03,HO0601,1.1705,1.1705,1.1459,1.1459,154.0,,取暖油0601,1009.0,1.1459,1.1459
2004-12-06,HO0601,1.171,1.171,1.1573,1.1573,10.0,,取暖油0601,1052.0,1.1573,1.1573
2004-12-07,HO0601,1.15,1.152,1.1427,1.1427,10.0,,取暖油0601,1139.0,1.1427,1.1427
2004-12-08,HO0601,1.1425,1.165,1.1425,1.1534,11.0,,取暖油0601,1152.0,1.1534,1.1534
2004-12-09,HO0601,1.1534,1.1825,1.1534,1.1678,57.0,,取暖油0601,1146.0,1.1678,1.1678
2004-12-10,HO0601,0.0,0.0,0.0,1.1271,4.0,,取暖油0601,1154.0,1.1271,1.1271
2004-12-13,HO0601,1.1446,1.152,1.1446,1.1479,6.0,,取暖油0601,1193.0,1.1479,1.1479
2004-12-14,HO0601,1.158,1.1611,1.158,1.1611,99.0,,取暖油0601,1195.0,1.1611,1.1611
2004-12-15,HO0601,1.21,1.2125,1.2081,1.2081,63.0,,取暖油0601,1199.0,1.2081,1.2081
2004-12-16,HO0601,1.208,1.208,1.1896,1.1896,1.0,,取暖油0601,1295.0,1.1896,1.1896
2004-12-17,HO0601,1.225,1.2321,1.2196,1.2321,128.0,,取暖油0601,1324.0,1.2321,1.2321
2004-12-20,HO0601,0.0,0.0,0.0,1.2156,,,取暖油0601,1324.0,1.2156,1.2156
2004-12-21,HO0601,0.0,0.0,0.0,1.2157,12.0,,取暖油0601,1429.0,1.2157,1.2157
2004-12-22,HO0601,0.0,0.0,0.0,1.1897,24.0,,取暖油0601,1429.0,1.1897,1.1897
2004-12-23,HO0601,0.0,0.0,0.0,1.1804,25.0,,取暖油0601,1441.0,1.1804,1.1804
2004-12-27,HO0601,1.1475,1.1475,1.1212,1.1212,22.0,,取暖油0601,1439.0,1.1212,1.1212
2004-12-28,HO0601,1.1485,1.1535,1.1363,1.1363,21.0,,取暖油0601,1440.0,1.1363,1.1363
2004-12-29,HO0601,0.0,0.0,0.0,1.1778,4.0,,取暖油0601,1450.0,1.1778,1.1778
2004-12-30,HO0601,1.1578,1.1661,1.1578,1.1661,6.0,,取暖油0601,1467.0,1.1661,1.1661
2005-01-03,HO0601,1.1485,1.1485,1.146,1.146,2.0,,取暖油0601,1471.0,1.146,1.146
2005-01-04,HO0601,1.156,1.1831,1.149,1.1831,5.0,,取暖油0601,1477.0,1.1831,1.1831
2005-01-05,HO0601,1.17,1.1703,1.17,1.1703,6.0,,取暖油0601,1479.0,1.1703,1.1703
2005-01-06,HO0601,0.0,0.0,0.0,1.2058,2.0,,取暖油0601,1482.0,1.2058,1.2058
2005-01-07,HO0601,0.0,0.0,0.0,1.1962,,,取暖油0601,1486.0,1.1962,1.1962
2005-01-10,HO0601,1.23,1.23,1.1869,1.1869,27.0,,取暖油0601,1486.0,1.1869,1.1869
2005-01-11,HO0601,1.205,1.2066,1.205,1.2066,4.0,,取暖油0601,1486.0,1.2066,1.2066
2005-01-12,HO0601,1.2025,1.2247,1.2025,1.2247,355.0,,取暖油0601,1513.0,1.2247,1.2247
2005-01-13,HO0601,0.0,0.0,0.0,1.2489,,,取暖油0601,1492.0,1.2489,1.2489
2005-01-14,HO0601,1.2485,1.2577,1.2485,1.2577,2.0,,取暖油0601,1731.0,1.2577,1.2577
2005-01-18,HO0601,1.28,1.28,1.2588,1.2588,69.0,,取暖油0601,1731.0,1.2588,1.2588
2005-01-19,HO0601,0.0,0.0,0.0,1.2598,,,取暖油0601,1683.0,1.2598,1.2598
2005-01-20,HO0601,1.26,1.26,1.2536,1.2536,2.0,,取暖油0601,1716.0,1.2536,1.2536
2005-01-21,HO0601,1.295,1.295,1.2865,1.2865,107.0,,取暖油0601,1716.0,1.2865,1.2865
2005-01-24,HO0601,1.29,1.2995,1.29,1.2995,1.0,,取暖油0601,1718.0,1.2995,1.2995
2005-01-25,HO0601,0.0,0.0,0.0,1.3203,,,取暖油0601,1619.0,1.3203,1.3203
2005-01-26,HO0601,1.315,1.315,1.3064,1.3064,109.0,,取暖油0601,1619.0,1.3064,1.3064
2005-01-27,HO0601,1.3075,1.32,1.3075,1.3148,2.0,,取暖油0601,1619.0,1.3148,1.3148
2005-01-28,HO0601,1.2775,1.2775,1.2727,1.2727,57.0,,取暖油0601,1662.0,1.2727,1.2727
2005-01-31,HO0601,1.252,1.3066,1.252,1.3066,102.0,,取暖油0601,1663.0,1.3066,1.3066
2005-02-01,HO0601,0.0,0.0,0.0,1.2824,100.0,,取暖油0601,1719.0,1.2824,1.2824
2005-02-02,HO0601,1.284,1.284,1.2747,1.2747,111.0,,取暖油0601,1819.0,1.2747,1.2747
2005-02-03,HO0601,0.0,0.0,0.0,1.2674,276.0,,取暖油0601,1819.0,1.2674,1.2674
2005-02-04,HO0601,1.2745,1.2745,1.2605,1.2605,227.0,,取暖油0601,1921.0,1.2605,1.2605
2005-02-07,HO0601,1.25,1.25,1.2455,1.2475,155.0,,取暖油0601,1922.0,1.2475,1.2475
2005-02-08,HO0601,1.254,1.2572,1.253,1.2572,150.0,,取暖油0601,2031.0,1.2572,1.2572
2005-02-09,HO0601,1.2565,1.2614,1.2565,1.2614,54.0,,取暖油0601,2171.0,1.2614,1.2614
2005-02-10,HO0601,1.2875,1.29,1.2875,1.2889,192.0,,取暖油0601,2261.0,1.2889,1.2889
2005-02-11,HO0601,1.296,1.296,1.2834,1.2834,137.0,,取暖油0601,2277.0,1.2834,1.2834
2005-02-14,HO0601,1.275,1.2805,1.275,1.2805,179.0,,取暖油0601,2356.0,1.2805,1.2805
2005-02-15,HO0601,1.285,1.287,1.285,1.287,101.0,,取暖油0601,2354.0,1.287,1.287
2005-02-16,HO0601,1.3065,1.3215,1.3065,1.3215,2.0,,取暖油0601,2386.0,1.3215,1.3215
2005-02-17,HO0601,1.3215,1.329,1.3009,1.3009,198.0,,取暖油0601,2386.0,1.3009,1.3009
2005-02-18,HO0601,1.312,1.3184,1.312,1.3184,3.0,,取暖油0601,2386.0,1.3184,1.3184
2005-02-22,HO0601,1.375,1.3815,1.375,1.3815,433.0,,取暖油0601,2423.0,1.3815,1.3815
2005-02-23,HO0601,1.384,1.3911,1.384,1.3911,538.0,,取暖油0601,2426.0,1.3911,1.3911
2005-02-24,HO0601,1.3975,1.3976,1.3975,1.3976,85.0,,取暖油0601,2728.0,1.3976,1.3976
2005-02-25,HO0601,1.396,1.3966,1.396,1.3966,18.0,,取暖油0601,3034.0,1.3966,1.3966
2005-02-28,HO0601,1.4025,1.4117,1.4025,1.4117,189.0,,取暖油0601,3008.0,1.4117,1.4117
2005-03-01,HO0601,1.405,1.4243,1.405,1.4243,1.0,,取暖油0601,2989.0,1.4243,1.4243
2005-03-02,HO0601,1.4375,1.4592,1.4375,1.4592,130.0,,取暖油0601,2992.0,1.4592,1.4592
2005-03-03,HO0601,1.465,1.4895,1.4642,1.4642,79.0,,取暖油0601,3000.0,1.4642,1.4642
2005-03-04,HO0601,1.464,1.4699,1.464,1.4699,62.0,,取暖油0601,3126.0,1.4699,1.4699
2005-03-07,HO0601,1.466,1.4824,1.465,1.4824,229.0,,取暖油0601,3126.0,1.4824,1.4824
2005-03-08,HO0601,1.49,1.5101,1.49,1.5101,111.0,,取暖油0601,3147.0,1.5101,1.5101
2005-03-09,HO0601,1.5087,1.5295,1.5087,1.515,447.0,,取暖油0601,3226.0,1.515,1.515
2005-03-10,HO0601,1.51,1.5125,1.4925,1.5019,140.0,,取暖油0601,3232.0,1.5019,1.5019
2005-03-11,HO0601,1.4986,1.528,1.4884,1.5197,518.0,,取暖油0601,3598.0,1.5197,1.5197
2005-03-14,HO0601,1.507,1.5282,1.507,1.5282,551.0,,取暖油0601,3651.0,1.5282,1.5282
2005-03-15,HO0601,1.5335,1.544,1.5335,1.5388,1284.0,,取暖油0601,3578.0,1.5388,1.5388
2005-03-16,HO0601,1.5276,1.5777,1.5276,1.5777,127.0,,取暖油0601,3696.0,1.5777,1.5777
2005-03-17,HO0601,1.603,1.603,1.594,1.5958,463.0,,取暖油0601,4440.0,1.5958,1.5958
2005-03-18,HO0601,1.597,1.615,1.5959,1.5959,84.0,,取暖油0601,4495.0,1.5959,1.5959
2005-03-21,HO0601,1.597,1.609,1.597,1.6075,317.0,,取暖油0601,4737.0,1.6075,1.6075
2005-03-22,HO0601,1.605,1.6195,1.5882,1.5882,245.0,,取暖油0601,4847.0,1.5882,1.5882
2005-03-23,HO0601,1.579,1.585,1.565,1.5772,580.0,,取暖油0601,5030.0,1.5772,1.5772
2005-03-24,HO0601,1.59,1.59,1.5851,1.5851,232.0,,取暖油0601,5357.0,1.5851,1.5851
2005-03-28,HO0601,1.5785,1.5785,1.553,1.553,7.0,,取暖油0601,5407.0,1.553,1.553
2005-03-29,HO0601,1.565,1.565,1.553,1.5598,298.0,,取暖油0601,5413.0,1.5598,1.5598
2005-03-30,HO0601,1.5638,1.6027,1.555,1.6027,1138.0,,取暖油0601,5616.0,1.6027,1.6027
2005-03-31,HO0601,1.6223,1.68,1.6223,1.6596,1273.0,,取暖油0601,5098.0,1.6596,1.6596
2005-04-01,HO0601,1.683,1.718,1.68,1.718,301.0,,取暖油0601,5841.0,1.718,1.718
2005-04-04,HO0601,1.748,1.748,1.7099,1.7099,1321.0,,取暖油0601,5896.0,1.7099,1.7099
2005-04-05,HO0601,1.722,1.722,1.6919,1.6919,79.0,,取暖油0601,6330.0,1.6919,1.6919
2005-04-06,HO0601,1.683,1.687,1.663,1.663,1294.0,,取暖油0601,6377.0,1.663,1.663
2005-04-07,HO0601,1.669,1.683,1.61,1.6162,1133.0,,取暖油0601,6677.0,1.6162,1.6162
2005-04-08,HO0601,1.608,1.608,1.5775,1.5922,1843.0,,取暖油0601,7404.0,1.5922,1.5922
2005-04-11,HO0601,1.5795,1.5854,1.5625,1.5854,863.0,,取暖油0601,6926.0,1.5854,1.5854
2005-04-12,HO0601,1.59,1.59,1.5624,1.5624,1284.0,,取暖油0601,7327.0,1.5624,1.5624
2005-04-13,HO0601,1.555,1.559,1.54,1.5408,580.0,,取暖油0601,6774.0,1.5408,1.5408
2005-04-14,HO0601,1.5495,1.58,1.549,1.5701,669.0,,取暖油0601,6801.0,1.5701,1.5701
2005-04-15,HO0601,1.5701,1.5701,1.545,1.5463,626.0,,取暖油0601,6908.0,1.5463,1.5463
2005-04-18,HO0601,1.5463,1.5575,1.52,1.532,280.0,,取暖油0601,7311.0,1.532,1.532
2005-04-19,HO0601,1.536,1.585,1.536,1.581,94.0,,取暖油0601,7314.0,1.581,1.581
2005-04-20,HO0601,1.581,1.6039,1.58,1.6039,117.0,,取暖油0601,7318.0,1.6039,1.6039
2005-04-21,HO0601,1.595,1.625,1.595,1.625,50.0,,取暖油0601,7384.0,1.625,1.625
2005-04-22,HO0601,1.625,1.644,1.625,1.6396,665.0,,取暖油0601,7395.0,1.6396,1.6396
2005-04-25,HO0601,1.65,1.65,1.6231,1.6231,465.0,,取暖油0601,7983.0,1.6231,1.6231
2005-04-26,HO0601,1.6092,1.62,1.607,1.6139,1215.0,,取暖油0601,8206.0,1.6139,1.6139
2005-04-27,HO0601,1.6139,1.6139,1.5686,1.5686,827.0,,取暖油0601,8376.0,1.5686,1.5686
2005-04-28,HO0601,1.571,1.583,1.53,1.5828,513.0,,取暖油0601,8682.0,1.5828,1.5828
2005-04-29,HO0601,1.5853,1.5853,1.526,1.5269,325.0,,取暖油0601,8956.0,1.5269,1.5269
2005-05-02,HO0601,1.5175,1.5652,1.5175,1.5652,937.0,,取暖油0601,9127.0,1.5652,1.5652
2005-05-03,HO0601,1.555,1.56,1.5278,1.5278,1874.0,,取暖油0601,9241.0,1.5278,1.5278
2005-05-04,HO0601,1.5278,1.559,1.5245,1.5451,192.0,,取暖油0601,9179.0,1.5451,1.5451
2005-05-05,HO0601,1.551,1.551,1.524,1.5365,615.0,,取暖油0601,9199.0,1.5365,1.5365
2005-05-06,HO0601,1.541,1.5515,1.51,1.5306,611.0,,取暖油0601,9350.0,1.5306,1.5306
2005-05-09,HO0601,1.5296,1.5375,1.5175,1.5375,846.0,,取暖油0601,9405.0,1.5375,1.5375
2005-05-10,HO0601,1.5375,1.575,1.5375,1.5419,858.0,,取暖油0601,9136.0,1.5419,1.5419
2005-05-11,HO0601,1.5405,1.541,1.496,1.5041,1402.0,,取暖油0601,8945.0,1.5041,1.5041
2005-05-12,HO0601,1.505,1.51,1.483,1.4863,1027.0,,取暖油0601,9525.0,1.4863,1.4863
2005-05-13,HO0601,1.489,1.49,1.467,1.4738,1741.0,,取暖油0601,9898.0,1.4738,1.4738
2005-05-16,HO0601,1.4625,1.4625,1.4435,1.4549,1072.0,,取暖油0601,10337.0,1.4549,1.4549
2005-05-17,HO0601,1.4595,1.475,1.45,1.4723,1042.0,,取暖油0601,10352.0,1.4723,1.4723
2005-05-18,HO0601,1.474,1.481,1.4534,1.4534,941.0,,取暖油0601,10576.0,1.4534,1.4534
2005-05-19,HO0601,1.4515,1.5025,1.4501,1.468,1335.0,,取暖油0601,10751.0,1.468,1.468
2005-05-20,HO0601,1.466,1.488,1.4565,1.4601,371.0,,取暖油0601,11425.0,1.4601,1.4601
2005-05-23,HO0601,1.4601,1.472,1.4501,1.4646,171.0,,取暖油0601,11372.0,1.4646,1.4646
2005-05-24,HO0601,1.4665,1.483,1.4665,1.4829,710.0,,取暖油0601,11481.0,1.4829,1.4829
2005-05-25,HO0601,1.4845,1.533,1.482,1.5173,782.0,,取暖油0601,11591.0,1.5173,1.5173
2005-05-26,HO0601,1.5155,1.54,1.514,1.5279,639.0,,取暖油0601,11883.0,1.5279,1.5279
2005-05-27,HO0601,1.53,1.535,1.5264,1.5264,491.0,,取暖油0601,11989.0,1.5264,1.5264
2005-05-31,HO0601,1.5295,1.542,1.517,1.5315,268.0,,取暖油0601,11939.0,1.5315,1.5315
2005-06-01,HO0601,1.5418,1.621,1.5418,1.6154,2610.0,,取暖油0601,12076.0,1.6154,1.6154
2005-06-02,HO0601,1.6271,1.66,1.611,1.6191,1446.0,,取暖油0601,11405.0,1.6191,1.6191
2005-06-03,HO0601,1.6322,1.6777,1.6322,1.6777,1272.0,,取暖油0601,12007.0,1.6777,1.6777
2005-06-06,HO0601,1.682,1.6973,1.6775,1.6973,1180.0,,取暖油0601,12215.0,1.6973,1.6973
2005-06-07,HO0601,1.6925,1.7075,1.689,1.6907,745.0,,取暖油0601,12128.0,1.6907,1.6907
2005-06-08,HO0601,1.6738,1.694,1.64,1.6434,1064.0,,取暖油0601,12267.0,1.6434,1.6434
2005-06-09,HO0601,1.658,1.72,1.658,1.7139,734.0,,取暖油0601,12722.0,1.7139,1.7139
2005-06-10,HO0601,1.704,1.72,1.6943,1.6943,675.0,,取暖油0601,12717.0,1.6943,1.6943
2005-06-13,HO0601,1.6955,1.7524,1.6955,1.7524,281.0,,取暖油0601,12999.0,1.7524,1.7524
2005-06-14,HO0601,1.75,1.7705,1.7297,1.7297,675.0,,取暖油0601,13143.0,1.7297,1.7297
2005-06-15,HO0601,1.731,1.755,1.713,1.7196,1357.0,,取暖油0601,13214.0,1.7196,1.7196
2005-06-16,HO0601,1.7196,1.731,1.7075,1.728,1738.0,,取暖油0601,13497.0,1.728,1.728
2005-06-17,HO0601,1.749,1.76,1.744,1.7531,812.0,,取暖油0601,13576.0,1.7531,1.7531
2005-06-20,HO0601,1.7695,1.772,1.755,1.7641,813.0,,取暖油0601,13764.0,1.7641,1.7641
2005-06-21,HO0601,1.764,1.7643,1.7382,1.7382,1943.0,,取暖油0601,13826.0,1.7382,1.7382
2005-06-22,HO0601,1.7364,1.766,1.722,1.7317,1414.0,,取暖油0601,13584.0,1.7317,1.7317
2005-06-23,HO0601,1.738,1.786,1.734,1.7797,1257.0,,取暖油0601,13866.0,1.7797,1.7797
2005-06-24,HO0601,1.78,1.7879,1.7641,1.7641,441.0,,取暖油0601,14369.0,1.7641,1.7641
2005-06-27,HO0601,1.7819,1.8,1.7819,1.793,1184.0,,取暖油0601,14489.0,1.793,1.793
2005-06-28,HO0601,1.793,1.794,1.7444,1.7444,1105.0,,取暖油0601,14782.0,1.7444,1.7444
2005-06-29,HO0601,1.744,1.7495,1.72,1.7369,2732.0,,取暖油0601,14722.0,1.7369,1.7369
2005-06-30,HO0601,1.7405,1.794,1.7369,1.7511,2734.0,,取暖油0601,14497.0,1.7511,1.7511
2005-07-01,HO0601,1.7575,1.825,1.7575,1.8212,1082.0,,取暖油0601,14777.0,1.8212,1.8212
2005-07-05,HO0601,1.845,1.877,1.845,1.8488,931.0,,取暖油0601,14424.0,1.8488,1.8488
2005-07-06,HO0601,1.8875,1.904,1.885,1.9021,1010.0,,取暖油0601,14169.0,1.9021,1.9021
2005-07-07,HO0601,1.9078,1.92,1.8325,1.8874,1001.0,,取暖油0601,14351.0,1.8874,1.8874
2005-07-08,HO0601,1.8805,1.905,1.8371,1.8371,1947.0,,取暖油0601,14361.0,1.8371,1.8371
2005-07-11,HO0601,1.83,1.83,1.792,1.808,2078.0,,取暖油0601,14197.0,1.808,1.808
2005-07-12,HO0601,1.8145,1.874,1.8026,1.8733,1599.0,,取暖油0601,14294.0,1.8733,1.8733
2005-07-13,HO0601,1.8714,1.874,1.8305,1.8433,1792.0,,取暖油0601,14158.0,1.8433,1.8433
2005-07-14,HO0601,1.8341,1.8383,1.76,1.7787,2480.0,,取暖油0601,14285.0,1.7787,1.7787
2005-07-15,HO0601,1.787,1.8175,1.77,1.781,1638.0,,取暖油0601,14039.0,1.781,1.781
2005-07-18,HO0601,1.76,1.767,1.753,1.7552,988.0,,取暖油0601,14321.0,1.7552,1.7552
2005-07-19,HO0601,1.7555,1.77,1.7509,1.7509,1840.0,,取暖油0601,14411.0,1.7509,1.7509
2005-07-20,HO0601,1.772,1.775,1.7312,1.7312,956.0,,取暖油0601,13886.0,1.7312,1.7312
2005-07-21,HO0601,1.74,1.7415,1.704,1.7153,852.0,,取暖油0601,14142.0,1.7153,1.7153
2005-07-22,HO0601,1.7153,1.7375,1.71,1.7323,327.0,,取暖油0601,14440.0,1.7323,1.7323
2005-07-25,HO0601,1.731,1.7498,1.715,1.7498,1145.0,,取暖油0601,14417.0,1.7498,1.7498
2005-07-26,HO0601,1.7483,1.786,1.743,1.7517,2011.0,,取暖油0601,14684.0,1.7517,1.7517
2005-07-27,HO0601,1.754,1.77,1.752,1.7617,688.0,,取暖油0601,14586.0,1.7617,1.7617
2005-07-28,HO0601,1.767,1.792,1.76,1.7856,1291.0,,取暖油0601,14622.0,1.7856,1.7856
2005-07-29,HO0601,1.7883,1.801,1.7875,1.7882,865.0,,取暖油0601,14420.0,1.7882,1.7882
2005-08-01,HO0601,1.8012,1.843,1.8012,1.8335,1175.0,,取暖油0601,14566.0,1.8335,1.8335
2005-08-02,HO0601,1.8337,1.848,1.8185,1.8463,1185.0,,取暖油0601,14869.0,1.8463,1.8463
2005-08-03,HO0601,1.8513,1.855,1.8129,1.8129,583.0,,取暖油0601,14547.0,1.8129,1.8129
2005-08-04,HO0601,1.81,1.841,1.81,1.8266,593.0,,取暖油0601,14523.0,1.8266,1.8266
2005-08-05,HO0601,1.844,1.8505,1.831,1.8505,394.0,,取暖油0601,14748.0,1.8505,1.8505
2005-08-08,HO0601,1.8616,1.9011,1.8605,1.9011,1208.0,,取暖油0601,14912.0,1.9011,1.9011
2005-08-09,HO0601,1.9095,1.9095,1.884,1.884,2852.0,,取暖油0601,15021.0,1.884,1.884
2005-08-10,HO0601,1.8844,1.9408,1.881,1.9408,1408.0,,取暖油0601,15019.0,1.9408,1.9408
2005-08-11,HO0601,1.9408,1.99,1.9219,1.9892,1507.0,,取暖油0601,14603.0,1.9892,1.9892
2005-08-12,HO0601,1.985,2.014,1.975,1.9896,3014.0,,取暖油0601,14436.0,1.9896,1.9896
2005-08-15,HO0601,1.9845,1.992,1.97,1.9746,1464.0,,取暖油0601,14493.0,1.9746,1.9746
2005-08-16,HO0601,1.9745,2.0,1.9683,1.9724,976.0,,取暖油0601,14501.0,1.9724,1.9724
2005-08-17,HO0601,1.9725,1.986,1.8899,1.8899,1715.0,,取暖油0601,14682.0,1.8899,1.8899
2005-08-18,HO0601,1.8975,1.92,1.87,1.8962,1223.0,,取暖油0601,14718.0,1.8962,1.8962
2005-08-19,HO0601,1.905,1.946,1.9047,1.9236,1627.0,,取暖油0601,14230.0,1.9236,1.9236
2005-08-22,HO0601,1.9235,1.957,1.91,1.9169,508.0,,取暖油0601,14569.0,1.9169,1.9169
2005-08-23,HO0601,1.917,1.935,1.907,1.9201,628.0,,取暖油0601,14759.0,1.9201,1.9201
2005-08-24,HO0601,1.9245,1.9749,1.9245,1.9749,2002.0,,取暖油0601,14884.0,1.9749,1.9749
2005-08-25,HO0601,1.9867,1.99,1.95,1.9828,976.0,,取暖油0601,15372.0,1.9828,1.9828
2005-08-26,HO0601,1.9775,1.987,1.9472,1.9472,1599.0,,取暖油0601,15108.0,1.9472,1.9472
2005-08-29,HO0601,2.044,2.079,1.97,1.9941,2372.0,,取暖油0601,15185.0,1.9941,1.9941
2005-08-30,HO0601,2.006,2.126,2.0036,2.126,4337.0,,取暖油0601,15154.0,2.126,2.126
2005-08-31,HO0601,2.1153,2.1455,2.075,2.1145,5046.0,,取暖油0601,15271.0,2.1145,2.1145
2005-09-01,HO0601,2.116,2.2254,2.107,2.2254,6277.0,,取暖油0601,14470.0,2.2254,2.2254
2005-09-02,HO0601,2.22,2.22,2.1,2.1304,5678.0,,取暖油0601,15245.0,2.1304,2.1304
2005-09-06,HO0601,2.088,2.144,2.0838,2.1076,2654.0,,取暖油0601,15045.0,2.1076,2.1076
2005-09-07,HO0601,2.089,2.125,2.02,2.028,2219.0,,取暖油0601,14934.0,2.028,2.028
2005-09-08,HO0601,2.035,2.0538,1.985,2.0134,2715.0,,取暖油0601,15491.0,2.0134,2.0134
2005-09-09,HO0601,2.0249,2.045,1.9875,1.9938,2326.0,,取暖油0601,15725.0,1.9938,1.9938
2005-09-12,HO0601,1.999,2.0021,1.9025,1.9183,2767.0,,取暖油0601,15716.0,1.9183,1.9183
2005-09-13,HO0601,1.9211,1.9525,1.9075,1.94,5019.0,,取暖油0601,15983.0,1.94,1.94
2005-09-14,HO0601,1.9415,2.0225,1.9355,2.018,3322.0,,取暖油0601,15268.0,2.018,2.018
2005-09-15,HO0601,2.024,2.0325,1.97,2.0125,5251.0,,取暖油0601,15752.0,2.0125,2.0125
2005-09-16,HO0601,2.0085,2.0085,1.946,1.946,6151.0,,取暖油0601,17203.0,1.946,1.946
2005-09-19,HO0601,1.9724,2.12,1.9724,2.1163,3951.0,,取暖油0601,17719.0,2.1163,2.1163
2005-09-20,HO0601,2.105,2.1154,2.0225,2.0918,2282.0,,取暖油0601,18319.0,2.0918,2.0918
2005-09-21,HO0601,2.0915,2.145,2.0765,2.103,2479.0,,取暖油0601,17416.0,2.103,2.103
2005-09-22,HO0601,2.105,2.148,2.08,2.1049,3241.0,,取暖油0601,17598.0,2.1049,2.1049
2005-09-23,HO0601,2.105,2.105,2.01,2.0327,4698.0,,取暖油0601,18170.0,2.0327,2.0327
2005-09-26,HO0601,1.9525,2.125,1.9525,2.1228,2045.0,,取暖油0601,18625.0,2.1228,2.1228
2005-09-27,HO0601,2.12,2.14,2.082,2.127,4741.0,,取暖油0601,18441.0,2.127,2.127
2005-09-28,HO0601,2.124,2.215,2.098,2.1956,5740.0,,取暖油0601,18890.0,2.1956,2.1956
2005-09-29,HO0601,2.1935,2.207,2.11,2.1845,4063.0,,取暖油0601,19436.0,2.1845,2.1845
2005-09-30,HO0601,2.1835,2.1835,2.11,2.1731,3621.0,,取暖油0601,19857.0,2.1731,2.1731
2005-10-03,HO0601,2.1775,2.1855,2.1075,2.1273,4509.0,,取暖油0601,19899.0,2.1273,2.1273
2005-10-04,HO0601,2.121,2.121,2.05,2.1054,5353.0,,取暖油0601,21208.0,2.1054,2.1054
2005-10-05,HO0601,2.1038,2.14,2.065,2.076,2747.0,,取暖油0601,21930.0,2.076,2.076
2005-10-06,HO0601,2.073,2.075,1.979,2.0134,4558.0,,取暖油0601,22229.0,2.0134,2.0134
2005-10-07,HO0601,2.02,2.0355,2.0025,2.0308,5377.0,,取暖油0601,22306.0,2.0308,2.0308
2005-10-10,HO0601,2.0294,2.0475,1.991,2.0435,4925.0,,取暖油0601,23677.0,2.0435,2.0435
2005-10-11,HO0601,2.044,2.0875,2.03,2.0825,6741.0,,取暖油0601,24910.0,2.0825,2.0825
2005-10-12,HO0601,2.092,2.097,2.0675,2.0877,4898.0,,取暖油0601,26350.0,2.0877,2.0877
2005-10-13,HO0601,2.084,2.0875,2.035,2.0677,7015.0,,取暖油0601,27139.0,2.0677,2.0677
2005-10-14,HO0601,2.0596,2.0596,1.98,2.0244,6323.0,,取暖油0601,28307.0,2.0244,2.0244
2005-10-17,HO0601,2.0435,2.073,2.0325,2.0541,3482.0,,取暖油0601,28642.0,2.0541,2.0541
2005-10-18,HO0601,2.0541,2.0541,1.99,1.9984,4394.0,,取暖油0601,28338.0,1.9984,1.9984
2005-10-19,HO0601,1.995,2.01,1.94,1.9746,5294.0,,取暖油0601,28884.0,1.9746,1.9746
2005-10-20,HO0601,1.9654,1.9735,1.9025,1.9251,6046.0,,取暖油0601,30247.0,1.9251,1.9251
2005-10-21,HO0601,1.9205,1.9353,1.89,1.9302,6583.0,,取暖油0601,30686.0,1.9302,1.9302
2005-10-24,HO0601,1.9125,1.9125,1.875,1.8811,10134.0,,取暖油0601,30399.0,1.8811,1.8811
2005-10-25,HO0601,1.884,1.975,1.8765,1.9656,7943.0,,取暖油0601,32153.0,1.9656,1.9656
2005-10-26,HO0601,1.9627,2.01,1.92,1.9316,7826.0,,取暖油0601,31611.0,1.9316,1.9316
2005-10-27,HO0601,1.9315,1.9625,1.915,1.9348,6382.0,,取暖油0601,32614.0,1.9348,1.9348
2005-10-28,HO0601,1.9345,1.9475,1.92,1.9344,4990.0,,取暖油0601,33236.0,1.9344,1.9344
2005-10-31,HO0601,1.9341,1.9341,1.86,1.8699,8921.0,,取暖油0601,34060.0,1.8699,1.8699
2005-11-01,HO0601,1.877,1.877,1.835,1.856,11593.0,,取暖油0601,35157.0,1.856,1.856
2005-11-02,HO0601,1.8575,1.8615,1.797,1.8279,12866.0,,取暖油0601,35765.0,1.8279,1.8279
2005-11-03,HO0601,1.8314,1.885,1.83,1.8836,7083.0,,取暖油0601,38696.0,1.8836,1.8836
2005-11-04,HO0601,1.885,1.89,1.835,1.8469,9277.0,,取暖油0601,39751.0,1.8469,1.8469
2005-11-07,HO0601,1.8195,1.842,1.797,1.8395,16844.0,,取暖油0601,40391.0,1.8395,1.8395
2005-11-08,HO0601,1.8375,1.8413,1.807,1.8326,17660.0,,取暖油0601,44333.0,1.8326,1.8326
2005-11-09,HO0601,1.8295,1.8825,1.815,1.8438,17908.0,,取暖油0601,49126.0,1.8438,1.8438
2005-11-10,HO0601,1.8355,1.841,1.785,1.8015,21224.0,,取暖油0601,53421.0,1.8015,1.8015
2005-11-11,HO0601,1.8005,1.835,1.775,1.7905,19774.0,,取暖油0601,58640.0,1.7905,1.7905
2005-11-14,HO0601,1.8,1.8207,1.7825,1.8002,10763.0,,取暖油0601,64930.0,1.8002,1.8002
2005-11-15,HO0601,1.7978,1.8075,1.749,1.7524,18101.0,,取暖油0601,65542.0,1.7524,1.7524
2005-11-16,HO0601,1.755,1.8075,1.7495,1.7949,12002.0,,取暖油0601,66544.0,1.7949,1.7949
2005-11-17,HO0601,1.795,1.829,1.7625,1.7659,12685.0,,取暖油0601,68167.0,1.7659,1.7659
2005-11-18,HO0601,1.77,1.7775,1.7475,1.7637,14212.0,,取暖油0601,68672.0,1.7637,1.7637
2005-11-21,HO0601,1.769,1.8033,1.7675,1.7734,12545.0,,取暖油0601,70397.0,1.7734,1.7734
2005-11-22,HO0601,1.774,1.82,1.7705,1.7958,16796.0,,取暖油0601,71769.0,1.7958,1.7958
2005-11-23,HO0601,1.8,1.8096,1.7425,1.7488,23900.0,,取暖油0601,72660.0,1.7488,1.7488
2005-11-28,HO0601,1.748,1.748,1.684,1.6926,27020.0,,取暖油0601,75009.0,1.6926,1.6926
2005-11-29,HO0601,1.6961,1.7275,1.665,1.672,29447.0,,取暖油0601,78112.0,1.672,1.672
2005-11-30,HO0601,1.6735,1.7,1.6525,1.6897,37139.0,,取暖油0601,79698.0,1.6897,1.6897
2005-12-01,HO0601,1.694,1.745,1.6825,1.7387,30479.0,,取暖油0601,82509.0,1.7387,1.7387
2005-12-02,HO0601,1.74,1.79,1.728,1.772,31404.0,,取暖油0601,80658.0,1.772,1.772
2005-12-05,HO0601,1.79,1.833,1.78,1.7896,28437.0,,取暖油0601,77068.0,1.7896,1.7896
2005-12-06,HO0601,1.79,1.792,1.754,1.772,23908.0,,取暖油0601,72742.0,1.772,1.772
2005-12-07,HO0601,1.7719,1.7893,1.7325,1.7366,35531.0,,取暖油0601,72650.0,1.7366,1.7366
2005-12-08,HO0601,1.738,1.79,1.725,1.7832,31570.0,,取暖油0601,67169.0,1.7832,1.7832
2005-12-09,HO0601,1.7885,1.812,1.71,1.7318,33172.0,,取暖油0601,61487.0,1.7318,1.7318
2005-12-12,HO0601,1.7385,1.778,1.73,1.7725,28798.0,,取暖油0601,56790.0,1.7725,1.7725
2005-12-13,HO0601,1.7725,1.8425,1.7626,1.8365,36932.0,,取暖油0601,53191.0,1.8365,1.8365
2005-12-14,HO0601,1.8284,1.86,1.815,1.845,27866.0,,取暖油0601,45660.0,1.845,1.845
2005-12-15,HO0601,1.8467,1.855,1.785,1.7873,28107.0,,取暖油0601,41271.0,1.7873,1.7873
2005-12-16,HO0601,1.7875,1.788,1.729,1.732,26843.0,,取暖油0601,37936.0,1.732,1.732
2005-12-19,HO0601,1.77,1.77,1.696,1.7033,28470.0,,取暖油0601,34674.0,1.7033,1.7033
2005-12-20,HO0601,1.7065,1.728,1.698,1.7203,20981.0,,取暖油0601,31995.0,1.7203,1.7203
2005-12-21,HO0601,1.721,1.764,1.715,1.7564,20116.0,,取暖油0601,28720.0,1.7564,1.7564
2005-12-22,HO0601,1.7565,1.7725,1.72,1.74,18322.0,,取暖油0601,25796.0,1.74,1.74
2005-12-23,HO0601,1.74,1.7429,1.7,1.7053,14006.0,,取暖油0601,22567.0,1.7053,1.7053
2005-12-27,HO0601,1.7,1.7,1.63,1.637,19888.0,,取暖油0601,19120.0,1.637,1.637
2005-12-28,HO0601,1.64,1.685,1.63,1.6825,15314.0,,取暖油0601,15137.0,1.6825,1.6825
2005-12-29,HO0601,1.681,1.72,1.68,1.7029,15715.0,,取暖油0601,11831.0,1.7029,1.7029
2005-12-30,HO0601,1.705,1.76,1.68,1.728,9382.0,,取暖油0601,6034.0,1.728,1.728
