date,symbol,open,high,low,close,volume,amount,name,openinterest,settleprice,price
2006-03-01,HO0709,0.0,0.0,0.0,1.8916,,,取暖油0709,,1.8916,1.8916
2006-03-02,HO0709,0.0,0.0,0.0,1.9294,25.0,,取暖油0709,,1.9294,1.9294
2006-03-03,HO0709,0.0,0.0,0.0,1.9402,,,取暖油0709,25.0,1.9402,1.9402
2006-03-06,HO0709,0.0,0.0,0.0,1.9,,,取暖油0709,25.0,1.9,1.9
2006-03-07,HO0709,0.0,0.0,0.0,1.8679,,,取暖油0709,25.0,1.8679,1.8679
2006-03-08,HO0709,0.0,0.0,0.0,1.8289,,,取暖油0709,25.0,1.8289,1.8289
2006-03-09,HO0709,0.0,0.0,0.0,1.8439,,,取暖油0709,25.0,1.8439,1.8439
2006-03-10,HO0709,0.0,0.0,0.0,1.8339,,,取暖油0709,25.0,1.8339,1.8339
2006-03-13,HO0709,0.0,0.0,0.0,1.8713,,,取暖油0709,25.0,1.8713,1.8713
2006-03-14,HO0709,0.0,0.0,0.0,1.9302,,,取暖油0709,25.0,1.9302,1.9302
2006-03-15,HO0709,0.0,0.0,0.0,1.8836,1.0,,取暖油0709,25.0,1.8836,1.8836
2006-03-16,HO0709,0.0,0.0,0.0,1.9145,,,取暖油0709,26.0,1.9145,1.9145
2006-03-17,HO0709,1.9095,1.9095,1.8896,1.8896,4.0,,取暖油0709,26.0,1.8896,1.8896
2006-03-20,HO0709,0.0,0.0,0.0,1.8496,,,取暖油0709,29.0,1.8496,1.8496
2006-03-21,HO0709,1.856,1.871,1.856,1.871,2.0,,取暖油0709,29.0,1.871,1.871
2006-03-22,HO0709,0.0,0.0,0.0,1.8484,,,取暖油0709,31.0,1.8484,1.8484
2006-03-23,HO0709,0.0,0.0,0.0,1.8908,,,取暖油0709,31.0,1.8908,1.8908
2006-03-24,HO0709,1.8925,1.8969,1.8925,1.8969,2.0,,取暖油0709,31.0,1.8969,1.8969
2006-03-27,HO0709,0.0,0.0,0.0,1.8928,,,取暖油0709,33.0,1.8928,1.8928
2006-03-28,HO0709,0.0,0.0,0.0,1.9301,,,取暖油0709,33.0,1.9301,1.9301
2006-03-29,HO0709,0.0,0.0,0.0,1.9474,,,取暖油0709,33.0,1.9474,1.9474
2006-03-30,HO0709,0.0,0.0,0.0,1.9753,,,取暖油0709,33.0,1.9753,1.9753
2006-03-31,HO0709,1.9635,1.9748,1.9635,1.9748,2.0,,取暖油0709,33.0,1.9748,1.9748
2006-04-03,HO0709,1.999,1.999,1.9734,1.9734,15.0,,取暖油0709,35.0,1.9734,1.9734
2006-04-04,HO0709,0.0,0.0,0.0,1.9637,,,取暖油0709,50.0,1.9637,1.9637
2006-04-05,HO0709,0.0,0.0,0.0,1.972,,,取暖油0709,50.0,1.972,1.972
2006-04-06,HO0709,1.9785,1.986,1.9785,1.986,2.0,,取暖油0709,50.0,1.986,1.986
2006-04-07,HO0709,1.97,1.9871,1.97,1.9871,2.0,,取暖油0709,52.0,1.9871,1.9871
2006-04-10,HO0709,2.006,2.0413,2.006,2.0413,1.0,,取暖油0709,54.0,2.0413,2.0413
2006-04-11,HO0709,2.0265,2.0465,2.0265,2.0465,2.0,,取暖油0709,55.0,2.0465,2.0465
2006-04-12,HO0709,2.0645,2.0645,2.0552,2.0552,16.0,,取暖油0709,57.0,2.0552,2.0552
2006-04-13,HO0709,0.0,0.0,0.0,2.0601,,,取暖油0709,70.0,2.0601,2.0601
2006-04-17,HO0709,0.0,0.0,0.0,2.1,1.0,,取暖油0709,70.0,2.1,2.1
2006-04-18,HO0709,2.099,2.1245,2.099,2.1245,1.0,,取暖油0709,71.0,2.1245,2.1245
2006-04-19,HO0709,0.0,0.0,0.0,2.133,,,取暖油0709,72.0,2.133,2.133
2006-04-20,HO0709,2.105,2.1192,2.105,2.1192,1.0,,取暖油0709,72.0,2.1192,2.1192
2006-04-21,HO0709,0.0,0.0,0.0,2.1466,,,取暖油0709,73.0,2.1466,2.1466
2006-04-24,HO0709,0.0,0.0,0.0,2.1101,,,取暖油0709,73.0,2.1101,2.1101
2006-04-25,HO0709,0.0,0.0,0.0,2.137,,,取暖油0709,73.0,2.137,2.137
2006-04-26,HO0709,0.0,0.0,0.0,2.1073,,,取暖油0709,73.0,2.1073,2.1073
2006-04-27,HO0709,0.0,0.0,0.0,2.0776,,,取暖油0709,73.0,2.0776,2.0776
2006-04-28,HO0709,2.1185,2.1185,2.1029,2.1029,2.0,,取暖油0709,73.0,2.1029,2.1029
2006-05-01,HO0709,0.0,0.0,0.0,2.1468,,,取暖油0709,75.0,2.1468,2.1468
2006-05-02,HO0709,0.0,0.0,0.0,2.1615,1.0,,取暖油0709,75.0,2.1615,2.1615
2006-05-03,HO0709,0.0,0.0,0.0,2.0936,,,取暖油0709,75.0,2.0936,2.0936
2006-05-04,HO0709,0.0,0.0,0.0,2.0416,,,取暖油0709,75.0,2.0416,2.0416
2006-05-05,HO0709,0.0,0.0,0.0,2.0651,50.0,,取暖油0709,75.0,2.0651,2.0651
2006-05-08,HO0709,0.0,0.0,0.0,2.0645,,,取暖油0709,124.0,2.0645,2.0645
2006-05-09,HO0709,0.0,0.0,0.0,2.0952,1.0,,取暖油0709,75.0,2.0952,2.0952
2006-05-10,HO0709,0.0,0.0,0.0,2.1559,,,取暖油0709,76.0,2.1559,2.1559
2006-05-11,HO0709,2.1745,2.1745,2.1694,2.1694,3.0,,取暖油0709,76.0,2.1694,2.1694
2006-05-12,HO0709,0.0,0.0,0.0,2.1245,,,取暖油0709,78.0,2.1245,2.1245
2006-05-15,HO0709,0.0,0.0,0.0,2.0555,1.0,,取暖油0709,78.0,2.0555,2.0555
2006-05-16,HO0709,0.0,0.0,0.0,2.0683,1.0,,取暖油0709,79.0,2.0683,2.0683
2006-05-17,HO0709,0.0,0.0,0.0,2.0473,,,取暖油0709,79.0,2.0473,2.0473
2006-05-18,HO0709,0.0,0.0,0.0,2.075,,,取暖油0709,79.0,2.075,2.075
2006-05-19,HO0709,0.0,0.0,0.0,2.0567,,,取暖油0709,79.0,2.0567,2.0567
2006-05-22,HO0709,2.06,2.0747,2.06,2.0747,1.0,,取暖油0709,79.0,2.0747,2.0747
2006-05-23,HO0709,0.0,0.0,0.0,2.1097,,,取暖油0709,80.0,2.1097,2.1097
2006-05-24,HO0709,0.0,0.0,0.0,2.0704,,,取暖油0709,80.0,2.0704,2.0704
2006-05-25,HO0709,0.0,0.0,0.0,2.1167,,,取暖油0709,80.0,2.1167,2.1167
2006-05-26,HO0709,0.0,0.0,0.0,2.0932,,,取暖油0709,80.0,2.0932,2.0932
2006-05-30,HO0709,0.0,0.0,0.0,2.1139,,,取暖油0709,80.0,2.1139,2.1139
2006-05-31,HO0709,0.0,0.0,0.0,2.1023,175.0,,取暖油0709,80.0,2.1023,2.1023
2006-06-01,HO0709,2.121,2.121,2.0819,2.0819,2.0,,取暖油0709,230.0,2.0819,2.0819
2006-06-02,HO0709,0.0,0.0,0.0,2.1183,,,取暖油0709,232.0,2.1183,2.1183
2006-06-05,HO0709,0.0,0.0,0.0,2.1481,1.0,,取暖油0709,232.0,2.1481,2.1481
2006-06-06,HO0709,0.0,0.0,0.0,2.15,25.0,,取暖油0709,232.0,2.15,2.15
2006-06-07,HO0709,0.0,0.0,0.0,2.1189,34.0,,取暖油0709,245.0,2.1189,2.1189
2006-06-08,HO0709,2.098,2.117,2.098,2.117,1.0,,取暖油0709,260.0,2.117,2.117
2006-06-09,HO0709,0.0,0.0,0.0,2.1491,25.0,,取暖油0709,261.0,2.1491,2.1491
2006-06-12,HO0709,0.0,0.0,0.0,2.0984,,,取暖油0709,236.0,2.0984,2.0984
2006-06-13,HO0709,0.0,0.0,0.0,2.061,,,取暖油0709,236.0,2.061,2.061
2006-06-14,HO0709,0.0,0.0,0.0,2.067,,,取暖油0709,236.0,2.067,2.067
2006-06-15,HO0709,2.087,2.087,2.0673,2.0673,2.0,,取暖油0709,236.0,2.0673,2.0673
2006-06-16,HO0709,0.0,0.0,0.0,2.0643,125.0,,取暖油0709,238.0,2.0643,2.0643
2006-06-19,HO0709,0.0,0.0,0.0,2.0439,,,取暖油0709,363.0,2.0439,2.0439
2006-06-20,HO0709,0.0,0.0,0.0,2.0528,,,取暖油0709,363.0,2.0528,2.0528
2006-06-21,HO0709,2.09,2.09,2.079,2.079,2.0,,取暖油0709,363.0,2.079,2.079
2006-06-22,HO0709,0.0,0.0,0.0,2.1088,,,取暖油0709,365.0,2.1088,2.1088
2006-06-23,HO0709,0.0,0.0,0.0,2.0899,,,取暖油0709,265.0,2.0899,2.0899
2006-06-26,HO0709,0.0,0.0,0.0,2.1142,5.0,,取暖油0709,265.0,2.1142,2.1142
2006-06-27,HO0709,0.0,0.0,0.0,2.1091,,,取暖油0709,270.0,2.1091,2.1091
2006-06-28,HO0709,0.0,0.0,0.0,2.1099,,,取暖油0709,270.0,2.1099,2.1099
2006-06-29,HO0709,0.0,0.0,0.0,2.1564,,,取暖油0709,270.0,2.1564,2.1564
2006-06-30,HO0709,0.0,0.0,0.0,2.1441,150.0,,取暖油0709,270.0,2.1441,2.1441
2006-07-03,HO0709,0.0,0.0,0.0,2.1441,,,取暖油0709,383.0,2.1441,2.1441
2006-07-05,HO0709,0.0,0.0,0.0,2.1886,,,取暖油0709,,2.1886,2.1886
2006-07-06,HO0709,0.0,0.0,0.0,2.2047,,,取暖油0709,382.0,2.2047,2.2047
2006-07-07,HO0709,2.23,2.23,2.1731,2.1731,94.0,,取暖油0709,382.0,2.1731,2.1731
2006-07-10,HO0709,0.0,0.0,0.0,2.1625,,,取暖油0709,388.0,2.1625,2.1625
2006-07-11,HO0709,0.0,0.0,0.0,2.1947,95.0,,取暖油0709,388.0,2.1947,2.1947
2006-07-12,HO0709,0.0,0.0,0.0,2.2046,,,取暖油0709,438.0,2.2046,2.2046
2006-07-13,HO0709,0.0,0.0,0.0,2.2485,182.0,,取暖油0709,438.0,2.2485,2.2485
2006-07-14,HO0709,0.0,0.0,0.0,2.2494,1.0,,取暖油0709,495.0,2.2494,2.2494
2006-07-17,HO0709,0.0,0.0,0.0,2.2152,,,取暖油0709,496.0,2.2152,2.2152
2006-07-18,HO0709,0.0,0.0,0.0,2.1987,3.0,,取暖油0709,496.0,2.1987,2.1987
2006-07-19,HO0709,0.0,0.0,0.0,2.1994,1.0,,取暖油0709,499.0,2.1994,2.1994
2006-07-20,HO0709,0.0,0.0,0.0,2.1733,,,取暖油0709,499.0,2.1733,2.1733
2006-07-21,HO0709,0.0,0.0,0.0,2.1825,,,取暖油0709,499.0,2.1825,2.1825
2006-07-24,HO0709,0.0,0.0,0.0,2.198,,,取暖油0709,499.0,2.198,2.198
2006-07-25,HO0709,2.178,2.178,2.1687,2.1687,31.0,,取暖油0709,499.0,2.1687,2.1687
2006-07-26,HO0709,0.0,0.0,0.0,2.189,40.0,,取暖油0709,510.0,2.189,2.189
2006-07-27,HO0709,0.0,0.0,0.0,2.2038,,,取暖油0709,496.0,2.2038,2.2038
2006-07-28,HO0709,0.0,0.0,0.0,2.1813,236.0,,取暖油0709,496.0,2.1813,2.1813
2006-07-31,HO0709,0.0,0.0,0.0,2.2051,,,取暖油0709,505.0,2.2051,2.2051
2006-08-01,HO0709,0.0,0.0,0.0,2.2392,,,取暖油0709,525.0,2.2392,2.2392
2006-08-02,HO0709,0.0,0.0,0.0,2.2533,,,取暖油0709,525.0,2.2533,2.2533
2006-08-03,HO0709,0.0,0.0,0.0,2.2445,,,取暖油0709,525.0,2.2445,2.2445
2006-08-04,HO0709,0.0,0.0,0.0,2.2268,,,取暖油0709,525.0,2.2268,2.2268
2006-08-07,HO0709,0.0,0.0,0.0,2.2578,,,取暖油0709,525.0,2.2578,2.2578
2006-08-08,HO0709,0.0,0.0,0.0,2.247,2.0,,取暖油0709,525.0,2.247,2.247
2006-08-09,HO0709,0.0,0.0,0.0,2.2372,140.0,,取暖油0709,527.0,2.2372,2.2372
2006-08-10,HO0709,2.2275,2.2275,2.1987,2.1987,166.0,,取暖油0709,610.0,2.1987,2.1987
2006-08-11,HO0709,0.0,0.0,0.0,2.2132,1.0,,取暖油0709,757.0,2.2132,2.2132
2006-08-14,HO0709,0.0,0.0,0.0,2.1962,,,取暖油0709,758.0,2.1962,2.1962
2006-08-15,HO0709,2.2025,2.2025,2.1817,2.1817,117.0,,取暖油0709,758.0,2.1817,2.1817
2006-08-16,HO0709,0.0,0.0,0.0,2.1632,,,取暖油0709,826.0,2.1632,2.1632
2006-08-17,HO0709,0.0,0.0,0.0,2.1199,,,取暖油0709,826.0,2.1199,2.1199
2006-08-18,HO0709,0.0,0.0,0.0,2.1229,52.0,,取暖油0709,826.0,2.1229,2.1229
2006-08-21,HO0709,0.0,0.0,0.0,2.1571,,,取暖油0709,842.0,2.1571,2.1571
2006-08-22,HO0709,0.0,0.0,0.0,2.1493,51.0,,取暖油0709,842.0,2.1493,2.1493
2006-08-23,HO0709,2.1345,2.1365,2.119,2.1365,278.0,,取暖油0709,878.0,2.1365,2.1365
2006-08-24,HO0709,0.0,0.0,0.0,2.152,245.0,,取暖油0709,1142.0,2.152,2.152
2006-08-25,HO0709,0.0,0.0,0.0,2.1443,54.0,,取暖油0709,1259.0,2.1443,2.1443
2006-08-28,HO0709,0.0,0.0,0.0,2.1032,375.0,,取暖油0709,1309.0,2.1032,2.1032
2006-08-29,HO0709,2.11,2.11,2.0975,2.0975,147.0,,取暖油0709,1546.0,2.0975,2.0975
2006-08-30,HO0709,2.0925,2.1225,2.0925,2.1225,15.0,,取暖油0709,1621.0,2.1225,2.1225
2006-08-31,HO0709,0.0,0.0,0.0,2.1456,,,取暖油0709,1631.0,2.1456,2.1456
2006-09-01,HO0709,0.0,0.0,0.0,2.1054,,,取暖油0709,1631.0,2.1054,2.1054
2006-09-05,HO0709,2.0925,2.0925,2.0862,2.0862,104.0,,取暖油0709,1631.0,2.0862,2.0862
2006-09-06,HO0709,2.08,2.08,2.0729,2.0729,239.0,,取暖油0709,1734.0,2.0729,2.0729
2006-09-07,HO0709,2.0575,2.0614,2.0575,2.0614,7.0,,取暖油0709,1848.0,2.0614,2.0614
2006-09-08,HO0709,0.0,0.0,0.0,2.0373,30.0,,取暖油0709,1847.0,2.0373,2.0373
2006-09-11,HO0709,2.02,2.02,2.0029,2.0029,17.0,,取暖油0709,1876.0,2.0029,2.0029
2006-09-12,HO0709,1.999,1.999,1.9533,1.9533,98.0,,取暖油0709,1884.0,1.9533,1.9533
2006-09-13,HO0709,1.963,1.965,1.963,1.9646,195.0,,取暖油0709,1970.0,1.9646,1.9646
2006-09-14,HO0709,1.96,1.9601,1.96,1.9601,1.0,,取暖油0709,2098.0,1.9601,1.9601
2006-09-15,HO0709,1.9475,1.9475,1.9302,1.9302,344.0,,取暖油0709,2098.0,1.9302,1.9302
2006-09-18,HO0709,0.0,0.0,0.0,1.9297,,,取暖油0709,2228.0,1.9297,1.9297
2006-09-19,HO0709,1.9525,1.9525,1.8936,1.8936,1.0,,取暖油0709,2236.0,1.8936,1.8936
2006-09-20,HO0709,0.0,0.0,0.0,1.8531,755.0,,取暖油0709,2237.0,1.8531,1.8531
2006-09-21,HO0709,1.863,1.8718,1.863,1.8718,14.0,,取暖油0709,2287.0,1.8718,1.8718
2006-09-22,HO0709,0.0,0.0,0.0,1.8514,67.0,,取暖油0709,2290.0,1.8514,1.8514
2006-09-25,HO0709,1.85,1.8648,1.85,1.8648,29.0,,取暖油0709,2296.0,1.8648,1.8648
2006-09-26,HO0709,1.875,1.875,1.8513,1.8513,22.0,,取暖油0709,2300.0,1.8513,1.8513
2006-09-27,HO0709,1.8663,1.8995,1.8663,1.8995,21.0,,取暖油0709,2320.0,1.8995,1.8995
2006-09-28,HO0709,0.0,0.0,0.0,1.9049,15.0,,取暖油0709,2329.0,1.9049,1.9049
2006-09-29,HO0709,1.895,1.9187,1.895,1.9187,89.0,,取暖油0709,2329.0,1.9187,1.9187
2006-10-02,HO0709,1.9197,1.9197,1.8847,1.8847,222.0,,取暖油0709,2346.0,1.8847,1.8847
2006-10-03,HO0709,1.8525,1.855,1.8494,1.8494,71.0,,取暖油0709,2461.0,1.8494,1.8494
2006-10-04,HO0709,0.0,0.0,0.0,1.8649,10.0,,取暖油0709,2512.0,1.8649,1.8649
2006-10-05,HO0709,1.865,1.8695,1.865,1.8671,30.0,,取暖油0709,2514.0,1.8671,1.8671
2006-10-06,HO0709,1.8771,1.8771,1.8689,1.8689,76.0,,取暖油0709,2492.0,1.8689,1.8689
2006-10-09,HO0709,0.0,0.0,0.0,1.874,2.0,,取暖油0709,2467.0,1.874,1.874
2006-10-10,HO0709,1.86,1.86,1.8438,1.8438,1.0,,取暖油0709,2441.0,1.8438,1.8438
2006-10-11,HO0709,1.8475,1.8475,1.8303,1.8303,15.0,,取暖油0709,2441.0,1.8303,1.8303
2006-10-12,HO0709,1.8315,1.84,1.8315,1.8383,7.0,,取暖油0709,2443.0,1.8383,1.8383
2006-10-13,HO0709,0.0,0.0,0.0,1.8551,10.0,,取暖油0709,2443.0,1.8551,1.8551
2006-10-16,HO0709,1.86,1.8876,1.86,1.8876,173.0,,取暖油0709,2446.0,1.8876,1.8876
2006-10-17,HO0709,1.8775,1.8775,1.8631,1.8631,28.0,,取暖油0709,2426.0,1.8631,1.8631
2006-10-18,HO0709,0.0,0.0,0.0,1.8343,3.0,,取暖油0709,2424.0,1.8343,1.8343
2006-10-19,HO0709,1.839,1.8654,1.839,1.8654,1492.0,,取暖油0709,2426.0,1.8654,1.8654
2006-10-20,HO0709,1.8454,1.8454,1.8399,1.8399,1224.0,,取暖油0709,3127.0,1.8399,1.8399
2006-10-23,HO0709,1.825,1.8259,1.825,1.8259,11.0,,取暖油0709,4222.0,1.8259,1.8259
2006-10-24,HO0709,1.846,1.85,1.8382,1.8382,176.0,,取暖油0709,4228.0,1.8382,1.8382
2006-10-25,HO0709,0.0,0.0,0.0,1.8824,7.0,,取暖油0709,4210.0,1.8824,1.8824
2006-10-26,HO0709,1.86,1.86,1.8565,1.8565,287.0,,取暖油0709,4212.0,1.8565,1.8565
2006-10-27,HO0709,1.8515,1.8655,1.8515,1.8655,17.0,,取暖油0709,4425.0,1.8655,1.8655
2006-10-30,HO0709,1.8375,1.8375,1.8095,1.8095,102.0,,取暖油0709,4439.0,1.8095,1.8095
2006-10-31,HO0709,1.8175,1.829,1.808,1.829,207.0,,取暖油0709,4540.0,1.829,1.829
2006-11-01,HO0709,1.829,1.829,1.81,1.8232,4.0,,取暖油0709,4720.0,1.8232,1.8232
2006-11-02,HO0709,1.8025,1.8107,1.8025,1.8107,129.0,,取暖油0709,4724.0,1.8107,1.8107
2006-11-03,HO0709,1.83,1.8389,1.83,1.8389,52.0,,取暖油0709,4721.0,1.8389,1.8389
2006-11-06,HO0709,0.0,0.0,0.0,1.8671,37.0,,取暖油0709,4671.0,1.8671,1.8671
2006-11-07,HO0709,1.866,1.866,1.8318,1.8318,437.0,,取暖油0709,4696.0,1.8318,1.8318
2006-11-08,HO0709,1.848,1.8675,1.848,1.8496,4.0,,取暖油0709,4965.0,1.8496,1.8496
2006-11-09,HO0709,0.0,0.0,0.0,1.8791,,,取暖油0709,4968.0,1.8791,1.8791
2006-11-10,HO0709,1.865,1.87,1.8433,1.8433,56.0,,取暖油0709,4968.0,1.8433,1.8433
2006-11-13,HO0709,1.82,1.828,1.82,1.8222,14.0,,取暖油0709,4924.0,1.8222,1.8222
2006-11-14,HO0709,0.0,0.0,0.0,1.8207,16.0,,取暖油0709,4933.0,1.8207,1.8207
2006-11-15,HO0709,0.0,0.0,0.0,1.8389,101.0,,取暖油0709,4948.0,1.8389,1.8389
2006-11-16,HO0709,1.8139,1.8139,1.7966,1.7966,102.0,,取暖油0709,5048.0,1.7966,1.7966
2006-11-17,HO0709,1.817,1.826,1.8144,1.8144,262.0,,取暖油0709,4955.0,1.8144,1.8144
2006-11-20,HO0709,1.8,1.822,1.8,1.822,42.0,,取暖油0709,4897.0,1.822,1.822
2006-11-21,HO0709,1.8434,1.8606,1.841,1.8606,37.0,,取暖油0709,4908.0,1.8606,1.8606
2006-11-22,HO0709,0.0,0.0,0.0,1.8182,23.0,,取暖油0709,4927.0,1.8182,1.8182
2006-11-24,HO0709,0.0,0.0,0.0,1.8182,,,取暖油0709,4929.0,1.8182,1.8182
2006-11-27,HO0709,0.0,0.0,0.0,1.8528,,,取暖油0709,4928.0,1.8528,1.8528
2006-11-28,HO0709,1.872,1.879,1.866,1.8683,7.0,,取暖油0709,4928.0,1.8683,1.8683
2006-11-29,HO0709,1.905,1.905,1.9043,1.9043,13.0,,取暖油0709,4931.0,1.9043,1.9043
2006-11-30,HO0709,1.9275,1.9275,1.917,1.917,102.0,,取暖油0709,4930.0,1.917,1.917
2006-12-01,HO0709,0.0,0.0,0.0,1.9254,5.0,,取暖油0709,4857.0,1.9254,1.9254
2006-12-04,HO0709,0.0,0.0,0.0,1.8964,14.0,,取暖油0709,4860.0,1.8964,1.8964
2006-12-05,HO0709,0.0,0.0,0.0,1.8918,81.0,,取暖油0709,4867.0,1.8918,1.8918
2006-12-06,HO0709,1.8975,1.913,1.8894,1.8894,33.0,,取暖油0709,4898.0,1.8894,1.8894
2006-12-07,HO0709,1.884,1.884,1.8799,1.8799,60.0,,取暖油0709,4882.0,1.8799,1.8799
2006-12-08,HO0709,1.9,1.9,1.8602,1.8602,174.0,,取暖油0709,4869.0,1.8602,1.8602
2006-12-11,HO0709,1.8595,1.87,1.8505,1.8505,1887.0,,取暖油0709,4927.0,1.8505,1.8505
2006-12-12,HO0709,1.8605,1.8705,1.8455,1.8525,831.0,,取暖油0709,5000.0,1.8525,1.8525
2006-12-13,HO0709,1.8525,1.87,1.852,1.852,417.0,,取暖油0709,5598.0,1.852,1.852
2006-12-14,HO0709,0.0,0.0,0.0,1.8821,228.0,,取暖油0709,5550.0,1.8821,1.8821
2006-12-15,HO0709,1.875,1.8832,1.875,1.8832,63.0,,取暖油0709,5598.0,1.8832,1.8832
2006-12-18,HO0709,1.8675,1.8675,1.8352,1.8352,466.0,,取暖油0709,5577.0,1.8352,1.8352
2006-12-19,HO0709,1.839,1.86,1.836,1.8552,209.0,,取暖油0709,5500.0,1.8552,1.8552
2006-12-20,HO0709,1.87,1.885,1.87,1.8733,377.0,,取暖油0709,5550.0,1.8733,1.8733
2006-12-21,HO0709,1.8605,1.8735,1.8535,1.8535,272.0,,取暖油0709,5611.0,1.8535,1.8535
2006-12-22,HO0709,1.8585,1.8585,1.8438,1.8438,146.0,,取暖油0709,5587.0,1.8438,1.8438
2006-12-26,HO0709,1.835,1.835,1.8103,1.8103,576.0,,取暖油0709,5552.0,1.8103,1.8103
2006-12-27,HO0709,1.8125,1.83,1.8025,1.8028,1118.0,,取暖油0709,5555.0,1.8028,1.8028
2006-12-28,HO0709,1.81,1.815,1.8081,1.8081,160.0,,取暖油0709,5771.0,1.8081,1.8081
2006-12-29,HO0709,1.8125,1.82,1.808,1.8112,262.0,,取暖油0709,5877.0,1.8112,1.8112
2007-01-03,HO0709,1.795,1.795,1.7595,1.7616,929.0,,取暖油0709,5928.0,1.7616,1.7616
2007-01-04,HO0709,1.7616,1.7616,1.7146,1.7146,391.0,,取暖油0709,5462.0,1.7146,1.7146
2007-01-05,HO0709,1.7146,1.7325,1.714,1.7268,635.0,,取暖油0709,5499.0,1.7268,1.7268
2007-01-08,HO0709,1.7468,1.7468,1.7175,1.7205,520.0,,取暖油0709,5573.0,1.7205,1.7205
2007-01-09,HO0709,1.7105,1.7293,1.695,1.7145,568.0,,取暖油0709,5534.0,1.7145,1.7145
2007-01-10,HO0709,1.695,1.701,1.6743,1.6795,816.0,,取暖油0709,5289.0,1.6795,1.6795
2007-01-11,HO0709,1.69,1.695,1.6234,1.6234,705.0,,取暖油0709,5411.0,1.6234,1.6234
2007-01-12,HO0709,1.641,1.65,1.624,1.6382,537.0,,取暖油0709,5456.0,1.6382,1.6382
2007-01-16,HO0709,1.6435,1.6435,1.59,1.5983,880.0,,取暖油0709,5571.0,1.5983,1.5983
2007-01-17,HO0709,1.598,1.6195,1.59,1.6143,622.0,,取暖油0709,5819.0,1.6143,1.6143
2007-01-18,HO0709,1.605,1.605,1.58,1.5937,671.0,,取暖油0709,5809.0,1.5937,1.5937
2007-01-19,HO0709,1.611,1.6315,1.611,1.6315,256.0,,取暖油0709,5776.0,1.6315,1.6315
2007-01-22,HO0709,1.667,1.672,1.6185,1.6185,465.0,,取暖油0709,5744.0,1.6185,1.6185
2007-01-23,HO0709,1.6485,1.676,1.6435,1.676,777.0,,取暖油0709,5531.0,1.676,1.676
2007-01-24,HO0709,1.6527,1.6773,1.6469,1.6773,551.0,,取暖油0709,5774.0,1.6773,1.6773
2007-01-25,HO0709,1.6775,1.6775,1.6484,1.6484,927.0,,取暖油0709,5560.0,1.6484,1.6484
2007-01-26,HO0709,1.6765,1.691,1.6765,1.6874,210.0,,取暖油0709,5484.0,1.6874,1.6874
2007-01-29,HO0709,1.683,1.683,1.6437,1.6437,100.0,,取暖油0709,5486.0,1.6437,1.6437
2007-01-30,HO0709,1.6658,1.7183,1.6658,1.7183,634.0,,取暖油0709,5501.0,1.7183,1.7183
2007-01-31,HO0709,1.697,1.7468,1.697,1.7438,283.0,,取暖油0709,5509.0,1.7438,1.7438
2007-02-01,HO0709,1.745,1.7474,1.729,1.729,959.0,,取暖油0709,5463.0,1.729,1.729
2007-02-02,HO0709,1.7425,1.768,1.7325,1.768,1177.0,,取暖油0709,5697.0,1.768,1.768
2007-02-05,HO0709,1.779,1.779,1.7546,1.7546,460.0,,取暖油0709,5841.0,1.7546,1.7546
2007-02-06,HO0709,1.7725,1.7725,1.7535,1.7594,432.0,,取暖油0709,5976.0,1.7594,1.7594
2007-02-07,HO0709,1.737,1.737,1.72,1.7276,528.0,,取暖油0709,6107.0,1.7276,1.7276
2007-02-08,HO0709,1.7376,1.7825,1.7325,1.7825,187.0,,取暖油0709,6068.0,1.7825,1.7825
2007-02-09,HO0709,1.78,1.7818,1.7738,1.7818,687.0,,取暖油0709,6140.0,1.7818,1.7818
2007-02-12,HO0709,1.765,1.765,1.717,1.7247,419.0,,取暖油0709,6331.0,1.7247,1.7247
2007-02-13,HO0709,1.7314,1.7677,1.7306,1.7677,640.0,,取暖油0709,6323.0,1.7677,1.7677
2007-02-14,HO0709,1.75,1.75,1.7145,1.7243,1261.0,,取暖油0709,6576.0,1.7243,1.7243
2007-02-15,HO0709,1.7243,1.7243,1.6919,1.7116,326.0,,取暖油0709,6860.0,1.7116,1.7116
2007-02-16,HO0709,1.7155,1.75,1.7133,1.75,771.0,,取暖油0709,6880.0,1.75,1.75
2007-02-20,HO0709,1.7325,1.7325,1.698,1.7291,1255.0,,取暖油0709,7029.0,1.7291,1.7291
2007-02-21,HO0709,1.713,1.771,1.713,1.7626,750.0,,取暖油0709,6745.0,1.7626,1.7626
2007-02-22,HO0709,1.7585,1.7963,1.7585,1.7963,1011.0,,取暖油0709,6814.0,1.7963,1.7963
2007-02-23,HO0709,1.8227,1.8265,1.8099,1.8176,381.0,,取暖油0709,6705.0,1.8176,1.8176
2007-02-26,HO0709,1.821,1.821,1.8125,1.8202,446.0,,取暖油0709,6819.0,1.8202,1.8202
2007-02-27,HO0709,1.8192,1.8467,1.7998,1.8365,636.0,,取暖油0709,6968.0,1.8365,1.8365
2007-02-28,HO0709,1.82,1.85,1.8085,1.8471,888.0,,取暖油0709,7032.0,1.8471,1.8471
2007-03-01,HO0709,1.83,1.8515,1.83,1.8448,2437.0,,取暖油0709,7492.0,1.8448,1.8448
2007-03-02,HO0709,1.8325,1.8359,1.8322,1.8322,733.0,,取暖油0709,8342.0,1.8322,1.8322
2007-03-05,HO0709,1.8176,1.8176,1.784,1.7933,408.0,,取暖油0709,8526.0,1.7933,1.7933
2007-03-06,HO0709,1.81,1.8153,1.807,1.8153,238.0,,取暖油0709,8568.0,1.8153,1.8153
2007-03-07,HO0709,1.8226,1.843,1.8226,1.8405,912.0,,取暖油0709,8628.0,1.8405,1.8405
2007-03-08,HO0709,1.8391,1.8437,1.836,1.8409,641.0,,取暖油0709,8644.0,1.8409,1.8409
2007-03-09,HO0709,1.8242,1.825,1.7967,1.7967,320.0,,取暖油0709,8672.0,1.7967,1.7967
2007-03-12,HO0709,1.7866,1.7866,1.7695,1.7748,1649.0,,取暖油0709,8617.0,1.7748,1.7748
2007-03-13,HO0709,1.8042,1.8144,1.77,1.7812,1893.0,,取暖油0709,8172.0,1.7812,1.7812
2007-03-14,HO0709,1.784,1.7971,1.784,1.7971,2678.0,,取暖油0709,8057.0,1.7971,1.7971
2007-03-15,HO0709,1.7923,1.7925,1.7733,1.7778,1103.0,,取暖油0709,8110.0,1.7778,1.7778
2007-03-16,HO0709,1.7766,1.798,1.7663,1.7713,447.0,,取暖油0709,8412.0,1.7713,1.7713
2007-03-19,HO0709,1.7736,1.785,1.7732,1.7744,379.0,,取暖油0709,8448.0,1.7744,1.7744
2007-03-20,HO0709,1.775,1.7837,1.7552,1.7552,882.0,,取暖油0709,8566.0,1.7552,1.7552
2007-03-21,HO0709,1.768,1.7709,1.758,1.764,1575.0,,取暖油0709,8669.0,1.764,1.764
2007-03-22,HO0709,1.785,1.8125,1.785,1.8125,1174.0,,取暖油0709,8507.0,1.8125,1.8125
2007-03-23,HO0709,1.8224,1.8291,1.8101,1.8101,955.0,,取暖油0709,8539.0,1.8101,1.8101
2007-03-26,HO0709,1.8442,1.8605,1.84,1.8605,325.0,,取暖油0709,8507.0,1.8605,1.8605
2007-03-27,HO0709,1.8505,1.8726,1.8505,1.8726,835.0,,取暖油0709,8547.0,1.8726,1.8726
2007-03-28,HO0709,1.9171,1.9171,1.899,1.9063,1776.0,,取暖油0709,8554.0,1.9063,1.9063
2007-03-29,HO0709,1.927,1.9564,1.9145,1.9493,1757.0,,取暖油0709,8750.0,1.9493,1.9493
2007-03-30,HO0709,1.9645,1.9645,1.935,1.9464,2333.0,,取暖油0709,9382.0,1.9464,1.9464
2007-04-02,HO0709,1.9468,1.9475,1.9355,1.9355,912.0,,取暖油0709,9710.0,1.9355,1.9355
2007-04-03,HO0709,1.913,1.9185,1.8897,1.9182,2085.0,,取暖油0709,9607.0,1.9182,1.9182
2007-04-04,HO0709,1.9341,1.9414,1.92,1.9414,1368.0,,取暖油0709,9997.0,1.9414,1.9414
2007-04-05,HO0709,1.9376,1.9493,1.9287,1.9449,1210.0,,取暖油0709,10120.0,1.9449,1.9449
2007-04-09,HO0709,1.94,1.9516,1.9067,1.9067,1067.0,,取暖油0709,9864.0,1.9067,1.9067
2007-04-10,HO0709,1.9325,1.9475,1.9305,1.9431,646.0,,取暖油0709,9790.0,1.9431,1.9431
2007-04-11,HO0709,1.9462,1.9587,1.9405,1.9587,1795.0,,取暖油0709,9833.0,1.9587,1.9587
2007-04-12,HO0709,1.9626,1.985,1.9598,1.9823,1560.0,,取暖油0709,10477.0,1.9823,1.9823
2007-04-13,HO0709,1.9878,1.9878,1.9653,1.9697,1239.0,,取暖油0709,10604.0,1.9697,1.9697
2007-04-16,HO0709,1.9418,1.9454,1.9254,1.9298,918.0,,取暖油0709,10874.0,1.9298,1.9298
2007-04-17,HO0709,1.9375,1.9393,1.8816,1.8816,3360.0,,取暖油0709,10803.0,1.8816,1.8816
2007-04-18,HO0709,1.887,1.8876,1.8485,1.8876,1930.0,,取暖油0709,10878.0,1.8876,1.8876
2007-04-19,HO0709,1.891,1.8962,1.8753,1.8802,1066.0,,取暖油0709,11187.0,1.8802,1.8802
2007-04-20,HO0709,1.878,1.9025,1.8754,1.9025,1235.0,,取暖油0709,11242.0,1.9025,1.9025
2007-04-23,HO0709,1.9121,1.9546,1.9121,1.9545,2582.0,,取暖油0709,11474.0,1.9545,1.9545
2007-04-24,HO0709,1.9534,1.9548,1.9075,1.9125,1575.0,,取暖油0709,11889.0,1.9125,1.9125
2007-04-25,HO0709,1.925,1.9617,1.925,1.9591,840.0,,取暖油0709,11892.0,1.9591,1.9591
2007-04-26,HO0709,1.9445,1.9743,1.9364,1.9433,1334.0,,取暖油0709,11898.0,1.9433,1.9433
2007-04-27,HO0709,1.93,1.9706,1.9266,1.9672,1968.0,,取暖油0709,11913.0,1.9672,1.9672
2007-04-30,HO0709,1.9543,1.9728,1.9464,1.9508,2123.0,,取暖油0709,12325.0,1.9508,1.9508
2007-05-01,HO0709,1.955,1.9765,1.944,1.9459,2885.0,,取暖油0709,12514.0,1.9459,1.9459
2007-05-02,HO0709,1.9498,1.9498,1.8977,1.9206,3658.0,,取暖油0709,12735.0,1.9206,1.9206
2007-05-03,HO0709,1.9256,1.9256,1.905,1.9133,2160.0,,取暖油0709,12817.0,1.9133,1.9133
2007-05-04,HO0709,1.9254,1.9268,1.8851,1.8969,1980.0,,取暖油0709,12837.0,1.8969,1.8969
2007-05-07,HO0709,1.8721,1.88,1.8631,1.869,3176.0,,取暖油0709,12878.0,1.869,1.869
2007-05-08,HO0709,1.88,1.898,1.8613,1.8869,3769.0,,取暖油0709,13228.0,1.8869,1.8869
2007-05-09,HO0709,1.892,1.896,1.8447,1.8748,3732.0,,取暖油0709,14235.0,1.8748,1.8748
2007-05-10,HO0709,1.8872,1.9109,1.8861,1.905,4111.0,,取暖油0709,14320.0,1.905,1.905
2007-05-11,HO0709,1.9297,1.9354,1.91,1.9243,2607.0,,取暖油0709,13866.0,1.9243,1.9243
2007-05-14,HO0709,1.9381,1.9403,1.909,1.9122,3018.0,,取暖油0709,13841.0,1.9122,1.9122
2007-05-15,HO0709,1.904,1.9413,1.903,1.9352,2028.0,,取暖油0709,14161.0,1.9352,1.9352
2007-05-16,HO0709,1.923,1.9261,1.8927,1.9215,3250.0,,取暖油0709,14290.0,1.9215,1.9215
2007-05-17,HO0709,1.931,1.9856,1.931,1.9842,4246.0,,取暖油0709,14672.0,1.9842,1.9842
2007-05-18,HO0709,1.978,1.9801,1.9622,1.9647,3913.0,,取暖油0709,14938.0,1.9647,1.9647
2007-05-21,HO0709,1.976,2.001,1.9538,1.9912,1560.0,,取暖油0709,15232.0,1.9912,1.9912
2007-05-22,HO0709,1.9836,1.9836,1.9507,1.9507,2613.0,,取暖油0709,15403.0,1.9507,1.9507
2007-05-23,HO0709,1.954,1.9768,1.9467,1.9746,2733.0,,取暖油0709,15566.0,1.9746,1.9746
2007-05-24,HO0709,1.977,1.999,1.9641,1.9695,2635.0,,取暖油0709,16181.0,1.9695,1.9695
2007-05-25,HO0709,1.9969,1.998,1.973,1.9841,2999.0,,取暖油0709,16089.0,1.9841,1.9841
2007-05-29,HO0709,1.9731,1.9731,1.9073,1.9201,7396.0,,取暖油0709,16924.0,1.9201,1.9201
2007-05-30,HO0709,1.9241,1.929,1.9106,1.9208,2947.0,,取暖油0709,17854.0,1.9208,1.9208
2007-05-31,HO0709,1.9153,1.928,1.8916,1.9261,4431.0,,取暖油0709,18185.0,1.9261,1.9261
2007-06-01,HO0709,1.9291,1.9636,1.9204,1.9588,7895.0,,取暖油0709,18447.0,1.9588,1.9588
2007-06-04,HO0709,1.955,2.0016,1.955,1.9896,8408.0,,取暖油0709,18097.0,1.9896,1.9896
2007-06-05,HO0709,1.9865,2.0071,1.9787,1.9884,9891.0,,取暖油0709,17287.0,1.9884,1.9884
2007-06-06,HO0709,1.9924,2.0057,1.97,1.9952,6426.0,,取暖油0709,18713.0,1.9952,1.9952
2007-06-07,HO0709,1.9965,2.0155,1.9892,2.005,7631.0,,取暖油0709,19709.0,2.005,2.005
2007-06-08,HO0709,2.0022,2.0022,1.9334,1.9348,9373.0,,取暖油0709,22144.0,1.9348,1.9348
2007-06-11,HO0709,1.9356,1.9722,1.9305,1.9681,10089.0,,取暖油0709,23875.0,1.9681,1.9681
2007-06-12,HO0709,1.9611,1.9699,1.9363,1.9539,9200.0,,取暖油0709,25768.0,1.9539,1.9539
2007-06-13,HO0709,1.9505,1.9994,1.9413,1.991,17305.0,,取暖油0709,28146.0,1.991,1.991
2007-06-14,HO0709,1.9902,2.0469,1.9902,2.0431,9295.0,,取暖油0709,30659.0,2.0431,2.0431
2007-06-15,HO0709,2.0463,2.049,2.0229,2.0391,9307.0,,取暖油0709,31914.0,2.0391,2.0391
2007-06-18,HO0709,2.041,2.0675,2.0235,2.0627,7318.0,,取暖油0709,34164.0,2.0627,2.0627
2007-06-19,HO0709,2.0585,2.0615,2.043,2.0572,7161.0,,取暖油0709,35134.0,2.0572,2.0572
2007-06-20,HO0709,2.0531,2.0604,2.0219,2.0593,10533.0,,取暖油0709,36060.0,2.0593,2.0593
2007-06-21,HO0709,2.0592,2.0887,2.0438,2.0495,12567.0,,取暖油0709,37209.0,2.0495,2.0495
2007-06-22,HO0709,2.048,2.0688,2.036,2.0615,7187.0,,取暖油0709,37398.0,2.0615,2.0615
2007-06-25,HO0709,2.0509,2.0775,2.0213,2.0624,7746.0,,取暖油0709,38186.0,2.0624,2.0624
2007-06-26,HO0709,2.049,2.054,2.0138,2.0153,6078.0,,取暖油0709,38709.0,2.0153,2.0153
2007-06-27,HO0709,2.016,2.0566,1.9982,2.0446,8305.0,,取暖油0709,38715.0,2.0446,2.0446
2007-06-28,HO0709,2.0511,2.0635,2.0388,2.0411,9582.0,,取暖油0709,39787.0,2.0411,2.0411
2007-06-29,HO0709,2.0425,2.0747,2.0425,2.0579,9176.0,,取暖油0709,40789.0,2.0579,2.0579
2007-07-02,HO0709,2.058,2.0823,2.0427,2.0757,9697.0,,取暖油0709,42531.0,2.0757,2.0757
2007-07-03,HO0709,2.075,2.0893,2.0665,2.0812,9866.0,,取暖油0709,43441.0,2.0812,2.0812
2007-07-05,HO0709,2.0946,2.1079,2.0675,2.1033,12603.0,,取暖油0709,45350.0,2.1033,2.1033
2007-07-06,HO0709,2.1031,2.12,2.0914,2.1123,10609.0,,取暖油0709,47318.0,2.1123,2.1123
2007-07-09,HO0709,2.1096,2.1221,2.09,2.1113,16911.0,,取暖油0709,50141.0,2.1113,2.1113
2007-07-10,HO0709,2.1083,2.1464,2.1013,2.1408,17688.0,,取暖油0709,52937.0,2.1408,2.1408
2007-07-11,HO0709,2.1351,2.1425,2.1148,2.1203,16362.0,,取暖油0709,54996.0,2.1203,2.1203
2007-07-12,HO0709,2.1105,2.1616,2.1012,2.1172,28432.0,,取暖油0709,56936.0,2.1172,2.1172
2007-07-13,HO0709,2.1199,2.1474,2.115,2.1291,25416.0,,取暖油0709,62122.0,2.1291,2.1291
2007-07-16,HO0709,2.1282,2.1423,2.0738,2.0771,27591.0,,取暖油0709,67525.0,2.0771,2.0771
2007-07-17,HO0709,2.0859,2.1008,2.0466,2.0557,27059.0,,取暖油0709,72378.0,2.0557,2.0557
2007-07-18,HO0709,2.0565,2.128,2.054,2.1261,25886.0,,取暖油0709,72382.0,2.1261,2.1261
2007-07-19,HO0709,2.114,2.1404,2.1093,2.135,21435.0,,取暖油0709,75144.0,2.135,2.135
2007-07-20,HO0709,2.127,2.14,2.1078,2.1137,21656.0,,取暖油0709,77020.0,2.1137,2.1137
2007-07-23,HO0709,2.11,2.1133,2.0688,2.0784,27406.0,,取暖油0709,79977.0,2.0784,2.0784
2007-07-24,HO0709,2.079,2.08,2.0395,2.049,32663.0,,取暖油0709,79429.0,2.049,2.049
2007-07-25,HO0709,2.0476,2.0979,2.029,2.0847,29328.0,,取暖油0709,79213.0,2.0847,2.0847
2007-07-26,HO0709,2.0895,2.1176,2.0372,2.0526,42999.0,,取暖油0709,79729.0,2.0526,2.0526
2007-07-27,HO0709,2.051,2.1037,2.0477,2.0934,30332.0,,取暖油0709,83756.0,2.0934,2.0934
2007-07-30,HO0709,2.0881,2.0984,2.059,2.0831,34567.0,,取暖油0709,86296.0,2.0831,2.0831
2007-07-31,HO0709,2.088,2.1272,2.0775,2.1232,37503.0,,取暖油0709,87002.0,2.1232,2.1232
2007-08-01,HO0709,2.1185,2.121,2.0535,2.0694,46025.0,,取暖油0709,92215.0,2.0694,2.0694
2007-08-02,HO0709,2.0721,2.0889,2.0442,2.0746,32502.0,,取暖油0709,86871.0,2.0746,2.0746
2007-08-03,HO0709,2.0747,2.0798,2.027,2.034,34631.0,,取暖油0709,84255.0,2.034,2.034
2007-08-06,HO0709,2.03,2.0348,1.935,1.9393,42931.0,,取暖油0709,79762.0,1.9393,1.9393
2007-08-07,HO0709,1.9512,1.9725,1.929,1.9641,46497.0,,取暖油0709,74104.0,1.9641,1.9641
2007-08-08,HO0709,1.9641,1.99,1.9545,1.9668,43246.0,,取暖油0709,67770.0,1.9668,1.9668
2007-08-09,HO0709,1.9685,1.9926,1.9428,1.9892,46553.0,,取暖油0709,62657.0,1.9892,1.9892
2007-08-10,HO0709,1.989,1.9958,1.9446,1.9712,39277.0,,取暖油0709,56083.0,1.9712,1.9712
2007-08-13,HO0709,1.9779,2.025,1.9555,1.9665,41592.0,,取暖油0709,51782.0,1.9665,1.9665
2007-08-14,HO0709,1.969,1.992,1.9535,1.9825,28547.0,,取暖油0709,47640.0,1.9825,1.9825
2007-08-15,HO0709,1.99,2.0498,1.985,2.0269,44087.0,,取暖油0709,44237.0,2.0269,2.0269
2007-08-16,HO0709,2.0225,2.0225,1.9468,1.9829,35532.0,,取暖油0709,41772.0,1.9829,1.9829
2007-08-17,HO0709,2.008,2.0237,1.9825,2.0173,26978.0,,取暖油0709,39587.0,2.0173,2.0173
2007-08-20,HO0709,2.0051,2.0083,1.953,1.9809,25811.0,,取暖油0709,37530.0,1.9809,1.9809
2007-08-21,HO0709,1.9809,2.001,1.9398,1.952,28072.0,,取暖油0709,35663.0,1.952,1.952
2007-08-22,HO0709,1.9596,1.966,1.9313,1.9483,20673.0,,取暖油0709,31742.0,1.9483,1.9483
2007-08-23,HO0709,1.956,1.968,1.9483,1.961,14823.0,,取暖油0709,28723.0,1.961,1.961
2007-08-24,HO0709,1.96,1.998,1.9515,1.9972,16151.0,,取暖油0709,27650.0,1.9972,1.9972
2007-08-27,HO0709,1.9975,2.014,1.9621,2.0097,20260.0,,取暖油0709,26734.0,2.0097,2.0097
2007-08-28,HO0709,2.0135,2.0159,1.9915,1.9963,17947.0,,取暖油0709,23181.0,1.9963,1.9963
2007-08-29,HO0709,1.9945,2.0468,1.9925,2.0419,18800.0,,取暖油0709,15970.0,2.0419,2.0419
2007-08-30,HO0709,2.045,2.052,2.022,2.0284,13153.0,,取暖油0709,10508.0,2.0284,2.0284
2007-08-31,HO0709,2.0405,2.059,2.032,2.0422,5420.0,,取暖油0709,5821.0,2.0422,2.0422
