date,symbol,open,high,low,close,volume,amount,name,openinterest,settleprice,price
2005-12-01,HO0706,0.0,0.0,0.0,1.7148,,,取暖油0706,,1.7148,1.7148
2005-12-02,HO0706,0.0,0.0,0.0,1.726,,,取暖油0706,,1.726,1.726
2005-12-05,HO0706,0.0,0.0,0.0,1.7443,,,取暖油0706,,1.7443,1.7443
2005-12-06,HO0706,0.0,0.0,0.0,1.7582,,,取暖油0706,,1.7582,1.7582
2005-12-07,HO0706,0.0,0.0,0.0,1.7604,,,取暖油0706,,1.7604,1.7604
2005-12-08,HO0706,0.0,0.0,0.0,1.8021,,,取暖油0706,,1.8021,1.8021
2005-12-09,HO0706,0.0,0.0,0.0,1.7711,,,取暖油0706,,1.7711,1.7711
2005-12-12,HO0706,0.0,0.0,0.0,1.8087,,,取暖油0706,,1.8087,1.8087
2005-12-13,HO0706,0.0,0.0,0.0,1.834,,,取暖油0706,,1.834,1.834
2005-12-14,HO0706,0.0,0.0,0.0,1.7977,,,取暖油0706,,1.7977,1.7977
2005-12-15,HO0706,0.0,0.0,0.0,1.7615,1.0,,取暖油0706,,1.7615,1.7615
2005-12-16,HO0706,0.0,0.0,0.0,1.7245,,,取暖油0706,1.0,1.7245,1.7245
2005-12-19,HO0706,0.0,0.0,0.0,1.7132,,,取暖油0706,1.0,1.7132,1.7132
2005-12-20,HO0706,0.0,0.0,0.0,1.7182,,,取暖油0706,1.0,1.7182,1.7182
2005-12-21,HO0706,1.731,1.735,1.731,1.735,2.0,,取暖油0706,1.0,1.735,1.735
2005-12-22,HO0706,1.7275,1.7275,1.7144,1.7144,2.0,,取暖油0706,3.0,1.7144,1.7144
2005-12-23,HO0706,0.0,0.0,0.0,1.6978,,,取暖油0706,5.0,1.6978,1.6978
2005-12-27,HO0706,0.0,0.0,0.0,1.6761,,,取暖油0706,5.0,1.6761,1.6761
2005-12-28,HO0706,0.0,0.0,0.0,1.7345,,,取暖油0706,5.0,1.7345,1.7345
2005-12-29,HO0706,0.0,0.0,0.0,1.7661,,,取暖油0706,5.0,1.7661,1.7661
2005-12-30,HO0706,0.0,0.0,0.0,1.7983,,,取暖油0706,5.0,1.7983,1.7983
2006-01-03,HO0706,0.0,0.0,0.0,1.8059,,,取暖油0706,5.0,1.8059,1.8059
2006-01-04,HO0706,0.0,0.0,0.0,1.8279,1.0,,取暖油0706,5.0,1.8279,1.8279
2006-01-05,HO0706,1.8265,1.8265,1.8218,1.8218,2.0,,取暖油0706,6.0,1.8218,1.8218
2006-01-06,HO0706,0.0,0.0,0.0,1.8322,275.0,,取暖油0706,8.0,1.8322,1.8322
2006-01-09,HO0706,1.8225,1.8225,1.8209,1.8209,247.0,,取暖油0706,282.0,1.8209,1.8209
2006-01-10,HO0706,1.826,1.826,1.8123,1.8123,254.0,,取暖油0706,330.0,1.8123,1.8123
2006-01-11,HO0706,0.0,0.0,0.0,1.8147,,,取暖油0706,435.0,1.8147,1.8147
2006-01-12,HO0706,1.8335,1.8335,1.8103,1.8103,85.0,,取暖油0706,435.0,1.8103,1.8103
2006-01-13,HO0706,0.0,0.0,0.0,1.8171,1.0,,取暖油0706,405.0,1.8171,1.8171
2006-01-17,HO0706,0.0,0.0,0.0,1.8915,68.0,,取暖油0706,406.0,1.8915,1.8915
2006-01-18,HO0706,1.89,1.89,1.8743,1.8743,3.0,,取暖油0706,440.0,1.8743,1.8743
2006-01-19,HO0706,0.0,0.0,0.0,1.9191,,,取暖油0706,440.0,1.9191,1.9191
2006-01-20,HO0706,0.0,0.0,0.0,1.9522,110.0,,取暖油0706,440.0,1.9522,1.9522
2006-01-23,HO0706,1.952,1.952,1.9312,1.9312,1.0,,取暖油0706,454.0,1.9312,1.9312
2006-01-24,HO0706,1.931,1.931,1.9139,1.9139,56.0,,取暖油0706,455.0,1.9139,1.9139
2006-01-25,HO0706,0.0,0.0,0.0,1.8912,50.0,,取暖油0706,456.0,1.8912,1.8912
2006-01-26,HO0706,0.0,0.0,0.0,1.8991,,,取暖油0706,456.0,1.8991,1.8991
2006-01-27,HO0706,0.0,0.0,0.0,1.9385,25.0,,取暖油0706,456.0,1.9385,1.9385
2006-01-30,HO0706,0.0,0.0,0.0,1.9692,,,取暖油0706,456.0,1.9692,1.9692
2006-01-31,HO0706,0.0,0.0,0.0,1.9634,,,取暖油0706,456.0,1.9634,1.9634
2006-02-01,HO0706,0.0,0.0,0.0,1.9382,,,取暖油0706,456.0,1.9382,1.9382
2006-02-02,HO0706,0.0,0.0,0.0,1.8989,275.0,,取暖油0706,456.0,1.8989,1.8989
2006-02-03,HO0706,0.0,0.0,0.0,1.9145,145.0,,取暖油0706,611.0,1.9145,1.9145
2006-02-06,HO0706,1.937,1.937,1.904,1.904,2.0,,取暖油0706,706.0,1.904,1.904
2006-02-07,HO0706,0.0,0.0,0.0,1.8645,320.0,,取暖油0706,758.0,1.8645,1.8645
2006-02-08,HO0706,1.8665,1.8665,1.8377,1.8377,28.0,,取暖油0706,1010.0,1.8377,1.8377
2006-02-09,HO0706,0.0,0.0,0.0,1.8351,52.0,,取暖油0706,1036.0,1.8351,1.8351
2006-02-10,HO0706,0.0,0.0,0.0,1.8063,249.0,,取暖油0706,1088.0,1.8063,1.8063
2006-02-13,HO0706,0.0,0.0,0.0,1.8024,,,取暖油0706,1237.0,1.8024,1.8024
2006-02-14,HO0706,1.825,1.825,1.7946,1.7946,460.0,,取暖油0706,1337.0,1.7946,1.7946
2006-02-15,HO0706,0.0,0.0,0.0,1.7813,77.0,,取暖油0706,1634.0,1.7813,1.7813
2006-02-16,HO0706,0.0,0.0,0.0,1.798,85.0,,取暖油0706,1591.0,1.798,1.798
2006-02-17,HO0706,0.0,0.0,0.0,1.8217,32.0,,取暖油0706,1644.0,1.8217,1.8217
2006-02-21,HO0706,0.0,0.0,0.0,1.8349,25.0,,取暖油0706,1658.0,1.8349,1.8349
2006-02-22,HO0706,1.823,1.823,1.8171,1.8171,102.0,,取暖油0706,1568.0,1.8171,1.8171
2006-02-23,HO0706,0.0,0.0,0.0,1.8157,200.0,,取暖油0706,1656.0,1.8157,1.8157
2006-02-24,HO0706,0.0,0.0,0.0,1.8626,55.0,,取暖油0706,1841.0,1.8626,1.8626
2006-02-27,HO0706,0.0,0.0,0.0,1.8319,149.0,,取暖油0706,1881.0,1.8319,1.8319
2006-02-28,HO0706,0.0,0.0,0.0,1.8466,125.0,,取暖油0706,1916.0,1.8466,1.8466
2006-03-01,HO0706,0.0,0.0,0.0,1.8586,25.0,,取暖油0706,1964.0,1.8586,1.8586
2006-03-02,HO0706,0.0,0.0,0.0,1.8964,60.0,,取暖油0706,1989.0,1.8964,1.8964
2006-03-03,HO0706,0.0,0.0,0.0,1.9057,635.0,,取暖油0706,2039.0,1.9057,1.9057
2006-03-06,HO0706,0.0,0.0,0.0,1.8655,213.0,,取暖油0706,2329.0,1.8655,1.8655
2006-03-07,HO0706,0.0,0.0,0.0,1.8334,,,取暖油0706,2412.0,1.8334,1.8334
2006-03-08,HO0706,0.0,0.0,0.0,1.7944,26.0,,取暖油0706,2362.0,1.7944,1.7944
2006-03-09,HO0706,0.0,0.0,0.0,1.8094,260.0,,取暖油0706,2388.0,1.8094,1.8094
2006-03-10,HO0706,0.0,0.0,0.0,1.7994,101.0,,取暖油0706,2589.0,1.7994,1.7994
2006-03-13,HO0706,0.0,0.0,0.0,1.8363,41.0,,取暖油0706,2648.0,1.8363,1.8363
2006-03-14,HO0706,0.0,0.0,0.0,1.8952,155.0,,取暖油0706,2677.0,1.8952,1.8952
2006-03-15,HO0706,0.0,0.0,0.0,1.8486,48.0,,取暖油0706,2793.0,1.8486,1.8486
2006-03-16,HO0706,0.0,0.0,0.0,1.8795,140.0,,取暖油0706,2811.0,1.8795,1.8795
2006-03-17,HO0706,0.0,0.0,0.0,1.8546,,,取暖油0706,2896.0,1.8546,1.8546
2006-03-20,HO0706,0.0,0.0,0.0,1.8146,50.0,,取暖油0706,2896.0,1.8146,1.8146
2006-03-21,HO0706,0.0,0.0,0.0,1.836,,,取暖油0706,2946.0,1.836,1.836
2006-03-22,HO0706,0.0,0.0,0.0,1.8134,,,取暖油0706,2946.0,1.8134,1.8134
2006-03-23,HO0706,1.8535,1.8558,1.85,1.8558,54.0,,取暖油0706,2946.0,1.8558,1.8558
2006-03-24,HO0706,0.0,0.0,0.0,1.8609,,,取暖油0706,2971.0,1.8609,1.8609
2006-03-27,HO0706,0.0,0.0,0.0,1.8568,40.0,,取暖油0706,2971.0,1.8568,1.8568
2006-03-28,HO0706,1.897,1.897,1.8941,1.8941,127.0,,取暖油0706,2966.0,1.8941,1.8941
2006-03-29,HO0706,0.0,0.0,0.0,1.9114,1.0,,取暖油0706,2993.0,1.9114,1.9114
2006-03-30,HO0706,1.934,1.9393,1.934,1.9393,27.0,,取暖油0706,2993.0,1.9393,1.9393
2006-03-31,HO0706,1.92,1.9388,1.92,1.9388,133.0,,取暖油0706,2993.0,1.9388,1.9388
2006-04-03,HO0706,1.963,1.963,1.9374,1.9374,790.0,,取暖油0706,2947.0,1.9374,1.9374
2006-04-04,HO0706,0.0,0.0,0.0,1.9277,75.0,,取暖油0706,2526.0,1.9277,1.9277
2006-04-05,HO0706,1.938,1.938,1.936,1.936,62.0,,取暖油0706,2529.0,1.936,1.936
2006-04-06,HO0706,0.0,0.0,0.0,1.95,25.0,,取暖油0706,2579.0,1.95,1.95
2006-04-07,HO0706,1.9375,1.9511,1.9375,1.9511,2.0,,取暖油0706,2604.0,1.9511,1.9511
2006-04-10,HO0706,1.97,2.0053,1.97,2.0053,11.0,,取暖油0706,2605.0,2.0053,2.0053
2006-04-11,HO0706,2.007,2.0105,2.007,2.0105,4.0,,取暖油0706,2609.0,2.0105,2.0105
2006-04-12,HO0706,2.007,2.0192,2.007,2.0192,193.0,,取暖油0706,2609.0,2.0192,2.0192
2006-04-13,HO0706,0.0,0.0,0.0,2.0241,645.0,,取暖油0706,2582.0,2.0241,2.0241
2006-04-17,HO0706,2.05,2.064,2.05,2.064,238.0,,取暖油0706,2179.0,2.064,2.064
2006-04-18,HO0706,2.063,2.0885,2.063,2.0885,228.0,,取暖油0706,2385.0,2.0885,2.0885
2006-04-19,HO0706,2.0875,2.097,2.0875,2.097,406.0,,取暖油0706,2411.0,2.097,2.097
2006-04-20,HO0706,0.0,0.0,0.0,2.0832,300.0,,取暖油0706,2339.0,2.0832,2.0832
2006-04-21,HO0706,0.0,0.0,0.0,2.1106,55.0,,取暖油0706,2379.0,2.1106,2.1106
2006-04-24,HO0706,2.1,2.1,2.0741,2.0741,56.0,,取暖油0706,2379.0,2.0741,2.0741
2006-04-25,HO0706,2.082,2.101,2.082,2.101,35.0,,取暖油0706,2391.0,2.101,2.101
2006-04-26,HO0706,2.086,2.086,2.0713,2.0713,2.0,,取暖油0706,2418.0,2.0713,2.0713
2006-04-27,HO0706,2.055,2.055,2.0416,2.0416,327.0,,取暖油0706,2417.0,2.0416,2.0416
2006-04-28,HO0706,2.07,2.07,2.0669,2.0669,46.0,,取暖油0706,2552.0,2.0669,2.0669
2006-05-01,HO0706,0.0,0.0,0.0,2.1108,80.0,,取暖油0706,2574.0,2.1108,2.1108
2006-05-02,HO0706,0.0,0.0,0.0,2.1255,862.0,,取暖油0706,2649.0,2.1255,2.1255
2006-05-03,HO0706,2.1125,2.1125,2.0576,2.0576,352.0,,取暖油0706,2429.0,2.0576,2.0576
2006-05-04,HO0706,0.0,0.0,0.0,2.0056,516.0,,取暖油0706,2348.0,2.0056,2.0056
2006-05-05,HO0706,2.005,2.0291,2.005,2.0291,48.0,,取暖油0706,2393.0,2.0291,2.0291
2006-05-08,HO0706,0.0,0.0,0.0,2.0285,387.0,,取暖油0706,2368.0,2.0285,2.0285
2006-05-09,HO0706,2.07,2.07,2.0592,2.0592,320.0,,取暖油0706,2152.0,2.0592,2.0592
2006-05-10,HO0706,0.0,0.0,0.0,2.1199,155.0,,取暖油0706,2025.0,2.1199,2.1199
2006-05-11,HO0706,0.0,0.0,0.0,2.1344,407.0,,取暖油0706,1987.0,2.1344,2.1344
2006-05-12,HO0706,0.0,0.0,0.0,2.091,496.0,,取暖油0706,1925.0,2.091,2.091
2006-05-15,HO0706,2.049,2.049,2.0205,2.0205,285.0,,取暖油0706,1875.0,2.0205,2.0205
2006-05-16,HO0706,2.032,2.0333,2.032,2.0333,383.0,,取暖油0706,1841.0,2.0333,2.0333
2006-05-17,HO0706,2.015,2.023,2.0118,2.0118,262.0,,取暖油0706,1926.0,2.0118,2.0118
2006-05-18,HO0706,0.0,0.0,0.0,2.0385,846.0,,取暖油0706,2058.0,2.0385,2.0385
2006-05-19,HO0706,2.0375,2.0375,2.0202,2.0202,701.0,,取暖油0706,2607.0,2.0202,2.0202
2006-05-22,HO0706,2.025,2.0382,2.025,2.0382,56.0,,取暖油0706,3089.0,2.0382,2.0382
2006-05-23,HO0706,0.0,0.0,0.0,2.0737,514.0,,取暖油0706,3116.0,2.0737,2.0737
2006-05-24,HO0706,2.0625,2.0625,2.0339,2.0339,630.0,,取暖油0706,3437.0,2.0339,2.0339
2006-05-25,HO0706,0.0,0.0,0.0,2.0792,29.0,,取暖油0706,3463.0,2.0792,2.0792
2006-05-26,HO0706,0.0,0.0,0.0,2.0557,50.0,,取暖油0706,3406.0,2.0557,2.0557
2006-05-30,HO0706,0.0,0.0,0.0,2.0764,57.0,,取暖油0706,3364.0,2.0764,2.0764
2006-05-31,HO0706,0.0,0.0,0.0,2.0638,82.0,,取暖油0706,3366.0,2.0638,2.0638
2006-06-01,HO0706,2.075,2.082,2.0439,2.0439,637.0,,取暖油0706,3421.0,2.0439,2.0439
2006-06-02,HO0706,0.0,0.0,0.0,2.0803,478.0,,取暖油0706,3879.0,2.0803,2.0803
2006-06-05,HO0706,0.0,0.0,0.0,2.1101,410.0,,取暖油0706,4083.0,2.1101,2.1101
2006-06-06,HO0706,2.0975,2.113,2.0975,2.113,856.0,,取暖油0706,4343.0,2.113,2.113
2006-06-07,HO0706,2.09,2.09,2.0819,2.0819,150.0,,取暖油0706,4656.0,2.0819,2.0819
2006-06-08,HO0706,2.056,2.08,2.056,2.08,761.0,,取暖油0706,4681.0,2.08,2.08
2006-06-09,HO0706,2.0815,2.1225,2.0815,2.1126,280.0,,取暖油0706,5150.0,2.1126,2.1126
2006-06-12,HO0706,0.0,0.0,0.0,2.0619,40.0,,取暖油0706,5186.0,2.0619,2.0619
2006-06-13,HO0706,2.04,2.04,2.0245,2.0245,262.0,,取暖油0706,5174.0,2.0245,2.0245
2006-06-14,HO0706,2.03,2.0305,2.0245,2.0305,202.0,,取暖油0706,5266.0,2.0305,2.0305
2006-06-15,HO0706,2.05,2.05,2.0303,2.0303,132.0,,取暖油0706,5140.0,2.0303,2.0303
2006-06-16,HO0706,2.045,2.045,2.0263,2.0263,82.0,,取暖油0706,5198.0,2.0263,2.0263
2006-06-19,HO0706,2.03,2.03,2.0059,2.0059,21.0,,取暖油0706,5215.0,2.0059,2.0059
2006-06-20,HO0706,2.035,2.035,2.0148,2.0148,522.0,,取暖油0706,5215.0,2.0148,2.0148
2006-06-21,HO0706,0.0,0.0,0.0,2.041,212.0,,取暖油0706,5403.0,2.041,2.041
2006-06-22,HO0706,2.076,2.076,2.0708,2.0708,301.0,,取暖油0706,5376.0,2.0708,2.0708
2006-06-23,HO0706,0.0,0.0,0.0,2.0519,208.0,,取暖油0706,5209.0,2.0519,2.0519
2006-06-26,HO0706,2.045,2.0762,2.045,2.0762,166.0,,取暖油0706,5239.0,2.0762,2.0762
2006-06-27,HO0706,0.0,0.0,0.0,2.0696,142.0,,取暖油0706,5271.0,2.0696,2.0696
2006-06-28,HO0706,2.089,2.089,2.0674,2.0674,929.0,,取暖油0706,5297.0,2.0674,2.0674
2006-06-29,HO0706,0.0,0.0,0.0,2.1134,1013.0,,取暖油0706,5445.0,2.1134,2.1134
2006-06-30,HO0706,0.0,0.0,0.0,2.1011,147.0,,取暖油0706,5517.0,2.1011,2.1011
2006-07-03,HO0706,0.0,0.0,0.0,2.1011,,,取暖油0706,5617.0,2.1011,2.1011
2006-07-05,HO0706,0.0,0.0,0.0,2.1456,845.0,,取暖油0706,,2.1456,2.1456
2006-07-06,HO0706,2.135,2.166,2.135,2.1622,754.0,,取暖油0706,6029.0,2.1622,2.1622
2006-07-07,HO0706,2.162,2.1713,2.1301,2.1301,618.0,,取暖油0706,6463.0,2.1301,2.1301
2006-07-10,HO0706,2.13,2.13,2.112,2.118,693.0,,取暖油0706,6543.0,2.118,2.118
2006-07-11,HO0706,0.0,0.0,0.0,2.1497,597.0,,取暖油0706,6425.0,2.1497,2.1497
2006-07-12,HO0706,2.14,2.1596,2.14,2.1596,887.0,,取暖油0706,6545.0,2.1596,2.1596
2006-07-13,HO0706,2.1691,2.216,2.1675,2.205,1647.0,,取暖油0706,6820.0,2.205,2.205
2006-07-14,HO0706,0.0,0.0,0.0,2.2059,506.0,,取暖油0706,7418.0,2.2059,2.2059
2006-07-17,HO0706,0.0,0.0,0.0,2.1697,362.0,,取暖油0706,7652.0,2.1697,2.1697
2006-07-18,HO0706,0.0,0.0,0.0,2.1527,266.0,,取暖油0706,7804.0,2.1527,2.1527
2006-07-19,HO0706,2.13,2.1514,2.13,2.1514,386.0,,取暖油0706,7903.0,2.1514,2.1514
2006-07-20,HO0706,2.159,2.159,2.1248,2.1248,799.0,,取暖油0706,7904.0,2.1248,2.1248
2006-07-21,HO0706,2.156,2.156,2.134,2.134,431.0,,取暖油0706,7988.0,2.134,2.134
2006-07-24,HO0706,0.0,0.0,0.0,2.151,914.0,,取暖油0706,8311.0,2.151,2.151
2006-07-25,HO0706,2.162,2.162,2.1217,2.1217,626.0,,取暖油0706,8445.0,2.1217,2.1217
2006-07-26,HO0706,0.0,0.0,0.0,2.142,2305.0,,取暖油0706,8656.0,2.142,2.142
2006-07-27,HO0706,2.1572,2.172,2.1571,2.1578,761.0,,取暖油0706,9474.0,2.1578,2.1578
2006-07-28,HO0706,2.134,2.134,2.1333,2.1333,1287.0,,取暖油0706,9641.0,2.1333,2.1333
2006-07-31,HO0706,0.0,0.0,0.0,2.1571,227.0,,取暖油0706,9297.0,2.1571,2.1571
2006-08-01,HO0706,2.19,2.1912,2.19,2.1912,399.0,,取暖油0706,9269.0,2.1912,2.1912
2006-08-02,HO0706,2.1946,2.2068,2.1946,2.2068,412.0,,取暖油0706,9530.0,2.2068,2.2068
2006-08-03,HO0706,2.1986,2.1986,2.1975,2.1975,327.0,,取暖油0706,9631.0,2.1975,2.1975
2006-08-04,HO0706,2.199,2.199,2.1783,2.1783,311.0,,取暖油0706,9770.0,2.1783,2.1783
2006-08-07,HO0706,2.2175,2.226,2.2103,2.2103,339.0,,取暖油0706,10026.0,2.2103,2.2103
2006-08-08,HO0706,2.214,2.214,2.1985,2.1985,360.0,,取暖油0706,10142.0,2.1985,2.1985
2006-08-09,HO0706,2.204,2.2275,2.1897,2.1897,1063.0,,取暖油0706,10095.0,2.1897,2.1897
2006-08-10,HO0706,2.1775,2.1775,2.1472,2.1472,927.0,,取暖油0706,10330.0,2.1472,2.1472
2006-08-11,HO0706,2.16,2.1617,2.16,2.1617,556.0,,取暖油0706,10804.0,2.1617,2.1617
2006-08-14,HO0706,2.136,2.1412,2.13,2.1412,814.0,,取暖油0706,10754.0,2.1412,2.1412
2006-08-15,HO0706,2.155,2.16,2.1267,2.1267,141.0,,取暖油0706,10867.0,2.1267,2.1267
2006-08-16,HO0706,2.13,2.13,2.1087,2.1087,371.0,,取暖油0706,10919.0,2.1087,2.1087
2006-08-17,HO0706,2.07,2.07,2.0639,2.0639,533.0,,取暖油0706,11066.0,2.0639,2.0639
2006-08-18,HO0706,2.07,2.085,2.0669,2.0669,279.0,,取暖油0706,11174.0,2.0669,2.0669
2006-08-21,HO0706,2.087,2.1021,2.087,2.1021,52.0,,取暖油0706,11276.0,2.1021,2.1021
2006-08-22,HO0706,2.105,2.1135,2.0948,2.0948,788.0,,取暖油0706,11296.0,2.0948,2.0948
2006-08-23,HO0706,2.095,2.095,2.0645,2.079,1650.0,,取暖油0706,11615.0,2.079,2.079
2006-08-24,HO0706,2.095,2.109,2.095,2.096,2620.0,,取暖油0706,11858.0,2.096,2.096
2006-08-25,HO0706,0.0,0.0,0.0,2.0883,955.0,,取暖油0706,12532.0,2.0883,2.0883
2006-08-28,HO0706,2.07,2.07,2.0447,2.0447,1493.0,,取暖油0706,13227.0,2.0447,2.0447
2006-08-29,HO0706,2.0535,2.0535,2.039,2.039,2615.0,,取暖油0706,13367.0,2.039,2.039
2006-08-30,HO0706,2.044,2.064,2.0415,2.064,3793.0,,取暖油0706,13039.0,2.064,2.064
2006-08-31,HO0706,2.074,2.0881,2.074,2.0881,717.0,,取暖油0706,13277.0,2.0881,2.0881
2006-09-01,HO0706,2.075,2.075,2.0494,2.0494,181.0,,取暖油0706,13085.0,2.0494,2.0494
2006-09-05,HO0706,2.044,2.044,2.0317,2.0317,3072.0,,取暖油0706,13054.0,2.0317,2.0317
2006-09-06,HO0706,2.03,2.03,2.0174,2.0174,1082.0,,取暖油0706,13478.0,2.0174,2.0174
2006-09-07,HO0706,2.016,2.016,2.005,2.0059,968.0,,取暖油0706,14016.0,2.0059,2.0059
2006-09-08,HO0706,1.998,1.998,1.9818,1.9818,1452.0,,取暖油0706,14263.0,1.9818,1.9818
2006-09-11,HO0706,1.954,1.9725,1.9474,1.9474,785.0,,取暖油0706,14648.0,1.9474,1.9474
2006-09-12,HO0706,0.0,0.0,0.0,1.8978,1146.0,,取暖油0706,14935.0,1.8978,1.8978
2006-09-13,HO0706,1.934,1.934,1.9091,1.9091,2987.0,,取暖油0706,14988.0,1.9091,1.9091
2006-09-14,HO0706,1.912,1.912,1.895,1.9041,6488.0,,取暖油0706,14202.0,1.9041,1.9041
2006-09-15,HO0706,1.901,1.901,1.8767,1.8767,3070.0,,取暖油0706,16165.0,1.8767,1.8767
2006-09-18,HO0706,0.0,0.0,0.0,1.8787,3894.0,,取暖油0706,17276.0,1.8787,1.8787
2006-09-19,HO0706,1.901,1.901,1.8426,1.8426,444.0,,取暖油0706,17413.0,1.8426,1.8426
2006-09-20,HO0706,1.8325,1.8325,1.8021,1.8021,2207.0,,取暖油0706,17276.0,1.8021,1.8021
2006-09-21,HO0706,1.8075,1.8213,1.8075,1.8213,1317.0,,取暖油0706,17048.0,1.8213,1.8213
2006-09-22,HO0706,1.81,1.81,1.8004,1.8004,1138.0,,取暖油0706,17258.0,1.8004,1.8004
2006-09-25,HO0706,1.813,1.8133,1.813,1.8133,1109.0,,取暖油0706,17158.0,1.8133,1.8133
2006-09-26,HO0706,1.815,1.819,1.8003,1.8003,862.0,,取暖油0706,16922.0,1.8003,1.8003
2006-09-27,HO0706,1.8153,1.849,1.795,1.849,1323.0,,取暖油0706,17089.0,1.849,1.849
2006-09-28,HO0706,1.845,1.8675,1.845,1.8544,701.0,,取暖油0706,17386.0,1.8544,1.8544
2006-09-29,HO0706,1.839,1.8667,1.839,1.8667,536.0,,取暖油0706,17499.0,1.8667,1.8667
2006-10-02,HO0706,1.8677,1.8677,1.8327,1.8327,351.0,,取暖油0706,17521.0,1.8327,1.8327
2006-10-03,HO0706,1.816,1.816,1.79,1.7964,1050.0,,取暖油0706,17656.0,1.7964,1.7964
2006-10-04,HO0706,1.795,1.813,1.79,1.8129,222.0,,取暖油0706,17201.0,1.8129,1.8129
2006-10-05,HO0706,1.81,1.8235,1.81,1.8171,725.0,,取暖油0706,17263.0,1.8171,1.8171
2006-10-06,HO0706,1.815,1.8194,1.8,1.8194,456.0,,取暖油0706,17304.0,1.8194,1.8194
2006-10-09,HO0706,0.0,0.0,0.0,1.828,795.0,,取暖油0706,17411.0,1.828,1.828
2006-10-10,HO0706,1.824,1.824,1.7948,1.7948,497.0,,取暖油0706,17499.0,1.7948,1.7948
2006-10-11,HO0706,1.795,1.802,1.7813,1.7813,988.0,,取暖油0706,17468.0,1.7813,1.7813
2006-10-12,HO0706,1.781,1.791,1.781,1.7893,548.0,,取暖油0706,17794.0,1.7893,1.7893
2006-10-13,HO0706,1.816,1.8225,1.806,1.8076,750.0,,取暖油0706,18011.0,1.8076,1.8076
2006-10-16,HO0706,0.0,0.0,0.0,1.8416,745.0,,取暖油0706,18147.0,1.8416,1.8416
2006-10-17,HO0706,1.8425,1.8425,1.8156,1.8156,2333.0,,取暖油0706,18134.0,1.8156,1.8156
2006-10-18,HO0706,1.811,1.811,1.7845,1.7848,1483.0,,取暖油0706,18529.0,1.7848,1.7848
2006-10-19,HO0706,1.7848,1.8164,1.7777,1.8164,2187.0,,取暖油0706,18788.0,1.8164,1.8164
2006-10-20,HO0706,1.795,1.795,1.7894,1.7894,1580.0,,取暖油0706,18742.0,1.7894,1.7894
2006-10-23,HO0706,1.777,1.777,1.77,1.7759,828.0,,取暖油0706,18847.0,1.7759,1.7759
2006-10-24,HO0706,1.785,1.801,1.785,1.7897,1063.0,,取暖油0706,18953.0,1.7897,1.7897
2006-10-25,HO0706,1.809,1.8344,1.809,1.8344,842.0,,取暖油0706,18903.0,1.8344,1.8344
2006-10-26,HO0706,1.8115,1.815,1.807,1.807,1929.0,,取暖油0706,18991.0,1.807,1.807
2006-10-27,HO0706,1.805,1.82,1.8035,1.8145,902.0,,取暖油0706,19125.0,1.8145,1.8145
2006-10-30,HO0706,1.78,1.78,1.7553,1.7555,697.0,,取暖油0706,19098.0,1.7555,1.7555
2006-10-31,HO0706,1.7542,1.7785,1.7425,1.774,2531.0,,取暖油0706,19150.0,1.774,1.774
2006-11-01,HO0706,1.771,1.775,1.749,1.7672,1350.0,,取暖油0706,19491.0,1.7672,1.7672
2006-11-02,HO0706,1.762,1.7675,1.7537,1.7537,1060.0,,取暖油0706,19589.0,1.7537,1.7537
2006-11-03,HO0706,1.768,1.785,1.768,1.7844,850.0,,取暖油0706,19733.0,1.7844,1.7844
2006-11-06,HO0706,1.811,1.825,1.811,1.8146,404.0,,取暖油0706,19889.0,1.8146,1.8146
2006-11-07,HO0706,1.813,1.813,1.7793,1.7793,1594.0,,取暖油0706,19953.0,1.7793,1.7793
2006-11-08,HO0706,1.785,1.809,1.785,1.7986,1540.0,,取暖油0706,19556.0,1.7986,1.7986
2006-11-09,HO0706,1.83,1.8301,1.8225,1.8301,1288.0,,取暖油0706,19994.0,1.8301,1.8301
2006-11-10,HO0706,1.8145,1.8145,1.7923,1.7923,1161.0,,取暖油0706,20201.0,1.7923,1.7923
2006-11-13,HO0706,1.765,1.773,1.7625,1.7682,918.0,,取暖油0706,20183.0,1.7682,1.7682
2006-11-14,HO0706,1.777,1.786,1.7667,1.7667,907.0,,取暖油0706,20015.0,1.7667,1.7667
2006-11-15,HO0706,1.7975,1.7975,1.78,1.7854,847.0,,取暖油0706,19697.0,1.7854,1.7854
2006-11-16,HO0706,1.8001,1.815,1.7425,1.7431,2481.0,,取暖油0706,19796.0,1.7431,1.7431
2006-11-17,HO0706,1.744,1.7675,1.7393,1.7599,1945.0,,取暖油0706,20073.0,1.7599,1.7599
2006-11-20,HO0706,1.7507,1.7665,1.75,1.7665,1394.0,,取暖油0706,20015.0,1.7665,1.7665
2006-11-21,HO0706,1.7675,1.813,1.7675,1.8086,1415.0,,取暖油0706,20757.0,1.8086,1.8086
2006-11-22,HO0706,1.795,1.795,1.761,1.7622,782.0,,取暖油0706,20889.0,1.7622,1.7622
2006-11-24,HO0706,0.0,0.0,0.0,1.7622,,,取暖油0706,21129.0,1.7622,1.7622
2006-11-27,HO0706,1.7725,1.799,1.7725,1.7978,722.0,,取暖油0706,21039.0,1.7978,1.7978
2006-11-28,HO0706,1.812,1.8175,1.808,1.8148,945.0,,取暖油0706,21323.0,1.8148,1.8148
2006-11-29,HO0706,1.8191,1.8553,1.8191,1.8553,1660.0,,取暖油0706,21417.0,1.8553,1.8553
2006-11-30,HO0706,1.868,1.883,1.868,1.873,2538.0,,取暖油0706,21530.0,1.873,1.873
2006-12-01,HO0706,1.8607,1.8814,1.8607,1.8814,5845.0,,取暖油0706,21817.0,1.8814,1.8814
2006-12-04,HO0706,1.865,1.865,1.8499,1.8499,1023.0,,取暖油0706,20673.0,1.8499,1.8499
2006-12-05,HO0706,1.8525,1.8525,1.827,1.8433,2991.0,,取暖油0706,20622.0,1.8433,1.8433
2006-12-06,HO0706,1.84,1.865,1.8275,1.8409,1891.0,,取暖油0706,19789.0,1.8409,1.8409
2006-12-07,HO0706,1.823,1.8395,1.823,1.8294,1271.0,,取暖油0706,19783.0,1.8294,1.8294
2006-12-08,HO0706,1.8475,1.857,1.8082,1.8082,2108.0,,取暖油0706,19642.0,1.8082,1.8082
2006-12-11,HO0706,1.7964,1.8125,1.795,1.796,1498.0,,取暖油0706,19654.0,1.796,1.796
2006-12-12,HO0706,1.805,1.82,1.788,1.7965,624.0,,取暖油0706,19445.0,1.7965,1.7965
2006-12-13,HO0706,1.7838,1.8175,1.7815,1.797,1553.0,,取暖油0706,19426.0,1.797,1.797
2006-12-14,HO0706,1.835,1.835,1.8242,1.8286,2605.0,,取暖油0706,18833.0,1.8286,1.8286
2006-12-15,HO0706,1.813,1.845,1.813,1.8297,501.0,,取暖油0706,19028.0,1.8297,1.8297
2006-12-18,HO0706,1.8225,1.8225,1.7797,1.7797,2595.0,,取暖油0706,19046.0,1.7797,1.7797
2006-12-19,HO0706,1.7798,1.817,1.7742,1.7982,3752.0,,取暖油0706,18533.0,1.7982,1.7982
2006-12-20,HO0706,1.8125,1.8313,1.8045,1.8143,2107.0,,取暖油0706,19103.0,1.8143,1.8143
2006-12-21,HO0706,1.8038,1.81,1.7925,1.7925,1313.0,,取暖油0706,18812.0,1.7925,1.7925
2006-12-22,HO0706,1.81,1.8165,1.7808,1.7808,1490.0,,取暖油0706,18725.0,1.7808,1.7808
2006-12-26,HO0706,1.7865,1.7865,1.7425,1.7443,1674.0,,取暖油0706,18577.0,1.7443,1.7443
2006-12-27,HO0706,1.7465,1.763,1.7333,1.7363,2242.0,,取暖油0706,18283.0,1.7363,1.7363
2006-12-28,HO0706,1.74,1.7525,1.735,1.7411,947.0,,取暖油0706,18270.0,1.7411,1.7411
2006-12-29,HO0706,1.73,1.75,1.724,1.7412,1523.0,,取暖油0706,18132.0,1.7412,1.7412
2007-01-03,HO0706,1.728,1.728,1.68,1.6901,3920.0,,取暖油0706,17832.0,1.6901,1.6901
2007-01-04,HO0706,1.6905,1.698,1.6436,1.6436,3739.0,,取暖油0706,17515.0,1.6436,1.6436
2007-01-05,HO0706,1.6436,1.6625,1.6342,1.6593,3320.0,,取暖油0706,17711.0,1.6593,1.6593
2007-01-08,HO0706,1.6821,1.6873,1.643,1.6515,2631.0,,取暖油0706,17882.0,1.6515,1.6515
2007-01-09,HO0706,1.6415,1.6573,1.6172,1.645,3637.0,,取暖油0706,18559.0,1.645,1.645
2007-01-10,HO0706,1.6375,1.6469,1.602,1.609,3015.0,,取暖油0706,18808.0,1.609,1.609
2007-01-11,HO0706,1.593,1.62,1.5542,1.5554,3742.0,,取暖油0706,18526.0,1.5554,1.5554
2007-01-12,HO0706,1.5684,1.578,1.55,1.5727,2034.0,,取暖油0706,18552.0,1.5727,1.5727
2007-01-16,HO0706,1.565,1.5682,1.526,1.5393,5668.0,,取暖油0706,18747.0,1.5393,1.5393
2007-01-17,HO0706,1.544,1.575,1.52,1.5573,4559.0,,取暖油0706,19459.0,1.5573,1.5573
2007-01-18,HO0706,1.5505,1.5614,1.5143,1.5332,3303.0,,取暖油0706,19721.0,1.5332,1.5332
2007-01-19,HO0706,1.5435,1.5714,1.5435,1.5705,2950.0,,取暖油0706,19898.0,1.5705,1.5705
2007-01-22,HO0706,1.5805,1.6075,1.55,1.5585,2625.0,,取暖油0706,19322.0,1.5585,1.5585
2007-01-23,HO0706,1.573,1.6185,1.573,1.6185,3775.0,,取暖油0706,19921.0,1.6185,1.6185
2007-01-24,HO0706,1.6136,1.6195,1.5822,1.6183,2135.0,,取暖油0706,19700.0,1.6183,1.6183
2007-01-25,HO0706,1.6146,1.628,1.5849,1.5849,4016.0,,取暖油0706,20120.0,1.5849,1.5849
2007-01-26,HO0706,1.5954,1.6254,1.59,1.6254,2379.0,,取暖油0706,20317.0,1.6254,1.6254
2007-01-29,HO0706,1.6409,1.6411,1.58,1.5807,3289.0,,取暖油0706,20470.0,1.5807,1.5807
2007-01-30,HO0706,1.5925,1.6573,1.5925,1.6573,4277.0,,取暖油0706,21590.0,1.6573,1.6573
2007-01-31,HO0706,1.6433,1.6828,1.6288,1.6828,5831.0,,取暖油0706,21894.0,1.6828,1.6828
2007-02-01,HO0706,1.6825,1.6934,1.66,1.6655,3561.0,,取暖油0706,22740.0,1.6655,1.6655
2007-02-02,HO0706,1.67,1.699,1.6528,1.699,3468.0,,取暖油0706,23610.0,1.699,1.699
2007-02-05,HO0706,1.698,1.72,1.6829,1.6851,2654.0,,取暖油0706,24082.0,1.6851,1.6851
2007-02-06,HO0706,1.697,1.7141,1.6836,1.6904,3046.0,,取暖油0706,24765.0,1.6904,1.6904
2007-02-07,HO0706,1.6936,1.7039,1.655,1.6616,5189.0,,取暖油0706,24683.0,1.6616,1.6616
2007-02-08,HO0706,1.6677,1.7177,1.658,1.7175,3150.0,,取暖油0706,24326.0,1.7175,1.7175
2007-02-09,HO0706,1.7188,1.7285,1.7035,1.7168,4041.0,,取暖油0706,24801.0,1.7168,1.7168
2007-02-12,HO0706,1.7114,1.7114,1.6449,1.6552,4793.0,,取暖油0706,24084.0,1.6552,1.6552
2007-02-13,HO0706,1.6453,1.701,1.645,1.6982,3740.0,,取暖油0706,24329.0,1.6982,1.6982
2007-02-14,HO0706,1.6859,1.687,1.639,1.6523,4821.0,,取暖油0706,23906.0,1.6523,1.6523
2007-02-15,HO0706,1.6514,1.658,1.621,1.6391,3901.0,,取暖油0706,23768.0,1.6391,1.6391
2007-02-16,HO0706,1.6366,1.6785,1.6366,1.6785,3903.0,,取暖油0706,24016.0,1.6785,1.6785
2007-02-20,HO0706,1.6632,1.672,1.6225,1.6551,2849.0,,取暖油0706,23982.0,1.6551,1.6551
2007-02-21,HO0706,1.647,1.706,1.6381,1.6916,4252.0,,取暖油0706,23527.0,1.6916,1.6916
2007-02-22,HO0706,1.684,1.731,1.684,1.7283,3363.0,,取暖油0706,24213.0,1.7283,1.7283
2007-02-23,HO0706,1.7323,1.7625,1.7292,1.7491,4231.0,,取暖油0706,24537.0,1.7491,1.7491
2007-02-26,HO0706,1.7491,1.762,1.7428,1.7522,1793.0,,取暖油0706,25011.0,1.7522,1.7522
2007-02-27,HO0706,1.753,1.7804,1.7293,1.7705,4759.0,,取暖油0706,25200.0,1.7705,1.7705
2007-02-28,HO0706,1.7395,1.79,1.7395,1.7806,5109.0,,取暖油0706,25616.0,1.7806,1.7806
2007-03-01,HO0706,1.7708,1.7935,1.7509,1.7798,5474.0,,取暖油0706,26630.0,1.7798,1.7798
2007-03-02,HO0706,1.7798,1.7874,1.7669,1.7692,5111.0,,取暖油0706,27355.0,1.7692,1.7692
2007-03-05,HO0706,1.7569,1.7569,1.7202,1.7288,3880.0,,取暖油0706,28022.0,1.7288,1.7288
2007-03-06,HO0706,1.739,1.7536,1.7295,1.7508,5380.0,,取暖油0706,28075.0,1.7508,1.7508
2007-03-07,HO0706,1.7565,1.779,1.7555,1.774,7056.0,,取暖油0706,28509.0,1.774,1.774
2007-03-08,HO0706,1.7745,1.7828,1.7563,1.7699,5872.0,,取暖油0706,30219.0,1.7699,1.7699
2007-03-09,HO0706,1.7714,1.7733,1.7205,1.7217,7443.0,,取暖油0706,30326.0,1.7217,1.7217
2007-03-12,HO0706,1.71,1.7222,1.686,1.6943,6759.0,,取暖油0706,29895.0,1.6943,1.6943
2007-03-13,HO0706,1.705,1.7377,1.695,1.7012,9407.0,,取暖油0706,29512.0,1.7012,1.7012
2007-03-14,HO0706,1.7094,1.7225,1.691,1.7186,6130.0,,取暖油0706,29830.0,1.7186,1.7186
2007-03-15,HO0706,1.7321,1.7336,1.6962,1.6988,4118.0,,取暖油0706,29669.0,1.6988,1.6988
2007-03-16,HO0706,1.6985,1.7368,1.6776,1.6953,9009.0,,取暖油0706,29571.0,1.6953,1.6953
2007-03-19,HO0706,1.6917,1.712,1.6885,1.6964,6038.0,,取暖油0706,30832.0,1.6964,1.6964
2007-03-20,HO0706,1.699,1.7167,1.6747,1.6752,5785.0,,取暖油0706,30664.0,1.6752,1.6752
2007-03-21,HO0706,1.685,1.6905,1.6715,1.6805,9261.0,,取暖油0706,30311.0,1.6805,1.6805
2007-03-22,HO0706,1.6859,1.7367,1.6859,1.7325,7711.0,,取暖油0706,31381.0,1.7325,1.7325
2007-03-23,HO0706,1.7339,1.7525,1.72,1.7301,7668.0,,取暖油0706,31874.0,1.7301,1.7301
2007-03-26,HO0706,1.7448,1.7841,1.744,1.784,8987.0,,取暖油0706,32581.0,1.784,1.784
2007-03-27,HO0706,1.7777,1.8521,1.7707,1.7951,8161.0,,取暖油0706,33368.0,1.7951,1.7951
2007-03-28,HO0706,1.8225,1.8563,1.8084,1.8353,13882.0,,取暖油0706,33837.0,1.8353,1.8353
2007-03-29,HO0706,1.8294,1.8948,1.8226,1.8843,12674.0,,取暖油0706,34099.0,1.8843,1.8843
2007-03-30,HO0706,1.884,1.9118,1.8716,1.8849,16001.0,,取暖油0706,34614.0,1.8849,1.8849
2007-04-02,HO0706,1.8831,1.8909,1.866,1.871,11499.0,,取暖油0706,35208.0,1.871,1.871
2007-04-03,HO0706,1.8695,1.8695,1.8195,1.8487,12959.0,,取暖油0706,35678.0,1.8487,1.8487
2007-04-04,HO0706,1.8465,1.8765,1.8284,1.8744,15312.0,,取暖油0706,37404.0,1.8744,1.8744
2007-04-05,HO0706,1.8734,1.886,1.855,1.8729,12666.0,,取暖油0706,38805.0,1.8729,1.8729
2007-04-09,HO0706,1.8691,1.8905,1.8271,1.8302,23748.0,,取暖油0706,39500.0,1.8302,1.8302
2007-04-10,HO0706,1.8346,1.8762,1.8328,1.8681,24180.0,,取暖油0706,41344.0,1.8681,1.8681
2007-04-11,HO0706,1.8705,1.8978,1.8683,1.8862,31662.0,,取暖油0706,43429.0,1.8862,1.8862
2007-04-12,HO0706,1.8816,1.9223,1.8792,1.9153,26122.0,,取暖油0706,46004.0,1.9153,1.9153
2007-04-13,HO0706,1.9225,1.9338,1.9005,1.9062,30045.0,,取暖油0706,50252.0,1.9062,1.9062
2007-04-16,HO0706,1.9005,1.9185,1.8602,1.8663,15873.0,,取暖油0706,57173.0,1.8663,1.8663
2007-04-17,HO0706,1.8679,1.8841,1.8059,1.8066,31202.0,,取暖油0706,59334.0,1.8066,1.8066
2007-04-18,HO0706,1.814,1.8246,1.7715,1.8126,27310.0,,取暖油0706,61449.0,1.8126,1.8126
2007-04-19,HO0706,1.816,1.8365,1.7989,1.8072,19818.0,,取暖油0706,62691.0,1.8072,1.8072
2007-04-20,HO0706,1.8056,1.8358,1.8,1.834,20918.0,,取暖油0706,62889.0,1.834,1.834
2007-04-23,HO0706,1.8291,1.897,1.8223,1.8945,28372.0,,取暖油0706,63462.0,1.8945,1.8945
2007-04-24,HO0706,1.889,1.8972,1.836,1.848,32072.0,,取暖油0706,64424.0,1.848,1.848
2007-04-25,HO0706,1.8495,1.9029,1.8478,1.9011,26502.0,,取暖油0706,65328.0,1.9011,1.9011
2007-04-26,HO0706,1.8975,1.9194,1.876,1.8893,27125.0,,取暖油0706,66247.0,1.8893,1.8893
2007-04-27,HO0706,1.8925,1.92,1.8688,1.9127,28691.0,,取暖油0706,67049.0,1.9127,1.9127
2007-04-30,HO0706,1.9132,1.9194,1.8871,1.8948,34233.0,,取暖油0706,69251.0,1.8948,1.8948
2007-05-01,HO0706,1.891,1.9167,1.877,1.8829,32293.0,,取暖油0706,70855.0,1.8829,1.8829
2007-05-02,HO0706,1.8826,1.89,1.828,1.8526,47852.0,,取暖油0706,68724.0,1.8526,1.8526
2007-05-03,HO0706,1.8503,1.8631,1.83,1.8453,29435.0,,取暖油0706,65257.0,1.8453,1.8453
2007-05-04,HO0706,1.85,1.8721,1.8162,1.8309,33426.0,,取暖油0706,62176.0,1.8309,1.8309
2007-05-07,HO0706,1.8315,1.8365,1.788,1.8029,32124.0,,取暖油0706,61421.0,1.8029,1.8029
2007-05-08,HO0706,1.8072,1.8442,1.7983,1.8299,37130.0,,取暖油0706,56054.0,1.8299,1.8299
2007-05-09,HO0706,1.8295,1.845,1.7849,1.8158,38337.0,,取暖油0706,53161.0,1.8158,1.8158
2007-05-10,HO0706,1.8185,1.8705,1.8161,1.8625,41555.0,,取暖油0706,48388.0,1.8625,1.8625
2007-05-11,HO0706,1.87,1.8981,1.8554,1.8823,35790.0,,取暖油0706,44449.0,1.8823,1.8823
2007-05-14,HO0706,1.8815,1.9002,1.8597,1.8668,24447.0,,取暖油0706,41385.0,1.8668,1.8668
2007-05-15,HO0706,1.8702,1.8985,1.8433,1.8902,27862.0,,取暖油0706,38874.0,1.8902,1.8902
2007-05-16,HO0706,1.885,1.895,1.835,1.867,34507.0,,取暖油0706,39117.0,1.867,1.867
2007-05-17,HO0706,1.8708,1.94,1.8708,1.9367,33058.0,,取暖油0706,36285.0,1.9367,1.9367
2007-05-18,HO0706,1.9313,1.9345,1.9115,1.9152,26078.0,,取暖油0706,35825.0,1.9152,1.9152
2007-05-21,HO0706,1.9102,1.96,1.9035,1.9509,22399.0,,取暖油0706,34425.0,1.9509,1.9509
2007-05-22,HO0706,1.95,1.951,1.905,1.9072,20236.0,,取暖油0706,31963.0,1.9072,1.9072
2007-05-23,HO0706,1.9085,1.9384,1.902,1.9323,18741.0,,取暖油0706,29364.0,1.9323,1.9323
2007-05-24,HO0706,1.9353,1.9569,1.922,1.9291,19235.0,,取暖油0706,27815.0,1.9291,1.9291
2007-05-25,HO0706,1.929,1.9549,1.925,1.9391,16772.0,,取暖油0706,24347.0,1.9391,1.9391
2007-05-29,HO0706,1.9169,1.9391,1.8599,1.869,20272.0,,取暖油0706,18864.0,1.869,1.869
2007-05-30,HO0706,1.8775,1.889,1.8616,1.8755,13696.0,,取暖油0706,12933.0,1.8755,1.8755
2007-05-31,HO0706,1.87,1.891,1.8531,1.8827,7195.0,,取暖油0706,7657.0,1.8827,1.8827
