date,symbol,open,high,low,close,volume,amount,name,openinterest,settleprice,price
2006-06-01,HO0712,0.0,0.0,0.0,2.1454,,,取暖油0712,,2.1454,2.1454
2006-06-02,HO0712,0.0,0.0,0.0,2.1818,,,取暖油0712,,2.1818,2.1818
2006-06-05,HO0712,0.0,0.0,0.0,2.2116,,,取暖油0712,,2.2116,2.2116
2006-06-06,HO0712,0.0,0.0,0.0,2.2135,,,取暖油0712,,2.2135,2.2135
2006-06-07,HO0712,2.1735,2.1824,2.1735,2.1824,1.0,,取暖油0712,,2.1824,2.1824
2006-06-08,HO0712,0.0,0.0,0.0,2.1805,30.0,,取暖油0712,1.0,2.1805,2.1805
2006-06-09,HO0712,2.2075,2.2126,2.2075,2.2126,2.0,,取暖油0712,31.0,2.2126,2.2126
2006-06-12,HO0712,2.2,2.2,2.1619,2.1619,2.0,,取暖油0712,33.0,2.1619,2.1619
2006-06-13,HO0712,0.0,0.0,0.0,2.1245,,,取暖油0712,35.0,2.1245,2.1245
2006-06-14,HO0712,0.0,0.0,0.0,2.1305,,,取暖油0712,35.0,2.1305,2.1305
2006-06-15,HO0712,2.1505,2.1505,2.1303,2.1303,46.0,,取暖油0712,35.0,2.1303,2.1303
2006-06-16,HO0712,0.0,0.0,0.0,2.1273,,,取暖油0712,74.0,2.1273,2.1273
2006-06-19,HO0712,0.0,0.0,0.0,2.1069,20.0,,取暖油0712,74.0,2.1069,2.1069
2006-06-20,HO0712,0.0,0.0,0.0,2.1158,,,取暖油0712,94.0,2.1158,2.1158
2006-06-21,HO0712,2.124,2.142,2.124,2.142,2.0,,取暖油0712,94.0,2.142,2.142
2006-06-22,HO0712,2.17,2.1718,2.17,2.1718,271.0,,取暖油0712,96.0,2.1718,2.1718
2006-06-23,HO0712,2.175,2.175,2.1529,2.1529,2.0,,取暖油0712,350.0,2.1529,2.1529
2006-06-26,HO0712,0.0,0.0,0.0,2.1772,5.0,,取暖油0712,350.0,2.1772,2.1772
2006-06-27,HO0712,2.1885,2.1885,2.1721,2.1721,52.0,,取暖油0712,355.0,2.1721,2.1721
2006-06-28,HO0712,2.179,2.179,2.1734,2.1734,491.0,,取暖油0712,407.0,2.1734,2.1734
2006-06-29,HO0712,0.0,0.0,0.0,2.2199,,,取暖油0712,488.0,2.2199,2.2199
2006-06-30,HO0712,0.0,0.0,0.0,2.2076,22.0,,取暖油0712,488.0,2.2076,2.2076
2006-07-03,HO0712,0.0,0.0,0.0,2.2076,,,取暖油0712,510.0,2.2076,2.2076
2006-07-05,HO0712,0.0,0.0,0.0,2.2541,60.0,,取暖油0712,,2.2541,2.2541
2006-07-06,HO0712,0.0,0.0,0.0,2.2702,11.0,,取暖油0712,550.0,2.2702,2.2702
2006-07-07,HO0712,2.296,2.296,2.2401,2.2401,124.0,,取暖油0712,561.0,2.2401,2.2401
2006-07-10,HO0712,0.0,0.0,0.0,2.231,100.0,,取暖油0712,616.0,2.231,2.231
2006-07-11,HO0712,0.0,0.0,0.0,2.2647,100.0,,取暖油0712,716.0,2.2647,2.2647
2006-07-12,HO0712,0.0,0.0,0.0,2.2746,250.0,,取暖油0712,816.0,2.2746,2.2746
2006-07-13,HO0712,2.335,2.335,2.317,2.317,295.0,,取暖油0712,973.0,2.317,2.317
2006-07-14,HO0712,0.0,0.0,0.0,2.3179,232.0,,取暖油0712,1148.0,2.3179,2.3179
2006-07-17,HO0712,0.0,0.0,0.0,2.2852,75.0,,取暖油0712,1316.0,2.2852,2.2852
2006-07-18,HO0712,2.3225,2.3225,2.2687,2.2687,202.0,,取暖油0712,1341.0,2.2687,2.2687
2006-07-19,HO0712,0.0,0.0,0.0,2.2709,125.0,,取暖油0712,1286.0,2.2709,2.2709
2006-07-20,HO0712,0.0,0.0,0.0,2.2453,656.0,,取暖油0712,1412.0,2.2453,2.2453
2006-07-21,HO0712,2.2475,2.2555,2.2475,2.2555,90.0,,取暖油0712,1648.0,2.2555,2.2555
2006-07-24,HO0712,2.27,2.271,2.27,2.271,750.0,,取暖油0712,1605.0,2.271,2.271
2006-07-25,HO0712,2.251,2.251,2.2417,2.2417,51.0,,取暖油0712,2124.0,2.2417,2.2417
2006-07-26,HO0712,0.0,0.0,0.0,2.262,300.0,,取暖油0712,2174.0,2.262,2.262
2006-07-27,HO0712,0.0,0.0,0.0,2.2768,,,取暖油0712,2409.0,2.2768,2.2768
2006-07-28,HO0712,0.0,0.0,0.0,2.2523,551.0,,取暖油0712,2409.0,2.2523,2.2523
2006-07-31,HO0712,0.0,0.0,0.0,2.2776,,,取暖油0712,2702.0,2.2776,2.2776
2006-08-01,HO0712,0.0,0.0,0.0,2.3117,50.0,,取暖油0712,2702.0,2.3117,2.3117
2006-08-02,HO0712,0.0,0.0,0.0,2.3243,353.0,,取暖油0712,2752.0,2.3243,2.3243
2006-08-03,HO0712,0.0,0.0,0.0,2.3155,,,取暖油0712,3041.0,2.3155,2.3155
2006-08-04,HO0712,0.0,0.0,0.0,2.2983,640.0,,取暖油0712,3041.0,2.2983,2.2983
2006-08-07,HO0712,0.0,0.0,0.0,2.3293,50.0,,取暖油0712,3055.0,2.3293,2.3293
2006-08-08,HO0712,0.0,0.0,0.0,2.3185,2.0,,取暖油0712,3105.0,2.3185,2.3185
2006-08-09,HO0712,2.3335,2.3335,2.3087,2.3087,326.0,,取暖油0712,3106.0,2.3087,2.3087
2006-08-10,HO0712,0.0,0.0,0.0,2.2722,348.0,,取暖油0712,3170.0,2.2722,2.2722
2006-08-11,HO0712,2.3025,2.3025,2.2867,2.2867,218.0,,取暖油0712,3335.0,2.2867,2.2867
2006-08-14,HO0712,0.0,0.0,0.0,2.2712,278.0,,取暖油0712,3336.0,2.2712,2.2712
2006-08-15,HO0712,0.0,0.0,0.0,2.2577,86.0,,取暖油0712,3550.0,2.2577,2.2577
2006-08-16,HO0712,0.0,0.0,0.0,2.2387,,,取暖油0712,3470.0,2.2387,2.2387
2006-08-17,HO0712,2.206,2.206,2.1969,2.1969,805.0,,取暖油0712,3470.0,2.1969,2.1969
2006-08-18,HO0712,2.206,2.2175,2.1999,2.1999,195.0,,取暖油0712,3800.0,2.1999,2.1999
2006-08-21,HO0712,0.0,0.0,0.0,2.2341,,,取暖油0712,3758.0,2.2341,2.2341
2006-08-22,HO0712,2.235,2.235,2.2248,2.2248,102.0,,取暖油0712,3758.0,2.2248,2.2248
2006-08-23,HO0712,2.2125,2.214,2.2125,2.214,219.0,,取暖油0712,3835.0,2.214,2.214
2006-08-24,HO0712,2.22,2.228,2.215,2.228,125.0,,取暖油0712,3829.0,2.228,2.228
2006-08-25,HO0712,0.0,0.0,0.0,2.2203,4.0,,取暖油0712,3951.0,2.2203,2.2203
2006-08-28,HO0712,0.0,0.0,0.0,2.1822,470.0,,取暖油0712,3951.0,2.1822,2.1822
2006-08-29,HO0712,0.0,0.0,0.0,2.1775,526.0,,取暖油0712,3851.0,2.1775,2.1775
2006-08-30,HO0712,0.0,0.0,0.0,2.201,1106.0,,取暖油0712,3909.0,2.201,2.201
2006-08-31,HO0712,0.0,0.0,0.0,2.2231,325.0,,取暖油0712,4081.0,2.2231,2.2231
2006-09-01,HO0712,0.0,0.0,0.0,2.1829,,,取暖油0712,3972.0,2.1829,2.1829
2006-09-05,HO0712,0.0,0.0,0.0,2.1652,870.0,,取暖油0712,3972.0,2.1652,2.1652
2006-09-06,HO0712,0.0,0.0,0.0,2.1539,291.0,,取暖油0712,4334.0,2.1539,2.1539
2006-09-07,HO0712,0.0,0.0,0.0,2.1429,95.0,,取暖油0712,4574.0,2.1429,2.1429
2006-09-08,HO0712,2.13,2.132,2.1208,2.1208,729.0,,取暖油0712,4589.0,2.1208,2.1208
2006-09-11,HO0712,0.0,0.0,0.0,2.0864,122.0,,取暖油0712,4860.0,2.0864,2.0864
2006-09-12,HO0712,2.0775,2.0775,2.0373,2.0373,679.0,,取暖油0712,4881.0,2.0373,2.0373
2006-09-13,HO0712,2.055,2.055,2.035,2.0501,1313.0,,取暖油0712,5229.0,2.0501,2.0501
2006-09-14,HO0712,2.0425,2.0471,2.0375,2.0471,1260.0,,取暖油0712,5734.0,2.0471,2.0471
2006-09-15,HO0712,2.025,2.025,2.015,2.0187,1208.0,,取暖油0712,5753.0,2.0187,2.0187
2006-09-18,HO0712,0.0,0.0,0.0,2.0167,1082.0,,取暖油0712,5837.0,2.0167,2.0167
2006-09-19,HO0712,2.039,2.039,1.9806,1.9806,175.0,,取暖油0712,5647.0,1.9806,1.9806
2006-09-20,HO0712,1.985,1.985,1.9406,1.9406,331.0,,取暖油0712,5689.0,1.9406,1.9406
2006-09-21,HO0712,0.0,0.0,0.0,1.9588,441.0,,取暖油0712,5719.0,1.9588,1.9588
2006-09-22,HO0712,1.947,1.947,1.9384,1.9384,406.0,,取暖油0712,5820.0,1.9384,1.9384
2006-09-25,HO0712,0.0,0.0,0.0,1.9518,26.0,,取暖油0712,6121.0,1.9518,1.9518
2006-09-26,HO0712,1.961,1.961,1.9375,1.9383,30.0,,取暖油0712,6096.0,1.9383,1.9383
2006-09-27,HO0712,1.9535,1.9865,1.925,1.9865,769.0,,取暖油0712,6113.0,1.9865,1.9865
2006-09-28,HO0712,1.989,1.995,1.986,1.9914,143.0,,取暖油0712,6541.0,1.9914,1.9914
2006-09-29,HO0712,1.9815,2.0067,1.9815,2.0067,300.0,,取暖油0712,6561.0,2.0067,2.0067
2006-10-02,HO0712,2.009,2.009,1.9727,1.9727,201.0,,取暖油0712,6784.0,1.9727,1.9727
2006-10-03,HO0712,1.94,1.94,1.9384,1.9384,473.0,,取暖油0712,6850.0,1.9384,1.9384
2006-10-04,HO0712,1.9375,1.9539,1.93,1.9539,201.0,,取暖油0712,6984.0,1.9539,1.9539
2006-10-05,HO0712,1.954,1.963,1.954,1.9546,410.0,,取暖油0712,7021.0,1.9546,1.9546
2006-10-06,HO0712,1.9646,1.9646,1.9549,1.9549,226.0,,取暖油0712,7142.0,1.9549,1.9549
2006-10-09,HO0712,0.0,0.0,0.0,1.958,121.0,,取暖油0712,7205.0,1.958,1.958
2006-10-10,HO0712,1.94,1.94,1.9298,1.9298,442.0,,取暖油0712,7233.0,1.9298,1.9298
2006-10-11,HO0712,0.0,0.0,0.0,1.9163,86.0,,取暖油0712,7318.0,1.9163,1.9163
2006-10-12,HO0712,1.93,1.93,1.9243,1.9243,26.0,,取暖油0712,7349.0,1.9243,1.9243
2006-10-13,HO0712,0.0,0.0,0.0,1.9391,381.0,,取暖油0712,7346.0,1.9391,1.9391
2006-10-16,HO0712,0.0,0.0,0.0,1.9716,1.0,,取暖油0712,7466.0,1.9716,1.9716
2006-10-17,HO0712,0.0,0.0,0.0,1.9476,932.0,,取暖油0712,7466.0,1.9476,1.9476
2006-10-18,HO0712,0.0,0.0,0.0,1.9213,382.0,,取暖油0712,7522.0,1.9213,1.9213
2006-10-19,HO0712,1.9245,1.9519,1.92,1.9519,934.0,,取暖油0712,7664.0,1.9519,1.9519
2006-10-20,HO0712,1.94,1.94,1.9279,1.9279,708.0,,取暖油0712,8043.0,1.9279,1.9279
2006-10-23,HO0712,1.917,1.917,1.91,1.9129,1222.0,,取暖油0712,8542.0,1.9129,1.9129
2006-10-24,HO0712,1.93,1.933,1.9237,1.9237,667.0,,取暖油0712,8809.0,1.9237,1.9237
2006-10-25,HO0712,1.9525,1.9669,1.9525,1.9669,99.0,,取暖油0712,8865.0,1.9669,1.9669
2006-10-26,HO0712,0.0,0.0,0.0,1.9425,249.0,,取暖油0712,8898.0,1.9425,1.9425
2006-10-27,HO0712,1.9425,1.953,1.9425,1.953,224.0,,取暖油0712,8983.0,1.953,1.953
2006-10-30,HO0712,0.0,0.0,0.0,1.8985,463.0,,取暖油0712,8992.0,1.8985,1.8985
2006-10-31,HO0712,0.0,0.0,0.0,1.918,270.0,,取暖油0712,8936.0,1.918,1.918
2006-11-01,HO0712,0.0,0.0,0.0,1.9132,1.0,,取暖油0712,8974.0,1.9132,1.9132
2006-11-02,HO0712,0.0,0.0,0.0,1.8992,597.0,,取暖油0712,8985.0,1.8992,1.8992
2006-11-03,HO0712,1.935,1.935,1.9254,1.9254,293.0,,取暖油0712,9075.0,1.9254,1.9254
2006-11-06,HO0712,0.0,0.0,0.0,1.9521,275.0,,取暖油0712,8861.0,1.9521,1.9521
2006-11-07,HO0712,1.94,1.94,1.9168,1.9168,145.0,,取暖油0712,8789.0,1.9168,1.9168
2006-11-08,HO0712,1.917,1.9326,1.917,1.9326,153.0,,取暖油0712,8779.0,1.9326,1.9326
2006-11-09,HO0712,1.96,1.96,1.955,1.9596,93.0,,取暖油0712,8796.0,1.9596,1.9596
2006-11-10,HO0712,1.945,1.945,1.9258,1.9258,103.0,,取暖油0712,8828.0,1.9258,1.9258
2006-11-13,HO0712,1.9135,1.9175,1.9057,1.9057,266.0,,取暖油0712,8781.0,1.9057,1.9057
2006-11-14,HO0712,1.911,1.911,1.9042,1.9042,435.0,,取暖油0712,8891.0,1.9042,1.9042
2006-11-15,HO0712,1.9075,1.925,1.9075,1.9214,591.0,,取暖油0712,8918.0,1.9214,1.9214
2006-11-16,HO0712,1.935,1.935,1.877,1.8791,861.0,,取暖油0712,9348.0,1.8791,1.8791
2006-11-17,HO0712,1.8925,1.8984,1.8925,1.8984,771.0,,取暖油0712,9622.0,1.8984,1.8984
2006-11-20,HO0712,0.0,0.0,0.0,1.9075,25.0,,取暖油0712,9505.0,1.9075,1.9075
2006-11-21,HO0712,0.0,0.0,0.0,1.9416,952.0,,取暖油0712,9505.0,1.9416,1.9416
2006-11-22,HO0712,1.9215,1.9215,1.9022,1.9022,642.0,,取暖油0712,9277.0,1.9022,1.9022
2006-11-24,HO0712,0.0,0.0,0.0,1.9022,,,取暖油0712,9217.0,1.9022,1.9022
2006-11-27,HO0712,1.9225,1.9363,1.9225,1.9363,61.0,,取暖油0712,9217.0,1.9363,1.9363
2006-11-28,HO0712,0.0,0.0,0.0,1.9498,339.0,,取暖油0712,9215.0,1.9498,1.9498
2006-11-29,HO0712,1.9645,1.9813,1.9645,1.9813,714.0,,取暖油0712,9388.0,1.9813,1.9813
2006-11-30,HO0712,2.002,2.002,1.99,1.9905,1147.0,,取暖油0712,9291.0,1.9905,1.9905
2006-12-01,HO0712,0.0,0.0,0.0,2.0004,290.0,,取暖油0712,9737.0,2.0004,2.0004
2006-12-04,HO0712,0.0,0.0,0.0,1.9739,575.0,,取暖油0712,9859.0,1.9739,1.9739
2006-12-05,HO0712,0.0,0.0,0.0,1.9713,318.0,,取暖油0712,9972.0,1.9713,1.9713
2006-12-06,HO0712,0.0,0.0,0.0,1.9689,185.0,,取暖油0712,10193.0,1.9689,1.9689
2006-12-07,HO0712,1.9539,1.9599,1.9539,1.9599,58.0,,取暖油0712,10239.0,1.9599,1.9599
2006-12-08,HO0712,1.95,1.95,1.9412,1.9412,702.0,,取暖油0712,10234.0,1.9412,1.9412
2006-12-11,HO0712,1.94,1.94,1.9335,1.9335,184.0,,取暖油0712,10143.0,1.9335,1.9335
2006-12-12,HO0712,1.9625,1.9625,1.93,1.9355,174.0,,取暖油0712,10047.0,1.9355,1.9355
2006-12-13,HO0712,1.93,1.955,1.93,1.935,380.0,,取暖油0712,10016.0,1.935,1.935
2006-12-14,HO0712,0.0,0.0,0.0,1.9636,134.0,,取暖油0712,10016.0,1.9636,1.9636
2006-12-15,HO0712,0.0,0.0,0.0,1.9647,379.0,,取暖油0712,10106.0,1.9647,1.9647
2006-12-18,HO0712,1.945,1.945,1.9187,1.9187,1184.0,,取暖油0712,10021.0,1.9187,1.9187
2006-12-19,HO0712,1.9425,1.9425,1.9387,1.9387,257.0,,取暖油0712,9736.0,1.9387,1.9387
2006-12-20,HO0712,0.0,0.0,0.0,1.9573,407.0,,取暖油0712,9699.0,1.9573,1.9573
2006-12-21,HO0712,1.9431,1.9575,1.9385,1.9385,285.0,,取暖油0712,9497.0,1.9385,1.9385
2006-12-22,HO0712,1.9405,1.9421,1.9293,1.9293,194.0,,取暖油0712,9537.0,1.9293,1.9293
2006-12-26,HO0712,1.902,1.915,1.8973,1.8973,513.0,,取暖油0712,9654.0,1.8973,1.8973
2006-12-27,HO0712,1.8975,1.9125,1.8898,1.8898,777.0,,取暖油0712,9873.0,1.8898,1.8898
2006-12-28,HO0712,0.0,0.0,0.0,1.8951,72.0,,取暖油0712,9792.0,1.8951,1.8951
2006-12-29,HO0712,1.8875,1.8997,1.885,1.8997,188.0,,取暖油0712,9753.0,1.8997,1.8997
2007-01-03,HO0712,1.88,1.88,1.845,1.8516,1821.0,,取暖油0712,9810.0,1.8516,1.8516
2007-01-04,HO0712,1.825,1.848,1.8051,1.8051,1435.0,,取暖油0712,9601.0,1.8051,1.8051
2007-01-05,HO0712,1.8051,1.8168,1.8,1.8168,909.0,,取暖油0712,10050.0,1.8168,1.8168
2007-01-08,HO0712,1.8275,1.8275,1.8045,1.8115,989.0,,取暖油0712,10394.0,1.8115,1.8115
2007-01-09,HO0712,1.8115,1.8115,1.7821,1.8065,1476.0,,取暖油0712,10535.0,1.8065,1.8065
2007-01-10,HO0712,1.795,1.8025,1.77,1.7735,1438.0,,取暖油0712,10448.0,1.7735,1.7735
2007-01-11,HO0712,1.7663,1.7744,1.7146,1.7164,2281.0,,取暖油0712,10848.0,1.7164,1.7164
2007-01-12,HO0712,1.72,1.7395,1.7127,1.7297,667.0,,取暖油0712,11394.0,1.7297,1.7297
2007-01-16,HO0712,1.72,1.72,1.6825,1.6883,1928.0,,取暖油0712,11571.0,1.6883,1.6883
2007-01-17,HO0712,1.6875,1.709,1.67,1.7043,1443.0,,取暖油0712,12221.0,1.7043,1.7043
2007-01-18,HO0712,1.7,1.71,1.67,1.6852,1841.0,,取暖油0712,12398.0,1.6852,1.6852
2007-01-19,HO0712,1.7,1.7259,1.7,1.723,1175.0,,取暖油0712,12344.0,1.723,1.723
2007-01-22,HO0712,1.7495,1.7605,1.7015,1.709,1480.0,,取暖油0712,12585.0,1.709,1.709
2007-01-23,HO0712,1.728,1.7645,1.728,1.7645,2317.0,,取暖油0712,12596.0,1.7645,1.7645
2007-01-24,HO0712,1.7517,1.7658,1.7318,1.7658,828.0,,取暖油0712,12737.0,1.7658,1.7658
2007-01-25,HO0712,1.7675,1.781,1.7369,1.7369,1420.0,,取暖油0712,12558.0,1.7369,1.7369
2007-01-26,HO0712,1.7628,1.775,1.761,1.7744,786.0,,取暖油0712,13168.0,1.7744,1.7744
2007-01-29,HO0712,1.7636,1.7636,1.7307,1.7307,329.0,,取暖油0712,13128.0,1.7307,1.7307
2007-01-30,HO0712,1.7464,1.8048,1.7464,1.8048,1760.0,,取暖油0712,13199.0,1.8048,1.8048
2007-01-31,HO0712,1.7915,1.8297,1.7889,1.8288,1639.0,,取暖油0712,14162.0,1.8288,1.8288
2007-02-01,HO0712,1.8245,1.8375,1.8135,1.8145,1534.0,,取暖油0712,14277.0,1.8145,1.8145
2007-02-02,HO0712,1.817,1.856,1.814,1.856,1918.0,,取暖油0712,14484.0,1.856,1.856
2007-02-05,HO0712,1.856,1.859,1.8426,1.8426,892.0,,取暖油0712,14905.0,1.8426,1.8426
2007-02-06,HO0712,1.8448,1.8585,1.8434,1.8489,1082.0,,取暖油0712,15231.0,1.8489,1.8489
2007-02-07,HO0712,1.8375,1.8375,1.8151,1.8151,3597.0,,取暖油0712,15825.0,1.8151,1.8151
2007-02-08,HO0712,1.8275,1.8695,1.8275,1.8695,1374.0,,取暖油0712,14889.0,1.8695,1.8695
2007-02-09,HO0712,1.8583,1.8755,1.8583,1.8678,1879.0,,取暖油0712,14164.0,1.8678,1.8678
2007-02-12,HO0712,1.8446,1.8446,1.8026,1.8152,1304.0,,取暖油0712,13678.0,1.8152,1.8152
2007-02-13,HO0712,1.809,1.8577,1.8015,1.8577,1634.0,,取暖油0712,13812.0,1.8577,1.8577
2007-02-14,HO0712,1.8525,1.8525,1.795,1.8133,2689.0,,取暖油0712,14053.0,1.8133,1.8133
2007-02-15,HO0712,1.8133,1.815,1.7828,1.8006,1172.0,,取暖油0712,14492.0,1.8006,1.8006
2007-02-16,HO0712,1.8005,1.8557,1.8,1.8375,679.0,,取暖油0712,14459.0,1.8375,1.8375
2007-02-20,HO0712,1.8205,1.8205,1.7857,1.8176,1042.0,,取暖油0712,14548.0,1.8176,1.8176
2007-02-21,HO0712,1.81,1.8675,1.807,1.8501,1265.0,,取暖油0712,14666.0,1.8501,1.8501
2007-02-22,HO0712,1.8555,1.8851,1.8541,1.8838,913.0,,取暖油0712,15197.0,1.8838,1.8838
2007-02-23,HO0712,1.9027,1.916,1.8878,1.9061,875.0,,取暖油0712,15262.0,1.9061,1.9061
2007-02-26,HO0712,1.9088,1.9167,1.9037,1.9087,879.0,,取暖油0712,15284.0,1.9087,1.9087
2007-02-27,HO0712,1.8895,1.935,1.8895,1.924,1399.0,,取暖油0712,15297.0,1.924,1.924
2007-02-28,HO0712,1.9103,1.94,1.9,1.9351,2205.0,,取暖油0712,15110.0,1.9351,1.9351
2007-03-01,HO0712,1.9475,1.9475,1.9134,1.9323,1101.0,,取暖油0712,15452.0,1.9323,1.9323
2007-03-02,HO0712,1.9284,1.9334,1.9155,1.9197,2095.0,,取暖油0712,15575.0,1.9197,1.9197
2007-03-05,HO0712,1.9015,1.9015,1.8795,1.8813,757.0,,取暖油0712,15811.0,1.8813,1.8813
2007-03-06,HO0712,1.8928,1.907,1.888,1.9023,1622.0,,取暖油0712,15995.0,1.9023,1.9023
2007-03-07,HO0712,1.9193,1.9349,1.915,1.928,1664.0,,取暖油0712,16554.0,1.928,1.928
2007-03-08,HO0712,1.9353,1.9353,1.9206,1.9279,1149.0,,取暖油0712,16927.0,1.9279,1.9279
2007-03-09,HO0712,1.9071,1.909,1.8847,1.8847,2026.0,,取暖油0712,16999.0,1.8847,1.8847
2007-03-12,HO0712,1.8735,1.8774,1.8564,1.8663,2358.0,,取暖油0712,17462.0,1.8663,1.8663
2007-03-13,HO0712,1.8869,1.9055,1.8727,1.8727,1488.0,,取暖油0712,17754.0,1.8727,1.8727
2007-03-14,HO0712,1.8774,1.8886,1.8676,1.8851,2838.0,,取暖油0712,18034.0,1.8851,1.8851
2007-03-15,HO0712,1.874,1.8789,1.8673,1.8673,624.0,,取暖油0712,18767.0,1.8673,1.8673
2007-03-16,HO0712,1.8713,1.9003,1.8477,1.8623,1403.0,,取暖油0712,19047.0,1.8623,1.8623
2007-03-19,HO0712,1.87,1.8817,1.8591,1.8659,715.0,,取暖油0712,19265.0,1.8659,1.8659
2007-03-20,HO0712,1.8774,1.88,1.8497,1.8497,2101.0,,取暖油0712,19198.0,1.8497,1.8497
2007-03-21,HO0712,1.8604,1.8695,1.8535,1.8615,3452.0,,取暖油0712,19341.0,1.8615,1.8615
2007-03-22,HO0712,1.884,1.9105,1.8798,1.9105,3066.0,,取暖油0712,19023.0,1.9105,1.9105
2007-03-23,HO0712,1.8982,1.9286,1.8982,1.9071,2281.0,,取暖油0712,19400.0,1.9071,1.9071
2007-03-26,HO0712,1.9275,1.9545,1.9275,1.9545,1193.0,,取暖油0712,19276.0,1.9545,1.9545
2007-03-27,HO0712,1.947,1.971,1.944,1.9671,1704.0,,取暖油0712,19934.0,1.9671,1.9671
2007-03-28,HO0712,2.0103,2.015,1.9874,1.9968,2860.0,,取暖油0712,20345.0,1.9968,1.9968
2007-03-29,HO0712,2.001,2.0415,2.0,2.0343,2874.0,,取暖油0712,20499.0,2.0343,2.0343
2007-03-30,HO0712,2.035,2.0457,2.0135,2.0289,4415.0,,取暖油0712,20889.0,2.0289,2.0289
2007-04-02,HO0712,2.0303,2.0431,2.02,2.0205,1385.0,,取暖油0712,20970.0,2.0205,2.0205
2007-04-03,HO0712,2.0072,2.011,1.9835,2.0082,2162.0,,取暖油0712,21036.0,2.0082,2.0082
2007-04-04,HO0712,2.015,2.0289,1.9885,2.0289,2116.0,,取暖油0712,20614.0,2.0289,2.0289
2007-04-05,HO0712,2.0221,2.0361,2.0209,2.0324,2456.0,,取暖油0712,20889.0,2.0324,2.0324
2007-04-09,HO0712,2.034,2.04,1.9947,1.9947,1235.0,,取暖油0712,21390.0,1.9947,1.9947
2007-04-10,HO0712,2.006,2.03,2.006,2.0281,1927.0,,取暖油0712,21656.0,2.0281,2.0281
2007-04-11,HO0712,2.0292,2.0475,2.0245,2.0387,4016.0,,取暖油0712,22103.0,2.0387,2.0387
2007-04-12,HO0712,2.0425,2.065,2.035,2.0583,3966.0,,取暖油0712,21807.0,2.0583,2.0583
2007-04-13,HO0712,2.0705,2.074,2.0441,2.0462,2684.0,,取暖油0712,22232.0,2.0462,2.0462
2007-04-16,HO0712,2.0514,2.053,2.002,2.0073,1842.0,,取暖油0712,22253.0,2.0073,2.0073
2007-04-17,HO0712,2.0215,2.0225,1.9641,1.9641,5581.0,,取暖油0712,22275.0,1.9641,1.9641
2007-04-18,HO0712,1.9735,1.9815,1.9337,1.9716,3749.0,,取暖油0712,23885.0,1.9716,1.9716
2007-04-19,HO0712,1.9742,1.9796,1.957,1.9627,1873.0,,取暖油0712,23353.0,1.9627,1.9627
2007-04-20,HO0712,1.96,1.9835,1.9565,1.9835,2086.0,,取暖油0712,23290.0,1.9835,1.9835
2007-04-23,HO0712,1.996,2.0336,1.9938,2.0335,1612.0,,取暖油0712,23429.0,2.0335,2.0335
2007-04-24,HO0712,2.03,2.039,1.9897,1.993,3000.0,,取暖油0712,23635.0,1.993,1.993
2007-04-25,HO0712,2.004,2.0386,2.004,2.0366,2234.0,,取暖油0712,23120.0,2.0366,2.0366
2007-04-26,HO0712,2.02,2.0465,2.0128,2.0178,3572.0,,取暖油0712,23722.0,2.0178,2.0178
2007-04-27,HO0712,2.005,2.046,2.0032,2.0422,2707.0,,取暖油0712,24040.0,2.0422,2.0422
2007-04-30,HO0712,2.035,2.0486,2.0216,2.0268,2247.0,,取暖油0712,24510.0,2.0268,2.0268
2007-05-01,HO0712,2.0215,2.057,2.0215,2.0274,3566.0,,取暖油0712,25390.0,2.0274,2.0274
2007-05-02,HO0712,2.0125,2.0255,1.984,2.0051,4075.0,,取暖油0712,25493.0,2.0051,2.0051
2007-05-03,HO0712,1.9967,2.004,1.9861,1.9978,1966.0,,取暖油0712,24707.0,1.9978,1.9978
2007-05-04,HO0712,2.0064,2.0127,1.9685,1.9849,3641.0,,取暖油0712,24645.0,1.9849,1.9849
2007-05-07,HO0712,1.9775,1.9795,1.9485,1.957,2835.0,,取暖油0712,24636.0,1.957,1.957
2007-05-08,HO0712,1.96,1.981,1.95,1.9724,3799.0,,取暖油0712,24329.0,1.9724,1.9724
2007-05-09,HO0712,1.9732,1.981,1.9354,1.9643,3633.0,,取暖油0712,24300.0,1.9643,1.9643
2007-05-10,HO0712,1.9691,1.9955,1.9691,1.9895,4339.0,,取暖油0712,24254.0,1.9895,1.9895
2007-05-11,HO0712,1.9952,2.0186,1.9952,2.0078,4834.0,,取暖油0712,23599.0,2.0078,2.0078
2007-05-14,HO0712,2.02,2.0208,1.9953,1.9987,4161.0,,取暖油0712,23180.0,1.9987,1.9987
2007-05-15,HO0712,1.99,2.0277,1.985,2.0217,1860.0,,取暖油0712,22902.0,2.0217,2.0217
2007-05-16,HO0712,2.0249,2.0249,1.9845,2.0115,2823.0,,取暖油0712,23022.0,2.0115,2.0115
2007-05-17,HO0712,2.02,2.0705,2.02,2.0682,3209.0,,取暖油0712,23080.0,2.0682,2.0682
2007-05-18,HO0712,2.0576,2.0659,2.049,2.0512,2457.0,,取暖油0712,23257.0,2.0512,2.0512
2007-05-21,HO0712,2.065,2.086,2.0553,2.0742,1164.0,,取暖油0712,23331.0,2.0742,2.0742
2007-05-22,HO0712,2.0654,2.0654,2.0347,2.0352,2747.0,,取暖油0712,23440.0,2.0352,2.0352
2007-05-23,HO0712,2.0465,2.0605,2.032,2.0571,2465.0,,取暖油0712,23715.0,2.0571,2.0571
2007-05-24,HO0712,2.072,2.0818,2.0524,2.0525,2989.0,,取暖油0712,23778.0,2.0525,2.0525
2007-05-25,HO0712,2.0656,2.0798,2.0564,2.0681,2120.0,,取暖油0712,23890.0,2.0681,2.0681
2007-05-29,HO0712,2.0465,2.0517,1.9935,2.0056,5029.0,,取暖油0712,24240.0,2.0056,2.0056
2007-05-30,HO0712,2.02,2.02,1.9959,2.0083,3714.0,,取暖油0712,25096.0,2.0083,2.0083
2007-05-31,HO0712,2.0025,2.017,1.98,2.0126,2912.0,,取暖油0712,25253.0,2.0126,2.0126
2007-06-01,HO0712,2.01,2.0478,2.0063,2.0428,3588.0,,取暖油0712,25749.0,2.0428,2.0428
2007-06-04,HO0712,2.0465,2.0765,2.0465,2.0646,5194.0,,取暖油0712,26442.0,2.0646,2.0646
2007-06-05,HO0712,2.062,2.0739,2.0508,2.0589,4754.0,,取暖油0712,26407.0,2.0589,2.0589
2007-06-06,HO0712,2.0589,2.0765,2.0459,2.0677,4124.0,,取暖油0712,26601.0,2.0677,2.0677
2007-06-07,HO0712,2.0678,2.0887,2.0644,2.0805,4034.0,,取暖油0712,26916.0,2.0805,2.0805
2007-06-08,HO0712,2.0675,2.0675,2.0125,2.0158,4718.0,,取暖油0712,27964.0,2.0158,2.0158
2007-06-11,HO0712,2.0325,2.0539,2.014,2.0506,5405.0,,取暖油0712,28047.0,2.0506,2.0506
2007-06-12,HO0712,2.0405,2.043,2.0178,2.0339,5269.0,,取暖油0712,28115.0,2.0339,2.0339
2007-06-13,HO0712,2.03,2.0736,2.0197,2.0655,7911.0,,取暖油0712,29128.0,2.0655,2.0655
2007-06-14,HO0712,2.0725,2.1097,2.0725,2.1041,9533.0,,取暖油0712,29742.0,2.1041,2.1041
2007-06-15,HO0712,2.105,2.11,2.084,2.1026,4490.0,,取暖油0712,30212.0,2.1026,2.1026
2007-06-18,HO0712,2.0927,2.1279,2.0925,2.1237,3576.0,,取暖油0712,30120.0,2.1237,2.1237
2007-06-19,HO0712,2.1155,2.1233,2.1048,2.1187,4278.0,,取暖油0712,29729.0,2.1187,2.1187
2007-06-20,HO0712,2.112,2.1168,2.083,2.1168,5763.0,,取暖油0712,29216.0,2.1168,2.1168
2007-06-21,HO0712,2.1143,2.1376,2.096,2.1005,6195.0,,取暖油0712,29560.0,2.1005,2.1005
2007-06-22,HO0712,2.0849,2.1201,2.0849,2.1145,3178.0,,取暖油0712,30157.0,2.1145,2.1145
2007-06-25,HO0712,2.0848,2.1295,2.0785,2.1144,2995.0,,取暖油0712,30199.0,2.1144,2.1144
2007-06-26,HO0712,2.1105,2.1105,2.0718,2.0718,3300.0,,取暖油0712,30736.0,2.0718,2.0718
2007-06-27,HO0712,2.07,2.1075,2.0585,2.0971,4039.0,,取暖油0712,30525.0,2.0971,2.0971
2007-06-28,HO0712,2.0991,2.11,2.093,2.0961,5436.0,,取暖油0712,30840.0,2.0961,2.0961
2007-06-29,HO0712,2.103,2.1246,2.103,2.1144,3046.0,,取暖油0712,30364.0,2.1144,2.1144
2007-07-02,HO0712,2.115,2.1384,2.103,2.1337,3739.0,,取暖油0712,30705.0,2.1337,2.1337
2007-07-03,HO0712,2.1335,2.144,2.1288,2.1397,1826.0,,取暖油0712,30813.0,2.1397,2.1397
2007-07-05,HO0712,2.1335,2.164,2.1235,2.1598,3399.0,,取暖油0712,30892.0,2.1598,2.1598
2007-07-06,HO0712,2.1501,2.1721,2.1501,2.1673,4638.0,,取暖油0712,30701.0,2.1673,2.1673
2007-07-09,HO0712,2.16,2.1775,2.15,2.1703,1920.0,,取暖油0712,31431.0,2.1703,2.1703
2007-07-10,HO0712,2.167,2.1986,2.167,2.1948,2899.0,,取暖油0712,31595.0,2.1948,2.1948
2007-07-11,HO0712,2.1907,2.1945,2.1756,2.1778,3410.0,,取暖油0712,31906.0,2.1778,2.1778
2007-07-12,HO0712,2.1964,2.2143,2.16,2.1767,5096.0,,取暖油0712,32432.0,2.1767,2.1767
2007-07-13,HO0712,2.1763,2.2037,2.1763,2.1861,4110.0,,取暖油0712,32356.0,2.1861,2.1861
2007-07-16,HO0712,2.1968,2.1976,2.1364,2.1426,4897.0,,取暖油0712,33145.0,2.1426,2.1426
2007-07-17,HO0712,2.1511,2.1646,2.1155,2.1247,6977.0,,取暖油0712,32838.0,2.1247,2.1247
2007-07-18,HO0712,2.1351,2.1836,2.125,2.1836,8221.0,,取暖油0712,32522.0,2.1836,2.1836
2007-07-19,HO0712,2.1832,2.193,2.1654,2.1885,6690.0,,取暖油0712,32736.0,2.1885,2.1885
2007-07-20,HO0712,2.1905,2.1905,2.168,2.1742,3763.0,,取暖油0712,32821.0,2.1742,2.1742
2007-07-23,HO0712,2.1742,2.1742,2.1369,2.1444,7132.0,,取暖油0712,33357.0,2.1444,2.1444
2007-07-24,HO0712,2.139,2.1403,2.1066,2.1125,5597.0,,取暖油0712,33547.0,2.1125,2.1125
2007-07-25,HO0712,2.111,2.17,2.0971,2.1512,5356.0,,取暖油0712,33834.0,2.1512,2.1512
2007-07-26,HO0712,2.1585,2.1728,2.105,2.1176,7262.0,,取暖油0712,33375.0,2.1176,2.1176
2007-07-27,HO0712,2.1245,2.1615,2.115,2.1524,4836.0,,取暖油0712,33550.0,2.1524,2.1524
2007-07-30,HO0712,2.1305,2.1508,2.119,2.1376,3828.0,,取暖油0712,33285.0,2.1376,2.1376
2007-07-31,HO0712,2.1336,2.177,2.1336,2.1732,4753.0,,取暖油0712,33547.0,2.1732,2.1732
2007-08-01,HO0712,2.1643,2.1684,2.1128,2.1309,7031.0,,取暖油0712,34546.0,2.1309,2.1309
2007-08-02,HO0712,2.1195,2.1439,2.1088,2.1356,4487.0,,取暖油0712,34562.0,2.1356,2.1356
2007-08-03,HO0712,2.1349,2.1369,2.0985,2.102,5837.0,,取暖油0712,34949.0,2.102,2.102
2007-08-06,HO0712,2.095,2.095,2.01,2.0133,6060.0,,取暖油0712,34952.0,2.0133,2.0133
2007-08-07,HO0712,2.0175,2.046,2.0049,2.0391,6982.0,,取暖油0712,34856.0,2.0391,2.0391
2007-08-08,HO0712,2.0318,2.0577,2.03,2.0373,3898.0,,取暖油0712,34219.0,2.0373,2.0373
2007-08-09,HO0712,2.0415,2.0579,2.013,2.0547,9294.0,,取暖油0712,34467.0,2.0547,2.0547
2007-08-10,HO0712,2.052,2.057,2.009,2.0362,6168.0,,取暖油0712,33375.0,2.0362,2.0362
2007-08-13,HO0712,2.0525,2.08,2.019,2.0285,4489.0,,取暖油0712,33739.0,2.0285,2.0285
2007-08-14,HO0712,2.039,2.0463,2.0145,2.0398,3405.0,,取暖油0712,34380.0,2.0398,2.0398
2007-08-15,HO0712,2.0491,2.0951,2.0485,2.0804,8893.0,,取暖油0712,34106.0,2.0804,2.0804
2007-08-16,HO0712,2.0652,2.0652,2.005,2.0349,5508.0,,取暖油0712,33795.0,2.0349,2.0349
2007-08-17,HO0712,2.034,2.0695,2.034,2.068,4893.0,,取暖油0712,34443.0,2.068,2.068
2007-08-20,HO0712,2.0365,2.0437,2.0138,2.0384,4758.0,,取暖油0712,34511.0,2.0384,2.0384
2007-08-21,HO0712,2.03,2.0497,1.995,2.008,4610.0,,取暖油0712,34227.0,2.008,2.008
2007-08-22,HO0712,2.0124,2.021,1.9928,2.0039,5030.0,,取暖油0712,34502.0,2.0039,2.0039
2007-08-23,HO0712,2.0153,2.0239,2.0043,2.0164,5389.0,,取暖油0712,34803.0,2.0164,2.0164
2007-08-24,HO0712,2.0125,2.0498,2.0084,2.0493,4781.0,,取暖油0712,35233.0,2.0493,2.0493
2007-08-27,HO0712,2.04,2.0632,2.0176,2.0612,4204.0,,取暖油0712,35581.0,2.0612,2.0612
2007-08-28,HO0712,2.0551,2.065,2.045,2.0483,3566.0,,取暖油0712,35966.0,2.0483,2.0483
2007-08-29,HO0712,2.0465,2.0884,2.0457,2.0875,8925.0,,取暖油0712,36463.0,2.0875,2.0875
2007-08-30,HO0712,2.09,2.0925,2.0668,2.0746,4035.0,,取暖油0712,38223.0,2.0746,2.0746
2007-08-31,HO0712,2.0754,2.1031,2.0752,2.0859,2624.0,,取暖油0712,38411.0,2.0859,2.0859
2007-09-04,HO0712,2.0945,2.12,2.0874,2.108,5405.0,,取暖油0712,38509.0,2.108,2.108
2007-09-05,HO0712,2.1123,2.129,2.1079,2.1229,7023.0,,取暖油0712,39048.0,2.1229,2.1229
2007-09-06,HO0712,2.1297,2.1646,2.1214,2.1543,15295.0,,取暖油0712,39529.0,2.1543,2.1543
2007-09-07,HO0712,2.1565,2.1759,2.1396,2.1632,8461.0,,取暖油0712,40338.0,2.1632,2.1632
2007-09-10,HO0712,2.1582,2.2099,2.1487,2.1891,7967.0,,取暖油0712,41775.0,2.1891,2.1891
2007-09-11,HO0712,2.203,2.203,2.1728,2.1997,7781.0,,取暖油0712,43315.0,2.1997,2.1997
2007-09-12,HO0712,2.1983,2.2407,2.1969,2.2381,8731.0,,取暖油0712,43513.0,2.2381,2.2381
2007-09-13,HO0712,2.2315,2.2484,2.2122,2.2395,9237.0,,取暖油0712,43780.0,2.2395,2.2395
2007-09-14,HO0712,2.2365,2.2477,2.2225,2.2268,9728.0,,取暖油0712,43567.0,2.2268,2.2268
2007-09-17,HO0712,2.2218,2.2545,2.212,2.2497,6431.0,,取暖油0712,44575.0,2.2497,2.2497
2007-09-18,HO0712,2.2572,2.2834,2.2258,2.2668,9493.0,,取暖油0712,44631.0,2.2668,2.2668
2007-09-19,HO0712,2.2825,2.2825,2.2372,2.2718,14032.0,,取暖油0712,45813.0,2.2718,2.2718
2007-09-20,HO0712,2.2688,2.2896,2.2574,2.2879,9413.0,,取暖油0712,46987.0,2.2879,2.2879
2007-09-21,HO0712,2.2817,2.2889,2.2675,2.2861,9854.0,,取暖油0712,48469.0,2.2861,2.2861
2007-09-24,HO0712,2.279,2.2855,2.2552,2.2666,9980.0,,取暖油0712,49821.0,2.2666,2.2666
2007-09-25,HO0712,2.2544,2.2576,2.2126,2.2233,14497.0,,取暖油0712,50775.0,2.2233,2.2233
2007-09-26,HO0712,2.2242,2.2515,2.185,2.2189,15424.0,,取暖油0712,51765.0,2.2189,2.2189
2007-09-27,HO0712,2.2205,2.289,2.2205,2.2839,11061.0,,取暖油0712,51848.0,2.2839,2.2839
2007-09-28,HO0712,2.2844,2.2975,2.2337,2.2426,8069.0,,取暖油0712,52797.0,2.2426,2.2426
2007-10-01,HO0712,2.2396,2.2561,2.183,2.2002,38414.0,,取暖油0712,52814.0,2.2002,2.2002
2007-10-02,HO0712,2.2002,2.2025,2.1644,2.1818,15589.0,,取暖油0712,53641.0,2.1818,2.1818
2007-10-03,HO0712,2.191,2.2093,2.1692,2.1962,18605.0,,取暖油0712,55064.0,2.1962,2.1962
2007-10-04,HO0712,2.1875,2.257,2.1746,2.2463,14747.0,,取暖油0712,56073.0,2.2463,2.2463
2007-10-05,HO0712,2.24,2.253,2.223,2.2405,16366.0,,取暖油0712,58567.0,2.2405,2.2405
2007-10-08,HO0712,2.2404,2.2404,2.165,2.1781,21530.0,,取暖油0712,61585.0,2.1781,2.1781
2007-10-09,HO0712,2.1833,2.2208,2.16,2.2028,20987.0,,取暖油0712,64774.0,2.2028,2.2028
2007-10-10,HO0712,2.201,2.2369,2.1911,2.2347,21236.0,,取暖油0712,66410.0,2.2347,2.2347
2007-10-11,HO0712,2.2354,2.2869,2.2349,2.2658,23895.0,,取暖油0712,72098.0,2.2658,2.2658
2007-10-12,HO0712,2.2626,2.2818,2.2515,2.2669,20429.0,,取暖油0712,75964.0,2.2669,2.2669
2007-10-15,HO0712,2.2735,2.339,2.2659,2.3267,19744.0,,取暖油0712,77174.0,2.3267,2.3267
2007-10-16,HO0712,2.3365,2.3587,2.312,2.3577,23126.0,,取暖油0712,83018.0,2.3577,2.3577
2007-10-17,HO0712,2.353,2.3671,2.3254,2.3369,18739.0,,取暖油0712,86738.0,2.3369,2.3369
2007-10-18,HO0712,2.3315,2.3781,2.3272,2.3668,16236.0,,取暖油0712,88104.0,2.3668,2.3668
2007-10-19,HO0712,2.3735,2.3811,2.3335,2.3489,16534.0,,取暖油0712,89228.0,2.3489,2.3489
2007-10-22,HO0712,2.3454,2.3592,2.3058,2.3291,21384.0,,取暖油0712,91134.0,2.3291,2.3291
2007-10-23,HO0712,2.3238,2.35,2.3126,2.3195,30762.0,,取暖油0712,92399.0,2.3195,2.3195
2007-10-24,HO0712,2.3177,2.3747,2.3096,2.3633,33683.0,,取暖油0712,97948.0,2.3633,2.3633
2007-10-25,HO0712,2.3665,2.4292,2.3665,2.4267,31515.0,,取暖油0712,102520.0,2.4267,2.4267
2007-10-26,HO0712,2.4231,2.4582,2.4231,2.451,30893.0,,取暖油0712,104238.0,2.451,2.451
2007-10-29,HO0712,2.45,2.4913,2.448,2.4837,33858.0,,取暖油0712,106831.0,2.4837,2.4837
2007-10-30,HO0712,2.4855,2.4856,2.4308,2.4418,38488.0,,取暖油0712,108458.0,2.4418,2.4418
2007-10-31,HO0712,2.4308,2.5446,2.4153,2.5293,49616.0,,取暖油0712,109506.0,2.5293,2.5293
2007-11-01,HO0712,2.544,2.5567,2.4802,2.5123,35143.0,,取暖油0712,109450.0,2.5123,2.5123
2007-11-02,HO0712,2.5236,2.5762,2.51,2.5737,31345.0,,取暖油0712,106649.0,2.5737,2.5737
2007-11-05,HO0712,2.5737,2.5885,2.5307,2.5439,36889.0,,取暖油0712,103135.0,2.5439,2.5439
2007-11-06,HO0712,2.5545,2.6198,2.5531,2.6078,37843.0,,取暖油0712,97788.0,2.6078,2.6078
2007-11-07,HO0712,2.6206,2.652,2.5752,2.6175,44041.0,,取暖油0712,94200.0,2.6175,2.6175
2007-11-08,HO0712,2.6075,2.66,2.5925,2.6058,38860.0,,取暖油0712,84586.0,2.6058,2.6058
2007-11-09,HO0712,2.6127,2.6364,2.5885,2.6188,37035.0,,取暖油0712,75798.0,2.6188,2.6188
2007-11-12,HO0712,2.6064,2.6376,2.561,2.5821,37155.0,,取暖油0712,71569.0,2.5821,2.5821
2007-11-13,HO0712,2.567,2.5818,2.4902,2.5021,44071.0,,取暖油0712,67853.0,2.5021,2.5021
2007-11-14,HO0712,2.5069,2.5793,2.504,2.5734,33606.0,,取暖油0712,61813.0,2.5734,2.5734
2007-11-15,HO0712,2.5753,2.5947,2.5335,2.5587,30411.0,,取暖油0712,60238.0,2.5587,2.5587
2007-11-16,HO0712,2.565,2.6128,2.555,2.5871,27340.0,,取暖油0712,56423.0,2.5871,2.5871
2007-11-19,HO0712,2.6,2.618,2.5705,2.6042,28064.0,,取暖油0712,53339.0,2.6042,2.6042
2007-11-20,HO0712,2.6123,2.7018,2.588,2.6901,28511.0,,取暖油0712,48614.0,2.6901,2.6901
2007-11-21,HO0712,2.6922,2.7154,2.6664,2.6874,21952.0,,取暖油0712,42971.0,2.6874,2.6874
2007-11-23,HO0712,2.6966,2.7184,2.6729,2.7042,13769.0,,取暖油0712,39722.0,2.7042,2.7042
2007-11-26,HO0712,2.7021,2.7272,2.674,2.7066,26064.0,,取暖油0712,37360.0,2.7066,2.7066
2007-11-27,HO0712,2.6912,2.6972,2.6487,2.6534,31450.0,,取暖油0712,32712.0,2.6534,2.6534
2007-11-28,HO0712,2.6528,2.6804,2.5671,2.5738,21905.0,,取暖油0712,23938.0,2.5738,2.5738
2007-11-29,HO0712,2.601,2.653,2.5685,2.5771,20341.0,,取暖油0712,15625.0,2.5771,2.5771
2007-11-30,HO0712,2.58,2.5925,2.5028,2.5296,8180.0,,取暖油0712,7803.0,2.5296,2.5296
