date,symbol,open,high,low,close,volume,amount,name,openinterest,settleprice,price
2006-09-04,HO0803,0.0,0.0,0.0,2.2169,,,取暖油0803,,2.2169,2.2169
2006-09-05,HO0803,0.0,0.0,0.0,2.1992,,,取暖油0803,,2.1992,2.1992
2006-09-06,HO0803,2.1915,2.1915,2.1724,2.1724,2.0,,取暖油0803,,2.1724,2.1724
2006-09-07,HO0803,0.0,0.0,0.0,2.1614,,,取暖油0803,1.0,2.1614,2.1614
2006-09-08,HO0803,0.0,0.0,0.0,2.1393,,,取暖油0803,1.0,2.1393,2.1393
2006-09-11,HO0803,0.0,0.0,0.0,2.1049,50.0,,取暖油0803,1.0,2.1049,2.1049
2006-09-12,HO0803,0.0,0.0,0.0,2.0558,,,取暖油0803,51.0,2.0558,2.0558
2006-09-13,HO0803,2.071,2.071,2.0691,2.0691,4.0,,取暖油0803,51.0,2.0691,2.0691
2006-09-14,HO0803,0.0,0.0,0.0,2.0661,,,取暖油0803,55.0,2.0661,2.0661
2006-09-15,HO0803,0.0,0.0,0.0,2.0387,1.0,,取暖油0803,55.0,2.0387,2.0387
2006-09-18,HO0803,0.0,0.0,0.0,2.0367,,,取暖油0803,56.0,2.0367,2.0367
2006-09-19,HO0803,2.057,2.057,2.0006,2.0006,5.0,,取暖油0803,56.0,2.0006,2.0006
2006-09-20,HO0803,0.0,0.0,0.0,1.9606,,,取暖油0803,61.0,1.9606,1.9606
2006-09-21,HO0803,0.0,0.0,0.0,1.9778,,,取暖油0803,61.0,1.9778,1.9778
2006-09-22,HO0803,0.0,0.0,0.0,1.9574,,,取暖油0803,61.0,1.9574,1.9574
2006-09-25,HO0803,0.0,0.0,0.0,1.9708,,,取暖油0803,61.0,1.9708,1.9708
2006-09-26,HO0803,0.0,0.0,0.0,1.9578,,,取暖油0803,61.0,1.9578,1.9578
2006-09-27,HO0803,1.955,2.0055,1.955,2.0055,4.0,,取暖油0803,61.0,2.0055,2.0055
2006-09-28,HO0803,2.0205,2.0205,2.0104,2.0104,4.0,,取暖油0803,63.0,2.0104,2.0104
2006-09-29,HO0803,0.0,0.0,0.0,2.0257,,,取暖油0803,67.0,2.0257,2.0257
2006-10-02,HO0803,0.0,0.0,0.0,1.9917,,,取暖油0803,67.0,1.9917,1.9917
2006-10-03,HO0803,0.0,0.0,0.0,1.9589,50.0,,取暖油0803,67.0,1.9589,1.9589
2006-10-04,HO0803,0.0,0.0,0.0,1.9744,50.0,,取暖油0803,117.0,1.9744,1.9744
2006-10-05,HO0803,1.98,1.98,1.9751,1.9751,2.0,,取暖油0803,167.0,1.9751,1.9751
2006-10-06,HO0803,0.0,0.0,0.0,1.9749,,,取暖油0803,169.0,1.9749,1.9749
2006-10-09,HO0803,1.9985,1.9985,1.978,1.978,1.0,,取暖油0803,169.0,1.978,1.978
2006-10-10,HO0803,0.0,0.0,0.0,1.9498,,,取暖油0803,170.0,1.9498,1.9498
2006-10-11,HO0803,0.0,0.0,0.0,1.9363,,,取暖油0803,170.0,1.9363,1.9363
2006-10-12,HO0803,1.9375,1.9443,1.9375,1.9443,1.0,,取暖油0803,170.0,1.9443,1.9443
2006-10-13,HO0803,0.0,0.0,0.0,1.9591,1.0,,取暖油0803,171.0,1.9591,1.9591
2006-10-16,HO0803,0.0,0.0,0.0,1.9916,,,取暖油0803,172.0,1.9916,1.9916
2006-10-17,HO0803,0.0,0.0,0.0,1.9676,,,取暖油0803,172.0,1.9676,1.9676
2006-10-18,HO0803,0.0,0.0,0.0,1.9438,,,取暖油0803,172.0,1.9438,1.9438
2006-10-19,HO0803,0.0,0.0,0.0,1.9744,7.0,,取暖油0803,172.0,1.9744,1.9744
2006-10-20,HO0803,0.0,0.0,0.0,1.9504,,,取暖油0803,176.0,1.9504,1.9504
2006-10-23,HO0803,1.94,1.94,1.9354,1.9354,1.0,,取暖油0803,176.0,1.9354,1.9354
2006-10-24,HO0803,0.0,0.0,0.0,1.9462,,,取暖油0803,177.0,1.9462,1.9462
2006-10-25,HO0803,0.0,0.0,0.0,1.9894,59.0,,取暖油0803,177.0,1.9894,1.9894
2006-10-26,HO0803,0.0,0.0,0.0,1.965,1.0,,取暖油0803,184.0,1.965,1.965
2006-10-27,HO0803,0.0,0.0,0.0,1.9745,,,取暖油0803,185.0,1.9745,1.9745
2006-10-30,HO0803,0.0,0.0,0.0,1.9215,,,取暖油0803,185.0,1.9215,1.9215
2006-10-31,HO0803,0.0,0.0,0.0,1.9415,,,取暖油0803,185.0,1.9415,1.9415
2006-11-01,HO0803,0.0,0.0,0.0,1.9367,,,取暖油0803,185.0,1.9367,1.9367
2006-11-02,HO0803,0.0,0.0,0.0,1.9227,100.0,,取暖油0803,185.0,1.9227,1.9227
2006-11-03,HO0803,0.0,0.0,0.0,1.9484,,,取暖油0803,267.0,1.9484,1.9484
2006-11-06,HO0803,0.0,0.0,0.0,1.9746,,,取暖油0803,267.0,1.9746,1.9746
2006-11-07,HO0803,0.0,0.0,0.0,1.9393,,,取暖油0803,267.0,1.9393,1.9393
2006-11-08,HO0803,0.0,0.0,0.0,1.9551,,,取暖油0803,267.0,1.9551,1.9551
2006-11-09,HO0803,0.0,0.0,0.0,1.9811,,,取暖油0803,267.0,1.9811,1.9811
2006-11-10,HO0803,0.0,0.0,0.0,1.9483,,,取暖油0803,267.0,1.9483,1.9483
2006-11-13,HO0803,1.942,1.942,1.9302,1.9302,1.0,,取暖油0803,267.0,1.9302,1.9302
2006-11-14,HO0803,0.0,0.0,0.0,1.9287,,,取暖油0803,268.0,1.9287,1.9287
2006-11-15,HO0803,0.0,0.0,0.0,1.9459,1.0,,取暖油0803,268.0,1.9459,1.9459
2006-11-16,HO0803,1.9455,1.9455,1.9026,1.9026,2.0,,取暖油0803,269.0,1.9026,1.9026
2006-11-17,HO0803,1.9325,1.9325,1.9224,1.9224,53.0,,取暖油0803,271.0,1.9224,1.9224
2006-11-20,HO0803,0.0,0.0,0.0,1.9315,,,取暖油0803,274.0,1.9315,1.9315
2006-11-21,HO0803,0.0,0.0,0.0,1.9626,,,取暖油0803,274.0,1.9626,1.9626
2006-11-22,HO0803,1.9425,1.9425,1.9252,1.9252,1.0,,取暖油0803,274.0,1.9252,1.9252
2006-11-24,HO0803,0.0,0.0,0.0,1.9252,,,取暖油0803,275.0,1.9252,1.9252
2006-11-27,HO0803,1.95,1.9593,1.95,1.9593,2.0,,取暖油0803,275.0,1.9593,1.9593
2006-11-28,HO0803,0.0,0.0,0.0,1.9718,,,取暖油0803,277.0,1.9718,1.9718
2006-11-29,HO0803,0.0,0.0,0.0,1.9973,1.0,,取暖油0803,277.0,1.9973,1.9973
2006-11-30,HO0803,0.0,0.0,0.0,2.0065,,,取暖油0803,278.0,2.0065,2.0065
2006-12-01,HO0803,0.0,0.0,0.0,2.0179,9.0,,取暖油0803,278.0,2.0179,2.0179
2006-12-04,HO0803,0.0,0.0,0.0,1.9929,,,取暖油0803,287.0,1.9929,1.9929
2006-12-05,HO0803,0.0,0.0,0.0,1.9918,2.0,,取暖油0803,287.0,1.9918,1.9918
2006-12-06,HO0803,0.0,0.0,0.0,1.9889,,,取暖油0803,289.0,1.9889,1.9889
2006-12-07,HO0803,0.0,0.0,0.0,1.9799,,,取暖油0803,289.0,1.9799,1.9799
2006-12-08,HO0803,0.0,0.0,0.0,1.9612,50.0,,取暖油0803,289.0,1.9612,1.9612
2006-12-11,HO0803,1.961,1.961,1.955,1.955,1.0,,取暖油0803,309.0,1.955,1.955
2006-12-12,HO0803,0.0,0.0,0.0,1.957,,,取暖油0803,310.0,1.957,1.957
2006-12-13,HO0803,1.967,1.967,1.959,1.959,344.0,,取暖油0803,310.0,1.959,1.959
2006-12-14,HO0803,0.0,0.0,0.0,1.9861,1.0,,取暖油0803,540.0,1.9861,1.9861
2006-12-15,HO0803,0.0,0.0,0.0,1.9872,1.0,,取暖油0803,541.0,1.9872,1.9872
2006-12-18,HO0803,1.97,1.97,1.9412,1.9412,54.0,,取暖油0803,542.0,1.9412,1.9412
2006-12-19,HO0803,0.0,0.0,0.0,1.9612,,,取暖油0803,536.0,1.9612,1.9612
2006-12-20,HO0803,0.0,0.0,0.0,1.9808,,,取暖油0803,536.0,1.9808,1.9808
2006-12-21,HO0803,1.971,1.971,1.962,1.962,62.0,,取暖油0803,536.0,1.962,1.962
2006-12-22,HO0803,0.0,0.0,0.0,1.9528,,,取暖油0803,591.0,1.9528,1.9528
2006-12-26,HO0803,0.0,0.0,0.0,1.9223,,,取暖油0803,589.0,1.9223,1.9223
2006-12-27,HO0803,0.0,0.0,0.0,1.9153,,,取暖油0803,589.0,1.9153,1.9153
2006-12-28,HO0803,0.0,0.0,0.0,1.9206,,,取暖油0803,589.0,1.9206,1.9206
2006-12-29,HO0803,0.0,0.0,0.0,1.9252,25.0,,取暖油0803,589.0,1.9252,1.9252
2007-01-03,HO0803,0.0,0.0,0.0,1.8751,,,取暖油0803,579.0,1.8751,1.8751
2007-01-04,HO0803,1.85,1.85,1.8281,1.8281,22.0,,取暖油0803,579.0,1.8281,1.8281
2007-01-05,HO0803,1.8225,1.8393,1.8225,1.8393,41.0,,取暖油0803,581.0,1.8393,1.8393
2007-01-08,HO0803,1.835,1.835,1.834,1.834,10.0,,取暖油0803,613.0,1.834,1.834
2007-01-09,HO0803,1.8125,1.829,1.8125,1.829,44.0,,取暖油0803,618.0,1.829,1.829
2007-01-10,HO0803,1.81,1.81,1.797,1.797,119.0,,取暖油0803,630.0,1.797,1.797
2007-01-11,HO0803,1.785,1.7875,1.7379,1.7379,33.0,,取暖油0803,684.0,1.7379,1.7379
2007-01-12,HO0803,1.758,1.758,1.746,1.7502,102.0,,取暖油0803,704.0,1.7502,1.7502
2007-01-16,HO0803,1.745,1.745,1.7068,1.7068,326.0,,取暖油0803,719.0,1.7068,1.7068
2007-01-17,HO0803,1.707,1.7275,1.705,1.7218,60.0,,取暖油0803,758.0,1.7218,1.7218
2007-01-18,HO0803,1.7025,1.705,1.7,1.7032,12.0,,取暖油0803,765.0,1.7032,1.7032
2007-01-19,HO0803,1.725,1.743,1.725,1.741,15.0,,取暖油0803,775.0,1.741,1.741
2007-01-22,HO0803,1.758,1.758,1.727,1.727,5.0,,取暖油0803,786.0,1.727,1.727
2007-01-23,HO0803,0.0,0.0,0.0,1.7805,,,取暖油0803,791.0,1.7805,1.7805
2007-01-24,HO0803,0.0,0.0,0.0,1.7818,,,取暖油0803,791.0,1.7818,1.7818
2007-01-25,HO0803,1.788,1.788,1.7539,1.7539,2.0,,取暖油0803,791.0,1.7539,1.7539
2007-01-26,HO0803,1.77,1.7914,1.77,1.7914,1.0,,取暖油0803,793.0,1.7914,1.7914
2007-01-29,HO0803,1.775,1.775,1.7487,1.7487,4.0,,取暖油0803,794.0,1.7487,1.7487
2007-01-30,HO0803,0.0,0.0,0.0,1.8198,,,取暖油0803,796.0,1.8198,1.8198
2007-01-31,HO0803,0.0,0.0,0.0,1.8423,,,取暖油0803,796.0,1.8423,1.8423
2007-02-01,HO0803,1.85,1.85,1.828,1.828,3.0,,取暖油0803,796.0,1.828,1.828
2007-02-02,HO0803,0.0,0.0,0.0,1.8695,46.0,,取暖油0803,799.0,1.8695,1.8695
2007-02-05,HO0803,0.0,0.0,0.0,1.8556,1.0,,取暖油0803,799.0,1.8556,1.8556
2007-02-06,HO0803,1.8725,1.8725,1.8614,1.8614,6.0,,取暖油0803,800.0,1.8614,1.8614
2007-02-07,HO0803,1.8625,1.8625,1.8261,1.8261,51.0,,取暖油0803,806.0,1.8261,1.8261
2007-02-08,HO0803,0.0,0.0,0.0,1.88,534.0,,取暖油0803,830.0,1.88,1.88
2007-02-09,HO0803,0.0,0.0,0.0,1.8783,31.0,,取暖油0803,925.0,1.8783,1.8783
2007-02-12,HO0803,0.0,0.0,0.0,1.8287,,,取暖油0803,925.0,1.8287,1.8287
2007-02-13,HO0803,1.83,1.8707,1.83,1.8707,18.0,,取暖油0803,925.0,1.8707,1.8707
2007-02-14,HO0803,0.0,0.0,0.0,1.8263,3.0,,取暖油0803,928.0,1.8263,1.8263
2007-02-15,HO0803,1.826,1.826,1.8136,1.8136,60.0,,取暖油0803,930.0,1.8136,1.8136
2007-02-16,HO0803,1.8375,1.8495,1.835,1.8495,2.0,,取暖油0803,990.0,1.8495,1.8495
2007-02-20,HO0803,1.8145,1.8311,1.8145,1.8311,2.0,,取暖油0803,992.0,1.8311,1.8311
2007-02-21,HO0803,0.0,0.0,0.0,1.8626,,,取暖油0803,994.0,1.8626,1.8626
2007-02-22,HO0803,1.87,1.8958,1.87,1.8958,7.0,,取暖油0803,994.0,1.8958,1.8958
2007-02-23,HO0803,0.0,0.0,0.0,1.9191,,,取暖油0803,1001.0,1.9191,1.9191
2007-02-26,HO0803,0.0,0.0,0.0,1.9217,1.0,,取暖油0803,1001.0,1.9217,1.9217
2007-02-27,HO0803,1.92,1.9355,1.92,1.9355,62.0,,取暖油0803,1002.0,1.9355,1.9355
2007-02-28,HO0803,1.92,1.9555,1.92,1.9486,5.0,,取暖油0803,1010.0,1.9486,1.9486
2007-03-01,HO0803,1.941,1.95,1.941,1.9453,6.0,,取暖油0803,1015.0,1.9453,1.9453
2007-03-02,HO0803,0.0,0.0,0.0,1.9322,2.0,,取暖油0803,1019.0,1.9322,1.9322
2007-03-05,HO0803,1.907,1.9074,1.8943,1.8943,24.0,,取暖油0803,1017.0,1.8943,1.8943
2007-03-06,HO0803,1.9175,1.9175,1.9143,1.9143,2.0,,取暖油0803,1020.0,1.9143,1.9143
2007-03-07,HO0803,0.0,0.0,0.0,1.94,,,取暖油0803,1022.0,1.94,1.94
2007-03-08,HO0803,1.938,1.9394,1.938,1.9394,284.0,,取暖油0803,1022.0,1.9394,1.9394
2007-03-09,HO0803,1.92,1.92,1.8977,1.8977,111.0,,取暖油0803,1198.0,1.8977,1.8977
2007-03-12,HO0803,1.89,1.89,1.8818,1.8818,5.0,,取暖油0803,1283.0,1.8818,1.8818
2007-03-13,HO0803,1.899,1.922,1.8872,1.8872,316.0,,取暖油0803,1285.0,1.8872,1.8872
2007-03-14,HO0803,1.892,1.8996,1.892,1.8996,2.0,,取暖油0803,1393.0,1.8996,1.8996
2007-03-15,HO0803,1.8923,1.8923,1.8818,1.8818,3.0,,取暖油0803,1394.0,1.8818,1.8818
2007-03-16,HO0803,1.8947,1.91,1.8773,1.8773,77.0,,取暖油0803,1395.0,1.8773,1.8773
2007-03-19,HO0803,1.895,1.895,1.8809,1.8809,7.0,,取暖油0803,1463.0,1.8809,1.8809
2007-03-20,HO0803,1.8846,1.8846,1.8647,1.8647,7.0,,取暖油0803,1469.0,1.8647,1.8647
2007-03-21,HO0803,1.88,1.88,1.8745,1.878,197.0,,取暖油0803,1474.0,1.878,1.878
2007-03-22,HO0803,1.9198,1.926,1.9155,1.926,33.0,,取暖油0803,1537.0,1.926,1.926
2007-03-23,HO0803,1.933,1.94,1.9211,1.9211,1076.0,,取暖油0803,1566.0,1.9211,1.9211
2007-03-26,HO0803,0.0,0.0,0.0,1.966,,,取暖油0803,2018.0,1.966,1.966
2007-03-27,HO0803,1.967,1.9791,1.956,1.9791,303.0,,取暖油0803,2018.0,1.9791,1.9791
2007-03-28,HO0803,2.025,2.025,2.0048,2.0048,29.0,,取暖油0803,2213.0,2.0048,2.0048
2007-03-29,HO0803,2.03,2.0358,2.03,2.0358,123.0,,取暖油0803,2226.0,2.0358,2.0358
2007-03-30,HO0803,2.043,2.045,2.0279,2.0279,79.0,,取暖油0803,2226.0,2.0279,2.0279
2007-04-02,HO0803,2.0325,2.047,2.022,2.022,125.0,,取暖油0803,2228.0,2.022,2.022
2007-04-03,HO0803,2.005,2.0137,2.005,2.0137,1.0,,取暖油0803,2230.0,2.0137,2.0137
2007-04-04,HO0803,2.009,2.0329,2.009,2.0329,23.0,,取暖油0803,2230.0,2.0329,2.0329
2007-04-05,HO0803,2.033,2.0369,2.033,2.0369,1.0,,取暖油0803,2249.0,2.0369,2.0369
2007-04-09,HO0803,0.0,0.0,0.0,2.0002,1.0,,取暖油0803,2237.0,2.0002,2.0002
2007-04-10,HO0803,2.047,2.047,2.0321,2.0321,16.0,,取暖油0803,2238.0,2.0321,2.0321
2007-04-11,HO0803,0.0,0.0,0.0,2.0427,1858.0,,取暖油0803,2248.0,2.0427,2.0427
2007-04-12,HO0803,2.05,2.0608,2.05,2.0608,609.0,,取暖油0803,3499.0,2.0608,2.0608
2007-04-13,HO0803,2.078,2.078,2.0487,2.0487,108.0,,取暖油0803,3941.0,2.0487,2.0487
2007-04-16,HO0803,0.0,0.0,0.0,2.0123,201.0,,取暖油0803,3938.0,2.0123,2.0123
2007-04-17,HO0803,2.0125,2.0125,1.9786,1.9786,149.0,,取暖油0803,3937.0,1.9786,1.9786
2007-04-18,HO0803,1.9786,1.9896,1.9786,1.9896,474.0,,取暖油0803,3917.0,1.9896,1.9896
2007-04-19,HO0803,1.996,1.996,1.9822,1.9822,122.0,,取暖油0803,4116.0,1.9822,1.9822
2007-04-20,HO0803,1.98,2.0015,1.98,1.9995,44.0,,取暖油0803,4129.0,1.9995,1.9995
2007-04-23,HO0803,2.01,2.047,2.01,2.047,102.0,,取暖油0803,4129.0,2.047,2.047
2007-04-24,HO0803,2.0434,2.0434,2.0085,2.0085,364.0,,取暖油0803,4220.0,2.0085,2.0085
2007-04-25,HO0803,0.0,0.0,0.0,2.0506,186.0,,取暖油0803,4525.0,2.0506,2.0506
2007-04-26,HO0803,2.035,2.035,2.03,2.0308,324.0,,取暖油0803,4656.0,2.0308,2.0308
2007-04-27,HO0803,0.0,0.0,0.0,2.0557,264.0,,取暖油0803,4938.0,2.0557,2.0557
2007-04-30,HO0803,2.0425,2.063,2.0418,2.0418,66.0,,取暖油0803,4876.0,2.0418,2.0418
2007-05-01,HO0803,2.049,2.073,2.0444,2.0444,152.0,,取暖油0803,4898.0,2.0444,2.0444
2007-05-02,HO0803,2.026,2.0375,2.012,2.0246,170.0,,取暖油0803,5001.0,2.0246,2.0246
2007-05-03,HO0803,2.0225,2.0275,2.0121,2.0188,95.0,,取暖油0803,5137.0,2.0188,2.0188
2007-05-04,HO0803,2.0177,2.0177,1.9825,2.0079,323.0,,取暖油0803,5155.0,2.0079,2.0079
2007-05-07,HO0803,2.0005,2.0005,1.98,1.9855,293.0,,取暖油0803,5186.0,1.9855,1.9855
2007-05-08,HO0803,1.99,2.0085,1.9855,1.9989,439.0,,取暖油0803,5292.0,1.9989,1.9989
2007-05-09,HO0803,1.99,1.9905,1.969,1.9898,134.0,,取暖油0803,5122.0,1.9898,1.9898
2007-05-10,HO0803,1.996,2.013,1.9935,2.0065,518.0,,取暖油0803,5083.0,2.0065,2.0065
2007-05-11,HO0803,2.02,2.035,2.02,2.0228,31.0,,取暖油0803,4792.0,2.0228,2.0228
2007-05-14,HO0803,2.0292,2.032,2.0146,2.0157,183.0,,取暖油0803,4776.0,2.0157,2.0157
2007-05-15,HO0803,2.04,2.04,2.035,2.0387,471.0,,取暖油0803,4799.0,2.0387,2.0387
2007-05-16,HO0803,2.02,2.0303,2.005,2.03,434.0,,取暖油0803,4888.0,2.03,2.03
2007-05-17,HO0803,2.066,2.0854,2.056,2.0822,677.0,,取暖油0803,4884.0,2.0822,2.0822
2007-05-18,HO0803,2.07,2.077,2.0677,2.0677,336.0,,取暖油0803,5376.0,2.0677,2.0677
2007-05-21,HO0803,2.08,2.1,2.08,2.0872,67.0,,取暖油0803,5532.0,2.0872,2.0872
2007-05-22,HO0803,2.0731,2.0768,2.0507,2.0507,22.0,,取暖油0803,5531.0,2.0507,2.0507
2007-05-23,HO0803,2.058,2.0706,2.05,2.0706,306.0,,取暖油0803,5551.0,2.0706,2.0706
2007-05-24,HO0803,2.093,2.093,2.065,2.065,65.0,,取暖油0803,5540.0,2.065,2.065
2007-05-25,HO0803,2.085,2.085,2.0806,2.0806,96.0,,取暖油0803,5581.0,2.0806,2.0806
2007-05-29,HO0803,2.07,2.07,2.015,2.0241,335.0,,取暖油0803,5582.0,2.0241,2.0241
2007-05-30,HO0803,2.03,2.036,2.021,2.0288,377.0,,取暖油0803,5579.0,2.0288,2.0288
2007-05-31,HO0803,2.0294,2.04,2.004,2.0301,580.0,,取暖油0803,5593.0,2.0301,2.0301
2007-06-01,HO0803,2.0301,2.0588,2.0275,2.0568,384.0,,取暖油0803,5523.0,2.0568,2.0568
2007-06-04,HO0803,2.065,2.086,2.065,2.0746,502.0,,取暖油0803,5520.0,2.0746,2.0746
2007-06-05,HO0803,2.0704,2.076,2.0679,2.0679,986.0,,取暖油0803,5470.0,2.0679,2.0679
2007-06-06,HO0803,2.075,2.0855,2.0575,2.0762,173.0,,取暖油0803,5347.0,2.0762,2.0762
2007-06-07,HO0803,2.08,2.0925,2.0762,2.0925,311.0,,取暖油0803,5356.0,2.0925,2.0925
2007-06-08,HO0803,2.0611,2.078,2.0303,2.0303,370.0,,取暖油0803,5291.0,2.0303,2.0303
2007-06-11,HO0803,2.0475,2.0695,2.0413,2.0661,238.0,,取暖油0803,5228.0,2.0661,2.0661
2007-06-12,HO0803,2.042,2.052,2.0395,2.0504,751.0,,取暖油0803,5297.0,2.0504,2.0504
2007-06-13,HO0803,2.043,2.08,2.043,2.075,1014.0,,取暖油0803,5277.0,2.075,2.075
2007-06-14,HO0803,2.083,2.11,2.083,2.1041,1032.0,,取暖油0803,5437.0,2.1041,2.1041
2007-06-15,HO0803,2.099,2.1061,2.099,2.1061,370.0,,取暖油0803,5228.0,2.1061,2.1061
2007-06-18,HO0803,0.0,0.0,0.0,2.1272,274.0,,取暖油0803,5141.0,2.1272,2.1272
2007-06-19,HO0803,2.116,2.125,2.1125,2.1237,1336.0,,取暖油0803,5064.0,2.1237,2.1237
2007-06-20,HO0803,2.1,2.1193,2.0937,2.1193,354.0,,取暖油0803,5089.0,2.1193,2.1193
2007-06-21,HO0803,2.1263,2.14,2.0995,2.0995,961.0,,取暖油0803,4959.0,2.0995,2.0995
2007-06-22,HO0803,2.1173,2.1173,2.1115,2.1145,296.0,,取暖油0803,4929.0,2.1145,2.1145
2007-06-25,HO0803,2.095,2.1164,2.095,2.1164,73.0,,取暖油0803,4904.0,2.1164,2.1164
2007-06-26,HO0803,2.0975,2.0986,2.0738,2.0738,206.0,,取暖油0803,4931.0,2.0738,2.0738
2007-06-27,HO0803,2.07,2.1054,2.0658,2.0971,172.0,,取暖油0803,4841.0,2.0971,2.0971
2007-06-28,HO0803,2.1111,2.1111,2.09,2.0961,642.0,,取暖油0803,4881.0,2.0961,2.0961
2007-06-29,HO0803,2.115,2.117,2.105,2.1124,400.0,,取暖油0803,4949.0,2.1124,2.1124
2007-07-02,HO0803,2.114,2.1366,2.1085,2.1357,110.0,,取暖油0803,5017.0,2.1357,2.1357
2007-07-03,HO0803,2.135,2.15,2.135,2.1432,195.0,,取暖油0803,5068.0,2.1432,2.1432
2007-07-05,HO0803,2.135,2.1598,2.135,2.1598,185.0,,取暖油0803,5095.0,2.1598,2.1598
2007-07-06,HO0803,2.1681,2.17,2.1673,2.1673,125.0,,取暖油0803,5089.0,2.1673,2.1673
2007-07-09,HO0803,2.17,2.1751,2.1675,2.1723,349.0,,取暖油0803,5037.0,2.1723,2.1723
2007-07-10,HO0803,2.1747,2.1975,2.172,2.1943,105.0,,取暖油0803,4727.0,2.1943,2.1943
2007-07-11,HO0803,2.19,2.1936,2.1793,2.1793,234.0,,取暖油0803,4745.0,2.1793,2.1793
2007-07-12,HO0803,2.2,2.2105,2.1624,2.1772,247.0,,取暖油0803,4798.0,2.1772,2.1772
2007-07-13,HO0803,2.1919,2.1947,2.1825,2.1831,466.0,,取暖油0803,4782.0,2.1831,2.1831
2007-07-16,HO0803,2.1882,2.1885,2.1421,2.1421,416.0,,取暖油0803,4784.0,2.1421,2.1421
2007-07-17,HO0803,2.1595,2.16,2.122,2.1247,339.0,,取暖油0803,4778.0,2.1247,2.1247
2007-07-18,HO0803,2.13,2.177,2.13,2.1746,196.0,,取暖油0803,4728.0,2.1746,2.1746
2007-07-19,HO0803,2.1597,2.176,2.1597,2.176,146.0,,取暖油0803,4690.0,2.176,2.176
2007-07-20,HO0803,2.1748,2.1748,2.1657,2.1657,55.0,,取暖油0803,4678.0,2.1657,2.1657
2007-07-23,HO0803,2.161,2.161,2.135,2.1399,466.0,,取暖油0803,4663.0,2.1399,2.1399
2007-07-24,HO0803,2.1399,2.1399,2.109,2.109,595.0,,取暖油0803,4583.0,2.109,2.109
2007-07-25,HO0803,2.1188,2.168,2.1175,2.1482,327.0,,取暖油0803,4568.0,2.1482,2.1482
2007-07-26,HO0803,2.154,2.166,2.1136,2.1136,478.0,,取暖油0803,4794.0,2.1136,2.1136
2007-07-27,HO0803,2.1201,2.1515,2.1182,2.1444,450.0,,取暖油0803,4642.0,2.1444,2.1444
2007-07-30,HO0803,2.135,2.135,2.1131,2.1276,406.0,,取暖油0803,4695.0,2.1276,2.1276
2007-07-31,HO0803,2.1376,2.1612,2.1365,2.1587,175.0,,取暖油0803,4846.0,2.1587,2.1587
2007-08-01,HO0803,2.153,2.153,2.1111,2.1264,347.0,,取暖油0803,4756.0,2.1264,2.1264
2007-08-02,HO0803,2.1245,2.137,2.118,2.1316,134.0,,取暖油0803,4880.0,2.1316,2.1316
2007-08-03,HO0803,2.129,2.129,2.1003,2.1005,406.0,,取暖油0803,4975.0,2.1005,2.1005
2007-08-06,HO0803,2.0947,2.1,2.0183,2.0183,178.0,,取暖油0803,4850.0,2.0183,2.0183
2007-08-07,HO0803,2.0285,2.0463,2.0165,2.0421,577.0,,取暖油0803,4921.0,2.0421,2.0421
2007-08-08,HO0803,2.0405,2.055,2.0325,2.0348,781.0,,取暖油0803,4822.0,2.0348,2.0348
2007-08-09,HO0803,2.0226,2.0484,2.0186,2.0482,254.0,,取暖油0803,5132.0,2.0482,2.0482
2007-08-10,HO0803,2.0158,2.041,2.01,2.0287,463.0,,取暖油0803,5186.0,2.0287,2.0287
2007-08-13,HO0803,2.0575,2.06,2.01,2.018,115.0,,取暖油0803,5315.0,2.018,2.018
2007-08-14,HO0803,2.0334,2.0334,2.0115,2.0288,359.0,,取暖油0803,5314.0,2.0288,2.0288
2007-08-15,HO0803,2.0485,2.0771,2.0465,2.0639,672.0,,取暖油0803,5436.0,2.0639,2.0639
2007-08-16,HO0803,2.0514,2.0514,1.9967,2.0184,1030.0,,取暖油0803,5424.0,2.0184,2.0184
2007-08-17,HO0803,2.0425,2.048,2.032,2.048,338.0,,取暖油0803,5115.0,2.048,2.048
2007-08-20,HO0803,2.0135,2.0304,2.005,2.0259,695.0,,取暖油0803,4920.0,2.0259,2.0259
2007-08-21,HO0803,2.0266,2.033,1.9861,1.9995,696.0,,取暖油0803,4882.0,1.9995,1.9995
2007-08-22,HO0803,2.0075,2.0126,1.99,2.0014,1044.0,,取暖油0803,4922.0,2.0014,2.0014
2007-08-23,HO0803,2.0212,2.03,2.0097,2.0149,1331.0,,取暖油0803,5189.0,2.0149,2.0149
2007-08-24,HO0803,2.025,2.0428,2.025,2.0428,746.0,,取暖油0803,5416.0,2.0428,2.0428
2007-08-27,HO0803,2.0355,2.0542,2.014,2.0542,855.0,,取暖油0803,5506.0,2.0542,2.0542
2007-08-28,HO0803,2.0524,2.0524,2.0345,2.0368,665.0,,取暖油0803,5691.0,2.0368,2.0368
2007-08-29,HO0803,2.0415,2.0668,2.0415,2.0665,1733.0,,取暖油0803,5426.0,2.0665,2.0665
2007-08-30,HO0803,2.0671,2.0671,2.0461,2.0526,1261.0,,取暖油0803,5759.0,2.0526,2.0526
2007-08-31,HO0803,2.075,2.079,2.0621,2.0634,191.0,,取暖油0803,6340.0,2.0634,2.0634
2007-09-04,HO0803,2.0806,2.0925,2.0794,2.0825,1107.0,,取暖油0803,6423.0,2.0825,2.0825
2007-09-05,HO0803,2.089,2.0924,2.082,2.0924,1238.0,,取暖油0803,6808.0,2.0924,2.0924
2007-09-06,HO0803,2.1005,2.1201,2.0937,2.1183,1564.0,,取暖油0803,7263.0,2.1183,2.1183
2007-09-07,HO0803,2.115,2.1377,2.111,2.1252,919.0,,取暖油0803,7076.0,2.1252,2.1252
2007-09-10,HO0803,2.1178,2.1585,2.11,2.1456,2301.0,,取暖油0803,7147.0,2.1456,2.1456
2007-09-11,HO0803,2.1479,2.1547,2.13,2.1547,1368.0,,取暖油0803,7071.0,2.1547,2.1547
2007-09-12,HO0803,2.168,2.1916,2.16,2.1916,2568.0,,取暖油0803,7007.0,2.1916,2.1916
2007-09-13,HO0803,2.1754,2.1913,2.169,2.1905,1116.0,,取暖油0803,7324.0,2.1905,2.1905
2007-09-14,HO0803,2.19,2.1905,2.1773,2.1783,605.0,,取暖油0803,7585.0,2.1783,2.1783
2007-09-17,HO0803,2.175,2.2035,2.1748,2.2007,772.0,,取暖油0803,7620.0,2.2007,2.2007
2007-09-18,HO0803,2.194,2.229,2.192,2.2178,812.0,,取暖油0803,7609.0,2.2178,2.2178
2007-09-19,HO0803,2.2175,2.2228,2.1964,2.2228,959.0,,取暖油0803,7589.0,2.2228,2.2228
2007-09-20,HO0803,2.2135,2.2462,2.2135,2.2449,1017.0,,取暖油0803,7583.0,2.2449,2.2449
2007-09-21,HO0803,2.238,2.254,2.237,2.2486,1523.0,,取暖油0803,7546.0,2.2486,2.2486
2007-09-24,HO0803,2.24,2.2535,2.237,2.2401,867.0,,取暖油0803,7703.0,2.2401,2.2401
2007-09-25,HO0803,2.2215,2.2305,2.198,2.2033,1950.0,,取暖油0803,7714.0,2.2033,2.2033
2007-09-26,HO0803,2.215,2.2234,2.168,2.1974,1748.0,,取暖油0803,7615.0,2.1974,2.1974
2007-09-27,HO0803,2.2234,2.2524,2.2219,2.2524,736.0,,取暖油0803,7642.0,2.2524,2.2524
2007-09-28,HO0803,2.26,2.26,2.211,2.2131,425.0,,取暖油0803,7506.0,2.2131,2.2131
2007-10-01,HO0803,2.1945,2.1971,2.1627,2.1797,2236.0,,取暖油0803,7589.0,2.1797,2.1797
2007-10-02,HO0803,2.1617,2.1719,2.1543,2.1688,619.0,,取暖油0803,7559.0,2.1688,2.1688
2007-10-03,HO0803,2.164,2.21,2.1604,2.1812,1826.0,,取暖油0803,7574.0,2.1812,2.1812
2007-10-04,HO0803,2.1711,2.2366,2.1662,2.2283,1737.0,,取暖油0803,7857.0,2.2283,2.2283
2007-10-05,HO0803,2.2245,2.2268,2.2098,2.2265,1679.0,,取暖油0803,7719.0,2.2265,2.2265
2007-10-08,HO0803,2.2001,2.2001,2.16,2.1736,986.0,,取暖油0803,8060.0,2.1736,2.1736
2007-10-09,HO0803,2.1735,2.2094,2.1695,2.1953,1570.0,,取暖油0803,8398.0,2.1953,2.1953
2007-10-10,HO0803,2.1965,2.2273,2.1855,2.2267,1716.0,,取暖油0803,8370.0,2.2267,2.2267
2007-10-11,HO0803,2.2421,2.268,2.2364,2.2563,1920.0,,取暖油0803,8819.0,2.2563,2.2563
2007-10-12,HO0803,2.25,2.2716,2.246,2.2599,1328.0,,取暖油0803,8946.0,2.2599,2.2599
2007-10-15,HO0803,2.2875,2.3165,2.279,2.3162,1782.0,,取暖油0803,9022.0,2.3162,2.3162
2007-10-16,HO0803,2.3293,2.3447,2.3044,2.3447,3286.0,,取暖油0803,9318.0,2.3447,2.3447
2007-10-17,HO0803,2.3425,2.3485,2.316,2.3254,1925.0,,取暖油0803,9647.0,2.3254,2.3254
2007-10-18,HO0803,2.3385,2.3645,2.3355,2.3548,605.0,,取暖油0803,9641.0,2.3548,2.3548
2007-10-19,HO0803,2.3563,2.3563,2.326,2.3394,1185.0,,取暖油0803,9532.0,2.3394,2.3394
2007-10-22,HO0803,2.3135,2.348,2.306,2.3221,1043.0,,取暖油0803,9656.0,2.3221,2.3221
2007-10-23,HO0803,2.3259,2.335,2.307,2.313,870.0,,取暖油0803,9574.0,2.313,2.313
2007-10-24,HO0803,2.3181,2.3615,2.317,2.3563,2466.0,,取暖油0803,9704.0,2.3563,2.3563
2007-10-25,HO0803,2.3678,2.42,2.3678,2.4167,916.0,,取暖油0803,9529.0,2.4167,2.4167
2007-10-26,HO0803,2.4323,2.445,2.4193,2.4445,1853.0,,取暖油0803,9645.0,2.4445,2.4445
2007-10-29,HO0803,2.4578,2.485,2.4474,2.4802,1770.0,,取暖油0803,9799.0,2.4802,2.4802
2007-10-30,HO0803,2.472,2.4736,2.4243,2.4353,3120.0,,取暖油0803,9964.0,2.4353,2.4353
2007-10-31,HO0803,2.4245,2.5124,2.4245,2.5088,2910.0,,取暖油0803,10696.0,2.5088,2.5088
2007-11-01,HO0803,2.5198,2.5203,2.4635,2.4928,2554.0,,取暖油0803,10654.0,2.4928,2.4928
2007-11-02,HO0803,2.5075,2.546,2.5074,2.5446,2463.0,,取暖油0803,10459.0,2.5446,2.5446
2007-11-05,HO0803,2.5096,2.5945,2.5057,2.5164,1691.0,,取暖油0803,10801.0,2.5164,2.5164
2007-11-06,HO0803,2.5282,2.5806,2.5282,2.5713,2137.0,,取暖油0803,11279.0,2.5713,2.5713
2007-11-07,HO0803,2.575,2.6215,2.5448,2.586,2302.0,,取暖油0803,11135.0,2.586,2.586
2007-11-08,HO0803,2.578,2.62,2.5665,2.5758,2267.0,,取暖油0803,11481.0,2.5758,2.5758
2007-11-09,HO0803,2.5842,2.5958,2.5715,2.5883,1472.0,,取暖油0803,11585.0,2.5883,2.5883
2007-11-12,HO0803,2.563,2.5773,2.5352,2.5507,1920.0,,取暖油0803,11860.0,2.5507,2.5507
2007-11-13,HO0803,2.547,2.549,2.4629,2.4733,2769.0,,取暖油0803,11639.0,2.4733,2.4733
2007-11-14,HO0803,2.489,2.542,2.489,2.5356,2632.0,,取暖油0803,11866.0,2.5356,2.5356
2007-11-15,HO0803,2.5272,2.5272,2.493,2.5202,5135.0,,取暖油0803,11792.0,2.5202,2.5202
2007-11-16,HO0803,2.5439,2.56,2.5399,2.5452,1730.0,,取暖油0803,12336.0,2.5452,2.5452
2007-11-19,HO0803,2.5625,2.5875,2.5353,2.5665,3647.0,,取暖油0803,12741.0,2.5665,2.5665
2007-11-20,HO0803,2.5875,2.6536,2.5875,2.6461,3924.0,,取暖油0803,13028.0,2.6461,2.6461
2007-11-21,HO0803,2.66,2.6642,2.6215,2.6402,2691.0,,取暖油0803,13798.0,2.6402,2.6402
2007-11-23,HO0803,2.6412,2.6654,2.6236,2.6572,859.0,,取暖油0803,14278.0,2.6572,2.6572
2007-11-26,HO0803,2.674,2.78,2.6298,2.6544,3473.0,,取暖油0803,14428.0,2.6544,2.6544
2007-11-27,HO0803,2.6382,2.6425,2.595,2.5969,5346.0,,取暖油0803,14974.0,2.5969,2.5969
2007-11-28,HO0803,2.5855,2.6229,2.5158,2.5223,6465.0,,取暖油0803,15998.0,2.5223,2.5223
2007-11-29,HO0803,2.55,2.5909,2.5195,2.5261,5614.0,,取暖油0803,16969.0,2.5261,2.5261
2007-11-30,HO0803,2.4914,2.5165,2.46,2.4675,7082.0,,取暖油0803,18312.0,2.4675,2.4675
2007-12-03,HO0803,2.4859,2.49,2.424,2.4741,8470.0,,取暖油0803,18014.0,2.4741,2.4741
2007-12-04,HO0803,2.4824,2.4915,2.4547,2.4758,6570.0,,取暖油0803,18817.0,2.4758,2.4758
2007-12-05,HO0803,2.477,2.5205,2.4494,2.4613,9259.0,,取暖油0803,18568.0,2.4613,2.4613
2007-12-06,HO0803,2.445,2.521,2.42,2.513,7121.0,,取暖油0803,19643.0,2.513,2.513
2007-12-07,HO0803,2.507,2.5131,2.4488,2.4802,10624.0,,取暖油0803,20143.0,2.4802,2.4802
2007-12-10,HO0803,2.4733,2.5115,2.4475,2.4624,10553.0,,取暖油0803,22981.0,2.4624,2.4624
2007-12-11,HO0803,2.468,2.525,2.466,2.5103,10824.0,,取暖油0803,24977.0,2.5103,2.5103
2007-12-12,HO0803,2.5013,2.6343,2.498,2.6217,13298.0,,取暖油0803,28401.0,2.6217,2.6217
2007-12-13,HO0803,2.6126,2.64,2.4656,2.5947,12572.0,,取暖油0803,32159.0,2.5947,2.5947
2007-12-14,HO0803,2.597,2.6378,2.5779,2.5814,8608.0,,取暖油0803,34507.0,2.5814,2.5814
2007-12-17,HO0803,2.5956,2.6015,2.5562,2.5759,9929.0,,取暖油0803,36295.0,2.5759,2.5759
2007-12-18,HO0803,2.5775,2.6208,2.5182,2.5379,7993.0,,取暖油0803,37094.0,2.5379,2.5379
2007-12-19,HO0803,2.54,2.603,2.5261,2.5754,7550.0,,取暖油0803,37495.0,2.5754,2.5754
2007-12-20,HO0803,2.59,2.6028,2.5604,2.5649,7297.0,,取暖油0803,38020.0,2.5649,2.5649
2007-12-21,HO0803,2.5719,2.6127,2.556,2.5862,7082.0,,取暖油0803,38406.0,2.5862,2.5862
2007-12-24,HO0803,2.581,2.6028,2.5456,2.5742,3459.0,,取暖油0803,40246.0,2.5742,2.5742
2007-12-26,HO0803,2.5864,2.6599,2.5864,2.6232,6651.0,,取暖油0803,40420.0,2.6232,2.6232
2007-12-27,HO0803,2.626,2.6755,2.6166,2.6588,7465.0,,取暖油0803,41203.0,2.6588,2.6588
2007-12-28,HO0803,2.6612,2.6791,2.6102,2.6143,8008.0,,取暖油0803,41725.0,2.6143,2.6143
2007-12-31,HO0803,2.6178,2.6575,2.6102,2.6369,5954.0,,取暖油0803,41659.0,2.6369,2.6369
2008-01-02,HO0803,2.6454,2.7305,2.643,2.7254,11553.0,,取暖油0803,41776.0,2.7254,2.7254
2008-01-03,HO0803,2.7226,2.7331,2.6899,2.7066,10784.0,,取暖油0803,42634.0,2.7066,2.7066
2008-01-04,HO0803,2.71,2.714,2.6566,2.6745,14109.0,,取暖油0803,44056.0,2.6745,2.6745
2008-01-07,HO0803,2.675,2.682,2.5701,2.5895,20004.0,,取暖油0803,47598.0,2.5895,2.5895
2008-01-08,HO0803,2.6065,2.6591,2.5925,2.6299,23488.0,,取暖油0803,49817.0,2.6299,2.6299
2008-01-09,HO0803,2.6244,2.6602,2.5987,2.6059,24570.0,,取暖油0803,53814.0,2.6059,2.6059
2008-01-10,HO0803,2.6014,2.6147,2.5394,2.5498,24185.0,,取暖油0803,57906.0,2.5498,2.5498
2008-01-11,HO0803,2.5625,2.5736,2.5185,2.5245,24120.0,,取暖油0803,59875.0,2.5245,2.5245
2008-01-14,HO0803,2.5245,2.5843,2.5244,2.5765,17627.0,,取暖油0803,62853.0,2.5765,2.5765
2008-01-15,HO0803,2.5814,2.59,2.5104,2.5335,18851.0,,取暖油0803,67681.0,2.5335,2.5335
2008-01-16,HO0803,2.529,2.532,2.464,2.5044,19013.0,,取暖油0803,68332.0,2.5044,2.5044
2008-01-17,HO0803,2.5135,2.541,2.4755,2.4882,22003.0,,取暖油0803,68328.0,2.4882,2.4882
2008-01-18,HO0803,2.4846,2.5196,2.4786,2.4974,19775.0,,取暖油0803,70646.0,2.4974,2.4974
2008-01-22,HO0803,2.499,2.5101,2.3975,2.4628,37768.0,,取暖油0803,71901.0,2.4628,2.4628
2008-01-23,HO0803,2.46,2.467,2.4084,2.4103,27324.0,,取暖油0803,72100.0,2.4103,2.4103
2008-01-24,HO0803,2.4328,2.47,2.4205,2.4641,27009.0,,取暖油0803,72054.0,2.4641,2.4641
2008-01-25,HO0803,2.4753,2.5182,2.4678,2.5061,33357.0,,取暖油0803,72397.0,2.5061,2.5061
2008-01-28,HO0803,2.5094,2.523,2.4565,2.5148,38785.0,,取暖油0803,71395.0,2.5148,2.5148
2008-01-29,HO0803,2.5154,2.5512,2.5045,2.5328,33146.0,,取暖油0803,72839.0,2.5328,2.5328
2008-01-30,HO0803,2.5512,2.5549,2.5219,2.5424,40292.0,,取暖油0803,76963.0,2.5424,2.5424
2008-01-31,HO0803,2.5345,2.5422,2.47,2.5291,49032.0,,取暖油0803,79822.0,2.5291,2.5291
2008-02-01,HO0803,2.52,2.5359,2.4419,2.4489,40227.0,,取暖油0803,80194.0,2.4489,2.4489
2008-02-04,HO0803,2.4489,2.5025,2.4276,2.4833,31465.0,,取暖油0803,80019.0,2.4833,2.4833
2008-02-05,HO0803,2.4833,2.4853,2.4255,2.4465,33462.0,,取暖油0803,78143.0,2.4465,2.4465
2008-02-06,HO0803,2.4416,2.4656,2.4124,2.4188,35522.0,,取暖油0803,75920.0,2.4188,2.4188
2008-02-07,HO0803,2.4188,2.4679,2.4042,2.4585,40843.0,,取暖油0803,74053.0,2.4585,2.4585
2008-02-08,HO0803,2.465,2.5701,2.4585,2.5541,57394.0,,取暖油0803,69976.0,2.5541,2.5541
2008-02-11,HO0803,2.5624,2.6462,2.5408,2.6044,51935.0,,取暖油0803,69821.0,2.6044,2.6044
2008-02-12,HO0803,2.609,2.6298,2.5698,2.5911,38342.0,,取暖油0803,64079.0,2.5911,2.5911
2008-02-13,HO0803,2.5905,2.6272,2.5814,2.6156,37952.0,,取暖油0803,59375.0,2.6156,2.6156
2008-02-14,HO0803,2.6192,2.67,2.6186,2.6666,31897.0,,取暖油0803,54804.0,2.6666,2.6666
2008-02-15,HO0803,2.6601,2.6849,2.6288,2.6469,36646.0,,取暖油0803,52931.0,2.6469,2.6469
2008-02-19,HO0803,2.6485,2.766,2.645,2.7614,38271.0,,取暖油0803,48159.0,2.7614,2.7614
2008-02-20,HO0803,2.745,2.7678,2.7154,2.7546,29571.0,,取暖油0803,46655.0,2.7546,2.7546
2008-02-21,HO0803,2.7551,2.7715,2.693,2.7381,28262.0,,取暖油0803,39677.0,2.7381,2.7381
2008-02-22,HO0803,2.7195,2.786,2.715,2.763,23713.0,,取暖油0803,35803.0,2.763,2.763
2008-02-25,HO0803,2.7815,2.8005,2.7434,2.7853,23381.0,,取暖油0803,32200.0,2.7853,2.7853
2008-02-26,HO0803,2.7874,2.8251,2.7579,2.815,29507.0,,取暖油0803,28993.0,2.815,2.815
2008-02-27,HO0803,2.8175,2.8345,2.7661,2.7711,18062.0,,取暖油0803,22056.0,2.7711,2.7711
2008-02-28,HO0803,2.78,2.8562,2.753,2.8456,20844.0,,取暖油0803,16268.0,2.8456,2.8456
2008-02-29,HO0803,2.8538,2.862,2.8075,2.8397,8565.0,,取暖油0803,10454.0,2.8397,2.8397
