date,symbol,open,high,low,close,volume,amount,name,openinterest,settleprice,price
2006-12-01,HO0806,0.0,0.0,0.0,1.9209,,,取暖油0806,,1.9209,1.9209
2006-12-04,HO0806,0.0,0.0,0.0,1.9029,1.0,,取暖油0806,,1.9029,1.9029
2006-12-05,HO0806,0.0,0.0,0.0,1.9043,50.0,,取暖油0806,1.0,1.9043,1.9043
2006-12-06,HO0806,0.0,0.0,0.0,1.9014,,,取暖油0806,51.0,1.9014,1.9014
2006-12-07,HO0806,0.0,0.0,0.0,1.8924,,,取暖油0806,51.0,1.8924,1.8924
2006-12-08,HO0806,1.91,1.91,1.8747,1.8747,78.0,,取暖油0806,51.0,1.8747,1.8747
2006-12-11,HO0806,0.0,0.0,0.0,1.8715,25.0,,取暖油0806,126.0,1.8715,1.8715
2006-12-12,HO0806,1.89,1.89,1.8735,1.8735,6.0,,取暖油0806,151.0,1.8735,1.8735
2006-12-13,HO0806,0.0,0.0,0.0,1.8755,,,取暖油0806,156.0,1.8755,1.8755
2006-12-14,HO0806,0.0,0.0,0.0,1.9026,,,取暖油0806,156.0,1.9026,1.9026
2006-12-15,HO0806,0.0,0.0,0.0,1.9037,1.0,,取暖油0806,156.0,1.9037,1.9037
2006-12-18,HO0806,1.8835,1.8835,1.8582,1.8582,95.0,,取暖油0806,157.0,1.8582,1.8582
2006-12-19,HO0806,0.0,0.0,0.0,1.8792,625.0,,取暖油0806,186.0,1.8792,1.8792
2006-12-20,HO0806,1.9075,1.9075,1.8988,1.8988,151.0,,取暖油0806,811.0,1.8988,1.8988
2006-12-21,HO0806,0.0,0.0,0.0,1.8815,235.0,,取暖油0806,962.0,1.8815,1.8815
2006-12-22,HO0806,1.879,1.879,1.8723,1.8723,2.0,,取暖油0806,1067.0,1.8723,1.8723
2006-12-26,HO0806,0.0,0.0,0.0,1.8428,50.0,,取暖油0806,1067.0,1.8428,1.8428
2006-12-27,HO0806,0.0,0.0,0.0,1.8358,100.0,,取暖油0806,1117.0,1.8358,1.8358
2006-12-28,HO0806,1.845,1.845,1.8411,1.8411,2.0,,取暖油0806,1217.0,1.8411,1.8411
2006-12-29,HO0806,0.0,0.0,0.0,1.8457,5.0,,取暖油0806,1217.0,1.8457,1.8457
2007-01-03,HO0806,0.0,0.0,0.0,1.7996,1351.0,,取暖油0806,1170.0,1.7996,1.7996
2007-01-04,HO0806,0.0,0.0,0.0,1.7516,,,取暖油0806,1792.0,1.7516,1.7516
2007-01-05,HO0806,0.0,0.0,0.0,1.7628,40.0,,取暖油0806,1792.0,1.7628,1.7628
2007-01-08,HO0806,0.0,0.0,0.0,1.7575,278.0,,取暖油0806,1807.0,1.7575,1.7575
2007-01-09,HO0806,1.7375,1.7525,1.7375,1.7525,11.0,,取暖油0806,1887.0,1.7525,1.7525
2007-01-10,HO0806,0.0,0.0,0.0,1.72,100.0,,取暖油0806,1888.0,1.72,1.72
2007-01-11,HO0806,1.7125,1.7125,1.6599,1.6599,26.0,,取暖油0806,1891.0,1.6599,1.6599
2007-01-12,HO0806,0.0,0.0,0.0,1.6682,341.0,,取暖油0806,1904.0,1.6682,1.6682
2007-01-16,HO0806,0.0,0.0,0.0,1.6273,76.0,,取暖油0806,2084.0,1.6273,1.6273
2007-01-17,HO0806,0.0,0.0,0.0,1.6423,60.0,,取暖油0806,2120.0,1.6423,1.6423
2007-01-18,HO0806,1.6275,1.63,1.6247,1.6247,36.0,,取暖油0806,2180.0,1.6247,1.6247
2007-01-19,HO0806,1.655,1.663,1.655,1.663,39.0,,取暖油0806,2194.0,1.663,1.663
2007-01-22,HO0806,1.7025,1.7025,1.6505,1.6505,4.0,,取暖油0806,2208.0,1.6505,1.6505
2007-01-23,HO0806,0.0,0.0,0.0,1.7,40.0,,取暖油0806,2212.0,1.7,1.7
2007-01-24,HO0806,0.0,0.0,0.0,1.7013,102.0,,取暖油0806,2242.0,1.7013,1.7013
2007-01-25,HO0806,0.0,0.0,0.0,1.6739,25.0,,取暖油0806,2303.0,1.6739,1.6739
2007-01-26,HO0806,1.68,1.7099,1.68,1.7099,62.0,,取暖油0806,2303.0,1.7099,1.7099
2007-01-29,HO0806,0.0,0.0,0.0,1.6687,,,取暖油0806,2314.0,1.6687,1.6687
2007-01-30,HO0806,0.0,0.0,0.0,1.7363,262.0,,取暖油0806,2314.0,1.7363,1.7363
2007-01-31,HO0806,0.0,0.0,0.0,1.7588,,,取暖油0806,2418.0,1.7588,1.7588
2007-02-01,HO0806,0.0,0.0,0.0,1.7435,75.0,,取暖油0806,2418.0,1.7435,1.7435
2007-02-02,HO0806,0.0,0.0,0.0,1.785,50.0,,取暖油0806,2483.0,1.785,1.785
2007-02-05,HO0806,0.0,0.0,0.0,1.7711,,,取暖油0806,2533.0,1.7711,1.7711
2007-02-06,HO0806,0.0,0.0,0.0,1.7769,,,取暖油0806,2533.0,1.7769,1.7769
2007-02-07,HO0806,1.771,1.771,1.7416,1.7416,1.0,,取暖油0806,2533.0,1.7416,1.7416
2007-02-08,HO0806,0.0,0.0,0.0,1.7945,25.0,,取暖油0806,2534.0,1.7945,1.7945
2007-02-09,HO0806,0.0,0.0,0.0,1.7928,5.0,,取暖油0806,2534.0,1.7928,1.7928
2007-02-12,HO0806,1.7625,1.7625,1.7467,1.7467,31.0,,取暖油0806,2531.0,1.7467,1.7467
2007-02-13,HO0806,0.0,0.0,0.0,1.7877,25.0,,取暖油0806,2506.0,1.7877,1.7877
2007-02-14,HO0806,0.0,0.0,0.0,1.7433,253.0,,取暖油0806,2531.0,1.7433,1.7433
2007-02-15,HO0806,0.0,0.0,0.0,1.7306,201.0,,取暖油0806,2733.0,1.7306,1.7306
2007-02-16,HO0806,0.0,0.0,0.0,1.7665,33.0,,取暖油0806,2930.0,1.7665,1.7665
2007-02-20,HO0806,0.0,0.0,0.0,1.7496,100.0,,取暖油0806,2929.0,1.7496,1.7496
2007-02-21,HO0806,1.737,1.7801,1.737,1.7801,356.0,,取暖油0806,2979.0,1.7801,1.7801
2007-02-22,HO0806,0.0,0.0,0.0,1.8128,303.0,,取暖油0806,3108.0,1.8128,1.8128
2007-02-23,HO0806,0.0,0.0,0.0,1.8366,250.0,,取暖油0806,3305.0,1.8366,1.8366
2007-02-26,HO0806,1.84,1.84,1.8392,1.8392,202.0,,取暖油0806,3255.0,1.8392,1.8392
2007-02-27,HO0806,1.839,1.85,1.839,1.85,687.0,,取暖油0806,3445.0,1.85,1.85
2007-02-28,HO0806,0.0,0.0,0.0,1.8636,185.0,,取暖油0806,3780.0,1.8636,1.8636
2007-03-01,HO0806,0.0,0.0,0.0,1.8598,219.0,,取暖油0806,3921.0,1.8598,1.8598
2007-03-02,HO0806,1.8575,1.8575,1.8457,1.8457,206.0,,取暖油0806,4021.0,1.8457,1.8457
2007-03-05,HO0806,1.83,1.83,1.8088,1.8088,213.0,,取暖油0806,4021.0,1.8088,1.8088
2007-03-06,HO0806,0.0,0.0,0.0,1.8288,375.0,,取暖油0806,4222.0,1.8288,1.8288
2007-03-07,HO0806,0.0,0.0,0.0,1.8545,175.0,,取暖油0806,4379.0,1.8545,1.8545
2007-03-08,HO0806,0.0,0.0,0.0,1.8529,310.0,,取暖油0806,4554.0,1.8529,1.8529
2007-03-09,HO0806,0.0,0.0,0.0,1.8127,108.0,,取暖油0806,4804.0,1.8127,1.8127
2007-03-12,HO0806,1.8,1.8,1.7983,1.7983,409.0,,取暖油0806,4771.0,1.7983,1.7983
2007-03-13,HO0806,0.0,0.0,0.0,1.8042,325.0,,取暖油0806,5103.0,1.8042,1.8042
2007-03-14,HO0806,0.0,0.0,0.0,1.8166,50.0,,取暖油0806,5374.0,1.8166,1.8166
2007-03-15,HO0806,0.0,0.0,0.0,1.7988,76.0,,取暖油0806,5424.0,1.7988,1.7988
2007-03-16,HO0806,0.0,0.0,0.0,1.7943,125.0,,取暖油0806,5411.0,1.7943,1.7943
2007-03-19,HO0806,0.0,0.0,0.0,1.7979,252.0,,取暖油0806,5486.0,1.7979,1.7979
2007-03-20,HO0806,0.0,0.0,0.0,1.7822,5.0,,取暖油0806,5559.0,1.7822,1.7822
2007-03-21,HO0806,1.792,1.797,1.792,1.797,252.0,,取暖油0806,5557.0,1.797,1.797
2007-03-22,HO0806,0.0,0.0,0.0,1.842,365.0,,取暖油0806,5710.0,1.842,1.842
2007-03-23,HO0806,1.85,1.8505,1.8346,1.8346,504.0,,取暖油0806,5830.0,1.8346,1.8346
2007-03-26,HO0806,0.0,0.0,0.0,1.877,50.0,,取暖油0806,6027.0,1.877,1.877
2007-03-27,HO0806,0.0,0.0,0.0,1.8906,218.0,,取暖油0806,5997.0,1.8906,1.8906
2007-03-28,HO0806,1.9261,1.9261,1.9088,1.9088,313.0,,取暖油0806,6104.0,1.9088,1.9088
2007-03-29,HO0806,0.0,0.0,0.0,1.9308,446.0,,取暖油0806,6079.0,1.9308,1.9308
2007-03-30,HO0806,0.0,0.0,0.0,1.9169,328.0,,取暖油0806,6181.0,1.9169,1.9169
2007-04-02,HO0806,0.0,0.0,0.0,1.914,103.0,,取暖油0806,6270.0,1.914,1.914
2007-04-03,HO0806,0.0,0.0,0.0,1.9102,142.0,,取暖油0806,6190.0,1.9102,1.9102
2007-04-04,HO0806,0.0,0.0,0.0,1.9294,371.0,,取暖油0806,6212.0,1.9294,1.9294
2007-04-05,HO0806,0.0,0.0,0.0,1.9349,729.0,,取暖油0806,6113.0,1.9349,1.9349
2007-04-09,HO0806,1.9055,1.9055,1.8997,1.8997,67.0,,取暖油0806,6073.0,1.8997,1.8997
2007-04-10,HO0806,0.0,0.0,0.0,1.9296,214.0,,取暖油0806,6073.0,1.9296,1.9296
2007-04-11,HO0806,0.0,0.0,0.0,1.9367,465.0,,取暖油0806,6137.0,1.9367,1.9367
2007-04-12,HO0806,1.9322,1.9538,1.9322,1.9538,591.0,,取暖油0806,6183.0,1.9538,1.9538
2007-04-13,HO0806,1.963,1.963,1.9417,1.9417,89.0,,取暖油0806,5967.0,1.9417,1.9417
2007-04-16,HO0806,1.915,1.915,1.9083,1.9083,28.0,,取暖油0806,5893.0,1.9083,1.9083
2007-04-17,HO0806,0.0,0.0,0.0,1.8781,390.0,,取暖油0806,5894.0,1.8781,1.8781
2007-04-18,HO0806,0.0,0.0,0.0,1.8921,978.0,,取暖油0806,5833.0,1.8921,1.8921
2007-04-19,HO0806,0.0,0.0,0.0,1.8847,277.0,,取暖油0806,5950.0,1.8847,1.8847
2007-04-20,HO0806,0.0,0.0,0.0,1.899,259.0,,取暖油0806,5974.0,1.899,1.899
2007-04-23,HO0806,0.0,0.0,0.0,1.9425,675.0,,取暖油0806,5871.0,1.9425,1.9425
2007-04-24,HO0806,1.911,1.911,1.908,1.908,57.0,,取暖油0806,5999.0,1.908,1.908
2007-04-25,HO0806,0.0,0.0,0.0,1.9451,900.0,,取暖油0806,5986.0,1.9451,1.9451
2007-04-26,HO0806,0.0,0.0,0.0,1.9243,295.0,,取暖油0806,5786.0,1.9243,1.9243
2007-04-27,HO0806,0.0,0.0,0.0,1.9477,545.0,,取暖油0806,5806.0,1.9477,1.9477
2007-04-30,HO0806,1.945,1.945,1.9333,1.9333,165.0,,取暖油0806,5631.0,1.9333,1.9333
2007-05-01,HO0806,1.942,1.954,1.9379,1.9379,511.0,,取暖油0806,5643.0,1.9379,1.9379
2007-05-02,HO0806,0.0,0.0,0.0,1.9206,1418.0,,取暖油0806,5881.0,1.9206,1.9206
2007-05-03,HO0806,1.925,1.925,1.9163,1.9163,742.0,,取暖油0806,5751.0,1.9163,1.9163
2007-05-04,HO0806,1.905,1.9094,1.8825,1.9094,806.0,,取暖油0806,6078.0,1.9094,1.9094
2007-05-07,HO0806,1.8906,1.894,1.8895,1.8895,1041.0,,取暖油0806,6510.0,1.8895,1.8895
2007-05-08,HO0806,1.8959,1.9066,1.8925,1.9024,747.0,,取暖油0806,6731.0,1.9024,1.9024
2007-05-09,HO0806,1.9075,1.9075,1.87,1.8933,192.0,,取暖油0806,7106.0,1.8933,1.8933
2007-05-10,HO0806,1.9,1.905,1.897,1.9045,448.0,,取暖油0806,7066.0,1.9045,1.9045
2007-05-11,HO0806,0.0,0.0,0.0,1.9173,74.0,,取暖油0806,6956.0,1.9173,1.9173
2007-05-14,HO0806,1.922,1.922,1.9117,1.9117,299.0,,取暖油0806,6991.0,1.9117,1.9117
2007-05-15,HO0806,1.91,1.9347,1.91,1.9347,257.0,,取暖油0806,7091.0,1.9347,1.9347
2007-05-16,HO0806,1.9255,1.935,1.915,1.9285,304.0,,取暖油0806,7093.0,1.9285,1.9285
2007-05-17,HO0806,1.9427,1.9767,1.9427,1.9767,387.0,,取暖油0806,7068.0,1.9767,1.9767
2007-05-18,HO0806,1.967,1.968,1.9627,1.9627,287.0,,取暖油0806,7151.0,1.9627,1.9627
2007-05-21,HO0806,0.0,0.0,0.0,1.9807,58.0,,取暖油0806,7226.0,1.9807,1.9807
2007-05-22,HO0806,1.958,1.958,1.9467,1.9467,55.0,,取暖油0806,7242.0,1.9467,1.9467
2007-05-23,HO0806,1.97,1.97,1.9641,1.9641,127.0,,取暖油0806,7227.0,1.9641,1.9641
2007-05-24,HO0806,1.9775,1.9825,1.959,1.959,268.0,,取暖油0806,7252.0,1.959,1.959
2007-05-25,HO0806,1.98,1.98,1.973,1.9751,166.0,,取暖油0806,7354.0,1.9751,1.9751
2007-05-29,HO0806,1.935,1.935,1.9246,1.9246,172.0,,取暖油0806,7456.0,1.9246,1.9246
2007-05-30,HO0806,1.9245,1.9345,1.924,1.9323,484.0,,取暖油0806,7426.0,1.9323,1.9323
2007-05-31,HO0806,1.927,1.9341,1.927,1.9341,384.0,,取暖油0806,7481.0,1.9341,1.9341
2007-06-01,HO0806,1.932,1.9648,1.932,1.9608,391.0,,取暖油0806,7623.0,1.9608,1.9608
2007-06-04,HO0806,1.971,1.9875,1.971,1.9766,371.0,,取暖油0806,7752.0,1.9766,1.9766
2007-06-05,HO0806,1.984,1.984,1.9699,1.9699,593.0,,取暖油0806,8070.0,1.9699,1.9699
2007-06-06,HO0806,1.965,1.979,1.965,1.9782,78.0,,取暖油0806,8178.0,1.9782,1.9782
2007-06-07,HO0806,0.0,0.0,0.0,1.994,188.0,,取暖油0806,8181.0,1.994,1.994
2007-06-08,HO0806,1.969,1.969,1.93,1.9348,742.0,,取暖油0806,8181.0,1.9348,1.9348
2007-06-11,HO0806,1.95,1.974,1.942,1.9711,376.0,,取暖油0806,8316.0,1.9711,1.9711
2007-06-12,HO0806,1.9629,1.9629,1.954,1.9569,285.0,,取暖油0806,8218.0,1.9569,1.9569
2007-06-13,HO0806,1.9711,1.976,1.9711,1.976,361.0,,取暖油0806,8273.0,1.976,1.976
2007-06-14,HO0806,1.9901,1.9986,1.9835,1.9986,1382.0,,取暖油0806,8341.0,1.9986,1.9986
2007-06-15,HO0806,2.0083,2.0088,2.0017,2.0026,1812.0,,取暖油0806,8443.0,2.0026,2.0026
2007-06-18,HO0806,2.017,2.0237,2.017,2.0237,539.0,,取暖油0806,8890.0,2.0237,2.0237
2007-06-19,HO0806,2.023,2.023,2.0075,2.0187,987.0,,取暖油0806,8973.0,2.0187,2.0187
2007-06-20,HO0806,2.005,2.0098,1.996,2.0098,572.0,,取暖油0806,9489.0,2.0098,2.0098
2007-06-21,HO0806,2.0265,2.0265,1.988,1.988,1530.0,,取暖油0806,9793.0,1.988,1.988
2007-06-22,HO0806,0.0,0.0,0.0,2.0015,765.0,,取暖油0806,10146.0,2.0015,2.0015
2007-06-25,HO0806,1.9755,2.0044,1.9675,2.0044,585.0,,取暖油0806,10319.0,2.0044,2.0044
2007-06-26,HO0806,1.992,1.992,1.9628,1.9628,1063.0,,取暖油0806,10381.0,1.9628,1.9628
2007-06-27,HO0806,1.962,1.99,1.955,1.9806,2253.0,,取暖油0806,10851.0,1.9806,1.9806
2007-06-28,HO0806,1.9825,1.9855,1.9731,1.9731,1344.0,,取暖油0806,11741.0,1.9731,1.9731
2007-06-29,HO0806,2.005,2.005,1.9846,1.9854,1892.0,,取暖油0806,11837.0,1.9854,1.9854
2007-07-02,HO0806,1.986,2.0132,1.986,2.0132,1306.0,,取暖油0806,11963.0,2.0132,2.0132
2007-07-03,HO0806,0.0,0.0,0.0,2.0192,259.0,,取暖油0806,11889.0,2.0192,2.0192
2007-07-05,HO0806,0.0,0.0,0.0,2.0343,846.0,,取暖油0806,11909.0,2.0343,2.0343
2007-07-06,HO0806,2.0343,2.041,2.0343,2.0393,305.0,,取暖油0806,12421.0,2.0393,2.0393
2007-07-09,HO0806,2.0375,2.0473,2.0375,2.0473,180.0,,取暖油0806,12519.0,2.0473,2.0473
2007-07-10,HO0806,2.055,2.0725,2.055,2.0678,446.0,,取暖油0806,12574.0,2.0678,2.0678
2007-07-11,HO0806,2.0611,2.0625,2.0543,2.0543,521.0,,取暖油0806,12776.0,2.0543,2.0543
2007-07-12,HO0806,2.0463,2.056,2.046,2.0537,1150.0,,取暖油0806,13173.0,2.0537,2.0537
2007-07-13,HO0806,2.0597,2.0685,2.0576,2.0576,264.0,,取暖油0806,13803.0,2.0576,2.0576
2007-07-16,HO0806,2.0515,2.0515,2.0185,2.0206,472.0,,取暖油0806,13942.0,2.0206,2.0206
2007-07-17,HO0806,2.0315,2.032,2.003,2.0052,608.0,,取暖油0806,14013.0,2.0052,2.0052
2007-07-18,HO0806,2.025,2.0486,2.0205,2.0486,928.0,,取暖油0806,14091.0,2.0486,2.0486
2007-07-19,HO0806,0.0,0.0,0.0,2.049,219.0,,取暖油0806,14447.0,2.049,2.049
2007-07-20,HO0806,2.05,2.05,2.0442,2.0442,988.0,,取暖油0806,14544.0,2.0442,2.0442
2007-07-23,HO0806,2.0245,2.035,2.0198,2.0244,1259.0,,取暖油0806,14746.0,2.0244,2.0244
2007-07-24,HO0806,2.0,2.0061,1.9975,1.9975,1513.0,,取暖油0806,14706.0,1.9975,1.9975
2007-07-25,HO0806,2.008,2.0382,1.9905,2.0382,674.0,,取暖油0806,14799.0,2.0382,2.0382
2007-07-26,HO0806,2.0495,2.0495,2.0,2.0056,1014.0,,取暖油0806,14639.0,2.0056,2.0056
2007-07-27,HO0806,2.0057,2.0319,2.0057,2.0319,556.0,,取暖油0806,14785.0,2.0319,2.0319
2007-07-30,HO0806,2.025,2.0291,2.0135,2.0166,664.0,,取暖油0806,14783.0,2.0166,2.0166
2007-07-31,HO0806,2.0375,2.0495,2.0375,2.0452,805.0,,取暖油0806,14862.0,2.0452,2.0452
2007-08-01,HO0806,2.03,2.03,2.008,2.0199,1319.0,,取暖油0806,15282.0,2.0199,2.0199
2007-08-02,HO0806,2.01,2.0325,2.01,2.0316,1885.0,,取暖油0806,15184.0,2.0316,2.0316
2007-08-03,HO0806,2.017,2.0175,2.0055,2.0055,549.0,,取暖油0806,14740.0,2.0055,2.0055
2007-08-06,HO0806,1.99,1.99,1.9323,1.9323,1327.0,,取暖油0806,14574.0,1.9323,1.9323
2007-08-07,HO0806,1.9419,1.9575,1.9419,1.9571,1651.0,,取暖油0806,14375.0,1.9571,1.9571
2007-08-08,HO0806,1.96,1.9695,1.9478,1.9478,860.0,,取暖油0806,14483.0,1.9478,1.9478
2007-08-09,HO0806,1.939,1.962,1.938,1.9597,1299.0,,取暖油0806,14544.0,1.9597,1.9597
2007-08-10,HO0806,1.925,1.9425,1.925,1.9377,1132.0,,取暖油0806,14277.0,1.9377,1.9377
2007-08-13,HO0806,1.9625,1.9675,1.9245,1.9245,467.0,,取暖油0806,14116.0,1.9245,1.9245
2007-08-14,HO0806,1.93,1.9345,1.911,1.9338,447.0,,取暖油0806,13989.0,1.9338,1.9338
2007-08-15,HO0806,1.9575,1.975,1.9575,1.9629,1384.0,,取暖油0806,13892.0,1.9629,1.9629
2007-08-16,HO0806,1.9245,1.9245,1.8997,1.9194,896.0,,取暖油0806,13533.0,1.9194,1.9194
2007-08-17,HO0806,1.9275,1.9455,1.9275,1.9455,482.0,,取暖油0806,13034.0,1.9455,1.9455
2007-08-20,HO0806,1.911,1.9269,1.9083,1.9269,660.0,,取暖油0806,12969.0,1.9269,1.9269
2007-08-21,HO0806,1.925,1.9311,1.887,1.8975,403.0,,取暖油0806,12739.0,1.8975,1.8975
2007-08-22,HO0806,1.8998,1.9001,1.8895,1.8979,1323.0,,取暖油0806,12534.0,1.8979,1.8979
2007-08-23,HO0806,1.9102,1.9133,1.8997,1.9099,406.0,,取暖油0806,12108.0,1.9099,1.9099
2007-08-24,HO0806,1.921,1.9383,1.9191,1.9383,1000.0,,取暖油0806,11978.0,1.9383,1.9383
2007-08-27,HO0806,1.9151,1.9522,1.9125,1.9522,761.0,,取暖油0806,11811.0,1.9522,1.9522
2007-08-28,HO0806,1.943,1.943,1.9328,1.9328,265.0,,取暖油0806,12304.0,1.9328,1.9328
2007-08-29,HO0806,1.9465,1.96,1.9455,1.9585,710.0,,取暖油0806,12247.0,1.9585,1.9585
2007-08-30,HO0806,1.9485,1.9485,1.9385,1.9441,519.0,,取暖油0806,11721.0,1.9441,1.9441
2007-08-31,HO0806,1.963,1.983,1.9549,1.9549,618.0,,取暖油0806,11824.0,1.9549,1.9549
2007-09-04,HO0806,1.97,1.984,1.969,1.9735,728.0,,取暖油0806,11918.0,1.9735,1.9735
2007-09-05,HO0806,1.986,1.986,1.9725,1.9809,165.0,,取暖油0806,11608.0,1.9809,1.9809
2007-09-06,HO0806,1.992,2.0045,1.9684,2.0028,792.0,,取暖油0806,11562.0,2.0028,2.0028
2007-09-07,HO0806,2.0009,2.0193,1.9971,2.0097,1175.0,,取暖油0806,11457.0,2.0097,2.0097
2007-09-10,HO0806,2.005,2.0325,2.005,2.0291,608.0,,取暖油0806,11274.0,2.0291,2.0291
2007-09-11,HO0806,2.027,2.039,2.018,2.0382,1244.0,,取暖油0806,11259.0,2.0382,2.0382
2007-09-12,HO0806,2.0511,2.0751,2.0499,2.0751,613.0,,取暖油0806,11287.0,2.0751,2.0751
2007-09-13,HO0806,2.07,2.0725,2.0495,2.0715,894.0,,取暖油0806,10992.0,2.0715,2.0715
2007-09-14,HO0806,2.0612,2.0725,2.0534,2.0593,235.0,,取暖油0806,10967.0,2.0593,2.0593
2007-09-17,HO0806,2.055,2.085,2.055,2.0832,1767.0,,取暖油0806,11006.0,2.0832,2.0832
2007-09-18,HO0806,2.0776,2.115,2.0648,2.1013,939.0,,取暖油0806,11639.0,2.1013,2.1013
2007-09-19,HO0806,2.1114,2.1114,2.0828,2.1103,1538.0,,取暖油0806,11426.0,2.1103,2.1103
2007-09-20,HO0806,2.1062,2.1384,2.1061,2.1384,980.0,,取暖油0806,11421.0,2.1384,2.1384
2007-09-21,HO0806,2.14,2.1441,2.1362,2.1441,1048.0,,取暖油0806,11494.0,2.1441,2.1441
2007-09-24,HO0806,2.1341,2.1391,2.1341,2.1391,404.0,,取暖油0806,11525.0,2.1391,2.1391
2007-09-25,HO0806,2.107,2.1172,2.104,2.1063,1747.0,,取暖油0806,11428.0,2.1063,2.1063
2007-09-26,HO0806,2.12,2.1245,2.069,2.0984,1712.0,,取暖油0806,11740.0,2.0984,2.0984
2007-09-27,HO0806,2.1221,2.1479,2.1175,2.1479,1506.0,,取暖油0806,12204.0,2.1479,2.1479
2007-09-28,HO0806,2.15,2.1528,2.1086,2.1086,609.0,,取暖油0806,12412.0,2.1086,2.1086
2007-10-01,HO0806,2.1011,2.1075,2.0706,2.0862,2866.0,,取暖油0806,12519.0,2.0862,2.0862
2007-10-02,HO0806,2.0816,2.0816,2.0642,2.0763,1720.0,,取暖油0806,12064.0,2.0763,2.0763
2007-10-03,HO0806,2.072,2.0995,2.072,2.0877,892.0,,取暖油0806,11935.0,2.0877,2.0877
2007-10-04,HO0806,2.07,2.1323,2.07,2.1323,2515.0,,取暖油0806,12162.0,2.1323,2.1323
2007-10-05,HO0806,2.1243,2.13,2.1065,2.13,912.0,,取暖油0806,12983.0,2.13,2.13
2007-10-08,HO0806,2.096,2.096,2.0765,2.0791,734.0,,取暖油0806,12957.0,2.0791,2.0791
2007-10-09,HO0806,2.07,2.1063,2.07,2.0983,1489.0,,取暖油0806,13029.0,2.0983,2.0983
2007-10-10,HO0806,2.0986,2.1263,2.0935,2.1247,1070.0,,取暖油0806,13151.0,2.1247,2.1247
2007-10-11,HO0806,2.1352,2.163,2.1329,2.1498,1755.0,,取暖油0806,13005.0,2.1498,2.1498
2007-10-12,HO0806,2.1498,2.165,2.1444,2.1534,2256.0,,取暖油0806,13251.0,2.1534,2.1534
2007-10-15,HO0806,2.176,2.2133,2.1725,2.2042,942.0,,取暖油0806,13567.0,2.2042,2.2042
2007-10-16,HO0806,2.2144,2.2272,2.1843,2.2267,2342.0,,取暖油0806,13696.0,2.2267,2.2267
2007-10-17,HO0806,2.2139,2.2259,2.2,2.2059,3135.0,,取暖油0806,13834.0,2.2059,2.2059
2007-10-18,HO0806,2.1995,2.2409,2.1995,2.2358,489.0,,取暖油0806,13968.0,2.2358,2.2358
2007-10-19,HO0806,2.2371,2.2371,2.2116,2.2229,1545.0,,取暖油0806,14081.0,2.2229,2.2229
2007-10-22,HO0806,2.2,2.2228,2.196,2.2081,976.0,,取暖油0806,14047.0,2.2081,2.2081
2007-10-23,HO0806,2.2031,2.2083,2.1977,2.201,1527.0,,取暖油0806,13839.0,2.201,2.201
2007-10-24,HO0806,2.207,2.2458,2.207,2.2438,3717.0,,取暖油0806,13676.0,2.2438,2.2438
2007-10-25,HO0806,2.2675,2.3022,2.2675,2.3022,3265.0,,取暖油0806,13745.0,2.3022,2.3022
2007-10-26,HO0806,2.3,2.3275,2.3,2.3275,2460.0,,取暖油0806,13499.0,2.3275,2.3275
2007-10-29,HO0806,2.3384,2.3705,2.3302,2.3637,1667.0,,取暖油0806,13911.0,2.3637,2.3637
2007-10-30,HO0806,2.345,2.3542,2.3141,2.3178,2298.0,,取暖油0806,13806.0,2.3178,2.3178
2007-10-31,HO0806,2.3008,2.384,2.2966,2.3818,2565.0,,取暖油0806,13636.0,2.3818,2.3818
2007-11-01,HO0806,2.3852,2.3924,2.3391,2.3623,1739.0,,取暖油0806,14716.0,2.3623,2.3623
2007-11-02,HO0806,2.3615,2.4071,2.3615,2.4071,1219.0,,取暖油0806,14671.0,2.4071,2.4071
2007-11-05,HO0806,2.3863,2.4019,2.366,2.3754,1238.0,,取暖油0806,15009.0,2.3754,2.3754
2007-11-06,HO0806,2.403,2.4298,2.403,2.4218,2533.0,,取暖油0806,15370.0,2.4218,2.4218
2007-11-07,HO0806,2.4348,2.4428,2.3973,2.4395,4227.0,,取暖油0806,15499.0,2.4395,2.4395
2007-11-08,HO0806,2.448,2.4686,2.4318,2.4318,3342.0,,取暖油0806,15590.0,2.4318,2.4318
2007-11-09,HO0806,2.4315,2.4491,2.427,2.4423,2285.0,,取暖油0806,16335.0,2.4423,2.4423
2007-11-12,HO0806,2.4001,2.4105,2.3861,2.4037,2242.0,,取暖油0806,16789.0,2.4037,2.4037
2007-11-13,HO0806,2.3884,2.3885,2.323,2.3303,3707.0,,取暖油0806,17293.0,2.3303,2.3303
2007-11-14,HO0806,2.3555,2.39,2.3555,2.3881,2142.0,,取暖油0806,17288.0,2.3881,2.3881
2007-11-15,HO0806,2.3677,2.3762,2.3368,2.3672,2845.0,,取暖油0806,17670.0,2.3672,2.3672
2007-11-16,HO0806,2.3843,2.405,2.3801,2.3902,2194.0,,取暖油0806,17697.0,2.3902,2.3902
2007-11-19,HO0806,2.4158,2.439,2.3839,2.414,2199.0,,取暖油0806,17731.0,2.414,2.414
2007-11-20,HO0806,2.4446,2.4904,2.4348,2.4861,3019.0,,取暖油0806,17590.0,2.4861,2.4861
2007-11-21,HO0806,2.495,2.4974,2.4583,2.4762,2057.0,,取暖油0806,17764.0,2.4762,2.4762
2007-11-23,HO0806,2.4916,2.525,2.488,2.4917,251.0,,取暖油0806,18041.0,2.4917,2.4917
2007-11-26,HO0806,2.4834,2.4985,2.465,2.4894,1070.0,,取暖油0806,17868.0,2.4894,2.4894
2007-11-27,HO0806,2.4565,2.4597,2.4344,2.4344,2823.0,,取暖油0806,17952.0,2.4344,2.4344
2007-11-28,HO0806,2.4446,2.4566,2.3695,2.3703,3829.0,,取暖油0806,18086.0,2.3703,2.3703
2007-11-29,HO0806,2.4096,2.4468,2.375,2.3811,1943.0,,取暖油0806,18283.0,2.3811,2.3811
2007-11-30,HO0806,2.3725,2.3781,2.334,2.338,4620.0,,取暖油0806,18313.0,2.338,2.338
2007-12-03,HO0806,2.3179,2.3642,2.3057,2.3556,4876.0,,取暖油0806,17366.0,2.3556,2.3556
2007-12-04,HO0806,2.3612,2.3827,2.34,2.3673,5982.0,,取暖油0806,16547.0,2.3673,2.3673
2007-12-05,HO0806,2.3893,2.3958,2.3538,2.3538,3219.0,,取暖油0806,16116.0,2.3538,2.3538
2007-12-06,HO0806,2.35,2.408,2.325,2.402,3166.0,,取暖油0806,16330.0,2.402,2.402
2007-12-07,HO0806,2.3937,2.3937,2.3364,2.3682,3450.0,,取暖油0806,16492.0,2.3682,2.3682
2007-12-10,HO0806,2.3776,2.3931,2.3386,2.3534,4415.0,,取暖油0806,17089.0,2.3534,2.3534
2007-12-11,HO0806,2.3642,2.4143,2.3575,2.4033,2615.0,,取暖油0806,17261.0,2.4033,2.4033
2007-12-12,HO0806,2.4075,2.5117,2.4065,2.5017,2210.0,,取暖油0806,17531.0,2.5017,2.5017
2007-12-13,HO0806,2.5052,2.506,2.4609,2.4712,1561.0,,取暖油0806,17494.0,2.4712,2.4712
2007-12-14,HO0806,2.4736,2.4758,2.4528,2.4539,2641.0,,取暖油0806,17491.0,2.4539,2.4539
2007-12-17,HO0806,2.4332,2.4588,2.4312,2.4539,3315.0,,取暖油0806,17238.0,2.4539,2.4539
2007-12-18,HO0806,2.482,2.5,2.4015,2.4214,2980.0,,取暖油0806,16983.0,2.4214,2.4214
2007-12-19,HO0806,2.43,2.478,2.425,2.4509,2689.0,,取暖油0806,16823.0,2.4509,2.4509
2007-12-20,HO0806,2.4468,2.4679,2.4326,2.4384,1243.0,,取暖油0806,17174.0,2.4384,2.4384
2007-12-21,HO0806,2.4445,2.4798,2.4443,2.4597,1973.0,,取暖油0806,17046.0,2.4597,2.4597
2007-12-24,HO0806,2.4345,2.4582,2.4312,2.4582,395.0,,取暖油0806,17217.0,2.4582,2.4582
2007-12-26,HO0806,2.52,2.5372,2.504,2.5077,1112.0,,取暖油0806,17215.0,2.5077,2.5077
2007-12-27,HO0806,2.5125,2.55,2.5025,2.5368,2451.0,,取暖油0806,17323.0,2.5368,2.5368
2007-12-28,HO0806,2.539,2.5553,2.4965,2.4973,1359.0,,取暖油0806,17747.0,2.4973,2.4973
2007-12-31,HO0806,2.5146,2.54,2.504,2.5279,1526.0,,取暖油0806,17717.0,2.5279,2.5279
2008-01-02,HO0806,2.5746,2.6187,2.5739,2.6154,3184.0,,取暖油0806,17218.0,2.6154,2.6154
2008-01-03,HO0806,2.6135,2.6217,2.5925,2.5996,3029.0,,取暖油0806,17659.0,2.5996,2.5996
2008-01-04,HO0806,2.5979,2.6025,2.559,2.576,3119.0,,取暖油0806,17360.0,2.576,2.576
2008-01-07,HO0806,2.559,2.5805,2.4834,2.5035,3189.0,,取暖油0806,17434.0,2.5035,2.5035
2008-01-08,HO0806,2.5266,2.5642,2.5263,2.5389,3866.0,,取暖油0806,17268.0,2.5389,2.5389
2008-01-09,HO0806,2.5296,2.5634,2.5033,2.5099,6513.0,,取暖油0806,17504.0,2.5099,2.5099
2008-01-10,HO0806,2.4925,2.4925,2.453,2.4593,6682.0,,取暖油0806,17673.0,2.4593,2.4593
2008-01-11,HO0806,2.4684,2.4707,2.4272,2.4325,7308.0,,取暖油0806,17307.0,2.4325,2.4325
2008-01-14,HO0806,2.4363,2.4798,2.4358,2.479,1283.0,,取暖油0806,17176.0,2.479,2.479
2008-01-15,HO0806,2.4666,2.469,2.415,2.4385,4126.0,,取暖油0806,16992.0,2.4385,2.4385
2008-01-16,HO0806,2.4347,2.4347,2.3761,2.4134,6861.0,,取暖油0806,17144.0,2.4134,2.4134
2008-01-17,HO0806,2.41,2.4411,2.3877,2.3992,3864.0,,取暖油0806,16911.0,2.3992,2.3992
2008-01-18,HO0806,2.4275,2.4281,2.3965,2.4104,1870.0,,取暖油0806,16989.0,2.4104,2.4104
2008-01-22,HO0806,2.4104,2.4125,2.33,2.3878,3587.0,,取暖油0806,17131.0,2.3878,2.3878
2008-01-23,HO0806,2.378,2.378,2.3349,2.3358,2844.0,,取暖油0806,17102.0,2.3358,2.3358
2008-01-24,HO0806,2.375,2.3939,2.3417,2.3886,2318.0,,取暖油0806,17211.0,2.3886,2.3886
2008-01-25,HO0806,2.4035,2.4435,2.4035,2.4346,2441.0,,取暖油0806,17522.0,2.4346,2.4346
2008-01-28,HO0806,2.4175,2.457,2.3937,2.4488,3541.0,,取暖油0806,17770.0,2.4488,2.4488
2008-01-29,HO0806,2.4425,2.4729,2.4396,2.4633,4088.0,,取暖油0806,18410.0,2.4633,2.4633
2008-01-30,HO0806,2.472,2.4768,2.4453,2.4724,5160.0,,取暖油0806,19575.0,2.4724,2.4724
2008-01-31,HO0806,2.4495,2.4774,2.41,2.4681,4824.0,,取暖油0806,19405.0,2.4681,2.4681
2008-02-01,HO0806,2.4638,2.4762,2.3905,2.4009,4955.0,,取暖油0806,20373.0,2.4009,2.4009
2008-02-04,HO0806,2.406,2.446,2.3885,2.4318,2786.0,,取暖油0806,20922.0,2.4318,2.4318
2008-02-05,HO0806,2.4097,2.4136,2.3734,2.3965,4259.0,,取暖油0806,21083.0,2.3965,2.3965
2008-02-06,HO0806,2.3963,2.4114,2.3629,2.3703,6105.0,,取暖油0806,21441.0,2.3703,2.3703
2008-02-07,HO0806,2.3725,2.4102,2.355,2.404,5027.0,,取暖油0806,21716.0,2.404,2.404
2008-02-08,HO0806,2.4114,2.4967,2.4114,2.4916,8363.0,,取暖油0806,22604.0,2.4916,2.4916
2008-02-11,HO0806,2.503,2.56,2.4746,2.5314,8842.0,,取暖油0806,24060.0,2.5314,2.5314
2008-02-12,HO0806,2.5249,2.5497,2.4949,2.5196,5408.0,,取暖油0806,25699.0,2.5196,2.5196
2008-02-13,HO0806,2.5282,2.5458,2.5017,2.5371,6400.0,,取暖油0806,25645.0,2.5371,2.5371
2008-02-14,HO0806,2.5422,2.5826,2.538,2.5826,4892.0,,取暖油0806,25912.0,2.5826,2.5826
2008-02-15,HO0806,2.5706,2.6,2.5575,2.5739,9311.0,,取暖油0806,25227.0,2.5739,2.5739
2008-02-19,HO0806,2.5889,2.6828,2.5797,2.6828,9180.0,,取暖油0806,25242.0,2.6828,2.6828
2008-02-20,HO0806,2.6625,2.6924,2.6395,2.6771,6510.0,,取暖油0806,26899.0,2.6771,2.6771
2008-02-21,HO0806,2.6805,2.686,2.6145,2.6513,7658.0,,取暖油0806,27429.0,2.6513,2.6513
2008-02-22,HO0806,2.6408,2.672,2.625,2.665,10067.0,,取暖油0806,27523.0,2.665,2.665
2008-02-25,HO0806,2.6601,2.6863,2.6477,2.6783,5448.0,,取暖油0806,28865.0,2.6783,2.6783
2008-02-26,HO0806,2.6739,2.724,2.6564,2.7139,8247.0,,取暖油0806,29220.0,2.7139,2.7139
2008-02-27,HO0806,2.7136,2.728,2.6753,2.6823,14492.0,,取暖油0806,30142.0,2.6823,2.6823
2008-02-28,HO0806,2.6867,2.7676,2.6656,2.7603,13070.0,,取暖油0806,29955.0,2.7603,2.7603
2008-02-29,HO0806,2.7678,2.77,2.741,2.7514,9873.0,,取暖油0806,31539.0,2.7514,2.7514
2008-03-03,HO0806,2.7477,2.8131,2.7435,2.7803,11464.0,,取暖油0806,33043.0,2.7803,2.7803
2008-03-04,HO0806,2.7791,2.7921,2.7029,2.7198,14669.0,,取暖油0806,33692.0,2.7198,2.7198
2008-03-05,HO0806,2.7356,2.8531,2.7198,2.8506,26127.0,,取暖油0806,34379.0,2.8506,2.8506
2008-03-06,HO0806,2.8399,2.878,2.8075,2.8758,9814.0,,取暖油0806,34372.0,2.8758,2.8758
2008-03-07,HO0806,2.8727,2.8791,2.8176,2.846,12486.0,,取暖油0806,34607.0,2.846,2.846
2008-03-10,HO0806,2.8438,2.8739,2.811,2.8669,13369.0,,取暖油0806,35420.0,2.8669,2.8669
2008-03-11,HO0806,2.8718,2.8967,2.8215,2.8922,10543.0,,取暖油0806,35249.0,2.8922,2.8922
2008-03-12,HO0806,2.8822,2.925,2.8562,2.9219,13375.0,,取暖油0806,35631.0,2.9219,2.9219
2008-03-13,HO0806,2.9184,2.9812,2.9071,2.9788,18970.0,,取暖油0806,35242.0,2.9788,2.9788
2008-03-14,HO0806,2.976,3.0346,2.9529,2.9715,20663.0,,取暖油0806,36584.0,2.9715,2.9715
2008-03-17,HO0806,2.9715,2.9953,2.8486,2.9149,13372.0,,取暖油0806,37340.0,2.9149,2.9149
2008-03-18,HO0806,2.9395,3.0295,2.91,3.0155,12878.0,,取暖油0806,36744.0,3.0155,3.0155
2008-03-19,HO0806,3.0005,3.0073,2.8838,2.901,13040.0,,取暖油0806,36186.0,2.901,2.901
2008-03-20,HO0806,2.9025,2.9111,2.8279,2.8639,13232.0,,取暖油0806,36160.0,2.8639,2.8639
2008-03-24,HO0806,2.8341,2.8784,2.8138,2.8266,8298.0,,取暖油0806,36374.0,2.8266,2.8266
2008-03-25,HO0806,2.7993,2.85,2.7626,2.8061,18071.0,,取暖油0806,37483.0,2.8061,2.8061
2008-03-26,HO0806,2.8064,2.9199,2.8064,2.9078,13285.0,,取暖油0806,38019.0,2.9078,2.9078
2008-03-27,HO0806,2.9145,2.991,2.9042,2.9795,20085.0,,取暖油0806,39232.0,2.9795,2.9795
2008-03-28,HO0806,2.9614,2.9807,2.9205,2.9311,10368.0,,取暖油0806,40451.0,2.9311,2.9311
2008-03-31,HO0806,2.92,2.9912,2.8405,2.8546,13845.0,,取暖油0806,41496.0,2.8546,2.8546
2008-04-01,HO0806,2.8521,2.879,2.8078,2.8367,17281.0,,取暖油0806,42857.0,2.8367,2.8367
2008-04-02,HO0806,2.8405,2.9222,2.8102,2.9135,17828.0,,取暖油0806,43041.0,2.9135,2.9135
2008-04-03,HO0806,2.906,2.9477,2.8785,2.8853,15970.0,,取暖油0806,43102.0,2.8853,2.8853
2008-04-04,HO0806,2.905,2.9575,2.898,2.9536,14636.0,,取暖油0806,45072.0,2.9536,2.9536
2008-04-07,HO0806,2.961,3.0601,2.961,3.0438,21378.0,,取暖油0806,46279.0,3.0438,3.0438
2008-04-08,HO0806,3.039,3.0753,3.0255,3.0617,24982.0,,取暖油0806,48783.0,3.0617,3.0617
2008-04-09,HO0806,3.06,3.1836,3.0427,3.1685,36970.0,,取暖油0806,51273.0,3.1685,3.1685
2008-04-10,HO0806,3.1555,3.2497,3.1333,3.145,35517.0,,取暖油0806,56512.0,3.145,3.145
2008-04-11,HO0806,3.1388,3.195,3.1139,3.1565,22943.0,,取暖油0806,62436.0,3.1565,3.1565
2008-04-14,HO0806,3.1535,3.17,3.1273,3.1619,11772.0,,取暖油0806,64295.0,3.1619,3.1619
2008-04-15,HO0806,3.165,3.2406,3.1619,3.2334,17428.0,,取暖油0806,64661.0,3.2334,3.2334
2008-04-16,HO0806,3.2333,3.2691,3.1762,3.242,26157.0,,取暖油0806,66897.0,3.242,3.242
2008-04-17,HO0806,3.243,3.26,3.204,3.2264,14117.0,,取暖油0806,70598.0,3.2264,3.2264
2008-04-18,HO0806,3.23,3.2633,3.1872,3.2583,16889.0,,取暖油0806,70793.0,3.2583,3.2583
2008-04-21,HO0806,3.2585,3.2944,3.2357,3.2829,16739.0,,取暖油0806,72538.0,3.2829,3.2829
2008-04-22,HO0806,3.283,3.3248,3.251,3.2972,30020.0,,取暖油0806,74536.0,3.2972,3.2972
2008-04-23,HO0806,3.3071,3.31,3.2585,3.3072,28891.0,,取暖油0806,79592.0,3.3072,3.3072
2008-04-24,HO0806,3.305,3.3139,3.2225,3.2481,36955.0,,取暖油0806,81973.0,3.2481,3.2481
2008-04-25,HO0806,3.2481,3.3224,3.2004,3.2913,34855.0,,取暖油0806,85200.0,3.2913,3.2913
2008-04-28,HO0806,3.2995,3.3135,3.2642,3.2876,29217.0,,取暖油0806,86589.0,3.2876,3.2876
2008-04-29,HO0806,3.285,3.295,3.2245,3.2331,41371.0,,取暖油0806,89317.0,3.2331,3.2331
2008-04-30,HO0806,3.2328,3.2746,3.153,3.158,47112.0,,取暖油0806,89543.0,3.158,3.158
2008-05-01,HO0806,3.1855,3.198,3.0681,3.1177,39480.0,,取暖油0806,87080.0,3.1177,3.1177
2008-05-02,HO0806,3.1121,3.226,3.107,3.2187,39044.0,,取暖油0806,84097.0,3.2187,3.2187
2008-05-05,HO0806,3.2187,3.33,3.2025,3.3065,37078.0,,取暖油0806,84810.0,3.3065,3.3065
2008-05-06,HO0806,3.3029,3.3712,3.2883,3.3535,36791.0,,取暖油0806,84463.0,3.3535,3.3535
2008-05-07,HO0806,3.354,3.46,3.346,3.4473,48322.0,,取暖油0806,82440.0,3.4473,3.4473
2008-05-08,HO0806,3.4579,3.531,3.4316,3.5098,52673.0,,取暖油0806,77396.0,3.5098,3.5098
2008-05-09,HO0806,3.522,3.6524,3.51,3.636,40862.0,,取暖油0806,74518.0,3.636,3.636
2008-05-12,HO0806,3.6365,3.6419,3.5425,3.5598,43974.0,,取暖油0806,68957.0,3.5598,3.5598
2008-05-13,HO0806,3.5438,3.7146,3.5425,3.6989,52766.0,,取暖油0806,62502.0,3.6989,3.6989
2008-05-14,HO0806,3.7014,3.7228,3.614,3.6178,43215.0,,取暖油0806,59710.0,3.6178,3.6178
2008-05-15,HO0806,3.6178,3.6927,3.5515,3.6224,37630.0,,取暖油0806,54733.0,3.6224,3.6224
2008-05-16,HO0806,3.6341,3.7141,3.6322,3.7028,34922.0,,取暖油0806,52214.0,3.7028,3.7028
2008-05-19,HO0806,3.702,3.7195,3.659,3.6751,27576.0,,取暖油0806,49529.0,3.6751,3.6751
2008-05-20,HO0806,3.684,3.792,3.6751,3.775,32424.0,,取暖油0806,45808.0,3.775,3.775
2008-05-21,HO0806,3.7639,3.943,3.7639,3.9084,20103.0,,取暖油0806,41107.0,3.9084,3.9084
2008-05-22,HO0806,3.9377,4.0153,3.908,3.9543,25052.0,,取暖油0806,36774.0,3.9543,3.9543
2008-05-23,HO0806,3.95,4.008,3.8462,3.8656,24770.0,,取暖油0806,32627.0,3.8656,3.8656
2008-05-27,HO0806,3.94,3.9675,3.78,3.7992,33422.0,,取暖油0806,30278.0,3.7992,3.7992
2008-05-28,HO0806,3.7895,3.855,3.7427,3.8243,19554.0,,取暖油0806,20549.0,3.8243,3.8243
2008-05-29,HO0806,3.828,3.8616,3.663,3.6885,23296.0,,取暖油0806,16434.0,3.6885,3.6885
2008-05-30,HO0806,3.6425,3.7148,3.619,3.6598,5357.0,,取暖油0806,6113.0,3.6598,3.6598
