date,symbol,open,high,low,close,volume,amount,name,openinterest,settleprice,price
2006-10-02,HO0804,0.0,0.0,0.0,1.9567,,,取暖油0804,,1.9567,1.9567
2006-10-03,HO0804,0.0,0.0,0.0,1.9179,50.0,,取暖油0804,,1.9179,1.9179
2006-10-04,HO0804,0.0,0.0,0.0,1.9344,50.0,,取暖油0804,50.0,1.9344,1.9344
2006-10-05,HO0804,1.94,1.94,1.9351,1.9351,2.0,,取暖油0804,100.0,1.9351,1.9351
2006-10-06,HO0804,0.0,0.0,0.0,1.9349,,,取暖油0804,102.0,1.9349,1.9349
2006-10-09,HO0804,1.9585,1.9585,1.938,1.938,1.0,,取暖油0804,102.0,1.938,1.938
2006-10-10,HO0804,0.0,0.0,0.0,1.9098,,,取暖油0804,103.0,1.9098,1.9098
2006-10-11,HO0804,0.0,0.0,0.0,1.8973,,,取暖油0804,103.0,1.8973,1.8973
2006-10-12,HO0804,0.0,0.0,0.0,1.9053,,,取暖油0804,103.0,1.9053,1.9053
2006-10-13,HO0804,1.925,1.925,1.9201,1.9201,5.0,,取暖油0804,103.0,1.9201,1.9201
2006-10-16,HO0804,1.925,1.9526,1.925,1.9526,1.0,,取暖油0804,108.0,1.9526,1.9526
2006-10-17,HO0804,0.0,0.0,0.0,1.9286,,,取暖油0804,109.0,1.9286,1.9286
2006-10-18,HO0804,0.0,0.0,0.0,1.9068,8.0,,取暖油0804,109.0,1.9068,1.9068
2006-10-19,HO0804,0.0,0.0,0.0,1.9374,,,取暖油0804,112.0,1.9374,1.9374
2006-10-20,HO0804,0.0,0.0,0.0,1.9134,,,取暖油0804,112.0,1.9134,1.9134
2006-10-23,HO0804,1.903,1.903,1.8984,1.8984,1.0,,取暖油0804,112.0,1.8984,1.8984
2006-10-24,HO0804,1.9135,1.9135,1.9092,1.9092,6.0,,取暖油0804,113.0,1.9092,1.9092
2006-10-25,HO0804,0.0,0.0,0.0,1.9514,59.0,,取暖油0804,116.0,1.9514,1.9514
2006-10-26,HO0804,0.0,0.0,0.0,1.927,,,取暖油0804,116.0,1.927,1.927
2006-10-27,HO0804,1.927,1.9365,1.927,1.9365,1.0,,取暖油0804,116.0,1.9365,1.9365
2006-10-30,HO0804,0.0,0.0,0.0,1.8845,25.0,,取暖油0804,117.0,1.8845,1.8845
2006-10-31,HO0804,0.0,0.0,0.0,1.9045,,,取暖油0804,142.0,1.9045,1.9045
2006-11-01,HO0804,0.0,0.0,0.0,1.8997,50.0,,取暖油0804,142.0,1.8997,1.8997
2006-11-02,HO0804,0.0,0.0,0.0,1.8852,50.0,,取暖油0804,142.0,1.8852,1.8852
2006-11-03,HO0804,0.0,0.0,0.0,1.9109,15.0,,取暖油0804,192.0,1.9109,1.9109
2006-11-06,HO0804,0.0,0.0,0.0,1.9371,,,取暖油0804,207.0,1.9371,1.9371
2006-11-07,HO0804,1.9235,1.9235,1.9018,1.9018,2.0,,取暖油0804,192.0,1.9018,1.9018
2006-11-08,HO0804,0.0,0.0,0.0,1.9176,,,取暖油0804,194.0,1.9176,1.9176
2006-11-09,HO0804,1.946,1.946,1.9436,1.9436,2.0,,取暖油0804,194.0,1.9436,1.9436
2006-11-10,HO0804,0.0,0.0,0.0,1.9108,,,取暖油0804,196.0,1.9108,1.9108
2006-11-13,HO0804,1.905,1.905,1.8937,1.8937,1.0,,取暖油0804,196.0,1.8937,1.8937
2006-11-14,HO0804,0.0,0.0,0.0,1.8922,,,取暖油0804,197.0,1.8922,1.8922
2006-11-15,HO0804,0.0,0.0,0.0,1.9094,1.0,,取暖油0804,197.0,1.9094,1.9094
2006-11-16,HO0804,0.0,0.0,0.0,1.8656,,,取暖油0804,198.0,1.8656,1.8656
2006-11-17,HO0804,0.0,0.0,0.0,1.8859,,,取暖油0804,198.0,1.8859,1.8859
2006-11-20,HO0804,0.0,0.0,0.0,1.895,,,取暖油0804,198.0,1.895,1.895
2006-11-21,HO0804,0.0,0.0,0.0,1.9246,,,取暖油0804,198.0,1.9246,1.9246
2006-11-22,HO0804,1.924,1.924,1.8882,1.8882,5.0,,取暖油0804,198.0,1.8882,1.8882
2006-11-24,HO0804,0.0,0.0,0.0,1.8882,,,取暖油0804,203.0,1.8882,1.8882
2006-11-27,HO0804,1.915,1.9223,1.915,1.9223,1.0,,取暖油0804,203.0,1.9223,1.9223
2006-11-28,HO0804,0.0,0.0,0.0,1.9343,,,取暖油0804,204.0,1.9343,1.9343
2006-11-29,HO0804,0.0,0.0,0.0,1.9583,,,取暖油0804,204.0,1.9583,1.9583
2006-11-30,HO0804,0.0,0.0,0.0,1.9685,50.0,,取暖油0804,204.0,1.9685,1.9685
2006-12-01,HO0804,0.0,0.0,0.0,1.9804,,,取暖油0804,204.0,1.9804,1.9804
2006-12-04,HO0804,0.0,0.0,0.0,1.9559,,,取暖油0804,204.0,1.9559,1.9559
2006-12-05,HO0804,0.0,0.0,0.0,1.9558,,,取暖油0804,204.0,1.9558,1.9558
2006-12-06,HO0804,1.954,1.954,1.9529,1.9529,3.0,,取暖油0804,204.0,1.9529,1.9529
2006-12-07,HO0804,0.0,0.0,0.0,1.9439,,,取暖油0804,206.0,1.9439,1.9439
2006-12-08,HO0804,1.9625,1.9625,1.9257,1.9257,1.0,,取暖油0804,206.0,1.9257,1.9257
2006-12-11,HO0804,1.9255,1.9255,1.9205,1.9205,1.0,,取暖油0804,207.0,1.9205,1.9205
2006-12-12,HO0804,1.94,1.94,1.9225,1.9225,1.0,,取暖油0804,208.0,1.9225,1.9225
2006-12-13,HO0804,1.9325,1.9325,1.9245,1.9245,52.0,,取暖油0804,209.0,1.9245,1.9245
2006-12-14,HO0804,0.0,0.0,0.0,1.9516,,,取暖油0804,179.0,1.9516,1.9516
2006-12-15,HO0804,0.0,0.0,0.0,1.9527,1.0,,取暖油0804,179.0,1.9527,1.9527
2006-12-18,HO0804,1.915,1.92,1.9072,1.9072,2.0,,取暖油0804,180.0,1.9072,1.9072
2006-12-19,HO0804,0.0,0.0,0.0,1.9272,,,取暖油0804,182.0,1.9272,1.9272
2006-12-20,HO0804,0.0,0.0,0.0,1.9468,,,取暖油0804,182.0,1.9468,1.9468
2006-12-21,HO0804,0.0,0.0,0.0,1.9285,2.0,,取暖油0804,182.0,1.9285,1.9285
2006-12-22,HO0804,0.0,0.0,0.0,1.9193,,,取暖油0804,184.0,1.9193,1.9193
2006-12-26,HO0804,0.0,0.0,0.0,1.8888,,,取暖油0804,182.0,1.8888,1.8888
2006-12-27,HO0804,0.0,0.0,0.0,1.8818,,,取暖油0804,182.0,1.8818,1.8818
2006-12-28,HO0804,0.0,0.0,0.0,1.8871,,,取暖油0804,182.0,1.8871,1.8871
2006-12-29,HO0804,0.0,0.0,0.0,1.8917,8.0,,取暖油0804,182.0,1.8917,1.8917
2007-01-03,HO0804,0.0,0.0,0.0,1.8411,,,取暖油0804,190.0,1.8411,1.8411
2007-01-04,HO0804,0.0,0.0,0.0,1.7936,,,取暖油0804,190.0,1.7936,1.7936
2007-01-05,HO0804,1.7975,1.8048,1.7975,1.8048,1.0,,取暖油0804,190.0,1.8048,1.8048
2007-01-08,HO0804,1.795,1.7995,1.795,1.7995,11.0,,取暖油0804,191.0,1.7995,1.7995
2007-01-09,HO0804,1.775,1.7945,1.775,1.7945,40.0,,取暖油0804,198.0,1.7945,1.7945
2007-01-10,HO0804,0.0,0.0,0.0,1.762,,,取暖油0804,209.0,1.762,1.762
2007-01-11,HO0804,1.75,1.7525,1.7024,1.7024,7.0,,取暖油0804,209.0,1.7024,1.7024
2007-01-12,HO0804,1.723,1.723,1.7132,1.7132,2.0,,取暖油0804,216.0,1.7132,1.7132
2007-01-16,HO0804,1.692,1.692,1.6698,1.6698,73.0,,取暖油0804,218.0,1.6698,1.6698
2007-01-17,HO0804,1.67,1.69,1.67,1.6848,4.0,,取暖油0804,215.0,1.6848,1.6848
2007-01-18,HO0804,1.6675,1.67,1.6667,1.6667,8.0,,取暖油0804,218.0,1.6667,1.6667
2007-01-19,HO0804,1.7,1.705,1.7,1.705,10.0,,取暖油0804,225.0,1.705,1.705
2007-01-22,HO0804,1.74,1.74,1.6915,1.6915,5.0,,取暖油0804,230.0,1.6915,1.6915
2007-01-23,HO0804,0.0,0.0,0.0,1.744,5.0,,取暖油0804,234.0,1.744,1.744
2007-01-24,HO0804,0.0,0.0,0.0,1.7453,,,取暖油0804,239.0,1.7453,1.7453
2007-01-25,HO0804,0.0,0.0,0.0,1.7179,,,取暖油0804,239.0,1.7179,1.7179
2007-01-26,HO0804,1.72,1.7549,1.72,1.7549,5.0,,取暖油0804,239.0,1.7549,1.7549
2007-01-29,HO0804,0.0,0.0,0.0,1.7127,,,取暖油0804,239.0,1.7127,1.7127
2007-01-30,HO0804,0.0,0.0,0.0,1.7823,,,取暖油0804,239.0,1.7823,1.7823
2007-01-31,HO0804,1.77,1.8048,1.77,1.8048,7.0,,取暖油0804,239.0,1.8048,1.8048
2007-02-01,HO0804,1.813,1.813,1.79,1.79,1.0,,取暖油0804,246.0,1.79,1.79
2007-02-02,HO0804,0.0,0.0,0.0,1.8315,1.0,,取暖油0804,247.0,1.8315,1.8315
2007-02-05,HO0804,0.0,0.0,0.0,1.8176,1.0,,取暖油0804,248.0,1.8176,1.8176
2007-02-06,HO0804,1.8225,1.8234,1.8225,1.8234,1.0,,取暖油0804,249.0,1.8234,1.8234
2007-02-07,HO0804,1.818,1.818,1.7881,1.7881,1.0,,取暖油0804,250.0,1.7881,1.7881
2007-02-08,HO0804,0.0,0.0,0.0,1.8415,,,取暖油0804,250.0,1.8415,1.8415
2007-02-09,HO0804,0.0,0.0,0.0,1.8398,7.0,,取暖油0804,250.0,1.8398,1.8398
2007-02-12,HO0804,1.8075,1.8075,1.7912,1.7912,2.0,,取暖油0804,243.0,1.7912,1.7912
2007-02-13,HO0804,1.817,1.8327,1.817,1.8327,8.0,,取暖油0804,244.0,1.8327,1.8327
2007-02-14,HO0804,0.0,0.0,0.0,1.7883,,,取暖油0804,252.0,1.7883,1.7883
2007-02-15,HO0804,0.0,0.0,0.0,1.7756,1.0,,取暖油0804,252.0,1.7756,1.7756
2007-02-16,HO0804,1.7925,1.8115,1.7925,1.8115,1.0,,取暖油0804,253.0,1.8115,1.8115
2007-02-20,HO0804,0.0,0.0,0.0,1.7941,,,取暖油0804,254.0,1.7941,1.7941
2007-02-21,HO0804,1.812,1.8251,1.812,1.8251,33.0,,取暖油0804,254.0,1.8251,1.8251
2007-02-22,HO0804,0.0,0.0,0.0,1.8583,4.0,,取暖油0804,287.0,1.8583,1.8583
2007-02-23,HO0804,0.0,0.0,0.0,1.8821,,,取暖油0804,291.0,1.8821,1.8821
2007-02-26,HO0804,0.0,0.0,0.0,1.8847,36.0,,取暖油0804,291.0,1.8847,1.8847
2007-02-27,HO0804,1.884,1.8975,1.884,1.8975,8.0,,取暖油0804,291.0,1.8975,1.8975
2007-02-28,HO0804,1.9175,1.9175,1.9111,1.9111,2.0,,取暖油0804,299.0,1.9111,1.9111
2007-03-01,HO0804,0.0,0.0,0.0,1.9078,,,取暖油0804,301.0,1.9078,1.9078
2007-03-02,HO0804,1.901,1.901,1.8942,1.8942,167.0,,取暖油0804,301.0,1.8942,1.8942
2007-03-05,HO0804,1.875,1.875,1.8568,1.8568,2.0,,取暖油0804,428.0,1.8568,1.8568
2007-03-06,HO0804,0.0,0.0,0.0,1.8768,,,取暖油0804,414.0,1.8768,1.8768
2007-03-07,HO0804,0.0,0.0,0.0,1.9025,,,取暖油0804,414.0,1.9025,1.9025
2007-03-08,HO0804,0.0,0.0,0.0,1.9014,225.0,,取暖油0804,414.0,1.9014,1.9014
2007-03-09,HO0804,0.0,0.0,0.0,1.8602,250.0,,取暖油0804,586.0,1.8602,1.8602
2007-03-12,HO0804,0.0,0.0,0.0,1.8453,191.0,,取暖油0804,751.0,1.8453,1.8453
2007-03-13,HO0804,1.863,1.863,1.8512,1.8512,233.0,,取暖油0804,942.0,1.8512,1.8512
2007-03-14,HO0804,0.0,0.0,0.0,1.8636,,,取暖油0804,1164.0,1.8636,1.8636
2007-03-15,HO0804,0.0,0.0,0.0,1.8458,126.0,,取暖油0804,1164.0,1.8458,1.8458
2007-03-16,HO0804,0.0,0.0,0.0,1.8413,14.0,,取暖油0804,1151.0,1.8413,1.8413
2007-03-19,HO0804,1.8575,1.8575,1.8449,1.8449,27.0,,取暖油0804,1151.0,1.8449,1.8449
2007-03-20,HO0804,0.0,0.0,0.0,1.8292,1.0,,取暖油0804,1114.0,1.8292,1.8292
2007-03-21,HO0804,1.844,1.844,1.839,1.843,49.0,,取暖油0804,1115.0,1.843,1.843
2007-03-22,HO0804,1.8805,1.89,1.8805,1.89,396.0,,取暖油0804,1189.0,1.89,1.89
2007-03-23,HO0804,1.897,1.899,1.8841,1.8841,374.0,,取暖油0804,1450.0,1.8841,1.8841
2007-03-26,HO0804,1.9175,1.928,1.9175,1.928,126.0,,取暖油0804,1764.0,1.928,1.928
2007-03-27,HO0804,1.927,1.9411,1.918,1.9411,435.0,,取暖油0804,1890.0,1.9411,1.9411
2007-03-28,HO0804,1.98,1.98,1.9638,1.9638,314.0,,取暖油0804,2288.0,1.9638,1.9638
2007-03-29,HO0804,1.99,2.005,1.99,1.9913,133.0,,取暖油0804,2285.0,1.9913,1.9913
2007-03-30,HO0804,2.0,2.0,1.9814,1.9814,295.0,,取暖油0804,2503.0,1.9814,1.9814
2007-04-02,HO0804,1.9825,1.995,1.9765,1.9765,185.0,,取暖油0804,2697.0,1.9765,1.9765
2007-04-03,HO0804,1.9675,1.9697,1.9675,1.9697,27.0,,取暖油0804,2731.0,1.9697,1.9697
2007-04-04,HO0804,1.965,1.9889,1.965,1.9889,241.0,,取暖油0804,2757.0,1.9889,1.9889
2007-04-05,HO0804,1.9895,1.9934,1.9895,1.9934,1.0,,取暖油0804,2898.0,1.9934,1.9934
2007-04-09,HO0804,1.964,1.964,1.9572,1.9572,52.0,,取暖油0804,2887.0,1.9572,1.9572
2007-04-10,HO0804,2.0172,2.0172,1.9886,1.9886,57.0,,取暖油0804,2888.0,1.9886,1.9886
2007-04-11,HO0804,0.0,0.0,0.0,1.9977,150.0,,取暖油0804,2903.0,1.9977,1.9977
2007-04-12,HO0804,2.0055,2.0153,1.9975,2.0153,91.0,,取暖油0804,3053.0,2.0153,2.0153
2007-04-13,HO0804,2.026,2.026,2.0032,2.0032,7.0,,取暖油0804,3107.0,2.0032,2.0032
2007-04-16,HO0804,1.9825,1.9825,1.9678,1.9678,48.0,,取暖油0804,3113.0,1.9678,1.9678
2007-04-17,HO0804,1.9475,1.955,1.9356,1.9356,64.0,,取暖油0804,3115.0,1.9356,1.9356
2007-04-18,HO0804,1.9425,1.9486,1.9375,1.9486,679.0,,取暖油0804,3082.0,1.9486,1.9486
2007-04-19,HO0804,1.95,1.95,1.9375,1.9412,247.0,,取暖油0804,3434.0,1.9412,1.9412
2007-04-20,HO0804,0.0,0.0,0.0,1.9575,164.0,,取暖油0804,3507.0,1.9575,1.9575
2007-04-23,HO0804,1.97,2.0035,1.97,2.0035,2.0,,取暖油0804,3475.0,2.0035,2.0035
2007-04-24,HO0804,1.9725,1.9725,1.9665,1.9665,38.0,,取暖油0804,3476.0,1.9665,1.9665
2007-04-25,HO0804,0.0,0.0,0.0,2.0071,,,取暖油0804,3483.0,2.0071,2.0071
2007-04-26,HO0804,1.995,1.995,1.9873,1.9873,12.0,,取暖油0804,3483.0,1.9873,1.9873
2007-04-27,HO0804,0.0,0.0,0.0,2.0117,117.0,,取暖油0804,3489.0,2.0117,2.0117
2007-04-30,HO0804,1.999,2.018,1.9968,1.9968,68.0,,取暖油0804,3421.0,1.9968,1.9968
2007-05-01,HO0804,2.027,2.029,2.0009,2.0009,89.0,,取暖油0804,3462.0,2.0009,2.0009
2007-05-02,HO0804,1.97,1.995,1.97,1.9821,52.0,,取暖油0804,3443.0,1.9821,1.9821
2007-05-03,HO0804,1.98,1.985,1.9696,1.9773,32.0,,取暖油0804,3429.0,1.9773,1.9773
2007-05-04,HO0804,1.975,1.975,1.94,1.9679,158.0,,取暖油0804,3430.0,1.9679,1.9679
2007-05-07,HO0804,1.955,1.958,1.9405,1.9465,133.0,,取暖油0804,3420.0,1.9465,1.9465
2007-05-08,HO0804,1.96,1.9625,1.9465,1.9599,319.0,,取暖油0804,3453.0,1.9599,1.9599
2007-05-09,HO0804,1.9425,1.952,1.926,1.9508,105.0,,取暖油0804,3417.0,1.9508,1.9508
2007-05-10,HO0804,1.97,1.975,1.965,1.965,82.0,,取暖油0804,3386.0,1.965,1.965
2007-05-11,HO0804,1.99,1.99,1.9798,1.9798,1.0,,取暖油0804,3388.0,1.9798,1.9798
2007-05-14,HO0804,1.988,1.988,1.9737,1.9737,71.0,,取暖油0804,3389.0,1.9737,1.9737
2007-05-15,HO0804,1.97,1.997,1.965,1.9967,348.0,,取暖油0804,3387.0,1.9967,1.9967
2007-05-16,HO0804,1.985,1.9895,1.9675,1.9895,413.0,,取暖油0804,3471.0,1.9895,1.9895
2007-05-17,HO0804,2.0255,2.0392,2.015,2.0392,576.0,,取暖油0804,3625.0,2.0392,2.0392
2007-05-18,HO0804,2.03,2.0305,2.0252,2.0252,225.0,,取暖油0804,3739.0,2.0252,2.0252
2007-05-21,HO0804,0.0,0.0,0.0,2.0447,105.0,,取暖油0804,3723.0,2.0447,2.0447
2007-05-22,HO0804,2.0264,2.0333,2.0092,2.0092,439.0,,取暖油0804,3758.0,2.0092,2.0092
2007-05-23,HO0804,0.0,0.0,0.0,2.0281,311.0,,取暖油0804,3738.0,2.0281,2.0281
2007-05-24,HO0804,2.052,2.052,2.023,2.023,68.0,,取暖油0804,3738.0,2.023,2.023
2007-05-25,HO0804,2.043,2.043,2.0386,2.0386,25.0,,取暖油0804,3781.0,2.0386,2.0386
2007-05-29,HO0804,2.028,2.028,1.9785,1.9851,241.0,,取暖油0804,3757.0,1.9851,1.9851
2007-05-30,HO0804,1.987,1.9975,1.98,1.9903,448.0,,取暖油0804,3763.0,1.9903,1.9903
2007-05-31,HO0804,1.983,1.999,1.9755,1.9916,808.0,,取暖油0804,3782.0,1.9916,1.9916
2007-06-01,HO0804,2.005,2.0316,2.005,2.0183,198.0,,取暖油0804,3658.0,2.0183,2.0183
2007-06-04,HO0804,2.02,2.045,2.02,2.0356,411.0,,取暖油0804,3516.0,2.0356,2.0356
2007-06-05,HO0804,2.032,2.035,2.0289,2.0289,134.0,,取暖油0804,3493.0,2.0289,2.0289
2007-06-06,HO0804,2.0319,2.038,2.0289,2.0372,151.0,,取暖油0804,3492.0,2.0372,2.0372
2007-06-07,HO0804,2.042,2.053,2.0372,2.053,204.0,,取暖油0804,3536.0,2.053,2.053
2007-06-08,HO0804,2.041,2.041,1.9913,1.9913,126.0,,取暖油0804,3505.0,1.9913,1.9913
2007-06-11,HO0804,2.0023,2.0314,2.0023,2.0271,123.0,,取暖油0804,3540.0,2.0271,2.0271
2007-06-12,HO0804,2.0065,2.0141,2.005,2.0119,304.0,,取暖油0804,3528.0,2.0119,2.0119
2007-06-13,HO0804,2.025,2.035,2.025,2.035,330.0,,取暖油0804,3670.0,2.035,2.035
2007-06-14,HO0804,2.05,2.0611,2.05,2.0611,419.0,,取暖油0804,3800.0,2.0611,2.0611
2007-06-15,HO0804,2.06,2.0646,2.0565,2.0646,260.0,,取暖油0804,3924.0,2.0646,2.0646
2007-06-18,HO0804,2.08,2.0857,2.08,2.0857,230.0,,取暖油0804,3949.0,2.0857,2.0857
2007-06-19,HO0804,2.08,2.0817,2.075,2.0817,391.0,,取暖油0804,4038.0,2.0817,2.0817
2007-06-20,HO0804,2.068,2.0763,2.0548,2.0763,77.0,,取暖油0804,4101.0,2.0763,2.0763
2007-06-21,HO0804,2.096,2.096,2.0555,2.0555,182.0,,取暖油0804,4091.0,2.0555,2.0555
2007-06-22,HO0804,2.0748,2.0748,2.07,2.07,246.0,,取暖油0804,4146.0,2.07,2.07
2007-06-25,HO0804,2.065,2.0724,2.063,2.0724,33.0,,取暖油0804,4216.0,2.0724,2.0724
2007-06-26,HO0804,2.055,2.055,2.0303,2.0303,89.0,,取暖油0804,4226.0,2.0303,2.0303
2007-06-27,HO0804,2.045,2.0599,2.045,2.0516,137.0,,取暖油0804,4277.0,2.0516,2.0516
2007-06-28,HO0804,2.06,2.06,2.0481,2.0481,370.0,,取暖油0804,4268.0,2.0481,2.0481
2007-06-29,HO0804,2.08,2.08,2.0615,2.0644,472.0,,取暖油0804,4400.0,2.0644,2.0644
2007-07-02,HO0804,2.0675,2.0892,2.0675,2.0892,56.0,,取暖油0804,4203.0,2.0892,2.0892
2007-07-03,HO0804,2.085,2.105,2.085,2.0962,108.0,,取暖油0804,4232.0,2.0962,2.0962
2007-07-05,HO0804,2.085,2.1135,2.085,2.1113,253.0,,取暖油0804,4233.0,2.1113,2.1113
2007-07-06,HO0804,0.0,0.0,0.0,2.1188,105.0,,取暖油0804,4268.0,2.1188,2.1188
2007-07-09,HO0804,0.0,0.0,0.0,2.1248,1.0,,取暖油0804,4257.0,2.1248,2.1248
2007-07-10,HO0804,2.13,2.1463,2.13,2.1463,150.0,,取暖油0804,4257.0,2.1463,2.1463
2007-07-11,HO0804,2.14,2.14,2.1318,2.1318,697.0,,取暖油0804,4242.0,2.1318,2.1318
2007-07-12,HO0804,2.1525,2.1605,2.1297,2.1297,435.0,,取暖油0804,4552.0,2.1297,2.1297
2007-07-13,HO0804,2.15,2.15,2.1346,2.1346,488.0,,取暖油0804,4711.0,2.1346,2.1346
2007-07-16,HO0804,2.129,2.129,2.0951,2.0951,171.0,,取暖油0804,4903.0,2.0951,2.0951
2007-07-17,HO0804,2.1076,2.1076,2.0782,2.0782,608.0,,取暖油0804,4927.0,2.0782,2.0782
2007-07-18,HO0804,2.1215,2.1325,2.12,2.1256,60.0,,取暖油0804,4919.0,2.1256,2.1256
2007-07-19,HO0804,2.12,2.1265,2.12,2.1265,28.0,,取暖油0804,4970.0,2.1265,2.1265
2007-07-20,HO0804,2.1225,2.125,2.1182,2.1182,21.0,,取暖油0804,4985.0,2.1182,2.1182
2007-07-23,HO0804,2.1165,2.1165,2.09,2.0944,314.0,,取暖油0804,4985.0,2.0944,2.0944
2007-07-24,HO0804,2.075,2.0848,2.064,2.064,491.0,,取暖油0804,5089.0,2.064,2.064
2007-07-25,HO0804,2.078,2.1037,2.076,2.1037,101.0,,取暖油0804,5314.0,2.1037,2.1037
2007-07-26,HO0804,2.1129,2.1215,2.0658,2.0706,348.0,,取暖油0804,5369.0,2.0706,2.0706
2007-07-27,HO0804,2.0736,2.1095,2.0736,2.0999,435.0,,取暖油0804,5347.0,2.0999,2.0999
2007-07-30,HO0804,2.0714,2.0841,2.0714,2.0841,259.0,,取暖油0804,5456.0,2.0841,2.0841
2007-07-31,HO0804,2.0931,2.1155,2.0931,2.1142,95.0,,取暖油0804,5444.0,2.1142,2.1142
2007-08-01,HO0804,2.1,2.1,2.079,2.0844,50.0,,取暖油0804,5444.0,2.0844,2.0844
2007-08-02,HO0804,2.0795,2.0942,2.075,2.0921,98.0,,取暖油0804,5449.0,2.0921,2.0921
2007-08-03,HO0804,2.091,2.091,2.063,2.063,87.0,,取暖油0804,5422.0,2.063,2.063
2007-08-06,HO0804,2.056,2.056,1.9828,1.9828,314.0,,取暖油0804,5444.0,1.9828,1.9828
2007-08-07,HO0804,1.993,2.0147,1.9825,2.0076,500.0,,取暖油0804,5593.0,2.0076,2.0076
2007-08-08,HO0804,2.0031,2.02,1.996,1.9993,298.0,,取暖油0804,5585.0,1.9993,1.9993
2007-08-09,HO0804,1.995,2.0137,1.995,2.0137,142.0,,取暖油0804,5687.0,2.0137,2.0137
2007-08-10,HO0804,2.01,2.01,1.9765,1.9937,461.0,,取暖油0804,5622.0,1.9937,1.9937
2007-08-13,HO0804,2.0158,2.0225,1.9767,1.982,165.0,,取暖油0804,5808.0,1.982,1.982
2007-08-14,HO0804,1.9911,1.9918,1.975,1.9918,71.0,,取暖油0804,5800.0,1.9918,1.9918
2007-08-15,HO0804,2.0075,2.038,2.0075,2.0249,133.0,,取暖油0804,5819.0,2.0249,2.0249
2007-08-16,HO0804,1.9825,1.9894,1.9587,1.9799,366.0,,取暖油0804,5820.0,1.9799,1.9799
2007-08-17,HO0804,1.996,2.008,1.996,2.008,52.0,,取暖油0804,6109.0,2.008,2.008
2007-08-20,HO0804,1.975,1.9992,1.9723,1.9879,102.0,,取暖油0804,6127.0,1.9879,1.9879
2007-08-21,HO0804,1.991,1.991,1.953,1.9605,125.0,,取暖油0804,6132.0,1.9605,1.9605
2007-08-22,HO0804,1.955,1.9667,1.955,1.9614,591.0,,取暖油0804,6151.0,1.9614,1.9614
2007-08-23,HO0804,1.9825,1.9825,1.967,1.9754,816.0,,取暖油0804,6422.0,1.9754,1.9754
2007-08-24,HO0804,1.9875,2.0045,1.987,2.0038,174.0,,取暖油0804,6371.0,2.0038,2.0038
2007-08-27,HO0804,1.984,2.0167,1.9785,2.0167,586.0,,取暖油0804,6331.0,2.0167,2.0167
2007-08-28,HO0804,2.0067,2.014,1.9978,1.9978,578.0,,取暖油0804,6370.0,1.9978,1.9978
2007-08-29,HO0804,2.0227,2.0267,2.0199,2.0255,570.0,,取暖油0804,6336.0,2.0255,2.0255
2007-08-30,HO0804,2.014,2.0175,2.0116,2.0116,310.0,,取暖油0804,6190.0,2.0116,2.0116
2007-08-31,HO0804,2.034,2.034,2.0224,2.0224,42.0,,取暖油0804,6184.0,2.0224,2.0224
2007-09-04,HO0804,2.05,2.051,2.0415,2.0415,149.0,,取暖油0804,6179.0,2.0415,2.0415
2007-09-05,HO0804,2.0393,2.0499,2.0382,2.0499,443.0,,取暖油0804,6134.0,2.0499,2.0499
2007-09-06,HO0804,2.0615,2.0748,2.0439,2.0748,745.0,,取暖油0804,6130.0,2.0748,2.0748
2007-09-07,HO0804,2.0759,2.0905,2.0737,2.0817,735.0,,取暖油0804,6272.0,2.0817,2.0817
2007-09-10,HO0804,2.0707,2.1139,2.0707,2.1011,1062.0,,取暖油0804,6385.0,2.1011,2.1011
2007-09-11,HO0804,2.1054,2.1097,2.0875,2.1097,612.0,,取暖油0804,6671.0,2.1097,2.1097
2007-09-12,HO0804,2.12,2.1461,2.116,2.1461,607.0,,取暖油0804,6769.0,2.1461,2.1461
2007-09-13,HO0804,2.1375,2.1475,2.1278,2.144,164.0,,取暖油0804,6806.0,2.144,2.144
2007-09-14,HO0804,2.1445,2.1445,2.1293,2.1318,134.0,,取暖油0804,6757.0,2.1318,2.1318
2007-09-17,HO0804,2.1436,2.157,2.1436,2.1547,638.0,,取暖油0804,6715.0,2.1547,2.1547
2007-09-18,HO0804,2.1456,2.1821,2.1456,2.1718,688.0,,取暖油0804,6843.0,2.1718,2.1718
2007-09-19,HO0804,2.1854,2.1854,2.1529,2.1783,474.0,,取暖油0804,6771.0,2.1783,2.1783
2007-09-20,HO0804,2.172,2.204,2.172,2.2029,283.0,,取暖油0804,6784.0,2.2029,2.2029
2007-09-21,HO0804,2.1999,2.2102,2.199,2.2086,576.0,,取暖油0804,6865.0,2.2086,2.2086
2007-09-24,HO0804,2.1933,2.207,2.1932,2.2011,373.0,,取暖油0804,7296.0,2.2011,2.2011
2007-09-25,HO0804,2.185,2.1946,2.163,2.1653,740.0,,取暖油0804,7233.0,2.1653,2.1653
2007-09-26,HO0804,2.1838,2.1838,2.1296,2.1589,897.0,,取暖油0804,7360.0,2.1589,2.1589
2007-09-27,HO0804,2.1936,2.2114,2.1855,2.2114,641.0,,取暖油0804,7257.0,2.2114,2.2114
2007-09-28,HO0804,2.2233,2.225,2.1721,2.1721,321.0,,取暖油0804,7377.0,2.1721,2.1721
2007-10-01,HO0804,2.1682,2.1755,2.1304,2.1427,1460.0,,取暖油0804,7404.0,2.1427,2.1427
2007-10-02,HO0804,2.1223,2.1365,2.1219,2.1323,941.0,,取暖油0804,7267.0,2.1323,2.1323
2007-10-03,HO0804,2.129,2.1511,2.1251,2.1442,728.0,,取暖油0804,7025.0,2.1442,2.1442
2007-10-04,HO0804,2.13,2.1917,2.13,2.1903,728.0,,取暖油0804,7026.0,2.1903,2.1903
2007-10-05,HO0804,2.185,2.1892,2.1672,2.1875,2297.0,,取暖油0804,7029.0,2.1875,2.1875
2007-10-08,HO0804,2.1525,2.1525,2.129,2.1351,889.0,,取暖油0804,7590.0,2.1351,2.1351
2007-10-09,HO0804,2.1302,2.168,2.1302,2.1558,534.0,,取暖油0804,7551.0,2.1558,2.1558
2007-10-10,HO0804,2.1465,2.185,2.1465,2.1847,1159.0,,取暖油0804,7457.0,2.1847,2.1847
2007-10-11,HO0804,2.1958,2.2165,2.1958,2.2123,1305.0,,取暖油0804,7595.0,2.2123,2.2123
2007-10-12,HO0804,2.205,2.2256,2.205,2.2159,836.0,,取暖油0804,7690.0,2.2159,2.2159
2007-10-15,HO0804,2.2408,2.274,2.2408,2.2697,895.0,,取暖油0804,7818.0,2.2697,2.2697
2007-10-16,HO0804,2.255,2.2962,2.2548,2.2962,1580.0,,取暖油0804,8072.0,2.2962,2.2962
2007-10-17,HO0804,2.2864,2.2985,2.2695,2.2769,1922.0,,取暖油0804,7808.0,2.2769,2.2769
2007-10-18,HO0804,2.293,2.3068,2.2872,2.3068,586.0,,取暖油0804,7856.0,2.3068,2.3068
2007-10-19,HO0804,2.2923,2.3075,2.2923,2.2924,589.0,,取暖油0804,7740.0,2.2924,2.2924
2007-10-22,HO0804,2.2707,2.2907,2.2703,2.2761,778.0,,取暖油0804,7843.0,2.2761,2.2761
2007-10-23,HO0804,2.2685,2.285,2.2636,2.2675,384.0,,取暖油0804,7977.0,2.2675,2.2675
2007-10-24,HO0804,2.277,2.3115,2.277,2.3103,1639.0,,取暖油0804,8056.0,2.3103,2.3103
2007-10-25,HO0804,2.3355,2.3734,2.3249,2.3702,499.0,,取暖油0804,8155.0,2.3702,2.3702
2007-10-26,HO0804,2.3902,2.3981,2.374,2.3975,1365.0,,取暖油0804,8174.0,2.3975,2.3975
2007-10-29,HO0804,2.4125,2.4399,2.3983,2.4342,1399.0,,取暖油0804,8062.0,2.4342,2.4342
2007-10-30,HO0804,2.418,2.4224,2.38,2.3878,2030.0,,取暖油0804,8205.0,2.3878,2.3878
2007-10-31,HO0804,2.4182,2.47,2.4038,2.4568,1814.0,,取暖油0804,8787.0,2.4568,2.4568
2007-11-01,HO0804,2.4593,2.4593,2.4197,2.4398,1523.0,,取暖油0804,8594.0,2.4398,2.4398
2007-11-02,HO0804,2.4625,2.4891,2.449,2.4891,1533.0,,取暖油0804,8504.0,2.4891,2.4891
2007-11-05,HO0804,2.453,2.5415,2.453,2.4604,1336.0,,取暖油0804,8258.0,2.4604,2.4604
2007-11-06,HO0804,2.4609,2.5189,2.4609,2.5128,2009.0,,取暖油0804,8258.0,2.5128,2.5128
2007-11-07,HO0804,2.5335,2.5405,2.4855,2.528,1451.0,,取暖油0804,8523.0,2.528,2.528
2007-11-08,HO0804,2.5532,2.5583,2.5082,2.5183,1634.0,,取暖油0804,8608.0,2.5183,2.5183
2007-11-09,HO0804,2.5153,2.533,2.5153,2.5298,827.0,,取暖油0804,8806.0,2.5298,2.5298
2007-11-12,HO0804,2.4844,2.5026,2.48,2.4922,1027.0,,取暖油0804,8862.0,2.4922,2.4922
2007-11-13,HO0804,2.482,2.482,2.4086,2.4163,2234.0,,取暖油0804,8877.0,2.4163,2.4163
2007-11-14,HO0804,2.4658,2.4793,2.4563,2.4761,1042.0,,取暖油0804,9348.0,2.4761,2.4761
2007-11-15,HO0804,2.4624,2.4636,2.4275,2.4587,2551.0,,取暖油0804,9566.0,2.4587,2.4587
2007-11-16,HO0804,2.4765,2.4965,2.4765,2.4827,1282.0,,取暖油0804,10050.0,2.4827,2.4827
2007-11-19,HO0804,2.491,2.5045,2.4708,2.5035,2230.0,,取暖油0804,10415.0,2.5035,2.5035
2007-11-20,HO0804,2.531,2.6226,2.5255,2.5791,2013.0,,取暖油0804,10272.0,2.5791,2.5791
2007-11-21,HO0804,2.5709,2.5926,2.5526,2.5707,1657.0,,取暖油0804,10413.0,2.5707,2.5707
2007-11-23,HO0804,2.5915,2.5915,2.5867,2.5867,439.0,,取暖油0804,10812.0,2.5867,2.5867
2007-11-26,HO0804,2.5802,2.5928,2.5583,2.5834,1302.0,,取暖油0804,10948.0,2.5834,2.5834
2007-11-27,HO0804,2.5475,2.549,2.5226,2.5259,2372.0,,取暖油0804,11052.0,2.5259,2.5259
2007-11-28,HO0804,2.5391,2.5447,2.4479,2.4538,4553.0,,取暖油0804,11281.0,2.4538,2.4538
2007-11-29,HO0804,2.49,2.5074,2.452,2.4586,2727.0,,取暖油0804,12267.0,2.4586,2.4586
2007-11-30,HO0804,2.4575,2.4575,2.4005,2.405,4290.0,,取暖油0804,12924.0,2.405,2.405
2007-12-03,HO0804,2.3902,2.4275,2.37,2.4186,3297.0,,取暖油0804,13303.0,2.4186,2.4186
2007-12-04,HO0804,2.421,2.4366,2.4035,2.4223,2510.0,,取暖油0804,13352.0,2.4223,2.4223
2007-12-05,HO0804,2.4589,2.4626,2.3999,2.4088,4544.0,,取暖油0804,13124.0,2.4088,2.4088
2007-12-06,HO0804,2.3924,2.4646,2.3816,2.46,3399.0,,取暖油0804,13867.0,2.46,2.46
2007-12-07,HO0804,2.442,2.46,2.3991,2.4302,3108.0,,取暖油0804,13648.0,2.4302,2.4302
2007-12-10,HO0804,2.445,2.4608,2.4039,2.4174,4349.0,,取暖油0804,13773.0,2.4174,2.4174
2007-12-11,HO0804,2.425,2.495,2.4227,2.4678,3300.0,,取暖油0804,14085.0,2.4678,2.4678
2007-12-12,HO0804,2.4853,2.5825,2.4812,2.5742,4324.0,,取暖油0804,14314.0,2.5742,2.5742
2007-12-13,HO0804,2.5642,2.586,2.4425,2.5457,5446.0,,取暖油0804,15047.0,2.5457,2.5457
2007-12-14,HO0804,2.5456,2.5725,2.521,2.5284,4275.0,,取暖油0804,14636.0,2.5284,2.5284
2007-12-17,HO0804,2.546,2.5467,2.505,2.5234,3741.0,,取暖油0804,15140.0,2.5234,2.5234
2007-12-18,HO0804,2.5239,2.5686,2.4721,2.4884,3759.0,,取暖油0804,15431.0,2.4884,2.4884
2007-12-19,HO0804,2.4919,2.5487,2.4766,2.5219,3245.0,,取暖油0804,15248.0,2.5219,2.5219
2007-12-20,HO0804,2.523,2.5422,2.5054,2.5099,2259.0,,取暖油0804,15529.0,2.5099,2.5099
2007-12-21,HO0804,2.5155,2.5522,2.5136,2.5317,2336.0,,取暖油0804,15405.0,2.5317,2.5317
2007-12-24,HO0804,2.5383,2.5445,2.4959,2.5247,1268.0,,取暖油0804,15373.0,2.5247,2.5247
2007-12-26,HO0804,2.5483,2.6091,2.5483,2.5752,2738.0,,取暖油0804,15364.0,2.5752,2.5752
2007-12-27,HO0804,2.5759,2.6248,2.5728,2.6093,2705.0,,取暖油0804,15510.0,2.6093,2.6093
2007-12-28,HO0804,2.6125,2.6278,2.5649,2.5693,2496.0,,取暖油0804,15590.0,2.5693,2.5693
2007-12-31,HO0804,2.5866,2.61,2.5685,2.5959,1624.0,,取暖油0804,15656.0,2.5959,2.5959
2008-01-02,HO0804,2.6181,2.6875,2.6151,2.6844,3873.0,,取暖油0804,15698.0,2.6844,2.6844
2008-01-03,HO0804,2.6833,2.691,2.6523,2.6666,3631.0,,取暖油0804,15988.0,2.6666,2.6666
2008-01-04,HO0804,2.667,2.6687,2.62,2.6375,5481.0,,取暖油0804,16689.0,2.6375,2.6375
2008-01-07,HO0804,2.6375,2.6423,2.5383,2.5575,7206.0,,取暖油0804,17754.0,2.5575,2.5575
2008-01-08,HO0804,2.573,2.6252,2.57,2.5969,8071.0,,取暖油0804,18117.0,2.5969,2.5969
2008-01-09,HO0804,2.599,2.6259,2.5645,2.5714,9400.0,,取暖油0804,18735.0,2.5714,2.5714
2008-01-10,HO0804,2.5715,2.5785,2.5084,2.5163,11372.0,,取暖油0804,18742.0,2.5163,2.5163
2008-01-11,HO0804,2.5289,2.5366,2.4839,2.4895,9512.0,,取暖油0804,20119.0,2.4895,2.4895
2008-01-14,HO0804,2.4956,2.5438,2.4956,2.5395,6005.0,,取暖油0804,20956.0,2.5395,2.5395
2008-01-15,HO0804,2.5377,2.5503,2.4749,2.4965,7003.0,,取暖油0804,22370.0,2.4965,2.4965
2008-01-16,HO0804,2.48,2.4845,2.4295,2.4684,7148.0,,取暖油0804,22644.0,2.4684,2.4684
2008-01-17,HO0804,2.476,2.501,2.44,2.4527,10117.0,,取暖油0804,22865.0,2.4527,2.4527
2008-01-18,HO0804,2.4527,2.4821,2.4467,2.4644,6296.0,,取暖油0804,23574.0,2.4644,2.4644
2008-01-22,HO0804,2.42,2.4685,2.366,2.4363,11836.0,,取暖油0804,23669.0,2.4363,2.4363
2008-01-23,HO0804,2.431,2.4376,2.3806,2.3823,8727.0,,取暖油0804,23008.0,2.3823,2.3823
2008-01-24,HO0804,2.404,2.4406,2.3909,2.4351,7074.0,,取暖油0804,24523.0,2.4351,2.4351
2008-01-25,HO0804,2.4543,2.4889,2.4505,2.4781,6755.0,,取暖油0804,24515.0,2.4781,2.4781
2008-01-28,HO0804,2.4693,2.4964,2.4332,2.4893,11141.0,,取暖油0804,25683.0,2.4893,2.4893
2008-01-29,HO0804,2.4893,2.5188,2.4805,2.5058,8655.0,,取暖油0804,25997.0,2.5058,2.5058
2008-01-30,HO0804,2.5244,2.5255,2.4933,2.5159,10792.0,,取暖油0804,26635.0,2.5159,2.5159
2008-01-31,HO0804,2.5021,2.5195,2.4474,2.5076,14501.0,,取暖油0804,27565.0,2.5076,2.5076
2008-02-01,HO0804,2.4852,2.5153,2.4234,2.4319,16912.0,,取暖油0804,28448.0,2.4319,2.4319
2008-02-04,HO0804,2.4215,2.4836,2.4147,2.4653,11255.0,,取暖油0804,28979.0,2.4653,2.4653
2008-02-05,HO0804,2.4659,2.4659,2.4065,2.429,13215.0,,取暖油0804,29052.0,2.429,2.429
2008-02-06,HO0804,2.4358,2.4462,2.3955,2.4033,15564.0,,取暖油0804,29739.0,2.4033,2.4033
2008-02-07,HO0804,2.3975,2.4483,2.388,2.4405,22030.0,,取暖油0804,30967.0,2.4405,2.4405
2008-02-08,HO0804,2.448,2.5472,2.4416,2.5341,31321.0,,取暖油0804,35163.0,2.5341,2.5341
2008-02-11,HO0804,2.558,2.6144,2.5195,2.5779,28441.0,,取暖油0804,42418.0,2.5779,2.5779
2008-02-12,HO0804,2.576,2.6002,2.5428,2.5646,23046.0,,取暖油0804,46099.0,2.5646,2.5646
2008-02-13,HO0804,2.5631,2.5977,2.5518,2.5876,23702.0,,取暖油0804,51398.0,2.5876,2.5876
2008-02-14,HO0804,2.589,2.6377,2.589,2.6371,16546.0,,取暖油0804,54832.0,2.6371,2.6371
2008-02-15,HO0804,2.635,2.655,2.6057,2.6249,24382.0,,取暖油0804,57065.0,2.6249,2.6249
2008-02-19,HO0804,2.6384,2.746,2.623,2.7438,34555.0,,取暖油0804,59562.0,2.7438,2.7438
2008-02-20,HO0804,2.7335,2.7525,2.702,2.7366,31741.0,,取暖油0804,66289.0,2.7366,2.7366
2008-02-21,HO0804,2.7402,2.7507,2.6764,2.7173,36573.0,,取暖油0804,73919.0,2.7173,2.7173
2008-02-22,HO0804,2.7025,2.7615,2.6931,2.7425,35693.0,,取暖油0804,76191.0,2.7425,2.7425
2008-02-25,HO0804,2.749,2.7734,2.7222,2.7598,30285.0,,取暖油0804,78285.0,2.7598,2.7598
2008-02-26,HO0804,2.761,2.8022,2.7355,2.7899,37746.0,,取暖油0804,79237.0,2.7899,2.7899
2008-02-27,HO0804,2.7903,2.8105,2.7428,2.7478,37199.0,,取暖油0804,80698.0,2.7478,2.7478
2008-02-28,HO0804,2.7527,2.8333,2.7245,2.8228,42613.0,,取暖油0804,84255.0,2.8228,2.8228
2008-02-29,HO0804,2.8261,2.8412,2.7951,2.8069,38090.0,,取暖油0804,87894.0,2.8069,2.8069
2008-03-03,HO0804,2.8065,2.8739,2.7988,2.8408,39646.0,,取暖油0804,88211.0,2.8408,2.8408
2008-03-04,HO0804,2.8352,2.857,2.7696,2.7918,43444.0,,取暖油0804,87313.0,2.7918,2.7918
2008-03-05,HO0804,2.8027,2.9491,2.7932,2.9431,55475.0,,取暖油0804,84846.0,2.9431,2.9431
2008-03-06,HO0804,2.9407,2.9751,2.9045,2.9733,35574.0,,取暖油0804,79897.0,2.9733,2.9733
2008-03-07,HO0804,2.97,2.9863,2.9173,2.947,39325.0,,取暖油0804,75764.0,2.947,2.947
2008-03-10,HO0804,2.9478,2.9852,2.9242,2.9734,34890.0,,取暖油0804,70488.0,2.9734,2.9734
2008-03-11,HO0804,2.98,3.0101,2.9199,2.9957,36124.0,,取暖油0804,63231.0,2.9957,2.9957
2008-03-12,HO0804,2.986,3.0314,2.9485,3.0244,37990.0,,取暖油0804,59118.0,3.0244,3.0244
2008-03-13,HO0804,3.0265,3.1275,3.01,3.1248,52832.0,,取暖油0804,54906.0,3.1248,3.1248
2008-03-14,HO0804,3.12,3.222,3.1058,3.1465,42059.0,,取暖油0804,49144.0,3.1465,3.1465
2008-03-17,HO0804,3.1345,3.19,2.9867,3.0684,35432.0,,取暖油0804,45776.0,3.0684,3.0684
2008-03-18,HO0804,3.0884,3.1541,3.0393,3.1379,26238.0,,取暖油0804,39895.0,3.1379,3.1379
2008-03-19,HO0804,3.1145,3.122,2.9859,3.0167,26411.0,,取暖油0804,36020.0,3.0167,3.0167
2008-03-20,HO0804,3.0117,3.0335,2.9295,2.9772,21681.0,,取暖油0804,31487.0,2.9772,2.9772
2008-03-24,HO0804,2.975,3.01,2.9525,2.9631,15835.0,,取暖油0804,28339.0,2.9631,2.9631
2008-03-25,HO0804,2.9541,2.9835,2.8594,2.9248,23088.0,,取暖油0804,25100.0,2.9248,2.9248
2008-03-26,HO0804,2.923,3.0572,2.923,3.0438,18586.0,,取暖油0804,19092.0,3.0438,3.0438
2008-03-27,HO0804,3.0544,3.1633,3.0484,3.1483,15393.0,,取暖油0804,16139.0,3.1483,3.1483
2008-03-28,HO0804,3.135,3.137,3.09,3.105,14274.0,,取暖油0804,11618.0,3.105,3.105
2008-03-31,HO0804,3.102,3.17,2.9975,3.0492,6295.0,,取暖油0804,6063.0,3.0492,3.0492
