date,symbol,open,high,low,close,volume,amount,name,openinterest,settleprice,price
2006-11-01,HO0805,0.0,0.0,0.0,1.8647,50.0,,取暖油0805,,1.8647,1.8647
2006-11-02,HO0805,0.0,0.0,0.0,1.8492,,,取暖油0805,50.0,1.8492,1.8492
2006-11-03,HO0805,0.0,0.0,0.0,1.8749,,,取暖油0805,50.0,1.8749,1.8749
2006-11-06,HO0805,0.0,0.0,0.0,1.9011,,,取暖油0805,50.0,1.9011,1.9011
2006-11-07,HO0805,1.8875,1.8875,1.8658,1.8658,2.0,,取暖油0805,50.0,1.8658,1.8658
2006-11-08,HO0805,0.0,0.0,0.0,1.8816,,,取暖油0805,52.0,1.8816,1.8816
2006-11-09,HO0805,1.91,1.91,1.9076,1.9076,3.0,,取暖油0805,52.0,1.9076,1.9076
2006-11-10,HO0805,0.0,0.0,0.0,1.8748,,,取暖油0805,55.0,1.8748,1.8748
2006-11-13,HO0805,0.0,0.0,0.0,1.8577,53.0,,取暖油0805,55.0,1.8577,1.8577
2006-11-14,HO0805,0.0,0.0,0.0,1.8567,500.0,,取暖油0805,82.0,1.8567,1.8567
2006-11-15,HO0805,0.0,0.0,0.0,1.8739,1.0,,取暖油0805,527.0,1.8739,1.8739
2006-11-16,HO0805,0.0,0.0,0.0,1.8306,175.0,,取暖油0805,528.0,1.8306,1.8306
2006-11-17,HO0805,0.0,0.0,0.0,1.8519,75.0,,取暖油0805,703.0,1.8519,1.8519
2006-11-20,HO0805,0.0,0.0,0.0,1.861,,,取暖油0805,778.0,1.861,1.861
2006-11-21,HO0805,0.0,0.0,0.0,1.8896,25.0,,取暖油0805,778.0,1.8896,1.8896
2006-11-22,HO0805,1.885,1.885,1.8537,1.8537,44.0,,取暖油0805,803.0,1.8537,1.8537
2006-11-24,HO0805,0.0,0.0,0.0,1.8537,,,取暖油0805,820.0,1.8537,1.8537
2006-11-27,HO0805,1.8785,1.8873,1.8785,1.8873,27.0,,取暖油0805,820.0,1.8873,1.8873
2006-11-28,HO0805,0.0,0.0,0.0,1.8993,26.0,,取暖油0805,822.0,1.8993,1.8993
2006-11-29,HO0805,1.9225,1.9225,1.9223,1.9223,4.0,,取暖油0805,847.0,1.9223,1.9223
2006-11-30,HO0805,0.0,0.0,0.0,1.9335,130.0,,取暖油0805,850.0,1.9335,1.9335
2006-12-01,HO0805,0.0,0.0,0.0,1.9459,10.0,,取暖油0805,891.0,1.9459,1.9459
2006-12-04,HO0805,0.0,0.0,0.0,1.9219,1.0,,取暖油0805,901.0,1.9219,1.9219
2006-12-05,HO0805,0.0,0.0,0.0,1.9228,10.0,,取暖油0805,902.0,1.9228,1.9228
2006-12-06,HO0805,0.0,0.0,0.0,1.9199,,,取暖油0805,912.0,1.9199,1.9199
2006-12-07,HO0805,0.0,0.0,0.0,1.9109,,,取暖油0805,912.0,1.9109,1.9109
2006-12-08,HO0805,1.93,1.93,1.8932,1.8932,1.0,,取暖油0805,912.0,1.8932,1.8932
2006-12-11,HO0805,0.0,0.0,0.0,1.889,,,取暖油0805,912.0,1.889,1.889
2006-12-12,HO0805,0.0,0.0,0.0,1.891,,,取暖油0805,912.0,1.891,1.891
2006-12-13,HO0805,1.901,1.901,1.893,1.893,2.0,,取暖油0805,912.0,1.893,1.893
2006-12-14,HO0805,0.0,0.0,0.0,1.9201,,,取暖油0805,914.0,1.9201,1.9201
2006-12-15,HO0805,0.0,0.0,0.0,1.9212,1.0,,取暖油0805,914.0,1.9212,1.9212
2006-12-18,HO0805,1.901,1.901,1.8757,1.8757,3.0,,取暖油0805,915.0,1.8757,1.8757
2006-12-19,HO0805,0.0,0.0,0.0,1.8962,,,取暖油0805,917.0,1.8962,1.8962
2006-12-20,HO0805,0.0,0.0,0.0,1.9158,,,取暖油0805,917.0,1.9158,1.9158
2006-12-21,HO0805,0.0,0.0,0.0,1.898,,,取暖油0805,917.0,1.898,1.898
2006-12-22,HO0805,0.0,0.0,0.0,1.8888,,,取暖油0805,917.0,1.8888,1.8888
2006-12-26,HO0805,0.0,0.0,0.0,1.8588,,,取暖油0805,917.0,1.8588,1.8588
2006-12-27,HO0805,0.0,0.0,0.0,1.8518,,,取暖油0805,917.0,1.8518,1.8518
2006-12-28,HO0805,0.0,0.0,0.0,1.8571,,,取暖油0805,917.0,1.8571,1.8571
2006-12-29,HO0805,0.0,0.0,0.0,1.8617,5.0,,取暖油0805,917.0,1.8617,1.8617
2007-01-03,HO0805,1.83,1.83,1.8106,1.8106,851.0,,取暖油0805,920.0,1.8106,1.8106
2007-01-04,HO0805,0.0,0.0,0.0,1.7626,,,取暖油0805,1038.0,1.7626,1.7626
2007-01-05,HO0805,0.0,0.0,0.0,1.7738,,,取暖油0805,1038.0,1.7738,1.7738
2007-01-08,HO0805,1.765,1.7685,1.765,1.7685,11.0,,取暖油0805,1038.0,1.7685,1.7685
2007-01-09,HO0805,1.7485,1.7635,1.7485,1.7635,4.0,,取暖油0805,1041.0,1.7635,1.7635
2007-01-10,HO0805,0.0,0.0,0.0,1.731,,,取暖油0805,1041.0,1.731,1.731
2007-01-11,HO0805,1.7115,1.723,1.6709,1.6709,3.0,,取暖油0805,1041.0,1.6709,1.6709
2007-01-12,HO0805,0.0,0.0,0.0,1.6802,,,取暖油0805,1041.0,1.6802,1.6802
2007-01-16,HO0805,1.6475,1.65,1.6378,1.6378,64.0,,取暖油0805,1041.0,1.6378,1.6378
2007-01-17,HO0805,1.638,1.6575,1.638,1.6528,7.0,,取暖油0805,1043.0,1.6528,1.6528
2007-01-18,HO0805,0.0,0.0,0.0,1.6352,5.0,,取暖油0805,1044.0,1.6352,1.6352
2007-01-19,HO0805,0.0,0.0,0.0,1.6735,9.0,,取暖油0805,1048.0,1.6735,1.6735
2007-01-22,HO0805,1.6925,1.6925,1.6605,1.6605,1.0,,取暖油0805,1051.0,1.6605,1.6605
2007-01-23,HO0805,0.0,0.0,0.0,1.7115,,,取暖油0805,1051.0,1.7115,1.7115
2007-01-24,HO0805,0.0,0.0,0.0,1.7128,32.0,,取暖油0805,1051.0,1.7128,1.7128
2007-01-25,HO0805,1.719,1.719,1.6854,1.6854,1.0,,取暖油0805,1068.0,1.6854,1.6854
2007-01-26,HO0805,0.0,0.0,0.0,1.7219,,,取暖油0805,1069.0,1.7219,1.7219
2007-01-29,HO0805,0.0,0.0,0.0,1.6802,,,取暖油0805,1069.0,1.6802,1.6802
2007-01-30,HO0805,0.0,0.0,0.0,1.7483,130.0,,取暖油0805,1069.0,1.7483,1.7483
2007-01-31,HO0805,0.0,0.0,0.0,1.7708,,,取暖油0805,1111.0,1.7708,1.7708
2007-02-01,HO0805,1.7785,1.7785,1.7555,1.7555,1.0,,取暖油0805,1111.0,1.7555,1.7555
2007-02-02,HO0805,0.0,0.0,0.0,1.797,,,取暖油0805,1111.0,1.797,1.797
2007-02-05,HO0805,0.0,0.0,0.0,1.7831,1.0,,取暖油0805,1111.0,1.7831,1.7831
2007-02-06,HO0805,0.0,0.0,0.0,1.7889,,,取暖油0805,1111.0,1.7889,1.7889
2007-02-07,HO0805,0.0,0.0,0.0,1.7536,,,取暖油0805,1111.0,1.7536,1.7536
2007-02-08,HO0805,0.0,0.0,0.0,1.8065,25.0,,取暖油0805,1111.0,1.8065,1.8065
2007-02-09,HO0805,0.0,0.0,0.0,1.8048,6.0,,取暖油0805,1086.0,1.8048,1.8048
2007-02-12,HO0805,0.0,0.0,0.0,1.7572,20.0,,取暖油0805,1086.0,1.7572,1.7572
2007-02-13,HO0805,0.0,0.0,0.0,1.7982,,,取暖油0805,1086.0,1.7982,1.7982
2007-02-14,HO0805,0.0,0.0,0.0,1.7538,,,取暖油0805,1086.0,1.7538,1.7538
2007-02-15,HO0805,0.0,0.0,0.0,1.7411,1.0,,取暖油0805,1086.0,1.7411,1.7411
2007-02-16,HO0805,0.0,0.0,0.0,1.777,,,取暖油0805,1086.0,1.777,1.777
2007-02-20,HO0805,0.0,0.0,0.0,1.7601,,,取暖油0805,1086.0,1.7601,1.7601
2007-02-21,HO0805,0.0,0.0,0.0,1.7906,,,取暖油0805,1086.0,1.7906,1.7906
2007-02-22,HO0805,0.0,0.0,0.0,1.8238,3.0,,取暖油0805,1086.0,1.8238,1.8238
2007-02-23,HO0805,0.0,0.0,0.0,1.8476,,,取暖油0805,1086.0,1.8476,1.8476
2007-02-26,HO0805,0.0,0.0,0.0,1.8502,,,取暖油0805,1086.0,1.8502,1.8502
2007-02-27,HO0805,1.85,1.862,1.85,1.862,5.0,,取暖油0805,1086.0,1.862,1.862
2007-02-28,HO0805,0.0,0.0,0.0,1.8756,,,取暖油0805,1086.0,1.8756,1.8756
2007-03-01,HO0805,0.0,0.0,0.0,1.8718,,,取暖油0805,1086.0,1.8718,1.8718
2007-03-02,HO0805,1.87,1.87,1.8582,1.8582,1.0,,取暖油0805,1086.0,1.8582,1.8582
2007-03-05,HO0805,0.0,0.0,0.0,1.8208,,,取暖油0805,1086.0,1.8208,1.8208
2007-03-06,HO0805,0.0,0.0,0.0,1.8408,,,取暖油0805,1086.0,1.8408,1.8408
2007-03-07,HO0805,0.0,0.0,0.0,1.8665,,,取暖油0805,1086.0,1.8665,1.8665
2007-03-08,HO0805,1.864,1.8649,1.864,1.8649,29.0,,取暖油0805,1086.0,1.8649,1.8649
2007-03-09,HO0805,0.0,0.0,0.0,1.8242,50.0,,取暖油0805,1087.0,1.8242,1.8242
2007-03-12,HO0805,0.0,0.0,0.0,1.8098,110.0,,取暖油0805,1087.0,1.8098,1.8098
2007-03-13,HO0805,0.0,0.0,0.0,1.8157,151.0,,取暖油0805,1247.0,1.8157,1.8157
2007-03-14,HO0805,0.0,0.0,0.0,1.8281,,,取暖油0805,1397.0,1.8281,1.8281
2007-03-15,HO0805,0.0,0.0,0.0,1.8103,1.0,,取暖油0805,1397.0,1.8103,1.8103
2007-03-16,HO0805,0.0,0.0,0.0,1.8058,,,取暖油0805,1398.0,1.8058,1.8058
2007-03-19,HO0805,0.0,0.0,0.0,1.8094,1.0,,取暖油0805,1398.0,1.8094,1.8094
2007-03-20,HO0805,0.0,0.0,0.0,1.7937,1.0,,取暖油0805,1399.0,1.7937,1.7937
2007-03-21,HO0805,1.8035,1.808,1.8035,1.808,2.0,,取暖油0805,1399.0,1.808,1.808
2007-03-22,HO0805,0.0,0.0,0.0,1.854,,,取暖油0805,1400.0,1.854,1.854
2007-03-23,HO0805,1.859,1.859,1.8471,1.8471,3.0,,取暖油0805,1400.0,1.8471,1.8471
2007-03-26,HO0805,0.0,0.0,0.0,1.89,,,取暖油0805,1403.0,1.89,1.89
2007-03-27,HO0805,1.88,1.9031,1.88,1.9031,2.0,,取暖油0805,1403.0,1.9031,1.9031
2007-03-28,HO0805,1.952,1.952,1.9233,1.9233,56.0,,取暖油0805,1402.0,1.9233,1.9233
2007-03-29,HO0805,1.9525,1.9525,1.9473,1.9473,88.0,,取暖油0805,1427.0,1.9473,1.9473
2007-03-30,HO0805,1.9425,1.9575,1.9354,1.9354,72.0,,取暖油0805,1489.0,1.9354,1.9354
2007-04-02,HO0805,1.9375,1.945,1.9315,1.9315,4.0,,取暖油0805,1496.0,1.9315,1.9315
2007-04-03,HO0805,1.924,1.9267,1.924,1.9267,26.0,,取暖油0805,1550.0,1.9267,1.9267
2007-04-04,HO0805,0.0,0.0,0.0,1.9459,10.0,,取暖油0805,1551.0,1.9459,1.9459
2007-04-05,HO0805,0.0,0.0,0.0,1.9509,10.0,,取暖油0805,1561.0,1.9509,1.9509
2007-04-09,HO0805,0.0,0.0,0.0,1.9152,1.0,,取暖油0805,1561.0,1.9152,1.9152
2007-04-10,HO0805,0.0,0.0,0.0,1.9461,,,取暖油0805,1562.0,1.9461,1.9461
2007-04-11,HO0805,0.0,0.0,0.0,1.9542,,,取暖油0805,1562.0,1.9542,1.9542
2007-04-12,HO0805,1.9625,1.9713,1.955,1.9713,3.0,,取暖油0805,1562.0,1.9713,1.9713
2007-04-13,HO0805,1.979,1.9815,1.9592,1.9592,14.0,,取暖油0805,1565.0,1.9592,1.9592
2007-04-16,HO0805,0.0,0.0,0.0,1.9248,11.0,,取暖油0805,1568.0,1.9248,1.9248
2007-04-17,HO0805,1.92,1.92,1.8936,1.8936,87.0,,取暖油0805,1573.0,1.8936,1.8936
2007-04-18,HO0805,1.8975,1.9071,1.895,1.9071,74.0,,取暖油0805,1535.0,1.9071,1.9071
2007-04-19,HO0805,1.91,1.91,1.8997,1.8997,52.0,,取暖油0805,1510.0,1.8997,1.8997
2007-04-20,HO0805,0.0,0.0,0.0,1.915,5.0,,取暖油0805,1512.0,1.915,1.915
2007-04-23,HO0805,0.0,0.0,0.0,1.9595,35.0,,取暖油0805,1516.0,1.9595,1.9595
2007-04-24,HO0805,0.0,0.0,0.0,1.924,2.0,,取暖油0805,1535.0,1.924,1.924
2007-04-25,HO0805,0.0,0.0,0.0,1.9631,,,取暖油0805,1516.0,1.9631,1.9631
2007-04-26,HO0805,0.0,0.0,0.0,1.9428,11.0,,取暖油0805,1516.0,1.9428,1.9428
2007-04-27,HO0805,0.0,0.0,0.0,1.9662,35.0,,取暖油0805,1521.0,1.9662,1.9662
2007-04-30,HO0805,1.965,1.965,1.9518,1.9518,5.0,,取暖油0805,1527.0,1.9518,1.9518
2007-05-01,HO0805,1.96,1.96,1.9564,1.9564,50.0,,取暖油0805,1530.0,1.9564,1.9564
2007-05-02,HO0805,1.9585,1.9585,1.91,1.9386,113.0,,取暖油0805,1531.0,1.9386,1.9386
2007-05-03,HO0805,1.9425,1.9425,1.9343,1.9343,8.0,,取暖油0805,1540.0,1.9343,1.9343
2007-05-04,HO0805,1.93,1.93,1.9,1.9264,114.0,,取暖油0805,1545.0,1.9264,1.9264
2007-05-07,HO0805,1.91,1.91,1.906,1.906,75.0,,取暖油0805,1592.0,1.906,1.906
2007-05-08,HO0805,1.91,1.92,1.91,1.9194,137.0,,取暖油0805,1643.0,1.9194,1.9194
2007-05-09,HO0805,1.925,1.925,1.8925,1.9103,97.0,,取暖油0805,1702.0,1.9103,1.9103
2007-05-10,HO0805,1.9225,1.923,1.9175,1.923,7.0,,取暖油0805,1697.0,1.923,1.923
2007-05-11,HO0805,1.945,1.945,1.9368,1.9368,1.0,,取暖油0805,1704.0,1.9368,1.9368
2007-05-14,HO0805,1.945,1.945,1.93,1.9312,14.0,,取暖油0805,1705.0,1.9312,1.9312
2007-05-15,HO0805,0.0,0.0,0.0,1.9542,51.0,,取暖油0805,1711.0,1.9542,1.9542
2007-05-16,HO0805,1.9525,1.9525,1.93,1.948,48.0,,取暖油0805,1715.0,1.948,1.948
2007-05-17,HO0805,1.984,1.9967,1.974,1.9967,73.0,,取暖油0805,1733.0,1.9967,1.9967
2007-05-18,HO0805,1.988,1.9935,1.9827,1.9827,211.0,,取暖油0805,1705.0,1.9827,1.9827
2007-05-21,HO0805,2.0075,2.0075,2.0012,2.0012,16.0,,取暖油0805,1549.0,2.0012,2.0012
2007-05-22,HO0805,1.9825,1.9825,1.9667,1.9667,57.0,,取暖油0805,1560.0,1.9667,1.9667
2007-05-23,HO0805,0.0,0.0,0.0,1.9846,150.0,,取暖油0805,1577.0,1.9846,1.9846
2007-05-24,HO0805,2.0,2.0,1.9795,1.9795,2.0,,取暖油0805,1538.0,1.9795,1.9795
2007-05-25,HO0805,1.9995,1.9995,1.9956,1.9956,3.0,,取暖油0805,1575.0,1.9956,1.9956
2007-05-29,HO0805,1.954,1.9575,1.9441,1.9441,112.0,,取暖油0805,1576.0,1.9441,1.9441
2007-05-30,HO0805,1.94,1.9575,1.94,1.9508,246.0,,取暖油0805,1575.0,1.9508,1.9508
2007-05-31,HO0805,1.945,1.9526,1.945,1.9526,542.0,,取暖油0805,1611.0,1.9526,1.9526
2007-06-01,HO0805,1.945,1.986,1.945,1.9793,55.0,,取暖油0805,1780.0,1.9793,1.9793
2007-06-04,HO0805,1.99,2.005,1.99,1.9956,18.0,,取暖油0805,1762.0,1.9956,1.9956
2007-06-05,HO0805,2.003,2.003,1.985,1.9889,60.0,,取暖油0805,1762.0,1.9889,1.9889
2007-06-06,HO0805,1.9989,1.9989,1.9972,1.9972,46.0,,取暖油0805,1819.0,1.9972,1.9972
2007-06-07,HO0805,0.0,0.0,0.0,2.013,28.0,,取暖油0805,1851.0,2.013,2.013
2007-06-08,HO0805,1.9775,1.9775,1.9528,1.9528,18.0,,取暖油0805,1853.0,1.9528,1.9528
2007-06-11,HO0805,1.9638,1.99,1.9638,1.9891,275.0,,取暖油0805,1858.0,1.9891,1.9891
2007-06-12,HO0805,1.968,1.9744,1.968,1.9744,174.0,,取暖油0805,1955.0,1.9744,1.9744
2007-06-13,HO0805,1.99,1.9955,1.99,1.9955,110.0,,取暖油0805,2010.0,1.9955,1.9955
2007-06-14,HO0805,2.01,2.0196,2.01,2.0196,254.0,,取暖油0805,2019.0,2.0196,2.0196
2007-06-15,HO0805,0.0,0.0,0.0,2.0241,217.0,,取暖油0805,1934.0,2.0241,2.0241
2007-06-18,HO0805,2.014,2.0452,2.014,2.0452,186.0,,取暖油0805,1890.0,2.0452,2.0452
2007-06-19,HO0805,2.0399,2.0407,2.0399,2.0407,504.0,,取暖油0805,1841.0,2.0407,2.0407
2007-06-20,HO0805,2.027,2.0328,2.0125,2.0328,183.0,,取暖油0805,1773.0,2.0328,2.0328
2007-06-21,HO0805,2.0175,2.0175,2.0115,2.0115,23.0,,取暖油0805,1713.0,2.0115,2.0115
2007-06-22,HO0805,2.03,2.03,2.0255,2.0255,48.0,,取暖油0805,1712.0,2.0255,2.0255
2007-06-25,HO0805,0.0,0.0,0.0,2.0284,12.0,,取暖油0805,1734.0,2.0284,2.0284
2007-06-26,HO0805,2.0,2.009,1.9868,1.9868,50.0,,取暖油0805,1734.0,1.9868,1.9868
2007-06-27,HO0805,2.012,2.012,2.0061,2.0061,87.0,,取暖油0805,1733.0,2.0061,2.0061
2007-06-28,HO0805,2.01,2.01,2.0001,2.0001,188.0,,取暖油0805,1754.0,2.0001,2.0001
2007-06-29,HO0805,2.0225,2.0225,2.0144,2.0144,510.0,,取暖油0805,1786.0,2.0144,2.0144
2007-07-02,HO0805,0.0,0.0,0.0,2.0407,188.0,,取暖油0805,1912.0,2.0407,2.0407
2007-07-03,HO0805,2.035,2.06,2.035,2.0472,19.0,,取暖油0805,1750.0,2.0472,2.0472
2007-07-05,HO0805,2.035,2.0628,2.035,2.0628,35.0,,取暖油0805,1760.0,2.0628,2.0628
2007-07-06,HO0805,2.0675,2.0693,2.0675,2.0693,19.0,,取暖油0805,1760.0,2.0693,2.0693
2007-07-09,HO0805,2.0825,2.0825,2.071,2.0763,25.0,,取暖油0805,1760.0,2.0763,2.0763
2007-07-10,HO0805,2.095,2.1,2.095,2.0973,103.0,,取暖油0805,1743.0,2.0973,2.0973
2007-07-11,HO0805,2.085,2.0875,2.0833,2.0833,98.0,,取暖油0805,1742.0,2.0833,2.0833
2007-07-12,HO0805,0.0,0.0,0.0,2.0822,256.0,,取暖油0805,1682.0,2.0822,2.0822
2007-07-13,HO0805,0.0,0.0,0.0,2.0866,207.0,,取暖油0805,1721.0,2.0866,2.0866
2007-07-16,HO0805,2.08,2.08,2.0486,2.0486,69.0,,取暖油0805,1806.0,2.0486,2.0486
2007-07-17,HO0805,2.051,2.051,2.03,2.0322,561.0,,取暖油0805,1832.0,2.0322,2.0322
2007-07-18,HO0805,2.085,2.085,2.075,2.0776,58.0,,取暖油0805,1785.0,2.0776,2.0776
2007-07-19,HO0805,0.0,0.0,0.0,2.078,,,取暖油0805,1791.0,2.078,2.078
2007-07-20,HO0805,0.0,0.0,0.0,2.0717,77.0,,取暖油0805,1791.0,2.0717,2.0717
2007-07-23,HO0805,2.0625,2.0625,2.04,2.0499,85.0,,取暖油0805,1789.0,2.0499,2.0499
2007-07-24,HO0805,2.042,2.042,2.0215,2.0215,247.0,,取暖油0805,1827.0,2.0215,2.0215
2007-07-25,HO0805,2.022,2.0617,2.022,2.0617,13.0,,取暖油0805,1770.0,2.0617,2.0617
2007-07-26,HO0805,2.07,2.08,2.0291,2.0291,201.0,,取暖油0805,1770.0,2.0291,2.0291
2007-07-27,HO0805,2.035,2.0574,2.035,2.0574,107.0,,取暖油0805,1773.0,2.0574,2.0574
2007-07-30,HO0805,2.039,2.0421,2.035,2.0421,55.0,,取暖油0805,1714.0,2.0421,2.0421
2007-07-31,HO0805,2.0687,2.0765,2.0687,2.0712,287.0,,取暖油0805,1718.0,2.0712,2.0712
2007-08-01,HO0805,2.06,2.0615,2.0315,2.0444,217.0,,取暖油0805,1726.0,2.0444,2.0444
2007-08-02,HO0805,2.0535,2.0609,2.0535,2.0546,43.0,,取暖油0805,1706.0,2.0546,2.0546
2007-08-03,HO0805,2.041,2.041,2.0275,2.0275,79.0,,取暖油0805,1711.0,2.0275,2.0275
2007-08-06,HO0805,1.987,1.9915,1.9528,1.9528,190.0,,取暖油0805,1709.0,1.9528,1.9528
2007-08-07,HO0805,1.96,1.9786,1.956,1.9776,486.0,,取暖油0805,1721.0,1.9776,1.9776
2007-08-08,HO0805,1.98,1.9872,1.9683,1.9683,219.0,,取暖油0805,1754.0,1.9683,1.9683
2007-08-09,HO0805,1.9665,1.9812,1.9665,1.9812,66.0,,取暖油0805,1734.0,1.9812,1.9812
2007-08-10,HO0805,1.9486,1.9784,1.947,1.9602,99.0,,取暖油0805,1739.0,1.9602,1.9602
2007-08-13,HO0805,1.98,1.98,1.9475,1.9475,134.0,,取暖油0805,1787.0,1.9475,1.9475
2007-08-14,HO0805,1.96,1.96,1.946,1.9568,39.0,,取暖油0805,1848.0,1.9568,1.9568
2007-08-15,HO0805,0.0,0.0,0.0,1.9874,121.0,,取暖油0805,1856.0,1.9874,1.9874
2007-08-16,HO0805,1.949,1.949,1.93,1.9434,235.0,,取暖油0805,1847.0,1.9434,1.9434
2007-08-17,HO0805,1.955,1.9705,1.955,1.9705,43.0,,取暖油0805,1983.0,1.9705,1.9705
2007-08-20,HO0805,1.9355,1.9514,1.935,1.9514,138.0,,取暖油0805,1982.0,1.9514,1.9514
2007-08-21,HO0805,1.955,1.955,1.9225,1.923,43.0,,取暖油0805,2044.0,1.923,1.923
2007-08-22,HO0805,1.9225,1.9392,1.919,1.9239,604.0,,取暖油0805,2054.0,1.9239,1.9239
2007-08-23,HO0805,1.937,1.94,1.9275,1.9369,155.0,,取暖油0805,2410.0,1.9369,1.9369
2007-08-24,HO0805,1.95,1.9653,1.95,1.9653,149.0,,取暖油0805,2417.0,1.9653,1.9653
2007-08-27,HO0805,1.9495,1.9792,1.94,1.9792,647.0,,取暖油0805,2496.0,1.9792,1.9792
2007-08-28,HO0805,0.0,0.0,0.0,1.9598,19.0,,取暖油0805,2660.0,1.9598,1.9598
2007-08-29,HO0805,1.9825,1.986,1.9825,1.986,610.0,,取暖油0805,2663.0,1.986,1.986
2007-08-30,HO0805,1.974,1.974,1.972,1.9721,141.0,,取暖油0805,3034.0,1.9721,1.9721
2007-08-31,HO0805,1.99,1.995,1.9829,1.9829,84.0,,取暖油0805,3141.0,1.9829,1.9829
2007-09-04,HO0805,1.995,2.0125,1.99,2.0015,147.0,,取暖油0805,3146.0,2.0015,2.0015
2007-09-05,HO0805,2.0076,2.0094,2.0073,2.0094,57.0,,取暖油0805,3189.0,2.0094,2.0094
2007-09-06,HO0805,2.029,2.0323,2.0065,2.0323,174.0,,取暖油0805,3234.0,2.0323,2.0323
2007-09-07,HO0805,2.032,2.045,2.032,2.0392,321.0,,取暖油0805,3225.0,2.0392,2.0392
2007-09-10,HO0805,2.0287,2.0581,2.0282,2.0581,403.0,,取暖油0805,3160.0,2.0581,2.0581
2007-09-11,HO0805,2.0567,2.0662,2.045,2.0662,269.0,,取暖油0805,3334.0,2.0662,2.0662
2007-09-12,HO0805,2.0775,2.1026,2.0775,2.1026,258.0,,取暖油0805,3267.0,2.1026,2.1026
2007-09-13,HO0805,0.0,0.0,0.0,2.099,151.0,,取暖油0805,3294.0,2.099,2.099
2007-09-14,HO0805,2.1002,2.1002,2.084,2.0868,128.0,,取暖油0805,3303.0,2.0868,2.0868
2007-09-17,HO0805,2.105,2.1102,2.105,2.1102,102.0,,取暖油0805,3298.0,2.1102,2.1102
2007-09-18,HO0805,2.1183,2.14,2.1161,2.1278,476.0,,取暖油0805,3265.0,2.1278,2.1278
2007-09-19,HO0805,2.1371,2.1371,2.1075,2.1353,473.0,,取暖油0805,3121.0,2.1353,2.1353
2007-09-20,HO0805,2.1325,2.1619,2.1325,2.1619,338.0,,取暖油0805,3094.0,2.1619,2.1619
2007-09-21,HO0805,2.165,2.1676,2.165,2.1676,236.0,,取暖油0805,3086.0,2.1676,2.1676
2007-09-24,HO0805,0.0,0.0,0.0,2.1616,223.0,,取暖油0805,3131.0,2.1616,2.1616
2007-09-25,HO0805,2.138,2.138,2.1278,2.1278,1011.0,,取暖油0805,3121.0,2.1278,2.1278
2007-09-26,HO0805,2.1425,2.148,2.102,2.1209,353.0,,取暖油0805,2997.0,2.1209,2.1209
2007-09-27,HO0805,2.1405,2.1709,2.1393,2.1709,364.0,,取暖油0805,3013.0,2.1709,2.1709
2007-09-28,HO0805,2.1741,2.1741,2.1316,2.1316,152.0,,取暖油0805,2857.0,2.1316,2.1316
2007-10-01,HO0805,2.1245,2.1255,2.097,2.1062,1138.0,,取暖油0805,2862.0,2.1062,2.1062
2007-10-02,HO0805,0.0,0.0,0.0,2.0963,305.0,,取暖油0805,2896.0,2.0963,2.0963
2007-10-03,HO0805,2.112,2.115,2.105,2.1077,298.0,,取暖油0805,3089.0,2.1077,2.1077
2007-10-04,HO0805,2.0958,2.1528,2.09,2.1528,474.0,,取暖油0805,3114.0,2.1528,2.1528
2007-10-05,HO0805,2.1486,2.15,2.1311,2.15,1095.0,,取暖油0805,3145.0,2.15,2.15
2007-10-08,HO0805,2.1212,2.1212,2.0981,2.0981,87.0,,取暖油0805,3415.0,2.0981,2.0981
2007-10-09,HO0805,2.095,2.13,2.095,2.1178,405.0,,取暖油0805,3407.0,2.1178,2.1178
2007-10-10,HO0805,2.141,2.1454,2.1104,2.1447,557.0,,取暖油0805,3430.0,2.1447,2.1447
2007-10-11,HO0805,2.1526,2.175,2.1526,2.1703,1103.0,,取暖油0805,3495.0,2.1703,2.1703
2007-10-12,HO0805,2.1689,2.186,2.163,2.1744,387.0,,取暖油0805,3420.0,2.1744,2.1744
2007-10-15,HO0805,2.1987,2.2267,2.1959,2.2267,531.0,,取暖油0805,3430.0,2.2267,2.2267
2007-10-16,HO0805,2.2077,2.2514,2.2077,2.2512,867.0,,取暖油0805,3682.0,2.2512,2.2512
2007-10-17,HO0805,2.2372,2.2444,2.2329,2.2329,885.0,,取暖油0805,4056.0,2.2329,2.2329
2007-10-18,HO0805,2.255,2.2633,2.245,2.2633,212.0,,取暖油0805,4129.0,2.2633,2.2633
2007-10-19,HO0805,2.2492,2.2535,2.2492,2.2499,168.0,,取暖油0805,4167.0,2.2499,2.2499
2007-10-22,HO0805,2.2331,2.2443,2.2331,2.2346,246.0,,取暖油0805,4176.0,2.2346,2.2346
2007-10-23,HO0805,2.2315,2.2315,2.2251,2.227,311.0,,取暖油0805,4318.0,2.227,2.227
2007-10-24,HO0805,2.2627,2.273,2.2627,2.2698,633.0,,取暖油0805,4355.0,2.2698,2.2698
2007-10-25,HO0805,0.0,0.0,0.0,2.3287,244.0,,取暖油0805,4411.0,2.3287,2.3287
2007-10-26,HO0805,2.344,2.355,2.333,2.355,1252.0,,取暖油0805,4333.0,2.355,2.355
2007-10-29,HO0805,2.3724,2.3917,2.3683,2.3917,569.0,,取暖油0805,4409.0,2.3917,2.3917
2007-10-30,HO0805,2.376,2.376,2.3453,2.3453,888.0,,取暖油0805,4358.0,2.3453,2.3453
2007-10-31,HO0805,0.0,0.0,0.0,2.4113,1066.0,,取暖油0805,4674.0,2.4113,2.4113
2007-11-01,HO0805,2.3858,2.3934,2.3858,2.3923,535.0,,取暖油0805,4663.0,2.3923,2.3923
2007-11-02,HO0805,2.4122,2.4401,2.4122,2.4401,763.0,,取暖油0805,4968.0,2.4401,2.4401
2007-11-05,HO0805,2.432,2.4435,2.409,2.4109,497.0,,取暖油0805,5145.0,2.4109,2.4109
2007-11-06,HO0805,2.439,2.4603,2.439,2.4603,850.0,,取暖油0805,5175.0,2.4603,2.4603
2007-11-07,HO0805,2.475,2.476,2.455,2.476,417.0,,取暖油0805,5173.0,2.476,2.476
2007-11-08,HO0805,2.506,2.506,2.458,2.4673,869.0,,取暖油0805,5237.0,2.4673,2.4673
2007-11-09,HO0805,2.4675,2.4819,2.4675,2.4773,665.0,,取暖油0805,5209.0,2.4773,2.4773
2007-11-12,HO0805,2.45,2.45,2.4301,2.4392,380.0,,取暖油0805,5296.0,2.4392,2.4392
2007-11-13,HO0805,2.4297,2.4297,2.3567,2.3653,1248.0,,取暖油0805,5321.0,2.3653,2.3653
2007-11-14,HO0805,0.0,0.0,0.0,2.4231,462.0,,取暖油0805,5509.0,2.4231,2.4231
2007-11-15,HO0805,2.4055,2.408,2.375,2.4037,602.0,,取暖油0805,5584.0,2.4037,2.4037
2007-11-16,HO0805,2.437,2.437,2.4245,2.4267,615.0,,取暖油0805,5644.0,2.4267,2.4267
2007-11-19,HO0805,2.4428,2.4496,2.4245,2.448,1103.0,,取暖油0805,5708.0,2.448,2.448
2007-11-20,HO0805,2.4772,2.531,2.475,2.5216,789.0,,取暖油0805,5641.0,2.5216,2.5216
2007-11-21,HO0805,2.531,2.531,2.5025,2.5127,846.0,,取暖油0805,5986.0,2.5127,2.5127
2007-11-23,HO0805,2.5182,2.5605,2.5182,2.5282,73.0,,取暖油0805,6016.0,2.5282,2.5282
2007-11-26,HO0805,2.545,2.545,2.5002,2.5254,796.0,,取暖油0805,6013.0,2.5254,2.5254
2007-11-27,HO0805,2.476,2.4864,2.4694,2.4694,988.0,,取暖油0805,6018.0,2.4694,2.4694
2007-11-28,HO0805,2.4821,2.4914,2.4,2.4018,2024.0,,取暖油0805,6202.0,2.4018,2.4018
2007-11-29,HO0805,2.4196,2.4492,2.405,2.4096,1228.0,,取暖油0805,6513.0,2.4096,2.4096
2007-11-30,HO0805,2.402,2.404,2.358,2.3605,1934.0,,取暖油0805,6790.0,2.3605,2.3605
2007-12-03,HO0805,2.3483,2.378,2.3325,2.3776,1233.0,,取暖油0805,6537.0,2.3776,2.3776
2007-12-04,HO0805,2.391,2.391,2.372,2.3858,1952.0,,取暖油0805,6500.0,2.3858,2.3858
2007-12-05,HO0805,2.415,2.4155,2.365,2.3723,1712.0,,取暖油0805,6460.0,2.3723,2.3723
2007-12-06,HO0805,2.3515,2.422,2.3502,2.422,1957.0,,取暖油0805,6666.0,2.422,2.422
2007-12-07,HO0805,2.3792,2.3902,2.365,2.3902,1389.0,,取暖油0805,6709.0,2.3902,2.3902
2007-12-10,HO0805,2.4095,2.4135,2.3655,2.3769,2875.0,,取暖油0805,6793.0,2.3769,2.3769
2007-12-11,HO0805,2.3756,2.4387,2.3755,2.4283,2379.0,,取暖油0805,7010.0,2.4283,2.4283
2007-12-12,HO0805,2.4279,2.5381,2.4279,2.5297,2747.0,,取暖油0805,7231.0,2.5297,2.5297
2007-12-13,HO0805,2.505,2.52,2.4921,2.4997,2451.0,,取暖油0805,7960.0,2.4997,2.4997
2007-12-14,HO0805,2.504,2.506,2.48,2.4819,1771.0,,取暖油0805,8982.0,2.4819,2.4819
2007-12-17,HO0805,2.4774,2.4831,2.46,2.4794,1662.0,,取暖油0805,9274.0,2.4794,2.4794
2007-12-18,HO0805,2.4809,2.5222,2.4309,2.4464,2454.0,,取暖油0805,9522.0,2.4464,2.4464
2007-12-19,HO0805,2.4667,2.5021,2.439,2.4774,1898.0,,取暖油0805,9760.0,2.4774,2.4774
2007-12-20,HO0805,2.4696,2.4925,2.4618,2.4649,1129.0,,取暖油0805,9719.0,2.4649,2.4649
2007-12-21,HO0805,2.4711,2.508,2.4697,2.4867,1452.0,,取暖油0805,9905.0,2.4867,2.4867
2007-12-24,HO0805,2.4614,2.5003,2.4591,2.4832,341.0,,取暖油0805,10022.0,2.4832,2.4832
2007-12-26,HO0805,2.5069,2.564,2.5069,2.5342,988.0,,取暖油0805,10082.0,2.5342,2.5342
2007-12-27,HO0805,2.5492,2.5801,2.5492,2.5663,1482.0,,取暖油0805,10114.0,2.5663,2.5663
2007-12-28,HO0805,2.5698,2.5856,2.5273,2.5273,804.0,,取暖油0805,10400.0,2.5273,2.5273
2007-12-31,HO0805,2.5441,2.5641,2.5271,2.5559,687.0,,取暖油0805,10533.0,2.5559,2.5559
2008-01-02,HO0805,2.6107,2.6445,2.605,2.6439,1500.0,,取暖油0805,10341.0,2.6439,2.6439
2008-01-03,HO0805,2.642,2.6472,2.6144,2.6271,1516.0,,取暖油0805,10402.0,2.6271,2.6271
2008-01-04,HO0805,2.628,2.628,2.5848,2.601,2462.0,,取暖油0805,10329.0,2.601,2.601
2008-01-07,HO0805,2.5908,2.605,2.5077,2.525,1685.0,,取暖油0805,10570.0,2.525,2.525
2008-01-08,HO0805,2.5666,2.588,2.556,2.5624,2536.0,,取暖油0805,10723.0,2.5624,2.5624
2008-01-09,HO0805,2.5636,2.586,2.529,2.5359,4901.0,,取暖油0805,10765.0,2.5359,2.5359
2008-01-10,HO0805,2.5112,2.5112,2.4771,2.4828,4706.0,,取暖油0805,11686.0,2.4828,2.4828
2008-01-11,HO0805,2.4884,2.489,2.4523,2.456,5549.0,,取暖油0805,11692.0,2.456,2.456
2008-01-14,HO0805,2.4903,2.5075,2.4823,2.504,1619.0,,取暖油0805,12112.0,2.504,2.504
2008-01-15,HO0805,2.4994,2.4994,2.4393,2.4615,2435.0,,取暖油0805,12099.0,2.4615,2.4615
2008-01-16,HO0805,2.4536,2.4536,2.3984,2.4344,2884.0,,取暖油0805,12012.0,2.4344,2.4344
2008-01-17,HO0805,2.445,2.4646,2.406,2.4187,3237.0,,取暖油0805,12109.0,2.4187,2.4187
2008-01-18,HO0805,2.4307,2.4432,2.413,2.4304,2286.0,,取暖油0805,12940.0,2.4304,2.4304
2008-01-22,HO0805,2.3989,2.4158,2.3492,2.4068,2692.0,,取暖油0805,12912.0,2.4068,2.4068
2008-01-23,HO0805,2.3868,2.3913,2.3527,2.3533,3131.0,,取暖油0805,13247.0,2.3533,2.3533
2008-01-24,HO0805,2.3756,2.4123,2.3602,2.4066,3266.0,,取暖油0805,13345.0,2.4066,2.4066
2008-01-25,HO0805,2.423,2.4579,2.42,2.4506,2399.0,,取暖油0805,13723.0,2.4506,2.4506
2008-01-28,HO0805,2.433,2.4705,2.4083,2.4638,3530.0,,取暖油0805,13553.0,2.4638,2.4638
2008-01-29,HO0805,2.4645,2.4855,2.4549,2.4793,3216.0,,取暖油0805,13453.0,2.4793,2.4793
2008-01-30,HO0805,2.4868,2.4949,2.465,2.4894,3815.0,,取暖油0805,13854.0,2.4894,2.4894
2008-01-31,HO0805,2.4688,2.4924,2.4244,2.4831,5024.0,,取暖油0805,14390.0,2.4831,2.4831
2008-02-01,HO0805,2.4746,2.492,2.405,2.4129,6199.0,,取暖油0805,14556.0,2.4129,2.4129
2008-02-04,HO0805,2.4221,2.4609,2.3995,2.4458,4861.0,,取暖油0805,15892.0,2.4458,2.4458
2008-02-05,HO0805,2.425,2.4265,2.3861,2.4095,6575.0,,取暖油0805,16380.0,2.4095,2.4095
2008-02-06,HO0805,2.4078,2.4252,2.3756,2.3843,8009.0,,取暖油0805,17083.0,2.3843,2.3843
2008-02-07,HO0805,2.3818,2.4261,2.3688,2.42,11240.0,,取暖油0805,18859.0,2.42,2.42
2008-02-08,HO0805,2.4259,2.5192,2.4259,2.5106,15857.0,,取暖油0805,21170.0,2.5106,2.5106
2008-02-11,HO0805,2.5222,2.5841,2.4939,2.5514,13448.0,,取暖油0805,24544.0,2.5514,2.5514
2008-02-12,HO0805,2.5635,2.571,2.5188,2.5391,13574.0,,取暖油0805,26954.0,2.5391,2.5391
2008-02-13,HO0805,2.54,2.5689,2.5233,2.5591,13495.0,,取暖油0805,29923.0,2.5591,2.5591
2008-02-14,HO0805,2.563,2.607,2.5593,2.6061,9672.0,,取暖油0805,31640.0,2.6061,2.6061
2008-02-15,HO0805,2.6045,2.6235,2.579,2.5969,12480.0,,取暖油0805,32834.0,2.5969,2.5969
2008-02-19,HO0805,2.616,2.7115,2.5967,2.7108,13145.0,,取暖油0805,33980.0,2.7108,2.7108
2008-02-20,HO0805,2.697,2.7209,2.6691,2.7056,11347.0,,取暖油0805,36603.0,2.7056,2.7056
2008-02-21,HO0805,2.7085,2.7183,2.6459,2.6823,13783.0,,取暖油0805,38493.0,2.6823,2.6823
2008-02-22,HO0805,2.6765,2.7106,2.6593,2.699,13627.0,,取暖油0805,39911.0,2.699,2.699
2008-02-25,HO0805,2.711,2.7239,2.68,2.7138,10644.0,,取暖油0805,40974.0,2.7138,2.7138
2008-02-26,HO0805,2.7125,2.7574,2.6909,2.7469,12541.0,,取暖油0805,43288.0,2.7469,2.7469
2008-02-27,HO0805,2.7481,2.7648,2.7063,2.7108,14946.0,,取暖油0805,45210.0,2.7108,2.7108
2008-02-28,HO0805,2.7133,2.7969,2.6905,2.7888,17200.0,,取暖油0805,45487.0,2.7888,2.7888
2008-02-29,HO0805,2.7965,2.7969,2.7658,2.7754,16805.0,,取暖油0805,47537.0,2.7754,2.7754
2008-03-03,HO0805,2.7659,2.8393,2.7659,2.8063,16284.0,,取暖油0805,48622.0,2.8063,2.8063
2008-03-04,HO0805,2.8005,2.8204,2.7327,2.7508,23751.0,,取暖油0805,48322.0,2.7508,2.7508
2008-03-05,HO0805,2.7634,2.8952,2.7507,2.8886,31230.0,,取暖油0805,47729.0,2.8886,2.8886
2008-03-06,HO0805,2.8896,2.9174,2.8451,2.9158,18248.0,,取暖油0805,50471.0,2.9158,2.9158
2008-03-07,HO0805,2.9043,2.9211,2.8551,2.885,20439.0,,取暖油0805,51782.0,2.885,2.885
2008-03-10,HO0805,2.8858,2.9158,2.8534,2.9069,20105.0,,取暖油0805,52944.0,2.9069,2.9069
2008-03-11,HO0805,2.9109,2.941,2.858,2.9322,20188.0,,取暖油0805,58414.0,2.9322,2.9322
2008-03-12,HO0805,2.923,2.9674,2.8913,2.9619,24058.0,,取暖油0805,60391.0,2.9619,2.9619
2008-03-13,HO0805,2.9608,3.0392,2.945,3.0358,37513.0,,取暖油0805,64751.0,3.0358,3.0358
2008-03-14,HO0805,3.034,3.1093,3.0169,3.04,29668.0,,取暖油0805,70579.0,3.04,3.04
2008-03-17,HO0805,3.0323,3.0874,2.908,2.9774,25243.0,,取暖油0805,70407.0,2.9774,2.9774
2008-03-18,HO0805,2.9907,3.08,2.97,3.0645,26999.0,,取暖油0805,72006.0,3.0645,3.0645
2008-03-19,HO0805,3.0465,3.0563,2.9261,2.9465,31297.0,,取暖油0805,73396.0,2.9465,2.9465
2008-03-20,HO0805,2.943,2.9635,2.8688,2.9064,28656.0,,取暖油0805,76869.0,2.9064,2.9064
2008-03-24,HO0805,2.895,2.9294,2.8606,2.8741,22784.0,,取暖油0805,78638.0,2.8741,2.8741
2008-03-25,HO0805,2.866,2.8968,2.7923,2.8401,39263.0,,取暖油0805,80446.0,2.8401,2.8401
2008-03-26,HO0805,2.8434,2.9598,2.8375,2.9458,32562.0,,取暖油0805,80619.0,2.9458,2.9458
2008-03-27,HO0805,2.9458,3.0556,2.9458,3.0375,42102.0,,取暖油0805,84718.0,3.0375,3.0375
2008-03-28,HO0805,3.03,3.0426,2.9775,2.9876,28876.0,,取暖油0805,86599.0,2.9876,2.9876
2008-03-31,HO0805,2.9876,3.0539,2.8935,2.9061,41940.0,,取暖油0805,84049.0,2.9061,2.9061
2008-04-01,HO0805,2.9,2.9275,2.8545,2.8797,38561.0,,取暖油0805,83181.0,2.8797,2.8797
2008-04-02,HO0805,2.8893,2.9632,2.8489,2.951,34698.0,,取暖油0805,82793.0,2.951,2.951
2008-04-03,HO0805,2.9468,2.9896,2.9142,2.9228,30736.0,,取暖油0805,80902.0,2.9228,2.9228
2008-04-04,HO0805,2.93,2.9969,2.93,2.9921,27875.0,,取暖油0805,78230.0,2.9921,2.9921
2008-04-07,HO0805,2.9939,3.102,2.986,3.0843,35328.0,,取暖油0805,75036.0,3.0843,3.0843
2008-04-08,HO0805,3.08,3.124,3.066,3.1102,41156.0,,取暖油0805,71469.0,3.1102,3.1102
2008-04-09,HO0805,3.1077,3.2561,3.0907,3.2345,50694.0,,取暖油0805,67415.0,3.2345,3.2345
2008-04-10,HO0805,3.225,3.3204,3.185,3.194,48758.0,,取暖油0805,60347.0,3.194,3.194
2008-04-11,HO0805,3.1902,3.2376,3.1557,3.1975,35832.0,,取暖油0805,54722.0,3.1975,3.1975
2008-04-14,HO0805,3.194,3.2171,3.1713,3.2029,25637.0,,取暖油0805,48056.0,3.2029,3.2029
2008-04-15,HO0805,3.2115,3.2812,3.209,3.2739,27864.0,,取暖油0805,45730.0,3.2739,3.2739
2008-04-16,HO0805,3.2735,3.31,3.2116,3.283,40449.0,,取暖油0805,42798.0,3.283,3.283
2008-04-17,HO0805,3.288,3.306,3.244,3.2674,24206.0,,取暖油0805,40850.0,3.2674,3.2674
2008-04-18,HO0805,3.268,3.302,3.2247,3.2923,23238.0,,取暖油0805,38653.0,3.2923,3.2923
2008-04-21,HO0805,3.2923,3.3309,3.2606,3.3114,19946.0,,取暖油0805,35597.0,3.3114,3.3114
2008-04-22,HO0805,3.3135,3.35,3.2806,3.3169,22099.0,,取暖油0805,32782.0,3.3169,3.3169
2008-04-23,HO0805,3.3282,3.3285,3.2785,3.325,16518.0,,取暖油0805,29052.0,3.325,3.325
2008-04-24,HO0805,3.3205,3.33,3.2374,3.2583,20074.0,,取暖油0805,27019.0,3.2583,3.2583
2008-04-25,HO0805,3.26,3.3297,3.2185,3.3028,16890.0,,取暖油0805,21614.0,3.3028,3.3028
2008-04-28,HO0805,3.31,3.3267,3.2753,3.2988,13854.0,,取暖油0805,16542.0,3.2988,3.2988
2008-04-29,HO0805,3.2945,3.297,3.239,3.2465,19067.0,,取暖油0805,11928.0,3.2465,3.2465
2008-04-30,HO0805,3.25,3.2854,3.1515,3.177,5855.0,,取暖油0805,6032.0,3.177,3.177
