date,symbol,open,high,low,close,volume,amount,name,openinterest,settleprice,price
2007-04-16,HO0812,0.0,0.0,0.0,2.0323,,,取暖油0812,,2.0323,2.0323
2007-04-17,HO0812,0.0,0.0,0.0,2.0066,,,取暖油0812,,2.0066,2.0066
2007-04-18,HO0812,0.0,0.0,0.0,2.0181,110.0,,取暖油0812,,2.0181,2.0181
2007-04-19,HO0812,0.0,0.0,0.0,2.0107,,,取暖油0812,65.0,2.0107,2.0107
2007-04-20,HO0812,0.0,0.0,0.0,2.025,,,取暖油0812,65.0,2.025,2.025
2007-04-23,HO0812,0.0,0.0,0.0,2.0685,,,取暖油0812,65.0,2.0685,2.0685
2007-04-24,HO0812,0.0,0.0,0.0,2.034,,,取暖油0812,65.0,2.034,2.034
2007-04-25,HO0812,0.0,0.0,0.0,2.0681,200.0,,取暖油0812,65.0,2.0681,2.0681
2007-04-26,HO0812,0.0,0.0,0.0,2.0453,,,取暖油0812,190.0,2.0453,2.0453
2007-04-27,HO0812,0.0,0.0,0.0,2.0687,,,取暖油0812,190.0,2.0687,2.0687
2007-04-30,HO0812,0.0,0.0,0.0,2.0533,,,取暖油0812,190.0,2.0533,2.0533
2007-05-01,HO0812,0.0,0.0,0.0,2.0579,300.0,,取暖油0812,190.0,2.0579,2.0579
2007-05-02,HO0812,0.0,0.0,0.0,2.0416,,,取暖油0812,290.0,2.0416,2.0416
2007-05-03,HO0812,0.0,0.0,0.0,2.0373,,,取暖油0812,290.0,2.0373,2.0373
2007-05-04,HO0812,0.0,0.0,0.0,2.0324,75.0,,取暖油0812,290.0,2.0324,2.0324
2007-05-07,HO0812,0.0,0.0,0.0,2.0125,,,取暖油0812,365.0,2.0125,2.0125
2007-05-08,HO0812,0.0,0.0,0.0,2.0254,,,取暖油0812,365.0,2.0254,2.0254
2007-05-09,HO0812,0.0,0.0,0.0,2.0163,,,取暖油0812,365.0,2.0163,2.0163
2007-05-10,HO0812,0.0,0.0,0.0,2.026,,,取暖油0812,365.0,2.026,2.026
2007-05-11,HO0812,0.0,0.0,0.0,2.0388,,,取暖油0812,365.0,2.0388,2.0388
2007-05-14,HO0812,0.0,0.0,0.0,2.0332,100.0,,取暖油0812,365.0,2.0332,2.0332
2007-05-15,HO0812,0.0,0.0,0.0,2.0562,,,取暖油0812,465.0,2.0562,2.0562
2007-05-16,HO0812,0.0,0.0,0.0,2.05,,,取暖油0812,465.0,2.05,2.05
2007-05-17,HO0812,0.0,0.0,0.0,2.0967,50.0,,取暖油0812,465.0,2.0967,2.0967
2007-05-18,HO0812,0.0,0.0,0.0,2.0827,,,取暖油0812,465.0,2.0827,2.0827
2007-05-21,HO0812,0.0,0.0,0.0,2.1007,200.0,,取暖油0812,465.0,2.1007,2.1007
2007-05-22,HO0812,0.0,0.0,0.0,2.0667,50.0,,取暖油0812,465.0,2.0667,2.0667
2007-05-23,HO0812,0.0,0.0,0.0,2.0836,,,取暖油0812,515.0,2.0836,2.0836
2007-05-24,HO0812,0.0,0.0,0.0,2.0785,,,取暖油0812,515.0,2.0785,2.0785
2007-05-25,HO0812,0.0,0.0,0.0,2.0946,,,取暖油0812,515.0,2.0946,2.0946
2007-05-29,HO0812,2.075,2.075,2.0471,2.0471,5.0,,取暖油0812,515.0,2.0471,2.0471
2007-05-30,HO0812,0.0,0.0,0.0,2.0563,,,取暖油0812,515.0,2.0563,2.0563
2007-05-31,HO0812,0.0,0.0,0.0,2.0581,50.0,,取暖油0812,515.0,2.0581,2.0581
2007-06-01,HO0812,0.0,0.0,0.0,2.0848,50.0,,取暖油0812,565.0,2.0848,2.0848
2007-06-04,HO0812,0.0,0.0,0.0,2.1006,,,取暖油0812,615.0,2.1006,2.1006
2007-06-05,HO0812,0.0,0.0,0.0,2.0914,45.0,,取暖油0812,615.0,2.0914,2.0914
2007-06-06,HO0812,0.0,0.0,0.0,2.0997,,,取暖油0812,635.0,2.0997,2.0997
2007-06-07,HO0812,0.0,0.0,0.0,2.1155,,,取暖油0812,635.0,2.1155,2.1155
2007-06-08,HO0812,2.065,2.065,2.0548,2.0548,52.0,,取暖油0812,635.0,2.0548,2.0548
2007-06-11,HO0812,0.0,0.0,0.0,2.0911,100.0,,取暖油0812,645.0,2.0911,2.0911
2007-06-12,HO0812,0.0,0.0,0.0,2.0784,,,取暖油0812,545.0,2.0784,2.0784
2007-06-13,HO0812,2.0885,2.094,2.0885,2.094,302.0,,取暖油0812,545.0,2.094,2.094
2007-06-14,HO0812,0.0,0.0,0.0,2.1166,5.0,,取暖油0812,750.0,2.1166,2.1166
2007-06-15,HO0812,0.0,0.0,0.0,2.1231,1.0,,取暖油0812,745.0,2.1231,2.1231
2007-06-18,HO0812,2.139,2.1442,2.139,2.1442,161.0,,取暖油0812,745.0,2.1442,2.1442
2007-06-19,HO0812,0.0,0.0,0.0,2.1392,5.0,,取暖油0812,891.0,2.1392,2.1392
2007-06-20,HO0812,0.0,0.0,0.0,2.1303,,,取暖油0812,896.0,2.1303,2.1303
2007-06-21,HO0812,2.115,2.115,2.1085,2.1085,371.0,,取暖油0812,896.0,2.1085,2.1085
2007-06-22,HO0812,2.1225,2.1225,2.1215,2.1215,1.0,,取暖油0812,1211.0,2.1215,2.1215
2007-06-25,HO0812,0.0,0.0,0.0,2.1244,,,取暖油0812,1212.0,2.1244,2.1244
2007-06-26,HO0812,2.09,2.09,2.0813,2.0813,2.0,,取暖油0812,1212.0,2.0813,2.0813
2007-06-27,HO0812,0.0,0.0,0.0,2.0981,,,取暖油0812,1212.0,2.0981,2.0981
2007-06-28,HO0812,0.0,0.0,0.0,2.0881,2.0,,取暖油0812,1212.0,2.0881,2.0881
2007-06-29,HO0812,0.0,0.0,0.0,2.0979,83.0,,取暖油0812,1213.0,2.0979,2.0979
2007-07-02,HO0812,0.0,0.0,0.0,2.1257,,,取暖油0812,1276.0,2.1257,2.1257
2007-07-03,HO0812,0.0,0.0,0.0,2.1322,,,取暖油0812,1276.0,2.1322,2.1322
2007-07-05,HO0812,0.0,0.0,0.0,2.1473,,,取暖油0812,1276.0,2.1473,2.1473
2007-07-06,HO0812,0.0,0.0,0.0,2.1523,,,取暖油0812,1276.0,2.1523,2.1523
2007-07-09,HO0812,0.0,0.0,0.0,2.1603,,,取暖油0812,1276.0,2.1603,2.1603
2007-07-10,HO0812,0.0,0.0,0.0,2.1803,,,取暖油0812,1276.0,2.1803,2.1803
2007-07-11,HO0812,2.17,2.17,2.1668,2.1668,24.0,,取暖油0812,1276.0,2.1668,2.1668
2007-07-12,HO0812,0.0,0.0,0.0,2.1637,63.0,,取暖油0812,1276.0,2.1637,2.1637
2007-07-13,HO0812,0.0,0.0,0.0,2.1671,,,取暖油0812,1226.0,2.1671,2.1671
2007-07-16,HO0812,0.0,0.0,0.0,2.1296,1.0,,取暖油0812,1226.0,2.1296,2.1296
2007-07-17,HO0812,0.0,0.0,0.0,2.1137,1.0,,取暖油0812,1226.0,2.1137,2.1137
2007-07-18,HO0812,2.13,2.1511,2.13,2.1511,28.0,,取暖油0812,1226.0,2.1511,2.1511
2007-07-19,HO0812,0.0,0.0,0.0,2.149,,,取暖油0812,1201.0,2.149,2.149
2007-07-20,HO0812,0.0,0.0,0.0,2.1417,195.0,,取暖油0812,1201.0,2.1417,2.1417
2007-07-23,HO0812,0.0,0.0,0.0,2.1219,111.0,,取暖油0812,1178.0,2.1219,2.1219
2007-07-24,HO0812,2.114,2.114,2.0975,2.0975,127.0,,取暖油0812,1217.0,2.0975,2.0975
2007-07-25,HO0812,0.0,0.0,0.0,2.1362,60.0,,取暖油0812,1143.0,2.1362,2.1362
2007-07-26,HO0812,0.0,0.0,0.0,2.1031,21.0,,取暖油0812,1168.0,2.1031,2.1031
2007-07-27,HO0812,2.115,2.1269,2.0996,2.1269,4.0,,取暖油0812,1168.0,2.1269,2.1269
2007-07-30,HO0812,0.0,0.0,0.0,2.1116,,,取暖油0812,1168.0,2.1116,2.1116
2007-07-31,HO0812,0.0,0.0,0.0,2.1367,,,取暖油0812,1168.0,2.1367,2.1367
2007-08-01,HO0812,0.0,0.0,0.0,2.1144,10.0,,取暖油0812,1168.0,2.1144,2.1144
2007-08-02,HO0812,2.125,2.1261,2.125,2.1261,102.0,,取暖油0812,1168.0,2.1261,2.1261
2007-08-03,HO0812,0.0,0.0,0.0,2.102,80.0,,取暖油0812,1200.0,2.102,2.102
2007-08-06,HO0812,0.0,0.0,0.0,2.0313,152.0,,取暖油0812,1255.0,2.0313,2.0313
2007-08-07,HO0812,0.0,0.0,0.0,2.0566,,,取暖油0812,1347.0,2.0566,2.0566
2007-08-08,HO0812,2.059,2.059,2.0473,2.0473,53.0,,取暖油0812,1347.0,2.0473,2.0473
2007-08-09,HO0812,2.0615,2.0615,2.0567,2.0567,6.0,,取暖油0812,1323.0,2.0567,2.0567
2007-08-10,HO0812,2.04,2.04,2.0347,2.0347,10.0,,取暖油0812,1323.0,2.0347,2.0347
2007-08-13,HO0812,2.068,2.068,2.0215,2.0215,2.0,,取暖油0812,1323.0,2.0215,2.0215
2007-08-14,HO0812,0.0,0.0,0.0,2.0308,,,取暖油0812,1324.0,2.0308,2.0308
2007-08-15,HO0812,0.0,0.0,0.0,2.0564,5.0,,取暖油0812,1324.0,2.0564,2.0564
2007-08-16,HO0812,0.0,0.0,0.0,2.0134,,,取暖油0812,1325.0,2.0134,2.0134
2007-08-17,HO0812,0.0,0.0,0.0,2.0395,,,取暖油0812,1325.0,2.0395,2.0395
2007-08-20,HO0812,0.0,0.0,0.0,2.0209,,,取暖油0812,1325.0,2.0209,2.0209
2007-08-21,HO0812,0.0,0.0,0.0,1.9925,25.0,,取暖油0812,1325.0,1.9925,1.9925
2007-08-22,HO0812,0.0,0.0,0.0,1.9929,,,取暖油0812,1350.0,1.9929,1.9929
2007-08-23,HO0812,0.0,0.0,0.0,2.0044,,,取暖油0812,1350.0,2.0044,2.0044
2007-08-24,HO0812,0.0,0.0,0.0,2.0313,,,取暖油0812,1350.0,2.0313,2.0313
2007-08-27,HO0812,0.0,0.0,0.0,2.0452,,,取暖油0812,1350.0,2.0452,2.0452
2007-08-28,HO0812,0.0,0.0,0.0,2.0253,,,取暖油0812,1350.0,2.0253,2.0253
2007-08-29,HO0812,0.0,0.0,0.0,2.0485,10.0,,取暖油0812,1350.0,2.0485,2.0485
2007-08-30,HO0812,0.0,0.0,0.0,2.0336,,,取暖油0812,1350.0,2.0336,2.0336
2007-08-31,HO0812,0.0,0.0,0.0,2.0439,,,取暖油0812,1350.0,2.0439,2.0439
2007-09-04,HO0812,0.0,0.0,0.0,2.0595,112.0,,取暖油0812,1345.0,2.0595,2.0595
2007-09-05,HO0812,0.0,0.0,0.0,2.0634,,,取暖油0812,1366.0,2.0634,2.0634
2007-09-06,HO0812,0.0,0.0,0.0,2.0843,10.0,,取暖油0812,1366.0,2.0843,2.0843
2007-09-07,HO0812,0.0,0.0,0.0,2.0892,,,取暖油0812,1371.0,2.0892,2.0892
2007-09-10,HO0812,0.0,0.0,0.0,2.1031,113.0,,取暖油0812,1371.0,2.1031,2.1031
2007-09-11,HO0812,0.0,0.0,0.0,2.1102,,,取暖油0812,1431.0,2.1102,2.1102
2007-09-12,HO0812,2.12,2.1451,2.12,2.1451,11.0,,取暖油0812,1431.0,2.1451,2.1451
2007-09-13,HO0812,0.0,0.0,0.0,2.137,280.0,,取暖油0812,1422.0,2.137,2.137
2007-09-14,HO0812,0.0,0.0,0.0,2.1248,,,取暖油0812,1497.0,2.1248,2.1248
2007-09-17,HO0812,2.147,2.1475,2.145,2.1462,42.0,,取暖油0812,1497.0,2.1462,2.1462
2007-09-18,HO0812,2.1475,2.1593,2.1475,2.1593,32.0,,取暖油0812,1512.0,2.1593,2.1593
2007-09-19,HO0812,0.0,0.0,0.0,2.1653,65.0,,取暖油0812,1539.0,2.1653,2.1653
2007-09-20,HO0812,0.0,0.0,0.0,2.1939,120.0,,取暖油0812,1576.0,2.1939,2.1939
2007-09-21,HO0812,0.0,0.0,0.0,2.2006,5.0,,取暖油0812,1552.0,2.2006,2.2006
2007-09-24,HO0812,0.0,0.0,0.0,2.1976,5.0,,取暖油0812,1552.0,2.1976,2.1976
2007-09-25,HO0812,0.0,0.0,0.0,2.1703,100.0,,取暖油0812,1552.0,2.1703,2.1703
2007-09-26,HO0812,0.0,0.0,0.0,2.1604,105.0,,取暖油0812,1552.0,2.1604,2.1604
2007-09-27,HO0812,0.0,0.0,0.0,2.2039,148.0,,取暖油0812,1552.0,2.2039,2.2039
2007-09-28,HO0812,0.0,0.0,0.0,2.1636,55.0,,取暖油0812,1688.0,2.1636,2.1636
2007-10-01,HO0812,2.162,2.162,2.1425,2.1457,130.0,,取暖油0812,1685.0,2.1457,2.1457
2007-10-02,HO0812,0.0,0.0,0.0,2.1403,93.0,,取暖油0812,1685.0,2.1403,2.1403
2007-10-03,HO0812,2.1375,2.1487,2.1375,2.1487,201.0,,取暖油0812,1635.0,2.1487,2.1487
2007-10-04,HO0812,2.1475,2.1928,2.1475,2.1928,85.0,,取暖油0812,1640.0,2.1928,2.1928
2007-10-05,HO0812,0.0,0.0,0.0,2.191,25.0,,取暖油0812,1649.0,2.191,2.191
2007-10-08,HO0812,2.155,2.155,2.1441,2.1441,50.0,,取暖油0812,1649.0,2.1441,2.1441
2007-10-09,HO0812,0.0,0.0,0.0,2.1623,140.0,,取暖油0812,1638.0,2.1623,2.1623
2007-10-10,HO0812,2.151,2.1867,2.151,2.1867,234.0,,取暖油0812,1583.0,2.1867,2.1867
2007-10-11,HO0812,2.1996,2.2155,2.1996,2.2068,323.0,,取暖油0812,1680.0,2.2068,2.2068
2007-10-12,HO0812,2.202,2.217,2.2008,2.2084,114.0,,取暖油0812,1699.0,2.2084,2.2084
2007-10-15,HO0812,0.0,0.0,0.0,2.2542,81.0,,取暖油0812,1748.0,2.2542,2.2542
2007-10-16,HO0812,0.0,0.0,0.0,2.2727,617.0,,取暖油0812,1773.0,2.2727,2.2727
2007-10-17,HO0812,2.2479,2.2504,2.2475,2.2504,705.0,,取暖油0812,2077.0,2.2504,2.2504
2007-10-18,HO0812,2.255,2.2803,2.255,2.2803,16.0,,取暖油0812,2075.0,2.2803,2.2803
2007-10-19,HO0812,2.2755,2.2755,2.2699,2.2699,1034.0,,取暖油0812,2077.0,2.2699,2.2699
2007-10-22,HO0812,2.2555,2.2555,2.255,2.2551,348.0,,取暖油0812,2920.0,2.2551,2.2551
2007-10-23,HO0812,2.255,2.2631,2.251,2.251,578.0,,取暖油0812,3064.0,2.251,2.251
2007-10-24,HO0812,2.2881,2.2928,2.2789,2.2928,959.0,,取暖油0812,3396.0,2.2928,2.2928
2007-10-25,HO0812,2.3087,2.3477,2.3086,2.3472,1628.0,,取暖油0812,3812.0,2.3472,2.3472
2007-10-26,HO0812,2.357,2.3685,2.3434,2.3685,1112.0,,取暖油0812,4016.0,2.3685,2.3685
2007-10-29,HO0812,2.3883,2.41,2.3878,2.4037,664.0,,取暖油0812,4549.0,2.4037,2.4037
2007-10-30,HO0812,2.3766,2.3971,2.3539,2.3598,583.0,,取暖油0812,4809.0,2.3598,2.3598
2007-10-31,HO0812,2.3727,2.4235,2.3701,2.4203,1285.0,,取暖油0812,4868.0,2.4203,2.4203
2007-11-01,HO0812,2.4022,2.4041,2.3793,2.4008,220.0,,取暖油0812,5050.0,2.4008,2.4008
2007-11-02,HO0812,2.422,2.4436,2.4044,2.4436,442.0,,取暖油0812,5158.0,2.4436,2.4436
2007-11-05,HO0812,2.43,2.4426,2.4079,2.4099,970.0,,取暖油0812,5300.0,2.4099,2.4099
2007-11-06,HO0812,2.411,2.4603,2.411,2.4523,719.0,,取暖油0812,5696.0,2.4523,2.4523
2007-11-07,HO0812,2.4546,2.5395,2.432,2.4735,1552.0,,取暖油0812,5969.0,2.4735,2.4735
2007-11-08,HO0812,2.4828,2.5425,2.4565,2.4643,1060.0,,取暖油0812,6493.0,2.4643,2.4643
2007-11-09,HO0812,2.463,2.4822,2.4532,2.4748,1010.0,,取暖油0812,7245.0,2.4748,2.4748
2007-11-12,HO0812,2.4374,2.4435,2.4308,2.4377,805.0,,取暖油0812,7641.0,2.4377,2.4377
2007-11-13,HO0812,2.391,2.391,2.3665,2.3678,1155.0,,取暖油0812,8030.0,2.3678,2.3678
2007-11-14,HO0812,2.392,2.4547,2.392,2.4236,195.0,,取暖油0812,8632.0,2.4236,2.4236
2007-11-15,HO0812,2.3794,2.4012,2.3794,2.4012,608.0,,取暖油0812,8663.0,2.4012,2.4012
2007-11-16,HO0812,2.4335,2.4335,2.418,2.4212,1254.0,,取暖油0812,8708.0,2.4212,2.4212
2007-11-19,HO0812,2.4485,2.4485,2.4275,2.4465,649.0,,取暖油0812,8634.0,2.4465,2.4465
2007-11-20,HO0812,2.4747,2.694,2.4717,2.5171,1293.0,,取暖油0812,8544.0,2.5171,2.5171
2007-11-21,HO0812,2.5139,2.523,2.4872,2.5062,690.0,,取暖油0812,8292.0,2.5062,2.5062
2007-11-23,HO0812,0.0,0.0,0.0,2.5217,91.0,,取暖油0812,8561.0,2.5217,2.5217
2007-11-26,HO0812,2.523,2.523,2.507,2.5194,677.0,,取暖油0812,8613.0,2.5194,2.5194
2007-11-27,HO0812,2.474,2.4835,2.4669,2.4669,365.0,,取暖油0812,8901.0,2.4669,2.4669
2007-11-28,HO0812,2.4335,2.7,2.4083,2.4113,650.0,,取暖油0812,9069.0,2.4113,2.4113
2007-11-29,HO0812,2.4498,2.4549,2.419,2.4246,955.0,,取暖油0812,9029.0,2.4246,2.4246
2007-11-30,HO0812,2.3978,2.4302,2.385,2.385,1217.0,,取暖油0812,8995.0,2.385,2.385
2007-12-03,HO0812,2.3735,2.5,2.3594,2.4081,2623.0,,取暖油0812,8800.0,2.4081,2.4081
2007-12-04,HO0812,2.4112,2.4215,2.4024,2.4213,1884.0,,取暖油0812,9156.0,2.4213,2.4213
2007-12-05,HO0812,2.44,2.4445,2.4078,2.4078,295.0,,取暖油0812,8724.0,2.4078,2.4078
2007-12-06,HO0812,2.4193,2.455,2.4139,2.455,272.0,,取暖油0812,8734.0,2.455,2.455
2007-12-07,HO0812,2.4085,2.4267,2.4004,2.4267,944.0,,取暖油0812,8852.0,2.4267,2.4267
2007-12-10,HO0812,2.4441,2.4483,2.406,2.4134,1169.0,,取暖油0812,8440.0,2.4134,2.4134
2007-12-11,HO0812,2.432,2.4593,2.432,2.4593,69.0,,取暖油0812,8466.0,2.4593,2.4593
2007-12-12,HO0812,2.4843,2.5508,2.4843,2.5477,408.0,,取暖油0812,8461.0,2.5477,2.5477
2007-12-13,HO0812,2.5267,2.531,2.5103,2.5162,502.0,,取暖油0812,8587.0,2.5162,2.5162
2007-12-14,HO0812,2.5119,2.5203,2.5009,2.5009,1494.0,,取暖油0812,8737.0,2.5009,2.5009
2007-12-17,HO0812,2.4995,2.509,2.4896,2.5074,764.0,,取暖油0812,8264.0,2.5074,2.5074
2007-12-18,HO0812,2.53,2.545,2.4669,2.4774,725.0,,取暖油0812,7673.0,2.4774,2.4774
2007-12-19,HO0812,2.4883,2.5269,2.4877,2.5059,537.0,,取暖油0812,7738.0,2.5059,2.5059
2007-12-20,HO0812,2.5022,2.519,2.4943,2.4964,270.0,,取暖油0812,7853.0,2.4964,2.4964
2007-12-21,HO0812,2.4965,2.5303,2.4965,2.5132,630.0,,取暖油0812,7767.0,2.5132,2.5132
2007-12-24,HO0812,2.5,2.5162,2.49,2.5162,22.0,,取暖油0812,7682.0,2.5162,2.5162
2007-12-26,HO0812,2.537,2.5725,2.537,2.5572,428.0,,取暖油0812,7686.0,2.5572,2.5572
2007-12-27,HO0812,2.5511,2.5893,2.5511,2.5773,1236.0,,取暖油0812,7762.0,2.5773,2.5773
2007-12-28,HO0812,2.59,2.5942,2.5408,2.5408,594.0,,取暖油0812,7786.0,2.5408,2.5408
2007-12-31,HO0812,0.0,0.0,0.0,2.5749,875.0,,取暖油0812,7807.0,2.5749,2.5749
2008-01-02,HO0812,2.6112,2.6566,2.6112,2.6554,1298.0,,取暖油0812,7636.0,2.6554,2.6554
2008-01-03,HO0812,2.655,2.6578,2.63,2.6436,1194.0,,取暖油0812,7572.0,2.6436,2.6436
2008-01-04,HO0812,2.6382,2.6382,2.6114,2.628,999.0,,取暖油0812,7755.0,2.628,2.628
2008-01-07,HO0812,2.6002,2.6075,2.5529,2.5635,1189.0,,取暖油0812,8343.0,2.5635,2.5635
2008-01-08,HO0812,2.584,2.6152,2.584,2.5929,1591.0,,取暖油0812,8371.0,2.5929,2.5929
2008-01-09,HO0812,2.5983,2.6055,2.5609,2.5609,2235.0,,取暖油0812,8250.0,2.5609,2.5609
2008-01-10,HO0812,2.55,2.55,2.5112,2.5158,2096.0,,取暖油0812,9103.0,2.5158,2.5158
2008-01-11,HO0812,2.5132,2.5133,2.4869,2.4915,1738.0,,取暖油0812,9695.0,2.4915,2.4915
2008-01-14,HO0812,2.5215,2.5367,2.5167,2.5355,775.0,,取暖油0812,9504.0,2.5355,2.5355
2008-01-15,HO0812,2.5015,2.5049,2.4835,2.499,778.0,,取暖油0812,9666.0,2.499,2.499
2008-01-16,HO0812,2.478,2.4841,2.4403,2.4784,2574.0,,取暖油0812,9511.0,2.4784,2.4784
2008-01-17,HO0812,2.5018,2.503,2.455,2.4632,963.0,,取暖油0812,8940.0,2.4632,2.4632
2008-01-18,HO0812,2.4843,2.4904,2.4615,2.4744,548.0,,取暖油0812,8926.0,2.4744,2.4744
2008-01-22,HO0812,2.444,2.4645,2.4085,2.4558,1018.0,,取暖油0812,9104.0,2.4558,2.4558
2008-01-23,HO0812,2.4209,2.4388,2.404,2.4048,819.0,,取暖油0812,9370.0,2.4048,2.4048
2008-01-24,HO0812,2.43,2.467,2.412,2.4561,782.0,,取暖油0812,9432.0,2.4561,2.4561
2008-01-25,HO0812,2.4886,2.509,2.4805,2.5046,651.0,,取暖油0812,9413.0,2.5046,2.5046
2008-01-28,HO0812,2.4736,2.5275,2.4668,2.5198,1514.0,,取暖油0812,9453.0,2.5198,2.5198
2008-01-29,HO0812,2.518,2.5309,2.5075,2.5303,1920.0,,取暖油0812,9531.0,2.5303,2.5303
2008-01-30,HO0812,2.5375,2.5395,2.5159,2.5384,570.0,,取暖油0812,9908.0,2.5384,2.5384
2008-01-31,HO0812,2.5005,2.5445,2.4824,2.5371,1425.0,,取暖油0812,9857.0,2.5371,2.5371
2008-02-01,HO0812,2.537,2.537,2.4697,2.4764,1010.0,,取暖油0812,10207.0,2.4764,2.4764
2008-02-04,HO0812,2.4801,2.5162,2.4735,2.5043,590.0,,取暖油0812,10164.0,2.5043,2.5043
2008-02-05,HO0812,2.4795,2.4795,2.4509,2.4705,1021.0,,取暖油0812,10170.0,2.4705,2.4705
2008-02-06,HO0812,2.4755,2.4786,2.4393,2.4468,1313.0,,取暖油0812,10386.0,2.4468,2.4468
2008-02-07,HO0812,2.4415,2.4755,2.4335,2.4755,1775.0,,取暖油0812,10933.0,2.4755,2.4755
2008-02-08,HO0812,2.4902,2.5579,2.4884,2.5541,2787.0,,取暖油0812,12139.0,2.5541,2.5541
2008-02-11,HO0812,2.5537,2.6099,2.5354,2.5899,2574.0,,取暖油0812,12695.0,2.5899,2.5899
2008-02-12,HO0812,2.5666,2.6041,2.5642,2.5776,1401.0,,取暖油0812,13127.0,2.5776,2.5776
2008-02-13,HO0812,2.5661,2.6012,2.5659,2.5946,1396.0,,取暖油0812,13759.0,2.5946,2.5946
2008-02-14,HO0812,2.6021,2.6366,2.6005,2.6366,1381.0,,取暖油0812,13984.0,2.6366,2.6366
2008-02-15,HO0812,2.6305,2.6516,2.6119,2.6289,2520.0,,取暖油0812,14069.0,2.6289,2.6289
2008-02-19,HO0812,2.6395,2.7278,2.6375,2.7278,3196.0,,取暖油0812,15128.0,2.7278,2.7278
2008-02-20,HO0812,2.6915,2.742,2.6886,2.7241,2152.0,,取暖油0812,16592.0,2.7241,2.7241
2008-02-21,HO0812,2.7241,2.7325,2.6655,2.6988,1830.0,,取暖油0812,17033.0,2.6988,2.6988
2008-02-22,HO0812,2.7093,2.7136,2.678,2.7075,1609.0,,取暖油0812,17398.0,2.7075,2.7075
2008-02-25,HO0812,2.7077,2.7298,2.6996,2.7228,1279.0,,取暖油0812,17927.0,2.7228,2.7228
2008-02-26,HO0812,2.7189,2.7609,2.7094,2.7609,1281.0,,取暖油0812,17854.0,2.7609,2.7609
2008-02-27,HO0812,2.7605,2.763,2.7277,2.7343,1139.0,,取暖油0812,17868.0,2.7343,2.7343
2008-02-28,HO0812,2.7646,2.8125,2.7571,2.8068,2636.0,,取暖油0812,18369.0,2.8068,2.8068
2008-02-29,HO0812,2.8141,2.8141,2.7759,2.7969,2908.0,,取暖油0812,18915.0,2.7969,2.7969
2008-03-03,HO0812,2.7877,2.8513,2.7873,2.8223,3683.0,,取暖油0812,19589.0,2.8223,2.8223
2008-03-04,HO0812,2.8253,2.8292,2.7427,2.7558,3032.0,,取暖油0812,20758.0,2.7558,2.7558
2008-03-05,HO0812,2.7789,2.8727,2.7789,2.8711,6355.0,,取暖油0812,21755.0,2.8711,2.8711
2008-03-06,HO0812,2.8515,2.8958,2.8314,2.8958,3113.0,,取暖油0812,21535.0,2.8958,2.8958
2008-03-07,HO0812,2.8735,2.892,2.8465,2.866,2527.0,,取暖油0812,21492.0,2.866,2.866
2008-03-10,HO0812,2.8296,2.8783,2.825,2.8734,5292.0,,取暖油0812,21844.0,2.8734,2.8734
2008-03-11,HO0812,2.8888,2.907,2.8443,2.9067,2900.0,,取暖油0812,20949.0,2.9067,2.9067
2008-03-12,HO0812,2.9113,2.9464,2.8856,2.9464,4031.0,,取暖油0812,20292.0,2.9464,2.9464
2008-03-13,HO0812,2.9438,2.9943,2.9373,2.9938,4283.0,,取暖油0812,20596.0,2.9938,2.9938
2008-03-14,HO0812,2.9825,3.0348,2.9776,2.988,4375.0,,取暖油0812,20467.0,2.988,2.988
2008-03-17,HO0812,2.9525,2.9741,2.87,2.9364,5201.0,,取暖油0812,20780.0,2.9364,2.9364
2008-03-18,HO0812,2.979,3.0461,2.979,3.043,3320.0,,取暖油0812,21696.0,3.043,3.043
2008-03-19,HO0812,2.9775,3.0031,2.915,2.9335,3157.0,,取暖油0812,21826.0,2.9335,2.9335
2008-03-20,HO0812,2.937,2.9451,2.865,2.9044,3186.0,,取暖油0812,21817.0,2.9044,2.9044
2008-03-24,HO0812,2.901,2.9053,2.8608,2.8691,1114.0,,取暖油0812,21084.0,2.8691,2.8691
2008-03-25,HO0812,2.8769,2.8769,2.8259,2.8626,4154.0,,取暖油0812,21152.0,2.8626,2.8626
2008-03-26,HO0812,2.8808,2.9664,2.8784,2.9558,2798.0,,取暖油0812,21348.0,2.9558,2.9558
2008-03-27,HO0812,2.9735,3.024,2.9505,3.013,4165.0,,取暖油0812,22227.0,3.013,3.013
2008-03-28,HO0812,2.9911,2.9911,2.972,2.9726,1645.0,,取暖油0812,21818.0,2.9726,2.9726
2008-03-31,HO0812,2.9648,3.0254,2.89,2.9051,1937.0,,取暖油0812,21652.0,2.9051,2.9051
2008-04-01,HO0812,2.9025,2.9235,2.8702,2.8902,2905.0,,取暖油0812,21717.0,2.8902,2.8902
2008-04-02,HO0812,2.8921,2.971,2.8658,2.966,3150.0,,取暖油0812,22335.0,2.966,2.966
2008-04-03,HO0812,2.953,2.9913,2.9358,2.9383,2871.0,,取暖油0812,22220.0,2.9383,2.9383
2008-04-04,HO0812,2.9587,3.0001,2.954,2.9981,2192.0,,取暖油0812,22046.0,2.9981,2.9981
2008-04-07,HO0812,3.044,3.09,3.0364,3.0768,5300.0,,取暖油0812,22017.0,3.0768,3.0768
2008-04-08,HO0812,3.072,3.1003,3.0629,3.0912,5463.0,,取暖油0812,20857.0,3.0912,3.0912
2008-04-09,HO0812,3.0875,3.186,3.0735,3.177,6178.0,,取暖油0812,20304.0,3.177,3.177
2008-04-10,HO0812,3.1935,3.2195,3.1489,3.158,8355.0,,取暖油0812,21226.0,3.158,3.158
2008-04-11,HO0812,3.2028,3.2028,3.1402,3.1815,3814.0,,取暖油0812,20959.0,3.1815,3.1815
2008-04-14,HO0812,3.1887,3.196,3.1661,3.1899,2240.0,,取暖油0812,20904.0,3.1899,3.1899
2008-04-15,HO0812,3.1964,3.2654,3.1964,3.2589,3400.0,,取暖油0812,20918.0,3.2589,3.2589
2008-04-16,HO0812,3.2592,3.2969,3.2149,3.273,3012.0,,取暖油0812,21891.0,3.273,3.273
2008-04-17,HO0812,3.272,3.2734,3.2422,3.2664,2265.0,,取暖油0812,21840.0,3.2664,3.2664
2008-04-18,HO0812,3.2512,3.3025,3.2316,3.2993,2646.0,,取暖油0812,22706.0,3.2993,3.2993
2008-04-21,HO0812,3.3267,3.329,3.2855,3.3269,2375.0,,取暖油0812,22385.0,3.3269,3.3269
2008-04-22,HO0812,3.3232,3.364,3.2841,3.3432,3499.0,,取暖油0812,22274.0,3.3432,3.3432
2008-04-23,HO0812,3.3485,3.36,3.2992,3.3572,2903.0,,取暖油0812,22001.0,3.3572,3.3572
2008-04-24,HO0812,3.3495,3.3495,3.2719,3.2976,3705.0,,取暖油0812,21694.0,3.2976,3.2976
2008-04-25,HO0812,3.2965,3.3624,3.2965,3.3353,3347.0,,取暖油0812,21852.0,3.3353,3.3353
2008-04-28,HO0812,3.3377,3.3533,3.3107,3.3291,3031.0,,取暖油0812,21969.0,3.3291,3.3291
2008-04-29,HO0812,3.3151,3.3181,3.2692,3.2796,4737.0,,取暖油0812,22630.0,3.2796,3.2796
2008-04-30,HO0812,3.2886,3.3187,3.2206,3.222,8101.0,,取暖油0812,22622.0,3.222,3.222
2008-05-01,HO0812,3.2424,3.2525,3.1409,3.1887,5862.0,,取暖油0812,22015.0,3.1887,3.1887
2008-05-02,HO0812,3.185,3.2887,3.185,3.2887,2620.0,,取暖油0812,22238.0,3.2887,3.2887
2008-05-05,HO0812,3.2945,3.3929,3.2785,3.3775,2896.0,,取暖油0812,22409.0,3.3775,3.3775
2008-05-06,HO0812,3.375,3.436,3.3748,3.4255,2855.0,,取暖油0812,22483.0,3.4255,3.4255
2008-05-07,HO0812,3.4375,3.5264,3.4151,3.5185,4319.0,,取暖油0812,22780.0,3.5185,3.5185
2008-05-08,HO0812,3.5323,3.5912,3.4991,3.5763,6514.0,,取暖油0812,22914.0,3.5763,3.5763
2008-05-09,HO0812,3.5895,3.708,3.5895,3.7,7248.0,,取暖油0812,23261.0,3.7,3.7
2008-05-12,HO0812,3.68,3.701,3.6245,3.6313,5541.0,,取暖油0812,24240.0,3.6313,3.6313
2008-05-13,HO0812,3.6368,3.7785,3.6282,3.7659,5328.0,,取暖油0812,24214.0,3.7659,3.7659
2008-05-14,HO0812,3.7711,3.7821,3.6789,3.6789,7026.0,,取暖油0812,24321.0,3.6789,3.6789
2008-05-15,HO0812,3.695,3.7485,3.62,3.6804,4200.0,,取暖油0812,24477.0,3.6804,3.6804
2008-05-16,HO0812,3.6963,3.7663,3.6963,3.7578,3952.0,,取暖油0812,24139.0,3.7578,3.7578
2008-05-19,HO0812,3.7478,3.779,3.729,3.7466,3551.0,,取暖油0812,24272.0,3.7466,3.7466
2008-05-20,HO0812,3.7556,3.8682,3.748,3.8646,6914.0,,取暖油0812,23563.0,3.8646,3.8646
2008-05-21,HO0812,3.8749,4.0266,3.8749,4.0133,6367.0,,取暖油0812,22949.0,4.0133,4.0133
2008-05-22,HO0812,4.0745,4.1263,4.03,4.0714,10856.0,,取暖油0812,22289.0,4.0714,4.0714
2008-05-23,HO0812,4.0874,4.1112,3.9624,3.9759,10677.0,,取暖油0812,22035.0,3.9759,3.9759
2008-05-27,HO0812,4.0456,4.067,3.9083,3.9209,6653.0,,取暖油0812,21472.0,3.9209,3.9209
2008-05-28,HO0812,3.8776,3.9665,3.8747,3.9425,4144.0,,取暖油0812,20440.0,3.9425,3.9425
2008-05-29,HO0812,3.9275,3.9782,3.7795,3.8145,5500.0,,取暖油0812,20404.0,3.8145,3.8145
2008-05-30,HO0812,3.8145,3.8393,3.7556,3.7807,4494.0,,取暖油0812,20110.0,3.7807,3.7807
2008-06-02,HO0812,3.7725,3.8656,3.7366,3.8285,3946.0,,取暖油0812,20940.0,3.8285,3.8285
2008-06-03,HO0812,3.8444,3.8445,3.745,3.7526,4579.0,,取暖油0812,21169.0,3.7526,3.7526
2008-06-04,HO0812,3.753,3.753,3.6587,3.6613,6023.0,,取暖油0812,21990.0,3.6613,3.6613
2008-06-05,HO0812,3.6794,3.7875,3.67,3.7863,3773.0,,取暖油0812,22606.0,3.7863,3.7863
2008-06-06,HO0812,3.859,4.0759,3.8524,4.068,6206.0,,取暖油0812,23248.0,4.068,4.068
2008-06-09,HO0812,4.04,4.0519,3.9746,3.983,3203.0,,取暖油0812,23120.0,3.983,3.983
2008-06-10,HO0812,3.999,4.074,3.917,3.9249,4067.0,,取暖油0812,23057.0,3.9249,3.9249
2008-06-11,HO0812,3.945,4.1188,3.945,4.0858,4440.0,,取暖油0812,23355.0,4.0858,4.0858
2008-06-12,HO0812,4.0614,4.0893,3.955,4.0567,4584.0,,取暖油0812,23383.0,4.0567,4.0567
2008-06-13,HO0812,4.0626,4.0626,3.9588,3.9618,3703.0,,取暖油0812,23531.0,3.9618,3.9618
2008-06-16,HO0812,4.0275,4.072,3.95,3.9599,4588.0,,取暖油0812,24142.0,3.9599,3.9599
2008-06-17,HO0812,3.9762,3.9818,3.9003,3.9542,5812.0,,取暖油0812,23808.0,3.9542,3.9542
2008-06-18,HO0812,3.9562,3.9925,3.8735,3.992,3985.0,,取暖油0812,23505.0,3.992,3.992
2008-06-19,HO0812,3.985,4.0187,3.8508,3.855,3437.0,,取暖油0812,23287.0,3.855,3.855
2008-06-20,HO0812,3.869,3.9798,3.869,3.9122,3703.0,,取暖油0812,23169.0,3.9122,3.9122
2008-06-23,HO0812,3.9273,3.9992,3.8923,3.9381,2559.0,,取暖油0812,23320.0,3.9381,3.9381
2008-06-24,HO0812,3.9778,3.99,3.9344,3.9586,4033.0,,取暖油0812,23242.0,3.9586,3.9586
2008-06-25,HO0812,3.96,3.9737,3.8345,3.8976,7364.0,,取暖油0812,23181.0,3.8976,3.8976
2008-06-26,HO0812,3.9096,4.0741,3.9096,4.03,7805.0,,取暖油0812,24396.0,4.03,4.03
2008-06-27,HO0812,4.0689,4.1275,4.028,4.0561,4464.0,,取暖油0812,24974.0,4.0561,4.0561
2008-06-30,HO0812,4.1383,4.1461,4.033,4.0445,5078.0,,取暖油0812,25120.0,4.0445,4.0445
2008-07-01,HO0812,4.0932,4.1363,4.0643,4.088,4504.0,,取暖油0812,24083.0,4.088,4.088
2008-07-02,HO0812,4.109,4.22,4.0674,4.209,6586.0,,取暖油0812,24163.0,4.209,4.209
2008-07-03,HO0812,4.2605,4.2647,4.2093,4.243,2875.0,,取暖油0812,24864.0,4.243,4.243
2008-07-07,HO0812,4.1978,4.208,4.0716,4.1116,3810.0,,取暖油0812,24970.0,4.1116,4.1116
2008-07-08,HO0812,4.1275,4.1275,3.95,3.9703,5920.0,,取暖油0812,24898.0,3.9703,3.9703
2008-07-09,HO0812,4.0374,4.0526,3.9752,4.0006,4112.0,,取暖油0812,23941.0,4.0006,4.0006
2008-07-10,HO0812,4.0068,4.182,4.0004,4.1714,7475.0,,取暖油0812,23635.0,4.1714,4.1714
2008-07-11,HO0812,4.244,4.2935,4.1929,4.2141,4013.0,,取暖油0812,23139.0,4.2141,4.2141
2008-07-14,HO0812,4.2044,4.2526,4.186,4.2044,2164.0,,取暖油0812,22730.0,4.2044,4.2044
2008-07-15,HO0812,4.2415,4.2434,3.99,4.0562,8056.0,,取暖油0812,22654.0,4.0562,4.0562
2008-07-16,HO0812,4.0607,4.0719,3.9,3.981,4557.0,,取暖油0812,21990.0,3.981,3.981
2008-07-17,HO0812,3.9692,4.042,3.8707,3.8813,5426.0,,取暖油0812,21969.0,3.8813,3.8813
2008-07-18,HO0812,3.916,3.9207,3.828,3.8305,3972.0,,取暖油0812,21845.0,3.8305,3.8305
2008-07-21,HO0812,3.8771,3.905,3.836,3.8864,3002.0,,取暖油0812,21084.0,3.8864,3.8864
2008-07-22,HO0812,3.915,3.915,3.78,3.8083,4434.0,,取暖油0812,21247.0,3.8083,3.8083
2008-07-23,HO0812,3.8025,3.8025,3.6752,3.6835,6953.0,,取暖油0812,21093.0,3.6835,3.6835
2008-07-24,HO0812,3.6775,3.7302,3.6752,3.6986,5625.0,,取暖油0812,21031.0,3.6986,3.6986
2008-07-25,HO0812,3.71,3.7194,3.6459,3.6519,4231.0,,取暖油0812,20514.0,3.6519,3.6519
2008-07-28,HO0812,3.6924,3.6958,3.6521,3.6885,2931.0,,取暖油0812,20457.0,3.6885,3.6885
2008-07-29,HO0812,3.6925,3.709,3.5779,3.6015,6315.0,,取暖油0812,20330.0,3.6015,3.6015
2008-07-30,HO0812,3.6003,3.6714,3.5617,3.6488,8866.0,,取暖油0812,20531.0,3.6488,3.6488
2008-07-31,HO0812,3.639,3.6618,3.54,3.5658,4634.0,,取暖油0812,20620.0,3.5658,3.5658
2008-08-01,HO0812,3.55,3.641,3.5131,3.5458,5908.0,,取暖油0812,20215.0,3.5458,3.5458
2008-08-04,HO0812,3.5612,3.5706,3.425,3.4576,4093.0,,取暖油0812,20574.0,3.4576,3.4576
2008-08-05,HO0812,3.405,3.4559,3.3728,3.3815,8355.0,,取暖油0812,20901.0,3.3815,3.3815
2008-08-06,HO0812,3.37,3.406,3.3134,3.3409,8052.0,,取暖油0812,21322.0,3.3409,3.3409
2008-08-07,HO0812,3.3767,3.396,3.3072,3.3386,5515.0,,取暖油0812,21246.0,3.3386,3.3386
2008-08-08,HO0812,3.305,3.305,3.2296,3.236,7059.0,,取暖油0812,21368.0,3.236,3.236
2008-08-11,HO0812,3.275,3.2789,3.193,3.2275,5298.0,,取暖油0812,21145.0,3.2275,3.2275
2008-08-12,HO0812,3.2275,3.2749,3.1803,3.1836,4988.0,,取暖油0812,21523.0,3.1836,3.1836
2008-08-13,HO0812,3.177,3.2778,3.177,3.2327,8071.0,,取暖油0812,21705.0,3.2327,3.2327
2008-08-14,HO0812,3.2327,3.2344,3.1596,3.2006,6755.0,,取暖油0812,21469.0,3.2006,3.2006
2008-08-15,HO0812,3.1663,3.2209,3.1253,3.2151,5507.0,,取暖油0812,21712.0,3.2151,3.2151
2008-08-18,HO0812,3.1865,3.2344,3.1599,3.1798,5731.0,,取暖油0812,22151.0,3.1798,3.1798
2008-08-19,HO0812,3.1612,3.286,3.1609,3.2122,5669.0,,取暖油0812,21799.0,3.2122,3.2122
2008-08-20,HO0812,3.2316,3.274,3.1677,3.2513,6683.0,,取暖油0812,21929.0,3.2513,3.2513
2008-08-21,HO0812,3.2998,3.4265,3.2998,3.3869,7509.0,,取暖油0812,21313.0,3.3869,3.3869
2008-08-22,HO0812,3.365,3.365,3.2172,3.2243,8098.0,,取暖油0812,21884.0,3.2243,3.2243
2008-08-25,HO0812,3.2297,3.2717,3.2052,3.243,6122.0,,取暖油0812,22265.0,3.243,3.243
2008-08-26,HO0812,3.263,3.3426,3.1983,3.2884,7195.0,,取暖油0812,22792.0,3.2884,3.2884
2008-08-27,HO0812,3.285,3.3831,3.285,3.3295,9153.0,,取暖油0812,23325.0,3.3295,3.3295
2008-08-28,HO0812,3.3314,3.401,3.2209,3.2581,10607.0,,取暖油0812,23493.0,3.2581,3.2581
2008-08-29,HO0812,3.27,3.3699,3.2423,3.2479,5714.0,,取暖油0812,24966.0,3.2479,3.2479
2008-09-02,HO0812,3.1415,3.1592,3.0177,3.1316,13170.0,,取暖油0812,24483.0,3.1316,3.1316
2008-09-03,HO0812,3.1512,3.1512,3.077,3.1288,7990.0,,取暖油0812,25925.0,3.1288,3.1288
2008-09-04,HO0812,3.1271,3.1421,3.055,3.0752,7934.0,,取暖油0812,24909.0,3.0752,3.0752
2008-09-05,HO0812,3.0498,3.0675,2.9888,3.0333,8237.0,,取暖油0812,24390.0,3.0333,3.0333
2008-09-08,HO0812,3.0512,3.2009,3.0077,3.0541,9960.0,,取暖油0812,24807.0,3.0541,3.0541
2008-09-09,HO0812,3.0571,3.0571,2.9331,2.9667,8289.0,,取暖油0812,25377.0,2.9667,2.9667
2008-09-10,HO0812,2.9736,2.9965,2.9091,2.9404,5663.0,,取暖油0812,24298.0,2.9404,2.9404
2008-09-11,HO0812,2.966,3.0048,2.9074,2.945,12115.0,,取暖油0812,23973.0,2.945,2.945
2008-09-12,HO0812,2.945,3.0021,2.9399,2.9661,11510.0,,取暖油0812,24891.0,2.9661,2.9661
2008-09-15,HO0812,2.9661,2.9661,2.76,2.8237,12368.0,,取暖油0812,25010.0,2.8237,2.8237
2008-09-16,HO0812,2.78,2.8,2.7023,2.7482,11386.0,,取暖油0812,25847.0,2.7482,2.7482
2008-09-17,HO0812,2.751,2.8647,2.71,2.8547,12350.0,,取暖油0812,25119.0,2.8547,2.8547
2008-09-18,HO0812,2.846,2.954,2.7874,2.8224,12371.0,,取暖油0812,24508.0,2.8224,2.8224
2008-09-19,HO0812,2.8249,2.9416,2.8196,2.9363,7722.0,,取暖油0812,25099.0,2.9363,2.9363
2008-09-22,HO0812,2.915,3.102,2.909,3.0804,9521.0,,取暖油0812,25210.0,3.0804,3.0804
2008-09-23,HO0812,3.065,3.0846,2.9748,3.0277,12523.0,,取暖油0812,25351.0,3.0277,3.0277
2008-09-24,HO0812,3.0325,3.1207,3.0088,3.0415,10425.0,,取暖油0812,26270.0,3.0415,3.0415
2008-09-25,HO0812,3.0415,3.0947,2.983,3.0678,10095.0,,取暖油0812,26451.0,3.0678,3.0678
2008-09-26,HO0812,3.07,3.0708,2.9809,3.0394,9415.0,,取暖油0812,26610.0,3.0394,3.0394
2008-09-29,HO0812,3.0394,3.0394,2.7845,2.815,15395.0,,取暖油0812,25794.0,2.815,2.815
2008-09-30,HO0812,2.8055,2.9626,2.762,2.9212,9208.0,,取暖油0812,27100.0,2.9212,2.9212
2008-10-01,HO0812,2.9355,2.9675,2.8179,2.8704,10447.0,,取暖油0812,27337.0,2.8704,2.8704
2008-10-02,HO0812,2.8747,2.8767,2.7296,2.736,12404.0,,取暖油0812,27231.0,2.736,2.736
2008-10-03,HO0812,2.743,2.7573,2.6565,2.689,13881.0,,取暖油0812,27155.0,2.689,2.689
2008-10-06,HO0812,2.6509,2.6518,2.4975,2.5025,18777.0,,取暖油0812,27957.0,2.5025,2.5025
2008-10-07,HO0812,2.5237,2.5929,2.4957,2.5347,19741.0,,取暖油0812,29579.0,2.5347,2.5347
2008-10-08,HO0812,2.526,2.5423,2.4267,2.5245,21373.0,,取暖油0812,31559.0,2.5245,2.5245
2008-10-09,HO0812,2.5098,2.5243,2.3905,2.4506,19248.0,,取暖油0812,34639.0,2.4506,2.4506
2008-10-10,HO0812,2.4516,2.4516,2.2184,2.2435,23612.0,,取暖油0812,38095.0,2.2435,2.2435
2008-10-13,HO0812,2.295,2.3877,2.295,2.3695,17017.0,,取暖油0812,43397.0,2.3695,2.3695
2008-10-14,HO0812,2.3809,2.447,2.2834,2.2882,15225.0,,取暖油0812,45428.0,2.2882,2.2882
2008-10-15,HO0812,2.3135,2.3177,2.1985,2.217,13344.0,,取暖油0812,46618.0,2.217,2.217
2008-10-16,HO0812,2.201,2.2131,2.0748,2.1108,17607.0,,取暖油0812,47859.0,2.1108,2.1108
2008-10-17,HO0812,2.1857,2.215,2.1095,2.1569,13859.0,,取暖油0812,49439.0,2.1569,2.1569
2008-10-20,HO0812,2.157,2.2905,2.157,2.2299,17789.0,,取暖油0812,51146.0,2.2299,2.2299
2008-10-21,HO0812,2.262,2.275,2.147,2.1975,20986.0,,取暖油0812,51476.0,2.1975,2.1975
2008-10-22,HO0812,2.19,2.19,2.0467,2.0562,31581.0,,取暖油0812,53529.0,2.0562,2.0562
2008-10-23,HO0812,2.05,2.11,2.042,2.0557,28910.0,,取暖油0812,53974.0,2.0557,2.0557
2008-10-24,HO0812,2.0965,2.0965,1.9341,1.9701,28695.0,,取暖油0812,54641.0,1.9701,1.9701
2008-10-27,HO0812,1.985,2.0139,1.9128,1.9383,27819.0,,取暖油0812,55483.0,1.9383,1.9383
2008-10-28,HO0812,1.925,1.9965,1.9089,1.9335,32494.0,,取暖油0812,56253.0,1.9335,1.9335
2008-10-29,HO0812,1.98,2.0731,1.9555,2.0251,38290.0,,取暖油0812,57065.0,2.0251,2.0251
2008-10-30,HO0812,2.0402,2.0803,1.9486,1.9996,40025.0,,取暖油0812,58178.0,1.9996,1.9996
2008-10-31,HO0812,1.9943,2.1074,1.9396,2.0842,39913.0,,取暖油0812,59205.0,2.0842,2.0842
2008-11-03,HO0812,2.0842,2.1059,1.9772,1.9828,27120.0,,取暖油0812,57235.0,1.9828,1.9828
2008-11-04,HO0812,1.9845,2.2113,1.943,2.1616,39584.0,,取暖油0812,56106.0,2.1616,2.1616
2008-11-05,HO0812,2.1448,2.15,2.0266,2.0547,30060.0,,取暖油0812,52540.0,2.0547,2.0547
2008-11-06,HO0812,2.05,2.0594,1.9355,1.9424,36093.0,,取暖油0812,51859.0,1.9424,1.9424
2008-11-07,HO0812,1.949,2.0041,1.9367,1.9784,33890.0,,取暖油0812,50798.0,1.9784,1.9784
2008-11-10,HO0812,1.9811,2.094,1.945,2.0056,40502.0,,取暖油0812,49448.0,2.0056,2.0056
2008-11-11,HO0812,1.9919,1.9919,1.9093,1.929,32999.0,,取暖油0812,43763.0,1.929,1.929
2008-11-12,HO0812,1.9218,1.9345,1.8161,1.8354,36209.0,,取暖油0812,40782.0,1.8354,1.8354
2008-11-13,HO0812,1.8186,1.9177,1.7919,1.875,35084.0,,取暖油0812,39826.0,1.875,1.875
2008-11-14,HO0812,1.899,1.9212,1.8137,1.8318,30040.0,,取暖油0812,36109.0,1.8318,1.8318
2008-11-17,HO0812,1.8026,1.8906,1.7866,1.791,29694.0,,取暖油0812,35213.0,1.791,1.791
2008-11-18,HO0812,1.7949,1.815,1.7518,1.7579,29659.0,,取暖油0812,31353.0,1.7579,1.7579
2008-11-19,HO0812,1.768,1.8,1.744,1.7597,27849.0,,取暖油0812,28615.0,1.7597,1.7597
2008-11-20,HO0812,1.7583,1.7645,1.663,1.6759,22910.0,,取暖油0812,26672.0,1.6759,1.6759
2008-11-21,HO0812,1.6759,1.725,1.64,1.6996,18946.0,,取暖油0812,22553.0,1.6996,1.6996
2008-11-24,HO0812,1.71,1.8302,1.6615,1.7844,23808.0,,取暖油0812,20383.0,1.7844,1.7844
2008-11-25,HO0812,1.7844,1.785,1.6969,1.6988,21360.0,,取暖油0812,16875.0,1.6988,1.6988
2008-11-26,HO0812,1.71,1.7745,1.6909,1.7367,23400.0,,取暖油0812,11134.0,1.7367,1.7367
2008-11-28,HO0812,1.7131,1.7365,1.65,1.6737,3372.0,,取暖油0812,3801.0,1.6737,1.6737
