date,symbol,open,high,low,close,volume,amount,name,openinterest,settleprice,price
2012-07-20,LE0,124.1,124.25,122.475,123.1,27464.0,,活牛连续,123533.0,123.1,123.1
2012-07-23,LE0,123.0,123.95,122.775,123.575,15475.0,,活牛连续,126856.0,123.5,123.575
2012-07-24,LE0,123.475,123.625,122.775,123.35,17810.0,,活牛连续,129311.0,123.325,123.35
2012-07-25,LE0,123.1,123.3,122.35,122.925,15447.0,,活牛连续,128328.0,122.925,122.925
2012-07-26,LE0,122.8,123.725,122.15,123.175,25908.0,,活牛连续,127631.0,123.175,123.175
2012-07-27,LE0,123.175,125.7,122.725,125.275,35612.0,,活牛连续,128433.0,125.275,125.275
2012-07-30,LE0,125.425,126.475,124.95,125.8,28837.0,,活牛连续,129772.0,125.825,125.8
2012-07-31,LE0,125.7,125.925,124.275,124.35,22618.0,,活牛连续,132848.0,124.4,124.35
2012-08-01,LE0,124.65,124.75,123.725,124.05,22326.0,,活牛连续,132700.0,124.075,124.05
2012-08-02,LE0,124.025,125.425,123.55,125.05,23482.0,,活牛连续,133024.0,125.1,125.05
2012-08-03,LE0,125.325,125.95,124.325,124.35,20864.0,,活牛连续,134543.0,124.375,124.35
2012-08-06,LE0,124.475,125.65,124.275,124.4,20965.0,,活牛连续,134255.0,124.35,124.4
2012-08-07,LE0,124.375,124.95,124.0,124.15,18138.0,,活牛连续,132961.0,124.175,124.15
2012-08-08,LE0,124.35,125.85,124.25,125.675,23779.0,,活牛连续,133579.0,125.675,125.675
2012-08-09,LE0,125.825,126.225,125.35,125.8,26317.0,,活牛连续,135450.0,125.775,125.8
2012-08-10,LE0,125.9,126.075,125.25,125.55,18983.0,,活牛连续,135985.0,125.525,125.55
2012-08-13,LE0,126.0,126.7,125.875,126.375,21380.0,,活牛连续,135687.0,126.375,126.375
2012-08-14,LE0,126.525,127.05,125.85,126.9,26041.0,,活牛连续,134390.0,126.9,126.9
2012-08-15,LE0,126.85,127.225,126.5,126.65,23173.0,,活牛连续,135510.0,126.65,126.65
2012-08-16,LE0,126.65,126.925,125.175,125.55,25737.0,,活牛连续,134152.0,125.55,125.55
2012-08-17,LE0,125.575,125.75,125.075,125.3,22671.0,,活牛连续,131285.0,125.275,125.3
2012-08-20,LE0,125.3,125.675,125.15,125.475,12379.0,,活牛连续,128359.0,125.475,125.475
2012-08-21,LE0,125.575,125.625,124.5,124.725,18028.0,,活牛连续,134311.0,124.625,124.725
2012-08-22,LE0,124.55,124.825,124.225,124.5,17701.0,,活牛连续,133538.0,124.475,124.5
2012-08-23,LE0,124.475,125.05,123.75,124.9,32334.0,,活牛连续,133061.0,124.925,124.9
2012-08-24,LE0,124.85,125.025,124.25,124.4,12042.0,,活牛连续,129212.0,124.45,124.4
2012-08-27,LE0,124.475,124.55,123.35,123.525,17719.0,,活牛连续,127900.0,123.475,123.525
2012-08-28,LE0,123.4,124.1,123.35,123.825,14445.0,,活牛连续,124586.0,123.75,123.825
2012-08-29,LE0,123.8,125.9,123.5,125.6,32873.0,,活牛连续,124211.0,125.5,125.6
2012-08-30,LE0,125.5,125.975,125.25,125.6,21990.0,,活牛连续,122330.0,125.5,125.6
2012-08-31,LE0,126.0,126.275,125.425,125.95,26363.0,,活牛连续,121080.0,126.025,125.95
2012-09-04,LE0,126.0,126.35,125.675,126.175,20352.0,,活牛连续,119741.0,126.175,126.175
2012-09-05,LE0,126.2,126.725,125.85,126.4,22326.0,,活牛连续,118349.0,126.325,126.4
2012-09-06,LE0,126.325,126.475,125.775,126.05,22500.0,,活牛连续,114267.0,126.05,126.05
2012-09-07,LE0,126.05,126.525,125.875,126.475,23446.0,,活牛连续,111534.0,126.475,126.475
2012-09-10,LE0,126.525,126.625,125.725,125.75,31391.0,,活牛连续,109483.0,125.75,125.75
2012-09-11,LE0,125.775,127.475,125.45,127.1,41397.0,,活牛连续,101598.0,127.1,127.1
2012-09-12,LE0,129.9,130.85,129.6,130.7,29277.0,,活牛连续,104820.0,130.7,130.7
2012-09-13,LE0,130.875,131.325,129.7,130.3,34692.0,,活牛连续,112767.0,130.35,130.3
2012-09-14,LE0,130.225,130.4,129.55,129.9,25343.0,,活牛连续,121709.0,129.925,129.9
2012-09-17,LE0,129.875,130.125,127.8,128.375,26232.0,,活牛连续,124255.0,128.3,128.375
2012-09-18,LE0,128.35,128.925,128.15,128.9,18994.0,,活牛连续,121472.0,128.875,128.9
2012-09-19,LE0,128.4,129.225,128.225,129.1,14827.0,,活牛连续,122941.0,129.1,129.1
2012-09-20,LE0,129.1,129.425,128.025,128.375,18337.0,,活牛连续,123836.0,128.15,128.375
2012-09-21,LE0,128.475,128.8,127.975,128.5,19036.0,,活牛连续,124619.0,128.475,128.5
2012-09-24,LE0,128.75,128.95,128.2,128.35,19547.0,,活牛连续,125243.0,128.4,128.35
2012-09-25,LE0,128.35,128.65,125.4,125.8,42748.0,,活牛连续,128736.0,125.4,125.8
2012-09-26,LE0,125.725,125.925,124.075,124.8,36975.0,,活牛连续,123233.0,124.75,124.8
2012-09-27,LE0,124.825,125.275,123.95,125.2,31726.0,,活牛连续,120828.0,125.175,125.2
2012-09-28,LE0,125.475,125.475,124.325,124.65,27949.0,,活牛连续,122126.0,124.7,124.65
2012-10-01,LE0,124.7,126.15,124.325,126.125,28872.0,,活牛连续,122824.0,126.125,126.125
2012-10-02,LE0,125.975,126.825,125.75,126.4,22570.0,,活牛连续,128304.0,126.375,126.4
2012-10-03,LE0,126.5,126.925,125.775,125.95,23412.0,,活牛连续,128368.0,126.025,125.95
2012-10-04,LE0,126.025,126.575,125.325,125.7,22141.0,,活牛连续,129806.0,125.7,125.7
2012-10-05,LE0,125.675,126.375,125.425,126.25,17506.0,,活牛连续,130162.0,126.2,126.25
2012-10-08,LE0,126.125,126.875,126.1,126.4,17334.0,,活牛连续,131071.0,126.4,126.4
2012-10-09,LE0,126.425,127.225,126.35,126.7,21090.0,,活牛连续,130526.0,126.725,126.7
2012-10-10,LE0,126.825,127.125,126.55,126.6,12875.0,,活牛连续,129193.0,126.575,126.6
2012-10-11,LE0,126.625,127.35,125.65,125.925,26902.0,,活牛连续,128585.0,125.925,125.925
2012-10-12,LE0,125.925,126.175,125.35,125.5,16479.0,,活牛连续,127448.0,125.5,125.5
2012-10-15,LE0,125.6,126.175,125.45,125.975,12560.0,,活牛连续,127656.0,125.975,125.975
2012-10-16,LE0,126.075,127.05,126.0,126.7,16508.0,,活牛连续,128964.0,126.675,126.7
2012-10-17,LE0,126.8,127.725,126.6,127.625,23234.0,,活牛连续,130588.0,127.6,127.625
2012-10-18,LE0,127.65,128.325,127.6,128.075,17557.0,,活牛连续,131149.0,128.05,128.075
2012-10-19,LE0,127.875,128.275,126.95,127.3,23321.0,,活牛连续,131113.0,127.275,127.3
2012-10-22,LE0,127.825,127.975,127.1,127.3,17676.0,,活牛连续,129339.0,127.275,127.3
2012-10-23,LE0,127.275,127.55,126.5,126.85,20225.0,,活牛连续,130099.0,126.85,126.85
2012-10-24,LE0,126.975,127.5,126.85,127.05,15549.0,,活牛连续,132105.0,127.075,127.05
2012-10-25,LE0,127.15,127.3,125.25,125.65,35095.0,,活牛连续,131574.0,125.65,125.65
2012-10-26,LE0,125.825,125.85,125.05,125.3,18694.0,,活牛连续,132607.0,125.25,125.3
2012-10-29,LE0,125.25,125.725,124.6,125.325,15596.0,,活牛连续,134591.0,125.275,125.325
2012-10-30,LE0,125.575,126.45,125.125,126.2,21808.0,,活牛连续,135100.0,126.2,126.2
2012-10-31,LE0,126.025,126.35,125.575,125.925,22602.0,,活牛连续,133265.0,125.925,125.925
2012-11-01,LE0,125.65,126.65,125.3,125.3,26815.0,,活牛连续,131374.0,125.325,125.3
2012-11-02,LE0,125.475,125.6,124.9,125.425,16937.0,,活牛连续,128579.0,125.425,125.425
2012-11-05,LE0,125.475,125.925,125.1,125.3,15320.0,,活牛连续,126586.0,125.275,125.3
2012-11-06,LE0,125.45,125.85,125.2,125.725,21305.0,,活牛连续,123749.0,125.675,125.725
2012-11-07,LE0,125.75,126.0,124.55,124.95,38801.0,,活牛连续,121604.0,124.95,124.95
2012-11-08,LE0,125.125,125.7,124.675,125.45,27326.0,,活牛连续,119429.0,125.425,125.45
2012-11-09,LE0,125.5,126.125,125.275,125.7,26262.0,,活牛连续,109664.0,125.75,125.7
2012-11-12,LE0,125.675,125.875,125.3,125.3,19361.0,,活牛连续,104723.0,125.35,125.3
2012-11-13,LE0,129.25,129.875,128.925,129.8,19540.0,,活牛连续,109154.0,129.8,129.8
2012-11-14,LE0,129.8,129.85,128.85,129.15,21823.0,,活牛连续,116874.0,129.125,129.15
2012-11-15,LE0,129.05,129.575,128.85,129.35,22469.0,,活牛连续,121268.0,129.375,129.35
2012-11-16,LE0,129.325,130.225,128.975,130.025,18616.0,,活牛连续,126185.0,130.025,130.025
2012-11-19,LE0,130.425,130.75,129.825,130.15,19080.0,,活牛连续,128476.0,130.15,130.15
2012-11-20,LE0,130.2,130.675,129.95,130.55,15947.0,,活牛连续,132947.0,130.525,130.55
2012-11-21,LE0,130.575,131.8,130.45,131.6,22861.0,,活牛连续,134977.0,131.625,131.6
2012-11-23,LE0,131.5,132.925,131.25,132.75,25628.0,,活牛连续,137131.0,132.725,132.75
2012-11-26,LE0,132.725,132.8,131.8,132.35,25863.0,,活牛连续,138562.0,132.4,132.35
2012-11-27,LE0,132.4,132.875,132.05,132.325,27686.0,,活牛连续,142120.0,132.325,132.325
2012-11-28,LE0,132.225,132.75,131.475,131.7,21834.0,,活牛连续,143934.0,131.65,131.7
2012-11-29,LE0,131.65,132.25,131.5,132.125,18415.0,,活牛连续,143222.0,132.1,132.125
2012-11-30,LE0,132.0,132.125,130.275,130.4,36787.0,,活牛连续,144573.0,130.4,130.4
2012-12-03,LE0,130.375,130.9,129.975,130.775,25905.0,,活牛连续,146537.0,130.775,130.775
2012-12-04,LE0,130.775,130.9,130.1,130.15,15164.0,,活牛连续,147269.0,130.15,130.15
2012-12-05,LE0,130.225,131.05,129.775,130.55,26209.0,,活牛连续,146947.0,130.525,130.55
2012-12-06,LE0,130.675,131.45,129.975,131.05,23028.0,,活牛连续,147258.0,131.025,131.05
2012-12-07,LE0,131.0,131.1,130.2,130.375,20655.0,,活牛连续,148548.0,130.4,130.375
2012-12-10,LE0,130.525,130.525,130.025,130.275,17692.0,,活牛连续,148388.0,130.275,130.275
2012-12-11,LE0,130.275,132.6,130.075,131.95,42730.0,,活牛连续,147439.0,131.95,131.95
2012-12-12,LE0,132.0,132.35,131.475,131.8,26881.0,,活牛连续,144664.0,131.8,131.8
2012-12-13,LE0,131.8,132.45,131.375,131.45,17451.0,,活牛连续,144942.0,131.475,131.45
2012-12-14,LE0,131.525,132.95,131.175,132.6,24584.0,,活牛连续,145831.0,132.6,132.6
2012-12-17,LE0,132.875,133.7,132.8,133.45,27495.0,,活牛连续,145598.0,133.5,133.45
2012-12-18,LE0,133.675,134.05,132.875,132.95,29151.0,,活牛连续,146381.0,132.95,132.95
2012-12-19,LE0,132.975,134.5,132.975,134.25,27126.0,,活牛连续,147810.0,134.35,134.25
2012-12-20,LE0,134.325,134.5,133.025,133.45,23827.0,,活牛连续,147619.0,133.5,133.45
2012-12-21,LE0,133.5,133.75,132.75,133.575,20160.0,,活牛连续,146013.0,133.575,133.575
2012-12-24,LE0,133.075,133.45,133.025,133.25,6541.0,,活牛连续,143133.0,133.225,133.25
2012-12-26,LE0,133.375,133.9,133.175,133.775,13451.0,,活牛连续,143252.0,133.775,133.775
2012-12-27,LE0,133.825,133.85,132.825,133.05,15883.0,,活牛连续,142203.0,133.05,133.05
2012-12-28,LE0,133.175,133.8,133.0,133.5,16471.0,,活牛连续,141488.0,133.575,133.5
2012-12-31,LE0,133.475,133.8,132.2,132.2,19503.0,,活牛连续,141338.0,132.3,132.2
2013-01-02,LE0,132.95,133.15,131.95,132.45,31487.0,,活牛连续,139169.0,132.375,132.45
2013-01-03,LE0,132.625,134.0,132.5,133.85,29439.0,,活牛连续,138448.0,133.85,133.85
2013-01-04,LE0,133.85,134.325,132.85,132.9,24483.0,,活牛连续,135649.0,132.95,132.9
2013-01-07,LE0,133.1,133.4,132.525,133.0,23249.0,,活牛连续,129615.0,133.0,133.0
2013-01-08,LE0,132.95,133.35,132.45,132.55,36315.0,,活牛连续,126732.0,132.55,132.55
2013-01-09,LE0,132.55,132.725,131.525,131.55,34851.0,,活牛连续,118160.0,131.55,131.55
2013-01-10,LE0,131.85,132.075,131.35,131.55,29097.0,,活牛连续,108710.0,131.55,131.55
2013-01-11,LE0,134.95,135.175,134.375,134.55,22622.0,,活牛连续,111211.0,134.55,134.55
2013-01-14,LE0,134.35,135.175,134.125,134.7,22626.0,,活牛连续,117637.0,134.75,134.7
2013-01-15,LE0,134.7,134.875,134.025,134.4,18050.0,,活牛连续,122847.0,134.425,134.4
2013-01-16,LE0,134.325,134.425,132.55,132.75,37123.0,,活牛连续,123941.0,132.7,132.75
2013-01-17,LE0,132.75,133.175,129.7,131.2,59483.0,,活牛连续,130022.0,130.875,131.2
2013-01-18,LE0,131.05,131.275,129.35,129.75,56250.0,,活牛连续,136604.0,129.825,129.75
2013-01-22,LE0,130.5,131.1,130.25,130.4,25075.0,,活牛连续,141910.0,130.475,130.4
2013-01-23,LE0,130.475,130.8,129.375,130.45,38367.0,,活牛连续,146473.0,130.45,130.45
2013-01-24,LE0,130.65,131.425,130.175,130.35,26013.0,,活牛连续,155046.0,130.35,130.35
2013-01-25,LE0,131.25,131.35,130.55,130.7,18778.0,,活牛连续,156740.0,130.75,130.7
2013-01-28,LE0,132.25,133.7,132.05,133.425,33831.0,,活牛连续,159869.0,133.4,133.425
2013-01-29,LE0,133.15,133.5,132.875,133.0,18486.0,,活牛连续,161136.0,132.975,133.0
2013-01-30,LE0,132.875,133.425,132.525,132.95,28238.0,,活牛连续,163060.0,132.925,132.95
2013-01-31,LE0,133.0,133.55,132.6,132.85,25036.0,,活牛连续,165015.0,132.8,132.85
2013-02-01,LE0,132.6,133.0,131.95,132.275,27559.0,,活牛连续,164514.0,132.175,132.275
2013-02-04,LE0,132.175,133.2,132.125,132.25,27892.0,,活牛连续,166708.0,132.275,132.25
2013-02-05,LE0,132.3,132.85,132.025,132.325,16779.0,,活牛连续,169016.0,132.3,132.325
2013-02-06,LE0,132.325,132.425,131.15,131.45,31183.0,,活牛连续,171449.0,131.45,131.45
2013-02-07,LE0,131.3,131.825,130.725,131.5,23773.0,,活牛连续,175682.0,131.525,131.5
2013-02-08,LE0,131.45,131.85,129.9,130.15,32825.0,,活牛连续,175802.0,130.125,130.15
2013-02-11,LE0,130.175,130.65,128.95,130.3,31705.0,,活牛连续,175489.0,130.35,130.3
2013-02-12,LE0,130.4,130.475,128.275,130.0,47316.0,,活牛连续,173419.0,129.95,130.0
2013-02-13,LE0,129.75,129.85,128.8,129.45,27490.0,,活牛连续,175406.0,129.4,129.45
2013-02-14,LE0,129.275,129.95,127.6,129.8,39831.0,,活牛连续,176595.0,129.775,129.8
2013-02-15,LE0,129.825,130.625,129.025,130.5,26581.0,,活牛连续,177199.0,130.45,130.5
2013-02-19,LE0,130.375,130.45,129.2,129.55,29902.0,,活牛连续,177257.0,129.55,129.55
2013-02-20,LE0,129.475,129.8,127.375,128.2,40918.0,,活牛连续,176575.0,128.225,128.2
2013-02-21,LE0,128.225,128.75,127.525,127.8,21374.0,,活牛连续,174199.0,127.825,127.8
2013-02-22,LE0,127.6,128.625,127.525,128.2,20584.0,,活牛连续,175064.0,128.225,128.2
2013-02-25,LE0,128.9,129.2,127.75,128.45,25463.0,,活牛连续,173398.0,128.425,128.45
2013-02-26,LE0,128.3,129.6,127.925,129.25,34637.0,,活牛连续,172526.0,129.3,129.25
2013-02-27,LE0,129.45,130.275,129.225,129.9,26045.0,,活牛连续,171314.0,129.875,129.9
2013-02-28,LE0,130.1,130.375,129.625,129.8,25618.0,,活牛连续,167397.0,129.85,129.8
2013-03-01,LE0,130.275,130.725,129.7,130.0,32659.0,,活牛连续,168472.0,129.95,130.0
2013-03-04,LE0,130.0,130.575,129.85,130.45,18323.0,,活牛连续,166673.0,130.35,130.45
2013-03-05,LE0,130.45,130.825,129.35,129.625,24599.0,,活牛连续,160742.0,129.625,129.625
2013-03-06,LE0,129.5,129.65,127.175,128.85,48795.0,,活牛连续,160863.0,128.8,128.85
2013-03-07,LE0,128.75,129.125,128.175,128.3,41392.0,,活牛连续,154207.0,128.3,128.3
2013-03-08,LE0,128.4,128.575,127.125,127.55,41135.0,,活牛连续,149535.0,127.55,127.55
2013-03-11,LE0,127.525,128.85,127.025,128.125,36587.0,,活牛连续,142159.0,128.125,128.125
2013-03-12,LE0,128.125,129.075,128.075,128.675,30097.0,,活牛连续,130163.0,128.7,128.675
2013-03-13,LE0,128.825,129.45,128.35,128.55,35681.0,,活牛连续,120717.0,128.55,128.55
2013-03-14,LE0,123.45,123.7,122.4,123.125,22444.0,,活牛连续,127704.0,123.15,123.125
2013-03-15,LE0,122.9,122.9,121.2,121.325,25412.0,,活牛连续,131998.0,121.3,121.325
2013-03-18,LE0,121.175,121.575,121.025,121.35,16251.0,,活牛连续,133315.0,121.375,121.35
2013-03-19,LE0,121.25,121.6,120.1,120.95,25477.0,,活牛连续,136357.0,120.975,120.95
2013-03-20,LE0,120.75,122.15,120.2,121.9,20460.0,,活牛连续,138531.0,121.9,121.9
2013-03-21,LE0,121.95,122.7,121.45,121.9,14855.0,,活牛连续,137614.0,122.0,121.9
2013-03-22,LE0,121.6,121.825,121.1,121.15,14555.0,,活牛连续,138161.0,121.175,121.15
2013-03-25,LE0,121.95,121.95,121.0,121.45,15464.0,,活牛连续,138318.0,121.475,121.45
2013-03-26,LE0,121.525,121.775,121.025,121.15,11210.0,,活牛连续,139401.0,121.15,121.15
2013-03-27,LE0,121.125,123.05,121.0,122.95,23406.0,,活牛连续,140689.0,122.975,122.95
2013-03-28,LE0,122.975,124.475,122.75,124.4,33020.0,,活牛连续,141213.0,124.375,124.4
2013-04-01,LE0,124.325,124.55,123.75,124.05,20169.0,,活牛连续,145074.0,124.1,124.05
2013-04-02,LE0,124.2,124.425,122.3,122.85,26810.0,,活牛连续,145069.0,122.825,122.85
2013-04-03,LE0,122.8,124.05,122.475,123.15,24637.0,,活牛连续,149645.0,123.2,123.15
2013-04-04,LE0,123.2,123.725,122.15,122.325,23646.0,,活牛连续,149965.0,122.35,122.325
2013-04-05,LE0,122.35,122.725,121.3,121.5,21577.0,,活牛连续,150068.0,121.5,121.5
2013-04-08,LE0,121.525,122.425,121.3,122.0,21037.0,,活牛连续,152320.0,122.025,122.0
2013-04-09,LE0,122.2,122.4,121.475,121.65,14790.0,,活牛连续,155200.0,121.7,121.65
2013-04-10,LE0,121.675,121.9,119.9,119.95,25634.0,,活牛连续,155526.0,120.0,119.95
2013-04-11,LE0,120.2,121.0,120.075,120.65,19198.0,,活牛连续,156312.0,120.65,120.65
2013-04-12,LE0,120.75,121.05,120.25,120.8,24199.0,,活牛连续,157465.0,120.75,120.8
2013-04-15,LE0,120.5,120.7,119.375,119.8,23121.0,,活牛连续,158604.0,119.825,119.8
2013-04-16,LE0,119.65,120.7,119.425,120.45,14967.0,,活牛连续,157266.0,120.45,120.45
2013-04-17,LE0,120.65,122.0,120.375,121.85,31249.0,,活牛连续,155844.0,121.825,121.85
2013-04-18,LE0,121.825,122.225,120.825,121.25,24586.0,,活牛连续,154248.0,121.375,121.25
2013-04-19,LE0,121.2,121.5,120.75,121.3,14289.0,,活牛连续,153902.0,121.3,121.3
2013-04-22,LE0,120.55,121.075,120.35,120.825,20627.0,,活牛连续,153745.0,120.825,120.825
2013-04-23,LE0,120.8,121.875,120.65,120.875,22091.0,,活牛连续,154918.0,120.825,120.875
2013-04-24,LE0,120.85,122.25,120.825,122.05,23689.0,,活牛连续,155404.0,122.075,122.05
2013-04-25,LE0,122.075,123.05,121.65,122.9,23451.0,,活牛连续,154469.0,122.9,122.9
2013-04-26,LE0,122.85,123.175,122.475,122.525,20019.0,,活牛连续,152298.0,122.6,122.525
2013-04-29,LE0,122.475,123.35,122.475,122.5,17789.0,,活牛连续,152252.0,122.55,122.5
2013-04-30,LE0,122.7,123.2,121.8,121.95,27798.0,,活牛连续,149227.0,121.9,121.95
2013-05-01,LE0,122.05,123.25,121.675,122.5,29175.0,,活牛连续,148709.0,122.475,122.5
2013-05-02,LE0,123.0,124.025,123.0,123.6,35030.0,,活牛连续,144072.0,123.65,123.6
2013-05-03,LE0,123.575,123.875,121.75,121.825,39405.0,,活牛连续,136508.0,121.825,121.825
2013-05-06,LE0,122.3,122.725,121.0,121.35,26042.0,,活牛连续,135677.0,121.3,121.35
2013-05-07,LE0,121.175,121.7,120.65,120.8,35608.0,,活牛连续,133377.0,120.825,120.8
2013-05-08,LE0,120.875,121.325,120.025,120.2,34681.0,,活牛连续,125321.0,120.2,120.2
2013-05-09,LE0,120.225,120.875,119.85,120.5,34520.0,,活牛连续,119412.0,120.55,120.5
2013-05-10,LE0,120.375,120.625,120.0,120.45,24961.0,,活牛连续,111977.0,120.45,120.45
2013-05-13,LE0,121.05,121.6,120.35,120.85,19151.0,,活牛连续,111467.0,120.875,120.85
2013-05-14,LE0,120.7,121.25,120.175,120.425,18655.0,,活牛连续,117171.0,120.4,120.425
2013-05-15,LE0,120.55,120.95,119.775,119.85,26874.0,,活牛连续,116354.0,119.85,119.85
2013-05-16,LE0,120.175,120.2,119.325,119.7,19801.0,,活牛连续,120571.0,119.725,119.7
2013-05-17,LE0,119.7,119.85,118.375,118.525,21964.0,,活牛连续,125990.0,118.55,118.525
2013-05-20,LE0,118.55,119.975,117.825,119.2,23912.0,,活牛连续,129234.0,119.15,119.2
2013-05-21,LE0,119.8,120.6,119.1,120.375,18020.0,,活牛连续,131450.0,120.375,120.375
2013-05-22,LE0,120.3,120.5,118.825,119.2,18439.0,,活牛连续,131744.0,119.225,119.2
2013-05-23,LE0,119.225,119.6,118.075,118.175,16162.0,,活牛连续,132724.0,118.2,118.175
2013-05-24,LE0,118.2,119.6,118.0,119.225,15386.0,,活牛连续,133225.0,119.225,119.225
2013-05-28,LE0,119.525,120.25,119.1,119.35,16559.0,,活牛连续,133442.0,119.425,119.35
2013-05-29,LE0,119.5,120.55,119.375,120.4,14910.0,,活牛连续,134911.0,120.4,120.4
2013-05-30,LE0,120.35,120.675,118.975,119.0,17092.0,,活牛连续,133747.0,119.05,119.0
2013-05-31,LE0,119.275,120.575,118.925,120.5,18799.0,,活牛连续,133953.0,120.45,120.5
2013-06-03,LE0,120.2,120.25,119.05,119.475,18554.0,,活牛连续,133641.0,119.475,119.475
2013-06-04,LE0,119.175,120.975,119.025,120.2,23190.0,,活牛连续,136055.0,120.125,120.2
2013-06-05,LE0,120.15,120.375,119.175,119.275,15609.0,,活牛连续,136700.0,119.275,119.275
2013-06-06,LE0,119.275,120.225,119.05,120.05,20177.0,,活牛连续,139029.0,120.025,120.05
2013-06-07,LE0,119.9,120.05,119.2,119.25,13600.0,,活牛连续,140712.0,119.225,119.25
2013-06-10,LE0,119.125,119.15,118.375,118.425,21813.0,,活牛连续,141532.0,118.425,118.425
2013-06-11,LE0,118.525,120.475,118.4,119.65,20192.0,,活牛连续,145381.0,119.7,119.65
2013-06-12,LE0,119.775,120.425,118.9,119.5,21671.0,,活牛连续,145532.0,119.525,119.5
2013-06-13,LE0,119.625,119.9,118.875,119.05,13036.0,,活牛连续,146422.0,119.075,119.05
2013-06-14,LE0,118.975,119.125,118.025,118.3,15319.0,,活牛连续,146392.0,118.325,118.3
2013-06-17,LE0,118.25,120.225,118.05,119.15,20638.0,,活牛连续,148131.0,119.25,119.15
2013-06-18,LE0,119.15,119.675,118.575,119.05,14398.0,,活牛连续,147442.0,119.025,119.05
2013-06-19,LE0,119.0,120.65,119.0,120.4,25119.0,,活牛连续,146957.0,120.4,120.4
2013-06-20,LE0,120.3,120.55,119.225,120.0,21166.0,,活牛连续,144270.0,120.0,120.0
2013-06-21,LE0,119.8,122.0,119.55,121.6,31678.0,,活牛连续,141637.0,121.6,121.6
2013-06-24,LE0,121.45,121.825,121.1,121.175,21214.0,,活牛连续,137066.0,121.175,121.175
2013-06-25,LE0,121.275,122.175,120.9,121.15,18586.0,,活牛连续,132874.0,121.125,121.15
2013-06-26,LE0,121.2,122.425,121.05,122.2,23894.0,,活牛连续,130015.0,122.175,122.2
2013-06-27,LE0,122.375,123.125,122.3,122.925,21778.0,,活牛连续,126090.0,122.925,122.925
2013-06-28,LE0,122.725,122.925,121.95,122.05,23848.0,,活牛连续,123254.0,122.025,122.05
2013-07-01,LE0,122.2,122.825,121.85,122.15,20971.0,,活牛连续,116586.0,122.175,122.15
2013-07-02,LE0,122.275,122.625,121.675,121.9,21994.0,,活牛连续,112319.0,121.9,121.9
2013-07-03,LE0,121.775,122.575,121.775,121.95,20393.0,,活牛连续,109597.0,121.95,121.95
2013-07-05,LE0,121.9,122.25,121.7,122.0,12235.0,,活牛连续,106697.0,121.95,122.0
2013-07-08,LE0,122.0,122.55,121.95,122.075,25313.0,,活牛连续,104929.0,122.075,122.075
2013-07-09,LE0,122.225,122.95,121.5,122.6,28109.0,,活牛连续,100586.0,122.725,122.6
2013-07-10,LE0,122.575,122.925,122.05,122.15,27959.0,,活牛连续,94632.0,122.075,122.15
2013-07-11,LE0,126.325,126.65,126.125,126.35,25534.0,,活牛连续,88242.0,126.425,126.35
2013-07-12,LE0,126.25,126.35,125.4,126.1,24669.0,,活牛连续,96465.0,126.075,126.1
2013-07-15,LE0,126.225,126.975,126.175,126.7,18414.0,,活牛连续,105659.0,126.675,126.7
2013-07-16,LE0,126.6,126.95,126.175,126.4,13064.0,,活牛连续,111421.0,126.4,126.4
2013-07-17,LE0,126.425,126.55,124.975,125.3,19613.0,,活牛连续,113893.0,125.25,125.3
2013-07-18,LE0,125.15,126.95,124.975,126.475,20152.0,,活牛连续,119890.0,126.475,126.475
2013-07-19,LE0,126.45,126.575,125.7,126.2,14788.0,,活牛连续,122559.0,126.225,126.2
2013-07-22,LE0,126.2,126.525,125.325,125.6,15999.0,,活牛连续,123477.0,125.6,125.6
2013-07-23,LE0,125.675,126.7,125.575,125.9,18282.0,,活牛连续,126403.0,125.9,125.9
2013-07-24,LE0,125.95,126.425,125.525,125.65,14059.0,,活牛连续,129328.0,125.675,125.65
2013-07-25,LE0,125.6,125.875,124.525,125.5,24347.0,,活牛连续,129972.0,125.5,125.5
2013-07-26,LE0,125.55,126.425,125.55,125.8,16127.0,,活牛连续,131110.0,125.85,125.8
2013-07-29,LE0,126.2,126.675,125.9,125.975,15579.0,,活牛连续,131245.0,125.975,125.975
2013-07-30,LE0,125.95,126.175,125.15,125.625,18817.0,,活牛连续,132734.0,125.65,125.625
2013-07-31,LE0,125.575,125.825,125.175,125.45,15609.0,,活牛连续,134458.0,125.475,125.45
2013-08-01,LE0,125.475,125.875,124.35,124.45,26522.0,,活牛连续,136829.0,124.5,124.45
2013-08-02,LE0,124.725,125.275,124.1,124.45,22156.0,,活牛连续,139840.0,124.475,124.45
2013-08-05,LE0,124.525,125.0,124.3,124.575,13234.0,,活牛连续,139818.0,124.55,124.575
2013-08-06,LE0,124.625,125.175,124.4,124.65,13077.0,,活牛连续,139759.0,124.675,124.65
2013-08-07,LE0,124.825,126.925,124.325,124.675,24339.0,,活牛连续,141234.0,124.675,124.675
2013-08-08,LE0,127.0,127.675,126.275,127.0,45236.0,,活牛连续,142030.0,127.075,127.0
2013-08-09,LE0,126.95,127.425,126.475,126.9,22501.0,,活牛连续,143007.0,126.875,126.9
2013-08-12,LE0,127.0,127.7,126.875,127.425,13928.0,,活牛连续,143411.0,127.4,127.425
2013-08-13,LE0,127.575,128.55,127.4,128.05,24103.0,,活牛连续,143542.0,128.075,128.05
2013-08-14,LE0,128.275,128.7,127.575,128.2,19981.0,,活牛连续,144158.0,128.175,128.2
2013-08-15,LE0,128.175,128.45,127.7,128.075,16698.0,,活牛连续,144070.0,128.1,128.075
2013-08-16,LE0,128.25,129.1,127.375,127.975,28061.0,,活牛连续,144091.0,127.925,127.975
2013-08-19,LE0,128.05,128.35,127.55,128.05,19524.0,,活牛连续,144900.0,128.075,128.05
2013-08-20,LE0,128.05,128.325,127.875,128.15,10504.0,,活牛连续,143216.0,128.15,128.15
2013-08-21,LE0,128.15,128.4,127.725,128.025,13464.0,,活牛连续,143107.0,127.975,128.025
2013-08-22,LE0,127.95,127.95,127.175,127.175,18032.0,,活牛连续,143163.0,127.2,127.175
2013-08-23,LE0,127.3,127.45,126.575,126.7,13949.0,,活牛连续,142047.0,126.7,126.7
2013-08-26,LE0,127.5,127.875,126.95,127.175,17245.0,,活牛连续,141653.0,127.15,127.175
2013-08-27,LE0,127.1,127.15,126.6,126.75,11249.0,,活牛连续,139183.0,126.725,126.75
2013-08-28,LE0,126.75,127.575,126.7,126.9,16000.0,,活牛连续,137427.0,126.925,126.9
2013-08-29,LE0,126.875,127.475,126.725,127.0,18387.0,,活牛连续,135391.0,126.975,127.0
2013-08-30,LE0,126.975,127.225,126.6,126.8,20066.0,,活牛连续,133699.0,126.8,126.8
2013-09-03,LE0,126.8,127.3,126.1,126.175,22211.0,,活牛连续,125934.0,126.2,126.175
2013-09-04,LE0,126.2,126.225,125.625,125.95,21724.0,,活牛连续,122778.0,126.0,125.95
2013-09-05,LE0,125.825,126.025,125.125,125.2,26234.0,,活牛连续,118737.0,125.225,125.2
2013-09-06,LE0,125.2,125.75,124.85,125.7,24747.0,,活牛连续,113744.0,125.675,125.7
2013-09-09,LE0,125.9,125.9,125.175,125.3,24813.0,,活牛连续,109017.0,125.35,125.3
2013-09-10,LE0,125.3,125.725,125.0,125.025,24395.0,,活牛连续,101847.0,125.025,125.025
2013-09-11,LE0,128.825,129.175,128.425,128.575,22535.0,,活牛连续,102186.0,128.575,128.575
2013-09-12,LE0,128.55,129.075,128.35,128.65,22208.0,,活牛连续,110607.0,128.625,128.65
2013-09-13,LE0,128.9,129.2,128.65,129.2,19945.0,,活牛连续,118175.0,129.15,129.2
2013-09-16,LE0,129.25,129.525,128.95,129.2,14434.0,,活牛连续,124407.0,129.225,129.2
2013-09-17,LE0,129.05,129.15,127.95,128.625,23016.0,,活牛连续,128594.0,128.65,128.625
2013-09-18,LE0,128.4,129.75,128.1,129.0,18177.0,,活牛连续,134223.0,128.95,129.0
2013-09-19,LE0,129.45,129.9,129.275,129.7,16696.0,,活牛连续,136874.0,129.725,129.7
2013-09-20,LE0,129.675,130.125,129.475,129.775,18489.0,,活牛连续,140112.0,129.75,129.775
2013-09-23,LE0,130.25,130.775,130.225,130.5,17559.0,,活牛连续,141104.0,130.5,130.5
2013-09-24,LE0,130.55,131.3,130.425,131.225,20645.0,,活牛连续,143155.0,131.225,131.225
2013-09-25,LE0,131.075,131.75,131.075,131.3,26336.0,,活牛连续,145149.0,131.275,131.3
2013-09-26,LE0,131.475,131.65,130.85,131.6,17922.0,,活牛连续,143320.0,131.575,131.6
2013-09-27,LE0,131.5,132.25,131.4,132.1,22204.0,,活牛连续,141819.0,132.075,132.1
2013-09-30,LE0,131.9,132.05,131.35,132.0,18899.0,,活牛连续,140594.0,131.975,132.0
2013-10-01,LE0,131.75,131.975,131.4,131.875,22828.0,,活牛连续,141546.0,131.9,131.875
2013-10-02,LE0,131.75,132.225,131.6,131.825,17015.0,,活牛连续,142963.0,131.825,131.825
2013-10-03,LE0,131.7,131.95,131.325,131.8,16610.0,,活牛连续,142527.0,131.775,131.8
2013-10-04,LE0,131.65,132.6,131.475,132.45,18549.0,,活牛连续,144842.0,132.425,132.45
2013-10-07,LE0,132.375,132.6,132.15,132.35,12792.0,,活牛连续,147385.0,132.3,132.35
2013-10-08,LE0,132.3,132.5,132.175,132.3,11255.0,,活牛连续,147488.0,132.325,132.3
2013-10-09,LE0,132.325,132.35,131.65,131.925,16457.0,,活牛连续,148398.0,131.95,131.925
2013-10-10,LE0,132.0,132.425,131.85,132.3,15852.0,,活牛连续,148863.0,132.175,132.3
2013-10-11,LE0,132.3,132.85,132.2,132.5,20322.0,,活牛连续,151326.0,132.475,132.5
2013-10-14,LE0,132.6,133.2,132.575,133.175,17791.0,,活牛连续,152282.0,133.15,133.175
2013-10-15,LE0,133.05,133.225,132.5,132.75,21924.0,,活牛连续,153901.0,132.75,132.75
2013-10-16,LE0,132.7,133.35,132.575,133.3,23081.0,,活牛连续,153998.0,133.25,133.3
2013-10-17,LE0,133.4,134.0,131.325,131.7,39997.0,,活牛连续,154808.0,131.775,131.7
2013-10-18,LE0,131.65,132.2,131.45,131.975,18446.0,,活牛连续,153225.0,132.025,131.975
2013-10-21,LE0,132.0,132.225,131.825,131.875,10115.0,,活牛连续,154370.0,131.9,131.875
2013-10-22,LE0,131.975,133.175,131.95,133.0,18925.0,,活牛连续,152798.0,132.975,133.0
2013-10-23,LE0,133.075,133.75,132.7,132.7,32759.0,,活牛连续,153691.0,132.75,132.7
2013-10-24,LE0,133.275,133.3,132.8,132.9,18022.0,,活牛连续,150969.0,132.875,132.9
2013-10-25,LE0,133.05,134.7,132.6,133.0,38832.0,,活牛连续,149232.0,132.975,133.0
2013-10-28,LE0,133.375,134.05,133.275,133.8,19575.0,,活牛连续,148293.0,133.8,133.8
2013-10-29,LE0,133.775,134.5,133.625,134.3,26015.0,,活牛连续,147321.0,134.275,134.3
2013-10-30,LE0,134.475,134.525,133.05,133.15,31863.0,,活牛连续,144105.0,133.125,133.15
2013-10-31,LE0,133.25,133.775,132.575,132.9,25619.0,,活牛连续,141813.0,132.725,132.9
2013-11-01,LE0,132.975,133.15,131.95,132.075,23780.0,,活牛连续,139232.0,132.075,132.075
2013-11-04,LE0,132.0,132.625,131.75,132.2,25057.0,,活牛连续,132233.0,132.1,132.2
2013-11-05,LE0,132.1,132.5,131.9,132.0,20394.0,,活牛连续,126999.0,132.05,132.0
2013-11-06,LE0,131.925,132.35,131.85,132.025,18359.0,,活牛连续,120967.0,132.025,132.025
2013-11-07,LE0,132.025,132.025,131.55,131.65,26865.0,,活牛连续,116061.0,131.675,131.65
2013-11-08,LE0,131.675,132.5,131.525,132.5,24329.0,,活牛连续,108678.0,132.4,132.5
2013-11-11,LE0,134.2,134.55,134.025,134.35,16338.0,,活牛连续,107635.0,134.375,134.35
2013-11-12,LE0,134.4,134.75,133.975,134.275,20025.0,,活牛连续,112454.0,134.275,134.275
2013-11-13,LE0,134.225,134.65,133.9,134.5,21049.0,,活牛连续,117490.0,134.5,134.5
2013-11-14,LE0,134.5,134.975,134.325,134.5,15517.0,,活牛连续,125335.0,134.525,134.5
2013-11-15,LE0,134.65,134.9,134.225,134.8,14306.0,,活牛连续,129686.0,134.8,134.8
2013-11-18,LE0,134.6,134.65,132.775,133.175,18165.0,,活牛连续,130868.0,133.2,133.175
2013-11-19,LE0,132.95,133.1,131.625,131.7,29684.0,,活牛连续,133756.0,131.675,131.7
2013-11-20,LE0,131.925,132.25,131.25,131.975,21470.0,,活牛连续,134180.0,131.95,131.975
2013-11-21,LE0,131.75,132.575,131.55,132.35,15186.0,,活牛连续,134796.0,132.35,132.35
2013-11-22,LE0,132.325,132.55,131.65,131.8,16064.0,,活牛连续,134900.0,131.8,131.8
2013-11-25,LE0,132.175,132.375,131.625,131.95,12823.0,,活牛连续,135169.0,131.925,131.95
2013-11-26,LE0,131.925,133.25,131.775,133.025,18399.0,,活牛连续,134920.0,133.025,133.025
2013-11-27,LE0,133.075,134.45,132.95,134.075,21889.0,,活牛连续,136601.0,134.1,134.075
2013-11-29,LE0,134.7,134.725,134.1,134.35,11773.0,,活牛连续,139070.0,134.25,134.35
2013-12-02,LE0,134.375,134.55,133.925,134.25,19298.0,,活牛连续,139859.0,134.275,134.25
2013-12-03,LE0,134.325,134.6,133.8,134.125,16887.0,,活牛连续,142560.0,134.1,134.125
2013-12-04,LE0,134.0,134.45,133.975,134.45,15682.0,,活牛连续,142685.0,134.425,134.45
2013-12-05,LE0,134.275,134.55,132.85,132.85,23160.0,,活牛连续,146540.0,132.9,132.85
2013-12-06,LE0,133.075,133.2,132.525,132.85,18260.0,,活牛连续,146201.0,132.85,132.85
2013-12-09,LE0,133.0,133.325,132.9,133.05,18764.0,,活牛连续,147388.0,133.05,133.05
2013-12-10,LE0,133.05,133.05,132.25,132.6,18337.0,,活牛连续,147381.0,132.65,132.6
2013-12-11,LE0,132.875,133.125,132.5,132.65,13439.0,,活牛连续,145219.0,132.8,132.65
2013-12-12,LE0,132.675,133.425,132.6,133.1,14109.0,,活牛连续,142675.0,133.1,133.1
2013-12-13,LE0,133.2,133.4,132.1,132.9,18279.0,,活牛连续,143285.0,132.85,132.9
2013-12-16,LE0,132.6,133.9,132.45,133.525,18025.0,,活牛连续,142518.0,133.5,133.525
2013-12-17,LE0,133.4,133.575,132.9,132.95,12332.0,,活牛连续,143562.0,132.975,132.95
2013-12-18,LE0,133.0,133.25,132.35,132.4,12911.0,,活牛连续,143009.0,132.35,132.4
2013-12-19,LE0,132.575,133.2,132.15,133.05,15460.0,,活牛连续,141747.0,132.975,133.05
2013-12-20,LE0,133.125,134.225,133.1,133.925,22188.0,,活牛连续,141672.0,133.9,133.925
2013-12-23,LE0,133.95,134.325,133.9,133.9,11544.0,,活牛连续,141826.0,133.95,133.9
2013-12-24,LE0,134.0,134.2,133.425,133.8,11610.0,,活牛连续,142310.0,133.725,133.8
2013-12-26,LE0,133.9,134.275,133.85,134.225,8399.0,,活牛连续,142404.0,134.15,134.225
2013-12-27,LE0,134.2,135.275,134.05,134.95,29192.0,,活牛连续,141082.0,134.95,134.95
2013-12-30,LE0,135.1,135.425,134.65,135.1,18617.0,,活牛连续,139398.0,135.1,135.1
2013-12-31,LE0,135.1,135.6,134.6,134.625,16063.0,,活牛连续,138785.0,134.625,134.625
2014-01-02,LE0,134.925,135.8,134.85,135.625,29476.0,,活牛连续,138811.0,135.625,135.625
2014-01-03,LE0,135.725,136.375,135.65,136.3,18682.0,,活牛连续,139010.0,136.3,136.3
2014-01-06,LE0,136.3,137.05,136.175,136.825,20182.0,,活牛连续,132995.0,136.825,136.825
2014-01-07,LE0,137.0,137.225,136.325,136.5,22937.0,,活牛连续,129937.0,136.525,136.5
2014-01-08,LE0,136.575,137.225,136.35,136.65,30237.0,,活牛连续,126763.0,136.525,136.65
2014-01-09,LE0,136.775,137.325,136.35,136.6,31455.0,,活牛连续,118246.0,136.55,136.6
2014-01-10,LE0,136.85,137.475,136.7,136.95,21617.0,,活牛连续,120868.0,136.975,136.95
2014-01-13,LE0,137.375,137.45,136.45,137.1,22155.0,,活牛连续,127626.0,137.075,137.1
2014-01-14,LE0,136.975,138.1,136.95,137.8,27374.0,,活牛连续,133642.0,137.8,137.8
2014-01-15,LE0,137.9,139.375,137.85,138.95,36010.0,,活牛连续,141455.0,138.95,138.95
2014-01-16,LE0,139.325,139.825,138.675,139.2,37455.0,,活牛连续,147412.0,139.225,139.2
2014-01-17,LE0,138.975,139.45,138.3,139.2,24060.0,,活牛连续,153093.0,139.3,139.2
2014-01-21,LE0,139.725,140.65,139.5,140.25,28793.0,,活牛连续,158623.0,140.225,140.25
2014-01-22,LE0,140.375,143.2,139.8,141.75,41902.0,,活牛连续,165322.0,141.8,141.75
2014-01-23,LE0,142.35,142.35,140.275,140.6,27047.0,,活牛连续,167681.0,140.6,140.6
2014-01-24,LE0,140.6,140.8,139.75,140.1,19840.0,,活牛连续,167824.0,140.1,140.1
2014-01-27,LE0,139.625,140.675,139.45,140.475,20274.0,,活牛连续,168193.0,140.55,140.475
2014-01-28,LE0,140.5,140.8,140.0,140.325,19339.0,,活牛连续,169062.0,140.35,140.325
2014-01-29,LE0,140.05,140.825,139.625,140.55,19539.0,,活牛连续,168992.0,140.525,140.55
2014-01-30,LE0,140.4,140.725,140.025,140.5,17264.0,,活牛连续,170679.0,140.525,140.5
2014-01-31,LE0,140.525,141.25,139.15,140.45,32862.0,,活牛连续,172335.0,140.425,140.45
2014-02-03,LE0,140.175,140.175,139.0,139.4,23167.0,,活牛连续,174368.0,139.4,139.4
2014-02-04,LE0,139.45,139.75,138.825,138.925,23152.0,,活牛连续,172710.0,138.9,138.925
2014-02-05,LE0,139.0,139.55,138.775,139.15,15566.0,,活牛连续,173160.0,139.1,139.15
2014-02-06,LE0,138.975,139.525,138.6,139.05,21111.0,,活牛连续,175648.0,139.075,139.05
2014-02-07,LE0,139.15,140.5,139.025,140.45,31977.0,,活牛连续,176169.0,140.4,140.45
2014-02-10,LE0,140.45,140.85,139.5,140.15,18636.0,,活牛连续,178106.0,140.175,140.15
2014-02-11,LE0,140.225,141.875,139.775,141.2,29359.0,,活牛连续,176653.0,141.175,141.2
2014-02-12,LE0,141.325,141.85,140.7,140.75,19245.0,,活牛连续,178724.0,140.775,140.75
2014-02-13,LE0,140.9,142.65,140.9,142.4,24693.0,,活牛连续,178528.0,142.4,142.4
2014-02-14,LE0,142.45,142.7,141.075,141.1,19887.0,,活牛连续,178685.0,141.1,141.1
2014-02-18,LE0,141.65,142.225,141.65,142.125,15676.0,,活牛连续,174343.0,142.125,142.125
2014-02-19,LE0,142.15,142.9,141.45,141.825,26350.0,,活牛连续,172733.0,141.825,141.825
2014-02-20,LE0,141.725,142.275,141.5,141.9,16472.0,,活牛连续,172913.0,141.875,141.9
2014-02-21,LE0,142.275,142.325,141.15,141.45,21995.0,,活牛连续,173832.0,141.45,141.45
2014-02-24,LE0,141.5,142.325,141.15,141.2,18301.0,,活牛连续,172376.0,141.225,141.2
2014-02-25,LE0,141.325,142.8,141.25,142.475,23922.0,,活牛连续,172290.0,142.4,142.475
2014-02-26,LE0,142.675,145.375,142.625,144.5,43182.0,,活牛连续,171518.0,144.525,144.5
2014-02-27,LE0,145.15,145.975,144.125,144.45,37028.0,,活牛连续,168480.0,144.45,144.45
2014-02-28,LE0,144.575,145.8,143.8,144.9,25484.0,,活牛连续,165061.0,144.975,144.9
2014-03-03,LE0,145.175,145.25,143.75,144.275,24845.0,,活牛连续,163423.0,144.125,144.275
2014-03-04,LE0,144.25,146.3,144.05,145.625,25406.0,,活牛连续,156111.0,145.625,145.625
2014-03-05,LE0,145.7,146.825,142.625,143.675,40097.0,,活牛连续,152612.0,143.675,143.675
2014-03-06,LE0,143.825,144.0,142.775,143.15,20791.0,,活牛连续,141631.0,143.15,143.15
2014-03-07,LE0,143.025,143.55,142.875,143.225,22606.0,,活牛连续,137397.0,143.25,143.225
2014-03-10,LE0,143.4,143.575,142.7,143.1,29313.0,,活牛连续,131842.0,143.15,143.1
2014-03-11,LE0,136.325,136.925,135.65,136.1,29091.0,,活牛连续,129452.0,136.1,136.1
2014-03-12,LE0,136.25,136.775,135.9,136.7,27288.0,,活牛连续,138587.0,136.675,136.7
2014-03-13,LE0,136.675,136.975,135.75,136.85,32066.0,,活牛连续,147656.0,136.875,136.85
2014-03-14,LE0,137.0,138.05,136.825,137.7,27011.0,,活牛连续,156367.0,137.85,137.7
2014-03-17,LE0,138.0,138.45,137.6,137.95,14448.0,,活牛连续,161821.0,137.975,137.95
2014-03-18,LE0,138.025,138.5,137.5,138.325,13877.0,,活牛连续,164251.0,138.35,138.325
2014-03-19,LE0,138.225,138.45,137.825,138.3,17425.0,,活牛连续,167918.0,138.275,138.3
2014-03-20,LE0,138.3,138.775,135.975,136.1,29092.0,,活牛连续,171078.0,136.2,136.1
2014-03-21,LE0,136.675,136.825,135.3,136.125,23384.0,,活牛连续,171840.0,136.125,136.125
2014-03-24,LE0,135.9,136.9,135.5,136.45,19695.0,,活牛连续,173550.0,136.425,136.45
2014-03-25,LE0,136.75,137.175,135.65,136.5,20712.0,,活牛连续,174697.0,136.425,136.5
2014-03-26,LE0,137.2,138.1,136.925,137.7,21558.0,,活牛连续,175937.0,137.625,137.7
2014-03-27,LE0,137.925,138.725,137.275,138.5,22032.0,,活牛连续,178809.0,138.525,138.5
2014-03-28,LE0,138.6,139.0,137.8,138.3,19464.0,,活牛连续,180591.0,138.35,138.3
2014-03-31,LE0,137.35,137.95,136.525,137.475,19896.0,,活牛连续,182615.0,137.5,137.475
2014-04-01,LE0,137.25,137.55,135.875,136.575,22545.0,,活牛连续,181634.0,136.475,136.575
2014-04-02,LE0,136.75,137.1,136.35,136.75,17682.0,,活牛连续,182160.0,136.775,136.75
2014-04-03,LE0,136.9,137.525,136.875,137.4,17416.0,,活牛连续,183465.0,137.375,137.4
2014-04-04,LE0,137.45,137.5,134.375,134.8,35412.0,,活牛连续,185808.0,134.8,134.8
2014-04-07,LE0,134.925,135.15,134.35,134.95,17115.0,,活牛连续,181971.0,134.925,134.95
2014-04-08,LE0,134.95,135.55,134.7,135.25,12758.0,,活牛连续,181016.0,135.275,135.25
2014-04-09,LE0,135.35,135.9,134.95,135.6,15908.0,,活牛连续,181033.0,135.625,135.6
2014-04-10,LE0,135.675,135.75,134.75,135.15,15599.0,,活牛连续,181523.0,135.2,135.15
2014-04-11,LE0,135.45,136.35,135.275,136.0,17158.0,,活牛连续,180543.0,135.775,136.0
2014-04-14,LE0,136.0,136.125,135.7,135.85,9187.0,,活牛连续,181075.0,135.9,135.85
2014-04-15,LE0,135.9,135.975,135.05,135.45,13629.0,,活牛连续,180624.0,135.425,135.45
2014-04-16,LE0,135.55,135.925,135.25,135.625,12914.0,,活牛连续,179612.0,135.625,135.625
2014-04-17,LE0,135.625,135.75,134.1,134.425,23011.0,,活牛连续,178555.0,134.375,134.425
2014-04-21,LE0,134.3,134.8,133.925,134.55,10764.0,,活牛连续,175048.0,134.55,134.55
2014-04-22,LE0,134.75,136.2,134.65,134.95,27751.0,,活牛连续,174919.0,134.975,134.95
2014-04-23,LE0,134.8,135.375,134.325,135.1,17431.0,,活牛连续,175910.0,135.1,135.1
2014-04-24,LE0,135.25,136.6,134.75,135.85,21299.0,,活牛连续,174910.0,135.85,135.85
2014-04-25,LE0,136.3,137.125,134.975,136.95,21360.0,,活牛连续,174358.0,136.775,136.95
2014-04-28,LE0,137.175,137.575,136.5,136.85,22597.0,,活牛连续,175011.0,136.825,136.85
2014-04-29,LE0,137.0,137.175,136.4,137.05,20554.0,,活牛连续,173664.0,137.025,137.05
2014-04-30,LE0,137.175,137.725,136.575,137.075,25517.0,,活牛连续,173780.0,137.2,137.075
2014-05-01,LE0,137.15,139.5,137.05,139.3,36562.0,,活牛连续,173103.0,139.25,139.3
2014-05-02,LE0,139.375,139.95,137.875,138.0,30762.0,,活牛连续,169771.0,138.05,138.0
2014-05-05,LE0,138.5,138.775,137.4,137.525,16951.0,,活牛连续,163921.0,137.525,137.525
2014-05-06,LE0,137.75,138.575,137.65,138.25,20167.0,,活牛连续,160416.0,138.3,138.25
2014-05-07,LE0,138.175,139.0,137.3,137.65,26967.0,,活牛连续,157799.0,137.575,137.65
2014-05-08,LE0,137.775,138.15,137.5,137.925,21789.0,,活牛连续,149702.0,137.925,137.925
2014-05-09,LE0,138.1,138.55,137.4,138.0,29461.0,,活牛连续,142287.0,138.05,138.0
2014-05-12,LE0,138.4,138.7,137.575,137.6,34772.0,,活牛连续,131279.0,137.65,137.6
2014-05-13,LE0,138.075,138.675,137.6,137.95,32426.0,,活牛连续,123707.0,137.85,137.95
2014-05-14,LE0,137.75,138.65,137.675,138.4,22935.0,,活牛连续,136955.0,138.4,138.4
2014-05-15,LE0,138.35,138.475,137.2,137.9,22799.0,,活牛连续,142828.0,137.825,137.9
2014-05-16,LE0,138.125,138.475,137.4,138.4,12890.0,,活牛连续,147972.0,138.375,138.4
2014-05-19,LE0,138.325,140.775,138.2,140.55,34186.0,,活牛连续,151162.0,140.55,140.55
2014-05-20,LE0,140.7,140.9,139.725,140.15,18087.0,,活牛连续,159955.0,140.1,140.15
2014-05-21,LE0,140.125,140.5,139.5,139.575,13458.0,,活牛连续,161332.0,139.6,139.575
2014-05-22,LE0,139.9,140.05,138.275,138.65,18139.0,,活牛连续,164051.0,138.65,138.65
2014-05-23,LE0,138.725,138.875,137.0,137.1,17497.0,,活牛连续,164047.0,137.125,137.1
2014-05-27,LE0,137.225,137.375,136.5,136.75,14945.0,,活牛连续,161936.0,136.75,136.75
2014-05-28,LE0,136.925,137.475,136.675,137.075,13233.0,,活牛连续,163956.0,137.1,137.075
2014-05-29,LE0,137.475,139.875,137.35,139.175,28387.0,,活牛连续,164790.0,139.175,139.175
2014-05-30,LE0,139.7,139.75,138.45,138.55,17220.0,,活牛连续,168103.0,138.6,138.55
2014-06-02,LE0,138.5,139.4,138.45,139.125,22973.0,,活牛连续,168367.0,139.125,139.125
2014-06-03,LE0,139.4,140.55,139.25,140.075,21770.0,,活牛连续,172370.0,140.075,140.075
2014-06-04,LE0,140.075,140.45,139.275,140.15,20221.0,,活牛连续,176602.0,140.175,140.15
2014-06-05,LE0,140.25,141.575,140.075,141.35,21984.0,,活牛连续,177501.0,141.325,141.35
2014-06-06,LE0,141.125,142.0,140.75,141.35,26761.0,,活牛连续,180920.0,141.3,141.35
2014-06-09,LE0,141.85,143.575,141.775,143.25,24734.0,,活牛连续,180554.0,143.275,143.25
2014-06-10,LE0,143.55,143.825,142.65,143.4,21086.0,,活牛连续,179193.0,143.4,143.4
2014-06-11,LE0,143.55,143.625,142.15,142.15,20682.0,,活牛连续,177406.0,142.2,142.15
2014-06-12,LE0,142.65,145.2,142.4,145.0,29438.0,,活牛连续,176583.0,145.05,145.0
2014-06-13,LE0,145.55,147.3,144.725,146.65,26952.0,,活牛连续,176375.0,146.625,146.65
2014-06-16,LE0,147.025,147.15,146.125,146.4,12921.0,,活牛连续,175236.0,146.45,146.4
2014-06-17,LE0,146.525,147.75,145.575,145.7,15943.0,,活牛连续,174542.0,145.725,145.7
2014-06-18,LE0,145.575,146.25,144.0,145.0,28915.0,,活牛连续,174784.0,145.025,145.0
2014-06-19,LE0,145.5,148.025,145.375,147.475,26346.0,,活牛连续,172722.0,147.475,147.475
2014-06-20,LE0,147.75,147.85,146.025,146.3,19346.0,,活牛连续,175083.0,146.325,146.3
2014-06-23,LE0,146.35,147.2,146.35,147.0,13847.0,,活牛连续,172571.0,146.925,147.0
2014-06-24,LE0,147.0,149.825,146.925,149.65,23953.0,,活牛连续,171997.0,149.725,149.65
2014-06-25,LE0,149.475,151.55,149.2,150.7,22733.0,,活牛连续,171815.0,150.65,150.7
2014-06-26,LE0,151.025,153.025,150.8,152.75,24718.0,,活牛连续,169356.0,152.75,152.75
2014-06-27,LE0,152.85,153.0,150.55,151.1,33357.0,,活牛连续,168402.0,151.125,151.1
2014-06-30,LE0,151.7,152.8,149.75,150.1,19990.0,,活牛连续,163226.0,150.075,150.1
2014-07-01,LE0,150.375,151.925,150.375,151.45,23518.0,,活牛连续,160995.0,151.5,151.45
2014-07-02,LE0,151.625,154.5,151.075,152.7,33762.0,,活牛连续,158699.0,152.325,152.7
2014-07-03,LE0,155.05,155.325,154.075,154.9,27022.0,,活牛连续,153348.0,155.0,154.9
2014-07-07,LE0,155.8,156.5,154.275,155.0,28329.0,,活牛连续,149425.0,154.95,155.0
2014-07-08,LE0,154.9,155.325,152.975,153.55,37385.0,,活牛连续,144062.0,153.525,153.55
2014-07-09,LE0,153.6,155.375,150.525,150.95,48293.0,,活牛连续,133902.0,150.8,150.95
2014-07-10,LE0,151.275,151.625,147.95,148.05,47100.0,,活牛连续,120976.0,148.15,148.05
2014-07-11,LE0,150.6,152.025,149.45,151.7,29932.0,,活牛连续,114910.0,151.65,151.7
2014-07-14,LE0,151.625,152.0,150.075,150.9,28785.0,,活牛连续,122110.0,150.85,150.9
2014-07-15,LE0,151.25,152.15,150.6,151.9,19071.0,,活牛连续,129466.0,151.85,151.9
2014-07-16,LE0,151.825,152.5,150.875,151.3,18604.0,,活牛连续,133349.0,151.3,151.3
2014-07-17,LE0,152.4,153.9,152.4,153.75,19309.0,,活牛连续,136330.0,153.7,153.75
2014-07-18,LE0,153.075,154.675,152.875,154.3,17450.0,,活牛连续,139958.0,154.325,154.3
2014-07-21,LE0,154.425,155.575,153.925,155.4,17325.0,,活牛连续,140885.0,155.25,155.4
2014-07-22,LE0,155.4,158.25,155.4,157.9,26554.0,,活牛连续,143767.0,157.875,157.9
2014-07-23,LE0,158.25,159.3,156.375,157.95,30604.0,,活牛连续,146454.0,158.0,157.95
2014-07-24,LE0,158.65,159.8,156.4,158.05,30688.0,,活牛连续,149080.0,158.05,158.05
2014-07-25,LE0,158.4,159.8,157.575,159.8,16264.0,,活牛连续,148044.0,159.8,159.8
2014-07-28,LE0,160.0,160.75,158.175,159.075,23227.0,,活牛连续,149074.0,159.075,159.075
2014-07-29,LE0,159.475,159.725,158.675,159.1,16050.0,,活牛连续,149409.0,159.075,159.1
2014-07-30,LE0,159.225,160.275,158.925,159.925,15346.0,,活牛连续,150871.0,159.925,159.925
2014-07-31,LE0,159.925,160.1,156.925,157.325,25562.0,,活牛连续,153288.0,157.325,157.325
2014-08-01,LE0,156.8,157.25,154.425,155.95,25600.0,,活牛连续,154304.0,156.0,155.95
2014-08-04,LE0,156.25,157.0,154.95,156.225,18279.0,,活牛连续,155056.0,156.225,156.225
2014-08-05,LE0,156.525,157.25,155.325,155.675,16220.0,,活牛连续,156006.0,155.65,155.675
2014-08-06,LE0,155.8,156.375,154.725,156.0,17482.0,,活牛连续,156585.0,155.95,156.0
2014-08-07,LE0,155.9,156.375,152.95,153.0,30468.0,,活牛连续,158690.0,153.0,153.0
2014-08-08,LE0,152.575,152.85,150.0,150.0,19716.0,,活牛连续,157509.0,150.0,150.0
2014-08-11,LE0,147.9,152.05,147.85,150.5,32794.0,,活牛连续,155161.0,150.45,150.5
2014-08-12,LE0,150.45,150.725,147.45,147.7,28068.0,,活牛连续,153494.0,147.675,147.7
2014-08-13,LE0,147.175,148.45,144.925,146.5,30658.0,,活牛连续,151780.0,146.55,146.5
2014-08-14,LE0,146.425,147.775,145.825,147.2,19231.0,,活牛连续,149875.0,147.35,147.2
2014-08-15,LE0,147.2,148.9,146.9,147.8,18879.0,,活牛连续,148489.0,147.75,147.8
2014-08-18,LE0,148.025,149.375,147.15,148.6,16332.0,,活牛连续,145940.0,148.55,148.6
2014-08-19,LE0,148.4,149.25,146.55,147.25,17184.0,,活牛连续,145928.0,147.225,147.25
2014-08-20,LE0,146.7,146.775,144.225,145.4,23117.0,,活牛连续,145790.0,145.4,145.4
2014-08-21,LE0,145.35,146.15,144.45,145.5,19230.0,,活牛连续,143920.0,145.55,145.5
2014-08-22,LE0,145.6,147.875,145.55,147.1,17766.0,,活牛连续,143905.0,147.0,147.1
2014-08-25,LE0,147.325,148.625,147.075,148.15,17431.0,,活牛连续,141146.0,148.15,148.15
2014-08-26,LE0,147.95,149.025,147.9,148.2,18331.0,,活牛连续,139682.0,148.25,148.2
2014-08-27,LE0,148.25,148.6,147.475,147.8,14603.0,,活牛连续,137772.0,147.825,147.8
2014-08-28,LE0,147.9,150.8,147.5,150.3,26349.0,,活牛连续,136423.0,150.1,150.3
2014-08-29,LE0,149.95,151.55,149.75,151.5,20560.0,,活牛连续,134927.0,151.425,151.5
2014-09-02,LE0,151.85,154.05,151.75,152.65,27485.0,,活牛连续,134516.0,152.425,152.65
2014-09-03,LE0,152.925,155.425,152.8,155.425,27919.0,,活牛连续,130186.0,155.425,155.425
2014-09-04,LE0,155.95,158.425,155.5,157.0,51997.0,,活牛连续,127844.0,157.05,157.0
2014-09-05,LE0,157.75,160.05,157.275,159.75,29832.0,,活牛连续,117378.0,159.75,159.75
2014-09-08,LE0,160.05,160.3,158.2,158.45,33785.0,,活牛连续,114551.0,158.525,158.45
2014-09-09,LE0,161.0,162.85,160.8,162.3,28247.0,,活牛连续,107490.0,162.275,162.3
2014-09-10,LE0,162.625,163.875,160.35,162.05,33813.0,,活牛连续,112620.0,162.1,162.05
2014-09-11,LE0,162.25,162.4,159.525,159.85,22221.0,,活牛连续,122743.0,159.7,159.85
2014-09-12,LE0,160.0,160.625,158.45,159.3,25036.0,,活牛连续,127995.0,159.25,159.3
2014-09-15,LE0,159.675,159.925,158.275,159.0,16643.0,,活牛连续,134694.0,159.025,159.0
2014-09-16,LE0,159.125,159.125,157.45,158.875,16494.0,,活牛连续,136990.0,158.875,158.875
2014-09-17,LE0,158.85,160.825,158.75,160.1,19663.0,,活牛连续,138733.0,160.0,160.1
2014-09-18,LE0,159.875,159.875,157.8,158.725,18510.0,,活牛连续,143574.0,158.925,158.725
2014-09-19,LE0,159.3,159.5,158.2,158.65,20104.0,,活牛连续,144824.0,158.7,158.65
2014-09-22,LE0,157.925,159.025,157.45,158.65,15567.0,,活牛连续,143266.0,158.65,158.65
2014-09-23,LE0,158.8,159.15,157.825,158.7,14283.0,,活牛连续,144125.0,158.725,158.7
2014-09-24,LE0,158.375,159.225,158.025,158.75,19056.0,,活牛连续,144254.0,158.775,158.75
2014-09-25,LE0,158.725,159.85,158.45,159.05,19171.0,,活牛连续,146135.0,159.1,159.05
2014-09-26,LE0,159.5,162.1,158.925,162.1,28937.0,,活牛连续,147582.0,162.1,162.1
2014-09-29,LE0,161.925,165.075,161.1,164.45,33813.0,,活牛连续,151599.0,164.475,164.45
2014-09-30,LE0,164.9,164.975,163.15,163.4,21419.0,,活牛连续,153187.0,163.475,163.4
2014-10-01,LE0,163.35,166.175,163.275,165.9,38819.0,,活牛连续,153400.0,165.9,165.9
2014-10-02,LE0,165.825,166.95,165.3,166.425,26975.0,,活牛连续,155761.0,166.425,166.425
2014-10-03,LE0,166.575,167.675,165.625,165.9,21410.0,,活牛连续,153940.0,165.875,165.9
2014-10-06,LE0,166.0,167.025,165.5,166.3,18036.0,,活牛连续,154717.0,166.3,166.3
2014-10-07,LE0,166.425,168.9,166.15,167.9,24296.0,,活牛连续,155496.0,167.85,167.9
2014-10-08,LE0,167.925,168.825,167.125,168.0,20342.0,,活牛连续,157450.0,168.05,168.0
2014-10-09,LE0,168.575,169.6,165.05,165.75,30374.0,,活牛连续,156805.0,165.875,165.75
2014-10-10,LE0,165.575,166.625,164.4,165.3,23262.0,,活牛连续,155681.0,165.3,165.3
2014-10-13,LE0,166.025,167.65,165.95,166.75,12813.0,,活牛连续,154522.0,166.7,166.75
2014-10-14,LE0,166.35,166.925,163.8,163.95,21786.0,,活牛连续,154525.0,163.925,163.95
2014-10-15,LE0,164.125,164.875,161.8,162.5,35397.0,,活牛连续,151806.0,162.475,162.5
2014-10-16,LE0,162.5,165.475,162.375,165.4,24531.0,,活牛连续,149256.0,165.3,165.4
2014-10-17,LE0,164.7,165.7,163.875,165.05,16423.0,,活牛连续,149481.0,165.05,165.05
2014-10-20,LE0,165.125,168.05,165.1,168.05,16380.0,,活牛连续,146380.0,168.025,168.05
2014-10-21,LE0,167.825,169.75,166.325,167.05,27640.0,,活牛连续,146818.0,167.05,167.05
2014-10-22,LE0,167.175,168.475,166.775,168.05,14931.0,,活牛连续,146695.0,168.1,168.05
2014-10-23,LE0,168.4,170.0,167.6,169.1,22713.0,,活牛连续,147943.0,169.1,169.1
2014-10-24,LE0,169.725,169.975,166.5,167.15,20551.0,,活牛连续,149576.0,166.9,167.15
2014-10-27,LE0,167.2,168.55,166.725,167.85,14863.0,,活牛连续,147464.0,167.825,167.85
2014-10-28,LE0,167.775,168.15,166.75,167.75,13135.0,,活牛连续,147023.0,167.775,167.75
2014-10-29,LE0,167.625,168.375,165.975,166.7,24451.0,,活牛连续,145646.0,166.75,166.7
2014-10-30,LE0,166.925,168.0,166.1,167.3,24395.0,,活牛连续,141548.0,167.325,167.3
2014-10-31,LE0,167.45,167.75,165.45,166.1,30846.0,,活牛连续,138465.0,166.05,166.1
2014-11-03,LE0,165.75,167.325,165.175,167.1,22131.0,,活牛连续,137563.0,167.05,167.1
2014-11-04,LE0,167.0,167.25,166.35,166.7,16776.0,,活牛连续,135756.0,166.65,166.7
2014-11-05,LE0,166.65,166.7,164.9,165.2,23607.0,,活牛连续,132511.0,165.2,165.2
2014-11-06,LE0,165.225,166.45,165.075,165.35,17670.0,,活牛连续,127066.0,165.35,165.35
2014-11-07,LE0,165.4,167.275,165.1,166.8,26107.0,,活牛连续,124239.0,166.8,166.8
2014-11-10,LE0,167.225,167.9,166.9,167.1,23740.0,,活牛连续,117517.0,167.125,167.1
2014-11-11,LE0,167.1,168.1,166.475,167.3,28582.0,,活牛连续,111010.0,167.25,167.3
2014-11-12,LE0,167.0,168.35,166.525,168.0,37179.0,,活牛连续,103991.0,167.75,168.0
2014-11-13,LE0,169.9,171.175,169.8,171.0,41295.0,,活牛连续,104680.0,171.025,171.0
2014-11-14,LE0,171.0,171.575,170.475,171.3,15800.0,,活牛连续,119867.0,171.275,171.3
2014-11-17,LE0,171.675,172.225,171.175,172.15,16377.0,,活牛连续,124543.0,172.1,172.15
2014-11-18,LE0,172.2,172.25,171.5,172.075,9653.0,,活牛连续,129051.0,172.075,172.075
2014-11-19,LE0,172.05,172.75,171.25,172.3,17487.0,,活牛连续,131417.0,172.3,172.3
2014-11-20,LE0,172.65,172.75,170.975,171.8,17556.0,,活牛连续,135169.0,171.825,171.8
2014-11-21,LE0,171.775,172.65,171.3,172.15,16003.0,,活牛连续,137068.0,172.15,172.15
2014-11-24,LE0,172.1,172.65,169.35,170.0,24798.0,,活牛连续,139565.0,170.025,170.0
2014-11-25,LE0,170.0,171.25,169.525,171.05,16902.0,,活牛连续,138725.0,171.025,171.05
2014-11-26,LE0,170.7,171.275,169.275,169.7,16886.0,,活牛连续,141223.0,169.675,169.7
2014-11-28,LE0,169.1,169.7,168.625,169.25,13850.0,,活牛连续,142107.0,169.225,169.25
2014-12-01,LE0,169.2,170.9,168.025,170.9,26320.0,,活牛连续,142679.0,170.85,170.9
2014-12-02,LE0,170.65,170.925,168.4,169.0,23379.0,,活牛连续,145249.0,169.05,169.0
2014-12-03,LE0,168.55,168.6,166.1,167.075,28794.0,,活牛连续,147512.0,167.125,167.075
2014-12-04,LE0,166.75,167.9,166.575,166.925,15991.0,,活牛连续,143531.0,166.975,166.925
2014-12-05,LE0,166.875,167.025,164.425,164.85,21331.0,,活牛连续,145265.0,164.875,164.85
2014-12-08,LE0,164.75,165.05,161.875,161.875,26161.0,,活牛连续,145060.0,161.875,161.875
2014-12-09,LE0,162.075,163.9,161.225,162.95,26722.0,,活牛连续,144016.0,163.05,162.95
2014-12-10,LE0,163.45,163.45,161.5,162.85,19799.0,,活牛连续,142401.0,162.85,162.85
2014-12-11,LE0,163.175,163.775,162.325,162.6,19278.0,,活牛连续,140200.0,162.575,162.6
2014-12-12,LE0,162.475,163.95,160.7,162.15,22989.0,,活牛连续,137121.0,162.175,162.15
2014-12-15,LE0,162.125,162.45,160.925,161.65,17954.0,,活牛连续,134768.0,161.75,161.65
2014-12-16,LE0,161.0,161.55,158.75,158.75,13736.0,,活牛连续,134221.0,158.75,158.75
2014-12-17,LE0,156.0,159.6,155.75,155.9,30089.0,,活牛连续,133692.0,155.825,155.9
2014-12-18,LE0,155.6,158.825,155.1,158.825,29998.0,,活牛连续,127255.0,158.525,158.825
2014-12-19,LE0,158.575,160.775,158.45,160.1,21966.0,,活牛连续,122530.0,160.1,160.1
2014-12-22,LE0,160.4,161.425,160.25,160.75,14308.0,,活牛连续,120664.0,160.825,160.75
2014-12-23,LE0,160.95,161.175,159.075,160.625,15846.0,,活牛连续,121724.0,160.6,160.625
2014-12-24,LE0,160.55,161.4,159.65,160.6,11784.0,,活牛连续,121499.0,160.575,160.6
2014-12-26,LE0,161.0,163.0,160.125,162.475,13075.0,,活牛连续,120121.0,162.475,162.475
2014-12-29,LE0,163.15,165.475,163.15,165.0,19503.0,,活牛连续,119743.0,165.0,165.0
2014-12-30,LE0,165.6,166.525,164.275,164.8,16015.0,,活牛连续,119545.0,164.7,164.8
2014-12-31,LE0,165.25,166.0,162.675,163.55,24548.0,,活牛连续,119193.0,163.55,163.55
2015-01-02,LE0,165.475,166.475,165.05,165.8,17244.0,,活牛连续,116797.0,165.675,165.8
2015-01-05,LE0,166.15,166.875,165.6,166.15,17046.0,,活牛连续,117649.0,166.225,166.15
2015-01-06,LE0,166.325,166.6,164.275,166.0,30949.0,,活牛连续,115725.0,166.025,166.0
2015-01-07,LE0,166.4,166.75,164.975,165.85,24493.0,,活牛连续,111136.0,165.9,165.85
2015-01-08,LE0,165.825,166.975,162.9,163.55,38648.0,,活牛连续,107401.0,163.6,163.55
2015-01-09,LE0,163.4,163.725,160.6,160.6,28356.0,,活牛连续,102551.0,160.6,160.6
2015-01-12,LE0,160.45,162.725,159.85,160.6,45793.0,,活牛连续,97769.0,160.45,160.6
2015-01-13,LE0,159.575,160.7,156.35,156.4,28895.0,,活牛连续,100672.0,156.4,156.4
2015-01-14,LE0,155.95,157.475,152.725,154.3,37346.0,,活牛连续,103243.0,154.325,154.3
2015-01-15,LE0,154.325,155.2,152.15,152.8,25754.0,,活牛连续,106865.0,152.8,152.8
2015-01-16,LE0,152.475,153.325,151.35,153.0,23691.0,,活牛连续,109448.0,152.95,153.0
2015-01-20,LE0,152.95,153.0,149.95,151.0,22733.0,,活牛连续,112248.0,151.075,151.0
2015-01-21,LE0,151.8,152.25,150.3,151.8,15386.0,,活牛连续,112037.0,151.875,151.8
2015-01-22,LE0,151.6,153.6,151.45,151.8,22684.0,,活牛连续,112759.0,151.8,151.8
2015-01-23,LE0,151.225,151.3,148.8,148.8,20041.0,,活牛连续,115410.0,148.8,148.8
2015-01-26,LE0,148.775,151.675,146.65,147.9,34921.0,,活牛连续,115168.0,148.0,147.9
2015-01-27,LE0,148.375,151.0,148.225,151.0,18693.0,,活牛连续,114076.0,151.0,151.0
2015-01-28,LE0,150.6,152.0,150.45,151.55,25026.0,,活牛连续,113324.0,151.5,151.55
2015-01-29,LE0,151.6,152.775,148.525,150.55,30035.0,,活牛连续,114748.0,150.5,150.55
2015-01-30,LE0,150.8,152.35,149.625,152.35,19984.0,,活牛连续,115683.0,152.275,152.35
2015-02-02,LE0,151.375,153.0,149.275,149.45,26243.0,,活牛连续,116424.0,149.6,149.45
2015-02-03,LE0,149.325,151.2,147.825,150.6,23916.0,,活牛连续,118688.0,150.575,150.6
2015-02-04,LE0,150.2,150.825,148.475,148.65,20191.0,,活牛连续,119907.0,148.65,148.65
2015-02-05,LE0,148.75,149.6,146.875,148.05,21618.0,,活牛连续,120861.0,148.025,148.05
2015-02-06,LE0,148.5,151.025,148.5,151.025,16021.0,,活牛连续,120486.0,151.025,151.025
2015-02-09,LE0,152.425,154.475,152.025,153.65,21254.0,,活牛连续,120717.0,153.65,153.65
2015-02-10,LE0,154.1,154.55,152.75,153.8,17022.0,,活牛连续,120395.0,153.775,153.8
2015-02-11,LE0,154.075,154.225,150.775,151.2,22651.0,,活牛连续,121165.0,151.1,151.2
2015-02-12,LE0,151.5,152.15,149.65,151.3,24953.0,,活牛连续,121515.0,151.125,151.3
2015-02-13,LE0,152.025,154.125,151.6,153.2,23026.0,,活牛连续,123465.0,153.225,153.2
2015-02-17,LE0,153.675,153.75,150.55,150.7,21183.0,,活牛连续,122040.0,150.725,150.7
2015-02-18,LE0,150.9,153.1,150.45,152.6,19246.0,,活牛连续,121986.0,152.625,152.6
2015-02-19,LE0,152.8,152.9,151.15,151.5,16539.0,,活牛连续,121805.0,151.5,151.5
2015-02-20,LE0,151.5,152.5,148.5,148.55,25733.0,,活牛连续,120471.0,148.525,148.55
2015-02-23,LE0,148.45,149.4,146.9,147.05,23873.0,,活牛连续,121209.0,147.1,147.05
2015-02-24,LE0,147.025,147.725,145.3,145.5,28039.0,,活牛连续,121050.0,145.575,145.5
2015-02-25,LE0,145.6,147.775,145.45,146.9,22802.0,,活牛连续,119950.0,146.85,146.9
2015-02-26,LE0,147.4,149.85,147.25,149.8,24929.0,,活牛连续,120124.0,149.8,149.8
2015-02-27,LE0,149.85,152.15,149.3,151.6,32809.0,,活牛连续,119263.0,151.7,151.6
2015-03-02,LE0,152.175,153.9,152.1,153.4,27372.0,,活牛连续,116237.0,153.45,153.4
2015-03-03,LE0,153.45,153.5,150.775,151.0,24092.0,,活牛连续,112870.0,151.05,151.0
2015-03-04,LE0,150.85,154.05,150.15,154.05,23913.0,,活牛连续,108815.0,154.05,154.05
2015-03-05,LE0,154.3,155.05,153.05,153.05,30393.0,,活牛连续,106780.0,153.275,153.05
2015-03-06,LE0,153.55,155.05,152.75,154.7,31152.0,,活牛连续,102305.0,154.65,154.7
2015-03-09,LE0,155.475,155.5,153.8,153.85,24364.0,,活牛连续,98385.0,154.0,153.85
2015-03-10,LE0,154.15,155.075,153.15,154.65,27842.0,,活牛连续,94627.0,154.75,154.65
2015-03-11,LE0,155.0,156.3,154.95,155.5,30209.0,,活牛连续,89055.0,155.6,155.5
2015-03-12,LE0,146.95,147.275,145.525,146.625,19175.0,,活牛连续,84898.0,146.625,146.625
2015-03-13,LE0,146.6,147.25,144.05,145.275,17879.0,,活牛连续,89176.0,145.275,145.275
2015-03-16,LE0,144.8,145.475,144.15,145.0,17078.0,,活牛连续,90392.0,144.975,145.0
2015-03-17,LE0,145.05,146.3,144.525,145.45,18619.0,,活牛连续,94818.0,145.475,145.45
2015-03-18,LE0,145.5,148.475,145.075,148.475,23755.0,,活牛连续,99172.0,148.475,148.475
2015-03-19,LE0,148.7,150.825,148.45,150.15,31507.0,,活牛连续,103125.0,150.225,150.15
2015-03-20,LE0,150.225,150.925,149.075,150.45,20481.0,,活牛连续,108675.0,150.475,150.45
2015-03-23,LE0,151.5,153.475,151.225,153.1,31818.0,,活牛连续,111807.0,153.0,153.1
2015-03-24,LE0,153.35,153.35,152.05,153.05,21014.0,,活牛连续,116912.0,153.05,153.05
2015-03-25,LE0,152.725,153.2,151.55,152.35,20283.0,,活牛连续,118994.0,152.375,152.35
2015-03-26,LE0,152.5,152.825,151.55,152.0,13799.0,,活牛连续,122179.0,152.0,152.0
2015-03-27,LE0,152.2,153.15,151.8,152.95,15889.0,,活牛连续,123574.0,152.975,152.95
2015-03-30,LE0,152.55,153.325,151.9,153.1,15880.0,,活牛连续,125866.0,152.975,153.1
2015-03-31,LE0,152.95,153.6,152.15,152.15,20751.0,,活牛连续,126853.0,152.325,152.15
2015-04-01,LE0,152.4,153.5,151.375,152.05,22324.0,,活牛连续,129868.0,152.225,152.05
2015-04-02,LE0,152.85,153.45,152.425,153.35,17809.0,,活牛连续,130104.0,153.375,153.35
2015-04-06,LE0,153.8,154.675,151.6,151.9,23109.0,,活牛连续,132252.0,151.75,151.9
2015-04-07,LE0,151.1,152.375,150.2,152.325,23131.0,,活牛连续,133049.0,152.325,152.325
2015-04-08,LE0,151.875,152.35,150.95,151.425,20211.0,,活牛连续,133381.0,151.45,151.425
2015-04-09,LE0,151.575,151.95,150.95,151.6,13524.0,,活牛连续,132236.0,151.575,151.6
2015-04-10,LE0,151.25,151.325,148.575,148.8,32310.0,,活牛连续,134431.0,148.8,148.8
2015-04-13,LE0,148.05,149.325,147.85,148.9,20900.0,,活牛连续,132581.0,148.95,148.9
2015-04-14,LE0,148.9,150.925,148.6,150.475,20917.0,,活牛连续,134568.0,150.425,150.475
2015-04-15,LE0,150.65,151.975,150.6,151.7,19430.0,,活牛连续,136211.0,151.675,151.7
2015-04-16,LE0,151.7,152.425,150.75,152.05,21145.0,,活牛连续,138436.0,152.0,152.05
2015-04-17,LE0,152.15,152.35,149.0,149.0,22067.0,,活牛连续,139945.0,149.0,149.0
2015-04-20,LE0,148.2,148.425,145.575,145.8,36395.0,,活牛连续,139147.0,145.875,145.8
2015-04-21,LE0,145.7,146.9,145.525,146.725,25932.0,,活牛连续,134702.0,146.725,146.725
2015-04-22,LE0,146.6,146.95,145.175,146.0,26981.0,,活牛连续,131702.0,146.025,146.0
2015-04-23,LE0,146.55,149.025,146.075,149.025,26759.0,,活牛连续,129910.0,149.025,149.025
2015-04-24,LE0,149.6,151.65,148.4,151.15,34659.0,,活牛连续,131111.0,151.2,151.15
2015-04-27,LE0,149.5,150.9,149.4,150.325,20343.0,,活牛连续,133685.0,150.275,150.325
2015-04-28,LE0,150.3,151.55,150.3,151.15,21896.0,,活牛连续,133503.0,151.125,151.15
2015-04-29,LE0,151.65,151.65,150.35,150.875,18492.0,,活牛连续,134554.0,150.9,150.875
2015-04-30,LE0,151.05,151.3,148.125,149.725,29503.0,,活牛连续,132519.0,149.7,149.725
2015-05-01,LE0,149.5,150.55,148.4,149.25,25507.0,,活牛连续,128671.0,149.175,149.25
2015-05-04,LE0,149.475,151.0,149.4,150.8,17025.0,,活牛连续,126567.0,150.725,150.8
2015-05-05,LE0,151.2,152.05,150.05,151.5,24449.0,,活牛连续,124850.0,151.45,151.5
2015-05-06,LE0,151.45,151.775,150.15,150.3,22920.0,,活牛连续,123995.0,150.225,150.3
2015-05-07,LE0,150.25,150.7,149.075,149.35,26991.0,,活牛连续,119932.0,149.375,149.35
2015-05-08,LE0,150.525,151.625,150.175,151.6,28284.0,,活牛连续,113716.0,151.5,151.6
2015-05-11,LE0,151.525,152.925,150.05,150.35,30419.0,,活牛连续,109313.0,150.25,150.35
2015-05-12,LE0,150.5,151.65,149.6,151.65,29982.0,,活牛连续,105309.0,151.475,151.65
2015-05-13,LE0,151.25,152.55,150.825,151.9,29906.0,,活牛连续,100637.0,151.975,151.9
2015-05-14,LE0,152.7,154.975,152.55,153.9,28417.0,,活牛连续,96388.0,153.8,153.9
2015-05-15,LE0,152.4,152.475,150.05,150.825,16687.0,,活牛连续,100573.0,150.8,150.825
2015-05-18,LE0,150.125,150.375,149.375,150.025,14848.0,,活牛连续,104178.0,150.025,150.025
2015-05-19,LE0,149.95,150.875,149.45,150.55,15500.0,,活牛连续,106827.0,150.6,150.55
2015-05-20,LE0,150.6,151.25,149.475,149.725,14564.0,,活牛连续,110853.0,149.725,149.725
2015-05-21,LE0,150.85,151.6,150.225,150.85,19902.0,,活牛连续,112475.0,150.9,150.85
2015-05-22,LE0,150.6,151.3,150.025,150.725,19525.0,,活牛连续,119280.0,150.7,150.725
2015-05-26,LE0,150.725,151.475,150.45,150.6,15947.0,,活牛连续,121725.0,150.625,150.6
2015-05-27,LE0,150.8,151.65,149.95,151.4,22017.0,,活牛连续,126561.0,151.425,151.4
2015-05-28,LE0,151.725,153.4,151.55,152.75,43204.0,,活牛连续,132940.0,152.75,152.75
2015-05-29,LE0,152.675,153.25,151.0,151.25,42213.0,,活牛连续,147955.0,151.275,151.25
2015-06-01,LE0,151.35,152.375,151.275,152.1,16856.0,,活牛连续,148862.0,152.15,152.1
2015-06-02,LE0,152.45,152.45,151.45,151.975,16473.0,,活牛连续,150622.0,152.0,151.975
2015-06-03,LE0,151.525,151.975,150.575,150.625,23329.0,,活牛连续,152002.0,150.625,150.625
2015-06-04,LE0,150.625,151.775,150.375,151.425,18661.0,,活牛连续,151305.0,151.45,151.425
2015-06-05,LE0,151.375,152.25,150.25,150.55,24685.0,,活牛连续,153111.0,150.575,150.55
2015-06-08,LE0,150.6,151.9,150.1,151.55,19608.0,,活牛连续,151993.0,151.6,151.55
2015-06-09,LE0,151.5,153.15,151.05,152.875,24628.0,,活牛连续,152197.0,152.875,152.875
2015-06-10,LE0,153.075,154.4,153.0,153.525,24620.0,,活牛连续,154182.0,153.525,153.525
2015-06-11,LE0,153.575,154.35,152.7,152.925,19335.0,,活牛连续,156908.0,152.925,152.925
2015-06-12,LE0,152.55,152.7,150.2,150.85,30670.0,,活牛连续,156489.0,150.8,150.85
2015-06-15,LE0,150.525,151.325,150.375,151.1,17318.0,,活牛连续,151121.0,151.125,151.1
2015-06-16,LE0,151.3,151.85,150.75,151.15,17987.0,,活牛连续,149521.0,151.225,151.15
2015-06-17,LE0,151.075,151.125,150.325,150.65,12718.0,,活牛连续,148492.0,150.65,150.65
2015-06-18,LE0,150.75,150.775,149.25,149.3,23001.0,,活牛连续,147161.0,149.35,149.3
2015-06-19,LE0,149.55,151.125,149.275,150.7,17180.0,,活牛连续,142916.0,150.675,150.7
2015-06-22,LE0,150.725,152.425,150.3,151.95,21680.0,,活牛连续,140982.0,151.9,151.95
2015-06-23,LE0,151.85,152.325,151.375,151.825,17364.0,,活牛连续,139476.0,151.825,151.825
2015-06-24,LE0,151.725,151.8,150.2,150.425,22528.0,,活牛连续,138241.0,150.325,150.425
2015-06-25,LE0,150.275,150.3,147.85,148.55,35752.0,,活牛连续,134838.0,148.575,148.55
2015-06-26,LE0,148.125,149.325,147.925,148.5,19227.0,,活牛连续,126080.0,148.525,148.5
2015-06-29,LE0,148.6,150.45,147.85,149.9,22235.0,,活牛连续,122520.0,149.875,149.9
2015-06-30,LE0,149.825,150.7,147.85,148.0,26491.0,,活牛连续,120278.0,148.075,148.0
2015-07-01,LE0,148.4,151.075,148.1,151.075,33162.0,,活牛连续,116852.0,151.075,151.075
2015-07-02,LE0,151.65,151.975,150.825,151.05,26405.0,,活牛连续,116251.0,151.225,151.05
2015-07-06,LE0,151.5,151.725,150.075,150.5,20206.0,,活牛连续,114179.0,150.5,150.5
2015-07-07,LE0,150.625,151.4,149.875,151.125,21627.0,,活牛连续,111275.0,151.075,151.125
2015-07-08,LE0,151.15,151.575,148.55,149.1,41220.0,,活牛连续,107277.0,149.0,149.1
2015-07-09,LE0,149.225,150.45,148.0,148.575,34096.0,,活牛连续,95850.0,148.475,148.575
2015-07-10,LE0,148.75,149.125,147.35,147.475,33094.0,,活牛连续,87330.0,147.475,147.475
2015-07-13,LE0,150.25,150.5,149.275,149.65,26121.0,,活牛连续,80248.0,149.725,149.65
2015-07-14,LE0,149.65,150.9,149.1,150.125,24229.0,,活牛连续,85747.0,150.325,150.125
2015-07-15,LE0,150.325,150.85,149.6,150.0,13470.0,,活牛连续,91382.0,150.225,150.0
2015-07-16,LE0,150.0,150.15,149.05,149.25,10001.0,,活牛连续,93190.0,149.425,149.25
2015-07-17,LE0,149.25,150.45,148.325,149.35,17938.0,,活牛连续,94727.0,149.125,149.35
2015-07-20,LE0,149.2,149.675,148.85,148.85,10411.0,,活牛连续,96066.0,149.025,148.85
2015-07-21,LE0,149.125,149.125,147.1,147.15,14540.0,,活牛连续,96996.0,147.275,147.15
2015-07-22,LE0,147.25,148.275,146.025,146.05,18300.0,,活牛连续,98670.0,146.45,146.05
2015-07-23,LE0,146.275,146.8,144.55,144.55,23891.0,,活牛连续,100546.0,144.65,144.55
2015-07-24,LE0,144.575,145.35,143.475,144.05,23837.0,,活牛连续,105354.0,144.125,144.05
2015-07-27,LE0,144.0,144.7,143.3,144.15,19009.0,,活牛连续,105996.0,143.975,144.15
2015-07-28,LE0,144.5,146.975,144.35,146.725,27546.0,,活牛连续,104656.0,146.8,146.725
2015-07-29,LE0,146.9,147.425,145.9,146.275,15280.0,,活牛连续,103810.0,146.475,146.275
2015-07-30,LE0,146.475,147.425,146.225,146.475,13637.0,,活牛连续,103970.0,146.45,146.475
2015-07-31,LE0,146.65,147.375,145.775,146.55,18857.0,,活牛连续,104750.0,145.925,146.55
2015-08-03,LE0,147.375,148.925,147.375,148.3,21807.0,,活牛连续,106107.0,148.1,148.3
2015-08-04,LE0,148.625,148.875,147.725,148.0,14435.0,,活牛连续,106235.0,148.2,148.0
2015-08-05,LE0,148.0,148.35,147.625,148.3,12472.0,,活牛连续,106071.0,148.175,148.3
2015-08-06,LE0,148.725,149.275,148.125,148.45,19269.0,,活牛连续,106448.0,148.85,148.45
2015-08-07,LE0,148.75,149.1,148.275,148.4,13106.0,,活牛连续,104854.0,148.525,148.4
2015-08-10,LE0,149.4,149.8,149.0,149.45,16653.0,,活牛连续,104089.0,149.3,149.45
2015-08-11,LE0,149.075,149.5,148.975,149.3,12008.0,,活牛连续,103908.0,149.15,149.3
2015-08-12,LE0,149.275,149.3,146.2,146.975,29168.0,,活牛连续,102804.0,146.6,146.975
2015-08-13,LE0,147.1,148.05,146.075,147.85,20014.0,,活牛连续,102206.0,147.85,147.85
2015-08-14,LE0,148.05,148.225,145.625,147.3,21399.0,,活牛连续,103387.0,146.85,147.3
2015-08-17,LE0,146.55,147.875,145.975,147.55,14536.0,,活牛连续,103936.0,147.7,147.55
2015-08-18,LE0,147.25,148.175,147.1,147.2,14122.0,,活牛连续,103101.0,147.4,147.2
2015-08-19,LE0,147.0,147.525,144.6,144.875,24960.0,,活牛连续,104169.0,145.15,144.875
2015-08-20,LE0,144.95,146.8,144.525,145.9,21354.0,,活牛连续,105423.0,146.325,145.9
2015-08-21,LE0,145.575,146.3,143.35,143.625,23014.0,,活牛连续,105546.0,143.85,143.625
2015-08-24,LE0,141.8,143.15,141.4,141.85,24899.0,,活牛连续,106677.0,142.325,141.85
2015-08-25,LE0,142.6,143.45,141.425,141.45,20987.0,,活牛连续,105861.0,141.7,141.45
2015-08-26,LE0,141.675,142.425,139.65,141.675,30599.0,,活牛连续,106249.0,140.375,141.675
2015-08-27,LE0,141.775,142.95,141.425,142.475,18909.0,,活牛连续,108997.0,142.55,142.475
2015-08-28,LE0,142.6,144.6,142.225,144.0,21923.0,,活牛连续,107541.0,143.975,144.0
2015-08-31,LE0,143.8,144.55,142.9,142.975,18647.0,,活牛连续,105957.0,143.2,142.975
2015-09-01,LE0,142.825,142.825,140.6,141.0,27755.0,,活牛连续,104044.0,141.325,141.0
2015-09-02,LE0,141.325,142.05,140.1,141.45,31292.0,,活牛连续,100606.0,141.225,141.45
2015-09-03,LE0,141.25,142.625,141.25,141.3,22049.0,,活牛连续,97471.0,141.6,141.3
2015-09-04,LE0,141.1,141.25,140.25,140.525,19668.0,,活牛连续,94769.0,140.475,140.525
2015-09-08,LE0,141.075,143.475,140.625,143.475,24025.0,,活牛连续,91641.0,143.475,143.475
2015-09-09,LE0,143.85,144.425,142.575,142.75,33520.0,,活牛连续,89368.0,142.975,142.75
2015-09-10,LE0,144.725,145.65,144.3,144.35,21560.0,,活牛连续,90744.0,144.7,144.35
2015-09-11,LE0,144.175,144.35,141.85,142.4,27534.0,,活牛连续,95228.0,142.375,142.4
2015-09-14,LE0,142.55,143.45,141.875,142.9,20444.0,,活牛连续,102469.0,143.175,142.9
2015-09-15,LE0,143.0,143.825,141.8,141.925,16763.0,,活牛连续,109202.0,142.175,141.925
2015-09-16,LE0,142.0,142.1,139.175,139.175,29026.0,,活牛连续,111865.0,139.475,139.175
2015-09-17,LE0,139.4,140.075,138.875,139.6,27160.0,,活牛连续,117073.0,139.325,139.6
2015-09-18,LE0,139.225,139.825,138.025,138.375,18427.0,,活牛连续,118457.0,138.375,138.375
2015-09-21,LE0,139.375,140.4,139.3,139.5,19989.0,,活牛连续,120886.0,139.75,139.5
2015-09-22,LE0,139.15,140.325,137.975,138.0,22500.0,,活牛连续,122288.0,138.75,138.0
2015-09-23,LE0,137.85,138.175,135.75,135.75,27113.0,,活牛连续,124253.0,135.75,135.75
2015-09-24,LE0,134.225,137.45,131.7,135.35,47796.0,,活牛连续,126451.0,134.0,135.35
2015-09-25,LE0,135.2,137.0,134.625,137.0,21053.0,,活牛连续,127435.0,137.0,137.0
2015-09-28,LE0,137.5,137.9,136.275,136.75,31448.0,,活牛连续,127111.0,137.15,136.75
2015-09-29,LE0,136.25,136.45,134.15,134.15,26252.0,,活牛连续,125301.0,134.15,134.15
2015-09-30,LE0,133.375,134.7,129.8,130.25,56594.0,,活牛连续,127033.0,130.925,130.25
2015-10-01,LE0,131.0,132.2,128.1,128.4,49277.0,,活牛连续,128174.0,130.0,128.4
2015-10-02,LE0,128.5,131.75,128.325,131.5,31952.0,,活牛连续,132340.0,131.375,131.5
2015-10-05,LE0,131.1,132.1,129.1,129.275,23315.0,,活牛连续,135701.0,130.225,129.275
2015-10-06,LE0,129.875,133.225,128.75,133.225,28573.0,,活牛连续,136839.0,133.225,133.225
2015-10-07,LE0,133.9,137.375,133.8,135.725,46780.0,,活牛连续,135722.0,136.15,135.725
2015-10-08,LE0,135.6,137.875,134.8,137.25,30782.0,,活牛连续,133507.0,137.675,137.25
2015-10-09,LE0,137.25,138.0,135.65,137.95,25109.0,,活牛连续,131973.0,137.325,137.95
2015-10-12,LE0,137.925,138.875,137.1,137.65,20596.0,,活牛连续,133187.0,137.575,137.65
2015-10-13,LE0,137.6,138.2,136.6,137.45,18932.0,,活牛连续,133478.0,137.2,137.45
2015-10-14,LE0,137.375,138.975,136.8,137.3,24298.0,,活牛连续,133520.0,137.425,137.3
2015-10-15,LE0,137.3,137.825,135.9,136.475,19876.0,,活牛连续,133053.0,136.55,136.475
2015-10-16,LE0,136.425,139.55,135.95,139.55,26642.0,,活牛连续,132654.0,139.425,139.55
2015-10-19,LE0,140.55,142.575,140.4,141.7,32641.0,,活牛连续,130943.0,141.65,141.7
2015-10-20,LE0,141.9,143.9,140.925,143.65,29400.0,,活牛连续,126884.0,143.175,143.65
2015-10-21,LE0,143.35,143.7,142.225,143.3,24741.0,,活牛连续,124104.0,143.15,143.3
2015-10-22,LE0,143.0,143.925,142.25,143.575,23076.0,,活牛连续,120525.0,143.75,143.575
2015-10-23,LE0,143.275,143.7,141.125,143.35,27656.0,,活牛连续,120455.0,143.4,143.35
2015-10-26,LE0,142.05,142.25,141.05,141.7,19659.0,,活牛连续,120298.0,142.0,141.7
2015-10-27,LE0,141.35,142.525,140.05,142.05,23187.0,,活牛连续,119408.0,140.6,142.05
2015-10-28,LE0,142.125,143.6,142.0,143.6,22659.0,,活牛连续,119303.0,143.6,143.6
2015-10-29,LE0,144.1,144.725,142.4,142.6,30963.0,,活牛连续,117275.0,142.8,142.6
2015-10-30,LE0,142.4,142.85,141.3,141.7,23011.0,,活牛连续,115267.0,141.725,141.7
2015-11-02,LE0,141.125,142.1,140.5,141.55,22761.0,,活牛连续,114798.0,141.675,141.55
2015-11-03,LE0,141.4,141.725,139.7,139.75,25214.0,,活牛连续,112994.0,140.225,139.75
2015-11-04,LE0,139.625,139.675,137.225,137.225,21047.0,,活牛连续,112322.0,137.225,137.225
2015-11-05,LE0,136.65,137.225,133.5,135.025,49102.0,,活牛连续,110069.0,134.4,135.025
2015-11-06,LE0,134.65,135.6,133.225,134.85,34217.0,,活牛连续,107232.0,134.925,134.85
2015-11-09,LE0,134.25,134.275,131.925,131.925,17479.0,,活牛连续,105543.0,131.925,131.925
2015-11-10,LE0,130.55,131.875,127.425,129.325,58646.0,,活牛连续,100611.0,128.325,129.325
2015-11-11,LE0,129.625,131.325,129.625,131.325,24383.0,,活牛连续,90250.0,131.325,131.325
2015-11-12,LE0,131.925,135.1,131.15,132.675,40695.0,,活牛连续,85413.0,133.15,132.675
2015-11-13,LE0,135.3,135.6,132.225,132.25,21150.0,,活牛连续,92608.0,132.65,132.25
2015-11-16,LE0,130.05,130.05,129.65,129.65,10378.0,,活牛连续,96559.0,129.65,129.65
2015-11-17,LE0,129.6,132.35,127.7,130.175,22759.0,,活牛连续,97722.0,130.575,130.175
2015-11-18,LE0,130.625,133.575,130.4,132.125,20806.0,,活牛连续,100918.0,133.125,132.125
2015-11-19,LE0,132.875,133.5,131.35,131.375,15777.0,,活牛连续,102847.0,132.05,131.375
2015-11-20,LE0,131.675,133.125,131.225,131.875,14960.0,,活牛连续,106672.0,132.025,131.875
2015-11-23,LE0,131.4,135.025,130.9,132.725,17925.0,,活牛连续,109533.0,134.2,132.725
2015-11-24,LE0,133.225,134.275,131.45,132.225,18139.0,,活牛连续,112469.0,132.5,132.225
2015-11-25,LE0,132.95,133.325,132.15,133.25,13202.0,,活牛连续,114444.0,133.125,133.25
2015-11-27,LE0,133.6,134.5,133.025,133.85,9429.0,,活牛连续,116326.0,133.85,133.85
2015-11-30,LE0,133.45,134.2,131.75,131.825,18904.0,,活牛连续,116871.0,132.35,131.825
2015-12-01,LE0,131.825,135.0,131.175,134.25,25898.0,,活牛连续,117647.0,134.625,134.25
2015-12-02,LE0,134.0,134.3,131.625,131.625,25631.0,,活牛连续,117795.0,131.625,131.625
2015-12-03,LE0,130.475,130.75,127.325,130.125,40177.0,,活牛连续,120176.0,129.45,130.125
2015-12-04,LE0,129.85,130.425,128.525,128.65,23341.0,,活牛连续,121330.0,129.225,128.65
2015-12-07,LE0,127.875,128.35,126.225,126.625,28146.0,,活牛连续,121868.0,127.15,126.625
2015-12-08,LE0,126.65,128.9,125.1,125.675,23354.0,,活牛连续,121116.0,127.075,125.675
2015-12-09,LE0,125.675,126.65,124.075,124.075,29304.0,,活牛连续,119367.0,124.15,124.075
2015-12-10,LE0,123.625,127.05,122.375,126.1,30922.0,,活牛连续,119540.0,126.525,126.1
2015-12-11,LE0,126.325,127.525,124.725,125.95,21816.0,,活牛连续,117566.0,126.25,125.95
2015-12-14,LE0,125.75,126.675,123.475,123.475,17914.0,,活牛连续,116231.0,124.4,123.475
2015-12-15,LE0,123.9,127.3,123.6,124.95,26573.0,,活牛连续,115258.0,125.525,124.95
2015-12-16,LE0,125.575,125.675,124.1,124.5,16075.0,,活牛连续,114581.0,124.975,124.5
2015-12-17,LE0,124.15,124.45,121.975,123.975,31318.0,,活牛连续,114407.0,122.525,123.975
2015-12-18,LE0,124.9,125.525,124.75,125.525,8286.0,,活牛连续,113042.0,125.525,125.525
2015-12-21,LE0,129.825,130.025,128.975,129.15,15695.0,,活牛连续,112922.0,130.025,129.15
2015-12-22,LE0,129.775,132.45,129.125,132.325,31766.0,,活牛连续,110703.0,131.8,132.325
2015-12-23,LE0,132.45,134.8,132.35,134.775,30146.0,,活牛连续,107827.0,134.675,134.775
2015-12-24,LE0,135.0,137.4,133.875,136.8,18059.0,,活牛连续,106882.0,137.025,136.8
2015-12-28,LE0,137.475,137.5,135.725,136.175,18721.0,,活牛连续,106998.0,136.15,136.175
2015-12-29,LE0,136.05,136.5,135.1,135.25,13971.0,,活牛连续,106491.0,135.5,135.25
2015-12-30,LE0,135.55,137.875,135.175,137.025,23671.0,,活牛连续,105818.0,136.7,137.025
2015-12-31,LE0,136.625,137.0,136.075,136.25,10903.0,,活牛连续,103097.0,136.8,136.25
2016-01-04,LE0,135.575,137.65,134.5,136.85,21610.0,,活牛连续,101815.0,136.425,136.85
2016-01-05,LE0,136.875,137.7,136.15,136.725,19850.0,,活牛连续,100267.0,136.775,136.725
2016-01-06,LE0,136.425,136.975,135.45,136.7,19172.0,,活牛连续,98094.0,136.525,136.7
2016-01-07,LE0,135.45,136.0,133.525,133.525,23160.0,,活牛连续,96806.0,133.525,133.525
2016-01-08,LE0,133.5,134.85,132.35,132.85,33376.0,,活牛连续,96702.0,132.875,132.85
2016-01-11,LE0,132.1,133.3,131.625,132.025,26008.0,,活牛连续,93198.0,132.225,132.025
2016-01-12,LE0,132.6,133.525,131.025,132.075,24558.0,,活牛连续,87366.0,131.6,132.075
2016-01-13,LE0,133.575,133.975,132.025,132.65,23388.0,,活牛连续,89562.0,133.025,132.65
2016-01-14,LE0,132.8,133.1,130.7,130.725,28594.0,,活牛连续,96248.0,131.5,130.725
2016-01-15,LE0,130.2,130.25,128.5,128.5,18553.0,,活牛连续,102254.0,128.5,128.5
2016-01-19,LE0,129.075,130.8,128.55,129.575,23767.0,,活牛连续,104679.0,130.15,129.575
2016-01-20,LE0,129.0,129.5,127.15,128.525,23864.0,,活牛连续,105612.0,128.175,128.525
2016-01-21,LE0,129.4,131.175,129.1,130.75,22319.0,,活牛连续,108107.0,131.175,130.75
2016-01-22,LE0,131.6,134.0,131.25,133.85,25274.0,,活牛连续,109223.0,133.075,133.85
2016-01-25,LE0,133.7,134.0,131.25,131.825,20930.0,,活牛连续,109995.0,132.225,131.825
2016-01-26,LE0,132.175,133.725,131.95,133.025,20586.0,,活牛连续,111306.0,133.4,133.025
2016-01-27,LE0,133.4,135.45,133.325,134.975,27167.0,,活牛连续,112210.0,135.25,134.975
2016-01-28,LE0,134.75,135.25,134.15,135.25,21647.0,,活牛连续,112817.0,134.525,135.25
2016-01-29,LE0,135.125,136.125,132.55,133.325,34219.0,,活牛连续,114135.0,134.0,133.325
2016-02-01,LE0,134.475,134.925,133.2,134.6,20301.0,,活牛连续,115985.0,134.425,134.6
2016-02-02,LE0,134.4,135.075,134.1,134.85,14532.0,,活牛连续,115835.0,134.75,134.85
2016-02-03,LE0,134.975,136.45,134.8,135.85,22756.0,,活牛连续,117082.0,135.75,135.85
2016-02-04,LE0,135.7,136.725,135.225,135.55,21684.0,,活牛连续,118442.0,135.65,135.55
2016-02-05,LE0,135.425,135.575,133.875,134.075,22568.0,,活牛连续,119948.0,134.4,134.075
2016-02-08,LE0,133.0,133.1,131.4,131.4,21741.0,,活牛连续,120743.0,131.4,131.4
2016-02-09,LE0,130.4,132.3,130.4,131.975,23132.0,,活牛连续,122533.0,131.15,131.975
2016-02-10,LE0,131.9,132.975,131.25,131.575,18294.0,,活牛连续,122031.0,131.8,131.575
2016-02-11,LE0,130.85,130.9,128.8,129.8,36803.0,,活牛连续,123081.0,129.525,129.8
2016-02-12,LE0,130.0,130.875,128.6,129.15,17876.0,,活牛连续,124205.0,129.125,129.15
2016-02-16,LE0,129.25,132.125,128.625,132.125,20872.0,,活牛连续,124361.0,132.125,132.125
2016-02-17,LE0,132.625,134.25,132.325,133.05,25402.0,,活牛连续,123270.0,133.425,133.05
2016-02-18,LE0,133.525,134.875,133.1,134.375,19886.0,,活牛连续,120762.0,134.375,134.375
2016-02-19,LE0,134.2,134.825,133.275,134.4,16346.0,,活牛连续,121455.0,133.95,134.4
2016-02-22,LE0,134.3,135.7,133.975,134.45,23055.0,,活牛连续,120464.0,134.625,134.45
2016-02-23,LE0,134.65,136.125,134.15,135.575,19619.0,,活牛连续,120079.0,135.5,135.575
2016-02-24,LE0,135.4,136.55,134.775,136.05,18597.0,,活牛连续,120635.0,136.15,136.05
2016-02-25,LE0,136.2,137.875,136.1,137.45,24381.0,,活牛连续,119460.0,137.35,137.45
2016-02-26,LE0,137.525,138.4,136.875,137.225,23288.0,,活牛连续,118936.0,137.0,137.225
2016-02-29,LE0,137.325,137.6,136.625,136.9,16728.0,,活牛连续,118513.0,136.975,136.9
2016-03-01,LE0,136.65,137.475,135.925,137.15,18146.0,,活牛连续,118005.0,137.1,137.15
2016-03-02,LE0,136.875,137.375,136.0,136.375,17293.0,,活牛连续,117582.0,136.3,136.375
2016-03-03,LE0,136.4,136.4,134.925,135.625,22756.0,,活牛连续,114899.0,135.45,135.625
2016-03-04,LE0,135.55,136.775,135.075,136.425,19395.0,,活牛连续,113287.0,136.35,136.425
2016-03-07,LE0,135.75,136.725,134.8,135.925,21577.0,,活牛连续,111723.0,135.95,135.925
2016-03-08,LE0,135.95,137.875,135.175,137.2,29389.0,,活牛连续,106906.0,137.125,137.2
2016-03-09,LE0,137.075,137.4,136.5,137.0,19528.0,,活牛连续,101801.0,136.775,137.0
2016-03-10,LE0,137.5,138.625,137.275,138.375,22439.0,,活牛连续,97305.0,138.3,138.375
2016-03-11,LE0,127.85,129.775,127.8,128.55,25525.0,,活牛连续,96586.0,128.55,128.55
2016-03-14,LE0,128.7,129.125,128.05,128.825,11989.0,,活牛连续,100440.0,128.825,128.825
2016-03-15,LE0,128.95,130.65,128.9,130.225,20430.0,,活牛连续,102295.0,130.325,130.225
2016-03-16,LE0,130.35,130.925,129.9,130.825,15671.0,,活牛连续,103890.0,130.75,130.825
2016-03-17,LE0,130.5,131.35,130.0,130.6,16965.0,,活牛连续,106274.0,130.7,130.6
2016-03-18,LE0,130.275,130.45,128.575,128.675,15498.0,,活牛连续,111437.0,129.1,128.675
2016-03-21,LE0,128.5,128.75,127.525,127.725,16258.0,,活牛连续,114310.0,127.85,127.725
2016-03-22,LE0,127.175,127.725,124.975,126.175,27153.0,,活牛连续,118307.0,126.15,126.175
2016-03-23,LE0,126.5,126.825,124.725,124.8,18685.0,,活牛连续,120987.0,125.1,124.8
2016-03-24,LE0,125.125,125.925,124.325,125.425,23748.0,,活牛连续,121258.0,125.375,125.425
2016-03-28,LE0,125.3,125.9,124.95,125.2,22268.0,,活牛连续,122376.0,125.525,125.2
2016-03-29,LE0,125.5,126.35,124.6,125.45,25009.0,,活牛连续,125010.0,125.525,125.45
2016-03-30,LE0,125.725,125.925,122.775,123.05,29126.0,,活牛连续,127882.0,123.075,123.05
2016-03-31,LE0,122.9,124.7,122.275,124.1,34996.0,,活牛连续,130186.0,124.025,124.1
2016-04-01,LE0,124.05,124.6,123.3,123.5,19721.0,,活牛连续,133945.0,123.575,123.5
2016-04-04,LE0,123.975,124.875,123.35,123.375,15950.0,,活牛连续,134908.0,123.675,123.375
2016-04-05,LE0,123.575,123.85,120.675,120.675,32073.0,,活牛连续,134268.0,120.75,120.675
2016-04-06,LE0,121.2,122.9,120.95,121.55,23871.0,,活牛连续,134822.0,121.85,121.55
2016-04-07,LE0,121.575,122.8,120.2,121.775,29976.0,,活牛连续,135526.0,122.225,121.775
2016-04-08,LE0,122.875,124.375,122.85,124.125,20595.0,,活牛连续,137809.0,124.025,124.125
2016-04-11,LE0,124.65,124.9,122.775,122.825,19786.0,,活牛连续,137863.0,123.225,122.825
2016-04-12,LE0,123.2,124.075,122.45,122.75,19952.0,,活牛连续,138728.0,122.85,122.75
2016-04-13,LE0,123.3,123.675,121.2,121.325,26223.0,,活牛连续,140627.0,121.725,121.325
2016-04-14,LE0,121.975,122.75,121.075,121.75,17354.0,,活牛连续,140948.0,121.75,121.75
2016-04-15,LE0,122.0,122.675,121.75,122.025,15919.0,,活牛连续,141901.0,122.175,122.025
2016-04-18,LE0,122.0,122.175,119.175,119.175,31260.0,,活牛连续,141136.0,119.175,119.175
2016-04-19,LE0,118.85,119.875,117.8,118.5,27072.0,,活牛连续,140352.0,118.575,118.5
2016-04-20,LE0,118.575,119.0,116.925,117.05,26801.0,,活牛连续,139956.0,117.275,117.05
2016-04-21,LE0,117.2,118.175,116.375,117.225,22153.0,,活牛连续,138073.0,116.9,117.225
2016-04-22,LE0,117.025,117.2,113.9,114.45,34489.0,,活牛连续,138193.0,114.65,114.45
2016-04-25,LE0,114.65,116.7,114.65,116.575,20295.0,,活牛连续,135260.0,116.6,116.575
2016-04-26,LE0,117.1,118.8,116.9,118.575,22340.0,,活牛连续,134632.0,118.75,118.575
2016-04-27,LE0,118.8,119.35,116.625,117.7,24040.0,,活牛连续,132220.0,117.8,117.7
2016-04-28,LE0,116.85,117.325,114.8,114.8,26675.0,,活牛连续,131619.0,114.8,114.8
2016-04-29,LE0,114.275,116.4,114.075,114.8,23787.0,,活牛连续,130808.0,114.925,114.8
2016-05-02,LE0,114.925,116.925,114.9,116.0,20461.0,,活牛连续,129113.0,115.8,116.0
2016-05-03,LE0,116.55,116.85,115.75,116.1,18089.0,,活牛连续,126216.0,116.375,116.1
2016-05-04,LE0,115.55,117.7,115.05,117.675,22655.0,,活牛连续,123876.0,117.45,117.675
2016-05-05,LE0,117.775,120.225,117.675,119.625,29904.0,,活牛连续,122481.0,119.625,119.625
2016-05-06,LE0,119.625,120.95,119.375,120.9,29990.0,,活牛连续,119836.0,120.725,120.9
2016-05-09,LE0,123.725,123.725,122.25,123.25,41697.0,,活牛连续,113568.0,123.3,123.25
2016-05-10,LE0,123.375,123.85,122.85,123.45,33430.0,,活牛连续,104060.0,123.275,123.45
2016-05-11,LE0,123.4,124.025,122.425,122.525,26606.0,,活牛连续,94931.0,122.825,122.525
2016-05-12,LE0,119.0,120.525,118.075,118.625,33082.0,,活牛连续,91210.0,118.9,118.625
2016-05-13,LE0,118.875,119.425,116.8,118.775,24201.0,,活牛连续,96598.0,118.725,118.775
2016-05-16,LE0,118.925,119.975,118.85,119.425,14884.0,,活牛连续,100661.0,119.475,119.425
2016-05-17,LE0,119.5,119.95,118.875,119.75,12126.0,,活牛连续,102190.0,119.8,119.75
2016-05-18,LE0,119.925,120.0,119.15,119.925,15171.0,,活牛连续,103187.0,119.95,119.925
2016-05-19,LE0,119.825,119.825,117.1,118.05,21157.0,,活牛连续,105044.0,118.325,118.05
2016-05-20,LE0,118.075,118.175,116.725,117.275,18796.0,,活牛连续,106151.0,117.45,117.275
2016-05-23,LE0,115.3,115.425,114.45,114.45,19379.0,,活牛连续,108252.0,114.45,114.45
2016-05-24,LE0,113.55,114.525,112.375,113.1,26779.0,,活牛连续,110908.0,113.175,113.1
2016-05-25,LE0,113.275,113.85,113.1,113.45,15232.0,,活牛连续,114245.0,113.4,113.45
2016-05-26,LE0,113.5,115.7,111.45,115.175,31808.0,,活牛连续,116349.0,115.35,115.175
2016-05-27,LE0,115.55,116.65,115.5,116.4,16955.0,,活牛连续,117838.0,116.425,116.4
2016-05-31,LE0,116.7,118.475,116.625,118.0,20666.0,,活牛连续,117072.0,118.05,118.0
2016-06-01,LE0,118.0,118.025,116.85,117.375,20803.0,,活牛连续,118302.0,117.45,117.375
2016-06-02,LE0,117.575,118.65,117.1,117.65,14291.0,,活牛连续,118729.0,117.65,117.65
2016-06-03,LE0,117.65,118.7,117.525,117.9,13798.0,,活牛连续,120023.0,117.8,117.9
2016-06-06,LE0,119.0,119.425,115.15,116.1,28352.0,,活牛连续,119977.0,116.55,116.1
2016-06-07,LE0,116.55,117.85,115.75,115.9,16598.0,,活牛连续,121330.0,116.0,115.9
2016-06-08,LE0,116.175,118.9,115.275,118.6,21065.0,,活牛连续,121255.0,118.725,118.6
2016-06-09,LE0,118.975,119.4,118.0,118.65,15613.0,,活牛连续,122669.0,118.85,118.65
2016-06-10,LE0,118.875,119.05,117.2,117.525,13835.0,,活牛连续,121228.0,117.35,117.525
2016-06-13,LE0,117.6,117.6,114.35,114.35,20267.0,,活牛连续,120320.0,114.35,114.35
2016-06-14,LE0,114.0,115.425,112.825,114.4,23472.0,,活牛连续,122093.0,115.0,114.4
2016-06-15,LE0,114.75,114.9,113.125,113.6,15815.0,,活牛连续,121193.0,113.575,113.6
2016-06-16,LE0,113.825,113.875,111.75,113.425,18288.0,,活牛连续,120952.0,113.35,113.425
2016-06-17,LE0,113.35,114.45,112.275,112.45,16053.0,,活牛连续,121622.0,112.55,112.45
2016-06-20,LE0,112.725,112.725,109.575,110.2,25870.0,,活牛连续,121497.0,110.25,110.2
2016-06-21,LE0,109.875,111.875,109.625,111.5,19251.0,,活牛连续,121679.0,111.45,111.5
2016-06-22,LE0,111.425,112.75,110.575,111.425,16881.0,,活牛连续,121296.0,111.625,111.425
2016-06-23,LE0,111.625,114.225,111.5,113.975,16403.0,,活牛连续,121727.0,113.85,113.975
2016-06-24,LE0,112.275,113.275,110.85,110.85,20913.0,,活牛连续,120664.0,110.875,110.85
2016-06-27,LE0,111.125,112.725,110.925,111.9,15873.0,,活牛连续,120958.0,112.025,111.9
2016-06-28,LE0,112.575,113.25,112.4,112.675,12598.0,,活牛连续,120121.0,112.725,112.675
2016-06-29,LE0,113.075,114.3,113.025,114.1,17322.0,,活牛连续,119887.0,114.125,114.1
2016-06-30,LE0,114.3,115.7,114.275,114.675,24158.0,,活牛连续,117562.0,114.825,114.675
2016-07-01,LE0,114.85,115.35,112.775,112.975,22090.0,,活牛连续,115972.0,112.975,112.975
2016-07-05,LE0,113.05,114.225,111.075,113.75,22795.0,,活牛连续,115581.0,113.65,113.75
2016-07-06,LE0,113.9,114.4,112.325,112.4,18582.0,,活牛连续,112826.0,112.8,112.4
2016-07-07,LE0,112.5,113.125,111.55,111.625,17273.0,,活牛连续,111932.0,111.8,111.625
2016-07-08,LE0,111.575,113.825,111.35,112.125,25561.0,,活牛连续,111317.0,112.225,112.125
2016-07-11,LE0,112.0,112.175,109.225,109.225,33802.0,,活牛连续,106016.0,109.35,109.225
2016-07-12,LE0,109.4,110.15,108.175,108.9,30368.0,,活牛连续,102563.0,108.9,108.9
2016-07-13,LE0,108.9,111.525,108.725,111.425,37585.0,,活牛连续,95500.0,111.45,111.425
2016-07-14,LE0,110.275,112.5,110.275,111.85,28232.0,,活牛连续,86751.0,112.075,111.85
2016-07-15,LE0,111.825,112.25,109.55,109.85,13641.0,,活牛连续,93873.0,109.85,109.85
2016-07-18,LE0,109.375,111.25,108.85,110.575,14123.0,,活牛连续,96510.0,110.625,110.575
2016-07-19,LE0,110.475,111.0,109.025,109.3,11990.0,,活牛连续,99199.0,109.475,109.3
2016-07-20,LE0,109.125,110.3,107.7,107.8,17530.0,,活牛连续,100575.0,108.075,107.8
2016-07-21,LE0,108.15,108.225,105.25,105.55,25360.0,,活牛连续,105550.0,105.7,105.55
2016-07-22,LE0,105.8,108.525,105.55,108.1,18071.0,,活牛连续,111076.0,108.075,108.1
2016-07-25,LE0,109.15,111.1,109.1,111.1,18983.0,,活牛连续,112594.0,111.075,111.1
2016-07-26,LE0,111.7,112.675,111.025,112.45,19340.0,,活牛连续,113236.0,112.575,112.45
2016-07-27,LE0,112.1,113.15,111.8,112.875,17354.0,,活牛连续,113250.0,113.05,112.875
2016-07-28,LE0,112.475,113.775,111.825,111.875,17413.0,,活牛连续,113198.0,112.1,111.875
2016-07-29,LE0,111.7,112.65,111.225,111.75,16911.0,,活牛连续,112575.0,111.725,111.75
2016-08-01,LE0,112.575,114.725,112.4,114.05,24314.0,,活牛连续,113335.0,114.075,114.05
2016-08-02,LE0,114.275,115.05,113.6,114.45,19723.0,,活牛连续,113917.0,114.575,114.45
2016-08-03,LE0,114.475,115.7,114.175,115.175,19418.0,,活牛连续,112943.0,115.2,115.175
2016-08-04,LE0,115.0,116.35,114.375,114.55,20933.0,,活牛连续,113157.0,114.775,114.55
2016-08-05,LE0,115.6,115.875,114.425,115.525,17659.0,,活牛连续,112789.0,115.525,115.525
2016-08-08,LE0,115.675,115.9,114.55,114.625,16518.0,,活牛连续,112266.0,114.65,114.625
2016-08-09,LE0,114.75,115.825,114.375,115.3,16261.0,,活牛连续,111384.0,115.0,115.3
2016-08-10,LE0,115.0,115.8,114.625,114.975,12693.0,,活牛连续,110198.0,114.925,114.975
2016-08-11,LE0,114.925,115.275,113.05,114.175,21923.0,,活牛连续,109754.0,114.55,114.175
2016-08-12,LE0,114.425,115.05,113.3,114.525,12475.0,,活牛连续,109883.0,114.525,114.525
2016-08-15,LE0,114.725,115.425,113.8,113.8,13399.0,,活牛连续,109604.0,113.975,113.8
2016-08-16,LE0,113.85,114.475,112.25,113.25,24040.0,,活牛连续,108770.0,113.4,113.25
2016-08-17,LE0,113.125,113.275,112.25,112.25,16176.0,,活牛连续,109305.0,112.4,112.25
2016-08-18,LE0,112.4,112.7,110.4,110.45,22839.0,,活牛连续,111020.0,110.575,110.45
2016-08-19,LE0,110.6,111.075,109.65,110.3,18373.0,,活牛连续,110938.0,110.25,110.3
2016-08-22,LE0,110.25,111.8,109.2,110.15,23069.0,,活牛连续,110145.0,110.35,110.15
2016-08-23,LE0,110.25,110.8,109.45,109.775,16421.0,,活牛连续,109892.0,109.725,109.775
2016-08-24,LE0,109.5,110.075,108.7,108.925,20855.0,,活牛连续,110077.0,108.9,108.925
2016-08-25,LE0,108.875,109.25,108.45,108.525,18366.0,,活牛连续,111416.0,108.525,108.525
2016-08-26,LE0,108.45,109.425,106.2,106.275,26268.0,,活牛连续,112864.0,106.35,106.275
2016-08-29,LE0,105.4,106.425,105.0,105.05,24058.0,,活牛连续,115826.0,105.075,105.05
2016-08-30,LE0,105.3,107.775,103.775,107.475,35202.0,,活牛连续,116856.0,107.475,107.475
2016-08-31,LE0,107.8,108.45,106.075,106.225,33234.0,,活牛连续,116264.0,106.575,106.225
2016-09-01,LE0,106.4,106.675,103.575,103.575,31102.0,,活牛连续,115474.0,103.575,103.575
2016-09-02,LE0,103.45,104.0,101.375,101.5,38768.0,,活牛连续,114862.0,101.6,101.5
2016-09-06,LE0,101.4,102.2,99.375,99.525,27942.0,,活牛连续,114042.0,100.025,99.525
2016-09-07,LE0,99.75,102.85,99.525,102.425,27134.0,,活牛连续,112303.0,102.425,102.425
2016-09-08,LE0,102.5,103.0,100.1,101.375,40733.0,,活牛连续,111792.0,101.4,101.375
2016-09-09,LE0,101.1,104.4,101.1,104.4,35390.0,,活牛连续,105042.0,104.4,104.4
2016-09-12,LE0,104.975,106.525,104.75,105.2,40347.0,,活牛连续,97751.0,105.7,105.2
2016-09-13,LE0,106.725,106.725,105.225,105.7,23219.0,,活牛连续,88274.0,105.825,105.7
2016-09-14,LE0,105.5,106.6,104.7,106.4,28309.0,,活牛连续,92731.0,106.375,106.4
2016-09-15,LE0,106.75,107.7,106.5,106.875,17417.0,,活牛连续,97608.0,106.975,106.875
2016-09-16,LE0,106.65,108.2,106.425,108.05,14453.0,,活牛连续,101025.0,108.05,108.05
2016-09-19,LE0,108.3,108.475,106.825,107.35,19580.0,,活牛连续,101883.0,107.35,107.35
2016-09-20,LE0,107.2,107.725,106.65,106.975,14791.0,,活牛连续,106459.0,107.05,106.975
2016-09-21,LE0,107.075,108.875,107.075,108.25,20195.0,,活牛连续,108385.0,108.35,108.25
2016-09-22,LE0,108.45,108.9,106.525,106.65,20642.0,,活牛连续,110797.0,106.95,106.65
2016-09-23,LE0,106.075,107.15,104.1,106.875,30127.0,,活牛连续,113705.0,106.85,106.875
2016-09-26,LE0,106.125,106.625,104.95,105.85,16761.0,,活牛连续,116937.0,106.125,105.85
2016-09-27,LE0,105.525,105.675,103.075,103.075,27538.0,,活牛连续,117908.0,103.125,103.075
2016-09-28,LE0,102.7,104.375,101.55,103.375,29708.0,,活牛连续,121172.0,103.625,103.375
2016-09-29,LE0,103.7,104.6,102.75,102.875,19087.0,,活牛连续,120371.0,103.125,102.875
2016-09-30,LE0,102.225,102.825,100.125,100.125,29838.0,,活牛连续,120861.0,100.125,100.125
2016-10-03,LE0,100.25,101.05,98.9,99.9,30359.0,,活牛连续,124522.0,99.975,99.9
2016-10-04,LE0,100.3,102.7,100.2,102.4,20117.0,,活牛连续,125623.0,102.675,102.4
2016-10-05,LE0,102.8,103.225,101.725,102.95,20176.0,,活牛连续,127562.0,103.05,102.95
2016-10-06,LE0,102.675,103.825,101.875,102.825,19242.0,,活牛连续,130285.0,103.1,102.825
2016-10-07,LE0,102.225,103.675,102.175,102.925,15831.0,,活牛连续,130867.0,103.05,102.925
2016-10-10,LE0,102.825,103.8,100.05,100.05,25243.0,,活牛连续,130582.0,100.05,100.05
2016-10-11,LE0,99.95,101.2,98.35,98.375,25641.0,,活牛连续,133839.0,99.1,98.375
2016-10-12,LE0,98.675,99.975,97.325,97.375,29365.0,,活牛连续,134339.0,98.0,97.375
2016-10-13,LE0,97.7,98.475,96.1,96.175,22530.0,,活牛连续,134117.0,96.175,96.175
2016-10-14,LE0,96.1,98.2,96.1,97.375,22321.0,,活牛连续,134699.0,97.45,97.375
2016-10-17,LE0,97.325,99.725,97.2,99.05,16863.0,,活牛连续,135016.0,99.0,99.05
2016-10-18,LE0,99.325,100.075,98.45,99.125,19817.0,,活牛连续,134454.0,99.225,99.125
2016-10-19,LE0,98.975,99.5,97.05,97.1,21697.0,,活牛连续,133519.0,97.125,97.1
2016-10-20,LE0,97.85,100.125,97.7,100.125,19165.0,,活牛连续,133550.0,100.125,100.125
2016-10-21,LE0,100.55,103.0,100.375,101.95,29618.0,,活牛连续,131026.0,101.875,101.95
2016-10-24,LE0,104.05,104.75,103.55,104.375,26694.0,,活牛连续,127090.0,104.25,104.375
2016-10-25,LE0,104.175,104.85,103.65,103.9,20289.0,,活牛连续,128274.0,103.9,103.9
2016-10-26,LE0,104.0,104.875,103.525,104.35,18406.0,,活牛连续,127750.0,104.4,104.35
2016-10-27,LE0,104.175,105.75,104.175,105.0,21748.0,,活牛连续,127791.0,105.15,105.0
2016-10-28,LE0,105.4,105.95,104.225,104.4,19573.0,,活牛连续,125027.0,104.35,104.4
2016-10-31,LE0,104.2,104.55,103.225,103.25,17518.0,,活牛连续,123561.0,103.325,103.25
2016-11-01,LE0,103.475,105.8,103.4,105.675,22611.0,,活牛连续,119603.0,105.525,105.675
2016-11-02,LE0,105.8,106.0,105.025,105.375,22724.0,,活牛连续,118148.0,105.375,105.375
2016-11-03,LE0,105.0,105.35,103.5,104.35,22868.0,,活牛连续,112594.0,104.075,104.35
2016-11-04,LE0,103.975,104.0,101.675,102.95,30223.0,,活牛连续,110659.0,102.725,102.95
2016-11-07,LE0,102.625,103.0,100.275,101.275,37914.0,,活牛连续,110693.0,101.65,101.275
2016-11-08,LE0,101.525,103.5,101.325,102.7,30677.0,,活牛连续,104810.0,102.6,102.7
2016-11-09,LE0,102.25,103.675,101.95,103.625,24318.0,,活牛连续,98269.0,103.475,103.625
2016-11-10,LE0,103.9,105.2,103.6,104.475,29812.0,,活牛连续,93460.0,104.5,104.475
2016-11-11,LE0,105.75,106.475,105.05,106.375,22889.0,,活牛连续,84847.0,106.3,106.375
2016-11-14,LE0,106.175,107.25,105.775,106.7,18233.0,,活牛连续,92162.0,106.525,106.7
2016-11-15,LE0,106.375,106.9,106.0,106.6,16630.0,,活牛连续,94018.0,106.525,106.6
2016-11-16,LE0,106.375,108.7,106.375,108.475,23308.0,,活牛连续,96739.0,108.5,108.475
2016-11-17,LE0,108.95,109.125,107.975,108.925,18894.0,,活牛连续,101249.0,108.8,108.925
2016-11-18,LE0,108.85,109.225,108.45,108.85,16110.0,,活牛连续,100299.0,108.85,108.85
2016-11-21,LE0,108.625,110.7,108.625,109.45,24551.0,,活牛连续,101153.0,109.575,109.45
2016-11-22,LE0,109.375,110.375,109.15,110.2,18792.0,,活牛连续,102825.0,110.175,110.2
2016-11-23,LE0,110.175,110.875,109.7,110.75,20224.0,,活牛连续,102553.0,110.8,110.75
2016-11-25,LE0,111.4,112.525,111.3,112.125,20182.0,,活牛连续,102912.0,112.2,112.125
2016-11-28,LE0,111.725,112.525,110.725,110.775,26681.0,,活牛连续,106178.0,111.025,110.775
2016-11-29,LE0,110.6,111.075,109.825,110.3,24471.0,,活牛连续,107906.0,110.3,110.3
2016-11-30,LE0,110.5,112.25,110.45,111.925,27610.0,,活牛连续,108168.0,111.95,111.925
2016-12-01,LE0,112.775,113.225,110.9,110.9,29895.0,,活牛连续,111046.0,111.375,110.9
2016-12-02,LE0,111.175,111.225,108.5,108.5,34817.0,,活牛连续,111880.0,108.875,108.5
2016-12-05,LE0,108.825,109.8,108.175,109.2,19179.0,,活牛连续,111436.0,108.975,109.2
2016-12-06,LE0,109.7,111.3,108.35,110.775,20519.0,,活牛连续,113587.0,111.05,110.775
2016-12-07,LE0,110.875,111.675,109.675,110.625,24986.0,,活牛连续,114992.0,110.775,110.625
2016-12-08,LE0,110.4,111.65,108.85,110.35,29033.0,,活牛连续,116298.0,110.65,110.35
2016-12-09,LE0,109.975,111.025,109.1,111.025,19446.0,,活牛连续,115932.0,110.525,111.025
2016-12-12,LE0,110.525,113.45,110.125,113.075,33756.0,,活牛连续,116708.0,112.95,113.075
2016-12-13,LE0,113.25,114.425,113.0,113.9,25444.0,,活牛连续,118573.0,113.975,113.9
2016-12-14,LE0,113.8,114.45,113.05,113.9,20271.0,,活牛连续,120766.0,113.7,113.9
2016-12-15,LE0,113.55,114.125,112.65,113.5,21036.0,,活牛连续,121883.0,113.275,113.5
2016-12-16,LE0,113.4,115.65,113.35,115.45,24060.0,,活牛连续,122347.0,115.35,115.45
2016-12-19,LE0,115.25,116.0,114.6,116.0,19624.0,,活牛连续,123741.0,115.925,116.0
2016-12-20,LE0,115.8,116.825,114.775,115.55,25745.0,,活牛连续,122897.0,115.5,115.55
2016-12-21,LE0,115.3,116.475,115.125,115.75,20231.0,,活牛连续,124791.0,116.225,115.75
2016-12-22,LE0,116.225,117.2,116.05,116.9,24100.0,,活牛连续,125527.0,116.8,116.9
2016-12-23,LE0,116.9,117.375,115.4,116.3,19327.0,,活牛连续,125132.0,116.3,116.3
2016-12-27,LE0,116.2,116.625,115.55,116.0,12872.0,,活牛连续,125156.0,116.0,116.0
2016-12-28,LE0,116.0,117.65,115.85,117.45,17530.0,,活牛连续,124747.0,117.375,117.45
2016-12-29,LE0,117.65,118.05,116.775,117.775,20797.0,,活牛连续,124456.0,117.95,117.775
2016-12-30,LE0,118.025,118.5,115.275,115.975,33198.0,,活牛连续,121555.0,116.05,115.975
2017-01-11,LE0,118.1,118.575,117.125,117.125,34882.0,,活牛连续,102936.0,117.9,117.125
2017-01-12,LE0,117.175,117.375,115.05,116.15,30979.0,,活牛连续,107996.0,116.475,116.15
2017-01-13,LE0,116.125,118.0,115.8,117.8,30060.0,,活牛连续,113555.0,117.925,117.8
2017-01-17,LE0,118.15,119.125,118.0,119.0,22711.0,,活牛连续,122288.0,119.0,119.0
2017-01-18,LE0,118.825,119.6,118.5,119.45,22281.0,,活牛连续,128355.0,119.4,119.45
2017-01-19,LE0,119.35,120.325,119.075,119.775,22091.0,,活牛连续,132231.0,119.875,119.775
2017-01-20,LE0,119.75,119.875,117.875,118.95,22337.0,,活牛连续,139239.0,118.975,118.95
2017-01-23,LE0,118.775,119.25,118.15,119.15,16302.0,,活牛连续,141914.0,119.175,119.15
2017-01-24,LE0,119.125,119.775,117.975,118.2,22597.0,,活牛连续,145147.0,118.4,118.2
2017-01-25,LE0,118.3,119.35,117.65,118.45,20987.0,,活牛连续,147414.0,118.675,118.45
2017-01-26,LE0,118.35,118.675,116.95,117.35,23822.0,,活牛连续,149024.0,117.575,117.35
2017-01-27,LE0,117.275,117.7,116.75,117.0,18968.0,,活牛连续,150758.0,117.325,117.0
2017-01-30,LE0,115.1,115.7,114.375,114.375,27501.0,,活牛连续,150435.0,114.825,114.375
2017-01-31,LE0,114.7,115.125,114.0,114.05,20770.0,,活牛连续,148851.0,114.175,114.05
2017-02-01,LE0,113.825,114.85,112.75,113.9,29840.0,,活牛连续,146699.0,113.7,113.9
2017-02-02,LE0,114.1,115.875,114.1,115.4,24063.0,,活牛连续,145875.0,115.475,115.4
2017-02-03,LE0,115.55,116.175,115.1,115.725,16080.0,,活牛连续,145300.0,115.625,115.725
2017-02-06,LE0,115.725,116.475,115.15,115.825,18139.0,,活牛连续,147286.0,115.625,115.825
2017-02-07,LE0,116.05,116.65,115.45,116.3,16272.0,,活牛连续,146939.0,116.5,116.3
2017-02-08,LE0,116.225,116.425,114.475,114.75,23853.0,,活牛连续,144593.0,114.75,114.75
2017-02-09,LE0,115.0,115.175,114.125,114.825,21025.0,,活牛连续,142870.0,114.825,114.825
2017-02-10,LE0,114.925,115.725,112.775,113.15,28203.0,,活牛连续,139780.0,113.15,113.15
2017-02-13,LE0,112.975,113.35,112.075,112.425,23811.0,,活牛连续,137751.0,112.525,112.425
2017-02-14,LE0,112.5,114.075,112.2,113.8,21294.0,,活牛连续,135739.0,114.0,113.8
2017-02-15,LE0,114.0,114.7,112.975,113.075,20946.0,,活牛连续,133579.0,113.35,113.075
2017-02-16,LE0,113.0,113.9,112.65,112.9,15318.0,,活牛连续,132355.0,113.25,112.9
2017-02-17,LE0,113.25,115.1,113.125,114.775,23133.0,,活牛连续,133045.0,114.925,114.775
2017-02-21,LE0,115.55,116.375,115.2,115.3,19816.0,,活牛连续,131935.0,115.3,115.3
2017-02-22,LE0,115.45,117.2,115.025,116.025,33436.0,,活牛连续,130644.0,116.075,116.025
2017-02-23,LE0,116.375,117.35,116.35,116.525,21825.0,,活牛连续,129432.0,116.525,116.525
2017-02-24,LE0,116.6,116.7,114.6,115.1,31678.0,,活牛连续,129683.0,114.95,115.1
2017-02-27,LE0,115.625,116.05,115.35,115.425,18796.0,,活牛连续,129073.0,115.5,115.425
2017-02-28,LE0,115.725,118.225,115.25,117.925,33687.0,,活牛连续,129894.0,117.925,117.925
2017-03-01,LE0,118.15,118.95,117.075,117.25,39940.0,,活牛连续,127835.0,117.575,117.25
2017-03-02,LE0,117.25,117.6,116.025,116.025,30392.0,,活牛连续,123068.0,116.15,116.025
2017-03-03,LE0,116.275,116.575,115.4,116.025,23766.0,,活牛连续,118259.0,115.975,116.025
2017-03-06,LE0,116.35,116.575,115.225,115.6,22838.0,,活牛连续,114737.0,115.55,115.6
2017-03-07,LE0,106.275,106.45,105.375,105.375,24435.0,,活牛连续,110169.0,105.625,105.375
2017-03-08,LE0,105.775,107.15,105.65,106.15,31326.0,,活牛连续,114715.0,106.25,106.15
2017-03-09,LE0,107.05,107.35,106.5,106.5,26090.0,,活牛连续,120001.0,106.725,106.5
2017-03-10,LE0,106.75,107.975,106.4,107.6,26426.0,,活牛连续,125658.0,107.5,107.6
2017-03-13,LE0,107.9,108.625,107.625,108.025,22697.0,,活牛连续,132641.0,108.1,108.025
2017-03-14,LE0,108.075,108.35,106.725,106.775,17774.0,,活牛连续,135980.0,106.9,106.775
2017-03-15,LE0,106.9,108.35,106.775,108.2,17488.0,,活牛连续,138732.0,108.25,108.2
2017-03-16,LE0,108.725,109.85,108.575,109.4,22546.0,,活牛连续,143201.0,109.425,109.4
2017-03-17,LE0,109.625,110.0,109.05,109.375,17211.0,,活牛连续,146376.0,109.675,109.375
2017-03-20,LE0,109.8,110.15,109.15,109.8,22834.0,,活牛连续,153290.0,109.8,109.8
2017-03-21,LE0,109.975,111.2,109.375,110.95,24933.0,,活牛连续,158166.0,111.05,110.95
2017-03-22,LE0,111.3,114.05,111.25,113.5,42588.0,,活牛连续,165057.0,113.775,113.5
2017-03-23,LE0,114.175,114.2,112.425,113.025,31322.0,,活牛连续,169593.0,112.8,113.025
2017-03-24,LE0,112.875,114.05,112.325,112.725,32256.0,,活牛连续,174771.0,112.85,112.725
2017-03-27,LE0,112.075,112.525,111.35,111.35,24732.0,,活牛连续,177461.0,111.45,111.35
2017-03-28,LE0,111.35,112.225,111.25,111.75,20589.0,,活牛连续,179929.0,111.6,111.75
2017-03-29,LE0,111.85,112.625,111.575,111.825,22551.0,,活牛连续,182045.0,111.85,111.825
2017-03-30,LE0,111.6,111.6,110.175,110.825,22381.0,,活牛连续,182772.0,110.875,110.825
2017-03-31,LE0,110.45,111.125,110.0,110.875,23938.0,,活牛连续,184616.0,110.875,110.875
2017-04-03,LE0,110.875,111.525,110.225,110.675,22244.0,,活牛连续,186764.0,110.7,110.675
2017-04-04,LE0,110.525,110.525,109.1,109.225,27679.0,,活牛连续,184558.0,109.3,109.225
2017-04-05,LE0,109.0,109.8,108.675,109.575,22824.0,,活牛连续,184343.0,109.425,109.575
2017-04-06,LE0,109.65,110.225,109.125,110.1,18980.0,,活牛连续,184545.0,110.125,110.1
2017-04-07,LE0,110.0,112.7,109.925,111.775,38862.0,,活牛连续,186346.0,111.8,111.775
2017-04-10,LE0,112.625,113.65,111.9,111.9,28346.0,,活牛连续,186461.0,112.3,111.9
2017-04-11,LE0,112.125,113.925,111.95,113.65,27451.0,,活牛连续,185728.0,113.7,113.65
2017-04-12,LE0,113.775,115.05,113.6,114.5,32444.0,,活牛连续,186196.0,114.35,114.5
2017-04-13,LE0,114.35,115.525,113.825,114.7,27652.0,,活牛连续,185176.0,114.7,114.7
2017-04-17,LE0,114.8,115.9,114.8,115.575,17586.0,,活牛连续,187459.0,115.575,115.575
2017-04-18,LE0,115.7,116.9,115.125,115.125,26497.0,,活牛连续,188541.0,115.65,115.125
2017-04-19,LE0,115.825,116.55,114.85,115.95,31790.0,,活牛连续,187794.0,115.95,115.95
2017-04-20,LE0,116.7,117.475,115.8,116.65,32025.0,,活牛连续,186521.0,116.475,116.65
2017-04-21,LE0,116.85,117.575,116.275,116.75,23688.0,,活牛连续,185650.0,116.7,116.75
2017-04-24,LE0,116.2,116.45,114.425,115.275,31714.0,,活牛连续,183108.0,114.85,115.275
2017-04-25,LE0,115.275,115.975,114.65,115.925,28078.0,,活牛连续,182596.0,115.825,115.925
2017-04-26,LE0,116.15,118.825,116.075,118.825,35958.0,,活牛连续,182964.0,118.525,118.825
2017-04-27,LE0,118.85,121.525,118.275,121.525,40446.0,,活牛连续,182701.0,121.525,121.525
2017-04-28,LE0,122.425,124.225,120.575,124.075,55665.0,,活牛连续,179345.0,124.025,124.075
2017-05-01,LE0,124.625,125.325,123.65,124.3,37243.0,,活牛连续,175964.0,124.125,124.3
2017-05-02,LE0,124.1,127.125,124.075,127.075,57470.0,,活牛连续,172008.0,127.05,127.075
2017-05-03,LE0,127.05,130.05,127.0,130.05,71945.0,,活牛连续,160749.0,130.05,130.05
2017-05-04,LE0,134.5,134.55,130.575,131.275,67879.0,,活牛连续,150340.0,131.3,131.275
2017-05-05,LE0,131.3,131.35,128.3,128.3,47538.0,,活牛连续,140097.0,128.3,128.3
2017-05-08,LE0,120.725,123.5,120.5,122.975,55233.0,,活牛连续,133078.0,123.25,122.975
2017-05-09,LE0,123.5,124.925,120.25,120.875,45800.0,,活牛连续,143321.0,120.65,120.875
2017-05-10,LE0,120.65,121.15,118.525,121.075,44932.0,,活牛连续,152052.0,120.4,121.075
2017-05-11,LE0,121.275,121.275,117.625,119.8,41399.0,,活牛连续,159683.0,119.675,119.8
2017-05-12,LE0,121.3,122.275,120.525,122.2,38599.0,,活牛连续,169726.0,121.775,122.2
2017-05-15,LE0,122.225,122.425,118.775,118.8,21635.0,,活牛连续,170044.0,118.8,118.8
2017-05-16,LE0,118.475,118.85,116.775,118.625,24679.0,,活牛连续,173638.0,118.25,118.625
2017-05-17,LE0,118.775,119.55,118.025,119.3,21625.0,,活牛连续,176989.0,118.825,119.3
2017-05-18,LE0,118.25,120.275,117.475,119.75,26848.0,,活牛连续,182534.0,119.65,119.75
2017-05-19,LE0,120.05,121.4,119.425,120.75,26535.0,,活牛连续,185908.0,121.05,120.75
2017-05-22,LE0,121.25,123.15,120.925,122.45,25102.0,,活牛连续,189397.0,122.025,122.45
2017-05-23,LE0,121.95,122.65,120.75,121.1,21833.0,,活牛连续,191133.0,121.325,121.1
2017-05-24,LE0,120.925,120.975,118.65,120.175,28275.0,,活牛连续,192144.0,119.925,120.175
2017-05-25,LE0,120.45,121.5,119.375,121.425,21807.0,,活牛连续,194440.0,121.4,121.425
2017-05-26,LE0,121.5,121.65,118.4,118.875,26427.0,,活牛连续,195363.0,118.95,118.875
2017-05-30,LE0,118.8,120.675,117.95,120.675,22030.0,,活牛连续,197549.0,119.85,120.675
2017-05-31,LE0,120.35,121.9,119.875,121.85,25514.0,,活牛连续,201036.0,121.7,121.85
2017-06-01,LE0,121.975,124.7,121.8,124.7,30166.0,,活牛连续,202600.0,124.7,124.7
2017-06-02,LE0,125.775,126.725,124.625,126.325,39414.0,,活牛连续,198840.0,126.05,126.325
2017-06-05,LE0,126.1,127.15,125.5,126.875,22677.0,,活牛连续,197038.0,126.2,126.875
2017-06-06,LE0,127.0,127.65,123.25,123.975,28026.0,,活牛连续,196689.0,123.6,123.975
2017-06-07,LE0,123.35,124.925,122.8,124.65,26017.0,,活牛连续,194834.0,124.175,124.65
2017-06-08,LE0,124.475,125.725,123.575,124.45,23956.0,,活牛连续,193422.0,124.025,124.45
2017-06-09,LE0,123.75,124.7,123.1,124.175,21246.0,,活牛连续,193634.0,123.85,124.175
2017-06-12,LE0,123.9,124.225,121.025,121.9,24535.0,,活牛连续,191972.0,121.55,121.9
2017-06-13,LE0,121.9,122.525,120.6,120.95,21013.0,,活牛连续,190817.0,120.875,120.95
2017-06-14,LE0,120.3,120.425,117.875,118.15,28037.0,,活牛连续,188264.0,117.875,118.15
2017-06-15,LE0,117.75,118.5,116.975,118.0,24733.0,,活牛连续,185781.0,117.5,118.0
2017-06-16,LE0,118.1,118.85,117.125,118.25,16851.0,,活牛连续,185092.0,118.175,118.25
2017-06-19,LE0,118.25,118.5,115.7,116.425,22002.0,,活牛连续,182998.0,116.1,116.425
2017-06-20,LE0,115.8,116.425,113.65,116.35,28619.0,,活牛连续,182182.0,115.9,116.35
2017-06-21,LE0,116.5,116.775,115.0,115.575,21633.0,,活牛连续,179559.0,115.35,115.575
2017-06-22,LE0,114.825,114.825,113.4,114.65,20910.0,,活牛连续,178385.0,114.275,114.65
2017-06-23,LE0,114.775,115.525,114.025,115.425,18262.0,,活牛连续,176716.0,115.275,115.425
2017-06-26,LE0,114.8,118.275,114.575,118.275,29635.0,,活牛连续,174736.0,118.275,118.275
2017-06-27,LE0,118.55,118.8,114.95,115.525,30766.0,,活牛连续,170930.0,115.025,115.525
2017-06-28,LE0,114.5,115.95,113.85,115.8,23363.0,,活牛连续,167143.0,115.625,115.8
2017-06-29,LE0,115.8,116.65,114.925,116.3,21413.0,,活牛连续,164141.0,116.5,116.3
2017-06-30,LE0,115.9,116.55,115.175,116.275,27519.0,,活牛连续,158179.0,116.3,116.275
2017-07-03,LE0,116.3,117.225,115.325,116.3,19713.0,,活牛连续,158179.0,115.75,116.3
