date,symbol,open,high,low,close,volume,amount,name,openinterest,settleprice,price
2011-05-02,LE1210,120.5,120.8,119.95,120.2,4.0,,活牛1210,,120.2,120.2
2011-05-03,LE1210,119.6,120.2,118.85,120.2,8.0,,活牛1210,3.0,120.2,120.2
2011-05-04,LE1210,119.15,119.9,119.15,119.9,2.0,,活牛1210,11.0,119.9,119.9
2011-05-05,LE1210,,,,118.8,,,活牛1210,11.0,118.8,118.8
2011-05-06,LE1210,118.0,118.5,118.0,118.5,7.0,,活牛1210,11.0,118.5,118.5
2011-05-09,LE1210,,,,118.5,,,活牛1210,11.0,118.5,118.5
2011-05-10,LE1210,118.5,119.0,118.5,119.0,2.0,,活牛1210,11.0,119.0,119.0
2011-05-11,LE1210,,,,119.0,,,活牛1210,13.0,119.0,119.0
2011-05-12,LE1210,,,,119.0,3.0,,活牛1210,13.0,119.0,119.0
2011-05-13,LE1210,117.55,117.55,117.2,117.4,13.0,,活牛1210,16.0,117.4,117.4
2011-05-16,LE1210,117.4,117.4,117.0,117.4,8.0,,活牛1210,28.0,117.4,117.4
2011-05-17,LE1210,117.0,117.0,117.0,117.0,4.0,,活牛1210,35.0,117.0,117.0
2011-05-18,LE1210,117.0,117.75,116.9,117.7,18.0,,活牛1210,39.0,117.7,117.7
2011-05-19,LE1210,117.5,117.9,117.5,117.9,2.0,,活牛1210,53.0,117.9,117.9
2011-05-20,LE1210,117.525,117.9,117.425,117.9,10.0,,活牛1210,55.0,117.9,117.9
2011-05-23,LE1210,117.0,117.9,115.85,117.9,7.0,,活牛1210,65.0,117.9,117.9
2011-05-24,LE1210,,,,116.0,,,活牛1210,72.0,116.0,116.0
2011-05-25,LE1210,115.4,116.5,115.35,116.5,5.0,,活牛1210,72.0,116.5,116.5
2011-05-26,LE1210,116.0,116.0,116.0,116.0,2.0,,活牛1210,75.0,116.0,116.0
2011-05-27,LE1210,,,,116.0,,,活牛1210,75.0,116.0,116.0
2011-05-31,LE1210,116.0,116.0,116.0,116.0,2.0,,活牛1210,75.0,116.0,116.0
2011-06-01,LE1210,115.3,116.2,115.3,116.0,13.0,,活牛1210,77.0,116.0,116.0
2011-06-02,LE1210,,,,116.0,,,活牛1210,88.0,116.0,116.0
2011-06-03,LE1210,116.25,117.2,116.25,117.2,4.0,,活牛1210,88.0,117.2,117.2
2011-06-06,LE1210,117.0,117.2,116.55,117.2,11.0,,活牛1210,92.0,117.2,117.2
2011-06-07,LE1210,117.0,117.2,117.0,117.2,12.0,,活牛1210,103.0,117.2,117.2
2011-06-08,LE1210,117.9,118.0,117.8,117.8,10.0,,活牛1210,113.0,117.8,117.8
2011-06-09,LE1210,118.0,119.5,118.0,118.9,33.0,,活牛1210,117.0,118.9,118.9
2011-06-10,LE1210,118.175,118.9,118.175,118.9,6.0,,活牛1210,149.0,118.9,118.9
2011-06-13,LE1210,119.0,119.0,119.0,119.0,3.0,,活牛1210,149.0,119.0,119.0
2011-06-14,LE1210,119.0,119.8,119.0,119.8,16.0,,活牛1210,152.0,119.8,119.8
2011-06-15,LE1210,119.2,119.5,117.9,119.5,10.0,,活牛1210,168.0,119.5,119.5
2011-06-16,LE1210,119.0,120.0,119.0,120.0,3.0,,活牛1210,174.0,120.0,120.0
2011-06-17,LE1210,,,,120.25,7.0,,活牛1210,173.0,120.25,120.25
2011-06-20,LE1210,120.5,121.8,120.5,121.5,23.0,,活牛1210,166.0,121.5,121.5
2011-06-21,LE1210,121.75,122.5,121.75,122.5,25.0,,活牛1210,178.0,122.5,122.5
2011-06-22,LE1210,,,,122.5,,,活牛1210,178.0,122.5,122.5
2011-06-23,LE1210,121.25,122.5,121.25,122.5,2.0,,活牛1210,178.0,122.5,122.5
2011-06-24,LE1210,121.0,122.5,121.0,122.5,1.0,,活牛1210,178.0,122.5,122.5
2011-06-27,LE1210,,,,121.75,,,活牛1210,178.0,121.75,121.75
2011-06-28,LE1210,121.0,122.3,121.0,122.3,1.0,,活牛1210,178.0,122.3,122.3
2011-06-29,LE1210,121.675,122.2,121.675,122.2,4.0,,活牛1210,179.0,122.2,122.2
2011-06-30,LE1210,120.1,120.1,119.6,119.6,7.0,,活牛1210,181.0,119.6,119.6
2011-07-01,LE1210,120.5,121.7,120.5,121.25,37.0,,活牛1210,179.0,121.25,121.25
2011-07-05,LE1210,121.8,122.475,121.75,122.05,35.0,,活牛1210,204.0,122.05,122.05
2011-07-06,LE1210,122.025,122.3,122.0,122.05,4.0,,活牛1210,208.0,122.05,122.05
2011-07-07,LE1210,122.5,123.45,122.5,122.9,20.0,,活牛1210,212.0,122.9,122.9
2011-07-08,LE1210,123.45,123.8,123.45,123.8,4.0,,活牛1210,230.0,123.8,123.8
2011-07-11,LE1210,123.5,123.55,123.5,123.5,5.0,,活牛1210,234.0,123.5,123.5
2011-07-12,LE1210,123.65,123.65,123.4,123.4,27.0,,活牛1210,234.0,123.4,123.4
2011-07-13,LE1210,123.75,123.75,123.5,123.5,34.0,,活牛1210,244.0,123.5,123.5
2011-07-14,LE1210,122.0,122.0,121.95,122.0,5.0,,活牛1210,262.0,122.0,122.0
2011-07-15,LE1210,,,,122.0,,,活牛1210,264.0,122.0,122.0
2011-07-18,LE1210,121.975,121.975,121.05,121.5,33.0,,活牛1210,264.0,121.5,121.5
2011-07-19,LE1210,121.5,122.5,121.5,122.5,18.0,,活牛1210,280.0,122.5,122.5
2011-07-20,LE1210,121.925,122.5,121.675,122.5,17.0,,活牛1210,289.0,122.5,122.5
2011-07-21,LE1210,122.45,122.525,122.125,122.5,41.0,,活牛1210,293.0,122.5,122.5
2011-07-22,LE1210,122.2,123.2,121.9,123.2,11.0,,活牛1210,293.0,123.2,123.2
2011-07-25,LE1210,123.05,123.05,122.9,123.0,14.0,,活牛1210,292.0,123.0,123.0
2011-07-26,LE1210,122.75,123.625,122.75,123.5,11.0,,活牛1210,303.0,123.5,123.5
2011-07-27,LE1210,122.9,123.5,122.9,123.5,15.0,,活牛1210,308.0,123.5,123.5
2011-07-28,LE1210,123.05,123.5,122.9,123.5,3.0,,活牛1210,321.0,123.5,123.5
2011-07-29,LE1210,123.0,123.5,122.7,123.5,41.0,,活牛1210,324.0,123.5,123.5
2011-08-01,LE1210,123.975,124.7,123.85,124.7,45.0,,活牛1210,361.0,124.7,124.7
2011-08-02,LE1210,124.975,125.0,124.6,124.95,3.0,,活牛1210,399.0,124.95,124.95
2011-08-03,LE1210,124.225,124.95,124.225,124.95,5.0,,活牛1210,402.0,124.95,124.95
2011-08-04,LE1210,124.35,124.4,122.85,124.4,72.0,,活牛1210,406.0,124.4,124.4
2011-08-05,LE1210,123.35,124.6,123.325,124.6,23.0,,活牛1210,471.0,124.6,124.6
2011-08-08,LE1210,,,,124.0,,,活牛1210,480.0,124.0,124.0
2011-08-09,LE1210,123.0,124.0,123.0,124.0,6.0,,活牛1210,480.0,124.0,124.0
2011-08-10,LE1210,123.8,124.0,123.2,124.0,65.0,,活牛1210,483.0,124.0,124.0
2011-08-11,LE1210,123.2,124.75,123.2,124.5,72.0,,活牛1210,543.0,124.5,124.5
2011-08-12,LE1210,124.9,125.45,124.5,125.15,70.0,,活牛1210,612.0,125.15,125.15
2011-08-15,LE1210,125.325,125.5,125.0,125.5,10.0,,活牛1210,658.0,125.5,125.5
2011-08-16,LE1210,125.4,125.5,125.25,125.5,26.0,,活牛1210,666.0,125.5,125.5
2011-08-17,LE1210,125.25,125.375,123.525,124.8,122.0,,活牛1210,690.0,124.8,124.8
2011-08-18,LE1210,123.5,123.9,123.025,123.9,101.0,,活牛1210,701.0,123.9,123.9
2011-08-19,LE1210,123.55,124.2,123.225,124.2,52.0,,活牛1210,706.0,124.2,124.2
2011-08-22,LE1210,123.85,124.3,123.85,124.3,33.0,,活牛1210,712.0,124.3,124.3
2011-08-23,LE1210,124.1,124.5,124.1,124.3,17.0,,活牛1210,708.0,124.3,124.3
2011-08-24,LE1210,123.55,124.3,123.55,124.3,22.0,,活牛1210,713.0,124.3,124.3
2011-08-25,LE1210,123.65,124.4,123.5,124.4,28.0,,活牛1210,732.0,124.4,124.4
2011-08-26,LE1210,124.45,125.1,124.4,124.8,31.0,,活牛1210,745.0,124.8,124.8
2011-08-29,LE1210,124.95,125.475,124.95,125.2,11.0,,活牛1210,774.0,125.2,125.2
2011-08-30,LE1210,125.0,125.6,124.9,125.5,24.0,,活牛1210,775.0,125.5,125.5
2011-08-31,LE1210,125.375,125.5,124.7,125.5,138.0,,活牛1210,777.0,125.5,125.5
2011-09-01,LE1210,125.0,125.5,124.65,125.5,16.0,,活牛1210,792.0,125.5,125.5
2011-09-02,LE1210,124.5,125.675,124.5,125.5,41.0,,活牛1210,800.0,125.5,125.5
2011-09-06,LE1210,125.0,126.0,125.0,126.0,73.0,,活牛1210,831.0,126.0,126.0
2011-09-07,LE1210,126.0,126.5,126.0,126.5,112.0,,活牛1210,891.0,126.5,126.5
2011-09-08,LE1210,126.25,126.725,125.775,126.2,38.0,,活牛1210,956.0,126.2,126.2
2011-09-09,LE1210,126.6,126.65,125.675,126.2,94.0,,活牛1210,988.0,126.2,126.2
2011-09-12,LE1210,126.05,126.7,125.65,126.7,48.0,,活牛1210,1038.0,126.7,126.7
2011-09-13,LE1210,126.8,126.975,125.9,126.8,58.0,,活牛1210,1072.0,126.8,126.8
2011-09-14,LE1210,126.75,127.625,126.6,127.55,71.0,,活牛1210,1098.0,127.55,127.55
2011-09-15,LE1210,127.35,127.625,126.5,126.9,126.0,,活牛1210,1111.0,126.9,126.9
2011-09-16,LE1210,127.0,127.0,126.275,126.9,21.0,,活牛1210,1161.0,126.9,126.9
2011-09-19,LE1210,125.4,126.5,125.2,126.0,29.0,,活牛1210,1175.0,126.0,126.0
2011-09-20,LE1210,126.225,126.725,126.025,126.6,67.0,,活牛1210,1196.0,126.6,126.6
2011-09-21,LE1210,126.475,127.0,126.1,126.5,82.0,,活牛1210,1240.0,126.5,126.5
2011-09-22,LE1210,126.15,126.15,123.5,123.9,117.0,,活牛1210,1252.0,123.9,123.9
2011-09-23,LE1210,123.9,124.2,123.0,124.2,132.0,,活牛1210,1306.0,124.2,124.2
2011-09-26,LE1210,124.6,127.0,124.6,126.25,70.0,,活牛1210,1364.0,126.25,126.25
2011-09-27,LE1210,126.2,127.275,126.2,126.4,283.0,,活牛1210,1370.0,126.4,126.4
2011-09-28,LE1210,126.6,126.675,125.5,125.6,109.0,,活牛1210,1489.0,125.6,125.6
2011-09-29,LE1210,125.1,126.0,125.1,125.9,75.0,,活牛1210,1501.0,125.9,125.9
2011-09-30,LE1210,124.225,125.65,123.475,125.65,158.0,,活牛1210,1531.0,125.65,125.65
2011-10-03,LE1210,125.05,125.7,124.725,125.45,273.0,,活牛1210,1606.0,125.45,125.45
2011-10-04,LE1210,124.625,124.65,123.45,123.5,223.0,,活牛1210,1707.0,123.5,123.5
2011-10-05,LE1210,124.45,124.75,124.2,124.525,132.0,,活牛1210,1725.0,124.525,124.525
2011-10-06,LE1210,124.475,125.0,124.325,125.0,80.0,,活牛1210,1769.0,125.0,125.0
2011-10-07,LE1210,124.925,125.4,124.725,125.25,94.0,,活牛1210,1780.0,125.25,125.25
2011-10-10,LE1210,125.4,125.975,125.35,125.95,78.0,,活牛1210,1821.0,125.95,125.95
2011-10-11,LE1210,125.6,126.75,125.55,126.725,112.0,,活牛1210,1855.0,126.725,126.725
2011-10-12,LE1210,126.825,127.075,126.35,126.8,170.0,,活牛1210,1860.0,126.8,126.8
2011-10-13,LE1210,126.6,127.4,126.0,127.15,210.0,,活牛1210,1933.0,127.15,127.15
2011-10-14,LE1210,127.4,128.0,126.925,127.9,335.0,,活牛1210,2015.0,127.9,127.9
2011-10-17,LE1210,127.6,128.55,127.375,128.1,402.0,,活牛1210,2142.0,128.1,128.1
2011-10-18,LE1210,128.0,128.25,127.5,128.0,162.0,,活牛1210,2336.0,128.0,128.0
2011-10-19,LE1210,128.0,128.15,127.6,127.95,97.0,,活牛1210,2390.0,127.95,127.95
2011-10-20,LE1210,127.4,127.775,126.825,127.45,43.0,,活牛1210,2441.0,127.45,127.45
2011-10-21,LE1210,127.975,128.45,127.65,128.35,176.0,,活牛1210,2461.0,128.35,128.35
2011-10-24,LE1210,127.95,128.75,127.95,128.7,108.0,,活牛1210,2570.0,128.7,128.7
2011-10-25,LE1210,128.675,128.775,128.0,128.4,269.0,,活牛1210,2614.0,128.4,128.4
2011-10-26,LE1210,127.775,128.15,127.15,127.6,152.0,,活牛1210,2681.0,127.6,127.6
2011-10-27,LE1210,127.2,128.1,127.125,127.7,140.0,,活牛1210,2730.0,127.7,127.7
2011-10-28,LE1210,127.6,127.9,127.05,127.475,130.0,,活牛1210,2780.0,127.475,127.475
2011-10-31,LE1210,127.425,127.425,126.3,126.95,128.0,,活牛1210,2776.0,126.95,126.95
2011-11-01,LE1210,126.25,129.0,125.775,129.0,368.0,,活牛1210,2832.0,129.0,129.0
2011-11-02,LE1210,128.725,129.1,128.25,128.825,101.0,,活牛1210,2968.0,128.825,128.825
2011-11-03,LE1210,128.6,129.8,128.2,129.8,284.0,,活牛1210,3026.0,129.8,129.8
2011-11-04,LE1210,129.3,129.6,128.75,129.6,183.0,,活牛1210,3878.0,129.6,129.6
2011-11-07,LE1210,129.15,129.15,128.475,129.1,319.0,,活牛1210,3156.0,129.1,129.1
2011-11-08,LE1210,128.975,129.5,128.8,129.15,637.0,,活牛1210,3394.0,129.15,129.15
2011-11-09,LE1210,128.9,129.3,128.3,129.05,884.0,,活牛1210,3827.0,129.05,129.05
2011-11-10,LE1210,129.2,129.575,128.2,128.3,342.0,,活牛1210,4405.0,128.3,128.3
2011-11-11,LE1210,128.375,128.75,127.8,128.1,411.0,,活牛1210,4355.0,128.1,128.1
2011-11-14,LE1210,128.2,128.2,127.45,127.8,286.0,,活牛1210,4449.0,127.8,127.8
2011-11-15,LE1210,128.075,129.65,127.85,129.6,846.0,,活牛1210,4384.0,129.6,129.6
2011-11-16,LE1210,129.4,129.7,128.85,129.575,635.0,,活牛1210,4765.0,129.575,129.575
2011-11-17,LE1210,129.25,129.675,128.525,128.75,710.0,,活牛1210,4884.0,128.75,128.75
2011-11-18,LE1210,128.6,128.6,127.525,127.8,431.0,,活牛1210,4898.0,127.8,127.8
2011-11-21,LE1210,127.4,128.1,126.375,128.1,661.0,,活牛1210,4938.0,128.1,128.1
2011-11-22,LE1210,127.525,128.7,127.525,128.7,769.0,,活牛1210,5234.0,128.7,128.7
2011-11-23,LE1210,128.4,128.525,127.5,128.05,711.0,,活牛1210,5312.0,128.05,128.05
2011-11-25,LE1210,127.9,127.925,127.3,127.35,125.0,,活牛1210,5571.0,127.35,127.35
2011-11-28,LE1210,128.0,128.5,127.125,127.7,215.0,,活牛1210,5597.0,127.7,127.7
2011-11-29,LE1210,127.5,127.65,127.025,127.375,367.0,,活牛1210,5624.0,127.375,127.375
2011-11-30,LE1210,127.75,128.5,127.75,128.175,263.0,,活牛1210,5638.0,128.175,128.175
2011-12-01,LE1210,127.9,128.325,127.65,128.2,632.0,,活牛1210,5707.0,128.2,128.2
2011-12-02,LE1210,128.35,128.75,128.15,128.5,627.0,,活牛1210,5746.0,128.5,128.5
2011-12-05,LE1210,128.3,128.525,126.1,126.6,660.0,,活牛1210,6048.0,126.6,126.6
2011-12-06,LE1210,126.6,126.6,125.025,125.775,596.0,,活牛1210,6246.0,125.775,125.775
2011-12-07,LE1210,126.0,126.0,125.15,125.825,443.0,,活牛1210,6384.0,125.825,125.825
2011-12-08,LE1210,125.625,125.8,125.3,125.35,603.0,,活牛1210,6565.0,125.35,125.35
2011-12-09,LE1210,125.375,125.375,124.5,124.75,397.0,,活牛1210,6710.0,124.75,124.75
2011-12-12,LE1210,124.0,125.1,123.075,125.075,772.0,,活牛1210,6794.0,125.075,125.075
2011-12-13,LE1210,125.1,125.925,125.05,125.55,620.0,,活牛1210,7043.0,125.55,125.55
2011-12-14,LE1210,124.925,125.175,124.45,125.075,684.0,,活牛1210,7100.0,125.075,125.075
2011-12-15,LE1210,124.825,125.325,124.575,124.85,338.0,,活牛1210,7206.0,124.85,124.85
2011-12-16,LE1210,124.5,124.8,124.075,124.65,538.0,,活牛1210,7376.0,124.65,124.65
2011-12-19,LE1210,124.9,126.5,124.75,126.5,826.0,,活牛1210,7529.0,126.5,126.5
2011-12-20,LE1210,126.0,126.45,125.65,126.25,499.0,,活牛1210,7700.0,126.25,126.25
2011-12-21,LE1210,125.95,126.6,125.6,125.95,1042.0,,活牛1210,7879.0,125.95,125.95
2011-12-22,LE1210,125.9,128.4,125.875,128.4,1703.0,,活牛1210,8225.0,128.4,128.4
2011-12-23,LE1210,128.5,129.2,127.925,129.2,612.0,,活牛1210,8921.0,129.2,129.2
2011-12-27,LE1210,128.55,128.8,128.2,128.775,475.0,,活牛1210,9125.0,128.775,128.775
2011-12-28,LE1210,128.825,129.2,128.5,129.2,1968.0,,活牛1210,9205.0,129.2,129.2
2011-12-29,LE1210,128.9,129.2,128.375,128.5,439.0,,活牛1210,9304.0,128.5,128.5
2011-12-30,LE1210,128.7,128.95,127.9,128.4,538.0,,活牛1210,9337.0,128.4,128.4
2012-01-03,LE1210,129.0,129.25,128.55,128.975,692.0,,活牛1210,9414.0,128.975,128.975
2012-01-04,LE1210,128.4,129.425,128.3,129.375,876.0,,活牛1210,9454.0,129.375,129.375
2012-01-05,LE1210,129.35,129.75,128.75,129.175,947.0,,活牛1210,9573.0,129.175,129.175
2012-01-06,LE1210,129.0,129.4,128.675,128.875,901.0,,活牛1210,9994.0,128.875,128.875
2012-01-09,LE1210,128.75,129.25,128.4,128.925,1247.0,,活牛1210,10037.0,128.925,128.925
2012-01-10,LE1210,128.9,129.75,128.7,129.725,1066.0,,活牛1210,10088.0,129.725,129.725
2012-01-11,LE1210,129.3,129.775,128.85,129.65,1660.0,,活牛1210,10252.0,129.65,129.65
2012-01-12,LE1210,129.4,129.8,128.45,129.225,1356.0,,活牛1210,10510.0,129.225,129.225
2012-01-13,LE1210,128.825,129.85,128.625,129.65,1641.0,,活牛1210,10719.0,129.65,129.65
2012-01-17,LE1210,129.95,130.25,129.225,129.775,2532.0,,活牛1210,11165.0,129.775,129.775
2012-01-18,LE1210,129.55,129.75,129.05,129.675,1301.0,,活牛1210,11610.0,129.675,129.675
2012-01-19,LE1210,129.5,130.275,129.45,130.025,1251.0,,活牛1210,11798.0,130.025,130.025
2012-01-20,LE1210,130.175,130.725,129.8,130.075,1909.0,,活牛1210,12037.0,130.075,130.075
2012-01-23,LE1210,130.475,130.7,129.9,130.65,1366.0,,活牛1210,12381.0,130.65,130.65
2012-01-24,LE1210,130.5,131.7,130.4,131.675,1960.0,,活牛1210,12664.0,131.675,131.675
2012-01-25,LE1210,131.3,131.9,131.0,131.775,1543.0,,活牛1210,13155.0,131.775,131.775
2012-01-26,LE1210,131.45,131.825,131.025,131.125,1521.0,,活牛1210,13590.0,131.125,131.125
2012-01-27,LE1210,131.05,131.75,130.7,131.725,1929.0,,活牛1210,13613.0,131.725,131.725
2012-01-30,LE1210,131.7,131.7,130.75,131.475,1135.0,,活牛1210,14150.0,131.475,131.475
2012-01-31,LE1210,131.35,132.4,131.325,132.375,2323.0,,活牛1210,14299.0,132.375,132.375
2012-02-01,LE1210,132.275,133.25,132.0,133.225,2518.0,,活牛1210,15034.0,133.225,133.225
2012-02-02,LE1210,132.8,133.075,132.65,132.975,1215.0,,活牛1210,15358.0,132.975,132.975
2012-02-03,LE1210,132.65,133.15,131.9,132.325,1726.0,,活牛1210,15416.0,132.325,132.325
2012-02-06,LE1210,131.95,132.55,131.9,132.55,1620.0,,活牛1210,15777.0,132.55,132.55
2012-02-07,LE1210,132.0,133.4,132.0,133.375,2201.0,,活牛1210,16017.0,133.375,133.375
2012-02-08,LE1210,133.025,133.5,132.4,133.175,3547.0,,活牛1210,16625.0,133.175,133.175
2012-02-09,LE1210,132.7,133.3,132.4,133.05,2795.0,,活牛1210,17348.0,133.05,133.05
2012-02-10,LE1210,132.5,132.525,131.5,131.7,2847.0,,活牛1210,17912.0,131.7,131.7
2012-02-13,LE1210,131.65,132.65,131.65,132.525,2605.0,,活牛1210,18603.0,132.525,132.525
2012-02-14,LE1210,132.4,133.45,132.3,133.175,2187.0,,活牛1210,19115.0,133.175,133.175
2012-02-15,LE1210,133.25,133.3,132.25,132.75,3110.0,,活牛1210,19475.0,132.75,132.75
2012-02-16,LE1210,132.525,133.4,132.425,132.6,2440.0,,活牛1210,19335.0,132.6,132.6
2012-02-17,LE1210,132.775,133.65,132.65,133.65,2811.0,,活牛1210,19554.0,133.65,133.65
2012-02-21,LE1210,133.35,133.65,133.0,133.525,2399.0,,活牛1210,19892.0,133.525,133.525
2012-02-22,LE1210,133.525,133.825,133.025,133.75,2689.0,,活牛1210,20403.0,133.75,133.75
2012-02-23,LE1210,133.625,133.9,133.125,133.775,5670.0,,活牛1210,21308.0,133.775,133.775
2012-02-24,LE1210,133.575,134.2,133.55,134.15,4484.0,,活牛1210,22369.0,134.15,134.15
2012-02-27,LE1210,134.125,134.225,133.2,133.2,4039.0,,活牛1210,23420.0,133.2,133.2
2012-02-28,LE1210,133.4,133.575,132.6,132.875,3868.0,,活牛1210,24148.0,132.875,132.875
2012-02-29,LE1210,133.3,134.275,133.075,134.05,6172.0,,活牛1210,25309.0,134.05,134.05
2012-03-01,LE1210,134.1,135.0,133.9,134.95,7555.0,,活牛1210,26364.0,134.95,134.95
2012-03-02,LE1210,134.8,134.975,134.025,134.325,4852.0,,活牛1210,29023.0,134.325,134.325
2012-03-05,LE1210,134.325,134.325,133.0,133.3,4966.0,,活牛1210,29840.0,133.3,133.3
2012-03-06,LE1210,133.35,133.35,131.125,131.25,8976.0,,活牛1210,31052.0,131.25,131.25
2012-03-07,LE1210,131.5,131.65,130.55,131.225,6216.0,,活牛1210,33090.0,131.225,131.225
2012-03-08,LE1210,131.2,132.1,131.0,131.7,4748.0,,活牛1210,34181.0,131.7,131.7
2012-03-09,LE1210,131.55,131.7,130.825,131.2,4980.0,,活牛1210,34702.0,131.2,131.2
2012-03-12,LE1210,131.0,131.4,129.65,131.375,8359.0,,活牛1210,35548.0,131.375,131.375
2012-03-13,LE1210,131.2,132.325,130.975,132.1,5023.0,,活牛1210,38315.0,132.1,132.1
2012-03-14,LE1210,132.1,132.25,131.375,131.55,3016.0,,活牛1210,38673.0,131.55,131.55
2012-03-15,LE1210,131.55,132.375,130.5,130.7,4084.0,,活牛1210,38703.0,130.7,130.7
2012-03-16,LE1210,131.1,131.3,129.225,129.875,4587.0,,活牛1210,39209.0,129.875,129.875
2012-03-19,LE1210,130.025,130.275,128.875,129.4,3691.0,,活牛1210,39995.0,129.4,129.4
2012-03-20,LE1210,128.875,129.225,128.275,128.7,4919.0,,活牛1210,40430.0,128.7,128.7
2012-03-21,LE1210,128.6,129.5,128.5,128.9,4835.0,,活牛1210,40482.0,128.9,128.9
2012-03-22,LE1210,128.825,129.5,128.65,129.0,5281.0,,活牛1210,40643.0,129.0,129.0
2012-03-23,LE1210,128.95,129.05,127.25,128.375,6710.0,,活牛1210,40868.0,128.375,128.375
2012-03-26,LE1210,128.325,128.85,128.075,128.65,3661.0,,活牛1210,42017.0,128.65,128.65
2012-03-27,LE1210,128.7,130.0,128.375,129.475,4734.0,,活牛1210,42645.0,129.475,129.475
2012-03-28,LE1210,129.45,129.45,127.975,128.5,6295.0,,活牛1210,43404.0,128.5,128.5
2012-03-29,LE1210,128.225,128.625,126.175,126.725,6026.0,,活牛1210,44233.0,126.725,126.725
2012-03-30,LE1210,126.8,127.4,125.375,125.6,10411.0,,活牛1210,44340.0,125.6,125.6
2012-04-02,LE1210,125.6,126.4,125.0,126.25,7580.0,,活牛1210,46579.0,126.25,126.25
2012-04-03,LE1210,126.35,126.375,124.775,125.25,7769.0,,活牛1210,47402.0,125.25,125.25
2012-04-04,LE1210,124.75,125.425,123.2,123.45,10488.0,,活牛1210,48450.0,123.45,123.45
2012-04-05,LE1210,123.525,124.425,123.35,123.975,4797.0,,活牛1210,49408.0,123.975,123.975
2012-04-09,LE1210,123.825,124.9,123.775,124.15,6142.0,,活牛1210,49047.0,124.15,124.15
2012-04-10,LE1210,124.2,124.5,123.0,123.3,6270.0,,活牛1210,49809.0,123.3,123.3
2012-04-11,LE1210,123.225,125.25,123.0,124.45,7936.0,,活牛1210,50377.0,124.45,124.45
2012-04-12,LE1210,125.375,126.8,125.15,126.375,7554.0,,活牛1210,51697.0,126.375,126.375
2012-04-13,LE1210,126.3,126.475,125.025,125.1,7722.0,,活牛1210,52452.0,125.1,125.1
2012-04-16,LE1210,125.35,125.675,124.3,125.0,5022.0,,活牛1210,53121.0,125.0,125.0
2012-04-17,LE1210,125.175,125.55,124.5,125.225,9691.0,,活牛1210,53911.0,125.225,125.225
2012-04-18,LE1210,125.35,125.5,123.6,123.95,6812.0,,活牛1210,54901.0,123.95,123.95
2012-04-19,LE1210,124.05,124.65,123.9,124.5,7230.0,,活牛1210,55430.0,124.5,124.5
2012-04-20,LE1210,124.85,125.35,124.275,124.6,7497.0,,活牛1210,56330.0,124.6,124.6
2012-04-23,LE1210,124.375,124.7,123.475,124.45,11135.0,,活牛1210,58050.0,124.45,124.45
2012-04-24,LE1210,124.4,124.95,121.45,121.45,11309.0,,活牛1210,60398.0,121.45,121.45
2012-04-25,LE1210,121.9,122.525,121.5,121.85,8384.0,,活牛1210,61436.0,121.85,121.85
2012-04-26,LE1210,122.0,122.0,120.4,120.525,13307.0,,活牛1210,63126.0,120.525,120.525
2012-04-27,LE1210,120.425,121.0,119.5,120.725,5723.0,,活牛1210,64194.0,120.725,120.725
2012-04-30,LE1210,120.875,121.55,120.05,121.15,7175.0,,活牛1210,64018.0,121.15,121.15
2012-05-01,LE1210,121.25,121.725,120.9,121.65,9375.0,,活牛1210,61597.0,121.65,121.65
2012-05-02,LE1210,121.65,122.025,120.975,121.425,8291.0,,活牛1210,62802.0,121.425,121.425
2012-05-03,LE1210,121.225,124.175,120.725,123.95,10556.0,,活牛1210,63846.0,123.95,123.95
2012-05-04,LE1210,123.825,124.025,122.75,123.8,9453.0,,活牛1210,65401.0,123.8,123.8
2012-05-07,LE1210,123.8,124.2,122.55,124.15,10706.0,,活牛1210,66590.0,124.15,124.15
2012-05-08,LE1210,123.775,124.025,122.675,123.65,9081.0,,活牛1210,68552.0,123.65,123.65
2012-05-09,LE1210,123.6,124.4,123.0,124.225,11664.0,,活牛1210,68765.0,124.225,124.225
2012-05-10,LE1210,124.0,124.2,123.275,123.375,8002.0,,活牛1210,70114.0,123.375,123.375
2012-05-11,LE1210,123.25,123.25,122.3,122.6,10653.0,,活牛1210,70656.0,122.6,122.6
2012-05-14,LE1210,122.6,123.2,122.15,123.15,8573.0,,活牛1210,72447.0,123.15,123.15
2012-05-15,LE1210,123.0,123.75,122.825,123.65,8103.0,,活牛1210,73203.0,123.65,123.65
2012-05-16,LE1210,123.5,124.4,123.425,124.175,8634.0,,活牛1210,73569.0,124.175,124.175
2012-05-17,LE1210,124.35,125.05,124.35,124.95,7526.0,,活牛1210,73932.0,124.95,124.95
2012-05-18,LE1210,124.95,126.675,124.775,126.3,11349.0,,活牛1210,73739.0,126.3,126.3
2012-05-21,LE1210,126.75,127.05,125.2,125.35,8911.0,,活牛1210,73455.0,125.35,125.35
2012-05-22,LE1210,125.65,126.025,124.7,125.7,9402.0,,活牛1210,73483.0,125.7,125.7
2012-05-23,LE1210,125.45,125.65,123.9,124.15,15804.0,,活牛1210,73620.0,124.15,124.15
2012-05-24,LE1210,124.1,124.65,123.55,124.175,10833.0,,活牛1210,74797.0,124.175,124.175
2012-05-25,LE1210,124.4,124.9,123.3,123.5,8115.0,,活牛1210,77199.0,123.5,123.5
2012-05-29,LE1210,123.5,124.375,123.4,123.825,5790.0,,活牛1210,76939.0,123.825,123.825
2012-05-30,LE1210,123.525,123.7,122.2,122.675,9027.0,,活牛1210,78102.0,122.675,122.675
2012-05-31,LE1210,122.575,124.05,122.375,123.7,7500.0,,活牛1210,78073.0,123.7,123.7
2012-06-01,LE1210,124.05,124.5,123.0,123.95,9967.0,,活牛1210,78119.0,123.95,123.95
2012-06-04,LE1210,123.975,124.75,123.6,124.425,7107.0,,活牛1210,77713.0,124.425,124.425
2012-06-05,LE1210,124.625,124.85,123.65,123.7,4666.0,,活牛1210,77599.0,123.7,123.7
2012-06-06,LE1210,123.625,124.4,123.475,123.8,7760.0,,活牛1210,77237.0,123.8,123.8
2012-06-07,LE1210,123.875,125.425,123.5,125.0,9514.0,,活牛1210,77416.0,125.0,125.0
2012-06-08,LE1210,124.975,125.375,124.725,125.25,7516.0,,活牛1210,76415.0,125.25,125.25
2012-06-11,LE1210,125.4,125.8,124.675,124.825,9693.0,,活牛1210,75165.0,124.825,124.825
2012-06-12,LE1210,124.7,125.425,124.525,124.675,6812.0,,活牛1210,74454.0,124.675,124.675
2012-06-13,LE1210,124.6,124.725,122.0,122.55,9911.0,,活牛1210,73853.0,122.55,122.55
2012-06-14,LE1210,122.55,122.8,121.0,121.05,13711.0,,活牛1210,71885.0,121.05,121.05
2012-06-15,LE1210,121.125,121.425,120.85,121.125,9936.0,,活牛1210,72014.0,121.125,121.125
2012-06-18,LE1210,121.475,122.4,121.1,121.95,10810.0,,活牛1210,72597.0,121.95,121.95
2012-06-19,LE1210,121.675,122.375,121.35,121.5,7591.0,,活牛1210,72779.0,121.5,121.5
2012-06-20,LE1210,121.575,122.225,121.2,121.325,9320.0,,活牛1210,73433.0,121.325,121.325
2012-06-21,LE1210,121.25,121.65,120.6,120.875,7129.0,,活牛1210,74156.0,120.875,120.875
2012-06-22,LE1210,120.625,121.4,120.4,121.2,8565.0,,活牛1210,74785.0,121.2,121.2
2012-06-25,LE1210,120.8,121.175,120.05,120.425,9954.0,,活牛1210,76914.0,120.425,120.425
2012-06-26,LE1210,120.5,120.825,119.65,119.85,9955.0,,活牛1210,78368.0,119.85,119.85
2012-06-27,LE1210,120.1,122.025,119.65,121.275,10728.0,,活牛1210,79771.0,121.275,121.275
2012-06-28,LE1210,121.5,123.55,121.2,123.3,15557.0,,活牛1210,80357.0,123.3,123.3
2012-06-29,LE1210,123.3,124.5,123.0,124.4,13863.0,,活牛1210,82316.0,124.4,124.4
2012-07-02,LE1210,123.675,124.35,123.1,123.35,13633.0,,活牛1210,83954.0,123.35,123.35
2012-07-03,LE1210,123.2,123.825,122.35,123.65,12974.0,,活牛1210,85512.0,123.65,123.65
2012-07-05,LE1210,123.5,123.975,122.9,123.55,19974.0,,活牛1210,85811.0,123.55,123.55
2012-07-06,LE1210,123.4,123.95,123.125,123.65,12171.0,,活牛1210,83487.0,123.65,123.65
2012-07-09,LE1210,123.425,124.25,122.775,123.6,23675.0,,活牛1210,84142.0,123.6,123.6
2012-07-10,LE1210,123.4,123.8,122.875,123.15,23052.0,,活牛1210,86670.0,123.15,123.15
2012-07-11,LE1210,123.05,123.55,122.075,122.15,23964.0,,活牛1210,89221.0,122.15,122.15
2012-07-12,LE1210,122.225,122.375,121.325,121.65,25432.0,,活牛1210,92411.0,121.65,121.65
2012-07-13,LE1210,121.45,121.65,120.525,121.45,23502.0,,活牛1210,100583.0,121.45,121.45
2012-07-16,LE1210,121.45,121.5,120.25,120.55,16743.0,,活牛1210,108725.0,120.55,120.55
2012-07-17,LE1210,120.25,120.825,119.75,119.975,23709.0,,活牛1210,114599.0,119.975,119.975
2012-07-18,LE1210,119.65,122.975,119.6,122.825,24997.0,,活牛1210,117408.0,122.825,122.825
2012-07-19,LE1210,122.85,124.45,122.075,124.4,29311.0,,活牛1210,120013.0,124.4,124.4
2012-07-20,LE1210,124.1,124.25,122.475,123.1,27464.0,,活牛1210,123533.0,123.1,123.1
2012-07-23,LE1210,123.0,123.95,122.775,123.575,15475.0,,活牛1210,126856.0,123.5,123.575
2012-07-24,LE1210,123.475,123.625,122.775,123.35,17810.0,,活牛1210,129311.0,123.325,123.35
2012-07-25,LE1210,123.1,123.3,122.35,122.925,15447.0,,活牛1210,128328.0,122.925,122.925
2012-07-26,LE1210,122.8,123.725,122.15,123.175,25908.0,,活牛1210,127631.0,123.175,123.175
2012-07-27,LE1210,123.175,125.7,122.725,125.275,35612.0,,活牛1210,128433.0,125.275,125.275
2012-07-30,LE1210,125.425,126.475,124.95,125.8,28837.0,,活牛1210,129772.0,125.825,125.8
2012-07-31,LE1210,125.7,125.925,124.275,124.35,22618.0,,活牛1210,132848.0,124.4,124.35
2012-08-01,LE1210,124.65,124.75,123.725,124.05,22326.0,,活牛1210,132700.0,124.075,124.05
2012-08-02,LE1210,124.025,125.425,123.55,125.05,23482.0,,活牛1210,133024.0,125.1,125.05
2012-08-03,LE1210,125.325,125.95,124.325,124.35,20864.0,,活牛1210,134543.0,124.375,124.35
2012-08-06,LE1210,124.475,125.65,124.275,124.4,20965.0,,活牛1210,134255.0,124.35,124.4
2012-08-07,LE1210,124.375,124.95,124.0,124.15,18138.0,,活牛1210,132961.0,124.175,124.15
2012-08-08,LE1210,124.35,125.85,124.25,125.675,23779.0,,活牛1210,133579.0,125.675,125.675
2012-08-09,LE1210,125.825,126.225,125.35,125.8,26317.0,,活牛1210,135450.0,125.775,125.8
2012-08-10,LE1210,125.9,126.075,125.25,125.55,18983.0,,活牛1210,135985.0,125.525,125.55
2012-08-13,LE1210,126.0,126.7,125.875,126.375,21380.0,,活牛1210,135687.0,126.375,126.375
2012-08-14,LE1210,126.525,127.05,125.85,126.9,26041.0,,活牛1210,134390.0,126.9,126.9
2012-08-15,LE1210,126.85,127.225,126.5,126.65,23173.0,,活牛1210,135510.0,126.65,126.65
2012-08-16,LE1210,126.65,126.925,125.175,125.55,25737.0,,活牛1210,134152.0,125.55,125.55
2012-08-17,LE1210,125.575,125.75,125.075,125.3,22671.0,,活牛1210,131285.0,125.275,125.3
2012-08-20,LE1210,125.3,125.675,125.15,125.475,12379.0,,活牛1210,128359.0,125.475,125.475
2012-08-21,LE1210,125.575,125.625,124.5,124.725,18028.0,,活牛1210,134311.0,124.625,124.725
2012-08-22,LE1210,124.55,124.825,124.225,124.5,17701.0,,活牛1210,133538.0,124.475,124.5
2012-08-23,LE1210,124.475,125.05,123.75,124.9,32334.0,,活牛1210,133061.0,124.925,124.9
2012-08-24,LE1210,124.85,125.025,124.25,124.4,12042.0,,活牛1210,129212.0,124.45,124.4
2012-08-27,LE1210,124.475,124.55,123.35,123.525,17719.0,,活牛1210,127900.0,123.475,123.525
2012-08-28,LE1210,123.4,124.1,123.35,123.825,14445.0,,活牛1210,124586.0,123.75,123.825
2012-08-29,LE1210,123.8,125.9,123.5,125.6,32873.0,,活牛1210,124211.0,125.5,125.6
2012-08-30,LE1210,125.5,125.975,125.25,125.6,21990.0,,活牛1210,122330.0,125.5,125.6
2012-08-31,LE1210,126.0,126.275,125.425,125.95,26363.0,,活牛1210,121080.0,126.025,125.95
2012-09-04,LE1210,126.0,126.35,125.675,126.175,20352.0,,活牛1210,119741.0,126.175,126.175
2012-09-05,LE1210,126.2,126.725,125.85,126.4,22326.0,,活牛1210,118349.0,126.325,126.4
2012-09-06,LE1210,126.325,126.475,125.775,126.05,22500.0,,活牛1210,114267.0,126.05,126.05
2012-09-07,LE1210,126.05,126.525,125.875,126.475,23446.0,,活牛1210,111534.0,126.475,126.475
2012-09-10,LE1210,126.525,126.625,125.725,125.75,31391.0,,活牛1210,109483.0,125.75,125.75
2012-09-11,LE1210,125.775,127.475,125.45,127.1,41397.0,,活牛1210,101598.0,127.1,127.1
2012-09-12,LE1210,127.05,127.975,126.85,127.7,34889.0,,活牛1210,96852.0,127.7,127.7
2012-09-13,LE1210,128.175,128.775,127.275,127.55,39161.0,,活牛1210,88424.0,127.55,127.55
2012-09-14,LE1210,127.55,127.8,126.775,127.05,29763.0,,活牛1210,79617.0,127.05,127.05
2012-09-17,LE1210,127.05,127.325,125.05,125.5,26860.0,,活牛1210,70196.0,125.5,125.5
2012-09-18,LE1210,125.525,126.475,125.4,126.4,17783.0,,活牛1210,62195.0,126.4,126.4
2012-09-19,LE1210,126.075,126.725,125.75,126.35,14388.0,,活牛1210,56729.0,126.35,126.35
2012-09-20,LE1210,126.45,126.725,125.675,125.9,17694.0,,活牛1210,54434.0,125.75,125.9
2012-09-21,LE1210,126.175,126.175,125.5,125.55,14774.0,,活牛1210,49265.0,125.525,125.55
2012-09-24,LE1210,126.0,126.05,125.1,125.15,14496.0,,活牛1210,44354.0,125.3,125.15
2012-09-25,LE1210,125.25,125.5,122.7,122.95,21623.0,,活牛1210,41961.0,122.7,122.95
2012-09-26,LE1210,123.025,123.25,121.525,122.2,16436.0,,活牛1210,36295.0,122.225,122.2
2012-09-27,LE1210,122.475,122.7,121.575,122.45,11401.0,,活牛1210,32911.0,122.45,122.45
2012-09-28,LE1210,122.6,122.625,121.675,122.05,7561.0,,活牛1210,30434.0,122.075,122.05
2012-10-01,LE1210,122.05,123.05,121.7,122.95,9255.0,,活牛1210,29520.0,123.025,122.95
2012-10-02,LE1210,122.9,123.875,122.7,123.3,10093.0,,活牛1210,28185.0,123.275,123.3
2012-10-03,LE1210,123.65,123.825,122.625,123.075,10789.0,,活牛1210,27425.0,123.075,123.075
2012-10-04,LE1210,122.725,123.475,122.075,122.325,15031.0,,活牛1210,25769.0,122.325,122.325
2012-10-05,LE1210,122.375,123.225,122.125,123.05,9372.0,,活牛1210,24906.0,123.05,123.05
2012-10-08,LE1210,123.05,123.775,123.025,123.35,10158.0,,活牛1210,17737.0,123.35,123.35
2012-10-09,LE1210,123.5,125.05,123.275,124.7,9858.0,,活牛1210,15341.0,124.7,124.7
2012-10-10,LE1210,124.75,125.225,124.6,124.925,5099.0,,活牛1210,13406.0,124.925,124.925
2012-10-11,LE1210,125.15,125.75,124.4,124.6,5702.0,,活牛1210,11898.0,124.6,124.6
2012-10-12,LE1210,124.875,124.875,123.625,123.9,4847.0,,活牛1210,10723.0,123.9,123.9
2012-10-15,LE1210,124.025,124.4,123.75,124.1,3618.0,,活牛1210,8816.0,124.15,124.1
2012-10-16,LE1210,124.425,125.775,124.35,125.6,2065.0,,活牛1210,8009.0,125.55,125.6
2012-10-17,LE1210,125.675,126.15,125.5,126.15,2977.0,,活牛1210,7530.0,126.125,126.15
2012-10-18,LE1210,126.075,126.425,125.65,126.225,2206.0,,活牛1210,6260.0,126.225,126.225
2012-10-19,LE1210,125.975,126.5,125.825,126.3,3865.0,,活牛1210,5726.0,126.3,126.3
2012-10-22,LE1210,126.5,126.75,126.125,126.4,1519.0,,活牛1210,4091.0,126.4,126.4
2012-10-23,LE1210,126.5,126.5,125.5,126.0,1984.0,,活牛1210,3457.0,126.0,126.0
2012-10-24,LE1210,126.025,126.5,126.025,126.2,822.0,,活牛1210,2875.0,126.2,126.2
2012-10-25,LE1210,126.5,126.5,125.525,125.75,1938.0,,活牛1210,2396.0,125.75,125.75
2012-10-26,LE1210,126.0,126.0,125.225,125.5,478.0,,活牛1210,1288.0,125.5,125.5
2012-10-29,LE1210,125.475,125.475,124.9,125.4,591.0,,活牛1210,1007.0,125.375,125.4
2012-10-30,LE1210,125.35,125.95,125.25,125.9,504.0,,活牛1210,574.0,125.9,125.9
2012-10-31,LE1210,125.75,126.75,125.475,126.75,154.0,,活牛1210,137.0,126.75,126.75
