date,symbol,open,high,low,close,volume,amount,name,openinterest,settleprice,price
2013-07-01,LE1408,126.5,127.5,126.5,126.7,50.0,,活牛1408,0.0,126.7,126.7
2013-07-02,LE1408,126.6,126.75,126.2,126.5,6.0,,活牛1408,30.0,126.5,126.5
2013-07-03,LE1408,,,,126.5,0.0,,活牛1408,34.0,126.5,126.5
2013-07-05,LE1408,,,,126.5,0.0,,活牛1408,34.0,126.5,126.5
2013-07-08,LE1408,126.5,126.5,126.4,126.5,8.0,,活牛1408,34.0,126.5,126.5
2013-07-09,LE1408,126.35,127.25,125.875,127.2,66.0,,活牛1408,42.0,127.2,127.2
2013-07-10,LE1408,127.0,127.425,127.0,127.15,6.0,,活牛1408,105.0,127.15,127.15
2013-07-11,LE1408,127.0,127.25,126.975,127.2,53.0,,活牛1408,109.0,127.2,127.2
2013-07-12,LE1408,127.0,127.25,126.725,127.0,69.0,,活牛1408,150.0,127.0,127.0
2013-07-15,LE1408,127.15,127.6,127.15,127.5,30.0,,活牛1408,197.0,127.5,127.5
2013-07-16,LE1408,127.45,127.7,127.275,127.7,47.0,,活牛1408,216.0,127.7,127.7
2013-07-17,LE1408,127.5,127.5,126.525,127.1,31.0,,活牛1408,241.0,127.1,127.1
2013-07-18,LE1408,126.75,127.8,126.75,127.8,98.0,,活牛1408,268.0,127.8,127.8
2013-07-19,LE1408,127.3,127.7,127.0,127.7,14.0,,活牛1408,342.0,127.8,127.7
2013-07-22,LE1408,127.2,127.4,127.1,127.25,21.0,,活牛1408,350.0,127.25,127.25
2013-07-23,LE1408,126.65,127.3,126.4,127.0,45.0,,活牛1408,349.0,127.25,127.0
2013-07-24,LE1408,126.7,127.0,126.5,127.0,5.0,,活牛1408,376.0,127.0,127.0
2013-07-25,LE1408,126.25,126.5,125.5,126.5,134.0,,活牛1408,377.0,126.5,126.5
2013-07-26,LE1408,126.125,126.7,125.9,126.7,66.0,,活牛1408,436.0,126.45,126.7
2013-07-29,LE1408,126.4,126.8,126.2,126.8,5.0,,活牛1408,493.0,126.65,126.8
2013-07-30,LE1408,126.25,126.75,125.95,126.75,145.0,,活牛1408,495.0,126.7,126.75
2013-07-31,LE1408,126.375,126.75,126.2,126.75,134.0,,活牛1408,559.0,126.75,126.75
2013-08-01,LE1408,126.4,126.6,125.8,126.0,48.0,,活牛1408,610.0,126.0,126.0
2013-08-02,LE1408,125.55,125.8,125.325,125.75,40.0,,活牛1408,654.0,125.75,125.75
2013-08-05,LE1408,125.9,126.0,125.05,126.0,23.0,,活牛1408,661.0,125.8,126.0
2013-08-06,LE1408,125.5,125.5,124.7,125.0,165.0,,活牛1408,672.0,124.85,125.0
2013-08-07,LE1408,125.5,125.5,124.2,124.6,213.0,,活牛1408,681.0,124.6,124.6
2013-08-08,LE1408,125.75,126.25,125.4,126.0,83.0,,活牛1408,818.0,125.875,126.0
2013-08-09,LE1408,125.5,126.1,125.3,126.0,10.0,,活牛1408,842.0,126.05,126.0
2013-08-12,LE1408,125.975,126.5,125.85,126.5,41.0,,活牛1408,858.0,126.4,126.5
2013-08-13,LE1408,126.475,126.475,125.425,125.8,80.0,,活牛1408,881.0,125.825,125.8
2013-08-14,LE1408,125.8,125.9,125.325,125.4,27.0,,活牛1408,892.0,125.45,125.4
2013-08-15,LE1408,125.4,125.7,125.4,125.7,12.0,,活牛1408,900.0,125.7,125.7
2013-08-16,LE1408,125.75,126.1,125.125,125.6,74.0,,活牛1408,903.0,125.7,125.6
2013-08-19,LE1408,125.975,126.25,125.85,126.2,23.0,,活牛1408,941.0,126.2,126.2
2013-08-20,LE1408,126.175,126.2,126.025,126.2,58.0,,活牛1408,959.0,126.2,126.2
2013-08-21,LE1408,126.05,126.05,125.75,125.9,47.0,,活牛1408,962.0,125.9,125.9
2013-08-22,LE1408,125.7,125.725,125.35,125.65,44.0,,活牛1408,963.0,125.65,125.65
2013-08-23,LE1408,125.25,125.475,125.075,125.35,36.0,,活牛1408,973.0,125.35,125.35
2013-08-26,LE1408,125.9,126.2,125.75,125.9,197.0,,活牛1408,967.0,126.05,125.9
2013-08-27,LE1408,125.9,126.225,125.75,125.9,245.0,,活牛1408,1096.0,125.9,125.9
2013-08-28,LE1408,126.175,126.325,126.0,126.0,28.0,,活牛1408,1257.0,125.9,126.0
2013-08-29,LE1408,126.0,126.25,125.95,126.05,24.0,,活牛1408,1256.0,126.05,126.05
2013-08-30,LE1408,126.0,126.25,125.75,125.8,177.0,,活牛1408,1261.0,125.8,125.8
2013-09-03,LE1408,125.975,126.15,125.8,126.0,18.0,,活牛1408,1252.0,125.925,126.0
2013-09-04,LE1408,125.725,125.8,125.6,125.8,21.0,,活牛1408,1260.0,125.8,125.8
2013-09-05,LE1408,125.825,125.85,125.35,125.35,9.0,,活牛1408,1269.0,125.65,125.35
2013-09-06,LE1408,125.225,125.8,125.1,125.7,115.0,,活牛1408,1270.0,125.7,125.7
2013-09-09,LE1408,125.9,125.9,125.4,125.6,47.0,,活牛1408,1266.0,125.6,125.6
2013-09-10,LE1408,125.6,125.875,125.475,125.7,145.0,,活牛1408,1267.0,125.7,125.7
2013-09-11,LE1408,125.6,126.05,125.6,125.95,396.0,,活牛1408,1316.0,125.95,125.95
2013-09-12,LE1408,125.975,126.375,125.775,126.1,158.0,,活牛1408,1467.0,126.1,126.1
2013-09-13,LE1408,126.35,126.575,126.0,126.2,72.0,,活牛1408,1548.0,126.2,126.2
2013-09-16,LE1408,126.15,126.325,125.65,125.85,53.0,,活牛1408,1570.0,125.85,125.85
2013-09-17,LE1408,125.825,125.825,125.0,125.25,121.0,,活牛1408,1587.0,125.25,125.25
2013-09-18,LE1408,124.8,126.25,124.7,125.7,166.0,,活牛1408,1557.0,125.7,125.7
2013-09-19,LE1408,125.9,126.25,125.825,126.1,89.0,,活牛1408,1636.0,126.1,126.1
2013-09-20,LE1408,125.9,126.675,125.9,126.15,364.0,,活牛1408,1664.0,126.15,126.15
2013-09-23,LE1408,126.425,126.6,125.95,126.15,513.0,,活牛1408,1878.0,126.15,126.15
2013-09-24,LE1408,126.2,126.8,126.175,126.6,234.0,,活牛1408,2338.0,126.6,126.6
2013-09-25,LE1408,126.825,127.0,126.75,126.85,236.0,,活牛1408,2498.0,126.85,126.85
2013-09-26,LE1408,127.05,127.1,126.725,127.05,269.0,,活牛1408,2578.0,127.05,127.05
2013-09-27,LE1408,127.1,127.475,127.05,127.3,326.0,,活牛1408,2753.0,127.3,127.3
2013-09-30,LE1408,127.15,127.4,126.825,127.15,284.0,,活牛1408,2900.0,127.15,127.15
2013-10-01,LE1408,127.05,127.3,126.85,127.0,374.0,,活牛1408,3097.0,127.0,127.0
2013-10-02,LE1408,127.1,127.95,127.1,127.7,258.0,,活牛1408,3142.0,127.7,127.7
2013-10-03,LE1408,127.5,128.0,127.5,127.8,326.0,,活牛1408,3226.0,127.8,127.8
2013-10-04,LE1408,127.55,128.375,127.55,128.2,206.0,,活牛1408,3372.0,128.2,128.2
2013-10-07,LE1408,128.05,128.2,127.825,128.0,364.0,,活牛1408,3538.0,128.0,128.0
2013-10-08,LE1408,128.025,128.175,127.8,127.9,315.0,,活牛1408,3817.0,127.9,127.9
2013-10-09,LE1408,128.1,128.1,127.5,127.75,631.0,,活牛1408,3881.0,127.75,127.75
2013-10-10,LE1408,127.7,128.3,127.7,128.0,311.0,,活牛1408,4165.0,128.0,128.0
2013-10-11,LE1408,128.0,128.425,127.95,128.0,466.0,,活牛1408,4295.0,128.0,128.0
2013-10-14,LE1408,128.1,128.425,128.05,128.25,418.0,,活牛1408,4629.0,128.25,128.25
2013-10-15,LE1408,128.175,128.175,127.5,127.75,472.0,,活牛1408,4802.0,127.75,127.75
2013-10-16,LE1408,127.775,128.25,127.725,128.1,486.0,,活牛1408,5001.0,128.1,128.1
2013-10-17,LE1408,128.1,128.425,126.95,127.275,667.0,,活牛1408,5283.0,127.3,127.275
2013-10-18,LE1408,127.3,127.65,127.025,127.575,280.0,,活牛1408,5478.0,127.55,127.575
2013-10-21,LE1408,127.325,127.725,127.3,127.7,189.0,,活牛1408,5496.0,127.675,127.7
2013-10-22,LE1408,127.65,128.125,127.55,128.075,677.0,,活牛1408,5511.0,128.075,128.075
2013-10-23,LE1408,128.1,128.475,127.975,128.225,1051.0,,活牛1408,5857.0,128.225,128.225
2013-10-24,LE1408,128.15,128.25,127.9,128.1,638.0,,活牛1408,6256.0,128.1,128.1
2013-10-25,LE1408,128.125,128.25,127.325,127.525,1046.0,,活牛1408,6581.0,127.55,127.525
2013-10-28,LE1408,127.65,128.15,127.275,128.075,1510.0,,活牛1408,7025.0,128.075,128.075
2013-10-29,LE1408,127.825,128.35,127.8,128.25,2180.0,,活牛1408,7682.0,128.25,128.25
2013-10-30,LE1408,127.975,128.225,127.1,127.375,1146.0,,活牛1408,8106.0,127.375,127.375
2013-10-31,LE1408,127.25,127.65,126.65,126.9,1133.0,,活牛1408,8338.0,126.925,126.9
2013-11-01,LE1408,127.2,127.3,126.45,126.9,2440.0,,活牛1408,8232.0,126.9,126.9
2013-11-04,LE1408,126.9,127.1,126.725,126.95,852.0,,活牛1408,8339.0,126.95,126.95
2013-11-05,LE1408,127.125,127.5,127.075,127.325,587.0,,活牛1408,8678.0,127.3,127.325
2013-11-06,LE1408,127.125,127.575,127.125,127.35,399.0,,活牛1408,8737.0,127.325,127.35
2013-11-07,LE1408,127.225,127.225,126.7,127.05,488.0,,活牛1408,8777.0,127.05,127.05
2013-11-08,LE1408,126.95,127.6,126.9,127.35,909.0,,活牛1408,8825.0,127.325,127.35
2013-11-11,LE1408,127.425,127.975,127.275,127.975,913.0,,活牛1408,9143.0,127.975,127.975
2013-11-12,LE1408,127.925,128.1,127.675,127.8,764.0,,活牛1408,9161.0,127.8,127.8
2013-11-13,LE1408,127.75,127.975,127.45,127.725,881.0,,活牛1408,9128.0,127.725,127.725
2013-11-14,LE1408,127.6,128.0,127.45,127.6,1086.0,,活牛1408,9171.0,127.575,127.6
2013-11-15,LE1408,127.575,127.675,127.275,127.4,928.0,,活牛1408,9267.0,127.4,127.4
2013-11-18,LE1408,127.1,127.4,125.7,126.0,1219.0,,活牛1408,9435.0,126.0,126.0
2013-11-19,LE1408,125.875,125.95,124.975,125.0,1658.0,,活牛1408,9565.0,125.0,125.0
2013-11-20,LE1408,125.075,125.55,124.95,125.475,1334.0,,活牛1408,9740.0,125.475,125.475
2013-11-21,LE1408,125.35,126.0,125.275,125.9,710.0,,活牛1408,9775.0,125.9,125.9
2013-11-22,LE1408,125.825,126.05,125.45,125.9,494.0,,活牛1408,9978.0,125.9,125.9
2013-11-25,LE1408,126.05,126.05,125.425,125.75,749.0,,活牛1408,10116.0,125.725,125.75
2013-11-26,LE1408,125.65,126.725,125.65,126.4,1467.0,,活牛1408,10384.0,126.4,126.4
2013-11-27,LE1408,126.525,127.25,126.2,127.1,944.0,,活牛1408,10460.0,127.075,127.1
2013-11-29,LE1408,127.3,127.575,127.2,127.4,961.0,,活牛1408,10767.0,127.4,127.4
2013-12-02,LE1408,127.3,127.45,127.025,127.375,937.0,,活牛1408,11122.0,127.375,127.375
2013-12-03,LE1408,127.5,127.55,126.8,127.2,2555.0,,活牛1408,11462.0,127.2,127.2
2013-12-04,LE1408,127.1,127.5,126.775,127.5,1455.0,,活牛1408,12685.0,127.5,127.5
2013-12-05,LE1408,127.175,127.525,126.475,126.7,1343.0,,活牛1408,12914.0,126.7,126.7
2013-12-06,LE1408,126.525,126.875,126.25,126.85,1370.0,,活牛1408,13269.0,126.85,126.85
2013-12-09,LE1408,126.975,127.35,126.7,127.35,1353.0,,活牛1408,13408.0,127.325,127.35
2013-12-10,LE1408,126.95,127.475,126.6,127.375,1796.0,,活牛1408,13731.0,127.375,127.375
2013-12-11,LE1408,127.375,127.55,127.025,127.55,1062.0,,活牛1408,14000.0,127.525,127.55
2013-12-12,LE1408,127.3,127.85,127.275,127.825,1538.0,,活牛1408,14172.0,127.825,127.825
2013-12-13,LE1408,127.875,127.95,126.925,127.2,849.0,,活牛1408,14562.0,127.2,127.2
2013-12-16,LE1408,127.15,127.8,126.975,127.8,1337.0,,活牛1408,14700.0,127.8,127.8
2013-12-17,LE1408,127.575,127.65,127.175,127.5,703.0,,活牛1408,14965.0,127.5,127.5
2013-12-18,LE1408,127.45,127.45,126.7,126.7,959.0,,活牛1408,15104.0,126.7,126.7
2013-12-19,LE1408,126.9,127.55,126.7,127.45,813.0,,活牛1408,15254.0,127.475,127.45
2013-12-20,LE1408,127.55,127.825,127.275,127.8,2569.0,,活牛1408,15510.0,127.8,127.8
2013-12-23,LE1408,127.75,127.95,127.525,127.85,985.0,,活牛1408,15800.0,127.85,127.85
2013-12-24,LE1408,127.875,127.875,127.375,127.825,443.0,,活牛1408,16185.0,127.825,127.825
2013-12-26,LE1408,127.675,128.0,127.625,128.0,292.0,,活牛1408,16198.0,128.0,128.0
2013-12-27,LE1408,127.875,128.325,127.825,128.0,2627.0,,活牛1408,16234.0,128.0,128.0
2013-12-30,LE1408,127.95,128.225,127.65,128.2,2170.0,,活牛1408,16637.0,128.2,128.2
2013-12-31,LE1408,128.2,128.325,127.8,127.925,1943.0,,活牛1408,17388.0,127.925,127.925
2014-01-02,LE1408,127.925,128.275,127.75,128.05,4954.0,,活牛1408,18026.0,128.025,128.05
2014-01-03,LE1408,128.075,128.25,127.9,128.175,3481.0,,活牛1408,19308.0,128.15,128.175
2014-01-06,LE1408,128.175,128.45,128.075,128.275,2990.0,,活牛1408,20225.0,128.275,128.275
2014-01-07,LE1408,128.3,128.375,127.55,127.7,3220.0,,活牛1408,20636.0,127.7,127.7
2014-01-08,LE1408,127.6,128.1,127.525,128.05,4564.0,,活牛1408,21231.0,128.025,128.05
2014-01-09,LE1408,127.775,128.325,127.7,128.25,4444.0,,活牛1408,22600.0,128.225,128.25
2014-01-10,LE1408,128.2,128.575,128.0,128.3,2605.0,,活牛1408,23054.0,128.3,128.3
2014-01-13,LE1408,128.475,128.575,127.675,128.325,2784.0,,活牛1408,23901.0,128.325,128.325
2014-01-14,LE1408,128.1,128.8,128.1,128.525,2803.0,,活牛1408,24173.0,128.575,128.525
2014-01-15,LE1408,128.575,129.625,128.525,129.275,6072.0,,活牛1408,24994.0,129.275,129.275
2014-01-16,LE1408,129.5,129.875,128.9,129.4,5318.0,,活牛1408,27068.0,129.4,129.4
2014-01-17,LE1408,129.175,129.55,128.75,129.55,3864.0,,活牛1408,28264.0,129.55,129.55
2014-01-21,LE1408,129.6,130.275,129.5,130.2,6431.0,,活牛1408,28820.0,130.175,130.2
2014-01-22,LE1408,130.025,132.825,129.575,131.5,9787.0,,活牛1408,30372.0,131.65,131.5
2014-01-23,LE1408,131.475,131.6,130.05,130.325,7068.0,,活牛1408,32410.0,130.35,130.325
2014-01-24,LE1408,130.35,130.475,129.775,130.15,4185.0,,活牛1408,32675.0,130.15,130.15
2014-01-27,LE1408,129.775,130.35,129.6,130.2,3723.0,,活牛1408,33677.0,130.2,130.2
2014-01-28,LE1408,130.05,130.375,129.7,129.9,3222.0,,活牛1408,33995.0,129.9,129.9
2014-01-29,LE1408,129.825,130.2,129.35,130.2,4147.0,,活牛1408,34280.0,130.2,130.2
2014-01-30,LE1408,130.05,130.45,129.75,130.3,5253.0,,活牛1408,35210.0,130.275,130.3
2014-01-31,LE1408,130.075,130.475,128.775,129.8,7962.0,,活牛1408,36654.0,129.825,129.8
2014-02-03,LE1408,129.675,129.825,128.875,129.6,4949.0,,活牛1408,37470.0,129.6,129.6
2014-02-04,LE1408,129.6,129.825,129.275,129.525,4168.0,,活牛1408,38127.0,129.55,129.525
2014-02-05,LE1408,129.525,130.0,129.4,129.7,2949.0,,活牛1408,38562.0,129.65,129.7
2014-02-06,LE1408,129.7,130.0,129.375,129.725,3612.0,,活牛1408,38556.0,129.725,129.725
2014-02-07,LE1408,129.8,130.625,129.4,130.575,4730.0,,活牛1408,38319.0,130.575,130.575
2014-02-10,LE1408,130.5,130.675,129.55,130.25,3258.0,,活牛1408,39359.0,130.275,130.25
2014-02-11,LE1408,130.2,131.125,130.0,131.025,4883.0,,活牛1408,39385.0,131.025,131.025
2014-02-12,LE1408,131.05,131.35,130.4,130.475,4177.0,,活牛1408,40694.0,130.5,130.475
2014-02-13,LE1408,130.725,131.65,130.6,131.425,6707.0,,活牛1408,41386.0,131.425,131.425
2014-02-14,LE1408,131.6,131.65,130.675,131.15,3834.0,,活牛1408,42689.0,131.15,131.15
2014-02-18,LE1408,131.5,132.075,131.425,132.025,3737.0,,活牛1408,42826.0,132.0,132.025
2014-02-19,LE1408,132.0,132.375,131.125,131.5,7358.0,,活牛1408,43423.0,131.525,131.5
2014-02-20,LE1408,131.3,131.85,131.175,131.7,3586.0,,活牛1408,43999.0,131.7,131.7
2014-02-21,LE1408,131.725,131.95,131.075,131.3,4100.0,,活牛1408,44796.0,131.3,131.3
2014-02-24,LE1408,131.0,131.625,130.625,130.8,4364.0,,活牛1408,45635.0,130.8,130.8
2014-02-25,LE1408,131.025,131.9,130.95,131.675,5534.0,,活牛1408,46259.0,131.675,131.675
2014-02-26,LE1408,131.9,133.0,131.8,132.725,12064.0,,活牛1408,46780.0,132.725,132.725
2014-02-27,LE1408,132.9,133.3,131.825,132.5,7197.0,,活牛1408,49884.0,132.6,132.5
2014-02-28,LE1408,132.55,133.325,132.0,132.4,6423.0,,活牛1408,50877.0,132.625,132.4
2014-03-03,LE1408,132.675,133.45,132.125,133.2,5439.0,,活牛1408,51840.0,133.25,133.2
2014-03-04,LE1408,133.325,135.1,133.15,134.7,9951.0,,活牛1408,52575.0,134.7,134.7
2014-03-05,LE1408,134.5,135.4,131.925,133.4,11868.0,,活牛1408,55229.0,133.4,133.4
2014-03-06,LE1408,133.225,133.4,132.725,133.15,6772.0,,活牛1408,56447.0,133.15,133.15
2014-03-07,LE1408,132.975,133.85,132.925,133.85,5944.0,,活牛1408,57621.0,133.85,133.85
2014-03-10,LE1408,133.725,134.475,133.575,134.45,7750.0,,活牛1408,58325.0,134.45,134.45
2014-03-11,LE1408,134.275,134.7,133.5,133.95,8724.0,,活牛1408,59127.0,134.025,133.95
2014-03-12,LE1408,134.075,134.65,133.875,134.575,6580.0,,活牛1408,59787.0,134.625,134.575
2014-03-13,LE1408,134.5,134.95,133.825,134.775,8807.0,,活牛1408,61050.0,134.775,134.775
2014-03-14,LE1408,134.85,135.5,134.525,135.5,9822.0,,活牛1408,62380.0,135.475,135.5
2014-03-17,LE1408,135.2,135.7,135.075,135.4,4269.0,,活牛1408,64385.0,135.425,135.4
2014-03-18,LE1408,135.35,135.575,134.925,135.4,6571.0,,活牛1408,65138.0,135.4,135.4
2014-03-19,LE1408,135.25,135.45,134.975,135.3,5807.0,,活牛1408,66211.0,135.35,135.3
2014-03-20,LE1408,135.35,135.75,133.1,133.75,11215.0,,活牛1408,67063.0,133.75,133.75
2014-03-21,LE1408,133.85,134.225,132.85,133.5,7275.0,,活牛1408,68055.0,133.5,133.5
2014-03-24,LE1408,133.125,134.0,132.85,133.75,11234.0,,活牛1408,69507.0,133.725,133.75
2014-03-25,LE1408,133.825,134.35,133.0,133.9,9598.0,,活牛1408,72223.0,133.9,133.9
2014-03-26,LE1408,134.35,135.2,134.175,134.85,7189.0,,活牛1408,71342.0,134.85,134.85
2014-03-27,LE1408,135.05,135.575,134.525,135.45,9678.0,,活牛1408,72176.0,135.425,135.45
2014-03-28,LE1408,135.225,135.675,134.8,135.075,6310.0,,活牛1408,74105.0,135.075,135.075
2014-03-31,LE1408,134.175,134.7,133.45,134.5,5607.0,,活牛1408,73669.0,134.55,134.5
2014-04-01,LE1408,134.325,134.6,133.3,134.0,7354.0,,活牛1408,73567.0,133.975,134.0
2014-04-02,LE1408,134.0,134.7,133.825,134.45,5562.0,,活牛1408,73635.0,134.475,134.45
2014-04-03,LE1408,134.5,135.025,134.5,134.75,7878.0,,活牛1408,74517.0,134.75,134.75
2014-04-04,LE1408,134.65,134.775,131.925,132.275,10930.0,,活牛1408,77010.0,132.275,132.275
2014-04-07,LE1408,132.275,132.825,131.95,132.675,7992.0,,活牛1408,75602.0,132.675,132.675
2014-04-08,LE1408,132.7,133.45,132.45,133.05,5610.0,,活牛1408,74841.0,132.65,133.05
2014-04-09,LE1408,132.8,133.5,132.6,133.25,8490.0,,活牛1408,74533.0,133.275,133.25
2014-04-10,LE1408,133.3,133.35,132.6,133.1,5954.0,,活牛1408,74876.0,133.125,133.1
2014-04-11,LE1408,133.25,134.075,133.075,133.8,6748.0,,活牛1408,74868.0,133.775,133.8
2014-04-14,LE1408,133.875,134.0,133.65,133.9,3641.0,,活牛1408,75464.0,133.925,133.9
2014-04-15,LE1408,133.825,133.85,132.95,133.375,5140.0,,活牛1408,75854.0,133.4,133.375
2014-04-16,LE1408,133.45,133.725,133.1,133.575,5812.0,,活牛1408,75938.0,133.55,133.575
2014-04-17,LE1408,133.475,133.65,132.3,132.85,7427.0,,活牛1408,76076.0,132.825,132.85
2014-04-21,LE1408,132.725,133.05,132.4,132.925,2478.0,,活牛1408,76063.0,132.925,132.925
2014-04-22,LE1408,133.0,134.575,132.95,133.7,7715.0,,活牛1408,76104.0,133.675,133.7
2014-04-23,LE1408,133.4,134.3,133.0,134.25,7875.0,,活牛1408,76148.0,134.2,134.25
2014-04-24,LE1408,134.1,135.4,133.825,134.925,9367.0,,活牛1408,77137.0,134.9,134.925
2014-04-25,LE1408,135.2,135.75,134.0,135.6,10145.0,,活牛1408,78906.0,135.6,135.6
2014-04-28,LE1408,135.825,136.575,135.35,136.1,12417.0,,活牛1408,79399.0,136.125,136.1
2014-04-29,LE1408,136.125,136.4,135.675,136.125,10361.0,,活牛1408,80534.0,136.125,136.125
2014-04-30,LE1408,136.0,136.55,135.375,135.95,13803.0,,活牛1408,82435.0,136.075,135.95
2014-05-01,LE1408,136.05,138.7,135.95,138.6,18686.0,,活牛1408,83221.0,138.575,138.6
2014-05-02,LE1408,138.5,139.575,137.05,137.3,16784.0,,活牛1408,85587.0,137.35,137.3
2014-05-05,LE1408,137.6,138.0,136.8,137.225,8340.0,,活牛1408,87961.0,137.25,137.225
2014-05-06,LE1408,137.35,138.35,137.225,137.925,13049.0,,活牛1408,89879.0,137.925,137.925
2014-05-07,LE1408,137.825,138.725,137.0,137.35,17330.0,,活牛1408,93150.0,137.4,137.35
2014-05-08,LE1408,137.5,137.95,137.3,137.55,14874.0,,活牛1408,95241.0,137.6,137.55
2014-05-09,LE1408,137.625,138.475,137.25,138.15,22986.0,,活牛1408,100413.0,138.2,138.15
2014-05-12,LE1408,138.3,138.8,137.875,138.025,31479.0,,活牛1408,112237.0,138.075,138.025
2014-05-13,LE1408,138.075,138.675,137.6,137.95,32426.0,,活牛1408,123707.0,137.85,137.95
2014-05-14,LE1408,137.75,138.65,137.675,138.4,22935.0,,活牛1408,136955.0,138.4,138.4
2014-05-15,LE1408,138.35,138.475,137.2,137.9,22799.0,,活牛1408,142828.0,137.825,137.9
2014-05-16,LE1408,138.125,138.475,137.4,138.4,12890.0,,活牛1408,147972.0,138.375,138.4
2014-05-19,LE1408,138.325,140.775,138.2,140.55,34186.0,,活牛1408,151162.0,140.55,140.55
2014-05-20,LE1408,140.7,140.9,139.725,140.15,18087.0,,活牛1408,159955.0,140.1,140.15
2014-05-21,LE1408,140.125,140.5,139.5,139.575,13458.0,,活牛1408,161332.0,139.6,139.575
2014-05-22,LE1408,139.9,140.05,138.275,138.65,18139.0,,活牛1408,164051.0,138.65,138.65
2014-05-23,LE1408,138.725,138.875,137.0,137.1,17497.0,,活牛1408,164047.0,137.125,137.1
2014-05-27,LE1408,137.225,137.375,136.5,136.75,14945.0,,活牛1408,161936.0,136.75,136.75
2014-05-28,LE1408,136.925,137.475,136.675,137.075,13233.0,,活牛1408,163956.0,137.1,137.075
2014-05-29,LE1408,137.475,139.875,137.35,139.175,28387.0,,活牛1408,164790.0,139.175,139.175
2014-05-30,LE1408,139.7,139.75,138.45,138.55,17220.0,,活牛1408,168103.0,138.6,138.55
2014-06-02,LE1408,138.5,139.4,138.45,139.125,22973.0,,活牛1408,168367.0,139.125,139.125
2014-06-03,LE1408,139.4,140.55,139.25,140.075,21770.0,,活牛1408,172370.0,140.075,140.075
2014-06-04,LE1408,140.075,140.45,139.275,140.15,20221.0,,活牛1408,176602.0,140.175,140.15
2014-06-05,LE1408,140.25,141.575,140.075,141.35,21984.0,,活牛1408,177501.0,141.325,141.35
2014-06-06,LE1408,141.125,142.0,140.75,141.35,26761.0,,活牛1408,180920.0,141.3,141.35
2014-06-09,LE1408,141.85,143.575,141.775,143.25,24734.0,,活牛1408,180554.0,143.275,143.25
2014-06-10,LE1408,143.55,143.825,142.65,143.4,21086.0,,活牛1408,179193.0,143.4,143.4
2014-06-11,LE1408,143.55,143.625,142.15,142.15,20682.0,,活牛1408,177406.0,142.2,142.15
2014-06-12,LE1408,142.65,145.2,142.4,145.0,29438.0,,活牛1408,176583.0,145.05,145.0
2014-06-13,LE1408,145.55,147.3,144.725,146.65,26952.0,,活牛1408,176375.0,146.625,146.65
2014-06-16,LE1408,147.025,147.15,146.125,146.4,12921.0,,活牛1408,175236.0,146.45,146.4
2014-06-17,LE1408,146.525,147.75,145.575,145.7,15943.0,,活牛1408,174542.0,145.725,145.7
2014-06-18,LE1408,145.575,146.25,144.0,145.0,28915.0,,活牛1408,174784.0,145.025,145.0
2014-06-19,LE1408,145.5,148.025,145.375,147.475,26346.0,,活牛1408,172722.0,147.475,147.475
2014-06-20,LE1408,147.75,147.85,146.025,146.3,19346.0,,活牛1408,175083.0,146.325,146.3
2014-06-23,LE1408,146.35,147.2,146.35,147.0,13847.0,,活牛1408,172571.0,146.925,147.0
2014-06-24,LE1408,147.0,149.825,146.925,149.65,23953.0,,活牛1408,171997.0,149.725,149.65
2014-06-25,LE1408,149.475,151.55,149.2,150.7,22733.0,,活牛1408,171815.0,150.65,150.7
2014-06-26,LE1408,151.025,153.025,150.8,152.75,24718.0,,活牛1408,169356.0,152.75,152.75
2014-06-27,LE1408,152.85,153.0,150.55,151.1,33357.0,,活牛1408,168402.0,151.125,151.1
2014-06-30,LE1408,151.7,152.8,149.75,150.1,19990.0,,活牛1408,163226.0,150.075,150.1
2014-07-01,LE1408,150.375,151.925,150.375,151.45,23518.0,,活牛1408,160995.0,151.5,151.45
2014-07-02,LE1408,151.625,154.5,151.075,152.7,33762.0,,活牛1408,158699.0,152.325,152.7
2014-07-03,LE1408,155.05,155.325,154.075,154.9,27022.0,,活牛1408,153348.0,155.0,154.9
2014-07-07,LE1408,155.8,156.5,154.275,155.0,28329.0,,活牛1408,149425.0,154.95,155.0
2014-07-08,LE1408,154.9,155.325,152.975,153.55,37385.0,,活牛1408,144062.0,153.525,153.55
2014-07-09,LE1408,153.6,155.375,150.525,150.95,48293.0,,活牛1408,133902.0,150.8,150.95
2014-07-10,LE1408,151.275,151.625,147.95,148.05,47100.0,,活牛1408,120976.0,148.15,148.05
2014-07-11,LE1408,148.2,149.575,146.575,149.125,39733.0,,活牛1408,109271.0,149.125,149.125
2014-07-14,LE1408,149.2,149.35,147.275,147.8,28802.0,,活牛1408,100249.0,147.8,147.8
2014-07-15,LE1408,148.25,148.875,147.65,148.5,19473.0,,活牛1408,90780.0,148.575,148.5
2014-07-16,LE1408,148.5,149.3,147.275,147.7,23524.0,,活牛1408,86597.0,147.675,147.7
2014-07-17,LE1408,149.2,150.675,149.1,150.675,26374.0,,活牛1408,82642.0,150.65,150.675
2014-07-18,LE1408,150.4,152.025,150.2,151.5,22465.0,,活牛1408,76181.0,151.625,151.5
2014-07-21,LE1408,151.8,153.325,151.25,152.95,15822.0,,活牛1408,72132.0,152.95,152.95
2014-07-22,LE1408,153.2,155.95,153.175,155.95,21456.0,,活牛1408,68875.0,155.95,155.95
2014-07-23,LE1408,156.7,157.575,154.625,156.1,25074.0,,活牛1408,65000.0,156.05,156.1
2014-07-24,LE1408,156.65,158.65,155.35,156.6,22731.0,,活牛1408,59331.0,156.55,156.6
2014-07-25,LE1408,156.975,159.1,156.45,159.1,13464.0,,活牛1408,56326.0,159.1,159.1
2014-07-28,LE1408,159.925,160.25,158.15,159.05,13276.0,,活牛1408,54549.0,159.05,159.05
2014-07-29,LE1408,159.3,159.6,158.4,158.7,9823.0,,活牛1408,53234.0,158.775,158.7
2014-07-30,LE1408,158.925,160.125,158.65,159.85,10239.0,,活牛1408,51481.0,159.85,159.85
2014-07-31,LE1408,160.125,160.175,157.5,157.85,12512.0,,活牛1408,49405.0,157.925,157.85
2014-08-01,LE1408,157.525,157.725,155.3,157.3,15071.0,,活牛1408,46404.0,157.3,157.3
2014-08-04,LE1408,157.3,158.95,156.25,158.2,9439.0,,活牛1408,24548.0,158.225,158.2
2014-08-05,LE1408,158.5,159.25,157.95,158.45,4202.0,,活牛1408,20412.0,158.45,158.45
2014-08-06,LE1408,158.4,158.75,157.3,158.55,3934.0,,活牛1408,19067.0,158.55,158.55
2014-08-07,LE1408,158.3,158.85,155.55,155.55,9152.0,,活牛1408,17516.0,155.55,155.55
2014-08-08,LE1408,155.15,155.425,152.55,152.55,4520.0,,活牛1408,15633.0,152.55,152.55
2014-08-11,LE1408,151.275,153.45,150.5,152.6,5377.0,,活牛1408,14580.0,152.625,152.6
2014-08-12,LE1408,152.5,152.6,149.625,149.625,2856.0,,活牛1408,13026.0,149.625,149.625
2014-08-13,LE1408,149.3,149.5,146.8,148.225,3797.0,,活牛1408,11941.0,148.225,148.225
2014-08-14,LE1408,148.225,150.0,148.1,150.0,2722.0,,活牛1408,10144.0,150.0,150.0
2014-08-15,LE1408,149.85,151.225,149.65,150.6,1497.0,,活牛1408,8793.0,150.6,150.6
2014-08-18,LE1408,150.8,151.75,150.0,151.6,1102.0,,活牛1408,8333.0,151.6,151.6
2014-08-19,LE1408,151.475,151.975,149.8,150.5,1932.0,,活牛1408,7942.0,150.5,150.5
2014-08-20,LE1408,149.975,149.975,147.75,149.25,2252.0,,活牛1408,6972.0,149.25,149.25
2014-08-21,LE1408,149.2,149.65,148.05,149.65,2045.0,,活牛1408,5688.0,149.65,149.65
2014-08-22,LE1408,149.675,151.85,149.6,151.85,1608.0,,活牛1408,4511.0,151.85,151.85
2014-08-25,LE1408,151.65,152.75,151.625,152.75,1499.0,,活牛1408,3429.0,152.75,152.75
2014-08-26,LE1408,152.65,153.575,152.4,153.575,1559.0,,活牛1408,2681.0,153.55,153.575
2014-08-27,LE1408,153.3,153.5,152.8,153.2,967.0,,活牛1408,1771.0,153.2,153.2
2014-08-28,LE1408,153.15,155.425,153.075,154.65,1092.0,,活牛1408,1147.0,154.65,154.65
2014-08-29,LE1408,154.925,156.2,153.5,153.5,357.0,,活牛1408,325.0,155.9,153.5
