date,symbol,open,high,low,close,volume,amount,name,openinterest,settleprice,price
2014-07-01,LE1512,,,,149.5,0.0,,活牛1512,0.0,149.5,149.5
2014-07-02,LE1512,150.125,150.125,149.5,149.5,36.0,,活牛1512,0.0,149.5,149.5
2014-07-03,LE1512,150.0,150.0,149.5,149.5,2.0,,活牛1512,20.0,149.5,149.5
2014-07-07,LE1512,,,,149.5,0.0,,活牛1512,22.0,149.5,149.5
2014-07-08,LE1512,,,,149.5,0.0,,活牛1512,22.0,149.5,149.5
2014-07-09,LE1512,150.0,150.5,146.5,147.0,55.0,,活牛1512,22.0,147.0,147.0
2014-07-10,LE1512,144.0,146.0,144.0,146.0,1.0,,活牛1512,76.0,146.0,146.0
2014-07-11,LE1512,144.825,146.0,144.825,145.0,21.0,,活牛1512,77.0,145.0,145.0
2014-07-14,LE1512,146.0,146.0,145.25,145.25,5.0,,活牛1512,95.0,145.25,145.25
2014-07-15,LE1512,146.5,146.5,145.75,145.75,6.0,,活牛1512,99.0,145.75,145.75
2014-07-16,LE1512,145.325,145.5,145.325,145.5,9.0,,活牛1512,105.0,145.5,145.5
2014-07-17,LE1512,146.0,146.75,146.0,146.75,16.0,,活牛1512,112.0,146.75,146.75
2014-07-18,LE1512,146.9,147.25,146.75,146.75,7.0,,活牛1512,126.0,146.75,146.75
2014-07-21,LE1512,146.3,147.125,145.85,146.85,6.0,,活牛1512,133.0,146.85,146.85
2014-07-22,LE1512,146.9,147.5,146.275,146.75,43.0,,活牛1512,138.0,146.75,146.75
2014-07-23,LE1512,146.9,146.95,145.25,145.5,31.0,,活牛1512,180.0,145.5,145.5
2014-07-24,LE1512,146.4,146.5,145.9,146.0,10.0,,活牛1512,204.0,146.0,146.0
2014-07-25,LE1512,146.5,147.0,146.0,146.75,12.0,,活牛1512,214.0,146.75,146.75
2014-07-28,LE1512,147.9,147.9,147.25,147.25,10.0,,活牛1512,224.0,147.25,147.25
2014-07-29,LE1512,148.15,149.0,148.15,148.4,14.0,,活牛1512,234.0,148.4,148.4
2014-07-30,LE1512,149.825,150.0,148.3,148.6,98.0,,活牛1512,246.0,148.6,148.6
2014-07-31,LE1512,149.0,149.0,147.8,148.25,12.0,,活牛1512,331.0,148.25,148.25
2014-08-01,LE1512,147.275,147.95,146.35,147.7,7.0,,活牛1512,334.0,147.7,147.7
2014-08-04,LE1512,148.0,148.25,147.9,148.0,3.0,,活牛1512,335.0,148.0,148.0
2014-08-05,LE1512,147.7,148.15,147.7,147.9,15.0,,活牛1512,337.0,148.0,147.9
2014-08-06,LE1512,146.525,148.75,146.525,148.75,49.0,,活牛1512,347.0,148.75,148.75
2014-08-07,LE1512,148.7,148.95,146.2,148.05,12.0,,活牛1512,359.0,148.05,148.05
2014-08-08,LE1512,,,,146.0,0.0,,活牛1512,365.0,146.0,146.0
2014-08-11,LE1512,145.0,147.35,145.0,147.35,11.0,,活牛1512,365.0,147.35,147.35
2014-08-12,LE1512,146.2,146.5,145.5,146.5,33.0,,活牛1512,366.0,146.55,146.5
2014-08-13,LE1512,145.5,146.4,145.5,146.4,21.0,,活牛1512,383.0,146.45,146.4
2014-08-14,LE1512,146.4,147.2,145.5,147.2,11.0,,活牛1512,397.0,147.2,147.2
2014-08-15,LE1512,145.7,149.5,145.65,149.5,132.0,,活牛1512,406.0,149.5,149.5
2014-08-18,LE1512,149.0,149.925,149.0,149.7,355.0,,活牛1512,453.0,149.7,149.7
2014-08-19,LE1512,149.6,149.6,148.5,148.8,9.0,,活牛1512,531.0,148.8,148.8
2014-08-20,LE1512,148.25,148.25,147.3,147.3,23.0,,活牛1512,520.0,147.3,147.3
2014-08-21,LE1512,146.525,146.525,145.725,146.5,5.0,,活牛1512,528.0,146.5,146.5
2014-08-22,LE1512,146.7,146.7,146.2,146.5,3.0,,活牛1512,529.0,146.5,146.5
2014-08-25,LE1512,146.85,146.85,146.5,146.5,3.0,,活牛1512,529.0,146.5,146.5
2014-08-26,LE1512,147.15,147.15,146.6,146.75,7.0,,活牛1512,529.0,146.75,146.75
2014-08-27,LE1512,146.0,146.0,145.5,145.85,10.0,,活牛1512,533.0,145.85,145.85
2014-08-28,LE1512,146.0,146.85,145.6,146.25,14.0,,活牛1512,535.0,146.25,146.25
2014-08-29,LE1512,146.6,147.0,146.325,146.6,39.0,,活牛1512,539.0,146.6,146.6
2014-09-02,LE1512,147.0,148.5,147.0,148.0,60.0,,活牛1512,572.0,148.0,148.0
2014-09-03,LE1512,148.0,148.9,148.0,148.6,116.0,,活牛1512,607.0,148.6,148.6
2014-09-04,LE1512,148.9,148.95,147.725,148.5,79.0,,活牛1512,691.0,148.5,148.5
2014-09-05,LE1512,148.5,150.0,148.5,149.0,50.0,,活牛1512,714.0,149.0,149.0
2014-09-08,LE1512,149.075,149.375,148.55,148.9,118.0,,活牛1512,741.0,148.9,148.9
2014-09-09,LE1512,148.7,149.5,148.5,149.3,87.0,,活牛1512,816.0,149.3,149.3
2014-09-10,LE1512,149.5,150.5,148.425,149.8,105.0,,活牛1512,883.0,149.8,149.8
2014-09-11,LE1512,149.85,150.0,148.9,149.65,66.0,,活牛1512,938.0,149.8,149.65
2014-09-12,LE1512,149.5,150.25,149.0,149.8,78.0,,活牛1512,956.0,149.8,149.8
2014-09-15,LE1512,149.6,149.8,149.35,149.8,19.0,,活牛1512,999.0,149.8,149.8
2014-09-16,LE1512,149.7,149.8,148.65,149.6,51.0,,活牛1512,1004.0,149.6,149.6
2014-09-17,LE1512,150.0,150.3,149.825,150.3,67.0,,活牛1512,1009.0,150.3,150.3
2014-09-18,LE1512,150.0,150.45,149.85,150.45,60.0,,活牛1512,1027.0,150.45,150.45
2014-09-19,LE1512,150.5,151.0,150.4,150.45,42.0,,活牛1512,1034.0,150.45,150.45
2014-09-22,LE1512,150.0,151.05,150.0,151.05,14.0,,活牛1512,1049.0,151.05,151.05
2014-09-23,LE1512,150.4,151.225,150.4,151.175,116.0,,活牛1512,1054.0,151.175,151.175
2014-09-24,LE1512,151.1,151.725,150.9,151.3,77.0,,活牛1512,1088.0,151.3,151.3
2014-09-25,LE1512,151.5,151.7,151.2,151.6,106.0,,活牛1512,1104.0,151.6,151.6
2014-09-26,LE1512,151.7,152.75,151.7,152.75,256.0,,活牛1512,1152.0,152.75,152.75
2014-09-29,LE1512,152.75,153.55,152.225,153.5,110.0,,活牛1512,1304.0,153.5,153.5
2014-09-30,LE1512,153.45,153.5,152.55,152.9,109.0,,活牛1512,1350.0,152.9,152.9
2014-10-01,LE1512,152.55,153.5,152.525,153.5,178.0,,活牛1512,1410.0,153.5,153.5
2014-10-02,LE1512,153.6,153.825,153.0,153.8,126.0,,活牛1512,1498.0,153.8,153.8
2014-10-03,LE1512,153.9,154.2,153.45,153.9,132.0,,活牛1512,1533.0,153.9,153.9
2014-10-06,LE1512,154.025,154.85,154.0,154.85,159.0,,活牛1512,1576.0,154.85,154.85
2014-10-07,LE1512,154.65,156.425,154.65,156.1,182.0,,活牛1512,1590.0,156.1,156.1
2014-10-08,LE1512,156.0,156.75,155.6,156.675,102.0,,活牛1512,1679.0,156.675,156.675
2014-10-09,LE1512,157.25,157.6,154.75,156.5,373.0,,活牛1512,1705.0,156.8,156.5
2014-10-10,LE1512,155.85,156.1,154.25,155.3,152.0,,活牛1512,1858.0,155.3,155.3
2014-10-13,LE1512,155.75,156.5,155.0,156.5,76.0,,活牛1512,1895.0,156.5,156.5
2014-10-14,LE1512,155.75,156.05,154.325,154.7,65.0,,活牛1512,1925.0,154.7,154.7
2014-10-15,LE1512,155.0,155.0,151.7,152.5,254.0,,活牛1512,1940.0,152.5,152.5
2014-10-16,LE1512,152.475,153.95,152.15,153.95,109.0,,活牛1512,1894.0,153.95,153.95
2014-10-17,LE1512,152.9,152.9,152.15,152.6,93.0,,活牛1512,1957.0,152.75,152.6
2014-10-20,LE1512,153.325,154.5,152.8,154.25,76.0,,活牛1512,1989.0,154.25,154.25
2014-10-21,LE1512,153.35,154.675,152.75,153.3,75.0,,活牛1512,2012.0,153.5,153.3
2014-10-22,LE1512,153.6,154.0,153.375,153.95,168.0,,活牛1512,2020.0,153.95,153.95
2014-10-23,LE1512,154.6,155.0,154.25,155.0,53.0,,活牛1512,2084.0,155.0,155.0
2014-10-24,LE1512,154.925,155.075,152.95,153.8,95.0,,活牛1512,2112.0,153.8,153.8
2014-10-27,LE1512,153.5,154.7,153.25,154.7,130.0,,活牛1512,2143.0,154.7,154.7
2014-10-28,LE1512,154.3,154.5,153.25,154.5,278.0,,活牛1512,2159.0,154.5,154.5
2014-10-29,LE1512,154.1,155.0,153.7,154.35,751.0,,活牛1512,2330.0,154.35,154.35
2014-10-30,LE1512,154.2,155.05,154.025,154.95,61.0,,活牛1512,2655.0,154.95,154.95
2014-10-31,LE1512,154.35,154.825,154.0,154.5,134.0,,活牛1512,2656.0,154.7,154.5
2014-11-03,LE1512,154.175,155.3,154.15,155.3,134.0,,活牛1512,2686.0,155.3,155.3
2014-11-04,LE1512,154.975,155.45,154.7,155.1,84.0,,活牛1512,2706.0,155.1,155.1
2014-11-05,LE1512,155.3,155.4,154.475,154.9,122.0,,活牛1512,2716.0,154.9,154.9
2014-11-06,LE1512,155.0,155.35,154.9,155.35,90.0,,活牛1512,2741.0,155.35,155.35
2014-11-07,LE1512,155.125,155.725,154.9,155.7,106.0,,活牛1512,2764.0,155.7,155.7
2014-11-10,LE1512,155.3,155.75,155.05,155.75,143.0,,活牛1512,2792.0,155.75,155.75
2014-11-11,LE1512,155.475,156.25,155.2,156.25,81.0,,活牛1512,2806.0,156.25,156.25
2014-11-12,LE1512,156.0,157.1,155.9,156.9,158.0,,活牛1512,2834.0,156.9,156.9
2014-11-13,LE1512,157.1,157.9,157.1,157.9,205.0,,活牛1512,2888.0,157.9,157.9
2014-11-14,LE1512,157.5,158.3,157.45,158.3,244.0,,活牛1512,2936.0,158.3,158.3
2014-11-17,LE1512,158.35,158.6,157.9,158.55,290.0,,活牛1512,3041.0,158.55,158.55
2014-11-18,LE1512,158.425,158.9,158.1,158.9,93.0,,活牛1512,3063.0,158.9,158.9
2014-11-19,LE1512,158.65,158.775,158.0,158.5,157.0,,活牛1512,3112.0,158.5,158.5
2014-11-20,LE1512,158.625,159.15,157.75,158.9,177.0,,活牛1512,3204.0,158.9,158.9
2014-11-21,LE1512,159.15,160.15,159.125,160.0,159.0,,活牛1512,3312.0,160.0,160.0
2014-11-24,LE1512,159.625,159.75,158.15,159.1,337.0,,活牛1512,3432.0,159.2,159.1
2014-11-25,LE1512,158.725,158.95,158.0,158.75,413.0,,活牛1512,3572.0,158.75,158.75
2014-11-26,LE1512,158.425,159.175,157.875,158.2,250.0,,活牛1512,3580.0,158.2,158.2
2014-11-28,LE1512,157.975,159.5,157.9,159.5,109.0,,活牛1512,3704.0,159.5,159.5
2014-12-01,LE1512,159.025,160.05,158.225,160.05,303.0,,活牛1512,3760.0,160.05,160.05
2014-12-02,LE1512,160.0,160.0,158.775,159.85,407.0,,活牛1512,3845.0,159.85,159.85
2014-12-03,LE1512,159.15,159.25,157.725,159.25,260.0,,活牛1512,3947.0,159.25,159.25
2014-12-04,LE1512,158.725,159.325,158.35,158.95,162.0,,活牛1512,4079.0,158.95,158.95
2014-12-05,LE1512,158.7,158.875,157.275,157.85,296.0,,活牛1512,4112.0,157.85,157.85
2014-12-08,LE1512,157.8,157.8,154.85,155.0,286.0,,活牛1512,4280.0,155.0,155.0
2014-12-09,LE1512,155.6,155.725,154.75,155.45,311.0,,活牛1512,4303.0,155.45,155.45
2014-12-10,LE1512,155.0,155.2,154.025,155.1,420.0,,活牛1512,4323.0,155.1,155.1
2014-12-11,LE1512,154.475,154.7,153.45,154.0,266.0,,活牛1512,4306.0,154.0,154.0
2014-12-12,LE1512,153.95,154.325,151.95,152.35,747.0,,活牛1512,4374.0,152.35,152.35
2014-12-15,LE1512,151.85,152.225,149.35,150.4,405.0,,活牛1512,4435.0,150.35,150.4
2014-12-16,LE1512,149.975,149.975,147.35,147.35,414.0,,活牛1512,4560.0,147.35,147.35
2014-12-17,LE1512,146.275,150.35,144.35,148.25,1665.0,,活牛1512,4690.0,148.075,148.25
2014-12-18,LE1512,148.25,151.075,148.25,151.0,628.0,,活牛1512,4740.0,151.0,151.0
2014-12-19,LE1512,151.45,153.55,151.375,152.95,258.0,,活牛1512,4642.0,153.275,152.95
2014-12-22,LE1512,153.275,154.0,152.95,153.5,168.0,,活牛1512,4627.0,153.575,153.5
2014-12-23,LE1512,153.5,153.575,152.3,152.45,548.0,,活牛1512,4648.0,152.6,152.45
2014-12-24,LE1512,152.15,152.6,151.325,152.1,188.0,,活牛1512,4638.0,151.925,152.1
2014-12-26,LE1512,152.0,152.75,150.725,152.6,490.0,,活牛1512,4641.0,152.525,152.6
2014-12-29,LE1512,153.275,154.6,153.175,154.45,670.0,,活牛1512,4590.0,154.45,154.45
2014-12-30,LE1512,154.5,155.075,154.075,154.55,290.0,,活牛1512,4483.0,154.55,154.55
2014-12-31,LE1512,154.925,155.175,153.2,154.7,574.0,,活牛1512,4444.0,154.7,154.7
2015-01-02,LE1512,155.5,156.775,155.4,156.65,445.0,,活牛1512,4469.0,156.575,156.65
2015-01-05,LE1512,157.0,157.55,156.725,157.2,505.0,,活牛1512,4371.0,157.25,157.2
2015-01-06,LE1512,157.4,157.5,154.85,156.0,724.0,,活牛1512,4470.0,156.0,156.0
2015-01-07,LE1512,156.325,156.35,154.325,154.6,1157.0,,活牛1512,4436.0,154.425,154.6
2015-01-08,LE1512,155.0,155.075,151.475,153.0,671.0,,活牛1512,4880.0,152.95,153.0
2015-01-09,LE1512,152.65,152.65,149.95,150.3,650.0,,活牛1512,5014.0,150.3,150.3
2015-01-12,LE1512,150.075,152.75,150.075,151.4,363.0,,活牛1512,5040.0,151.325,151.4
2015-01-13,LE1512,151.45,152.475,149.375,149.75,1357.0,,活牛1512,5107.0,150.0,149.75
2015-01-14,LE1512,149.6,150.425,147.65,149.05,534.0,,活牛1512,5442.0,148.925,149.05
2015-01-15,LE1512,149.125,149.55,147.425,148.3,492.0,,活牛1512,5413.0,148.3,148.3
2015-01-16,LE1512,147.925,148.75,146.7,148.6,987.0,,活牛1512,5448.0,148.475,148.6
2015-01-20,LE1512,148.1,148.4,145.475,147.1,797.0,,活牛1512,5597.0,147.075,147.1
2015-01-21,LE1512,147.1,148.25,145.825,148.05,1111.0,,活牛1512,5655.0,148.0,148.05
2015-01-22,LE1512,147.725,149.35,147.7,148.3,846.0,,活牛1512,5775.0,148.275,148.3
2015-01-23,LE1512,147.15,147.225,145.275,146.0,864.0,,活牛1512,5922.0,145.8,146.0
2015-01-26,LE1512,145.55,147.65,143.425,145.9,1317.0,,活牛1512,6054.0,145.8,145.9
2015-01-27,LE1512,145.5,148.3,145.275,148.3,1242.0,,活牛1512,6074.0,148.25,148.3
2015-01-28,LE1512,147.7,148.85,147.425,148.45,700.0,,活牛1512,6054.0,148.425,148.45
2015-01-29,LE1512,148.25,148.7,145.625,147.35,1603.0,,活牛1512,5997.0,147.35,147.35
2015-01-30,LE1512,147.05,148.25,146.325,148.2,682.0,,活牛1512,6208.0,148.2,148.2
2015-02-02,LE1512,146.9,147.825,145.225,145.8,1256.0,,活牛1512,6258.0,145.8,145.8
2015-02-03,LE1512,145.775,146.6,144.2,146.0,745.0,,活牛1512,6266.0,145.9,146.0
2015-02-04,LE1512,145.95,145.95,144.0,144.0,774.0,,活牛1512,6314.0,144.0,144.0
2015-02-05,LE1512,144.1,144.875,143.275,144.85,918.0,,活牛1512,6527.0,144.825,144.85
2015-02-06,LE1512,145.125,146.525,144.925,146.1,1168.0,,活牛1512,6547.0,146.15,146.1
2015-02-09,LE1512,146.4,147.95,146.35,147.75,989.0,,活牛1512,6612.0,147.75,147.75
2015-02-10,LE1512,147.95,148.325,146.5,146.9,1166.0,,活牛1512,6545.0,146.85,146.9
2015-02-11,LE1512,146.8,147.025,144.475,144.9,670.0,,活牛1512,6948.0,144.85,144.9
2015-02-12,LE1512,145.125,145.75,143.6,145.375,1052.0,,活牛1512,6903.0,145.375,145.375
2015-02-13,LE1512,145.9,147.25,145.4,146.8,967.0,,活牛1512,7077.0,146.75,146.8
2015-02-17,LE1512,146.85,146.975,144.55,145.2,366.0,,活牛1512,7205.0,145.2,145.2
2015-02-18,LE1512,145.1,146.05,144.925,145.7,2248.0,,活牛1512,7281.0,145.675,145.7
2015-02-19,LE1512,145.675,145.7,144.875,145.5,688.0,,活牛1512,7333.0,145.475,145.5
2015-02-20,LE1512,145.15,145.925,143.9,144.1,732.0,,活牛1512,7347.0,144.05,144.1
2015-02-23,LE1512,144.225,144.25,142.85,143.325,746.0,,活牛1512,7598.0,143.325,143.325
2015-02-24,LE1512,142.8,143.475,142.0,142.4,1042.0,,活牛1512,7728.0,142.375,142.4
2015-02-25,LE1512,142.425,143.975,142.075,143.6,1029.0,,活牛1512,7960.0,143.45,143.6
2015-02-26,LE1512,143.65,146.45,143.5,145.9,1602.0,,活牛1512,8286.0,145.85,145.9
2015-02-27,LE1512,145.55,146.625,144.2,145.95,1081.0,,活牛1512,8613.0,145.875,145.95
2015-03-02,LE1512,146.35,147.1,146.2,147.1,1072.0,,活牛1512,8762.0,147.05,147.1
2015-03-03,LE1512,147.1,147.1,145.475,145.975,582.0,,活牛1512,8871.0,145.975,145.975
2015-03-04,LE1512,145.625,148.5,144.95,147.5,1640.0,,活牛1512,8947.0,147.5,147.5
2015-03-05,LE1512,147.825,148.15,146.8,147.85,717.0,,活牛1512,9352.0,147.825,147.85
2015-03-06,LE1512,147.65,148.5,147.3,148.475,1166.0,,活牛1512,9424.0,148.475,148.475
2015-03-09,LE1512,148.525,148.925,147.875,148.475,1163.0,,活牛1512,9604.0,148.475,148.475
2015-03-10,LE1512,148.475,148.475,147.25,147.775,1312.0,,活牛1512,9798.0,147.775,147.775
2015-03-11,LE1512,148.1,148.5,147.625,148.275,1939.0,,活牛1512,10132.0,148.3,148.275
2015-03-12,LE1512,148.65,148.85,147.325,148.575,1795.0,,活牛1512,10835.0,148.575,148.575
2015-03-13,LE1512,148.45,149.1,146.475,147.85,2366.0,,活牛1512,11458.0,147.85,147.85
2015-03-16,LE1512,147.225,147.7,146.5,147.7,965.0,,活牛1512,12426.0,147.575,147.7
2015-03-17,LE1512,147.7,147.75,146.925,147.325,830.0,,活牛1512,12634.0,147.325,147.325
2015-03-18,LE1512,147.0,149.9,147.0,149.7,2895.0,,活牛1512,12745.0,149.675,149.7
2015-03-19,LE1512,149.55,150.775,149.35,150.6,2171.0,,活牛1512,12941.0,150.55,150.6
2015-03-20,LE1512,150.175,150.65,149.425,150.475,1864.0,,活牛1512,13468.0,150.5,150.475
2015-03-23,LE1512,151.0,152.2,150.925,151.95,2172.0,,活牛1512,13427.0,152.025,151.95
2015-03-24,LE1512,152.025,152.5,151.1,152.5,1354.0,,活牛1512,13854.0,152.45,152.5
2015-03-25,LE1512,152.05,152.575,151.6,152.2,1467.0,,活牛1512,13941.0,152.175,152.2
2015-03-26,LE1512,152.2,152.375,151.25,151.85,1268.0,,活牛1512,13935.0,151.8,151.85
2015-03-27,LE1512,151.625,152.45,151.425,151.85,960.0,,活牛1512,14158.0,151.975,151.85
2015-03-30,LE1512,151.975,152.5,150.95,152.05,1955.0,,活牛1512,14145.0,152.075,152.05
2015-03-31,LE1512,151.925,152.625,151.45,151.65,1338.0,,活牛1512,14465.0,151.7,151.65
2015-04-01,LE1512,151.775,152.325,150.75,151.575,1437.0,,活牛1512,14827.0,151.55,151.575
2015-04-02,LE1512,151.75,152.0,151.05,151.725,1660.0,,活牛1512,14873.0,151.725,151.725
2015-04-06,LE1512,152.075,152.75,150.825,151.0,1480.0,,活牛1512,15047.0,150.975,151.0
2015-04-07,LE1512,150.625,151.4,149.875,151.35,2354.0,,活牛1512,15267.0,151.35,151.35
2015-04-08,LE1512,150.8,151.475,150.575,151.25,2986.0,,活牛1512,15873.0,151.225,151.25
2015-04-09,LE1512,151.225,151.6,150.725,151.45,3252.0,,活牛1512,16798.0,151.4,151.45
2015-04-10,LE1512,150.875,150.875,148.75,149.5,3894.0,,活牛1512,16776.0,149.45,149.5
2015-04-13,LE1512,148.7,149.8,148.575,149.65,3451.0,,活牛1512,17340.0,149.65,149.65
2015-04-14,LE1512,149.15,150.75,149.125,150.35,3008.0,,活牛1512,18634.0,150.35,150.35
2015-04-15,LE1512,150.45,151.45,150.45,151.025,1763.0,,活牛1512,19232.0,151.05,151.025
2015-04-16,LE1512,151.4,152.125,150.7,151.8,3236.0,,活牛1512,19345.0,151.775,151.8
2015-04-17,LE1512,151.95,152.45,149.125,149.725,3962.0,,活牛1512,20361.0,149.55,149.725
2015-04-20,LE1512,149.125,149.375,147.5,148.0,4200.0,,活牛1512,21339.0,147.95,148.0
2015-04-21,LE1512,147.875,149.0,147.55,148.8,2852.0,,活牛1512,22451.0,148.85,148.8
2015-04-22,LE1512,148.725,148.9,147.6,148.15,3241.0,,活牛1512,22796.0,148.125,148.15
2015-04-23,LE1512,148.4,150.5,147.875,150.35,4560.0,,活牛1512,23311.0,150.425,150.35
2015-04-24,LE1512,150.425,152.35,149.8,151.95,4563.0,,活牛1512,23002.0,152.0,151.95
2015-04-27,LE1512,150.3,151.35,150.25,150.95,2306.0,,活牛1512,23407.0,150.975,150.95
2015-04-28,LE1512,150.925,151.8,150.925,151.35,3079.0,,活牛1512,23799.0,151.4,151.35
2015-04-29,LE1512,151.725,151.75,150.8,151.275,2831.0,,活牛1512,24932.0,151.3,151.275
2015-04-30,LE1512,151.275,151.7,148.825,150.425,4263.0,,活牛1512,25612.0,150.475,150.425
2015-05-01,LE1512,150.225,151.45,149.7,150.675,4843.0,,活牛1512,26678.0,150.675,150.675
2015-05-04,LE1512,150.675,152.15,150.675,151.95,4110.0,,活牛1512,27402.0,151.925,151.95
2015-05-05,LE1512,152.0,152.6,151.075,152.475,4343.0,,活牛1512,28005.0,152.475,152.475
2015-05-06,LE1512,152.3,152.6,151.5,152.025,3290.0,,活牛1512,28887.0,152.025,152.025
2015-05-07,LE1512,151.75,151.975,150.975,151.175,3739.0,,活牛1512,29028.0,151.2,151.175
2015-05-08,LE1512,151.825,152.6,151.525,152.35,4189.0,,活牛1512,29574.0,152.4,152.35
2015-05-11,LE1512,152.4,153.275,150.975,151.075,5544.0,,活牛1512,29748.0,151.1,151.075
2015-05-12,LE1512,151.35,152.2,150.475,151.65,6947.0,,活牛1512,29196.0,151.725,151.65
2015-05-13,LE1512,151.575,153.275,151.5,152.85,5063.0,,活牛1512,28808.0,152.9,152.85
2015-05-14,LE1512,153.025,154.3,153.025,153.875,8200.0,,活牛1512,29744.0,153.875,153.875
2015-05-15,LE1512,153.975,154.0,151.8,152.675,6019.0,,活牛1512,30926.0,152.7,152.675
2015-05-18,LE1512,152.2,152.675,151.55,152.55,4838.0,,活牛1512,31463.0,152.575,152.55
2015-05-19,LE1512,152.5,153.15,151.8,153.025,3966.0,,活牛1512,31446.0,153.0,153.025
2015-05-20,LE1512,152.9,153.825,152.075,152.85,5089.0,,活牛1512,31873.0,152.8,152.85
2015-05-21,LE1512,153.45,154.0,152.925,153.9,3928.0,,活牛1512,32610.0,153.875,153.9
2015-05-22,LE1512,153.45,154.575,153.2,154.05,6906.0,,活牛1512,33990.0,154.15,154.05
2015-05-26,LE1512,154.2,154.65,153.8,154.125,3402.0,,活牛1512,35292.0,154.1,154.125
2015-05-27,LE1512,154.15,154.75,153.25,154.75,4873.0,,活牛1512,36030.0,154.675,154.75
2015-05-28,LE1512,154.725,155.975,154.65,155.525,7065.0,,活牛1512,36570.0,155.5,155.525
2015-05-29,LE1512,155.15,155.85,153.9,154.175,7136.0,,活牛1512,37736.0,154.175,154.175
2015-06-01,LE1512,154.3,155.1,154.175,155.1,5238.0,,活牛1512,37842.0,155.05,155.1
2015-06-02,LE1512,155.0,155.025,154.175,154.875,4081.0,,活牛1512,38322.0,154.9,154.875
2015-06-03,LE1512,154.625,154.625,153.5,153.6,5866.0,,活牛1512,38522.0,153.675,153.6
2015-06-04,LE1512,153.575,154.375,153.25,154.075,5629.0,,活牛1512,38519.0,154.075,154.075
2015-06-05,LE1512,154.0,154.7,153.0,153.825,7309.0,,活牛1512,39730.0,153.75,153.825
2015-06-08,LE1512,153.625,155.15,153.35,155.15,7213.0,,活牛1512,40382.0,155.075,155.15
2015-06-09,LE1512,154.75,156.0,154.325,155.8,7454.0,,活牛1512,40106.0,155.85,155.8
2015-06-10,LE1512,155.725,156.75,155.725,156.325,9127.0,,活牛1512,40251.0,156.325,156.325
2015-06-11,LE1512,156.125,156.825,155.6,156.125,7321.0,,活牛1512,40989.0,156.075,156.125
2015-06-12,LE1512,155.7,155.725,153.35,154.15,6177.0,,活牛1512,42516.0,154.15,154.15
2015-06-15,LE1512,153.975,154.575,153.725,154.45,4556.0,,活牛1512,42903.0,154.45,154.45
2015-06-16,LE1512,154.45,155.125,154.25,154.8,5559.0,,活牛1512,42099.0,154.775,154.8
2015-06-17,LE1512,154.55,154.575,153.45,154.05,3910.0,,活牛1512,41613.0,153.975,154.05
2015-06-18,LE1512,153.975,154.075,153.1,153.25,8014.0,,活牛1512,42343.0,153.225,153.25
2015-06-19,LE1512,153.25,154.8,153.05,154.5,4801.0,,活牛1512,43619.0,154.525,154.5
2015-06-22,LE1512,154.4,156.175,154.0,155.9,5913.0,,活牛1512,44354.0,155.85,155.9
2015-06-23,LE1512,155.8,156.025,155.175,155.725,4763.0,,活牛1512,44051.0,155.675,155.725
2015-06-24,LE1512,155.525,155.6,153.975,154.125,5123.0,,活牛1512,44130.0,154.075,154.125
2015-06-25,LE1512,153.9,154.0,151.775,152.475,8733.0,,活牛1512,43520.0,152.475,152.475
2015-06-26,LE1512,152.0,153.1,151.625,152.225,5135.0,,活牛1512,43711.0,152.225,152.225
2015-06-29,LE1512,152.275,153.725,151.55,153.25,5027.0,,活牛1512,43464.0,153.3,153.25
2015-06-30,LE1512,153.2,153.8,151.5,151.75,5992.0,,活牛1512,42690.0,151.9,151.75
2015-07-01,LE1512,152.025,154.9,151.95,154.75,8555.0,,活牛1512,42961.0,154.75,154.75
2015-07-02,LE1512,154.925,155.4,154.35,154.65,6611.0,,活牛1512,43735.0,154.725,154.65
2015-07-06,LE1512,154.775,155.075,153.875,154.4,6507.0,,活牛1512,43784.0,154.475,154.4
2015-07-07,LE1512,154.475,155.05,153.7,154.725,5260.0,,活牛1512,43349.0,154.85,154.725
2015-07-08,LE1512,154.85,155.3,152.825,153.275,10237.0,,活牛1512,43855.0,153.55,153.275
2015-07-09,LE1512,153.65,154.5,152.275,152.75,9058.0,,活牛1512,43751.0,152.85,152.75
2015-07-10,LE1512,152.85,153.2,151.75,151.825,11387.0,,活牛1512,44174.0,151.925,151.825
2015-07-13,LE1512,151.775,152.3,151.075,151.6,11198.0,,活牛1512,43771.0,151.6,151.6
2015-07-14,LE1512,151.575,152.85,151.0,152.0,8915.0,,活牛1512,42942.0,152.325,152.0
2015-07-15,LE1512,152.125,152.85,151.6,152.0,6186.0,,活牛1512,43192.0,152.275,152.0
2015-07-16,LE1512,152.125,152.175,151.075,151.225,5309.0,,活牛1512,43634.0,151.4,151.225
2015-07-17,LE1512,151.325,152.75,150.775,151.525,9864.0,,活牛1512,43537.0,151.225,151.525
2015-07-20,LE1512,151.45,151.675,150.95,150.95,5434.0,,活牛1512,45016.0,151.15,150.95
2015-07-21,LE1512,151.0,151.15,149.55,149.575,9943.0,,活牛1512,46080.0,149.775,149.575
2015-07-22,LE1512,149.75,150.425,148.45,148.45,9836.0,,活牛1512,47278.0,148.975,148.45
2015-07-23,LE1512,148.65,149.25,147.25,147.25,12772.0,,活牛1512,49763.0,147.475,147.25
2015-07-24,LE1512,147.475,148.0,146.45,146.85,11468.0,,活牛1512,51167.0,147.05,146.85
2015-07-27,LE1512,146.75,147.175,145.925,146.0,11056.0,,活牛1512,53198.0,146.1,146.0
2015-07-28,LE1512,146.2,148.675,146.2,148.3,12966.0,,活牛1512,52178.0,148.375,148.3
2015-07-29,LE1512,148.525,149.075,147.75,148.1,7063.0,,活牛1512,51064.0,148.275,148.1
2015-07-30,LE1512,148.075,149.05,147.9,148.0,5468.0,,活牛1512,50392.0,148.125,148.0
2015-07-31,LE1512,148.325,148.95,147.375,148.05,8490.0,,活牛1512,50614.0,147.45,148.05
2015-08-03,LE1512,148.875,150.45,148.875,149.45,9106.0,,活牛1512,51837.0,149.4,149.45
2015-08-04,LE1512,149.925,150.35,149.35,149.7,6653.0,,活牛1512,52066.0,149.725,149.7
2015-08-05,LE1512,149.775,149.85,149.4,149.775,6430.0,,活牛1512,52346.0,149.75,149.775
2015-08-06,LE1512,150.0,150.7,149.575,149.775,7002.0,,活牛1512,52864.0,150.225,149.775
2015-08-07,LE1512,149.95,150.475,149.675,149.925,7314.0,,活牛1512,53119.0,149.975,149.925
2015-08-10,LE1512,150.8,151.025,150.3,150.75,8912.0,,活牛1512,52327.0,150.775,150.75
2015-08-11,LE1512,150.45,151.0,150.35,150.725,5864.0,,活牛1512,52993.0,150.625,150.725
2015-08-12,LE1512,150.8,150.875,148.2,149.05,13130.0,,活牛1512,52976.0,148.8,149.05
2015-08-13,LE1512,149.2,149.725,148.125,149.35,8332.0,,活牛1512,54608.0,149.475,149.35
2015-08-14,LE1512,149.625,149.825,147.55,149.125,8578.0,,活牛1512,55535.0,148.925,149.125
2015-08-17,LE1512,148.625,149.55,147.975,149.125,7324.0,,活牛1512,55886.0,149.325,149.125
2015-08-18,LE1512,149.075,149.8,148.85,149.125,5517.0,,活牛1512,55047.0,149.175,149.125
2015-08-19,LE1512,148.925,149.35,146.85,146.9,10752.0,,活牛1512,55007.0,147.35,146.9
2015-08-20,LE1512,146.925,148.825,146.725,147.975,7913.0,,活牛1512,57251.0,148.475,147.975
2015-08-21,LE1512,147.75,148.425,145.7,145.85,12512.0,,活牛1512,58483.0,146.075,145.85
2015-08-24,LE1512,143.7,144.975,143.525,143.75,14996.0,,活牛1512,60662.0,144.375,143.75
2015-08-25,LE1512,144.6,145.575,143.5,143.625,11810.0,,活牛1512,61880.0,143.975,143.625
2015-08-26,LE1512,143.8,144.475,141.925,144.0,17415.0,,活牛1512,64222.0,142.675,144.0
2015-08-27,LE1512,144.0,145.2,143.775,144.825,10883.0,,活牛1512,67302.0,144.85,144.825
2015-08-28,LE1512,144.9,146.525,144.575,146.025,12965.0,,活牛1512,68046.0,146.05,146.025
2015-08-31,LE1512,145.8,146.725,145.075,145.125,10698.0,,活牛1512,68916.0,145.425,145.125
2015-09-01,LE1512,144.975,145.0,143.025,143.3,18191.0,,活牛1512,70209.0,143.625,143.3
2015-09-02,LE1512,143.575,144.15,142.2,143.55,17585.0,,活牛1512,74803.0,143.325,143.55
2015-09-03,LE1512,143.475,144.7,143.425,143.55,15132.0,,活牛1512,76744.0,143.875,143.55
2015-09-04,LE1512,143.5,143.5,142.6,142.875,13273.0,,活牛1512,78788.0,142.775,142.875
2015-09-08,LE1512,143.325,145.775,143.025,145.775,18644.0,,活牛1512,82736.0,145.775,145.775
2015-09-09,LE1512,146.025,146.7,144.6,144.8,28805.0,,活牛1512,84610.0,145.075,144.8
2015-09-10,LE1512,144.725,145.65,144.3,144.35,21560.0,,活牛1512,90744.0,144.7,144.35
2015-09-11,LE1512,144.175,144.35,141.85,142.4,27534.0,,活牛1512,95228.0,142.375,142.4
2015-09-14,LE1512,142.55,143.45,141.875,142.9,20444.0,,活牛1512,102469.0,143.175,142.9
2015-09-15,LE1512,143.0,143.825,141.8,141.925,16763.0,,活牛1512,109202.0,142.175,141.925
2015-09-16,LE1512,142.0,142.1,139.175,139.175,29026.0,,活牛1512,111865.0,139.475,139.175
2015-09-17,LE1512,139.4,140.075,138.875,139.6,27160.0,,活牛1512,117073.0,139.325,139.6
2015-09-18,LE1512,139.225,139.825,138.025,138.375,18427.0,,活牛1512,118457.0,138.375,138.375
2015-09-21,LE1512,139.375,140.4,139.3,139.5,19989.0,,活牛1512,120886.0,139.75,139.5
2015-09-22,LE1512,139.15,140.325,137.975,138.0,22500.0,,活牛1512,122288.0,138.75,138.0
2015-09-23,LE1512,137.85,138.175,135.75,135.75,27113.0,,活牛1512,124253.0,135.75,135.75
2015-09-24,LE1512,134.225,137.45,131.7,135.35,47796.0,,活牛1512,126451.0,134.0,135.35
2015-09-25,LE1512,135.2,137.0,134.625,137.0,21053.0,,活牛1512,127435.0,137.0,137.0
2015-09-28,LE1512,137.5,137.9,136.275,136.75,31448.0,,活牛1512,127111.0,137.15,136.75
2015-09-29,LE1512,136.25,136.45,134.15,134.15,26252.0,,活牛1512,125301.0,134.15,134.15
2015-09-30,LE1512,133.375,134.7,129.8,130.25,56594.0,,活牛1512,127033.0,130.925,130.25
2015-10-01,LE1512,131.0,132.2,128.1,128.4,49277.0,,活牛1512,128174.0,130.0,128.4
2015-10-02,LE1512,128.5,131.75,128.325,131.5,31952.0,,活牛1512,132340.0,131.375,131.5
2015-10-05,LE1512,131.1,132.1,129.1,129.275,23315.0,,活牛1512,135701.0,130.225,129.275
2015-10-06,LE1512,129.875,133.225,128.75,133.225,28573.0,,活牛1512,136839.0,133.225,133.225
2015-10-07,LE1512,133.9,137.375,133.8,135.725,46780.0,,活牛1512,135722.0,136.15,135.725
2015-10-08,LE1512,135.6,137.875,134.8,137.25,30782.0,,活牛1512,133507.0,137.675,137.25
2015-10-09,LE1512,137.25,138.0,135.65,137.95,25109.0,,活牛1512,131973.0,137.325,137.95
2015-10-12,LE1512,137.925,138.875,137.1,137.65,20596.0,,活牛1512,133187.0,137.575,137.65
2015-10-13,LE1512,137.6,138.2,136.6,137.45,18932.0,,活牛1512,133478.0,137.2,137.45
2015-10-14,LE1512,137.375,138.975,136.8,137.3,24298.0,,活牛1512,133520.0,137.425,137.3
2015-10-15,LE1512,137.3,137.825,135.9,136.475,19876.0,,活牛1512,133053.0,136.55,136.475
2015-10-16,LE1512,136.425,139.55,135.95,139.55,26642.0,,活牛1512,132654.0,139.425,139.55
2015-10-19,LE1512,140.55,142.575,140.4,141.7,32641.0,,活牛1512,130943.0,141.65,141.7
2015-10-20,LE1512,141.9,143.9,140.925,143.65,29400.0,,活牛1512,126884.0,143.175,143.65
2015-10-21,LE1512,143.35,143.7,142.225,143.3,24741.0,,活牛1512,124104.0,143.15,143.3
2015-10-22,LE1512,143.0,143.925,142.25,143.575,23076.0,,活牛1512,120525.0,143.75,143.575
2015-10-23,LE1512,143.275,143.7,141.125,143.35,27656.0,,活牛1512,120455.0,143.4,143.35
2015-10-26,LE1512,142.05,142.25,141.05,141.7,19659.0,,活牛1512,120298.0,142.0,141.7
2015-10-27,LE1512,141.35,142.525,140.05,142.05,23187.0,,活牛1512,119408.0,140.6,142.05
2015-10-28,LE1512,142.125,143.6,142.0,143.6,22659.0,,活牛1512,119303.0,143.6,143.6
2015-10-29,LE1512,144.1,144.725,142.4,142.6,30963.0,,活牛1512,117275.0,142.8,142.6
2015-10-30,LE1512,142.4,142.85,141.3,141.7,23011.0,,活牛1512,115267.0,141.725,141.7
2015-11-02,LE1512,141.125,142.1,140.5,141.55,22761.0,,活牛1512,114798.0,141.675,141.55
2015-11-03,LE1512,141.4,141.725,139.7,139.75,25214.0,,活牛1512,112994.0,140.225,139.75
2015-11-04,LE1512,139.625,139.675,137.225,137.225,21047.0,,活牛1512,112322.0,137.225,137.225
2015-11-05,LE1512,136.65,137.225,133.5,135.025,49102.0,,活牛1512,110069.0,134.4,135.025
2015-11-06,LE1512,134.65,135.6,133.225,134.85,34217.0,,活牛1512,107232.0,134.925,134.85
2015-11-09,LE1512,134.25,134.275,131.925,131.925,17479.0,,活牛1512,105543.0,131.925,131.925
2015-11-10,LE1512,130.55,131.875,127.425,129.325,58646.0,,活牛1512,100611.0,128.325,129.325
2015-11-11,LE1512,129.625,131.325,129.625,131.325,24383.0,,活牛1512,90250.0,131.325,131.325
2015-11-12,LE1512,131.925,135.1,131.15,132.675,40695.0,,活牛1512,85413.0,133.15,132.675
2015-11-13,LE1512,133.25,133.525,130.15,130.175,27590.0,,活牛1512,77739.0,130.675,130.175
2015-11-16,LE1512,128.075,128.15,127.675,127.675,10017.0,,活牛1512,73106.0,127.675,127.675
2015-11-17,LE1512,126.95,129.875,125.5,127.725,22276.0,,活牛1512,70903.0,128.025,127.725
2015-11-18,LE1512,128.3,131.025,127.925,130.05,17798.0,,活牛1512,66223.0,130.975,130.05
2015-11-19,LE1512,130.725,131.45,129.1,129.375,12395.0,,活牛1512,61742.0,129.9,129.375
2015-11-20,LE1512,129.65,131.0,128.875,129.625,14239.0,,活牛1512,58448.0,129.7,129.625
2015-11-23,LE1512,129.15,132.7,128.575,130.725,15027.0,,活牛1512,55152.0,132.175,130.725
2015-11-24,LE1512,131.025,132.2,129.5,129.775,14642.0,,活牛1512,51504.0,130.25,129.775
2015-11-25,LE1512,130.65,131.15,130.0,131.15,7322.0,,活牛1512,49547.0,130.95,131.15
2015-11-27,LE1512,131.25,132.35,130.95,131.85,5066.0,,活牛1512,47636.0,131.825,131.85
2015-11-30,LE1512,131.025,132.35,129.4,129.45,12352.0,,活牛1512,45900.0,130.05,129.45
2015-12-01,LE1512,129.45,132.425,128.8,131.4,13255.0,,活牛1512,42942.0,132.1,131.4
2015-12-02,LE1512,131.25,131.55,129.1,129.1,13574.0,,活牛1512,38306.0,129.1,129.1
2015-12-03,LE1512,127.75,127.75,124.6,126.25,22283.0,,活牛1512,34010.0,125.7,126.25
2015-12-04,LE1512,125.9,126.45,123.875,123.95,13885.0,,活牛1512,28842.0,124.275,123.95
2015-12-07,LE1512,123.05,123.25,121.275,121.3,14352.0,,活牛1512,17073.0,121.625,121.3
2015-12-08,LE1512,121.3,123.325,120.55,121.0,6392.0,,活牛1512,12826.0,122.25,121.0
2015-12-09,LE1512,121.25,121.875,119.25,119.25,5413.0,,活牛1512,10681.0,119.85,119.25
2015-12-10,LE1512,119.7,122.35,118.1,121.0,4484.0,,活牛1512,8542.0,121.55,121.0
2015-12-11,LE1512,121.1,122.875,120.3,121.15,2785.0,,活牛1512,7702.0,121.45,121.15
2015-12-14,LE1512,120.65,121.45,118.55,118.55,2114.0,,活牛1512,6763.0,119.525,118.55
2015-12-15,LE1512,119.75,121.875,118.3,119.6,2617.0,,活牛1512,6042.0,120.3,119.6
2015-12-16,LE1512,120.2,120.225,119.1,119.225,2011.0,,活牛1512,5217.0,119.975,119.225
2015-12-17,LE1512,119.05,119.45,116.975,119.0,2885.0,,活牛1512,4356.0,117.15,119.0
2015-12-18,LE1512,119.05,120.15,119.05,120.15,1077.0,,活牛1512,3491.0,120.15,120.15
2015-12-21,LE1512,122.175,124.65,122.175,122.75,1603.0,,活牛1512,3207.0,123.4,122.75
2015-12-22,LE1512,123.0,126.8,122.225,126.2,1827.0,,活牛1512,2568.0,125.6,126.2
2015-12-23,LE1512,126.575,128.6,126.55,128.6,1384.0,,活牛1512,2046.0,128.6,128.6
2015-12-24,LE1512,129.675,131.2,127.975,130.85,686.0,,活牛1512,1446.0,131.1,130.85
2015-12-28,LE1512,131.0,131.5,129.8,130.2,850.0,,活牛1512,1041.0,130.85,130.2
2015-12-29,LE1512,130.2,130.775,129.25,130.475,493.0,,活牛1512,488.0,130.2,130.475
2015-12-30,LE1512,131.0,135.0,130.625,135.0,201.0,,活牛1512,168.0,133.0,135.0
2015-12-31,LE1512,135.675,135.8,135.6,135.8,13.0,,活牛1512,17.0,135.8,135.8
