date,symbol,open,high,low,close,volume,amount,name,openinterest,settleprice,price
2014-11-03,LE1604,,,,153.6,0.0,,活牛1604,0.0,153.6,153.6
2014-11-04,LE1604,,,,153.6,0.0,,活牛1604,0.0,153.6,153.6
2014-11-05,LE1604,,,,153.6,0.0,,活牛1604,0.0,153.6,153.6
2014-11-06,LE1604,,,,153.65,0.0,,活牛1604,0.0,153.65,153.65
2014-11-07,LE1604,154.25,154.7,154.25,154.7,5.0,,活牛1604,0.0,154.7,154.7
2014-11-10,LE1604,154.7,155.025,154.7,154.7,9.0,,活牛1604,5.0,154.7,154.7
2014-11-11,LE1604,154.6,155.775,154.6,155.0,19.0,,活牛1604,14.0,155.0,155.0
2014-11-12,LE1604,156.0,156.275,156.0,156.0,8.0,,活牛1604,31.0,156.0,156.0
2014-11-13,LE1604,,,,156.4,0.0,,活牛1604,38.0,156.4,156.4
2014-11-14,LE1604,156.2,156.4,156.15,156.4,3.0,,活牛1604,38.0,156.4,156.4
2014-11-17,LE1604,158.0,158.25,156.4,156.4,2.0,,活牛1604,41.0,156.4,156.4
2014-11-18,LE1604,,,,156.4,0.0,,活牛1604,43.0,156.4,156.4
2014-11-19,LE1604,157.0,157.0,156.4,156.4,2.0,,活牛1604,43.0,156.4,156.4
2014-11-20,LE1604,156.05,157.5,156.05,157.4,12.0,,活牛1604,45.0,157.4,157.4
2014-11-21,LE1604,157.5,158.25,157.5,158.0,19.0,,活牛1604,53.0,158.0,158.0
2014-11-24,LE1604,,,,158.0,0.0,,活牛1604,64.0,158.0,158.0
2014-11-25,LE1604,,,,157.7,0.0,,活牛1604,64.0,157.7,157.7
2014-11-26,LE1604,157.0,157.5,157.0,157.5,1.0,,活牛1604,64.0,157.5,157.5
2014-11-28,LE1604,159.2,159.2,159.2,159.2,4.0,,活牛1604,64.0,159.2,159.2
2014-12-01,LE1604,158.45,159.05,157.975,158.5,19.0,,活牛1604,67.0,159.2,158.5
2014-12-02,LE1604,159.5,159.5,158.5,159.0,14.0,,活牛1604,70.0,159.0,159.0
2014-12-03,LE1604,157.65,158.125,157.5,157.75,5.0,,活牛1604,84.0,157.75,157.75
2014-12-04,LE1604,158.2,158.35,157.75,157.75,14.0,,活牛1604,89.0,157.75,157.75
2014-12-05,LE1604,157.6,157.6,156.75,157.25,27.0,,活牛1604,103.0,157.25,157.25
2014-12-08,LE1604,156.25,156.475,154.75,155.25,68.0,,活牛1604,130.0,155.25,155.25
2014-12-09,LE1604,155.0,155.4,154.3,155.25,9.0,,活牛1604,167.0,155.25,155.25
2014-12-10,LE1604,155.05,155.25,154.85,155.25,26.0,,活牛1604,172.0,155.25,155.25
2014-12-11,LE1604,154.9,154.9,154.25,154.75,37.0,,活牛1604,192.0,154.75,154.75
2014-12-12,LE1604,154.425,154.425,153.5,153.65,48.0,,活牛1604,217.0,153.65,153.65
2014-12-15,LE1604,152.5,152.5,150.775,151.75,40.0,,活牛1604,262.0,151.5,151.75
2014-12-16,LE1604,150.775,150.85,148.5,148.5,17.0,,活牛1604,287.0,148.5,148.5
2014-12-17,LE1604,146.2,151.1,145.5,148.75,116.0,,活牛1604,293.0,148.75,148.75
2014-12-18,LE1604,149.725,151.0,149.5,150.0,49.0,,活牛1604,331.0,150.4,150.0
2014-12-19,LE1604,151.5,152.75,151.5,152.75,18.0,,活牛1604,359.0,152.75,152.75
2014-12-22,LE1604,153.1,153.5,153.1,153.2,17.0,,活牛1604,367.0,153.2,153.2
2014-12-23,LE1604,153.6,153.6,151.25,151.8,32.0,,活牛1604,377.0,151.5,151.8
2014-12-24,LE1604,150.775,151.775,150.775,151.6,3.0,,活牛1604,389.0,151.775,151.6
2014-12-26,LE1604,150.775,152.3,150.775,151.75,7.0,,活牛1604,389.0,151.75,151.75
2014-12-29,LE1604,153.0,153.9,153.0,153.65,96.0,,活牛1604,395.0,153.65,153.65
2014-12-30,LE1604,154.0,154.0,152.5,153.65,20.0,,活牛1604,449.0,153.65,153.65
2014-12-31,LE1604,154.5,154.5,153.0,154.35,23.0,,活牛1604,462.0,154.35,154.35
2015-01-02,LE1604,155.0,155.375,155.0,155.1,80.0,,活牛1604,463.0,155.225,155.1
2015-01-05,LE1604,156.0,156.5,155.575,156.0,47.0,,活牛1604,479.0,156.4,156.0
2015-01-06,LE1604,156.25,156.25,154.5,155.5,21.0,,活牛1604,490.0,155.5,155.5
2015-01-07,LE1604,154.7,154.775,154.15,154.25,20.0,,活牛1604,506.0,154.15,154.25
2015-01-08,LE1604,154.75,155.0,152.75,153.8,80.0,,活牛1604,506.0,153.45,153.8
2015-01-09,LE1604,151.925,152.675,150.475,150.65,92.0,,活牛1604,543.0,150.65,150.65
2015-01-12,LE1604,150.85,152.025,150.85,151.0,48.0,,活牛1604,578.0,151.2,151.0
2015-01-13,LE1604,151.35,151.5,149.15,150.1,128.0,,活牛1604,592.0,150.0,150.1
2015-01-14,LE1604,149.6,150.0,148.05,149.4,50.0,,活牛1604,657.0,149.2,149.4
2015-01-15,LE1604,149.5,149.85,147.7,148.3,28.0,,活牛1604,666.0,148.3,148.3
2015-01-16,LE1604,147.0,148.9,146.9,148.45,56.0,,活牛1604,676.0,148.45,148.45
2015-01-20,LE1604,146.675,147.15,145.45,147.05,30.0,,活牛1604,669.0,147.05,147.05
2015-01-21,LE1604,146.425,148.0,146.3,147.9,63.0,,活牛1604,677.0,148.0,147.9
2015-01-22,LE1604,148.85,149.25,148.1,148.15,27.0,,活牛1604,670.0,148.15,148.15
2015-01-23,LE1604,146.9,146.9,145.725,145.8,57.0,,活牛1604,684.0,146.0,145.8
2015-01-26,LE1604,146.0,146.85,144.0,145.55,45.0,,活牛1604,695.0,145.95,145.55
2015-01-27,LE1604,146.35,148.75,146.35,148.0,54.0,,活牛1604,716.0,148.75,148.0
2015-01-28,LE1604,148.75,148.75,147.8,148.6,44.0,,活牛1604,733.0,148.6,148.6
2015-01-29,LE1604,148.675,148.85,147.0,147.5,40.0,,活牛1604,745.0,147.5,147.5
2015-01-30,LE1604,147.0,148.75,147.0,148.75,48.0,,活牛1604,755.0,148.7,148.75
2015-02-02,LE1604,147.5,147.5,145.825,146.3,33.0,,活牛1604,772.0,146.1,146.3
2015-02-03,LE1604,146.0,146.5,144.6,146.2,59.0,,活牛1604,775.0,146.4,146.2
2015-02-04,LE1604,146.0,146.0,144.675,145.5,46.0,,活牛1604,775.0,145.1,145.5
2015-02-05,LE1604,144.975,145.325,143.975,145.0,104.0,,活牛1604,783.0,145.325,145.0
2015-02-06,LE1604,146.0,147.025,145.375,146.4,74.0,,活牛1604,802.0,147.0,146.4
2015-02-09,LE1604,147.725,147.95,147.5,147.7,51.0,,活牛1604,827.0,147.925,147.7
2015-02-10,LE1604,148.15,148.15,146.85,147.0,17.0,,活牛1604,816.0,147.075,147.0
2015-02-11,LE1604,146.15,146.225,145.15,145.5,38.0,,活牛1604,815.0,145.3,145.5
2015-02-12,LE1604,145.575,145.8,144.5,145.5,105.0,,活牛1604,812.0,145.65,145.5
2015-02-13,LE1604,146.0,146.675,145.2,146.5,205.0,,活牛1604,816.0,146.5,146.5
2015-02-17,LE1604,146.5,146.5,144.7,145.3,42.0,,活牛1604,847.0,145.15,145.3
2015-02-18,LE1604,145.15,145.75,144.975,145.725,104.0,,活牛1604,868.0,145.375,145.725
2015-02-19,LE1604,145.225,145.5,144.75,145.35,15.0,,活牛1604,892.0,145.5,145.35
2015-02-20,LE1604,145.25,145.65,144.0,144.25,43.0,,活牛1604,897.0,144.225,144.25
2015-02-23,LE1604,144.225,144.35,143.0,143.85,41.0,,活牛1604,910.0,143.5,143.85
2015-02-24,LE1604,142.225,143.3,142.075,142.5,48.0,,活牛1604,920.0,142.55,142.5
2015-02-25,LE1604,142.675,143.8,142.6,143.8,24.0,,活牛1604,937.0,143.675,143.8
2015-02-26,LE1604,143.8,146.025,143.8,145.4,167.0,,活牛1604,943.0,145.85,145.4
2015-02-27,LE1604,145.675,146.05,144.0,145.5,85.0,,活牛1604,1036.0,145.45,145.5
2015-03-02,LE1604,145.85,146.2,145.675,146.0,178.0,,活牛1604,1053.0,146.175,146.0
2015-03-03,LE1604,145.275,145.3,144.925,145.2,71.0,,活牛1604,1163.0,145.2,145.2
2015-03-04,LE1604,145.0,147.0,145.0,146.7,526.0,,活牛1604,1154.0,146.825,146.7
2015-03-05,LE1604,146.975,147.0,145.925,146.6,142.0,,活牛1604,1319.0,146.9,146.6
2015-03-06,LE1604,146.675,147.35,146.525,147.2,115.0,,活牛1604,1415.0,147.3,147.2
2015-03-09,LE1604,147.475,147.5,146.875,147.2,121.0,,活牛1604,1480.0,147.325,147.2
2015-03-10,LE1604,147.175,147.175,146.4,146.7,254.0,,活牛1604,1545.0,146.675,146.7
2015-03-11,LE1604,147.25,147.6,146.75,147.45,65.0,,活牛1604,1657.0,147.45,147.45
2015-03-12,LE1604,147.5,147.5,146.8,147.3,154.0,,活牛1604,1677.0,147.5,147.3
2015-03-13,LE1604,147.5,147.8,145.375,146.0,179.0,,活牛1604,1771.0,146.825,146.0
2015-03-16,LE1604,145.6,146.8,145.575,146.7,49.0,,活牛1604,1858.0,146.775,146.7
2015-03-17,LE1604,146.875,147.15,146.2,146.9,53.0,,活牛1604,1876.0,146.8,146.9
2015-03-18,LE1604,146.6,148.5,146.6,148.5,442.0,,活牛1604,1888.0,148.4,148.5
2015-03-19,LE1604,148.25,149.0,148.0,149.0,196.0,,活牛1604,2103.0,148.925,149.0
2015-03-20,LE1604,148.625,149.0,147.9,149.0,141.0,,活牛1604,2172.0,149.0,149.0
2015-03-23,LE1604,149.025,150.45,149.025,150.3,456.0,,活牛1604,2226.0,150.225,150.3
2015-03-24,LE1604,150.05,150.6,149.625,150.6,145.0,,活牛1604,2408.0,150.5,150.6
2015-03-25,LE1604,150.2,150.5,149.675,150.35,60.0,,活牛1604,2444.0,150.25,150.35
2015-03-26,LE1604,150.4,150.5,149.85,150.0,60.0,,活牛1604,2465.0,150.0,150.0
2015-03-27,LE1604,149.85,150.5,149.75,150.3,144.0,,活牛1604,2500.0,150.45,150.3
2015-03-30,LE1604,150.5,150.625,149.55,150.55,110.0,,活牛1604,2570.0,150.575,150.55
2015-03-31,LE1604,150.1,150.75,149.775,150.05,168.0,,活牛1604,2605.0,150.075,150.05
2015-04-01,LE1604,149.9,150.25,149.1,149.9,181.0,,活牛1604,2677.0,149.9,149.9
2015-04-02,LE1604,149.9,150.225,149.525,150.1,76.0,,活牛1604,2678.0,150.1,150.1
2015-04-06,LE1604,150.75,151.0,149.2,149.6,133.0,,活牛1604,2699.0,149.6,149.6
2015-04-07,LE1604,149.15,149.725,148.1,149.6,222.0,,活牛1604,2725.0,149.65,149.6
2015-04-08,LE1604,149.575,149.825,148.975,149.5,98.0,,活牛1604,2757.0,149.425,149.5
2015-04-09,LE1604,149.5,149.95,149.375,149.8,79.0,,活牛1604,2775.0,149.7,149.8
2015-04-10,LE1604,149.2,149.3,147.25,147.9,373.0,,活牛1604,2792.0,148.125,147.9
2015-04-13,LE1604,147.3,148.225,147.1,148.0,76.0,,活牛1604,2958.0,148.125,148.0
2015-04-14,LE1604,148.5,149.15,147.95,148.9,117.0,,活牛1604,2995.0,148.8,148.9
2015-04-15,LE1604,148.75,149.8,148.75,149.65,99.0,,活牛1604,2977.0,149.6,149.65
2015-04-16,LE1604,149.55,150.45,149.325,150.4,176.0,,活牛1604,3006.0,150.375,150.4
2015-04-17,LE1604,150.35,150.7,147.7,148.15,612.0,,活牛1604,3120.0,148.6,148.15
2015-04-20,LE1604,148.1,148.1,146.05,146.4,503.0,,活牛1604,3334.0,146.3,146.4
2015-04-21,LE1604,146.45,147.35,146.275,147.35,169.0,,活牛1604,3522.0,147.325,147.35
2015-04-22,LE1604,146.925,147.175,146.175,146.6,129.0,,活牛1604,3532.0,146.675,146.6
2015-04-23,LE1604,147.1,149.425,146.6,149.2,319.0,,活牛1604,3541.0,149.275,149.2
2015-04-24,LE1604,148.6,150.625,148.425,150.5,465.0,,活牛1604,3642.0,150.525,150.5
2015-04-27,LE1604,148.9,150.65,148.85,150.65,112.0,,活牛1604,3733.0,149.725,150.65
2015-04-28,LE1604,149.4,150.35,149.4,150.05,136.0,,活牛1604,3798.0,150.05,150.05
2015-04-29,LE1604,150.325,150.325,149.525,150.05,127.0,,活牛1604,3823.0,150.1,150.05
2015-04-30,LE1604,150.2,150.4,148.0,149.8,324.0,,活牛1604,3820.0,149.8,149.8
2015-05-01,LE1604,149.5,150.3,149.1,149.9,406.0,,活牛1604,3879.0,149.775,149.9
2015-05-04,LE1604,150.35,151.0,150.075,150.9,172.0,,活牛1604,4055.0,150.85,150.9
2015-05-05,LE1604,150.75,151.3,149.9,151.3,269.0,,活牛1604,4136.0,151.25,151.3
2015-05-06,LE1604,150.975,151.0,150.35,150.85,318.0,,活牛1604,4268.0,150.85,150.85
2015-05-07,LE1604,150.5,150.775,150.225,150.4,237.0,,活牛1604,4294.0,150.375,150.4
2015-05-08,LE1604,150.825,152.0,150.55,152.0,696.0,,活牛1604,4424.0,151.95,152.0
2015-05-11,LE1604,152.0,152.7,150.725,151.25,790.0,,活牛1604,4523.0,151.075,151.25
2015-05-12,LE1604,151.0,151.725,150.0,151.7,638.0,,活牛1604,4539.0,151.575,151.7
2015-05-13,LE1604,151.5,152.575,151.075,152.45,558.0,,活牛1604,4841.0,152.475,152.45
2015-05-14,LE1604,152.75,153.875,152.725,153.5,1012.0,,活牛1604,4865.0,153.525,153.5
2015-05-15,LE1604,153.7,153.7,151.775,152.6,341.0,,活牛1604,5085.0,152.55,152.6
2015-05-18,LE1604,152.175,152.275,151.525,152.1,226.0,,活牛1604,5120.0,152.1,152.1
2015-05-19,LE1604,151.925,152.625,151.375,152.6,211.0,,活牛1604,5154.0,152.55,152.6
2015-05-20,LE1604,152.15,153.125,151.825,152.45,554.0,,活牛1604,5220.0,152.2,152.45
2015-05-21,LE1604,152.95,153.4,152.45,153.275,334.0,,活牛1604,5341.0,152.95,153.275
2015-05-22,LE1604,152.65,153.475,152.5,153.3,483.0,,活牛1604,5457.0,153.3,153.3
2015-05-26,LE1604,153.6,153.8,153.05,153.6,307.0,,活牛1604,5538.0,153.475,153.6
2015-05-27,LE1604,153.225,154.0,152.675,153.9,315.0,,活牛1604,5632.0,153.9,153.9
2015-05-28,LE1604,154.0,155.0,154.0,154.7,835.0,,活牛1604,5757.0,154.45,154.7
2015-05-29,LE1604,154.45,154.875,153.4,153.85,449.0,,活牛1604,5913.0,153.525,153.85
2015-06-01,LE1604,153.5,154.5,153.5,154.5,533.0,,活牛1604,5860.0,154.475,154.5
2015-06-02,LE1604,154.15,154.475,153.575,154.45,628.0,,活牛1604,6012.0,154.425,154.45
2015-06-03,LE1604,154.0,154.0,153.0,153.25,602.0,,活牛1604,6107.0,153.25,153.25
2015-06-04,LE1604,152.875,153.85,152.825,153.65,896.0,,活牛1604,6230.0,153.65,153.65
2015-06-05,LE1604,153.575,153.925,152.425,153.05,738.0,,活牛1604,6554.0,153.05,153.05
2015-06-08,LE1604,153.025,154.1,152.875,154.0,1011.0,,活牛1604,6790.0,154.0,154.0
2015-06-09,LE1604,153.75,154.5,153.5,154.425,1125.0,,活牛1604,7046.0,154.425,154.425
2015-06-10,LE1604,154.425,154.95,154.325,154.6,801.0,,活牛1604,7556.0,154.6,154.6
2015-06-11,LE1604,154.45,154.825,153.6,154.0,712.0,,活牛1604,7745.0,153.9,154.0
2015-06-12,LE1604,153.375,153.625,151.5,152.35,463.0,,活牛1604,7892.0,152.25,152.35
2015-06-15,LE1604,152.125,152.6,151.875,152.4,564.0,,活牛1604,7988.0,152.525,152.4
2015-06-16,LE1604,152.6,153.25,152.3,153.0,1202.0,,活牛1604,8133.0,152.95,153.0
2015-06-17,LE1604,152.725,152.85,151.95,152.7,341.0,,活牛1604,8495.0,152.65,152.7
2015-06-18,LE1604,152.375,152.65,152.0,152.35,774.0,,活牛1604,8518.0,152.3,152.35
2015-06-19,LE1604,152.25,153.75,151.975,153.5,605.0,,活牛1604,8687.0,153.425,153.5
2015-06-22,LE1604,153.25,155.1,153.15,154.9,843.0,,活牛1604,8845.0,154.925,154.9
2015-06-23,LE1604,154.275,155.1,154.275,154.6,488.0,,活牛1604,8852.0,154.7,154.6
2015-06-24,LE1604,154.75,154.75,153.1,153.3,313.0,,活牛1604,8993.0,153.175,153.3
2015-06-25,LE1604,153.1,153.1,151.25,151.8,605.0,,活牛1604,8946.0,151.875,151.8
2015-06-26,LE1604,151.475,152.65,151.05,151.7,427.0,,活牛1604,8961.0,151.725,151.7
2015-06-29,LE1604,151.5,152.825,151.025,152.35,332.0,,活牛1604,9137.0,152.375,152.35
2015-06-30,LE1604,152.2,152.625,150.85,151.15,988.0,,活牛1604,9149.0,151.275,151.15
2015-07-01,LE1604,151.4,154.0,151.4,153.8,784.0,,活牛1604,8804.0,153.7,153.8
2015-07-02,LE1604,153.8,154.1,153.05,154.1,1354.0,,活牛1604,8999.0,154.0,154.1
2015-07-06,LE1604,153.7,154.15,152.875,153.625,1125.0,,活牛1604,9292.0,153.975,153.625
2015-07-07,LE1604,153.45,154.25,152.975,153.925,1322.0,,活牛1604,9377.0,153.975,153.925
2015-07-08,LE1604,153.975,154.475,151.95,152.6,1077.0,,活牛1604,9445.0,152.95,152.6
2015-07-09,LE1604,152.975,153.525,151.425,151.975,1353.0,,活牛1604,9627.0,152.1,151.975
2015-07-10,LE1604,151.975,152.15,151.125,151.475,1754.0,,活牛1604,9987.0,151.575,151.475
2015-07-13,LE1604,151.45,152.0,150.975,151.45,1373.0,,活牛1604,10296.0,151.55,151.45
2015-07-14,LE1604,151.425,152.55,150.775,152.025,1230.0,,活牛1604,10514.0,152.325,152.025
2015-07-15,LE1604,152.125,152.475,151.55,151.95,575.0,,活牛1604,10510.0,152.2,151.95
2015-07-16,LE1604,152.0,152.0,150.725,150.975,1159.0,,活牛1604,10613.0,151.05,150.975
2015-07-17,LE1604,151.05,152.4,150.475,151.225,2246.0,,活牛1604,10823.0,151.0,151.225
2015-07-20,LE1604,151.05,151.2,150.45,150.525,676.0,,活牛1604,11402.0,150.675,150.525
2015-07-21,LE1604,150.5,150.525,149.325,149.375,2413.0,,活牛1604,11472.0,149.675,149.375
2015-07-22,LE1604,149.375,150.025,148.45,148.45,1122.0,,活牛1604,11770.0,148.9,148.45
2015-07-23,LE1604,148.5,149.075,147.225,147.25,1542.0,,活牛1604,11959.0,147.475,147.25
2015-07-24,LE1604,147.2,147.7,146.5,146.9,1412.0,,活牛1604,11875.0,147.15,146.9
2015-07-27,LE1604,146.7,146.85,145.65,145.75,1117.0,,活牛1604,11782.0,145.825,145.75
2015-07-28,LE1604,146.0,148.0,145.775,147.425,1825.0,,活牛1604,12200.0,147.675,147.425
2015-07-29,LE1604,147.65,148.225,147.175,147.525,1018.0,,活牛1604,12731.0,147.75,147.525
2015-07-30,LE1604,147.5,148.2,146.975,147.1,2288.0,,活牛1604,12855.0,147.175,147.1
2015-07-31,LE1604,147.325,147.925,146.4,146.975,1536.0,,活牛1604,13452.0,146.65,146.975
2015-08-03,LE1604,147.65,148.95,147.65,147.975,2016.0,,活牛1604,13943.0,148.025,147.975
2015-08-04,LE1604,148.225,148.575,147.675,147.9,2725.0,,活牛1604,14177.0,148.25,147.9
2015-08-05,LE1604,148.25,148.25,147.7,147.925,2644.0,,活牛1604,14840.0,148.05,147.925
2015-08-06,LE1604,148.175,148.75,147.7,147.875,3645.0,,活牛1604,15544.0,148.125,147.875
2015-08-07,LE1604,148.175,148.25,147.575,147.575,4515.0,,活牛1604,16882.0,147.875,147.575
2015-08-10,LE1604,148.525,148.9,148.175,148.425,2773.0,,活牛1604,18740.0,148.575,148.425
2015-08-11,LE1604,148.0,148.675,148.0,148.55,2557.0,,活牛1604,19745.0,148.525,148.55
2015-08-12,LE1604,148.725,149.025,146.7,147.55,4148.0,,活牛1604,20823.0,147.475,147.55
2015-08-13,LE1604,147.825,147.825,146.425,147.6,2706.0,,活牛1604,21896.0,147.575,147.6
2015-08-14,LE1604,147.675,147.875,146.175,147.45,2234.0,,活牛1604,22714.0,147.325,147.45
2015-08-17,LE1604,147.125,147.625,146.325,147.35,2308.0,,活牛1604,22947.0,147.425,147.35
2015-08-18,LE1604,147.225,147.9,146.925,147.6,1319.0,,活牛1604,22845.0,147.75,147.6
2015-08-19,LE1604,147.4,147.9,145.8,146.05,3367.0,,活牛1604,22749.0,146.35,146.05
2015-08-20,LE1604,146.3,147.3,145.725,146.275,2367.0,,活牛1604,22708.0,146.975,146.275
2015-08-21,LE1604,146.4,146.875,144.3,144.425,3165.0,,活牛1604,22697.0,144.75,144.425
2015-08-24,LE1604,142.95,143.675,142.15,142.475,4621.0,,活牛1604,22904.0,142.9,142.475
2015-08-25,LE1604,143.075,144.025,142.375,142.375,2586.0,,活牛1604,22982.0,142.9,142.375
2015-08-26,LE1604,142.65,143.15,140.525,142.45,3977.0,,活牛1604,23252.0,141.575,142.45
2015-08-27,LE1604,142.525,143.975,142.375,143.625,3326.0,,活牛1604,23581.0,143.75,143.625
2015-08-28,LE1604,143.75,144.975,143.6,144.75,4244.0,,活牛1604,23880.0,144.675,144.75
2015-08-31,LE1604,144.375,145.15,143.4,143.4,3629.0,,活牛1604,25060.0,143.65,143.4
2015-09-01,LE1604,143.225,143.3,141.5,141.525,3616.0,,活牛1604,25805.0,142.0,141.525
2015-09-02,LE1604,142.0,142.625,140.75,141.9,3348.0,,活牛1604,26150.0,142.1,141.9
2015-09-03,LE1604,142.1,143.1,142.1,142.3,4670.0,,活牛1604,26744.0,142.675,142.3
2015-09-04,LE1604,142.2,142.25,141.375,141.775,3802.0,,活牛1604,28096.0,141.775,141.775
2015-09-08,LE1604,142.475,144.775,141.875,144.55,5087.0,,活牛1604,28684.0,144.45,144.55
2015-09-09,LE1604,144.8,145.325,143.7,143.9,4877.0,,活牛1604,29679.0,144.1,143.9
2015-09-10,LE1604,143.875,144.45,143.3,143.375,4040.0,,活牛1604,30592.0,143.625,143.375
2015-09-11,LE1604,143.325,143.325,141.25,141.825,4023.0,,活牛1604,31326.0,141.775,141.825
2015-09-14,LE1604,141.775,142.475,141.3,141.675,2395.0,,活牛1604,30942.0,142.15,141.675
2015-09-15,LE1604,141.95,142.875,141.1,141.225,2546.0,,活牛1604,31390.0,141.425,141.225
2015-09-16,LE1604,141.375,141.375,138.45,138.65,5031.0,,活牛1604,31300.0,138.925,138.65
2015-09-17,LE1604,138.925,139.5,138.35,139.3,4598.0,,活牛1604,31239.0,139.0,139.3
2015-09-18,LE1604,139.15,139.4,137.625,138.0,3441.0,,活牛1604,31865.0,138.05,138.0
2015-09-21,LE1604,139.05,139.675,138.65,138.725,3384.0,,活牛1604,32310.0,139.0,138.725
2015-09-22,LE1604,138.5,139.6,137.5,137.5,3068.0,,活牛1604,32832.0,138.15,137.5
2015-09-23,LE1604,137.3,137.425,135.15,135.15,7739.0,,活牛1604,32901.0,135.15,135.15
2015-09-24,LE1604,132.175,136.525,131.275,134.475,12043.0,,活牛1604,32420.0,133.05,134.475
2015-09-25,LE1604,134.25,136.05,133.675,136.05,5509.0,,活牛1604,33205.0,136.05,136.05
2015-09-28,LE1604,136.5,137.125,135.675,136.6,8034.0,,活牛1604,33617.0,136.875,136.6
2015-09-29,LE1604,136.175,136.325,133.875,133.875,7824.0,,活牛1604,34628.0,133.9,133.875
2015-09-30,LE1604,133.6,135.1,131.6,132.5,17386.0,,活牛1604,35550.0,132.575,132.5
2015-10-01,LE1604,132.775,133.95,130.85,131.325,12818.0,,活牛1604,37574.0,132.425,131.325
2015-10-02,LE1604,130.8,133.8,130.8,133.525,7376.0,,活牛1604,39214.0,133.525,133.525
2015-10-05,LE1604,133.2,134.4,131.8,131.8,5834.0,,活牛1604,39269.0,132.8,131.8
2015-10-06,LE1604,132.5,135.8,131.6,135.575,10549.0,,活牛1604,38820.0,135.5,135.575
2015-10-07,LE1604,136.1,138.5,136.1,136.825,14090.0,,活牛1604,38581.0,137.3,136.825
2015-10-08,LE1604,136.85,139.075,136.2,138.175,8202.0,,活牛1604,39479.0,138.75,138.175
2015-10-09,LE1604,138.15,139.425,137.35,139.425,6080.0,,活牛1604,39265.0,139.1,139.425
2015-10-12,LE1604,139.3,140.1,138.775,139.425,6508.0,,活牛1604,39173.0,139.275,139.425
2015-10-13,LE1604,139.225,139.825,138.3,139.175,5125.0,,活牛1604,39571.0,139.0,139.175
2015-10-14,LE1604,139.15,140.225,138.225,138.575,5427.0,,活牛1604,39401.0,138.875,138.575
2015-10-15,LE1604,138.8,139.0,137.3,137.75,6230.0,,活牛1604,39693.0,137.875,137.75
2015-10-16,LE1604,137.75,140.875,137.225,140.75,7644.0,,活牛1604,40335.0,140.525,140.75
2015-10-19,LE1604,141.25,142.6,141.2,142.025,8763.0,,活牛1604,42151.0,142.0,142.025
2015-10-20,LE1604,142.1,143.425,141.3,143.15,7955.0,,活牛1604,43459.0,142.9,143.15
2015-10-21,LE1604,143.075,143.3,142.0,143.125,6927.0,,活牛1604,43412.0,143.175,143.125
2015-10-22,LE1604,142.85,144.35,142.7,144.0,6923.0,,活牛1604,43709.0,144.175,144.0
2015-10-23,LE1604,143.875,144.075,141.975,143.5,7560.0,,活牛1604,43594.0,143.8,143.5
2015-10-26,LE1604,142.35,142.85,141.675,142.35,5033.0,,活牛1604,43124.0,142.725,142.35
2015-10-27,LE1604,142.0,142.85,140.825,142.625,6812.0,,活牛1604,44378.0,141.325,142.625
2015-10-28,LE1604,142.525,144.325,142.325,144.1,11652.0,,活牛1604,44730.0,144.325,144.1
2015-10-29,LE1604,144.0,144.45,142.5,142.9,10003.0,,活牛1604,45667.0,143.15,142.9
2015-10-30,LE1604,142.825,143.025,141.95,142.05,5260.0,,活牛1604,46285.0,142.125,142.05
2015-11-02,LE1604,141.875,142.5,141.0,142.125,5955.0,,活牛1604,47381.0,142.275,142.125
2015-11-03,LE1604,142.1,142.5,140.9,141.0,6781.0,,活牛1604,48456.0,141.45,141.0
2015-11-04,LE1604,140.75,140.9,138.45,138.45,8084.0,,活牛1604,49223.0,138.45,138.45
2015-11-05,LE1604,138.2,138.375,135.35,136.325,17303.0,,活牛1604,49324.0,136.475,136.325
2015-11-06,LE1604,136.2,137.65,135.2,136.525,11806.0,,活牛1604,49816.0,136.625,136.525
2015-11-09,LE1604,136.125,136.125,133.625,133.625,7880.0,,活牛1604,49848.0,133.625,133.625
2015-11-10,LE1604,132.325,133.575,129.125,131.225,21026.0,,活牛1604,49926.0,130.35,131.225
2015-11-11,LE1604,131.5,133.35,131.275,133.35,11497.0,,活牛1604,50562.0,133.325,133.35
2015-11-12,LE1604,133.375,136.35,132.425,134.325,12573.0,,活牛1604,51375.0,134.95,134.325
2015-11-13,LE1604,134.75,135.075,131.975,132.175,9496.0,,活牛1604,53817.0,132.55,132.175
2015-11-16,LE1604,130.2,130.35,129.55,129.55,6349.0,,活牛1604,54700.0,129.55,129.55
2015-11-17,LE1604,129.525,132.55,127.8,130.325,10250.0,,活牛1604,55251.0,130.825,130.325
2015-11-18,LE1604,130.875,133.825,130.425,132.375,9589.0,,活牛1604,55473.0,133.4,132.375
2015-11-19,LE1604,133.0,133.95,132.0,132.0,7408.0,,活牛1604,56867.0,132.575,132.0
2015-11-20,LE1604,132.275,133.8,131.9,132.5,8784.0,,活牛1604,57594.0,132.75,132.5
2015-11-23,LE1604,132.0,135.35,131.8,133.1,7134.0,,活牛1604,58859.0,134.45,133.1
2015-11-24,LE1604,133.575,134.8,132.125,132.725,7026.0,,活牛1604,59569.0,133.1,132.725
2015-11-25,LE1604,133.475,134.05,133.05,133.825,7421.0,,活牛1604,60512.0,133.95,133.825
2015-11-27,LE1604,134.025,134.95,133.375,134.175,3974.0,,活牛1604,60425.0,134.125,134.175
2015-11-30,LE1604,133.825,134.425,131.675,131.75,6939.0,,活牛1604,60895.0,132.45,131.75
2015-12-01,LE1604,131.8,134.575,130.95,134.1,8683.0,,活牛1604,61001.0,134.275,134.1
2015-12-02,LE1604,133.825,134.025,131.275,131.275,8546.0,,活牛1604,60872.0,131.475,131.275
2015-12-03,LE1604,130.675,130.875,128.3,130.175,16133.0,,活牛1604,60255.0,129.675,130.175
2015-12-04,LE1604,130.0,130.675,129.25,129.55,9421.0,,活牛1604,58797.0,129.975,129.55
2015-12-07,LE1604,129.025,129.275,126.975,127.9,13684.0,,活牛1604,59493.0,128.45,127.9
2015-12-08,LE1604,127.925,129.9,126.3,126.75,9509.0,,活牛1604,59866.0,128.05,126.75
2015-12-09,LE1604,126.625,127.875,125.05,125.05,12339.0,,活牛1604,59034.0,125.625,125.05
2015-12-10,LE1604,124.95,128.35,124.05,127.1,12311.0,,活牛1604,59535.0,127.65,127.1
2015-12-11,LE1604,127.3,128.45,126.0,127.15,11068.0,,活牛1604,59650.0,127.35,127.15
2015-12-14,LE1604,126.975,127.55,124.35,124.35,8524.0,,活牛1604,59475.0,125.3,124.35
2015-12-15,LE1604,125.025,127.775,124.55,125.775,9280.0,,活牛1604,59344.0,126.3,125.775
2015-12-16,LE1604,126.325,126.575,125.275,125.425,5523.0,,活牛1604,59566.0,126.05,125.425
2015-12-17,LE1604,125.025,125.8,123.05,125.25,17238.0,,活牛1604,60139.0,124.175,125.25
2015-12-18,LE1604,126.0,127.175,125.975,127.175,6645.0,,活牛1604,59271.0,127.175,127.175
2015-12-21,LE1604,131.0,131.675,130.3,130.475,13133.0,,活牛1604,59908.0,131.575,130.475
2015-12-22,LE1604,130.85,133.6,130.475,133.225,16346.0,,活牛1604,60360.0,133.125,133.225
2015-12-23,LE1604,133.5,136.125,133.4,136.125,18747.0,,活牛1604,62252.0,135.9,136.125
2015-12-24,LE1604,135.9,138.175,135.175,137.425,11607.0,,活牛1604,65490.0,138.025,137.425
2015-12-28,LE1604,138.0,138.375,136.7,137.25,8014.0,,活牛1604,67869.0,137.375,137.25
2015-12-29,LE1604,137.1,137.275,136.125,136.55,6116.0,,活牛1604,68483.0,136.675,136.55
2015-12-30,LE1604,136.625,138.95,136.4,138.125,11581.0,,活牛1604,69194.0,138.05,138.125
2015-12-31,LE1604,137.975,138.275,137.125,137.475,6141.0,,活牛1604,71301.0,137.975,137.475
2016-01-04,LE1604,136.9,138.55,135.825,137.85,11961.0,,活牛1604,72606.0,137.425,137.85
2016-01-05,LE1604,137.7,138.3,136.725,137.25,11690.0,,活牛1604,72691.0,137.35,137.25
2016-01-06,LE1604,136.75,137.75,136.1,137.4,11407.0,,活牛1604,73826.0,137.3,137.4
2016-01-07,LE1604,136.45,136.8,134.3,134.3,17400.0,,活牛1604,74935.0,134.3,134.3
2016-01-08,LE1604,134.475,135.9,133.375,133.7,23450.0,,活牛1604,76969.0,133.825,133.7
2016-01-11,LE1604,133.0,133.9,132.45,132.85,21727.0,,活牛1604,80961.0,133.05,132.85
2016-01-12,LE1604,133.45,134.25,131.875,133.125,20148.0,,活牛1604,85488.0,132.7,133.125
2016-01-13,LE1604,133.575,133.975,132.025,132.65,23388.0,,活牛1604,89562.0,133.025,132.65
2016-01-14,LE1604,132.8,133.1,130.7,130.725,28594.0,,活牛1604,96248.0,131.5,130.725
2016-01-15,LE1604,130.2,130.25,128.5,128.5,18553.0,,活牛1604,102254.0,128.5,128.5
2016-01-19,LE1604,129.075,130.8,128.55,129.575,23767.0,,活牛1604,104679.0,130.15,129.575
2016-01-20,LE1604,129.0,129.5,127.15,128.525,23864.0,,活牛1604,105612.0,128.175,128.525
2016-01-21,LE1604,129.4,131.175,129.1,130.75,22319.0,,活牛1604,108107.0,131.175,130.75
2016-01-22,LE1604,131.6,134.0,131.25,133.85,25274.0,,活牛1604,109223.0,133.075,133.85
2016-01-25,LE1604,133.7,134.0,131.25,131.825,20930.0,,活牛1604,109995.0,132.225,131.825
2016-01-26,LE1604,132.175,133.725,131.95,133.025,20586.0,,活牛1604,111306.0,133.4,133.025
2016-01-27,LE1604,133.4,135.45,133.325,134.975,27167.0,,活牛1604,112210.0,135.25,134.975
2016-01-28,LE1604,134.75,135.25,134.15,135.25,21647.0,,活牛1604,112817.0,134.525,135.25
2016-01-29,LE1604,135.125,136.125,132.55,133.325,34219.0,,活牛1604,114135.0,134.0,133.325
2016-02-01,LE1604,134.475,134.925,133.2,134.6,20301.0,,活牛1604,115985.0,134.425,134.6
2016-02-02,LE1604,134.4,135.075,134.1,134.85,14532.0,,活牛1604,115835.0,134.75,134.85
2016-02-03,LE1604,134.975,136.45,134.8,135.85,22756.0,,活牛1604,117082.0,135.75,135.85
2016-02-04,LE1604,135.7,136.725,135.225,135.55,21684.0,,活牛1604,118442.0,135.65,135.55
2016-02-05,LE1604,135.425,135.575,133.875,134.075,22568.0,,活牛1604,119948.0,134.4,134.075
2016-02-08,LE1604,133.0,133.1,131.4,131.4,21741.0,,活牛1604,120743.0,131.4,131.4
2016-02-09,LE1604,130.4,132.3,130.4,131.975,23132.0,,活牛1604,122533.0,131.15,131.975
2016-02-10,LE1604,131.9,132.975,131.25,131.575,18294.0,,活牛1604,122031.0,131.8,131.575
2016-02-11,LE1604,130.85,130.9,128.8,129.8,36803.0,,活牛1604,123081.0,129.525,129.8
2016-02-12,LE1604,130.0,130.875,128.6,129.15,17876.0,,活牛1604,124205.0,129.125,129.15
2016-02-16,LE1604,129.25,132.125,128.625,132.125,20872.0,,活牛1604,124361.0,132.125,132.125
2016-02-17,LE1604,132.625,134.25,132.325,133.05,25402.0,,活牛1604,123270.0,133.425,133.05
2016-02-18,LE1604,133.525,134.875,133.1,134.375,19886.0,,活牛1604,120762.0,134.375,134.375
2016-02-19,LE1604,134.2,134.825,133.275,134.4,16346.0,,活牛1604,121455.0,133.95,134.4
2016-02-22,LE1604,134.3,135.7,133.975,134.45,23055.0,,活牛1604,120464.0,134.625,134.45
2016-02-23,LE1604,134.65,136.125,134.15,135.575,19619.0,,活牛1604,120079.0,135.5,135.575
2016-02-24,LE1604,135.4,136.55,134.775,136.05,18597.0,,活牛1604,120635.0,136.15,136.05
2016-02-25,LE1604,136.2,137.875,136.1,137.45,24381.0,,活牛1604,119460.0,137.35,137.45
2016-02-26,LE1604,137.525,138.4,136.875,137.225,23288.0,,活牛1604,118936.0,137.0,137.225
2016-02-29,LE1604,137.325,137.6,136.625,136.9,16728.0,,活牛1604,118513.0,136.975,136.9
2016-03-01,LE1604,136.65,137.475,135.925,137.15,18146.0,,活牛1604,118005.0,137.1,137.15
2016-03-02,LE1604,136.875,137.375,136.0,136.375,17293.0,,活牛1604,117582.0,136.3,136.375
2016-03-03,LE1604,136.4,136.4,134.925,135.625,22756.0,,活牛1604,114899.0,135.45,135.625
2016-03-04,LE1604,135.55,136.775,135.075,136.425,19395.0,,活牛1604,113287.0,136.35,136.425
2016-03-07,LE1604,135.75,136.725,134.8,135.925,21577.0,,活牛1604,111723.0,135.95,135.925
2016-03-08,LE1604,135.95,137.875,135.175,137.2,29389.0,,活牛1604,106906.0,137.125,137.2
2016-03-09,LE1604,137.075,137.4,136.5,137.0,19528.0,,活牛1604,101801.0,136.775,137.0
2016-03-10,LE1604,137.5,138.625,137.275,138.375,22439.0,,活牛1604,97305.0,138.3,138.375
2016-03-11,LE1604,138.75,141.125,138.425,139.775,33906.0,,活牛1604,94333.0,139.8,139.775
2016-03-14,LE1604,139.45,139.975,139.075,139.25,14755.0,,活牛1604,88303.0,139.3,139.25
2016-03-15,LE1604,139.5,140.9,139.35,140.675,17379.0,,活牛1604,84979.0,140.725,140.675
2016-03-16,LE1604,140.8,141.85,140.425,141.575,15260.0,,活牛1604,83260.0,141.55,141.575
2016-03-17,LE1604,141.25,141.9,140.6,141.15,12579.0,,活牛1604,79406.0,141.15,141.15
2016-03-18,LE1604,140.75,140.95,139.3,139.35,13372.0,,活牛1604,75888.0,139.825,139.35
2016-03-21,LE1604,139.4,139.625,138.075,138.175,12059.0,,活牛1604,72515.0,138.35,138.175
2016-03-22,LE1604,137.5,138.15,135.375,136.425,20889.0,,活牛1604,68592.0,136.425,136.425
2016-03-23,LE1604,136.625,137.075,135.05,135.075,10122.0,,活牛1604,63191.0,135.45,135.075
2016-03-24,LE1604,135.375,136.525,134.8,135.975,11717.0,,活牛1604,60678.0,135.85,135.975
2016-03-28,LE1604,135.95,136.475,134.75,134.75,19205.0,,活牛1604,57925.0,135.1,134.75
2016-03-29,LE1604,135.15,135.8,134.075,134.65,18334.0,,活牛1604,53290.0,134.85,134.65
2016-03-30,LE1604,135.05,135.175,132.225,132.325,17723.0,,活牛1604,48599.0,132.35,132.325
2016-03-31,LE1604,132.325,133.375,131.025,132.825,19090.0,,活牛1604,43638.0,132.925,132.825
2016-04-01,LE1604,133.15,133.75,132.2,133.0,11359.0,,活牛1604,38275.0,132.975,133.0
2016-04-04,LE1604,133.575,134.25,132.75,132.9,7112.0,,活牛1604,29134.0,133.2,132.9
2016-04-05,LE1604,133.25,133.5,130.2,130.2,6375.0,,活牛1604,27555.0,130.675,130.2
2016-04-06,LE1604,131.175,132.975,130.95,131.75,4915.0,,活牛1604,26378.0,132.075,131.75
2016-04-07,LE1604,131.875,132.8,130.675,132.2,5020.0,,活牛1604,24742.0,132.425,132.2
2016-04-08,LE1604,133.2,134.5,133.2,134.5,2875.0,,活牛1604,23581.0,134.375,134.5
2016-04-11,LE1604,134.8,135.225,133.775,133.775,3219.0,,活牛1604,22923.0,134.075,133.775
2016-04-12,LE1604,133.95,134.375,133.275,133.4,4011.0,,活牛1604,21691.0,133.525,133.4
2016-04-13,LE1604,133.9,134.3,131.675,131.8,4799.0,,活牛1604,19779.0,132.175,131.8
2016-04-14,LE1604,132.35,132.575,131.3,131.675,4625.0,,活牛1604,17869.0,131.75,131.675
2016-04-15,LE1604,132.025,132.325,131.375,131.425,4840.0,,活牛1604,15964.0,131.475,131.425
2016-04-18,LE1604,131.45,131.45,128.475,128.475,4931.0,,活牛1604,13843.0,128.475,128.475
2016-04-19,LE1604,127.925,128.5,126.425,127.3,4220.0,,活牛1604,12433.0,127.325,127.3
2016-04-20,LE1604,127.325,127.775,125.975,126.025,2325.0,,活牛1604,10548.0,126.3,126.025
2016-04-21,LE1604,126.3,127.475,125.475,126.625,2840.0,,活牛1604,9507.0,126.5,126.625
2016-04-22,LE1604,126.925,127.1,124.375,124.425,3330.0,,活牛1604,8088.0,124.725,124.425
2016-04-25,LE1604,125.05,125.725,124.15,125.325,2300.0,,活牛1604,6146.0,125.55,125.325
2016-04-26,LE1604,125.925,127.275,125.8,126.9,2220.0,,活牛1604,4628.0,126.8,126.9
2016-04-27,LE1604,127.025,127.675,125.2,126.225,2077.0,,活牛1604,3125.0,126.0,126.225
2016-04-28,LE1604,125.4,125.7,122.5,122.5,1919.0,,活牛1604,1793.0,122.85,122.5
2016-04-29,LE1604,122.85,125.475,122.0,122.0,492.0,,活牛1604,420.0,123.1,122.0
