date,symbol,open,high,low,close,volume,amount,name,openinterest,settleprice,price
2015-01-02,LE1606,,,,151.25,0.0,,活牛1606,0.0,151.25,151.25
2015-01-05,LE1606,151.5,151.5,151.0,151.0,3.0,,活牛1606,0.0,151.0,151.0
2015-01-06,LE1606,,,,150.5,0.0,,活牛1606,3.0,150.1,150.5
2015-01-07,LE1606,149.625,149.9,149.0,149.75,3.0,,活牛1606,3.0,149.0,149.75
2015-01-08,LE1606,149.0,149.0,149.0,149.0,13.0,,活牛1606,6.0,149.0,149.0
2015-01-09,LE1606,,,,147.0,3.0,,活牛1606,16.0,147.0,147.0
2015-01-12,LE1606,,,,146.25,0.0,,活牛1606,16.0,146.25,146.25
2015-01-13,LE1606,146.0,146.0,145.8,146.0,32.0,,活牛1606,16.0,146.0,146.0
2015-01-14,LE1606,145.5,145.5,144.475,145.45,6.0,,活牛1606,47.0,144.825,145.45
2015-01-15,LE1606,,,,143.725,0.0,,活牛1606,53.0,143.725,143.725
2015-01-16,LE1606,142.6,143.8,142.6,143.625,22.0,,活牛1606,53.0,143.625,143.625
2015-01-20,LE1606,140.925,140.925,140.925,140.925,20.0,,活牛1606,63.0,140.925,140.925
2015-01-21,LE1606,,,,141.25,7.0,,活牛1606,73.0,141.25,141.25
2015-01-22,LE1606,143.8,143.8,141.4,141.4,10.0,,活牛1606,73.0,142.5,141.4
2015-01-23,LE1606,,,,141.4,16.0,,活牛1606,76.0,141.4,141.4
2015-01-26,LE1606,138.15,139.75,138.15,139.75,9.0,,活牛1606,79.0,139.75,139.75
2015-01-27,LE1606,140.65,141.4,140.65,141.4,2.0,,活牛1606,88.0,141.4,141.4
2015-01-28,LE1606,,,,141.5,1.0,,活牛1606,90.0,141.5,141.5
2015-01-29,LE1606,,,,140.7,0.0,,活牛1606,89.0,140.6,140.7
2015-01-30,LE1606,140.6,142.85,140.6,142.85,10.0,,活牛1606,89.0,142.85,142.85
2015-02-02,LE1606,140.8,140.8,139.85,140.6,7.0,,活牛1606,94.0,140.6,140.6
2015-02-03,LE1606,139.5,140.0,138.6,140.0,30.0,,活牛1606,99.0,140.0,140.0
2015-02-04,LE1606,139.0,139.2,138.0,138.9,16.0,,活牛1606,114.0,138.7,138.9
2015-02-05,LE1606,138.6,138.75,138.0,138.75,37.0,,活牛1606,119.0,138.75,138.75
2015-02-06,LE1606,139.0,140.0,139.0,139.55,24.0,,活牛1606,141.0,140.0,139.55
2015-02-09,LE1606,140.75,141.0,140.725,141.0,4.0,,活牛1606,162.0,141.0,141.0
2015-02-10,LE1606,140.5,140.5,140.25,140.25,3.0,,活牛1606,164.0,140.25,140.25
2015-02-11,LE1606,139.225,140.0,138.4,139.0,33.0,,活牛1606,164.0,138.4,139.0
2015-02-12,LE1606,138.825,138.9,138.1,138.5,55.0,,活牛1606,173.0,138.7,138.5
2015-02-13,LE1606,139.5,140.05,139.5,139.7,43.0,,活牛1606,211.0,140.0,139.7
2015-02-17,LE1606,138.2,138.75,138.0,138.75,2.0,,活牛1606,217.0,138.125,138.75
2015-02-18,LE1606,138.5,138.8,138.5,138.75,4.0,,活牛1606,218.0,138.75,138.75
2015-02-19,LE1606,138.5,138.6,138.5,138.6,1.0,,活牛1606,222.0,138.5,138.6
2015-02-20,LE1606,138.0,138.0,137.3,137.5,6.0,,活牛1606,221.0,137.3,137.5
2015-02-23,LE1606,136.825,137.575,136.025,137.0,11.0,,活牛1606,220.0,136.525,137.0
2015-02-24,LE1606,135.25,135.75,135.125,135.75,7.0,,活牛1606,224.0,135.25,135.75
2015-02-25,LE1606,136.175,137.0,136.175,136.5,10.0,,活牛1606,229.0,136.65,136.5
2015-02-26,LE1606,138.0,138.5,138.0,138.5,5.0,,活牛1606,231.0,138.5,138.5
2015-02-27,LE1606,139.0,139.0,139.0,139.0,8.0,,活牛1606,233.0,139.0,139.0
2015-03-02,LE1606,139.275,139.375,139.25,139.25,25.0,,活牛1606,235.0,139.275,139.25
2015-03-03,LE1606,139.225,139.225,138.4,138.7,9.0,,活牛1606,254.0,138.5,138.7
2015-03-04,LE1606,139.425,140.0,139.425,139.5,51.0,,活牛1606,257.0,140.0,139.5
2015-03-05,LE1606,140.0,140.0,139.25,139.7,13.0,,活牛1606,265.0,140.0,139.7
2015-03-06,LE1606,140.0,140.0,140.0,140.0,27.0,,活牛1606,272.0,140.0,140.0
2015-03-09,LE1606,,,,140.1,5.0,,活牛1606,299.0,140.425,140.1
2015-03-10,LE1606,140.0,140.1,139.45,139.8,4.0,,活牛1606,299.0,139.45,139.8
2015-03-11,LE1606,139.925,140.15,139.9,140.15,2.0,,活牛1606,299.0,140.15,140.15
2015-03-12,LE1606,139.9,140.1,139.9,140.05,2.0,,活牛1606,301.0,140.1,140.05
2015-03-13,LE1606,139.85,140.475,138.65,138.95,7.0,,活牛1606,301.0,139.65,138.95
2015-03-16,LE1606,138.925,139.3,138.35,139.0,17.0,,活牛1606,301.0,139.3,139.0
2015-03-17,LE1606,139.4,139.5,139.35,139.5,7.0,,活牛1606,312.0,139.35,139.5
2015-03-18,LE1606,139.25,140.95,139.25,140.6,31.0,,活牛1606,312.0,140.6,140.6
2015-03-19,LE1606,141.0,141.0,140.7,140.9,76.0,,活牛1606,323.0,141.0,140.9
2015-03-20,LE1606,140.5,141.2,140.2,141.0,24.0,,活牛1606,369.0,141.15,141.0
2015-03-23,LE1606,141.325,142.225,141.325,142.1,104.0,,活牛1606,376.0,142.225,142.1
2015-03-24,LE1606,141.725,143.0,141.725,142.75,49.0,,活牛1606,422.0,143.0,142.75
2015-03-25,LE1606,143.0,143.0,142.25,142.925,16.0,,活牛1606,462.0,143.0,142.925
2015-03-26,LE1606,142.65,142.65,142.2,142.65,14.0,,活牛1606,478.0,142.55,142.65
2015-03-27,LE1606,143.0,143.125,142.375,142.6,28.0,,活牛1606,475.0,142.65,142.6
2015-03-30,LE1606,142.35,142.9,142.25,142.75,33.0,,活牛1606,496.0,143.025,142.75
2015-03-31,LE1606,143.15,143.25,142.7,143.05,47.0,,活牛1606,518.0,143.05,143.05
2015-04-01,LE1606,143.075,143.1,142.7,142.7,43.0,,活牛1606,537.0,143.075,142.7
2015-04-02,LE1606,143.075,143.075,143.075,143.075,31.0,,活牛1606,539.0,143.075,143.075
2015-04-06,LE1606,143.475,143.725,142.15,142.55,44.0,,活牛1606,547.0,142.55,142.55
2015-04-07,LE1606,142.1,142.4,141.075,142.15,28.0,,活牛1606,562.0,142.325,142.15
2015-04-08,LE1606,142.1,142.4,141.825,142.3,13.0,,活牛1606,576.0,142.1,142.3
2015-04-09,LE1606,142.375,142.85,142.25,142.8,16.0,,活牛1606,580.0,142.725,142.8
2015-04-10,LE1606,141.4,141.4,140.5,140.6,35.0,,活牛1606,583.0,140.6,140.6
2015-04-13,LE1606,140.175,141.125,140.15,141.0,15.0,,活牛1606,595.0,141.125,141.0
2015-04-14,LE1606,142.0,142.225,141.1,141.3,55.0,,活牛1606,601.0,141.925,141.3
2015-04-15,LE1606,142.55,142.85,142.5,142.75,40.0,,活牛1606,646.0,142.75,142.75
2015-04-16,LE1606,143.25,143.6,142.925,143.35,16.0,,活牛1606,652.0,143.5,143.35
2015-04-17,LE1606,143.725,143.725,141.05,142.0,20.0,,活牛1606,665.0,141.125,142.0
2015-04-20,LE1606,140.25,140.25,139.2,139.6,29.0,,活牛1606,669.0,139.6,139.6
2015-04-21,LE1606,139.85,140.5,139.525,140.5,44.0,,活牛1606,675.0,140.5,140.5
2015-04-22,LE1606,140.0,140.45,139.6,140.0,103.0,,活牛1606,695.0,139.975,140.0
2015-04-23,LE1606,140.575,142.075,140.1,141.95,117.0,,活牛1606,697.0,141.975,141.95
2015-04-24,LE1606,141.9,144.225,141.525,143.4,160.0,,活牛1606,710.0,143.925,143.4
2015-04-27,LE1606,142.975,143.1,142.775,143.0,81.0,,活牛1606,833.0,143.0,143.0
2015-04-28,LE1606,143.5,143.7,143.25,143.25,83.0,,活牛1606,889.0,143.5,143.25
2015-04-29,LE1606,143.375,143.8,143.075,143.6,35.0,,活牛1606,961.0,143.65,143.6
2015-04-30,LE1606,143.7,143.95,141.75,143.55,60.0,,活牛1606,981.0,143.525,143.55
2015-05-01,LE1606,143.45,143.6,142.75,143.6,13.0,,活牛1606,973.0,143.6,143.6
2015-05-04,LE1606,143.925,144.25,143.825,144.25,76.0,,活牛1606,971.0,144.225,144.25
2015-05-05,LE1606,144.475,144.95,143.525,144.95,88.0,,活牛1606,986.0,144.95,144.95
2015-05-06,LE1606,144.45,144.575,143.6,144.4,126.0,,活牛1606,1038.0,144.4,144.4
2015-05-07,LE1606,144.1,144.5,143.625,144.05,35.0,,活牛1606,995.0,144.05,144.05
2015-05-08,LE1606,144.3,145.0,144.225,145.0,115.0,,活牛1606,1013.0,145.0,145.0
2015-05-11,LE1606,145.1,145.7,143.975,144.35,98.0,,活牛1606,1069.0,144.35,144.35
2015-05-12,LE1606,144.275,144.8,143.3,144.7,43.0,,活牛1606,1107.0,144.7,144.7
2015-05-13,LE1606,144.575,145.775,144.2,145.7,138.0,,活牛1606,1125.0,145.7,145.7
2015-05-14,LE1606,145.975,146.725,145.975,146.65,148.0,,活牛1606,1203.0,146.65,146.65
2015-05-15,LE1606,146.55,146.55,145.075,145.95,72.0,,活牛1606,1242.0,145.75,145.95
2015-05-18,LE1606,144.95,145.5,144.9,145.5,29.0,,活牛1606,1244.0,145.275,145.5
2015-05-19,LE1606,145.325,146.2,145.0,146.0,79.0,,活牛1606,1247.0,146.025,146.0
2015-05-20,LE1606,145.8,146.475,145.25,145.8,53.0,,活牛1606,1282.0,145.6,145.8
2015-05-21,LE1606,146.275,146.5,145.975,146.25,366.0,,活牛1606,1316.0,146.225,146.25
2015-05-22,LE1606,146.3,146.65,145.75,146.5,36.0,,活牛1606,1608.0,146.55,146.5
2015-05-26,LE1606,146.65,147.0,146.325,146.75,93.0,,活牛1606,1623.0,146.625,146.75
2015-05-27,LE1606,146.35,147.075,145.975,147.05,76.0,,活牛1606,1650.0,147.025,147.05
2015-05-28,LE1606,147.2,147.975,147.175,147.6,179.0,,活牛1606,1676.0,147.2,147.6
2015-05-29,LE1606,147.4,147.6,146.475,146.7,84.0,,活牛1606,1759.0,146.7,146.7
2015-06-01,LE1606,147.0,147.7,146.875,147.5,165.0,,活牛1606,1753.0,147.7,147.5
2015-06-02,LE1606,147.5,147.5,146.45,147.0,199.0,,活牛1606,1859.0,147.125,147.0
2015-06-03,LE1606,146.65,146.65,145.775,145.85,116.0,,活牛1606,1928.0,145.925,145.85
2015-06-04,LE1606,145.725,146.4,145.525,146.35,267.0,,活牛1606,1990.0,146.15,146.35
2015-06-05,LE1606,146.075,146.55,145.225,145.5,137.0,,活牛1606,2115.0,145.525,145.5
2015-06-08,LE1606,145.3,146.175,145.3,146.15,209.0,,活牛1606,2194.0,146.125,146.15
2015-06-09,LE1606,145.975,146.675,145.625,146.35,159.0,,活牛1606,2318.0,146.425,146.35
2015-06-10,LE1606,146.5,146.9,146.475,146.7,200.0,,活牛1606,2382.0,146.55,146.7
2015-06-11,LE1606,146.55,146.7,145.75,146.0,77.0,,活牛1606,2492.0,146.0,146.0
2015-06-12,LE1606,145.475,145.575,143.875,144.55,140.0,,活牛1606,2523.0,144.525,144.55
2015-06-15,LE1606,144.4,144.725,144.05,144.65,64.0,,活牛1606,2598.0,144.7,144.65
2015-06-16,LE1606,144.85,145.45,144.65,144.9,158.0,,活牛1606,2617.0,145.175,144.9
2015-06-17,LE1606,144.675,145.05,144.35,145.0,53.0,,活牛1606,2670.0,144.85,145.0
2015-06-18,LE1606,144.575,144.725,144.2,144.5,191.0,,活牛1606,2680.0,144.275,144.5
2015-06-19,LE1606,144.175,145.35,144.125,145.3,99.0,,活牛1606,2780.0,145.3,145.3
2015-06-22,LE1606,145.125,146.975,145.125,146.9,283.0,,活牛1606,2833.0,146.825,146.9
2015-06-23,LE1606,146.675,147.0,146.4,146.5,89.0,,活牛1606,2991.0,146.675,146.5
2015-06-24,LE1606,146.675,146.675,145.55,145.8,131.0,,活牛1606,3014.0,145.625,145.8
2015-06-25,LE1606,145.525,145.525,143.975,144.4,217.0,,活牛1606,3032.0,144.35,144.4
2015-06-26,LE1606,144.0,144.825,144.0,144.1,54.0,,活牛1606,3059.0,144.2,144.1
2015-06-29,LE1606,143.9,144.825,143.375,144.6,147.0,,活牛1606,3073.0,144.575,144.6
2015-06-30,LE1606,144.625,144.75,143.35,143.7,254.0,,活牛1606,3143.0,143.675,143.7
2015-07-01,LE1606,144.0,145.8,143.875,145.5,286.0,,活牛1606,3275.0,145.6,145.5
2015-07-02,LE1606,145.6,145.875,145.225,145.7,371.0,,活牛1606,3395.0,145.8,145.7
2015-07-06,LE1606,145.425,146.0,145.15,145.95,157.0,,活牛1606,3592.0,145.875,145.95
2015-07-07,LE1606,145.5,146.575,145.3,146.375,789.0,,活牛1606,3683.0,146.475,146.375
2015-07-08,LE1606,146.375,146.725,144.5,144.85,210.0,,活牛1606,4059.0,145.125,144.85
2015-07-09,LE1606,145.225,145.725,143.8,144.4,314.0,,活牛1606,4048.0,144.35,144.4
2015-07-10,LE1606,144.375,144.425,143.525,143.675,331.0,,活牛1606,4091.0,143.85,143.675
2015-07-13,LE1606,143.725,144.125,143.375,144.0,333.0,,活牛1606,4213.0,143.55,144.0
2015-07-14,LE1606,143.625,144.95,143.125,144.35,391.0,,活牛1606,4386.0,144.7,144.35
2015-07-15,LE1606,144.2,144.675,144.0,144.225,299.0,,活牛1606,4567.0,144.45,144.225
2015-07-16,LE1606,143.9,144.175,143.375,143.375,326.0,,活牛1606,4696.0,143.725,143.375
2015-07-17,LE1606,143.1,144.85,143.075,143.675,693.0,,活牛1606,4723.0,143.7,143.675
2015-07-20,LE1606,143.725,143.85,143.3,143.3,385.0,,活牛1606,5013.0,143.475,143.3
2015-07-21,LE1606,143.25,143.25,141.9,141.9,795.0,,活牛1606,5102.0,142.2,141.9
2015-07-22,LE1606,141.8,142.35,140.975,140.975,426.0,,活牛1606,5450.0,141.225,140.975
2015-07-23,LE1606,141.025,141.45,139.6,140.0,784.0,,活牛1606,5605.0,139.675,140.0
2015-07-24,LE1606,140.075,140.075,138.825,139.125,551.0,,活牛1606,5957.0,139.3,139.125
2015-07-27,LE1606,138.9,139.0,137.95,138.2,231.0,,活牛1606,6137.0,138.35,138.2
2015-07-28,LE1606,138.175,140.225,138.175,140.2,744.0,,活牛1606,6178.0,140.05,140.2
2015-07-29,LE1606,140.25,140.775,139.925,140.2,457.0,,活牛1606,6353.0,140.35,140.2
2015-07-30,LE1606,140.425,141.0,140.0,140.0,690.0,,活牛1606,6403.0,140.25,140.0
2015-07-31,LE1606,140.275,140.65,139.4,139.8,393.0,,活牛1606,6389.0,139.725,139.8
2015-08-03,LE1606,140.625,141.65,140.625,141.0,787.0,,活牛1606,6342.0,141.0,141.0
2015-08-04,LE1606,141.0,141.4,140.35,140.65,914.0,,活牛1606,6565.0,140.95,140.65
2015-08-05,LE1606,140.525,140.95,140.425,140.725,762.0,,活牛1606,6733.0,140.85,140.725
2015-08-06,LE1606,140.85,141.575,140.525,140.85,1963.0,,活牛1606,6928.0,141.05,140.85
2015-08-07,LE1606,140.65,141.075,140.475,140.475,969.0,,活牛1606,6651.0,140.725,140.475
2015-08-10,LE1606,141.0,141.65,141.0,141.425,1001.0,,活牛1606,6931.0,141.5,141.425
2015-08-11,LE1606,141.5,141.65,140.975,141.0,757.0,,活牛1606,6998.0,141.1,141.0
2015-08-12,LE1606,141.25,141.425,139.275,139.925,629.0,,活牛1606,7354.0,139.95,139.925
2015-08-13,LE1606,140.2,140.2,138.9,140.075,715.0,,活牛1606,7534.0,140.05,140.075
2015-08-14,LE1606,140.0,140.325,138.85,139.85,781.0,,活牛1606,7640.0,139.875,139.85
2015-08-17,LE1606,139.65,139.875,138.625,139.45,851.0,,活牛1606,7815.0,139.65,139.45
2015-08-18,LE1606,139.25,140.1,139.25,139.95,543.0,,活牛1606,8226.0,140.075,139.95
2015-08-19,LE1606,139.9,140.0,138.225,138.375,592.0,,活牛1606,8484.0,138.675,138.375
2015-08-20,LE1606,138.375,139.45,138.075,138.65,591.0,,活牛1606,8690.0,139.1,138.65
2015-08-21,LE1606,138.575,138.975,136.375,136.475,1111.0,,活牛1606,8659.0,136.825,136.475
2015-08-24,LE1606,134.8,135.725,134.3,134.65,774.0,,活牛1606,8934.0,135.025,134.65
2015-08-25,LE1606,136.1,136.175,134.6,134.6,437.0,,活牛1606,8827.0,134.9,134.6
2015-08-26,LE1606,134.85,135.25,133.0,134.625,1501.0,,活牛1606,8855.0,133.825,134.625
2015-08-27,LE1606,134.825,136.0,134.725,135.7,750.0,,活牛1606,9183.0,135.75,135.7
2015-08-28,LE1606,135.925,136.925,135.875,136.65,787.0,,活牛1606,9217.0,136.6,136.65
2015-08-31,LE1606,136.5,136.975,135.375,135.375,523.0,,活牛1606,9218.0,135.575,135.375
2015-09-01,LE1606,135.15,135.3,133.35,133.6,769.0,,活牛1606,9288.0,133.85,133.6
2015-09-02,LE1606,133.9,134.65,132.825,133.675,805.0,,活牛1606,9521.0,134.0,133.675
2015-09-03,LE1606,134.0,134.9,134.0,134.3,530.0,,活牛1606,9703.0,134.525,134.3
2015-09-04,LE1606,134.025,134.175,133.3,133.75,1403.0,,活牛1606,9758.0,133.625,133.75
2015-09-08,LE1606,134.55,136.35,133.75,136.075,2266.0,,活牛1606,10076.0,136.075,136.075
2015-09-09,LE1606,136.4,136.85,135.55,135.675,2012.0,,活牛1606,10799.0,135.9,135.675
2015-09-10,LE1606,135.65,136.1,135.175,135.25,1698.0,,活牛1606,11710.0,135.55,135.25
2015-09-11,LE1606,135.25,135.25,133.175,133.825,1008.0,,活牛1606,12245.0,133.8,133.825
2015-09-14,LE1606,133.8,134.4,133.25,133.95,687.0,,活牛1606,12351.0,134.15,133.95
2015-09-15,LE1606,133.975,134.775,133.0,133.05,761.0,,活牛1606,12496.0,133.3,133.05
2015-09-16,LE1606,133.25,133.25,130.4,130.45,909.0,,活牛1606,12671.0,130.75,130.45
2015-09-17,LE1606,130.575,131.4,130.2,131.175,1299.0,,活牛1606,12722.0,130.85,131.175
2015-09-18,LE1606,131.0,131.075,129.3,129.85,1556.0,,活牛1606,13014.0,129.8,129.85
2015-09-21,LE1606,130.5,131.2,130.15,130.15,1209.0,,活牛1606,13090.0,130.475,130.15
2015-09-22,LE1606,129.925,130.9,129.0,129.05,1014.0,,活牛1606,13157.0,129.525,129.05
2015-09-23,LE1606,128.95,128.95,126.525,126.525,3376.0,,活牛1606,13215.0,126.525,126.525
2015-09-24,LE1606,126.0,128.4,123.2,126.05,3784.0,,活牛1606,13481.0,125.05,126.05
2015-09-25,LE1606,126.675,128.05,125.55,128.05,2653.0,,活牛1606,14096.0,128.05,128.05
2015-09-28,LE1606,128.05,128.825,127.35,128.25,2530.0,,活牛1606,14419.0,128.425,128.25
2015-09-29,LE1606,127.85,127.85,125.425,125.425,2103.0,,活牛1606,14790.0,125.5,125.425
2015-09-30,LE1606,125.125,126.85,123.6,124.75,5343.0,,活牛1606,14986.0,124.65,124.75
2015-10-01,LE1606,125.55,125.825,123.6,123.95,3493.0,,活牛1606,15037.0,124.85,123.95
2015-10-02,LE1606,123.6,125.975,123.6,125.55,2551.0,,活牛1606,14857.0,125.7,125.55
2015-10-05,LE1606,125.675,126.375,124.275,124.275,2423.0,,活牛1606,15587.0,125.275,124.275
2015-10-06,LE1606,124.7,128.275,124.3,127.7,6202.0,,活牛1606,16216.0,127.675,127.7
2015-10-07,LE1606,127.975,130.35,127.975,129.05,7191.0,,活牛1606,16932.0,129.575,129.05
2015-10-08,LE1606,128.925,131.15,128.375,130.175,4278.0,,活牛1606,18343.0,130.9,130.175
2015-10-09,LE1606,130.375,131.3,129.375,131.25,3784.0,,活牛1606,19808.0,131.175,131.25
2015-10-12,LE1606,131.175,131.825,130.625,131.325,3313.0,,活牛1606,21116.0,131.275,131.325
2015-10-13,LE1606,131.15,131.625,130.225,131.1,3109.0,,活牛1606,22314.0,131.075,131.1
2015-10-14,LE1606,131.2,132.0,130.0,130.475,2551.0,,活牛1606,23444.0,130.575,130.475
2015-10-15,LE1606,130.475,130.7,128.65,129.025,3265.0,,活牛1606,23718.0,129.2,129.025
2015-10-16,LE1606,129.125,131.925,128.65,131.85,3932.0,,活牛1606,23981.0,131.625,131.85
2015-10-19,LE1606,132.25,133.25,132.25,132.775,2724.0,,活牛1606,24404.0,132.775,132.775
2015-10-20,LE1606,132.825,133.725,132.05,133.45,2812.0,,活牛1606,24336.0,133.275,133.45
2015-10-21,LE1606,133.5,133.875,132.65,133.575,2808.0,,活牛1606,24310.0,133.725,133.575
2015-10-22,LE1606,133.4,135.0,133.275,134.575,4199.0,,活牛1606,24697.0,134.75,134.575
2015-10-23,LE1606,134.475,134.55,132.625,133.975,3472.0,,活牛1606,25089.0,134.275,133.975
2015-10-26,LE1606,133.175,133.6,132.425,133.1,2040.0,,活牛1606,25296.0,133.45,133.1
2015-10-27,LE1606,132.775,133.7,131.85,133.6,2694.0,,活牛1606,25605.0,132.25,133.6
2015-10-28,LE1606,133.5,135.15,133.175,134.575,4986.0,,活牛1606,25632.0,134.9,134.575
2015-10-29,LE1606,134.575,134.9,132.975,133.75,4365.0,,活牛1606,26022.0,133.85,133.75
2015-10-30,LE1606,133.425,133.75,132.6,132.775,2341.0,,活牛1606,27063.0,132.775,132.775
2015-11-02,LE1606,132.45,133.0,131.7,132.675,2111.0,,活牛1606,27237.0,132.825,132.675
2015-11-03,LE1606,132.8,133.025,131.525,131.6,3057.0,,活牛1606,27581.0,132.0,131.6
2015-11-04,LE1606,131.525,131.525,129.0,129.0,7050.0,,活牛1606,28246.0,129.0,129.0
2015-11-05,LE1606,128.925,129.075,126.375,127.4,8517.0,,活牛1606,28640.0,127.45,127.4
2015-11-06,LE1606,127.15,128.8,126.35,128.0,5195.0,,活牛1606,28162.0,128.05,128.0
2015-11-09,LE1606,127.55,127.7,125.05,125.05,5503.0,,活牛1606,28974.0,125.05,125.05
2015-11-10,LE1606,124.525,125.85,120.55,123.025,13151.0,,活牛1606,29058.0,122.125,123.025
2015-11-11,LE1606,123.375,125.125,123.3,124.525,7724.0,,活牛1606,29402.0,124.9,124.525
2015-11-12,LE1606,124.65,127.3,123.725,125.4,7424.0,,活牛1606,30096.0,125.925,125.4
2015-11-13,LE1606,125.325,126.05,123.225,123.5,4888.0,,活牛1606,30485.0,123.8,123.5
2015-11-16,LE1606,121.6,121.8,120.8,120.9,6648.0,,活牛1606,30593.0,120.925,120.9
2015-11-17,LE1606,121.125,123.825,119.525,122.2,7096.0,,活牛1606,31395.0,122.725,122.2
2015-11-18,LE1606,122.8,125.725,122.4,124.2,6598.0,,活牛1606,32665.0,125.2,124.2
2015-11-19,LE1606,124.475,125.225,123.55,123.725,4671.0,,活牛1606,33473.0,124.25,123.725
2015-11-20,LE1606,123.825,125.125,123.375,123.85,5713.0,,活牛1606,34127.0,124.35,123.85
2015-11-23,LE1606,123.55,126.175,123.15,124.6,5305.0,,活牛1606,34716.0,125.7,124.6
2015-11-24,LE1606,124.925,126.0,123.325,124.1,3798.0,,活牛1606,34864.0,124.4,124.1
2015-11-25,LE1606,124.8,125.275,124.225,124.8,4530.0,,活牛1606,34936.0,125.05,124.8
2015-11-27,LE1606,125.075,125.775,124.375,125.15,2558.0,,活牛1606,35608.0,125.125,125.15
2015-11-30,LE1606,124.85,125.5,123.0,123.05,4070.0,,活牛1606,35753.0,123.775,123.05
2015-12-01,LE1606,123.15,126.0,122.25,125.6,6301.0,,活牛1606,36127.0,125.6,125.6
2015-12-02,LE1606,125.3,125.5,122.75,122.75,8037.0,,活牛1606,36525.0,123.525,122.75
2015-12-03,LE1606,122.5,123.2,120.75,122.3,11242.0,,活牛1606,37258.0,122.125,122.3
2015-12-04,LE1606,122.1,122.925,121.25,121.45,5408.0,,活牛1606,36750.0,121.875,121.45
2015-12-07,LE1606,120.85,121.4,119.275,119.975,8240.0,,活牛1606,36619.0,120.625,119.975
2015-12-08,LE1606,120.075,121.425,118.15,118.6,8589.0,,活牛1606,36663.0,119.725,118.6
2015-12-09,LE1606,118.45,119.575,116.75,116.875,9048.0,,活牛1606,37680.0,117.775,116.875
2015-12-10,LE1606,117.175,119.85,116.35,118.675,10893.0,,活牛1606,38742.0,119.125,118.675
2015-12-11,LE1606,118.925,119.65,117.5,118.575,8645.0,,活牛1606,38956.0,118.8,118.575
2015-12-14,LE1606,118.475,118.75,116.2,116.2,8389.0,,活牛1606,40575.0,117.25,116.2
2015-12-15,LE1606,116.95,118.95,116.3,117.325,5719.0,,活牛1606,41723.0,117.75,117.325
2015-12-16,LE1606,117.7,117.975,116.825,117.0,4733.0,,活牛1606,41891.0,117.825,117.0
2015-12-17,LE1606,116.95,117.875,115.475,117.55,12783.0,,活牛1606,42663.0,116.725,117.55
2015-12-18,LE1606,118.225,119.725,118.125,119.725,8910.0,,活牛1606,42930.0,119.725,119.725
2015-12-21,LE1606,122.0,124.0,121.475,121.65,15422.0,,活牛1606,43756.0,122.775,121.65
2015-12-22,LE1606,121.975,124.05,121.65,123.675,11832.0,,活牛1606,45414.0,123.65,123.675
2015-12-23,LE1606,123.925,125.75,123.8,125.375,12091.0,,活牛1606,47042.0,125.5,125.375
2015-12-24,LE1606,125.175,127.625,124.95,127.0,7120.0,,活牛1606,49257.0,127.45,127.0
2015-12-28,LE1606,127.5,127.6,126.275,126.925,5654.0,,活牛1606,50979.0,127.1,126.925
2015-12-29,LE1606,126.925,127.05,126.1,126.6,3596.0,,活牛1606,51303.0,126.75,126.6
2015-12-30,LE1606,126.6,128.45,126.575,128.05,5140.0,,活牛1606,51464.0,127.775,128.05
2015-12-31,LE1606,127.8,128.1,127.1,127.275,4706.0,,活牛1606,51913.0,127.8,127.275
2016-01-04,LE1606,126.975,128.575,125.675,127.775,7095.0,,活牛1606,53011.0,127.45,127.775
2016-01-05,LE1606,127.8,128.375,126.975,127.375,5109.0,,活牛1606,53835.0,127.5,127.375
2016-01-06,LE1606,126.925,127.85,126.15,127.45,6884.0,,活牛1606,54531.0,127.775,127.45
2016-01-07,LE1606,126.6,127.05,124.775,124.775,8727.0,,活牛1606,55623.0,124.775,124.775
2016-01-08,LE1606,124.875,126.25,123.725,124.025,11373.0,,活牛1606,56370.0,124.275,124.025
2016-01-11,LE1606,123.45,124.725,123.3,123.875,9305.0,,活牛1606,57929.0,124.025,123.875
2016-01-12,LE1606,124.525,125.1,123.25,124.25,9570.0,,活牛1606,59104.0,124.175,124.25
2016-01-13,LE1606,124.475,125.125,123.15,123.625,8444.0,,活牛1606,60116.0,124.275,123.625
2016-01-14,LE1606,123.75,124.35,122.0,122.0,9946.0,,活牛1606,61280.0,122.725,122.0
2016-01-15,LE1606,121.5,121.55,119.725,119.8,9768.0,,活牛1606,61891.0,119.75,119.8
2016-01-19,LE1606,120.475,122.0,119.875,121.05,10562.0,,活牛1606,62195.0,121.75,121.05
2016-01-20,LE1606,120.35,121.225,118.775,120.3,11642.0,,活牛1606,64318.0,120.05,120.3
2016-01-21,LE1606,121.1,123.05,120.75,122.4,13592.0,,活牛1606,63905.0,122.9,122.4
2016-01-22,LE1606,123.25,124.65,122.925,124.425,10495.0,,活牛1606,65567.0,123.85,124.425
2016-01-25,LE1606,124.175,124.65,122.375,122.4,7549.0,,活牛1606,66106.0,122.8,122.4
2016-01-26,LE1606,122.7,123.65,122.075,123.025,9055.0,,活牛1606,66119.0,123.375,123.025
2016-01-27,LE1606,123.3,124.7,123.25,124.2,8964.0,,活牛1606,66455.0,124.525,124.2
2016-01-28,LE1606,124.1,124.8,123.675,124.5,7256.0,,活牛1606,66035.0,123.975,124.5
2016-01-29,LE1606,124.45,125.2,122.425,122.9,13850.0,,活牛1606,65229.0,123.425,122.9
2016-02-01,LE1606,123.85,124.5,122.65,124.45,8460.0,,活牛1606,65903.0,124.2,124.45
2016-02-02,LE1606,124.15,124.9,124.05,124.65,6103.0,,活牛1606,66247.0,124.725,124.65
2016-02-03,LE1606,124.675,125.875,124.65,125.275,9776.0,,活牛1606,66714.0,125.075,125.275
2016-02-04,LE1606,125.2,125.925,124.5,124.75,9169.0,,活牛1606,67409.0,124.8,124.75
2016-02-05,LE1606,124.55,124.775,123.35,123.65,11025.0,,活牛1606,67489.0,124.05,123.65
2016-02-08,LE1606,122.8,122.85,121.05,121.05,10831.0,,活牛1606,66885.0,121.05,121.05
2016-02-09,LE1606,120.65,122.05,120.65,121.675,13260.0,,活牛1606,67285.0,120.85,121.675
2016-02-10,LE1606,121.7,122.775,121.275,121.6,10268.0,,活牛1606,66798.0,121.95,121.6
2016-02-11,LE1606,120.9,121.15,119.05,120.225,17712.0,,活牛1606,67888.0,119.975,120.225
2016-02-12,LE1606,120.4,121.25,119.2,119.625,8993.0,,活牛1606,67746.0,119.625,119.625
2016-02-16,LE1606,119.725,122.625,119.075,122.625,11923.0,,活牛1606,68048.0,122.225,122.625
2016-02-17,LE1606,122.45,123.75,122.275,122.6,10455.0,,活牛1606,68249.0,123.05,122.6
2016-02-18,LE1606,123.15,124.0,122.625,123.45,10195.0,,活牛1606,68687.0,123.45,123.45
2016-02-19,LE1606,123.375,123.9,122.575,123.475,7972.0,,活牛1606,69482.0,123.15,123.475
2016-02-22,LE1606,123.4,124.85,123.25,123.75,10148.0,,活牛1606,69624.0,123.825,123.75
2016-02-23,LE1606,123.775,125.0,123.325,124.85,9626.0,,活牛1606,69926.0,124.6,124.85
2016-02-24,LE1606,124.55,125.55,124.05,125.15,9019.0,,活牛1606,70107.0,125.275,125.15
2016-02-25,LE1606,125.225,126.475,125.1,125.9,13932.0,,活牛1606,70705.0,125.8,125.9
2016-02-26,LE1606,125.75,126.55,125.425,126.1,13328.0,,活牛1606,71220.0,125.95,126.1
2016-02-29,LE1606,125.975,126.6,125.725,126.075,10349.0,,活牛1606,73437.0,126.175,126.075
2016-03-01,LE1606,125.725,126.575,125.05,126.425,11925.0,,活牛1606,75298.0,126.35,126.425
2016-03-02,LE1606,126.1,126.7,125.45,126.0,11850.0,,活牛1606,78232.0,125.925,126.0
2016-03-03,LE1606,125.925,126.05,124.975,125.7,13622.0,,活牛1606,80179.0,125.625,125.7
2016-03-04,LE1606,125.7,126.6,125.025,126.5,13797.0,,活牛1606,82263.0,126.475,126.5
2016-03-07,LE1606,125.925,126.85,124.9,126.025,18200.0,,活牛1606,84949.0,126.075,126.025
2016-03-08,LE1606,126.05,127.5,125.3,126.775,22616.0,,活牛1606,88884.0,126.675,126.775
2016-03-09,LE1606,126.725,127.0,126.05,126.575,15249.0,,活牛1606,92378.0,126.3,126.575
2016-03-10,LE1606,126.9,127.775,126.8,127.775,16028.0,,活牛1606,94024.0,127.625,127.775
2016-03-11,LE1606,127.85,129.775,127.8,128.55,25525.0,,活牛1606,96586.0,128.55,128.55
2016-03-14,LE1606,128.7,129.125,128.05,128.825,11989.0,,活牛1606,100440.0,128.825,128.825
2016-03-15,LE1606,128.95,130.65,128.9,130.225,20430.0,,活牛1606,102295.0,130.325,130.225
2016-03-16,LE1606,130.35,130.925,129.9,130.825,15671.0,,活牛1606,103890.0,130.75,130.825
2016-03-17,LE1606,130.5,131.35,130.0,130.6,16965.0,,活牛1606,106274.0,130.7,130.6
2016-03-18,LE1606,130.275,130.45,128.575,128.675,15498.0,,活牛1606,111437.0,129.1,128.675
2016-03-21,LE1606,128.5,128.75,127.525,127.725,16258.0,,活牛1606,114310.0,127.85,127.725
2016-03-22,LE1606,127.175,127.725,124.975,126.175,27153.0,,活牛1606,118307.0,126.15,126.175
2016-03-23,LE1606,126.5,126.825,124.725,124.8,18685.0,,活牛1606,120987.0,125.1,124.8
2016-03-24,LE1606,125.125,125.925,124.325,125.425,23748.0,,活牛1606,121258.0,125.375,125.425
2016-03-28,LE1606,125.3,125.9,124.95,125.2,22268.0,,活牛1606,122376.0,125.525,125.2
2016-03-29,LE1606,125.5,126.35,124.6,125.45,25009.0,,活牛1606,125010.0,125.525,125.45
2016-03-30,LE1606,125.725,125.925,122.775,123.05,29126.0,,活牛1606,127882.0,123.075,123.05
2016-03-31,LE1606,122.9,124.7,122.275,124.1,34996.0,,活牛1606,130186.0,124.025,124.1
2016-04-01,LE1606,124.05,124.6,123.3,123.5,19721.0,,活牛1606,133945.0,123.575,123.5
2016-04-04,LE1606,123.975,124.875,123.35,123.375,15950.0,,活牛1606,134908.0,123.675,123.375
2016-04-05,LE1606,123.575,123.85,120.675,120.675,32073.0,,活牛1606,134268.0,120.75,120.675
2016-04-06,LE1606,121.2,122.9,120.95,121.55,23871.0,,活牛1606,134822.0,121.85,121.55
2016-04-07,LE1606,121.575,122.8,120.2,121.775,29976.0,,活牛1606,135526.0,122.225,121.775
2016-04-08,LE1606,122.875,124.375,122.85,124.125,20595.0,,活牛1606,137809.0,124.025,124.125
2016-04-11,LE1606,124.65,124.9,122.775,122.825,19786.0,,活牛1606,137863.0,123.225,122.825
2016-04-12,LE1606,123.2,124.075,122.45,122.75,19952.0,,活牛1606,138728.0,122.85,122.75
2016-04-13,LE1606,123.3,123.675,121.2,121.325,26223.0,,活牛1606,140627.0,121.725,121.325
2016-04-14,LE1606,121.975,122.75,121.075,121.75,17354.0,,活牛1606,140948.0,121.75,121.75
2016-04-15,LE1606,122.0,122.675,121.75,122.025,15919.0,,活牛1606,141901.0,122.175,122.025
2016-04-18,LE1606,122.0,122.175,119.175,119.175,31260.0,,活牛1606,141136.0,119.175,119.175
2016-04-19,LE1606,118.85,119.875,117.8,118.5,27072.0,,活牛1606,140352.0,118.575,118.5
2016-04-20,LE1606,118.575,119.0,116.925,117.05,26801.0,,活牛1606,139956.0,117.275,117.05
2016-04-21,LE1606,117.2,118.175,116.375,117.225,22153.0,,活牛1606,138073.0,116.9,117.225
2016-04-22,LE1606,117.025,117.2,113.9,114.45,34489.0,,活牛1606,138193.0,114.65,114.45
2016-04-25,LE1606,114.65,116.7,114.65,116.575,20295.0,,活牛1606,135260.0,116.6,116.575
2016-04-26,LE1606,117.1,118.8,116.9,118.575,22340.0,,活牛1606,134632.0,118.75,118.575
2016-04-27,LE1606,118.8,119.35,116.625,117.7,24040.0,,活牛1606,132220.0,117.8,117.7
2016-04-28,LE1606,116.85,117.325,114.8,114.8,26675.0,,活牛1606,131619.0,114.8,114.8
2016-04-29,LE1606,114.275,116.4,114.075,114.8,23787.0,,活牛1606,130808.0,114.925,114.8
2016-05-02,LE1606,114.925,116.925,114.9,116.0,20461.0,,活牛1606,129113.0,115.8,116.0
2016-05-03,LE1606,116.55,116.85,115.75,116.1,18089.0,,活牛1606,126216.0,116.375,116.1
2016-05-04,LE1606,115.55,117.7,115.05,117.675,22655.0,,活牛1606,123876.0,117.45,117.675
2016-05-05,LE1606,117.775,120.225,117.675,119.625,29904.0,,活牛1606,122481.0,119.625,119.625
2016-05-06,LE1606,119.625,120.95,119.375,120.9,29990.0,,活牛1606,119836.0,120.725,120.9
2016-05-09,LE1606,123.725,123.725,122.25,123.25,41697.0,,活牛1606,113568.0,123.3,123.25
2016-05-10,LE1606,123.375,123.85,122.85,123.45,33430.0,,活牛1606,104060.0,123.275,123.45
2016-05-11,LE1606,123.4,124.025,122.425,122.525,26606.0,,活牛1606,94931.0,122.825,122.525
2016-05-12,LE1606,123.05,124.675,121.95,122.35,50428.0,,活牛1606,88098.0,122.575,122.35
2016-05-13,LE1606,122.575,123.55,121.2,123.55,35802.0,,活牛1606,80632.0,123.425,123.55
2016-05-16,LE1606,123.75,124.25,122.9,122.95,22145.0,,活牛1606,72079.0,123.025,122.95
2016-05-17,LE1606,123.1,123.8,122.6,123.3,15238.0,,活牛1606,68280.0,123.325,123.3
2016-05-18,LE1606,123.525,123.575,122.525,123.05,18659.0,,活牛1606,66774.0,123.125,123.05
2016-05-19,LE1606,123.05,123.05,120.375,121.35,21702.0,,活牛1606,63217.0,121.55,121.35
2016-05-20,LE1606,121.375,121.475,120.4,120.875,15833.0,,活牛1606,60580.0,121.05,120.875
2016-05-23,LE1606,119.175,119.45,118.05,118.05,18054.0,,活牛1606,57269.0,118.15,118.05
2016-05-24,LE1606,117.825,118.85,116.8,117.8,14235.0,,活牛1606,53676.0,118.0,117.8
2016-05-25,LE1606,118.1,118.75,117.875,118.15,8590.0,,活牛1606,50567.0,118.15,118.15
2016-05-26,LE1606,118.45,119.5,116.45,118.775,16536.0,,活牛1606,47405.0,118.925,118.775
2016-05-27,LE1606,119.2,120.075,119.125,119.75,9236.0,,活牛1606,43023.0,119.7,119.75
2016-05-31,LE1606,120.25,121.475,120.075,121.1,10516.0,,活牛1606,40051.0,121.1,121.1
2016-06-01,LE1606,121.05,121.475,120.45,121.4,7806.0,,活牛1606,36463.0,121.425,121.4
2016-06-02,LE1606,121.6,122.075,121.225,121.7,6626.0,,活牛1606,33969.0,121.725,121.7
2016-06-03,LE1606,122.0,122.3,121.7,122.05,6678.0,,活牛1606,31163.0,122.0,122.05
2016-06-06,LE1606,123.475,123.75,119.25,120.425,9194.0,,活牛1606,25348.0,120.775,120.425
2016-06-07,LE1606,121.1,122.1,120.775,121.15,2351.0,,活牛1606,19671.0,121.225,121.15
2016-06-08,LE1606,121.4,123.2,120.25,122.8,3848.0,,活牛1606,19117.0,123.025,122.8
2016-06-09,LE1606,123.3,123.725,122.725,123.325,1702.0,,活牛1606,18118.0,123.2,123.325
2016-06-10,LE1606,123.25,123.325,122.075,122.225,3534.0,,活牛1606,17586.0,122.45,122.225
2016-06-13,LE1606,122.325,122.325,119.45,119.45,2866.0,,活牛1606,16202.0,119.45,119.45
2016-06-14,LE1606,118.6,119.375,116.875,118.7,3570.0,,活牛1606,15213.0,119.05,118.7
2016-06-15,LE1606,119.0,119.0,117.0,117.25,2724.0,,活牛1606,13646.0,117.275,117.25
2016-06-16,LE1606,117.75,117.75,115.575,117.05,2560.0,,活牛1606,12158.0,117.275,117.05
2016-06-17,LE1606,117.0,117.975,116.5,116.55,2159.0,,活牛1606,10761.0,116.725,116.55
2016-06-20,LE1606,116.425,116.675,113.725,114.525,1918.0,,活牛1606,9942.0,114.5,114.525
2016-06-21,LE1606,114.875,115.375,113.775,115.175,2264.0,,活牛1606,8815.0,115.05,115.175
2016-06-22,LE1606,115.05,115.9,114.2,115.25,2410.0,,活牛1606,7175.0,115.35,115.25
2016-06-23,LE1606,115.425,116.875,115.35,116.575,1412.0,,活牛1606,5572.0,116.75,116.575
2016-06-24,LE1606,115.2,116.45,114.1,114.5,1487.0,,活牛1606,4488.0,114.7,114.5
2016-06-27,LE1606,114.825,116.275,114.825,115.85,930.0,,活牛1606,3632.0,115.925,115.85
2016-06-28,LE1606,116.25,117.2,116.2,116.975,1289.0,,活牛1606,3053.0,117.075,116.975
2016-06-29,LE1606,117.2,119.0,117.2,119.0,1708.0,,活牛1606,2061.0,118.9,119.0
2016-06-30,LE1606,119.25,121.0,118.675,120.0,713.0,,活牛1606,650.0,120.0,120.0
