date,symbol,open,high,low,close,volume,amount,name,openinterest,settleprice,price
2015-04-30,LE1610,,,,142.5,0.0,,活牛1610,0.0,142.5,142.5
2015-05-01,LE1610,,,,142.05,0.0,,活牛1610,0.0,142.05,142.05
2015-05-04,LE1610,,,,143.0,0.0,,活牛1610,0.0,143.0,143.0
2015-05-05,LE1610,142.975,143.6,142.975,143.35,57.0,,活牛1610,0.0,143.35,143.35
2015-05-06,LE1610,142.75,143.5,142.75,143.25,8.0,,活牛1610,57.0,143.25,143.25
2015-05-07,LE1610,143.0,143.5,143.0,143.5,18.0,,活牛1610,65.0,143.5,143.5
2015-05-08,LE1610,143.5,144.1,143.5,144.1,89.0,,活牛1610,83.0,144.1,144.1
2015-05-11,LE1610,144.5,144.5,143.75,144.25,17.0,,活牛1610,172.0,144.25,144.25
2015-05-12,LE1610,143.825,144.0,143.05,144.0,4.0,,活牛1610,182.0,143.85,144.0
2015-05-13,LE1610,143.55,144.35,143.35,144.25,14.0,,活牛1610,183.0,144.35,144.25
2015-05-14,LE1610,145.0,145.0,145.0,145.0,74.0,,活牛1610,190.0,145.0,145.0
2015-05-15,LE1610,144.6,145.0,144.35,145.0,5.0,,活牛1610,261.0,144.6,145.0
2015-05-18,LE1610,143.85,144.5,143.85,144.5,4.0,,活牛1610,262.0,144.5,144.5
2015-05-19,LE1610,145.25,145.25,144.45,145.25,2.0,,活牛1610,263.0,145.25,145.25
2015-05-20,LE1610,144.475,145.1,144.475,145.1,9.0,,活牛1610,264.0,145.1,145.1
2015-05-21,LE1610,145.5,145.5,145.5,145.5,52.0,,活牛1610,265.0,145.5,145.5
2015-05-22,LE1610,145.75,145.75,145.75,145.75,3.0,,活牛1610,315.0,145.75,145.75
2015-05-26,LE1610,,,,146.0,0.0,,活牛1610,315.0,146.0,146.0
2015-05-27,LE1610,146.0,146.0,145.8,146.0,2.0,,活牛1610,315.0,146.0,146.0
2015-05-28,LE1610,147.0,147.0,146.65,146.9,11.0,,活牛1610,315.0,146.8,146.9
2015-05-29,LE1610,146.95,147.0,146.3,146.75,29.0,,活牛1610,324.0,146.75,146.75
2015-06-01,LE1610,147.0,147.05,147.0,147.05,50.0,,活牛1610,325.0,147.275,147.05
2015-06-02,LE1610,146.875,146.95,146.55,146.8,9.0,,活牛1610,375.0,146.8,146.8
2015-06-03,LE1610,,,,146.2,0.0,,活牛1610,378.0,146.2,146.2
2015-06-04,LE1610,146.35,146.375,146.0,146.35,31.0,,活牛1610,378.0,146.2,146.35
2015-06-05,LE1610,146.425,146.425,145.375,145.85,9.0,,活牛1610,393.0,145.65,145.85
2015-06-08,LE1610,145.725,145.875,145.5,145.775,38.0,,活牛1610,400.0,145.775,145.775
2015-06-09,LE1610,145.75,146.025,145.5,146.0,32.0,,活牛1610,427.0,146.0,146.0
2015-06-10,LE1610,146.25,146.25,146.075,146.15,20.0,,活牛1610,446.0,146.25,146.15
2015-06-11,LE1610,146.35,146.35,146.0,146.05,12.0,,活牛1610,463.0,146.0,146.05
2015-06-12,LE1610,144.0,144.875,144.0,144.35,21.0,,活牛1610,475.0,144.375,144.35
2015-06-15,LE1610,144.1,144.425,143.95,144.425,13.0,,活牛1610,491.0,144.425,144.425
2015-06-16,LE1610,144.6,144.75,144.3,144.65,30.0,,活牛1610,500.0,144.65,144.65
2015-06-17,LE1610,144.5,144.8,144.05,144.7,18.0,,活牛1610,508.0,144.7,144.7
2015-06-18,LE1610,144.5,144.5,144.225,144.4,15.0,,活牛1610,524.0,144.3,144.4
2015-06-19,LE1610,144.25,145.0,144.0,145.0,30.0,,活牛1610,535.0,145.0,145.0
2015-06-22,LE1610,145.0,146.5,144.9,146.5,49.0,,活牛1610,553.0,146.5,146.5
2015-06-23,LE1610,146.75,146.8,146.45,146.6,14.0,,活牛1610,589.0,146.6,146.6
2015-06-24,LE1610,146.6,146.6,146.0,146.4,54.0,,活牛1610,597.0,146.0,146.4
2015-06-25,LE1610,145.35,145.35,144.075,144.4,82.0,,活牛1610,624.0,144.625,144.4
2015-06-26,LE1610,144.725,145.2,144.725,144.725,24.0,,活牛1610,682.0,144.725,144.725
2015-06-29,LE1610,143.95,145.35,143.95,145.0,36.0,,活牛1610,700.0,145.2,145.0
2015-06-30,LE1610,144.65,144.85,143.95,144.4,27.0,,活牛1610,701.0,144.4,144.4
2015-07-01,LE1610,144.6,147.0,144.5,145.75,19.0,,活牛1610,708.0,146.725,145.75
2015-07-02,LE1610,146.0,146.2,146.0,146.2,25.0,,活牛1610,709.0,146.25,146.2
2015-07-06,LE1610,145.875,146.25,145.8,146.25,15.0,,活牛1610,724.0,146.125,146.25
2015-07-07,LE1610,146.425,146.825,145.85,146.5,44.0,,活牛1610,735.0,146.825,146.5
2015-07-08,LE1610,145.45,145.45,145.45,145.45,59.0,,活牛1610,759.0,145.45,145.45
2015-07-09,LE1610,145.275,145.575,144.5,144.8,44.0,,活牛1610,731.0,144.8,144.8
2015-07-10,LE1610,144.0,144.375,143.925,144.375,23.0,,活牛1610,740.0,144.275,144.375
2015-07-13,LE1610,144.225,144.25,143.825,143.85,22.0,,活牛1610,743.0,144.1,143.85
2015-07-14,LE1610,144.35,145.15,144.35,145.0,22.0,,活牛1610,754.0,145.15,145.0
2015-07-15,LE1610,144.75,145.0,144.5,145.0,48.0,,活牛1610,762.0,145.0,145.0
2015-07-16,LE1610,143.85,144.725,143.85,144.425,9.0,,活牛1610,789.0,144.425,144.425
2015-07-17,LE1610,144.5,145.05,144.325,144.65,40.0,,活牛1610,795.0,144.15,144.65
2015-07-20,LE1610,143.9,144.425,143.775,143.85,10.0,,活牛1610,818.0,143.95,143.85
2015-07-21,LE1610,143.5,143.5,142.9,142.975,32.0,,活牛1610,822.0,142.925,142.975
2015-07-22,LE1610,142.5,142.6,141.9,141.9,36.0,,活牛1610,849.0,141.9,141.9
2015-07-23,LE1610,141.8,142.1,140.6,140.6,15.0,,活牛1610,865.0,140.6,140.6
2015-07-24,LE1610,139.8,140.6,139.8,140.0,41.0,,活牛1610,875.0,140.0,140.0
2015-07-27,LE1610,139.6,139.6,139.0,139.0,7.0,,活牛1610,890.0,138.9,139.0
2015-07-28,LE1610,139.0,140.625,138.8,140.625,23.0,,活牛1610,897.0,140.475,140.625
2015-07-29,LE1610,140.25,141.2,140.25,140.275,21.0,,活牛1610,897.0,140.825,140.275
2015-07-30,LE1610,140.9,141.1,140.875,140.875,12.0,,活牛1610,895.0,140.875,140.875
2015-07-31,LE1610,140.9,141.175,140.275,140.45,51.0,,活牛1610,894.0,140.575,140.45
2015-08-03,LE1610,141.575,141.725,141.425,141.5,59.0,,活牛1610,906.0,141.475,141.5
2015-08-04,LE1610,141.625,141.625,140.675,141.35,40.0,,活牛1610,909.0,141.325,141.35
2015-08-05,LE1610,140.725,140.95,140.6,140.95,10.0,,活牛1610,926.0,140.95,140.95
2015-08-06,LE1610,140.825,141.15,140.825,141.15,16.0,,活牛1610,928.0,141.15,141.15
2015-08-07,LE1610,141.05,141.05,140.9,140.9,3.0,,活牛1610,932.0,140.875,140.9
2015-08-10,LE1610,141.4,141.5,141.05,141.25,31.0,,活牛1610,932.0,141.475,141.25
2015-08-11,LE1610,141.65,141.65,140.7,140.8,84.0,,活牛1610,925.0,140.9,140.8
2015-08-12,LE1610,140.9,141.0,139.525,139.85,54.0,,活牛1610,989.0,139.7,139.85
2015-08-13,LE1610,139.3,139.975,138.75,139.975,33.0,,活牛1610,1009.0,139.975,139.975
2015-08-14,LE1610,139.6,140.125,139.6,140.0,17.0,,活牛1610,1021.0,139.825,140.0
2015-08-17,LE1610,139.25,139.575,138.5,139.5,39.0,,活牛1610,1027.0,139.575,139.5
2015-08-18,LE1610,139.8,139.9,139.35,139.9,66.0,,活牛1610,1034.0,139.9,139.9
2015-08-19,LE1610,139.35,139.375,138.2,138.2,63.0,,活牛1610,1075.0,138.85,138.2
2015-08-20,LE1610,138.775,139.1,138.55,138.8,45.0,,活牛1610,1082.0,139.1,138.8
2015-08-21,LE1610,138.275,138.3,136.375,136.6,158.0,,活牛1610,1089.0,136.8,136.6
2015-08-24,LE1610,134.275,135.3,134.275,135.075,103.0,,活牛1610,1094.0,135.275,135.075
2015-08-25,LE1610,136.0,136.45,135.05,135.325,52.0,,活牛1610,1143.0,135.3,135.325
2015-08-26,LE1610,134.875,135.975,134.325,135.975,292.0,,活牛1610,1168.0,135.0,135.975
2015-08-27,LE1610,136.225,136.75,136.2,136.35,151.0,,活牛1610,1208.0,136.75,136.35
2015-08-28,LE1610,136.35,137.35,136.275,137.35,109.0,,活牛1610,1214.0,137.325,137.35
2015-08-31,LE1610,137.325,137.325,135.925,135.95,42.0,,活牛1610,1238.0,136.1,135.95
2015-09-01,LE1610,135.425,135.525,133.8,133.825,109.0,,活牛1610,1239.0,134.225,133.825
2015-09-02,LE1610,134.0,134.925,133.5,134.2,77.0,,活牛1610,1285.0,134.6,134.2
2015-09-03,LE1610,134.6,135.125,134.575,134.6,89.0,,活牛1610,1300.0,134.75,134.6
2015-09-04,LE1610,134.25,134.5,133.5,133.7,118.0,,活牛1610,1308.0,133.95,133.7
2015-09-08,LE1610,134.3,136.15,134.125,135.825,105.0,,活牛1610,1343.0,136.15,135.825
2015-09-09,LE1610,136.725,137.1,136.45,136.45,361.0,,活牛1610,1355.0,136.8,136.45
2015-09-10,LE1610,136.4,136.95,136.375,136.5,381.0,,活牛1610,1509.0,136.6,136.5
2015-09-11,LE1610,136.4,136.425,135.025,135.375,359.0,,活牛1610,1688.0,135.35,135.375
2015-09-14,LE1610,135.025,135.975,135.025,135.8,105.0,,活牛1610,1756.0,135.775,135.8
2015-09-15,LE1610,136.275,136.525,134.9,134.9,234.0,,活牛1610,1765.0,135.175,134.9
2015-09-16,LE1610,134.325,134.325,132.225,132.4,213.0,,活牛1610,1809.0,132.4,132.4
2015-09-17,LE1610,132.325,133.0,131.7,132.875,324.0,,活牛1610,1845.0,132.75,132.875
2015-09-18,LE1610,132.175,132.475,130.575,131.0,305.0,,活牛1610,1923.0,131.05,131.0
2015-09-21,LE1610,131.5,131.85,131.1,131.35,443.0,,活牛1610,1998.0,131.325,131.35
2015-09-22,LE1610,131.275,131.6,129.75,129.8,267.0,,活牛1610,2248.0,130.275,129.8
2015-09-23,LE1610,129.275,129.275,127.275,127.275,408.0,,活牛1610,2326.0,127.375,127.275
2015-09-24,LE1610,126.075,128.675,124.15,126.85,564.0,,活牛1610,2397.0,125.875,126.85
2015-09-25,LE1610,127.3,128.875,126.425,128.875,835.0,,活牛1610,2457.0,128.875,128.875
2015-09-28,LE1610,129.1,129.225,127.7,127.975,452.0,,活牛1610,2730.0,128.05,127.975
2015-09-29,LE1610,127.3,127.3,125.05,125.375,271.0,,活牛1610,2697.0,125.375,125.375
2015-09-30,LE1610,124.775,126.4,123.675,124.4,460.0,,活牛1610,2614.0,124.2,124.4
2015-10-01,LE1610,125.15,125.375,123.55,124.0,678.0,,活牛1610,2620.0,124.65,124.0
2015-10-02,LE1610,124.2,126.1,124.0,125.675,350.0,,活牛1610,2744.0,125.7,125.675
2015-10-05,LE1610,125.1,126.275,124.35,124.35,160.0,,活牛1610,2835.0,125.2,124.35
2015-10-06,LE1610,124.7,128.05,124.65,127.7,374.0,,活牛1610,2908.0,127.675,127.7
2015-10-07,LE1610,127.675,130.35,127.675,129.0,745.0,,活牛1610,2956.0,129.475,129.0
2015-10-08,LE1610,129.075,131.0,128.775,130.05,360.0,,活牛1610,3147.0,130.75,130.05
2015-10-09,LE1610,130.1,131.15,129.7,131.025,234.0,,活牛1610,3209.0,131.075,131.025
2015-10-12,LE1610,131.525,131.75,130.8,131.125,123.0,,活牛1610,3253.0,131.15,131.125
2015-10-13,LE1610,131.3,131.425,130.475,130.925,210.0,,活牛1610,3292.0,131.125,130.925
2015-10-14,LE1610,131.05,131.9,130.025,130.4,219.0,,活牛1610,3311.0,130.4,130.4
2015-10-15,LE1610,129.975,130.425,128.7,129.025,327.0,,活牛1610,3318.0,129.05,129.025
2015-10-16,LE1610,129.0,131.35,128.35,131.35,736.0,,活牛1610,3424.0,130.975,131.35
2015-10-19,LE1610,131.475,132.6,131.475,132.05,636.0,,活牛1610,3620.0,132.05,132.05
2015-10-20,LE1610,132.025,132.925,131.625,132.9,340.0,,活牛1610,3753.0,132.5,132.9
2015-10-21,LE1610,132.5,133.05,132.175,132.7,413.0,,活牛1610,3795.0,132.975,132.7
2015-10-22,LE1610,132.55,133.825,132.55,133.375,291.0,,活牛1610,3805.0,133.75,133.375
2015-10-23,LE1610,133.625,133.675,132.225,133.175,555.0,,活牛1610,3908.0,133.575,133.175
2015-10-26,LE1610,132.5,133.075,131.825,132.625,160.0,,活牛1610,3963.0,132.875,132.625
2015-10-27,LE1610,132.5,133.1,131.275,133.025,327.0,,活牛1610,3990.0,131.55,133.025
2015-10-28,LE1610,133.1,134.0,132.625,133.575,621.0,,活牛1610,3981.0,133.9,133.575
2015-10-29,LE1610,133.775,133.825,132.2,132.65,409.0,,活牛1610,4004.0,133.2,132.65
2015-10-30,LE1610,132.075,132.85,131.8,132.1,348.0,,活牛1610,4066.0,132.0,132.1
2015-11-02,LE1610,131.7,132.125,131.125,131.9,221.0,,活牛1610,4146.0,131.9,131.9
2015-11-03,LE1610,131.9,132.15,130.95,131.15,387.0,,活牛1610,4174.0,131.225,131.15
2015-11-04,LE1610,130.675,130.675,128.575,128.75,1321.0,,活牛1610,4213.0,129.05,128.75
2015-11-05,LE1610,129.05,129.05,126.075,127.55,687.0,,活牛1610,3907.0,127.2,127.55
2015-11-06,LE1610,126.875,128.5,126.425,127.45,690.0,,活牛1610,3857.0,127.575,127.45
2015-11-09,LE1610,126.175,126.175,124.575,124.575,668.0,,活牛1610,3788.0,124.575,124.575
2015-11-10,LE1610,123.825,125.275,120.075,122.875,1947.0,,活牛1610,3632.0,122.1,122.875
2015-11-11,LE1610,123.675,125.1,123.375,124.1,1237.0,,活牛1610,3834.0,124.35,124.1
2015-11-12,LE1610,123.8,126.425,123.225,124.4,1642.0,,活牛1610,4010.0,125.025,124.4
2015-11-13,LE1610,124.825,125.15,122.35,122.65,514.0,,活牛1610,4617.0,123.2,122.65
2015-11-16,LE1610,121.85,121.85,120.2,120.4,473.0,,活牛1610,4682.0,120.35,120.4
2015-11-17,LE1610,120.475,122.875,119.65,122.2,479.0,,活牛1610,4720.0,122.1,122.2
2015-11-18,LE1610,121.75,124.7,121.7,123.15,1049.0,,活牛1610,4785.0,124.075,123.15
2015-11-19,LE1610,123.45,124.175,122.55,122.55,793.0,,活牛1610,4921.0,123.25,122.55
2015-11-20,LE1610,122.45,124.1,122.425,123.275,739.0,,活牛1610,4970.0,123.7,123.275
2015-11-23,LE1610,122.675,125.025,122.675,124.0,745.0,,活牛1610,5071.0,124.8,124.0
2015-11-24,LE1610,124.025,125.0,122.7,123.3,463.0,,活牛1610,5165.0,123.725,123.3
2015-11-25,LE1610,123.775,124.625,123.675,124.525,458.0,,活牛1610,5120.0,124.425,124.525
2015-11-27,LE1610,124.5,125.0,123.925,124.525,212.0,,活牛1610,5219.0,124.475,124.525
2015-11-30,LE1610,123.825,125.0,122.4,122.4,425.0,,活牛1610,5243.0,123.1,122.4
2015-12-01,LE1610,122.675,124.825,121.55,124.35,920.0,,活牛1610,5407.0,124.675,124.35
2015-12-02,LE1610,123.95,124.325,121.675,122.0,859.0,,活牛1610,5612.0,122.575,122.0
2015-12-03,LE1610,120.9,122.3,120.125,121.4,965.0,,活牛1610,5871.0,121.375,121.4
2015-12-04,LE1610,121.8,122.3,120.65,120.675,861.0,,活牛1610,5842.0,121.15,120.675
2015-12-07,LE1610,120.375,120.625,118.325,119.3,970.0,,活牛1610,6063.0,119.925,119.3
2015-12-08,LE1610,119.475,120.35,117.475,117.825,1449.0,,活牛1610,6255.0,118.85,117.825
2015-12-09,LE1610,117.975,118.6,115.85,116.1,1263.0,,活牛1610,6572.0,116.775,116.1
2015-12-10,LE1610,116.4,118.35,115.175,117.175,2209.0,,活牛1610,6819.0,117.625,117.175
2015-12-11,LE1610,117.35,118.0,115.95,116.975,1223.0,,活牛1610,7037.0,117.275,116.975
2015-12-14,LE1610,116.775,117.025,114.35,114.825,1598.0,,活牛1610,7235.0,115.25,114.825
2015-12-15,LE1610,114.7,116.875,114.45,115.225,1254.0,,活牛1610,7568.0,115.675,115.225
2015-12-16,LE1610,115.825,115.9,114.8,115.4,750.0,,活牛1610,7907.0,115.825,115.4
2015-12-17,LE1610,114.95,115.85,113.8,115.825,1759.0,,活牛1610,8030.0,114.85,115.825
2015-12-18,LE1610,116.1,117.85,116.1,117.85,856.0,,活牛1610,8059.0,117.85,117.85
2015-12-21,LE1610,120.05,121.6,119.55,119.7,1547.0,,活牛1610,8014.0,120.7,119.7
2015-12-22,LE1610,119.8,121.525,119.75,121.1,1487.0,,活牛1610,8241.0,121.125,121.1
2015-12-23,LE1610,121.7,123.0,121.3,123.0,1668.0,,活牛1610,8543.0,122.725,123.0
2015-12-24,LE1610,122.775,124.0,122.05,123.65,1737.0,,活牛1610,8850.0,123.775,123.65
2015-12-28,LE1610,123.625,123.975,122.775,123.325,1398.0,,活牛1610,9459.0,123.575,123.325
2015-12-29,LE1610,123.55,123.975,123.1,123.75,1221.0,,活牛1610,9798.0,123.85,123.75
2015-12-30,LE1610,123.925,125.4,123.875,124.9,1256.0,,活牛1610,9544.0,124.775,124.9
2015-12-31,LE1610,124.675,125.025,124.25,124.4,529.0,,活牛1610,9851.0,124.8,124.4
2016-01-04,LE1610,124.1,125.475,123.4,125.0,1451.0,,活牛1610,9921.0,124.6,125.0
2016-01-05,LE1610,124.7,125.475,124.175,124.45,1007.0,,活牛1610,10038.0,124.7,124.45
2016-01-06,LE1610,124.125,125.4,123.4,124.9,1376.0,,活牛1610,10073.0,125.325,124.9
2016-01-07,LE1610,124.125,124.425,122.325,122.325,911.0,,活牛1610,10335.0,122.325,122.325
2016-01-08,LE1610,122.425,123.525,120.9,121.125,2536.0,,活牛1610,10409.0,121.55,121.125
2016-01-11,LE1610,120.9,121.675,120.425,120.975,1399.0,,活牛1610,10960.0,121.2,120.975
2016-01-12,LE1610,121.45,122.0,120.325,120.975,1311.0,,活牛1610,11397.0,121.15,120.975
2016-01-13,LE1610,121.4,121.825,120.225,120.65,1760.0,,活牛1610,11666.0,121.225,120.65
2016-01-14,LE1610,120.725,121.2,119.65,119.85,1466.0,,活牛1610,11809.0,119.9,119.85
2016-01-15,LE1610,119.0,119.0,116.9,117.4,2234.0,,活牛1610,12011.0,117.375,117.4
2016-01-19,LE1610,117.675,119.4,117.425,118.35,2509.0,,活牛1610,12047.0,119.025,118.35
2016-01-20,LE1610,117.9,118.325,116.275,117.75,2202.0,,活牛1610,12707.0,117.375,117.75
2016-01-21,LE1610,118.575,120.375,118.025,119.2,3759.0,,活牛1610,13242.0,119.875,119.2
2016-01-22,LE1610,120.0,121.5,119.875,121.225,2475.0,,活牛1610,13668.0,120.9,121.225
2016-01-25,LE1610,121.05,121.5,119.675,119.8,1745.0,,活牛1610,13714.0,120.05,119.8
2016-01-26,LE1610,120.0,121.125,119.625,120.2,2013.0,,活牛1610,13956.0,120.65,120.2
2016-01-27,LE1610,120.45,122.0,120.35,121.625,2811.0,,活牛1610,14210.0,121.95,121.625
2016-01-28,LE1610,121.725,122.05,121.175,121.625,1399.0,,活牛1610,13871.0,121.375,121.625
2016-01-29,LE1610,121.625,121.975,119.5,119.9,2646.0,,活牛1610,14252.0,120.25,119.9
2016-02-01,LE1610,120.375,121.325,119.475,121.325,2179.0,,活牛1610,15064.0,121.125,121.325
2016-02-02,LE1610,121.2,121.675,120.975,121.275,1593.0,,活牛1610,15662.0,121.575,121.275
2016-02-03,LE1610,121.5,122.45,121.475,121.975,2326.0,,活牛1610,15938.0,121.775,121.975
2016-02-04,LE1610,121.8,122.475,121.175,121.2,1633.0,,活牛1610,16660.0,121.45,121.2
2016-02-05,LE1610,121.075,121.55,120.2,120.5,3680.0,,活牛1610,17011.0,121.1,120.5
2016-02-08,LE1610,119.4,119.8,118.1,118.1,2767.0,,活牛1610,17050.0,118.1,118.1
2016-02-09,LE1610,117.925,118.75,117.65,118.675,3462.0,,活牛1610,17325.0,118.175,118.675
2016-02-10,LE1610,118.5,119.675,118.45,119.025,3315.0,,活牛1610,18041.0,119.45,119.025
2016-02-11,LE1610,118.35,118.45,116.5,117.5,4656.0,,活牛1610,18417.0,117.45,117.5
2016-02-12,LE1610,118.425,118.475,116.5,116.75,2260.0,,活牛1610,19475.0,116.75,116.75
2016-02-16,LE1610,116.95,119.4,116.325,119.3,4524.0,,活牛1610,19762.0,119.025,119.3
2016-02-17,LE1610,119.275,120.4,119.05,119.1,3779.0,,活牛1610,20124.0,119.6,119.1
2016-02-18,LE1610,119.55,120.2,119.175,119.6,3246.0,,活牛1610,20689.0,119.675,119.6
2016-02-19,LE1610,119.425,119.95,118.75,119.45,1225.0,,活牛1610,21096.0,119.15,119.45
2016-02-22,LE1610,119.2,120.7,119.2,119.825,2220.0,,活牛1610,21443.0,119.95,119.825
2016-02-23,LE1610,119.875,121.2,119.55,121.0,2505.0,,活牛1610,21926.0,120.9,121.0
2016-02-24,LE1610,120.5,121.575,120.425,121.3,2413.0,,活牛1610,22406.0,121.425,121.3
2016-02-25,LE1610,121.225,122.0,121.15,121.425,4404.0,,活牛1610,23057.0,121.375,121.425
2016-02-26,LE1610,121.35,121.8,121.025,121.425,3510.0,,活牛1610,24079.0,121.425,121.425
2016-02-29,LE1610,121.475,121.575,121.05,121.2,2204.0,,活牛1610,24868.0,121.325,121.2
2016-03-01,LE1610,120.875,121.45,120.225,121.425,4122.0,,活牛1610,25339.0,121.35,121.425
2016-03-02,LE1610,121.225,121.7,120.575,121.0,2805.0,,活牛1610,26347.0,121.15,121.0
2016-03-03,LE1610,121.0,121.375,120.5,121.25,3096.0,,活牛1610,26912.0,121.25,121.25
2016-03-04,LE1610,121.175,122.15,120.775,122.025,3534.0,,活牛1610,27716.0,122.075,122.025
2016-03-07,LE1610,121.625,122.05,120.8,121.575,3327.0,,活牛1610,28757.0,121.625,121.575
2016-03-08,LE1610,121.375,122.35,120.675,121.825,3699.0,,活牛1610,29167.0,121.8,121.825
2016-03-09,LE1610,121.85,122.0,121.325,122.0,3123.0,,活牛1610,29717.0,121.875,122.0
2016-03-10,LE1610,122.175,122.825,121.975,122.65,3039.0,,活牛1610,30174.0,122.6,122.65
2016-03-11,LE1610,122.65,123.9,122.275,122.4,6044.0,,活牛1610,30608.0,122.6,122.4
2016-03-14,LE1610,122.325,123.3,122.075,123.025,2478.0,,活牛1610,31535.0,123.025,123.025
2016-03-15,LE1610,123.25,124.0,122.975,123.575,4650.0,,活牛1610,31521.0,123.7,123.575
2016-03-16,LE1610,123.75,124.0,123.2,124.0,3855.0,,活牛1610,31662.0,123.9,124.0
2016-03-17,LE1610,123.775,124.375,123.425,123.6,3937.0,,活牛1610,32149.0,123.65,123.6
2016-03-18,LE1610,123.3,123.45,121.65,121.7,3814.0,,活牛1610,32381.0,122.125,121.7
2016-03-21,LE1610,121.725,121.825,120.775,121.2,3436.0,,活牛1610,32918.0,121.325,121.2
2016-03-22,LE1610,120.475,121.325,119.2,120.175,5882.0,,活牛1610,32851.0,120.15,120.175
2016-03-23,LE1610,120.475,120.775,118.975,119.125,3883.0,,活牛1610,32694.0,119.575,119.125
2016-03-24,LE1610,119.5,120.45,118.95,120.3,4500.0,,活牛1610,33193.0,120.375,120.3
2016-03-28,LE1610,120.225,120.95,119.8,120.425,4635.0,,活牛1610,33520.0,120.725,120.425
2016-03-29,LE1610,120.725,121.425,120.025,120.6,4919.0,,活牛1610,34170.0,120.725,120.6
2016-03-30,LE1610,121.0,121.0,118.325,118.375,5641.0,,活牛1610,34905.0,118.5,118.375
2016-03-31,LE1610,118.375,120.3,117.65,119.9,6701.0,,活牛1610,35067.0,119.85,119.9
2016-04-01,LE1610,119.775,120.1,119.125,119.35,5008.0,,活牛1610,35557.0,119.475,119.35
2016-04-04,LE1610,119.725,120.375,119.15,119.25,3223.0,,活牛1610,36068.0,119.575,119.25
2016-04-05,LE1610,119.575,119.575,116.7,116.775,6831.0,,活牛1610,36760.0,116.975,116.775
2016-04-06,LE1610,117.15,118.25,116.875,117.125,5328.0,,活牛1610,36637.0,117.425,117.125
2016-04-07,LE1610,117.25,117.95,115.925,117.375,7500.0,,活牛1610,37371.0,117.7,117.375
2016-04-08,LE1610,118.15,118.925,118.15,118.775,7240.0,,活牛1610,37750.0,118.75,118.775
2016-04-11,LE1610,119.075,119.325,117.85,117.875,4292.0,,活牛1610,39684.0,118.275,117.875
2016-04-12,LE1610,118.25,118.6,117.25,117.55,4711.0,,活牛1610,39784.0,117.675,117.55
2016-04-13,LE1610,118.0,118.325,116.775,116.925,7339.0,,活牛1610,40255.0,117.35,116.925
2016-04-14,LE1610,117.35,118.075,116.7,117.1,3881.0,,活牛1610,39862.0,117.2,117.1
2016-04-15,LE1610,117.15,118.4,117.15,117.9,5283.0,,活牛1610,39971.0,118.075,117.9
2016-04-18,LE1610,118.0,118.0,115.075,115.575,9217.0,,活牛1610,40273.0,115.6,115.575
2016-04-19,LE1610,115.5,116.45,114.425,115.225,6931.0,,活牛1610,41905.0,115.325,115.225
2016-04-20,LE1610,115.3,115.725,114.125,114.225,6973.0,,活牛1610,43024.0,114.425,114.225
2016-04-21,LE1610,114.45,115.125,113.55,114.025,7048.0,,活牛1610,43690.0,113.9,114.025
2016-04-22,LE1610,113.975,114.1,110.9,111.2,9158.0,,活牛1610,44290.0,111.45,111.2
2016-04-25,LE1610,111.8,113.3,111.6,113.225,6041.0,,活牛1610,44715.0,113.225,113.225
2016-04-26,LE1610,113.7,115.125,113.5,114.95,5265.0,,活牛1610,45026.0,115.05,114.95
2016-04-27,LE1610,115.05,115.7,113.25,114.15,6212.0,,活牛1610,45455.0,114.375,114.15
2016-04-28,LE1610,113.45,114.2,111.375,111.425,7866.0,,活牛1610,45817.0,111.575,111.425
2016-04-29,LE1610,111.325,113.425,111.175,112.4,7574.0,,活牛1610,46661.0,112.325,112.4
2016-05-02,LE1610,112.525,114.375,112.475,113.775,6408.0,,活牛1610,46701.0,113.575,113.775
2016-05-03,LE1610,114.05,114.525,113.625,113.95,5989.0,,活牛1610,46314.0,114.325,113.95
2016-05-04,LE1610,113.425,115.225,113.225,115.2,8056.0,,活牛1610,46950.0,115.075,115.2
2016-05-05,LE1610,115.225,117.2,115.15,116.925,9327.0,,活牛1610,47879.0,116.925,116.925
2016-05-06,LE1610,116.925,117.45,116.575,117.4,8827.0,,活牛1610,49833.0,117.375,117.4
2016-05-09,LE1610,119.075,119.875,118.0,118.825,15762.0,,活牛1610,50950.0,118.825,118.825
2016-05-10,LE1610,118.775,119.225,118.075,119.175,8800.0,,活牛1610,51711.0,119.05,119.175
2016-05-11,LE1610,119.0,119.4,118.125,118.25,6770.0,,活牛1610,53341.0,118.65,118.25
2016-05-12,LE1610,118.0,119.625,117.425,117.725,13069.0,,活牛1610,54437.0,118.1,117.725
2016-05-13,LE1610,118.0,118.5,116.0,118.05,10870.0,,活牛1610,55696.0,117.975,118.05
2016-05-16,LE1610,118.25,119.3,118.25,118.925,10219.0,,活牛1610,55140.0,118.9,118.925
2016-05-17,LE1610,118.925,119.4,118.35,119.05,6083.0,,活牛1610,54671.0,119.225,119.05
2016-05-18,LE1610,119.225,119.6,118.525,119.45,9194.0,,活牛1610,55654.0,119.525,119.45
2016-05-19,LE1610,119.35,119.35,116.775,117.6,10251.0,,活牛1610,56321.0,117.825,117.6
2016-05-20,LE1610,117.55,117.85,116.5,117.025,9935.0,,活牛1610,56276.0,117.1,117.025
2016-05-23,LE1610,114.925,115.15,114.1,114.1,7877.0,,活牛1610,56102.0,114.1,114.1
2016-05-24,LE1610,113.475,114.225,112.1,112.8,9503.0,,活牛1610,56719.0,112.925,112.8
2016-05-25,LE1610,113.175,113.6,112.85,113.2,4888.0,,活牛1610,56257.0,113.15,113.2
2016-05-26,LE1610,113.275,115.125,111.45,114.75,9812.0,,活牛1610,55830.0,114.825,114.75
2016-05-27,LE1610,114.875,116.125,114.875,115.8,5851.0,,活牛1610,55268.0,115.825,115.8
2016-05-31,LE1610,116.25,117.825,116.1,117.25,8258.0,,活牛1610,55197.0,117.325,117.25
2016-06-01,LE1610,117.2,117.3,116.15,116.9,8049.0,,活牛1610,55618.0,116.95,116.9
2016-06-02,LE1610,117.125,118.0,116.675,117.2,5082.0,,活牛1610,55755.0,117.2,117.2
2016-06-03,LE1610,117.325,117.95,116.9,117.4,7430.0,,活牛1610,56124.0,117.35,117.4
2016-06-06,LE1610,118.35,118.75,114.425,115.625,10710.0,,活牛1610,55946.0,116.0,115.625
2016-06-07,LE1610,116.0,117.15,115.25,115.35,8105.0,,活牛1610,56697.0,115.5,115.35
2016-06-08,LE1610,115.65,118.025,114.75,117.675,7931.0,,活牛1610,57490.0,117.875,117.675
2016-06-09,LE1610,118.1,118.5,117.175,117.8,7514.0,,活牛1610,57616.0,118.1,117.8
2016-06-10,LE1610,118.1,118.25,116.6,116.925,5572.0,,活牛1610,58161.0,116.8,116.925
2016-06-13,LE1610,117.05,117.05,113.8,113.8,8845.0,,活牛1610,58401.0,113.8,113.8
2016-06-14,LE1610,113.625,115.225,112.55,114.275,7928.0,,活牛1610,58518.0,114.85,114.275
2016-06-15,LE1610,114.725,114.775,113.05,113.45,8618.0,,活牛1610,58141.0,113.525,113.45
2016-06-16,LE1610,113.725,113.775,111.675,113.3,7712.0,,活牛1610,57821.0,113.3,113.3
2016-06-17,LE1610,113.35,114.3,112.35,112.625,4785.0,,活牛1610,58125.0,112.65,112.625
2016-06-20,LE1610,112.65,112.7,109.875,110.65,10402.0,,活牛1610,58233.0,110.675,110.65
2016-06-21,LE1610,110.5,112.125,110.05,111.65,7004.0,,活牛1610,58606.0,111.55,111.65
2016-06-22,LE1610,111.575,112.8,110.725,111.575,5047.0,,活牛1610,58161.0,111.725,111.575
2016-06-23,LE1610,111.725,113.825,111.55,113.5,6299.0,,活牛1610,58189.0,113.625,113.5
2016-06-24,LE1610,112.0,112.775,110.75,110.775,8434.0,,活牛1610,58316.0,110.875,110.775
2016-06-27,LE1610,111.2,112.625,111.0,112.125,5889.0,,活牛1610,57906.0,112.3,112.125
2016-06-28,LE1610,112.55,113.45,112.525,113.0,4936.0,,活牛1610,58318.0,113.05,113.0
2016-06-29,LE1610,113.4,114.225,113.325,113.9,7352.0,,活牛1610,58572.0,113.95,113.9
2016-06-30,LE1610,113.95,115.325,113.95,114.375,12657.0,,活牛1610,58924.0,114.65,114.375
2016-07-01,LE1610,114.55,115.275,112.975,113.125,10002.0,,活牛1610,62260.0,113.275,113.125
2016-07-05,LE1610,113.375,114.475,111.15,114.075,12029.0,,活牛1610,64211.0,114.0,114.075
2016-07-06,LE1610,114.15,114.575,112.675,112.775,10500.0,,活牛1610,66357.0,113.1,112.775
2016-07-07,LE1610,112.725,113.375,111.9,111.95,10576.0,,活牛1610,67134.0,112.225,111.95
2016-07-08,LE1610,112.175,113.65,111.7,112.2,18095.0,,活牛1610,69637.0,112.325,112.2
2016-07-11,LE1610,112.0,112.1,109.325,109.325,22647.0,,活牛1610,72813.0,109.325,109.325
2016-07-12,LE1610,109.15,109.875,107.9,108.775,21666.0,,活牛1610,75690.0,108.9,108.775
2016-07-13,LE1610,108.9,110.45,108.525,110.4,28451.0,,活牛1610,80005.0,110.35,110.4
2016-07-14,LE1610,110.275,112.5,110.275,111.85,28232.0,,活牛1610,86751.0,112.075,111.85
2016-07-15,LE1610,111.825,112.25,109.55,109.85,13641.0,,活牛1610,93873.0,109.85,109.85
2016-07-18,LE1610,109.375,111.25,108.85,110.575,14123.0,,活牛1610,96510.0,110.625,110.575
2016-07-19,LE1610,110.475,111.0,109.025,109.3,11990.0,,活牛1610,99199.0,109.475,109.3
2016-07-20,LE1610,109.125,110.3,107.7,107.8,17530.0,,活牛1610,100575.0,108.075,107.8
2016-07-21,LE1610,108.15,108.225,105.25,105.55,25360.0,,活牛1610,105550.0,105.7,105.55
2016-07-22,LE1610,105.8,108.525,105.55,108.1,18071.0,,活牛1610,111076.0,108.075,108.1
2016-07-25,LE1610,109.15,111.1,109.1,111.1,18983.0,,活牛1610,112594.0,111.075,111.1
2016-07-26,LE1610,111.7,112.675,111.025,112.45,19340.0,,活牛1610,113236.0,112.575,112.45
2016-07-27,LE1610,112.1,113.15,111.8,112.875,17354.0,,活牛1610,113250.0,113.05,112.875
2016-07-28,LE1610,112.475,113.775,111.825,111.875,17413.0,,活牛1610,113198.0,112.1,111.875
2016-07-29,LE1610,111.7,112.65,111.225,111.75,16911.0,,活牛1610,112575.0,111.725,111.75
2016-08-01,LE1610,112.575,114.725,112.4,114.05,24314.0,,活牛1610,113335.0,114.075,114.05
2016-08-02,LE1610,114.275,115.05,113.6,114.45,19723.0,,活牛1610,113917.0,114.575,114.45
2016-08-03,LE1610,114.475,115.7,114.175,115.175,19418.0,,活牛1610,112943.0,115.2,115.175
2016-08-04,LE1610,115.0,116.35,114.375,114.55,20933.0,,活牛1610,113157.0,114.775,114.55
2016-08-05,LE1610,115.6,115.875,114.425,115.525,17659.0,,活牛1610,112789.0,115.525,115.525
2016-08-08,LE1610,115.675,115.9,114.55,114.625,16518.0,,活牛1610,112266.0,114.65,114.625
2016-08-09,LE1610,114.75,115.825,114.375,115.3,16261.0,,活牛1610,111384.0,115.0,115.3
2016-08-10,LE1610,115.0,115.8,114.625,114.975,12693.0,,活牛1610,110198.0,114.925,114.975
2016-08-11,LE1610,114.925,115.275,113.05,114.175,21923.0,,活牛1610,109754.0,114.55,114.175
2016-08-12,LE1610,114.425,115.05,113.3,114.525,12475.0,,活牛1610,109883.0,114.525,114.525
2016-08-15,LE1610,114.725,115.425,113.8,113.8,13399.0,,活牛1610,109604.0,113.975,113.8
2016-08-16,LE1610,113.85,114.475,112.25,113.25,24040.0,,活牛1610,108770.0,113.4,113.25
2016-08-17,LE1610,113.125,113.275,112.25,112.25,16176.0,,活牛1610,109305.0,112.4,112.25
2016-08-18,LE1610,112.4,112.7,110.4,110.45,22839.0,,活牛1610,111020.0,110.575,110.45
2016-08-19,LE1610,110.6,111.075,109.65,110.3,18373.0,,活牛1610,110938.0,110.25,110.3
2016-08-22,LE1610,110.25,111.8,109.2,110.15,23069.0,,活牛1610,110145.0,110.35,110.15
2016-08-23,LE1610,110.25,110.8,109.45,109.775,16421.0,,活牛1610,109892.0,109.725,109.775
2016-08-24,LE1610,109.5,110.075,108.7,108.925,20855.0,,活牛1610,110077.0,108.9,108.925
2016-08-25,LE1610,108.875,109.25,108.45,108.525,18366.0,,活牛1610,111416.0,108.525,108.525
2016-08-26,LE1610,108.45,109.425,106.2,106.275,26268.0,,活牛1610,112864.0,106.35,106.275
2016-08-29,LE1610,105.4,106.425,105.0,105.05,24058.0,,活牛1610,115826.0,105.075,105.05
2016-08-30,LE1610,105.3,107.775,103.775,107.475,35202.0,,活牛1610,116856.0,107.475,107.475
2016-08-31,LE1610,107.8,108.45,106.075,106.225,33234.0,,活牛1610,116264.0,106.575,106.225
2016-09-01,LE1610,106.4,106.675,103.575,103.575,31102.0,,活牛1610,115474.0,103.575,103.575
2016-09-02,LE1610,103.45,104.0,101.375,101.5,38768.0,,活牛1610,114862.0,101.6,101.5
2016-09-06,LE1610,101.4,102.2,99.375,99.525,27942.0,,活牛1610,114042.0,100.025,99.525
2016-09-07,LE1610,99.75,102.85,99.525,102.425,27134.0,,活牛1610,112303.0,102.425,102.425
2016-09-08,LE1610,102.5,103.0,100.1,101.375,40733.0,,活牛1610,111792.0,101.4,101.375
2016-09-09,LE1610,101.1,104.4,101.1,104.4,35390.0,,活牛1610,105042.0,104.4,104.4
2016-09-12,LE1610,104.975,106.525,104.75,105.2,40347.0,,活牛1610,97751.0,105.7,105.2
2016-09-13,LE1610,105.775,105.825,104.375,104.45,29019.0,,活牛1610,86461.0,104.675,104.45
2016-09-14,LE1610,104.35,106.05,103.65,105.95,32747.0,,活牛1610,79391.0,105.8,105.95
2016-09-15,LE1610,106.4,107.5,106.225,106.8,19828.0,,活牛1610,72569.0,106.95,106.8
2016-09-16,LE1610,106.625,108.1,106.1,107.8,21995.0,,活牛1610,68593.0,107.875,107.8
2016-09-19,LE1610,108.05,108.2,107.175,107.825,18200.0,,活牛1610,65732.0,107.9,107.825
2016-09-20,LE1610,107.85,108.25,107.35,107.525,11641.0,,活牛1610,59201.0,107.675,107.525
2016-09-21,LE1610,107.975,109.225,107.925,108.5,15106.0,,活牛1610,54639.0,108.55,108.5
2016-09-22,LE1610,108.5,109.0,106.6,107.075,13403.0,,活牛1610,48635.0,107.075,107.075
2016-09-23,LE1610,106.625,107.575,104.425,107.325,18267.0,,活牛1610,44317.0,107.275,107.325
2016-09-26,LE1610,106.65,107.05,105.575,106.55,7436.0,,活牛1610,41370.0,106.825,106.55
2016-09-27,LE1610,106.3,106.3,103.825,103.825,14079.0,,活牛1610,41471.0,103.825,103.825
2016-09-28,LE1610,102.825,104.175,101.525,103.175,16229.0,,活牛1610,40347.0,103.475,103.175
2016-09-29,LE1610,103.8,104.0,101.65,101.8,9708.0,,活牛1610,36954.0,101.9,101.8
2016-09-30,LE1610,101.575,101.575,98.9,98.9,13589.0,,活牛1610,35078.0,98.9,98.9
2016-10-03,LE1610,98.525,99.7,97.35,98.775,9480.0,,活牛1610,32740.0,98.925,98.775
2016-10-04,LE1610,99.225,101.925,99.175,101.8,9075.0,,活牛1610,30168.0,101.9,101.8
2016-10-05,LE1610,102.05,102.975,101.3,102.85,7647.0,,活牛1610,27960.0,102.85,102.85
2016-10-06,LE1610,102.35,103.225,101.55,102.15,5710.0,,活牛1610,26004.0,102.425,102.15
2016-10-07,LE1610,101.675,102.425,101.625,101.825,6716.0,,活牛1610,24633.0,101.875,101.825
2016-10-10,LE1610,101.625,102.475,98.875,98.875,7508.0,,活牛1610,16720.0,98.875,98.875
2016-10-11,LE1610,98.275,99.475,96.675,96.675,3987.0,,活牛1610,14128.0,97.5,96.675
2016-10-12,LE1610,97.25,98.6,95.675,96.0,4414.0,,活牛1610,12734.0,96.75,96.0
2016-10-13,LE1610,96.725,97.125,94.3,94.475,3052.0,,活牛1610,10999.0,94.45,94.475
2016-10-14,LE1610,94.525,96.325,94.5,95.95,2401.0,,活牛1610,9528.0,95.9,95.95
2016-10-17,LE1610,95.775,98.0,95.75,97.225,1749.0,,活牛1610,8803.0,97.275,97.225
2016-10-18,LE1610,97.3,98.5,96.35,97.65,2984.0,,活牛1610,8248.0,97.75,97.65
2016-10-19,LE1610,97.625,98.1,95.85,95.9,2283.0,,活牛1610,6862.0,96.025,95.9
2016-10-20,LE1610,96.75,99.025,96.55,99.025,1741.0,,活牛1610,5868.0,99.025,99.025
2016-10-21,LE1610,99.35,102.3,99.35,101.225,1994.0,,活牛1610,5247.0,101.15,101.225
2016-10-24,LE1610,102.85,103.8,102.75,103.15,2404.0,,活牛1610,4224.0,103.125,103.15
2016-10-25,LE1610,103.05,103.375,102.5,102.65,1214.0,,活牛1610,2899.0,102.725,102.65
2016-10-26,LE1610,102.8,103.675,102.425,103.05,997.0,,活牛1610,2278.0,103.05,103.05
2016-10-27,LE1610,103.25,104.675,103.25,104.125,1211.0,,活牛1610,1731.0,104.125,104.125
2016-10-28,LE1610,104.4,104.975,103.825,104.2,1202.0,,活牛1610,1071.0,104.2,104.2
2016-10-31,LE1610,104.2,104.2,102.6,103.1,341.0,,活牛1610,287.0,103.1,103.1
