date,symbol,open,high,low,close,volume,amount,name,openinterest,settleprice,price
2015-10-30,LE1704,,,,132.525,0.0,,活牛1704,0.0,132.525,132.525
2015-11-02,LE1704,,,,132.4,0.0,,活牛1704,0.0,132.4,132.4
2015-11-03,LE1704,132.25,132.25,132.25,132.25,4.0,,活牛1704,0.0,132.25,132.25
2015-11-04,LE1704,,,,132.0,0.0,,活牛1704,4.0,132.0,132.0
2015-11-05,LE1704,,,,131.5,0.0,,活牛1704,4.0,129.1,131.5
2015-11-06,LE1704,128.175,128.175,128.175,128.175,3.0,,活牛1704,4.0,128.175,128.175
2015-11-09,LE1704,,,,125.175,0.0,,活牛1704,6.0,125.175,125.175
2015-11-10,LE1704,,,,123.225,0.0,,活牛1704,6.0,123.225,123.225
2015-11-11,LE1704,,,,125.1,0.0,,活牛1704,6.0,125.1,125.1
2015-11-12,LE1704,,,,125.7,0.0,,活牛1704,6.0,125.7,125.7
2015-11-13,LE1704,,,,124.9,0.0,,活牛1704,6.0,124.3,124.9
2015-11-16,LE1704,,,,121.825,0.0,,活牛1704,6.0,121.825,121.825
2015-11-17,LE1704,,,,122.45,0.0,,活牛1704,6.0,122.1,122.45
2015-11-18,LE1704,124.5,124.5,123.75,123.75,39.0,,活牛1704,6.0,124.0,123.75
2015-11-19,LE1704,,,,123.125,0.0,,活牛1704,44.0,123.125,123.125
2015-11-20,LE1704,124.025,124.025,122.7,123.6,43.0,,活牛1704,44.0,123.6,123.6
2015-11-23,LE1704,123.525,124.35,123.2,123.2,70.0,,活牛1704,82.0,124.25,123.2
2015-11-24,LE1704,123.6,123.6,122.7,123.5,18.0,,活牛1704,121.0,123.5,123.5
2015-11-25,LE1704,,,,123.75,0.0,,活牛1704,122.0,123.95,123.75
2015-11-27,LE1704,124.425,124.425,124.425,124.425,1.0,,活牛1704,122.0,124.425,124.425
2015-11-30,LE1704,123.75,123.875,122.75,123.85,15.0,,活牛1704,122.0,123.6,123.85
2015-12-01,LE1704,123.0,124.2,122.75,124.1,24.0,,活牛1704,122.0,123.975,124.1
2015-12-02,LE1704,123.0,123.0,122.9,122.9,12.0,,活牛1704,142.0,122.9,122.9
2015-12-03,LE1704,122.075,122.075,122.0,122.0,2.0,,活牛1704,152.0,122.0,122.0
2015-12-04,LE1704,122.75,122.75,121.225,121.6,18.0,,活牛1704,154.0,121.6,121.6
2015-12-07,LE1704,120.1,120.3,120.05,120.3,5.0,,活牛1704,172.0,120.3,120.3
2015-12-08,LE1704,120.0,120.325,119.325,119.5,24.0,,活牛1704,172.0,119.225,119.5
2015-12-09,LE1704,117.775,118.15,116.225,116.75,35.0,,活牛1704,184.0,116.95,116.75
2015-12-10,LE1704,116.25,118.25,116.25,117.35,61.0,,活牛1704,203.0,117.65,117.35
2015-12-11,LE1704,116.875,117.4,116.825,116.825,20.0,,活牛1704,227.0,117.025,116.825
2015-12-14,LE1704,115.75,115.75,114.75,115.05,13.0,,活牛1704,242.0,114.75,115.05
2015-12-15,LE1704,115.6,115.875,115.125,115.25,15.0,,活牛1704,253.0,115.125,115.25
2015-12-16,LE1704,115.2,115.45,115.0,115.35,24.0,,活牛1704,265.0,115.45,115.35
2015-12-17,LE1704,114.45,115.4,114.45,115.4,12.0,,活牛1704,282.0,114.775,115.4
2015-12-18,LE1704,116.0,117.775,116.0,117.775,50.0,,活牛1704,291.0,117.775,117.775
2015-12-21,LE1704,119.0,120.75,119.0,119.0,59.0,,活牛1704,319.0,120.0,119.0
2015-12-22,LE1704,119.4,120.0,119.4,119.65,91.0,,活牛1704,348.0,119.65,119.65
2015-12-23,LE1704,120.0,121.0,119.65,120.625,160.0,,活牛1704,407.0,120.9,120.625
2015-12-24,LE1704,120.9,121.6,120.0,121.4,57.0,,活牛1704,515.0,121.6,121.4
2015-12-28,LE1704,122.0,122.0,120.95,121.225,22.0,,活牛1704,544.0,121.45,121.225
2015-12-29,LE1704,121.3,121.875,121.3,121.825,7.0,,活牛1704,551.0,121.6,121.825
2015-12-30,LE1704,122.0,122.75,122.0,122.6,49.0,,活牛1704,554.0,122.6,122.6
2015-12-31,LE1704,122.4,122.75,122.0,122.5,21.0,,活牛1704,591.0,122.725,122.5
2016-01-04,LE1704,121.825,123.0,121.725,122.725,51.0,,活牛1704,602.0,122.475,122.725
2016-01-05,LE1704,122.95,123.0,122.25,122.4,30.0,,活牛1704,636.0,122.275,122.4
2016-01-06,LE1704,122.0,122.85,121.325,122.5,88.0,,活牛1704,652.0,122.75,122.5
2016-01-07,LE1704,121.85,122.0,120.0,120.0,42.0,,活牛1704,688.0,120.0,120.0
2016-01-08,LE1704,121.0,121.0,118.8,119.3,35.0,,活牛1704,708.0,119.5,119.3
2016-01-11,LE1704,119.0,119.35,118.65,118.9,98.0,,活牛1704,718.0,118.9,118.9
2016-01-12,LE1704,119.225,119.55,118.35,118.85,64.0,,活牛1704,771.0,119.025,118.85
2016-01-13,LE1704,119.325,119.325,118.175,118.6,43.0,,活牛1704,798.0,119.025,118.6
2016-01-14,LE1704,118.275,119.125,117.7,117.7,25.0,,活牛1704,808.0,117.9,117.7
2016-01-15,LE1704,116.5,116.5,114.9,115.4,108.0,,活牛1704,803.0,115.5,115.4
2016-01-19,LE1704,116.75,117.325,116.4,116.4,20.0,,活牛1704,796.0,117.05,116.4
2016-01-20,LE1704,115.175,116.525,114.75,116.1,48.0,,活牛1704,797.0,115.5,116.1
2016-01-21,LE1704,116.875,118.475,116.875,117.675,82.0,,活牛1704,786.0,118.1,117.675
2016-01-22,LE1704,118.75,119.575,118.725,119.575,70.0,,活牛1704,814.0,119.55,119.575
2016-01-25,LE1704,119.55,119.575,118.5,118.65,34.0,,活牛1704,812.0,118.65,118.65
2016-01-26,LE1704,118.8,119.75,118.5,118.9,27.0,,活牛1704,827.0,119.425,118.9
2016-01-27,LE1704,119.375,120.45,119.375,120.2,113.0,,活牛1704,825.0,120.4,120.2
2016-01-28,LE1704,120.75,120.9,120.0,120.0,89.0,,活牛1704,867.0,120.1,120.0
2016-01-29,LE1704,120.175,120.6,118.2,118.775,118.0,,活牛1704,906.0,118.95,118.775
2016-02-01,LE1704,118.725,119.6,118.05,119.4,89.0,,活牛1704,950.0,119.6,119.4
2016-02-02,LE1704,119.7,120.0,119.5,119.8,50.0,,活牛1704,991.0,120.0,119.8
2016-02-03,LE1704,120.3,120.975,120.2,120.525,41.0,,活牛1704,1024.0,120.45,120.525
2016-02-04,LE1704,120.475,120.975,119.75,119.95,37.0,,活牛1704,1044.0,120.0,119.95
2016-02-05,LE1704,119.7,119.8,118.4,118.675,127.0,,活牛1704,1071.0,119.325,118.675
2016-02-08,LE1704,118.0,118.0,116.325,116.325,110.0,,活牛1704,1149.0,116.325,116.325
2016-02-09,LE1704,116.325,116.85,115.875,116.6,110.0,,活牛1704,1196.0,116.175,116.6
2016-02-10,LE1704,116.55,117.5,116.525,116.875,99.0,,活牛1704,1205.0,117.225,116.875
2016-02-11,LE1704,115.4,116.425,115.0,115.85,111.0,,活牛1704,1248.0,115.675,115.85
2016-02-12,LE1704,116.2,116.35,114.975,115.125,111.0,,活牛1704,1271.0,115.125,115.125
2016-02-16,LE1704,115.6,117.4,114.75,117.4,94.0,,活牛1704,1312.0,117.375,117.4
2016-02-17,LE1704,117.375,118.75,117.35,117.35,125.0,,活牛1704,1337.0,117.5,117.35
2016-02-18,LE1704,117.825,118.2,117.475,117.875,159.0,,活牛1704,1342.0,117.875,117.875
2016-02-19,LE1704,117.5,117.825,117.075,117.475,67.0,,活牛1704,1412.0,117.3,117.475
2016-02-22,LE1704,117.4,119.2,117.4,118.25,194.0,,活牛1704,1439.0,118.375,118.25
2016-02-23,LE1704,118.2,119.25,118.1,118.85,122.0,,活牛1704,1554.0,118.875,118.85
2016-02-24,LE1704,118.95,119.75,118.55,119.4,105.0,,活牛1704,1597.0,119.75,119.4
2016-02-25,LE1704,120.025,120.325,119.7,120.0,223.0,,活牛1704,1586.0,119.975,120.0
2016-02-26,LE1704,119.9,120.15,119.25,119.825,369.0,,活牛1704,1573.0,119.975,119.825
2016-02-29,LE1704,119.75,120.175,119.35,119.975,188.0,,活牛1704,1582.0,120.125,119.975
2016-03-01,LE1704,119.775,119.775,118.85,119.4,131.0,,活牛1704,1647.0,119.525,119.4
2016-03-02,LE1704,119.65,119.65,118.6,118.775,68.0,,活牛1704,1704.0,118.875,118.775
2016-03-03,LE1704,118.9,119.025,118.45,119.0,125.0,,活牛1704,1705.0,119.0,119.0
2016-03-04,LE1704,119.025,119.775,118.8,119.625,165.0,,活牛1704,1755.0,119.7,119.625
2016-03-07,LE1704,119.1,119.725,118.75,119.65,120.0,,活牛1704,1787.0,119.6,119.65
2016-03-08,LE1704,119.325,120.025,118.65,119.775,317.0,,活牛1704,1808.0,119.75,119.775
2016-03-09,LE1704,119.35,120.0,119.35,119.925,112.0,,活牛1704,1889.0,119.975,119.925
2016-03-10,LE1704,120.1,120.55,119.95,120.375,257.0,,活牛1704,1932.0,120.5,120.375
2016-03-11,LE1704,120.525,121.5,120.0,120.175,350.0,,活牛1704,2096.0,120.4,120.175
2016-03-14,LE1704,120.075,120.7,119.875,120.425,208.0,,活牛1704,2241.0,120.475,120.425
2016-03-15,LE1704,120.375,121.275,120.375,120.775,579.0,,活牛1704,2337.0,120.85,120.775
2016-03-16,LE1704,120.4,121.2,120.4,121.05,334.0,,活牛1704,2663.0,121.075,121.05
2016-03-17,LE1704,121.2,121.5,120.625,120.725,324.0,,活牛1704,2868.0,120.75,120.725
2016-03-18,LE1704,120.475,120.5,118.9,118.9,625.0,,活牛1704,3051.0,119.45,118.9
2016-03-21,LE1704,118.725,119.175,118.0,118.275,618.0,,活牛1704,3269.0,118.3,118.275
2016-03-22,LE1704,117.75,118.1,116.325,117.1,417.0,,活牛1704,3633.0,117.425,117.1
2016-03-23,LE1704,117.475,117.65,116.225,116.425,189.0,,活牛1704,3807.0,116.95,116.425
2016-03-24,LE1704,116.95,117.575,116.275,117.35,168.0,,活牛1704,3823.0,117.575,117.35
2016-03-28,LE1704,117.175,117.75,117.0,117.5,127.0,,活牛1704,3829.0,117.625,117.5
2016-03-29,LE1704,117.8,118.125,116.875,117.575,109.0,,活牛1704,3849.0,117.7,117.575
2016-03-30,LE1704,117.1,117.1,115.375,115.575,132.0,,活牛1704,3861.0,115.7,115.575
2016-03-31,LE1704,115.225,117.7,114.875,117.5,345.0,,活牛1704,3862.0,117.525,117.5
2016-04-01,LE1704,117.475,117.5,116.675,116.925,211.0,,活牛1704,3839.0,117.25,116.925
2016-04-04,LE1704,117.5,117.625,116.825,116.9,145.0,,活牛1704,3868.0,117.2,116.9
2016-04-05,LE1704,116.5,116.9,114.475,115.05,224.0,,活牛1704,3865.0,115.025,115.05
2016-04-06,LE1704,114.975,116.25,114.975,115.225,406.0,,活牛1704,3881.0,115.375,115.225
2016-04-07,LE1704,115.175,116.0,114.15,115.625,319.0,,活牛1704,3905.0,116.0,115.625
2016-04-08,LE1704,116.675,117.125,116.525,117.025,198.0,,活牛1704,3942.0,117.0,117.025
2016-04-11,LE1704,117.1,117.35,115.825,115.825,138.0,,活牛1704,3963.0,116.425,115.825
2016-04-12,LE1704,116.0,116.4,115.45,115.75,120.0,,活牛1704,3960.0,115.875,115.75
2016-04-13,LE1704,116.05,116.325,114.975,115.3,181.0,,活牛1704,3981.0,115.675,115.3
2016-04-14,LE1704,115.275,116.2,115.2,115.275,147.0,,活牛1704,4034.0,115.45,115.275
2016-04-15,LE1704,115.8,116.5,115.55,116.025,279.0,,活牛1704,4033.0,116.05,116.025
2016-04-18,LE1704,115.2,115.2,113.05,114.0,271.0,,活牛1704,4051.0,114.125,114.0
2016-04-19,LE1704,113.95,114.75,113.025,113.825,154.0,,活牛1704,4088.0,113.85,113.825
2016-04-20,LE1704,113.7,114.1,112.8,112.875,168.0,,活牛1704,4116.0,113.0,112.875
2016-04-21,LE1704,113.0,113.525,112.05,112.55,520.0,,活牛1704,4169.0,112.475,112.55
2016-04-22,LE1704,112.475,112.475,109.65,110.125,433.0,,活牛1704,4292.0,110.2,110.125
2016-04-25,LE1704,110.9,111.575,110.625,111.525,399.0,,活牛1704,4290.0,111.525,111.525
2016-04-26,LE1704,112.0,113.275,111.85,113.175,413.0,,活牛1704,4370.0,113.25,113.175
2016-04-27,LE1704,113.2,113.75,111.725,112.475,349.0,,活牛1704,4458.0,112.775,112.475
2016-04-28,LE1704,112.125,112.5,110.0,110.825,464.0,,活牛1704,4549.0,111.025,110.825
2016-04-29,LE1704,110.8,111.85,110.025,111.325,719.0,,活牛1704,4630.0,111.325,111.325
2016-05-02,LE1704,111.775,113.05,111.625,112.525,282.0,,活牛1704,4845.0,112.45,112.525
2016-05-03,LE1704,112.9,112.925,112.225,112.425,472.0,,活牛1704,4928.0,112.75,112.425
2016-05-04,LE1704,111.9,113.1,111.875,113.075,288.0,,活牛1704,4941.0,112.975,113.075
2016-05-05,LE1704,113.075,114.35,112.975,114.175,593.0,,活牛1704,4994.0,114.3,114.175
2016-05-06,LE1704,114.2,114.9,114.025,114.9,318.0,,活牛1704,5047.0,114.825,114.9
2016-05-09,LE1704,116.15,117.0,115.4,116.05,753.0,,活牛1704,5097.0,116.075,116.05
2016-05-10,LE1704,116.0,116.475,115.6,116.375,303.0,,活牛1704,5160.0,116.25,116.375
2016-05-11,LE1704,116.1,116.65,115.45,115.45,378.0,,活牛1704,5237.0,115.925,115.45
2016-05-12,LE1704,115.775,116.35,114.55,114.575,857.0,,活牛1704,5285.0,114.9,114.575
2016-05-13,LE1704,115.1,115.15,112.275,114.6,569.0,,活牛1704,5412.0,114.3,114.6
2016-05-16,LE1704,115.0,115.75,115.0,115.35,330.0,,活牛1704,5503.0,115.275,115.35
2016-05-17,LE1704,115.375,115.775,114.8,115.575,278.0,,活牛1704,5517.0,115.675,115.575
2016-05-18,LE1704,115.225,116.35,115.225,116.325,365.0,,活牛1704,5526.0,116.325,116.325
2016-05-19,LE1704,116.25,116.25,114.2,115.25,487.0,,活牛1704,5529.0,115.35,115.25
2016-05-20,LE1704,115.025,115.625,114.75,115.375,404.0,,活牛1704,5628.0,115.4,115.375
2016-05-23,LE1704,113.725,114.05,112.4,112.4,670.0,,活牛1704,5721.0,112.6,112.4
2016-05-24,LE1704,112.45,113.175,111.4,112.375,572.0,,活牛1704,5713.0,112.325,112.375
2016-05-25,LE1704,112.55,112.875,112.325,112.7,166.0,,活牛1704,5663.0,112.65,112.7
2016-05-26,LE1704,112.6,113.875,111.25,113.6,583.0,,活牛1704,5632.0,113.825,113.6
2016-05-27,LE1704,113.625,114.475,113.625,114.3,529.0,,活牛1704,5626.0,114.3,114.3
2016-05-31,LE1704,114.5,115.275,114.375,114.65,383.0,,活牛1704,5586.0,114.5,114.65
2016-06-01,LE1704,114.45,115.425,113.575,115.225,740.0,,活牛1704,5580.0,115.35,115.225
2016-06-02,LE1704,115.2,116.125,115.2,115.975,636.0,,活牛1704,5693.0,115.95,115.975
2016-06-03,LE1704,116.0,116.35,115.35,116.2,1416.0,,活牛1704,5806.0,116.3,116.2
2016-06-06,LE1704,116.45,117.325,114.175,115.4,1085.0,,活牛1704,5922.0,115.9,115.4
2016-06-07,LE1704,115.7,116.325,115.275,115.4,917.0,,活牛1704,6034.0,115.7,115.4
2016-06-08,LE1704,115.55,117.55,114.7,117.3,585.0,,活牛1704,6095.0,117.475,117.3
2016-06-09,LE1704,117.25,117.525,116.525,116.575,515.0,,活牛1704,6255.0,116.975,116.575
2016-06-10,LE1704,116.875,116.875,115.475,115.85,616.0,,活牛1704,6315.0,115.7,115.85
2016-06-13,LE1704,115.425,115.425,112.725,113.025,811.0,,活牛1704,6270.0,113.2,113.025
2016-06-14,LE1704,113.275,115.025,112.65,114.425,917.0,,活牛1704,6263.0,114.875,114.425
2016-06-15,LE1704,114.825,114.825,113.3,113.825,854.0,,活牛1704,6489.0,113.875,113.825
2016-06-16,LE1704,114.0,114.0,112.25,113.375,1507.0,,活牛1704,6406.0,113.45,113.375
2016-06-17,LE1704,113.075,114.375,112.825,112.825,448.0,,活牛1704,6576.0,112.95,112.825
2016-06-20,LE1704,112.95,112.95,110.775,111.475,669.0,,活牛1704,6630.0,111.6,111.475
2016-06-21,LE1704,111.6,112.675,111.125,112.15,722.0,,活牛1704,6737.0,112.05,112.15
2016-06-22,LE1704,112.05,112.775,111.025,112.025,625.0,,活牛1704,6972.0,112.0,112.025
2016-06-23,LE1704,112.0,113.275,111.825,113.05,763.0,,活牛1704,6996.0,113.15,113.05
2016-06-24,LE1704,111.825,112.4,110.45,111.55,1501.0,,活牛1704,7237.0,111.4,111.55
2016-06-27,LE1704,111.8,112.95,111.625,112.15,1049.0,,活牛1704,7476.0,112.275,112.15
2016-06-28,LE1704,112.6,112.85,112.4,112.45,576.0,,活牛1704,7798.0,112.55,112.45
2016-06-29,LE1704,112.75,113.3,112.725,113.025,714.0,,活牛1704,7993.0,113.0,113.025
2016-06-30,LE1704,113.25,113.625,112.8,113.2,1126.0,,活牛1704,8055.0,113.5,113.2
2016-07-01,LE1704,113.525,113.9,112.175,112.225,946.0,,活牛1704,8159.0,112.425,112.225
2016-07-05,LE1704,112.325,113.35,110.325,113.35,958.0,,活牛1704,8316.0,113.3,113.35
2016-07-06,LE1704,113.3,113.5,112.275,112.275,1566.0,,活牛1704,8403.0,112.625,112.275
2016-07-07,LE1704,112.625,112.975,111.85,111.875,886.0,,活牛1704,8564.0,112.3,111.875
2016-07-08,LE1704,112.275,113.375,111.775,112.95,1401.0,,活牛1704,8732.0,113.1,112.95
2016-07-11,LE1704,112.825,113.0,110.375,110.75,1736.0,,活牛1704,8603.0,110.575,110.75
2016-07-12,LE1704,110.675,111.025,109.3,110.225,1313.0,,活牛1704,8555.0,110.5,110.225
2016-07-13,LE1704,110.4,111.5,110.025,111.175,1374.0,,活牛1704,9031.0,111.375,111.175
2016-07-14,LE1704,111.2,112.8,111.2,112.1,906.0,,活牛1704,9501.0,112.45,112.1
2016-07-15,LE1704,112.125,112.525,110.4,110.5,1008.0,,活牛1704,9765.0,110.625,110.5
2016-07-18,LE1704,110.0,111.5,109.7,111.325,1092.0,,活牛1704,9888.0,111.225,111.325
2016-07-19,LE1704,111.075,111.525,109.9,109.95,696.0,,活牛1704,10115.0,110.075,109.95
2016-07-20,LE1704,109.75,110.4,108.7,108.8,941.0,,活牛1704,10244.0,109.15,108.8
2016-07-21,LE1704,109.0,109.1,106.575,106.8,1476.0,,活牛1704,10460.0,106.825,106.8
2016-07-22,LE1704,106.825,108.75,106.775,108.55,1256.0,,活牛1704,10514.0,108.525,108.55
2016-07-25,LE1704,109.275,111.0,109.25,111.0,3162.0,,活牛1704,10920.0,110.95,111.0
2016-07-26,LE1704,111.0,111.875,110.5,111.55,1567.0,,活牛1704,12374.0,111.725,111.55
2016-07-27,LE1704,111.2,111.9,111.15,111.675,1085.0,,活牛1704,12756.0,111.7,111.675
2016-07-28,LE1704,111.5,112.175,110.075,110.075,1409.0,,活牛1704,12915.0,110.4,110.075
2016-07-29,LE1704,110.125,110.875,109.725,110.2,1741.0,,活牛1704,13295.0,110.225,110.2
2016-08-01,LE1704,110.65,112.825,110.65,112.35,3169.0,,活牛1704,13732.0,112.3,112.35
2016-08-02,LE1704,112.475,112.85,111.425,112.275,2648.0,,活牛1704,14556.0,112.275,112.275
2016-08-03,LE1704,112.225,113.325,112.1,113.15,2321.0,,活牛1704,15224.0,113.225,113.15
2016-08-04,LE1704,113.1,113.8,111.85,112.0,2414.0,,活牛1704,15509.0,112.425,112.0
2016-08-05,LE1704,112.75,113.55,112.2,113.375,2623.0,,活牛1704,15760.0,113.45,113.375
2016-08-08,LE1704,113.45,114.25,113.225,114.05,3260.0,,活牛1704,16442.0,114.15,114.05
2016-08-09,LE1704,114.0,114.975,113.7,114.575,2669.0,,活牛1704,17056.0,114.6,114.575
2016-08-10,LE1704,114.525,114.8,113.925,114.25,2941.0,,活牛1704,17373.0,114.3,114.25
2016-08-11,LE1704,114.25,114.3,112.45,113.225,2523.0,,活牛1704,17876.0,113.475,113.225
2016-08-12,LE1704,113.4,113.725,112.65,113.125,1183.0,,活牛1704,18216.0,113.125,113.125
2016-08-15,LE1704,113.375,113.9,113.1,113.3,1222.0,,活牛1704,18474.0,113.475,113.3
2016-08-16,LE1704,113.25,113.425,112.2,112.25,1290.0,,活牛1704,18744.0,112.45,112.25
2016-08-17,LE1704,112.175,112.8,111.9,112.05,968.0,,活牛1704,18791.0,112.2,112.05
2016-08-18,LE1704,112.1,112.25,110.675,110.725,1221.0,,活牛1704,18994.0,110.875,110.725
2016-08-19,LE1704,110.85,111.2,110.25,110.6,1727.0,,活牛1704,19101.0,110.85,110.6
2016-08-22,LE1704,110.75,111.6,109.875,110.575,1975.0,,活牛1704,19331.0,110.825,110.575
2016-08-23,LE1704,110.425,110.525,109.775,110.075,1482.0,,活牛1704,19462.0,110.075,110.075
2016-08-24,LE1704,110.025,110.025,108.65,108.65,1585.0,,活牛1704,19476.0,108.85,108.65
2016-08-25,LE1704,108.675,108.95,108.225,108.575,1732.0,,活牛1704,19668.0,108.575,108.575
2016-08-26,LE1704,108.575,109.325,107.2,107.275,2552.0,,活牛1704,20045.0,107.3,107.275
2016-08-29,LE1704,106.75,107.35,106.125,106.525,4452.0,,活牛1704,20530.0,106.6,106.525
2016-08-30,LE1704,106.7,108.675,105.45,108.45,6005.0,,活牛1704,20146.0,108.55,108.45
2016-08-31,LE1704,108.5,108.7,106.9,107.55,4258.0,,活牛1704,20749.0,107.9,107.55
2016-09-01,LE1704,107.8,107.8,105.225,105.3,5239.0,,活牛1704,20872.0,105.475,105.3
2016-09-02,LE1704,105.275,105.725,103.725,103.85,5791.0,,活牛1704,20669.0,103.95,103.85
2016-09-06,LE1704,103.5,104.1,102.25,102.25,4608.0,,活牛1704,20730.0,102.75,102.25
2016-09-07,LE1704,102.5,104.475,102.225,104.0,4085.0,,活牛1704,21853.0,104.175,104.0
2016-09-08,LE1704,103.95,104.425,101.65,102.775,4469.0,,活牛1704,22759.0,102.8,102.775
2016-09-09,LE1704,102.7,104.975,102.325,104.025,8155.0,,活牛1704,24210.0,104.3,104.025
2016-09-12,LE1704,104.3,106.4,104.275,105.775,5493.0,,活牛1704,26443.0,105.7,105.775
2016-09-13,LE1704,105.625,105.7,104.275,104.8,2838.0,,活牛1704,27058.0,104.95,104.8
2016-09-14,LE1704,104.6,105.675,103.925,105.475,3124.0,,活牛1704,27745.0,105.375,105.475
2016-09-15,LE1704,105.65,106.35,105.4,105.975,4816.0,,活牛1704,28208.0,106.0,105.975
2016-09-16,LE1704,105.675,107.25,105.525,107.15,3293.0,,活牛1704,30126.0,107.1,107.15
2016-09-19,LE1704,107.125,107.5,106.225,107.1,3857.0,,活牛1704,30716.0,107.25,107.1
2016-09-20,LE1704,107.0,107.425,106.575,106.85,3799.0,,活牛1704,31623.0,106.975,106.85
2016-09-21,LE1704,107.1,108.075,107.05,107.8,5697.0,,活牛1704,32086.0,107.875,107.8
2016-09-22,LE1704,107.8,108.375,106.4,106.65,5734.0,,活牛1704,33210.0,106.825,106.65
2016-09-23,LE1704,106.2,106.725,103.95,106.625,7078.0,,活牛1704,34558.0,106.475,106.625
2016-09-26,LE1704,105.675,106.025,104.625,105.625,3145.0,,活牛1704,35357.0,105.775,105.625
2016-09-27,LE1704,105.325,105.375,103.075,103.075,5888.0,,活牛1704,35634.0,103.375,103.075
2016-09-28,LE1704,102.525,104.775,102.05,103.4,6453.0,,活牛1704,35459.0,103.6,103.4
2016-09-29,LE1704,103.9,104.225,102.65,102.7,4059.0,,活牛1704,35564.0,102.8,102.7
2016-09-30,LE1704,102.35,102.525,99.8,100.35,9199.0,,活牛1704,35257.0,100.3,100.35
2016-10-03,LE1704,100.5,101.425,99.825,100.325,10203.0,,活牛1704,36387.0,100.25,100.325
2016-10-04,LE1704,100.55,102.975,100.4,102.75,4745.0,,活牛1704,36484.0,102.9,102.75
2016-10-05,LE1704,102.9,103.2,101.925,102.975,4937.0,,活牛1704,36633.0,103.05,102.975
2016-10-06,LE1704,102.5,103.3,101.9,102.5,5679.0,,活牛1704,36640.0,102.95,102.5
2016-10-07,LE1704,102.15,103.175,102.05,102.925,5761.0,,活牛1704,37658.0,103.075,102.925
2016-10-10,LE1704,102.825,103.5,100.075,100.45,10306.0,,活牛1704,37927.0,100.625,100.45
2016-10-11,LE1704,100.425,101.725,99.725,99.825,8856.0,,活牛1704,38625.0,100.375,99.825
2016-10-12,LE1704,99.9,100.625,98.525,98.775,12406.0,,活牛1704,38354.0,99.275,98.775
2016-10-13,LE1704,98.825,99.2,97.25,97.375,9089.0,,活牛1704,38668.0,97.35,97.375
2016-10-14,LE1704,97.375,99.2,97.275,98.675,6479.0,,活牛1704,38882.0,98.775,98.675
2016-10-17,LE1704,98.85,100.475,98.5,100.0,5827.0,,活牛1704,39740.0,99.875,100.0
2016-10-18,LE1704,99.95,100.625,99.225,100.025,7068.0,,活牛1704,40179.0,100.125,100.025
2016-10-19,LE1704,99.925,100.15,98.2,98.225,7083.0,,活牛1704,41150.0,98.325,98.225
2016-10-20,LE1704,98.7,100.925,98.65,100.625,8302.0,,活牛1704,41765.0,100.725,100.625
2016-10-21,LE1704,100.75,102.575,100.675,102.125,11480.0,,活牛1704,43295.0,102.075,102.125
2016-10-24,LE1704,103.425,104.425,103.0,103.825,12403.0,,活牛1704,44922.0,103.825,103.825
2016-10-25,LE1704,103.575,104.75,103.525,103.6,6555.0,,活牛1704,48000.0,103.7,103.6
2016-10-26,LE1704,103.7,104.85,103.525,104.45,5949.0,,活牛1704,48749.0,104.6,104.45
2016-10-27,LE1704,104.6,105.675,104.5,104.875,7356.0,,活牛1704,49467.0,104.925,104.875
2016-10-28,LE1704,105.0,105.675,104.125,104.275,7040.0,,活牛1704,50069.0,104.25,104.275
2016-10-31,LE1704,104.15,104.475,103.65,103.725,5634.0,,活牛1704,51478.0,103.775,103.725
2016-11-01,LE1704,103.75,105.95,103.75,105.9,7689.0,,活牛1704,52236.0,105.75,105.9
2016-11-02,LE1704,105.925,106.275,105.425,106.125,8461.0,,活牛1704,52877.0,106.125,106.125
2016-11-03,LE1704,105.65,105.95,104.35,105.25,7075.0,,活牛1704,54276.0,105.1,105.25
2016-11-04,LE1704,104.825,104.95,103.4,104.35,8559.0,,活牛1704,54782.0,104.35,104.35
2016-11-07,LE1704,104.075,104.225,101.95,102.9,13515.0,,活牛1704,55749.0,103.15,102.9
2016-11-08,LE1704,102.775,104.8,102.7,104.45,9623.0,,活牛1704,54869.0,104.5,104.45
2016-11-09,LE1704,104.0,105.1,103.775,104.8,10233.0,,活牛1704,55297.0,104.725,104.8
2016-11-10,LE1704,105.0,105.975,104.675,105.375,8600.0,,活牛1704,55997.0,105.3,105.375
2016-11-11,LE1704,105.625,106.175,105.05,106.15,8531.0,,活牛1704,56967.0,106.1,106.15
2016-11-14,LE1704,105.95,106.9,105.55,106.45,9091.0,,活牛1704,57668.0,106.225,106.45
2016-11-15,LE1704,106.05,107.0,105.775,106.975,8229.0,,活牛1704,58320.0,106.95,106.975
2016-11-16,LE1704,106.8,108.85,106.775,108.725,12588.0,,活牛1704,59575.0,108.625,108.725
2016-11-17,LE1704,108.95,109.275,108.15,109.05,9064.0,,活牛1704,59169.0,108.975,109.05
2016-11-18,LE1704,108.925,109.4,108.6,109.0,7715.0,,活牛1704,58779.0,108.9,109.0
2016-11-21,LE1704,108.9,110.45,108.9,109.5,11603.0,,活牛1704,59228.0,109.525,109.5
2016-11-22,LE1704,109.25,110.125,108.95,109.875,8508.0,,活牛1704,61670.0,109.85,109.875
2016-11-23,LE1704,109.8,110.475,109.35,110.4,7094.0,,活牛1704,64164.0,110.4,110.4
2016-11-25,LE1704,110.825,111.725,110.775,111.5,9367.0,,活牛1704,65007.0,111.575,111.5
2016-11-28,LE1704,111.15,111.875,110.45,110.575,9873.0,,活牛1704,66233.0,110.8,110.575
2016-11-29,LE1704,110.375,110.75,109.625,110.175,9689.0,,活牛1704,67673.0,110.2,110.175
2016-11-30,LE1704,110.375,111.925,110.3,111.675,9546.0,,活牛1704,67908.0,111.725,111.675
2016-12-01,LE1704,112.0,112.65,110.95,111.075,12051.0,,活牛1704,68053.0,111.225,111.075
2016-12-02,LE1704,111.0,111.175,108.65,108.875,13442.0,,活牛1704,69365.0,109.05,108.875
2016-12-05,LE1704,108.975,109.8,108.5,109.175,7421.0,,活牛1704,69207.0,108.975,109.175
2016-12-06,LE1704,109.5,111.275,108.4,110.775,7636.0,,活牛1704,69626.0,111.025,110.775
2016-12-07,LE1704,110.8,111.4,109.5,110.625,10490.0,,活牛1704,70017.0,110.8,110.625
2016-12-08,LE1704,110.475,111.375,108.9,110.125,11307.0,,活牛1704,69283.0,110.425,110.125
2016-12-09,LE1704,109.725,110.35,109.0,110.25,8958.0,,活牛1704,68732.0,110.25,110.25
2016-12-12,LE1704,110.15,112.9,109.775,112.225,14370.0,,活牛1704,66968.0,112.2,112.225
2016-12-13,LE1704,112.3,113.6,112.225,113.125,11706.0,,活牛1704,67786.0,113.225,113.125
2016-12-14,LE1704,113.0,113.6,112.225,112.875,7920.0,,活牛1704,68037.0,112.75,112.875
2016-12-15,LE1704,112.55,112.925,111.85,112.25,10523.0,,活牛1704,68784.0,112.35,112.25
2016-12-16,LE1704,112.425,113.75,112.425,113.6,12065.0,,活牛1704,69908.0,113.6,113.6
2016-12-19,LE1704,113.425,114.175,113.025,114.15,11880.0,,活牛1704,69815.0,114.125,114.15
2016-12-20,LE1704,113.85,114.775,113.2,113.9,13274.0,,活牛1704,69786.0,113.825,113.9
2016-12-21,LE1704,113.55,114.55,113.425,114.5,10234.0,,活牛1704,71617.0,114.45,114.5
2016-12-22,LE1704,114.475,115.2,114.2,114.675,12396.0,,活牛1704,72775.0,114.75,114.675
2016-12-23,LE1704,114.625,115.075,113.325,114.25,9826.0,,活牛1704,74151.0,114.325,114.25
2016-12-27,LE1704,114.15,114.55,113.6,113.9,6432.0,,活牛1704,74135.0,113.975,113.9
2016-12-28,LE1704,113.95,115.225,113.825,114.875,8963.0,,活牛1704,74621.0,115.15,114.875
2016-12-29,LE1704,115.25,115.925,114.375,115.7,13080.0,,活牛1704,74551.0,115.75,115.7
2016-12-30,LE1704,115.75,116.425,113.775,114.675,17713.0,,活牛1704,76830.0,114.575,114.675
2017-01-11,LE1704,118.1,118.575,117.125,117.125,34882.0,,活牛1704,102936.0,117.9,117.125
2017-01-12,LE1704,117.175,117.375,115.05,116.15,30979.0,,活牛1704,107996.0,116.475,116.15
2017-01-13,LE1704,116.125,118.0,115.8,117.8,30060.0,,活牛1704,113555.0,117.925,117.8
2017-01-17,LE1704,118.15,119.125,118.0,119.0,22711.0,,活牛1704,122288.0,119.0,119.0
2017-01-18,LE1704,118.825,119.6,118.5,119.45,22281.0,,活牛1704,128355.0,119.4,119.45
2017-01-19,LE1704,119.35,120.325,119.075,119.775,22091.0,,活牛1704,132231.0,119.875,119.775
2017-01-20,LE1704,119.75,119.875,117.875,118.95,22337.0,,活牛1704,139239.0,118.975,118.95
2017-01-23,LE1704,118.775,119.25,118.15,119.15,16302.0,,活牛1704,141914.0,119.175,119.15
2017-01-24,LE1704,119.125,119.775,117.975,118.2,22597.0,,活牛1704,145147.0,118.4,118.2
2017-01-25,LE1704,118.3,119.35,117.65,118.45,20987.0,,活牛1704,147414.0,118.675,118.45
2017-01-26,LE1704,118.35,118.675,116.95,117.35,23822.0,,活牛1704,149024.0,117.575,117.35
2017-01-27,LE1704,117.275,117.7,116.75,117.0,18968.0,,活牛1704,150758.0,117.325,117.0
2017-01-30,LE1704,115.1,115.7,114.375,114.375,27501.0,,活牛1704,150435.0,114.825,114.375
2017-01-31,LE1704,114.7,115.125,114.0,114.05,20770.0,,活牛1704,148851.0,114.175,114.05
2017-02-01,LE1704,113.825,114.85,112.75,113.9,29840.0,,活牛1704,146699.0,113.7,113.9
2017-02-02,LE1704,114.1,115.875,114.1,115.4,24063.0,,活牛1704,145875.0,115.475,115.4
2017-02-03,LE1704,115.55,116.175,115.1,115.725,16080.0,,活牛1704,145300.0,115.625,115.725
2017-02-06,LE1704,115.725,116.475,115.15,115.825,18139.0,,活牛1704,147286.0,115.625,115.825
2017-02-07,LE1704,116.05,116.65,115.45,116.3,16272.0,,活牛1704,146939.0,116.5,116.3
2017-02-08,LE1704,116.225,116.425,114.475,114.75,23853.0,,活牛1704,144593.0,114.75,114.75
2017-02-09,LE1704,115.0,115.175,114.125,114.825,21025.0,,活牛1704,142870.0,114.825,114.825
2017-02-10,LE1704,114.925,115.725,112.775,113.15,28203.0,,活牛1704,139780.0,113.15,113.15
2017-02-13,LE1704,112.975,113.35,112.075,112.425,23811.0,,活牛1704,137751.0,112.525,112.425
2017-02-14,LE1704,112.5,114.075,112.2,113.8,21294.0,,活牛1704,135739.0,114.0,113.8
2017-02-15,LE1704,114.0,114.7,112.975,113.075,20946.0,,活牛1704,133579.0,113.35,113.075
2017-02-16,LE1704,113.0,113.9,112.65,112.9,15318.0,,活牛1704,132355.0,113.25,112.9
2017-02-17,LE1704,113.25,115.1,113.125,114.775,23133.0,,活牛1704,133045.0,114.925,114.775
2017-02-21,LE1704,115.55,116.375,115.2,115.3,19816.0,,活牛1704,131935.0,115.3,115.3
2017-02-22,LE1704,115.45,117.2,115.025,116.025,33436.0,,活牛1704,130644.0,116.075,116.025
2017-02-23,LE1704,116.375,117.35,116.35,116.525,21825.0,,活牛1704,129432.0,116.525,116.525
2017-02-24,LE1704,116.6,116.7,114.6,115.1,31678.0,,活牛1704,129683.0,114.95,115.1
2017-02-27,LE1704,115.625,116.05,115.35,115.425,18796.0,,活牛1704,129073.0,115.5,115.425
2017-02-28,LE1704,115.725,118.225,115.25,117.925,33687.0,,活牛1704,129894.0,117.925,117.925
2017-03-01,LE1704,118.15,118.95,117.075,117.25,39940.0,,活牛1704,127835.0,117.575,117.25
2017-03-02,LE1704,117.25,117.6,116.025,116.025,30392.0,,活牛1704,123068.0,116.15,116.025
2017-03-03,LE1704,116.275,116.575,115.4,116.025,23766.0,,活牛1704,118259.0,115.975,116.025
2017-03-06,LE1704,116.35,116.575,115.225,115.6,22838.0,,活牛1704,114737.0,115.55,115.6
2017-03-07,LE1704,115.525,115.925,114.9,115.1,30089.0,,活牛1704,107208.0,115.35,115.1
2017-03-08,LE1704,115.5,117.15,115.125,115.975,43958.0,,活牛1704,98531.0,115.975,115.975
2017-03-09,LE1704,117.05,117.3,116.2,116.3,35066.0,,活牛1704,90043.0,116.5,116.3
2017-03-10,LE1704,116.675,118.25,116.3,117.55,39269.0,,活牛1704,85342.0,117.6,117.55
2017-03-13,LE1704,118.025,118.425,117.575,117.625,27696.0,,活牛1704,81549.0,117.75,117.625
2017-03-14,LE1704,117.675,118.0,116.15,116.2,29655.0,,活牛1704,78504.0,116.325,116.2
2017-03-15,LE1704,116.45,118.075,116.2,117.65,29000.0,,活牛1704,74247.0,117.7,117.65
2017-03-16,LE1704,118.425,119.5,118.2,119.5,28353.0,,活牛1704,71345.0,119.2,119.5
2017-03-17,LE1704,119.275,119.75,118.65,119.0,18911.0,,活牛1704,69081.0,119.325,119.0
2017-03-20,LE1704,119.35,119.475,118.45,118.975,23640.0,,活牛1704,63909.0,118.9,118.975
2017-03-21,LE1704,119.15,120.075,118.5,119.775,21955.0,,活牛1704,60041.0,119.9,119.775
2017-03-22,LE1704,120.175,122.9,120.15,122.375,33333.0,,活牛1704,55233.0,122.45,122.375
2017-03-23,LE1704,122.85,122.9,121.35,121.95,15961.0,,活牛1704,51178.0,121.775,121.95
2017-03-24,LE1704,121.95,123.2,121.625,122.075,16783.0,,活牛1704,47887.0,122.1,122.075
2017-03-27,LE1704,121.975,122.075,121.0,121.05,12338.0,,活牛1704,43733.0,121.075,121.05
2017-03-28,LE1704,120.975,121.875,120.6,120.875,9580.0,,活牛1704,41764.0,120.775,120.875
2017-03-29,LE1704,120.95,121.75,120.775,121.175,9563.0,,活牛1704,40015.0,121.35,121.175
2017-03-30,LE1704,121.0,121.0,119.525,119.925,10871.0,,活牛1704,37102.0,120.0,119.925
2017-03-31,LE1704,119.55,120.225,119.125,119.925,8215.0,,活牛1704,36086.0,119.95,119.925
2017-04-03,LE1704,119.95,120.325,118.9,119.225,8899.0,,活牛1704,33754.0,119.425,119.225
2017-04-04,LE1704,119.15,119.15,118.125,118.225,9101.0,,活牛1704,31388.0,118.225,118.225
2017-04-05,LE1704,118.0,118.625,117.5,118.475,7847.0,,活牛1704,30201.0,118.275,118.475
2017-04-06,LE1704,118.55,119.05,118.175,118.825,6078.0,,活牛1704,29227.0,118.8,118.825
2017-04-07,LE1704,118.8,120.475,118.75,120.0,13932.0,,活牛1704,21241.0,120.05,120.0
2017-04-10,LE1704,120.7,121.975,120.65,121.1,5820.0,,活牛1704,19458.0,121.1,121.1
2017-04-11,LE1704,121.1,123.45,121.1,123.3,4565.0,,活牛1704,18170.0,123.25,123.3
2017-04-12,LE1704,123.4,124.8,123.4,124.375,4837.0,,活牛1704,16863.0,124.2,124.375
2017-04-13,LE1704,124.2,125.75,123.75,125.45,5167.0,,活牛1704,14905.0,125.375,125.45
2017-04-17,LE1704,125.675,126.75,125.55,126.425,2767.0,,活牛1704,13420.0,126.425,126.425
2017-04-18,LE1704,126.75,127.725,126.275,126.875,3083.0,,活牛1704,12049.0,126.775,126.875
2017-04-19,LE1704,126.95,128.2,126.875,128.1,5783.0,,活牛1704,8900.0,127.925,128.1
2017-04-20,LE1704,129.0,130.25,129.0,129.525,3967.0,,活牛1704,6646.0,129.625,129.525
2017-04-21,LE1704,129.9,130.4,129.5,129.85,2291.0,,活牛1704,5501.0,129.8,129.85
2017-04-24,LE1704,129.8,129.825,128.3,129.1,2295.0,,活牛1704,4072.0,129.0,129.1
2017-04-25,LE1704,129.45,130.05,129.025,130.05,1756.0,,活牛1704,2986.0,129.825,130.05
2017-04-26,LE1704,130.05,132.15,130.0,132.15,2222.0,,活牛1704,1771.0,132.025,132.15
2017-04-27,LE1704,132.7,137.0,132.5,136.0,2128.0,,活牛1704,361.0,135.6,136.0
2017-04-28,LE1704,136.5,138.9,136.275,138.0,418.0,,活牛1704,0.0,138.0,138.0
