date,symbol,open,high,low,close,volume,amount,name,openinterest,settleprice,price
2016-08-22,LE1710,104.0,104.225,103.7,103.7,23.0,,活牛1710,0.0,103.7,103.7
2016-08-23,LE1710,103.25,103.5,103.25,103.5,10.0,,活牛1710,22.0,103.5,103.5
2016-08-24,LE1710,102.825,102.825,102.425,102.425,16.0,,活牛1710,28.0,102.425,102.425
2016-08-25,LE1710,102.15,102.425,101.85,102.2,19.0,,活牛1710,44.0,102.2,102.2
2016-08-26,LE1710,102.2,102.2,101.25,101.575,28.0,,活牛1710,56.0,101.575,101.575
2016-08-29,LE1710,101.475,101.475,100.25,100.45,48.0,,活牛1710,76.0,100.4,100.45
2016-08-30,LE1710,100.45,102.0,100.0,102.0,27.0,,活牛1710,109.0,102.0,102.0
2016-08-31,LE1710,101.6,101.975,100.85,101.975,30.0,,活牛1710,132.0,101.85,101.975
2016-09-01,LE1710,101.45,101.725,100.0,100.0,31.0,,活牛1710,151.0,100.0,100.0
2016-09-02,LE1710,99.55,99.7,98.45,98.75,137.0,,活牛1710,174.0,98.75,98.75
2016-09-06,LE1710,98.4,98.7,97.85,98.1,77.0,,活牛1710,283.0,98.075,98.1
2016-09-07,LE1710,97.85,99.2,97.85,98.95,65.0,,活牛1710,347.0,99.0,98.95
2016-09-08,LE1710,98.65,98.75,97.35,97.35,66.0,,活牛1710,398.0,97.825,97.35
2016-09-09,LE1710,97.85,98.75,97.1,98.6,60.0,,活牛1710,436.0,98.5,98.6
2016-09-12,LE1710,99.0,99.95,99.0,99.4,61.0,,活牛1710,487.0,99.35,99.4
2016-09-13,LE1710,99.05,99.15,98.35,99.0,25.0,,活牛1710,523.0,99.0,99.0
2016-09-14,LE1710,98.6,99.0,98.35,98.875,61.0,,活牛1710,542.0,98.825,98.875
2016-09-15,LE1710,98.975,99.3,98.825,99.1,36.0,,活牛1710,560.0,99.1,99.1
2016-09-16,LE1710,98.075,99.8,98.075,99.65,83.0,,活牛1710,569.0,99.675,99.65
2016-09-19,LE1710,99.675,99.975,99.0,99.5,43.0,,活牛1710,632.0,99.55,99.5
2016-09-20,LE1710,99.55,100.0,99.525,99.6,82.0,,活牛1710,658.0,99.55,99.6
2016-09-21,LE1710,100.0,100.575,100.0,100.5,221.0,,活牛1710,704.0,100.475,100.5
2016-09-22,LE1710,100.5,100.8,99.55,99.7,380.0,,活牛1710,886.0,99.725,99.7
2016-09-23,LE1710,98.7,99.275,96.775,99.0,245.0,,活牛1710,1186.0,99.025,99.0
2016-09-26,LE1710,98.05,98.4,97.525,98.3,36.0,,活牛1710,1324.0,98.3,98.3
2016-09-27,LE1710,97.925,97.975,96.0,96.675,87.0,,活牛1710,1331.0,96.8,96.675
2016-09-28,LE1710,96.0,97.85,95.8,96.8,109.0,,活牛1710,1364.0,96.875,96.8
2016-09-29,LE1710,97.225,97.95,96.925,97.075,249.0,,活牛1710,1425.0,97.0,97.075
2016-09-30,LE1710,96.45,96.475,94.4,94.5,125.0,,活牛1710,1517.0,94.5,94.5
2016-10-03,LE1710,95.0,95.95,93.625,95.4,449.0,,活牛1710,1543.0,95.3,95.4
2016-10-04,LE1710,95.3,97.75,95.3,97.45,265.0,,活牛1710,1750.0,97.725,97.45
2016-10-05,LE1710,97.725,97.725,96.825,97.725,215.0,,活牛1710,1852.0,97.65,97.725
2016-10-06,LE1710,96.85,97.4,96.575,96.95,389.0,,活牛1710,1947.0,97.175,96.95
2016-10-07,LE1710,96.55,97.35,96.375,97.0,160.0,,活牛1710,2193.0,97.225,97.0
2016-10-10,LE1710,97.075,97.225,94.375,95.4,244.0,,活牛1710,2221.0,95.725,95.4
2016-10-11,LE1710,95.0,96.05,94.775,94.775,243.0,,活牛1710,2270.0,95.2,94.775
2016-10-12,LE1710,95.0,95.0,93.25,93.425,331.0,,活牛1710,2280.0,93.9,93.425
2016-10-13,LE1710,93.525,93.525,91.75,91.825,325.0,,活牛1710,2371.0,91.75,91.825
2016-10-14,LE1710,91.875,93.0,91.85,92.35,192.0,,活牛1710,2429.0,92.45,92.35
2016-10-17,LE1710,92.425,93.575,92.25,93.175,231.0,,活牛1710,2433.0,93.15,93.175
2016-10-18,LE1710,93.175,93.8,92.625,93.575,360.0,,活牛1710,2522.0,93.725,93.575
2016-10-19,LE1710,93.5,93.625,92.075,92.075,218.0,,活牛1710,2644.0,92.2,92.075
2016-10-20,LE1710,93.15,93.875,92.475,93.625,344.0,,活牛1710,2735.0,93.75,93.625
2016-10-21,LE1710,93.325,95.0,93.325,94.95,376.0,,活牛1710,2863.0,94.775,94.95
2016-10-24,LE1710,95.0,96.4,94.95,95.4,493.0,,活牛1710,3028.0,95.35,95.4
2016-10-25,LE1710,95.2,95.975,95.15,95.15,392.0,,活牛1710,3274.0,95.225,95.15
2016-10-26,LE1710,95.225,95.95,94.975,95.6,290.0,,活牛1710,3398.0,95.9,95.6
2016-10-27,LE1710,95.775,96.5,95.625,96.025,476.0,,活牛1710,3542.0,96.225,96.025
2016-10-28,LE1710,96.15,96.425,95.05,95.2,631.0,,活牛1710,3795.0,95.325,95.2
2016-10-31,LE1710,95.35,95.525,94.225,94.5,273.0,,活牛1710,4049.0,94.375,94.5
2016-11-01,LE1710,94.55,96.15,94.5,96.05,757.0,,活牛1710,4126.0,96.0,96.05
2016-11-02,LE1710,96.0,96.675,95.975,96.55,616.0,,活牛1710,4472.0,96.625,96.55
2016-11-03,LE1710,96.475,96.625,95.475,96.1,365.0,,活牛1710,4671.0,96.075,96.1
2016-11-04,LE1710,96.0,96.0,95.15,95.775,695.0,,活牛1710,4787.0,95.9,95.775
2016-11-07,LE1710,95.675,95.85,93.8,94.5,543.0,,活牛1710,5119.0,94.875,94.5
2016-11-08,LE1710,94.775,96.0,94.45,95.9,296.0,,活牛1710,5299.0,95.8,95.9
2016-11-09,LE1710,95.225,95.975,95.225,95.575,323.0,,活牛1710,5351.0,95.65,95.575
2016-11-10,LE1710,95.75,96.2,95.425,95.75,943.0,,活牛1710,5412.0,95.75,95.75
2016-11-11,LE1710,96.1,96.3,95.7,96.275,556.0,,活牛1710,5649.0,96.25,96.275
2016-11-14,LE1710,96.0,96.725,95.8,96.55,912.0,,活牛1710,5788.0,96.35,96.55
2016-11-15,LE1710,96.25,96.625,95.85,96.6,456.0,,活牛1710,6118.0,96.6,96.6
2016-11-16,LE1710,96.6,97.475,96.5,97.425,1745.0,,活牛1710,6176.0,97.45,97.425
2016-11-17,LE1710,97.475,97.8,97.125,97.7,739.0,,活牛1710,6678.0,97.725,97.7
2016-11-18,LE1710,97.4,98.125,97.375,97.75,1155.0,,活牛1710,6732.0,97.6,97.75
2016-11-21,LE1710,97.675,98.3,96.975,97.725,1020.0,,活牛1710,7096.0,97.675,97.725
2016-11-22,LE1710,97.475,97.875,97.2,97.775,961.0,,活牛1710,7479.0,97.8,97.775
2016-11-23,LE1710,97.675,98.275,97.4,98.125,799.0,,活牛1710,7772.0,98.2,98.125
2016-11-25,LE1710,98.525,99.025,98.325,98.75,955.0,,活牛1710,8033.0,98.4,98.75
2016-11-28,LE1710,98.525,98.95,97.975,98.6,624.0,,活牛1710,8164.0,98.775,98.6
2016-11-29,LE1710,98.2,98.875,98.075,98.725,699.0,,活牛1710,8366.0,98.8,98.725
2016-11-30,LE1710,98.8,99.75,98.775,99.575,1347.0,,活牛1710,8395.0,99.75,99.575
2016-12-01,LE1710,99.825,99.975,98.725,98.775,1269.0,,活牛1710,8447.0,98.975,98.775
2016-12-02,LE1710,98.775,99.025,97.225,97.825,1205.0,,活牛1710,8785.0,97.975,97.825
2016-12-05,LE1710,97.875,98.4,97.475,98.1,746.0,,活牛1710,9081.0,98.05,98.1
2016-12-06,LE1710,98.1,99.5,97.6,98.875,772.0,,活牛1710,9342.0,99.2,98.875
2016-12-07,LE1710,98.875,99.45,98.15,99.125,362.0,,活牛1710,9506.0,99.425,99.125
2016-12-08,LE1710,98.85,99.275,98.1,98.275,541.0,,活牛1710,9601.0,98.575,98.275
2016-12-09,LE1710,98.025,98.475,97.475,98.375,262.0,,活牛1710,9637.0,98.35,98.375
2016-12-12,LE1710,98.375,99.55,98.025,99.15,1476.0,,活牛1710,9699.0,99.25,99.15
2016-12-13,LE1710,99.0,99.85,99.0,99.75,1268.0,,活牛1710,10036.0,99.75,99.75
2016-12-14,LE1710,99.5,99.85,98.75,99.2,1457.0,,活牛1710,10452.0,99.15,99.2
2016-12-15,LE1710,98.875,99.5,98.4,99.4,815.0,,活牛1710,10757.0,99.375,99.4
2016-12-16,LE1710,99.375,99.9,99.25,99.6,1585.0,,活牛1710,10884.0,99.625,99.6
2016-12-19,LE1710,99.075,99.75,99.075,99.55,1505.0,,活牛1710,11269.0,99.65,99.55
2016-12-20,LE1710,99.525,99.75,98.925,99.6,1064.0,,活牛1710,11750.0,99.6,99.6
2016-12-21,LE1710,99.35,99.975,99.275,99.975,674.0,,活牛1710,12013.0,99.95,99.975
2016-12-22,LE1710,99.775,100.325,99.675,100.075,1145.0,,活牛1710,12172.0,100.225,100.075
2016-12-23,LE1710,100.0,100.225,99.125,99.975,1101.0,,活牛1710,12576.0,100.15,99.975
2016-12-27,LE1710,99.9,100.275,99.6,100.025,388.0,,活牛1710,12846.0,100.075,100.025
2016-12-28,LE1710,100.225,100.4,99.9,100.125,505.0,,活牛1710,12832.0,100.3,100.125
2016-12-29,LE1710,100.3,100.5,99.8,100.325,1018.0,,活牛1710,12910.0,100.475,100.325
2016-12-30,LE1710,100.45,100.75,99.4,100.475,2481.0,,活牛1710,12864.0,100.425,100.475
2017-01-11,LE1710,102.5,103.125,102.1,102.375,2699.0,,活牛1710,15066.0,102.9,102.375
2017-01-12,LE1710,102.05,102.3,100.575,102.0,2663.0,,活牛1710,15670.0,102.175,102.0
2017-01-13,LE1710,102.1,103.475,101.575,103.1,1968.0,,活牛1710,16581.0,103.325,103.1
2017-01-17,LE1710,103.325,103.825,103.15,103.55,2084.0,,活牛1710,17091.0,103.725,103.55
2017-01-18,LE1710,103.375,103.875,103.25,103.8,2269.0,,活牛1710,17986.0,103.775,103.8
2017-01-19,LE1710,103.425,104.475,103.425,104.0,2591.0,,活牛1710,18820.0,104.125,104.0
2017-01-20,LE1710,104.075,104.225,103.0,104.125,3647.0,,活牛1710,20903.0,104.05,104.125
2017-01-23,LE1710,103.675,104.125,103.475,103.7,2232.0,,活牛1710,21409.0,103.725,103.7
2017-01-24,LE1710,103.6,104.175,103.025,103.475,2910.0,,活牛1710,22351.0,103.75,103.475
2017-01-25,LE1710,103.45,103.925,103.2,103.4,1766.0,,活牛1710,22750.0,103.575,103.4
2017-01-26,LE1710,103.4,103.5,102.025,102.25,1849.0,,活牛1710,23178.0,102.5,102.25
2017-01-27,LE1710,102.075,102.225,101.575,101.8,1652.0,,活牛1710,23731.0,102.05,101.8
2017-01-30,LE1710,100.1,100.55,99.7,99.9,3051.0,,活牛1710,23890.0,100.0,99.9
2017-01-31,LE1710,100.175,100.35,99.55,99.6,2325.0,,活牛1710,24419.0,99.7,99.6
2017-02-01,LE1710,99.425,100.05,99.125,100.05,3625.0,,活牛1710,25107.0,99.95,100.05
2017-02-02,LE1710,100.15,101.25,100.125,101.05,2320.0,,活牛1710,25416.0,101.175,101.05
2017-02-03,LE1710,101.25,101.65,100.85,101.325,2146.0,,活牛1710,25856.0,101.325,101.325
2017-02-06,LE1710,101.3,101.675,100.75,101.4,2431.0,,活牛1710,26246.0,101.4,101.4
2017-02-07,LE1710,101.575,102.4,101.225,102.2,4349.0,,活牛1710,26693.0,102.35,102.2
2017-02-08,LE1710,101.95,102.25,101.425,101.45,5774.0,,活牛1710,27272.0,101.65,101.45
2017-02-09,LE1710,101.8,102.2,101.15,102.05,4453.0,,活牛1710,27618.0,102.125,102.05
2017-02-10,LE1710,102.05,102.6,101.2,101.275,3956.0,,活牛1710,27885.0,101.5,101.275
2017-02-13,LE1710,101.25,101.275,100.2,100.25,3306.0,,活牛1710,27662.0,100.4,100.25
2017-02-14,LE1710,100.325,100.95,99.8,100.8,2211.0,,活牛1710,27832.0,100.9,100.8
2017-02-15,LE1710,100.875,101.325,100.375,100.7,2133.0,,活牛1710,27891.0,100.875,100.7
2017-02-16,LE1710,100.475,100.875,100.075,100.6,1473.0,,活牛1710,28245.0,100.75,100.6
2017-02-17,LE1710,100.575,101.425,100.4,101.2,2276.0,,活牛1710,28548.0,101.4,101.2
2017-02-21,LE1710,101.65,102.025,101.5,101.975,2212.0,,活牛1710,29049.0,101.95,101.975
2017-02-22,LE1710,102.0,102.75,101.475,102.375,4141.0,,活牛1710,30240.0,102.525,102.375
2017-02-23,LE1710,102.5,102.975,102.5,102.6,3296.0,,活牛1710,31140.0,102.7,102.6
2017-02-24,LE1710,102.425,102.525,100.525,100.7,4552.0,,活牛1710,31743.0,100.65,100.7
2017-02-27,LE1710,101.275,101.9,101.075,101.3,2998.0,,活牛1710,32030.0,101.4,101.3
2017-02-28,LE1710,101.5,102.65,101.225,102.15,5142.0,,活牛1710,32617.0,102.325,102.15
2017-03-01,LE1710,102.325,103.1,102.325,102.4,6470.0,,活牛1710,34439.0,102.875,102.4
2017-03-02,LE1710,102.575,102.7,101.75,101.775,4614.0,,活牛1710,35291.0,101.875,101.775
2017-03-03,LE1710,101.975,102.425,101.3,102.25,4199.0,,活牛1710,35576.0,102.35,102.25
2017-03-06,LE1710,102.375,102.75,101.85,102.0,5185.0,,活牛1710,36802.0,102.225,102.0
2017-03-07,LE1710,102.0,102.275,101.475,101.475,3218.0,,活牛1710,36991.0,101.75,101.475
2017-03-08,LE1710,101.6,102.65,101.6,101.9,6225.0,,活牛1710,37972.0,102.1,101.9
2017-03-09,LE1710,102.675,102.775,102.15,102.275,6641.0,,活牛1710,39408.0,102.375,102.275
2017-03-10,LE1710,102.425,103.375,102.075,102.975,6909.0,,活牛1710,40578.0,103.05,102.975
2017-03-13,LE1710,103.3,104.0,103.25,103.525,4721.0,,活牛1710,41590.0,103.575,103.525
2017-03-14,LE1710,103.55,103.75,102.475,102.925,4643.0,,活牛1710,41803.0,103.025,102.925
2017-03-15,LE1710,103.0,103.925,102.875,103.775,4432.0,,活牛1710,42739.0,103.85,103.775
2017-03-16,LE1710,104.0,105.025,103.975,104.725,6553.0,,活牛1710,44664.0,104.75,104.725
2017-03-17,LE1710,104.775,105.3,104.6,105.05,4974.0,,活牛1710,45806.0,105.25,105.05
2017-03-20,LE1710,105.35,105.9,105.025,105.85,5816.0,,活牛1710,47178.0,105.825,105.85
2017-03-21,LE1710,105.85,106.8,105.4,106.675,7330.0,,活牛1710,48414.0,106.725,106.675
2017-03-22,LE1710,106.85,109.725,106.8,108.425,14018.0,,活牛1710,50133.0,108.55,108.425
2017-03-23,LE1710,108.45,108.65,107.275,107.725,9335.0,,活牛1710,51425.0,107.6,107.725
2017-03-24,LE1710,107.7,108.075,106.725,107.15,9900.0,,活牛1710,53156.0,107.275,107.15
2017-03-27,LE1710,106.525,107.0,106.25,106.35,5470.0,,活牛1710,54113.0,106.4,106.35
2017-03-28,LE1710,106.225,107.175,106.225,106.9,4305.0,,活牛1710,55103.0,106.725,106.9
2017-03-29,LE1710,106.825,107.675,106.675,107.2,5770.0,,活牛1710,56059.0,107.225,107.2
2017-03-30,LE1710,106.9,106.95,105.75,106.425,4296.0,,活牛1710,56882.0,106.55,106.425
2017-03-31,LE1710,106.125,106.725,105.65,106.575,5179.0,,活牛1710,57716.0,106.625,106.575
2017-04-03,LE1710,106.55,107.15,106.05,106.575,6515.0,,活牛1710,58980.0,106.625,106.575
2017-04-04,LE1710,106.4,106.4,105.3,105.325,6997.0,,活牛1710,59744.0,105.5,105.325
2017-04-05,LE1710,105.25,105.75,104.975,105.65,6277.0,,活牛1710,61414.0,105.575,105.65
2017-04-06,LE1710,105.7,106.275,105.175,106.2,4748.0,,活牛1710,62188.0,106.2,106.2
2017-04-07,LE1710,106.05,107.9,106.025,107.6,11038.0,,活牛1710,63896.0,107.65,107.6
2017-04-10,LE1710,108.275,109.0,107.9,107.975,8435.0,,活牛1710,64617.0,108.175,107.975
2017-04-11,LE1710,107.9,109.425,107.9,109.325,7761.0,,活牛1710,66067.0,109.325,109.325
2017-04-12,LE1710,109.275,110.3,109.225,109.95,9669.0,,活牛1710,67943.0,109.85,109.95
2017-04-13,LE1710,109.65,110.625,109.125,110.325,9151.0,,活牛1710,69549.0,110.325,110.325
2017-04-17,LE1710,110.175,110.975,110.175,110.825,5856.0,,活牛1710,71080.0,110.825,110.825
2017-04-18,LE1710,110.8,111.475,110.225,111.05,9904.0,,活牛1710,72674.0,110.95,111.05
2017-04-19,LE1710,111.0,111.475,110.45,111.175,8860.0,,活牛1710,73605.0,111.325,111.175
2017-04-20,LE1710,111.75,112.225,110.8,111.575,9626.0,,活牛1710,75344.0,111.6,111.575
2017-04-21,LE1710,111.7,112.45,111.475,111.575,11207.0,,活牛1710,77392.0,111.625,111.575
2017-04-24,LE1710,110.675,111.1,109.375,110.375,10431.0,,活牛1710,79807.0,110.025,110.375
2017-04-25,LE1710,110.225,111.15,110.1,111.075,8263.0,,活牛1710,80775.0,111.075,111.075
2017-04-26,LE1710,111.3,114.0,111.2,113.95,13642.0,,活牛1710,83006.0,113.75,113.95
2017-04-27,LE1710,113.9,116.75,113.475,116.75,20577.0,,活牛1710,85071.0,116.75,116.75
2017-04-28,LE1710,117.0,118.425,115.05,117.9,19175.0,,活牛1710,87490.0,118.325,117.9
2017-05-01,LE1710,118.275,119.025,117.55,117.925,12729.0,,活牛1710,88349.0,117.9,117.925
2017-05-02,LE1710,117.825,120.575,117.275,117.575,32995.0,,活牛1710,88797.0,117.6,117.575
2017-05-03,LE1710,117.675,120.0,116.35,119.75,40346.0,,活牛1710,88294.0,119.85,119.75
2017-05-04,LE1710,120.0,121.475,117.9,119.0,31801.0,,活牛1710,90621.0,119.35,119.0
2017-05-05,LE1710,118.95,118.975,116.35,116.5,25606.0,,活牛1710,94243.0,116.475,116.5
2017-05-08,LE1710,116.475,119.225,116.4,118.825,24967.0,,活牛1710,96262.0,119.075,118.825
2017-05-09,LE1710,119.15,120.15,116.075,116.3,21737.0,,活牛1710,97571.0,116.375,116.3
2017-05-10,LE1710,116.4,117.225,115.075,117.0,19698.0,,活牛1710,98381.0,116.475,117.0
2017-05-11,LE1710,116.975,117.0,114.025,115.725,17585.0,,活牛1710,99579.0,115.65,115.725
2017-05-12,LE1710,117.0,118.575,116.925,118.55,14389.0,,活牛1710,101000.0,118.125,118.55
2017-05-15,LE1710,118.5,118.825,115.45,115.575,9704.0,,活牛1710,100707.0,115.65,115.575
2017-05-16,LE1710,115.275,115.55,113.775,115.4,9956.0,,活牛1710,100884.0,115.125,115.4
2017-05-17,LE1710,115.475,116.175,114.875,115.925,8048.0,,活牛1710,100874.0,115.575,115.925
2017-05-18,LE1710,114.975,116.375,114.5,115.9,10024.0,,活牛1710,100961.0,115.8,115.9
2017-05-19,LE1710,116.05,117.075,115.5,117.025,11367.0,,活牛1710,100787.0,116.675,117.025
2017-05-22,LE1710,116.775,119.0,116.75,118.8,12442.0,,活牛1710,100998.0,118.4,118.8
2017-05-23,LE1710,118.075,118.975,117.375,117.85,9349.0,,活牛1710,100777.0,118.05,117.85
2017-05-24,LE1710,117.725,117.725,115.5,116.9,11291.0,,活牛1710,100074.0,116.75,116.9
2017-05-25,LE1710,117.0,118.05,115.95,117.975,8578.0,,活牛1710,100762.0,117.95,117.975
2017-05-26,LE1710,117.95,118.125,115.0,115.0,11502.0,,活牛1710,101731.0,115.1,115.0
2017-05-30,LE1710,115.0,116.825,114.125,116.475,10786.0,,活牛1710,102708.0,116.525,116.475
2017-05-31,LE1710,116.825,118.45,116.525,118.2,10415.0,,活牛1710,103961.0,118.15,118.2
2017-06-01,LE1710,118.25,121.15,118.15,121.15,18674.0,,活牛1710,104690.0,121.15,121.15
2017-06-02,LE1710,121.45,121.9,120.525,121.275,19151.0,,活牛1710,104861.0,121.1,121.275
2017-06-05,LE1710,121.125,122.3,120.6,122.2,9687.0,,活牛1710,104840.0,121.55,122.2
2017-06-06,LE1710,122.25,122.85,118.65,119.475,12641.0,,活牛1710,105578.0,119.225,119.475
2017-06-07,LE1710,119.1,120.9,118.55,120.9,12992.0,,活牛1710,106172.0,120.4,120.9
2017-06-08,LE1710,120.575,121.95,119.85,120.6,12488.0,,活牛1710,105837.0,120.4,120.6
2017-06-09,LE1710,120.1,120.45,119.05,120.175,11940.0,,活牛1710,106333.0,119.875,120.175
2017-06-12,LE1710,119.825,120.225,117.425,118.4,14067.0,,活牛1710,107034.0,118.2,118.4
2017-06-13,LE1710,118.4,118.975,116.95,117.375,9293.0,,活牛1710,107476.0,117.375,117.375
2017-06-14,LE1710,116.875,116.9,114.425,115.05,11266.0,,活牛1710,107392.0,114.8,115.05
2017-06-15,LE1710,114.65,115.425,113.925,115.2,11370.0,,活牛1710,108654.0,114.7,115.2
2017-06-16,LE1710,115.25,116.0,114.525,115.475,7770.0,,活牛1710,108629.0,115.35,115.475
2017-06-19,LE1710,115.35,115.775,113.0,113.875,10080.0,,活牛1710,108364.0,113.7,113.875
2017-06-20,LE1710,113.3,113.85,111.4,113.85,13588.0,,活牛1710,107190.0,113.5,113.85
2017-06-21,LE1710,113.9,114.1,112.6,113.3,10532.0,,活牛1710,107368.0,113.025,113.3
2017-06-22,LE1710,112.5,112.5,111.15,112.3,9919.0,,活牛1710,106914.0,112.0,112.3
2017-06-23,LE1710,112.45,112.625,111.6,112.5,8657.0,,活牛1710,107510.0,112.425,112.5
2017-06-26,LE1710,112.0,115.325,111.6,115.125,14777.0,,活牛1710,108459.0,115.275,115.125
2017-06-27,LE1710,115.5,115.55,112.325,113.35,14321.0,,活牛1710,108967.0,112.775,113.35
2017-06-28,LE1710,112.25,113.975,111.8,113.875,11054.0,,活牛1710,109895.0,113.65,113.875
2017-06-29,LE1710,113.925,115.1,113.125,114.775,11339.0,,活牛1710,111569.0,114.975,114.775
2017-06-30,LE1710,114.5,115.3,113.775,115.15,17790.0,,活牛1710,114389.0,115.2,115.15
2017-07-03,LE1710,115.125,115.85,114.2,115.25,12724.0,,活牛1710,114389.0,114.75,115.25
