date,symbol,open,high,low,close,volume,amount,name,openinterest,settleprice,price
2016-02-17,LE1706,,,,116.475,0.0,,活牛1706,0.0,116.475,116.475
2016-02-18,LE1706,,,,112.5,0.0,,活牛1706,0.0,111.0,112.5
2016-02-19,LE1706,111.0,111.0,111.0,111.0,2.0,,活牛1706,0.0,111.0,111.0
2016-02-22,LE1706,,,,111.1,0.0,,活牛1706,1.0,111.1,111.1
2016-02-23,LE1706,,,,111.925,0.0,,活牛1706,1.0,111.925,111.925
2016-02-24,LE1706,,,,112.35,0.0,,活牛1706,1.0,112.35,112.35
2016-02-25,LE1706,,,,112.5,0.0,,活牛1706,1.0,112.375,112.5
2016-02-26,LE1706,112.5,112.5,112.25,112.5,9.0,,活牛1706,1.0,112.5,112.5
2016-02-29,LE1706,112.75,113.275,112.75,113.275,6.0,,活牛1706,9.0,113.025,113.275
2016-03-01,LE1706,,,,112.775,1.0,,活牛1706,14.0,112.775,112.775
2016-03-02,LE1706,,,,112.75,0.0,,活牛1706,14.0,112.075,112.75
2016-03-03,LE1706,,,,112.175,6.0,,活牛1706,14.0,112.175,112.175
2016-03-04,LE1706,112.2,112.375,112.2,112.375,3.0,,活牛1706,19.0,112.25,112.375
2016-03-07,LE1706,112.4,112.425,112.0,112.425,5.0,,活牛1706,22.0,112.0,112.425
2016-03-08,LE1706,112.0,113.35,111.925,113.35,20.0,,活牛1706,26.0,113.35,113.35
2016-03-09,LE1706,112.7,113.15,112.7,113.15,36.0,,活牛1706,40.0,113.1,113.15
2016-03-10,LE1706,113.475,113.675,113.45,113.45,47.0,,活牛1706,66.0,113.45,113.45
2016-03-11,LE1706,113.775,114.65,113.3,113.3,71.0,,活牛1706,99.0,113.55,113.3
2016-03-14,LE1706,113.525,113.525,113.5,113.5,7.0,,活牛1706,152.0,113.5,113.5
2016-03-15,LE1706,113.5,114.05,113.5,114.0,24.0,,活牛1706,153.0,113.75,114.0
2016-03-16,LE1706,113.75,114.2,113.75,114.2,14.0,,活牛1706,159.0,114.2,114.2
2016-03-17,LE1706,114.4,114.4,114.0,114.125,3.0,,活牛1706,168.0,114.05,114.125
2016-03-18,LE1706,112.2,112.275,112.0,112.0,15.0,,活牛1706,171.0,112.275,112.0
2016-03-21,LE1706,111.5,111.9,111.15,111.325,34.0,,活牛1706,185.0,111.325,111.325
2016-03-22,LE1706,110.0,110.625,109.65,109.65,24.0,,活牛1706,204.0,110.325,109.65
2016-03-23,LE1706,109.5,109.75,109.5,109.75,9.0,,活牛1706,224.0,109.75,109.75
2016-03-24,LE1706,109.5,110.6,109.5,110.6,58.0,,活牛1706,227.0,110.175,110.6
2016-03-28,LE1706,110.05,110.25,110.0,110.25,10.0,,活牛1706,230.0,110.125,110.25
2016-03-29,LE1706,110.95,111.0,110.025,110.025,5.0,,活牛1706,235.0,110.025,110.025
2016-03-30,LE1706,109.125,109.3,108.2,108.35,11.0,,活牛1706,239.0,108.35,108.35
2016-03-31,LE1706,107.8,110.825,107.8,110.35,93.0,,活牛1706,242.0,110.675,110.35
2016-04-01,LE1706,109.825,110.0,109.825,110.0,4.0,,活牛1706,298.0,110.0,110.0
2016-04-04,LE1706,110.075,110.175,109.975,109.975,3.0,,活牛1706,300.0,109.975,109.975
2016-04-05,LE1706,110.0,110.0,108.0,108.075,17.0,,活牛1706,301.0,108.075,108.075
2016-04-06,LE1706,108.2,108.95,108.05,108.275,29.0,,活牛1706,304.0,108.5,108.275
2016-04-07,LE1706,108.225,109.05,107.325,108.95,69.0,,活牛1706,332.0,108.85,108.95
2016-04-08,LE1706,109.775,110.225,109.525,110.0,30.0,,活牛1706,382.0,110.225,110.0
2016-04-11,LE1706,110.1,110.1,109.5,109.5,17.0,,活牛1706,406.0,109.5,109.5
2016-04-12,LE1706,109.0,109.8,108.8,109.0,42.0,,活牛1706,397.0,109.0,109.0
2016-04-13,LE1706,109.175,109.25,108.6,109.025,22.0,,活牛1706,433.0,109.025,109.025
2016-04-14,LE1706,109.0,109.325,108.75,108.925,20.0,,活牛1706,439.0,108.9,108.925
2016-04-15,LE1706,109.125,109.5,109.05,109.475,32.0,,活牛1706,451.0,109.475,109.475
2016-04-18,LE1706,108.125,108.125,107.0,107.0,23.0,,活牛1706,462.0,107.3,107.0
2016-04-19,LE1706,107.375,107.6,106.425,107.325,40.0,,活牛1706,461.0,107.325,107.325
2016-04-20,LE1706,106.75,106.9,106.25,106.25,21.0,,活牛1706,462.0,106.675,106.25
2016-04-21,LE1706,105.75,106.725,105.75,106.3,112.0,,活牛1706,474.0,106.025,106.3
2016-04-22,LE1706,106.15,106.2,103.775,104.4,93.0,,活牛1706,557.0,104.775,104.4
2016-04-25,LE1706,105.0,105.75,105.0,105.75,57.0,,活牛1706,615.0,105.75,105.75
2016-04-26,LE1706,107.05,107.15,106.45,107.15,55.0,,活牛1706,653.0,107.175,107.15
2016-04-27,LE1706,107.3,107.55,105.975,106.85,85.0,,活牛1706,672.0,106.8,106.85
2016-04-28,LE1706,106.375,106.75,104.975,105.2,61.0,,活牛1706,724.0,105.25,105.2
2016-04-29,LE1706,104.7,106.1,104.325,105.75,151.0,,活牛1706,745.0,105.65,105.75
2016-05-02,LE1706,107.2,107.3,106.275,107.075,57.0,,活牛1706,823.0,107.0,107.075
2016-05-03,LE1706,107.275,107.425,106.775,107.125,105.0,,活牛1706,865.0,107.425,107.125
2016-05-04,LE1706,106.975,107.275,106.475,107.275,50.0,,活牛1706,936.0,107.275,107.275
2016-05-05,LE1706,107.4,108.075,107.15,107.975,105.0,,活牛1706,944.0,107.975,107.975
2016-05-06,LE1706,108.45,108.75,107.975,108.7,98.0,,活牛1706,942.0,108.725,108.7
2016-05-09,LE1706,109.0,110.5,108.775,109.425,165.0,,活牛1706,962.0,109.475,109.425
2016-05-10,LE1706,109.1,109.5,109.05,109.5,60.0,,活牛1706,982.0,109.5,109.5
2016-05-11,LE1706,109.2,109.9,108.975,108.975,75.0,,活牛1706,998.0,109.5,108.975
2016-05-12,LE1706,109.325,109.85,108.025,108.25,158.0,,活牛1706,990.0,108.325,108.25
2016-05-13,LE1706,108.725,108.775,106.725,108.125,58.0,,活牛1706,991.0,107.8,108.125
2016-05-16,LE1706,108.55,109.05,108.55,108.675,44.0,,活牛1706,998.0,108.775,108.675
2016-05-17,LE1706,108.7,109.0,108.075,108.9,81.0,,活牛1706,1002.0,109.0,108.9
2016-05-18,LE1706,109.0,109.325,108.75,109.25,166.0,,活牛1706,1038.0,109.3,109.25
2016-05-19,LE1706,109.025,109.025,107.425,108.375,78.0,,活牛1706,1106.0,108.35,108.375
2016-05-20,LE1706,108.325,108.8,108.1,108.65,73.0,,活牛1706,1128.0,108.525,108.65
2016-05-23,LE1706,106.75,107.35,105.525,106.0,95.0,,活牛1706,1138.0,106.0,106.0
2016-05-24,LE1706,106.25,106.575,105.1,105.875,126.0,,活牛1706,1166.0,105.8,105.875
2016-05-25,LE1706,106.425,106.425,105.9,106.275,51.0,,活牛1706,1212.0,106.025,106.275
2016-05-26,LE1706,106.3,107.15,104.975,107.075,33.0,,活牛1706,1226.0,107.25,107.075
2016-05-27,LE1706,107.55,107.9,107.35,107.75,143.0,,活牛1706,1232.0,107.85,107.75
2016-05-31,LE1706,108.075,108.575,107.9,108.15,134.0,,活牛1706,1323.0,108.25,108.15
2016-06-01,LE1706,107.825,108.925,107.075,108.65,204.0,,活牛1706,1353.0,108.7,108.65
2016-06-02,LE1706,108.75,109.4,108.525,109.35,79.0,,活牛1706,1474.0,109.325,109.35
2016-06-03,LE1706,109.4,109.7,108.875,109.025,173.0,,活牛1706,1504.0,109.625,109.025
2016-06-06,LE1706,109.7,109.85,107.325,108.7,178.0,,活牛1706,1600.0,109.05,108.7
2016-06-07,LE1706,109.0,109.3,108.55,108.55,77.0,,活牛1706,1630.0,108.7,108.55
2016-06-08,LE1706,108.8,110.15,107.875,110.025,129.0,,活牛1706,1654.0,110.0,110.025
2016-06-09,LE1706,110.0,110.15,109.375,109.7,83.0,,活牛1706,1718.0,109.775,109.7
2016-06-10,LE1706,109.75,109.75,108.65,108.95,81.0,,活牛1706,1733.0,108.825,108.95
2016-06-13,LE1706,108.075,108.075,105.825,106.425,116.0,,活牛1706,1734.0,106.3,106.425
2016-06-14,LE1706,106.3,108.25,105.85,107.775,242.0,,活牛1706,1754.0,108.225,107.775
2016-06-15,LE1706,107.975,108.075,106.925,107.675,207.0,,活牛1706,1803.0,107.55,107.675
2016-06-16,LE1706,107.775,107.775,106.05,107.0,720.0,,活牛1706,1861.0,107.2,107.0
2016-06-17,LE1706,107.15,107.65,106.475,106.825,91.0,,活牛1706,2259.0,107.0,106.825
2016-06-20,LE1706,105.575,106.05,104.65,105.45,119.0,,活牛1706,2291.0,105.575,105.45
2016-06-21,LE1706,105.65,106.35,105.0,106.15,91.0,,活牛1706,2278.0,105.975,106.15
2016-06-22,LE1706,106.025,106.325,104.875,105.9,120.0,,活牛1706,2262.0,105.95,105.9
2016-06-23,LE1706,105.575,107.0,105.575,106.975,62.0,,活牛1706,2240.0,107.0,106.975
2016-06-24,LE1706,105.425,106.125,104.75,106.05,354.0,,活牛1706,2242.0,105.95,106.05
2016-06-27,LE1706,106.1,107.075,106.0,106.5,209.0,,活牛1706,2473.0,106.775,106.5
2016-06-28,LE1706,106.925,107.075,106.775,106.8,113.0,,活牛1706,2508.0,106.775,106.8
2016-06-29,LE1706,107.0,107.325,106.85,107.05,376.0,,活牛1706,2530.0,107.025,107.05
2016-06-30,LE1706,107.0,107.85,106.925,107.4,315.0,,活牛1706,2655.0,107.725,107.4
2016-07-01,LE1706,107.95,108.425,106.475,106.575,401.0,,活牛1706,2770.0,106.8,106.575
2016-07-05,LE1706,106.475,107.35,104.825,107.25,307.0,,活牛1706,2869.0,107.25,107.25
2016-07-06,LE1706,107.325,107.4,106.4,106.425,345.0,,活牛1706,2848.0,106.625,106.425
2016-07-07,LE1706,106.625,107.05,105.975,106.0,348.0,,活牛1706,3016.0,106.3,106.0
2016-07-08,LE1706,106.85,107.55,106.05,107.15,689.0,,活牛1706,3175.0,107.225,107.15
2016-07-11,LE1706,107.075,107.175,104.35,104.775,475.0,,活牛1706,3503.0,104.55,104.775
2016-07-12,LE1706,104.85,105.2,103.6,104.275,186.0,,活牛1706,3685.0,104.4,104.275
2016-07-13,LE1706,104.425,105.475,104.075,105.05,237.0,,活牛1706,3708.0,105.15,105.05
2016-07-14,LE1706,105.65,106.75,105.65,106.025,310.0,,活牛1706,3771.0,106.325,106.025
2016-07-15,LE1706,105.925,106.95,104.575,104.575,545.0,,活牛1706,3888.0,104.75,104.575
2016-07-18,LE1706,104.05,105.5,103.925,105.25,333.0,,活牛1706,4111.0,105.2,105.25
2016-07-19,LE1706,105.425,105.425,103.7,103.75,269.0,,活牛1706,4258.0,103.85,103.75
2016-07-20,LE1706,103.3,104.3,102.725,102.85,316.0,,活牛1706,4325.0,103.1,102.85
2016-07-21,LE1706,103.05,103.05,100.6,100.775,237.0,,活牛1706,4385.0,100.775,100.775
2016-07-22,LE1706,101.025,102.625,100.8,102.275,286.0,,活牛1706,4458.0,102.35,102.275
2016-07-25,LE1706,103.0,105.0,103.0,104.5,986.0,,活牛1706,4598.0,104.6,104.5
2016-07-26,LE1706,104.825,105.325,104.2,105.025,678.0,,活牛1706,4826.0,105.125,105.025
2016-07-27,LE1706,104.625,105.375,104.575,105.225,549.0,,活牛1706,5132.0,105.225,105.225
2016-07-28,LE1706,104.975,105.65,103.575,103.6,438.0,,活牛1706,5369.0,103.825,103.6
2016-07-29,LE1706,103.5,104.425,103.15,104.025,638.0,,活牛1706,5530.0,104.2,104.025
2016-08-01,LE1706,104.525,106.375,104.525,106.225,1356.0,,活牛1706,5738.0,106.2,106.225
2016-08-02,LE1706,106.35,106.55,105.25,106.125,927.0,,活牛1706,6178.0,106.25,106.125
2016-08-03,LE1706,106.275,107.175,106.125,107.0,976.0,,活牛1706,6609.0,107.075,107.0
2016-08-04,LE1706,106.9,107.35,105.55,105.6,1210.0,,活牛1706,7000.0,106.325,105.6
2016-08-05,LE1706,106.45,107.275,105.825,107.1,1088.0,,活牛1706,7275.0,107.125,107.1
2016-08-08,LE1706,107.475,107.575,107.0,107.325,541.0,,活牛1706,7658.0,107.425,107.325
2016-08-09,LE1706,107.175,107.95,107.075,107.7,603.0,,活牛1706,7771.0,107.65,107.7
2016-08-10,LE1706,107.5,107.9,107.1,107.45,305.0,,活牛1706,7865.0,107.5,107.45
2016-08-11,LE1706,107.25,107.45,105.775,106.575,486.0,,活牛1706,7913.0,106.6,106.575
2016-08-12,LE1706,106.7,106.925,105.85,106.2,467.0,,活牛1706,7984.0,106.225,106.2
2016-08-15,LE1706,106.225,106.7,106.05,106.3,497.0,,活牛1706,8225.0,106.45,106.3
2016-08-16,LE1706,106.1,106.275,105.2,105.2,451.0,,活牛1706,8371.0,105.35,105.2
2016-08-17,LE1706,105.0,105.8,104.85,105.2,446.0,,活牛1706,8336.0,105.3,105.2
2016-08-18,LE1706,104.975,105.25,104.3,104.3,396.0,,活牛1706,8476.0,104.4,104.3
2016-08-19,LE1706,104.225,104.95,103.95,104.25,1004.0,,活牛1706,8496.0,104.525,104.25
2016-08-22,LE1706,104.125,105.175,103.675,104.35,558.0,,活牛1706,8510.0,104.45,104.35
2016-08-23,LE1706,104.25,104.25,103.45,103.6,348.0,,活牛1706,8546.0,103.6,103.6
2016-08-24,LE1706,103.125,103.45,102.35,102.475,527.0,,活牛1706,8641.0,102.425,102.475
2016-08-25,LE1706,102.175,102.525,101.825,102.2,418.0,,活牛1706,8671.0,102.1,102.2
2016-08-26,LE1706,102.125,102.7,100.875,100.95,558.0,,活牛1706,8790.0,101.0,100.95
2016-08-29,LE1706,100.4,100.975,99.925,100.1,719.0,,活牛1706,8859.0,100.2,100.1
2016-08-30,LE1706,100.25,102.225,99.3,101.925,1223.0,,活牛1706,8939.0,102.125,101.925
2016-08-31,LE1706,102.15,102.15,100.35,101.025,1159.0,,活牛1706,8976.0,101.3,101.025
2016-09-01,LE1706,101.15,101.15,98.4,98.9,1146.0,,活牛1706,9182.0,98.725,98.9
2016-09-02,LE1706,99.0,99.4,97.575,97.65,1095.0,,活牛1706,9261.0,97.75,97.65
2016-09-06,LE1706,97.55,97.975,96.375,96.425,1049.0,,活牛1706,9487.0,96.85,96.425
2016-09-07,LE1706,96.975,98.475,96.475,98.025,1285.0,,活牛1706,9549.0,98.275,98.025
2016-09-08,LE1706,98.0,98.425,96.325,97.3,1465.0,,活牛1706,9660.0,97.3,97.3
2016-09-09,LE1706,97.025,98.85,96.4,98.025,2368.0,,活牛1706,9571.0,98.325,98.025
2016-09-12,LE1706,98.325,100.15,98.125,99.4,2193.0,,活牛1706,9630.0,99.425,99.4
2016-09-13,LE1706,99.375,99.375,97.925,98.425,670.0,,活牛1706,9898.0,98.625,98.425
2016-09-14,LE1706,98.325,98.975,97.6,98.675,863.0,,活牛1706,10021.0,98.775,98.675
2016-09-15,LE1706,98.95,99.425,98.725,99.175,1586.0,,活牛1706,10289.0,99.25,99.175
2016-09-16,LE1706,99.0,100.125,98.725,99.775,1223.0,,活牛1706,10604.0,99.85,99.775
2016-09-19,LE1706,99.95,100.2,99.0,99.8,846.0,,活牛1706,10972.0,99.925,99.8
2016-09-20,LE1706,99.825,100.325,99.65,99.85,1008.0,,活牛1706,11086.0,100.025,99.85
2016-09-21,LE1706,100.025,101.0,100.025,100.9,2003.0,,活牛1706,11260.0,100.95,100.9
2016-09-22,LE1706,100.9,101.3,99.9,99.925,1734.0,,活牛1706,11393.0,100.15,99.925
2016-09-23,LE1706,99.9,99.95,97.5,99.825,1715.0,,活牛1706,11684.0,99.75,99.825
2016-09-26,LE1706,99.025,99.1,97.825,98.825,680.0,,活牛1706,11792.0,98.975,98.825
2016-09-27,LE1706,98.525,98.575,96.5,96.65,1919.0,,活牛1706,11938.0,97.0,96.65
2016-09-28,LE1706,96.6,98.225,95.8,97.1,1662.0,,活牛1706,11829.0,97.125,97.1
2016-09-29,LE1706,97.425,97.75,96.35,96.425,1661.0,,活牛1706,11971.0,96.5,96.425
2016-09-30,LE1706,96.0,96.125,93.6,93.925,2027.0,,活牛1706,12383.0,93.95,93.925
2016-10-03,LE1706,94.6,94.875,93.175,94.05,3460.0,,活牛1706,12939.0,93.925,94.05
2016-10-04,LE1706,93.925,96.475,93.925,96.25,1743.0,,活牛1706,13407.0,96.45,96.25
2016-10-05,LE1706,96.5,96.75,95.575,96.625,1693.0,,活牛1706,13743.0,96.65,96.625
2016-10-06,LE1706,96.4,96.8,95.65,96.275,1871.0,,活牛1706,13993.0,96.5,96.275
2016-10-07,LE1706,95.5,96.95,95.5,96.6,2558.0,,活牛1706,14340.0,96.825,96.6
2016-10-10,LE1706,96.6,97.025,94.05,94.6,2859.0,,活牛1706,15173.0,94.725,94.6
2016-10-11,LE1706,94.175,95.55,93.8,93.85,3206.0,,活牛1706,15722.0,94.4,93.85
2016-10-12,LE1706,93.9,94.325,92.6,92.75,4781.0,,活牛1706,16444.0,93.375,92.75
2016-10-13,LE1706,92.9,93.075,91.3,91.425,3397.0,,活牛1706,17896.0,91.45,91.425
2016-10-14,LE1706,91.4,92.825,91.375,92.0,3096.0,,活牛1706,18797.0,92.175,92.0
2016-10-17,LE1706,92.25,93.525,91.8,93.0,1509.0,,活牛1706,19273.0,93.025,93.0
2016-10-18,LE1706,93.1,93.825,92.4,93.4,2125.0,,活牛1706,19432.0,93.425,93.4
2016-10-19,LE1706,93.2,93.525,91.7,91.75,2493.0,,活牛1706,19734.0,91.925,91.75
2016-10-20,LE1706,92.25,93.95,92.1,93.625,4246.0,,活牛1706,20071.0,93.7,93.625
2016-10-21,LE1706,93.7,95.325,93.625,94.95,2994.0,,活牛1706,21148.0,94.875,94.95
2016-10-24,LE1706,96.125,96.975,95.45,96.15,4679.0,,活牛1706,21677.0,96.225,96.15
2016-10-25,LE1706,95.775,96.8,95.75,95.8,2999.0,,活牛1706,22192.0,95.95,95.8
2016-10-26,LE1706,95.725,96.8,95.725,96.55,1995.0,,活牛1706,23022.0,96.65,96.55
2016-10-27,LE1706,96.4,97.575,96.4,96.75,3485.0,,活牛1706,23411.0,96.925,96.75
2016-10-28,LE1706,96.95,97.5,96.05,96.05,3947.0,,活牛1706,24094.0,96.175,96.05
2016-10-31,LE1706,96.0,96.225,95.5,95.6,2877.0,,活牛1706,25376.0,95.65,95.6
2016-11-01,LE1706,95.65,97.8,95.65,97.8,4925.0,,活牛1706,25779.0,97.675,97.8
2016-11-02,LE1706,97.775,98.35,97.4,98.175,4828.0,,活牛1706,25843.0,98.225,98.175
2016-11-03,LE1706,97.6,98.075,96.55,97.3,3320.0,,活牛1706,27042.0,97.275,97.3
2016-11-04,LE1706,97.0,97.075,95.875,96.525,4114.0,,活牛1706,27340.0,96.7,96.525
2016-11-07,LE1706,96.45,96.7,94.6,95.5,6091.0,,活牛1706,28102.0,95.85,95.5
2016-11-08,LE1706,95.625,97.15,95.425,97.025,4045.0,,活牛1706,27853.0,97.075,97.025
2016-11-09,LE1706,96.5,97.425,96.35,96.95,4912.0,,活牛1706,28464.0,96.925,96.95
2016-11-10,LE1706,97.2,97.8,96.825,97.3,4239.0,,活牛1706,29175.0,97.3,97.3
2016-11-11,LE1706,97.525,97.975,97.175,97.9,4162.0,,活牛1706,29709.0,97.9,97.9
2016-11-14,LE1706,97.825,98.65,97.45,98.25,5296.0,,活牛1706,30195.0,98.075,98.25
2016-11-15,LE1706,97.975,98.9,97.65,98.85,4853.0,,活牛1706,31619.0,98.825,98.85
2016-11-16,LE1706,98.525,100.45,98.525,100.325,9279.0,,活牛1706,32968.0,100.325,100.325
2016-11-17,LE1706,100.375,100.825,99.8,100.775,7259.0,,活牛1706,35446.0,100.7,100.775
2016-11-18,LE1706,100.45,100.825,100.125,100.5,6562.0,,活牛1706,37063.0,100.375,100.5
2016-11-21,LE1706,100.325,101.3,100.05,100.7,9864.0,,活牛1706,39070.0,100.775,100.7
2016-11-22,LE1706,100.55,101.05,99.975,100.975,6717.0,,活牛1706,41606.0,101.0,100.975
2016-11-23,LE1706,100.925,101.5,100.375,101.325,6252.0,,活牛1706,43514.0,101.4,101.325
2016-11-25,LE1706,101.775,102.325,101.7,102.075,7603.0,,活牛1706,45140.0,102.075,102.075
2016-11-28,LE1706,101.675,102.425,101.275,101.625,6558.0,,活牛1706,45778.0,101.85,101.625
2016-11-29,LE1706,101.375,101.875,100.975,101.55,6898.0,,活牛1706,46850.0,101.6,101.55
2016-11-30,LE1706,101.65,102.95,101.65,102.925,8009.0,,活牛1706,47883.0,102.9,102.925
2016-12-01,LE1706,103.075,103.55,102.175,102.175,10338.0,,活牛1706,49259.0,102.4,102.175
2016-12-02,LE1706,102.25,102.45,100.225,100.6,10740.0,,活牛1706,50103.0,100.775,100.6
2016-12-05,LE1706,100.6,101.275,100.25,100.7,4857.0,,活牛1706,50833.0,100.55,100.7
2016-12-06,LE1706,100.875,102.375,100.025,101.775,5882.0,,活牛1706,51357.0,102.0,101.775
2016-12-07,LE1706,101.75,102.3,100.8,101.975,7159.0,,活牛1706,51642.0,102.15,101.975
2016-12-08,LE1706,101.7,102.275,100.45,101.225,8956.0,,活牛1706,52375.0,101.5,101.225
2016-12-09,LE1706,100.8,101.55,100.375,101.4,6343.0,,活牛1706,53090.0,101.4,101.4
2016-12-12,LE1706,101.0,103.525,100.875,102.8,11163.0,,活牛1706,53787.0,102.8,102.8
2016-12-13,LE1706,102.825,103.95,102.825,103.8,9028.0,,活牛1706,55329.0,103.775,103.8
2016-12-14,LE1706,103.575,104.0,102.75,103.35,6537.0,,活牛1706,57046.0,103.175,103.35
2016-12-15,LE1706,102.9,103.4,102.425,103.375,6374.0,,活牛1706,57718.0,103.15,103.375
2016-12-16,LE1706,103.15,104.35,103.15,104.25,9385.0,,活牛1706,58786.0,104.25,104.25
2016-12-19,LE1706,103.95,104.7,103.75,104.6,7410.0,,活牛1706,60248.0,104.675,104.6
2016-12-20,LE1706,104.4,104.75,103.5,104.325,8671.0,,活牛1706,60529.0,104.3,104.325
2016-12-21,LE1706,104.0,104.75,103.875,104.65,5645.0,,活牛1706,61227.0,104.65,104.65
2016-12-22,LE1706,104.5,105.4,104.375,105.075,8546.0,,活牛1706,61754.0,105.225,105.075
2016-12-23,LE1706,105.0,105.35,103.85,105.075,7501.0,,活牛1706,64146.0,105.125,105.075
2016-12-27,LE1706,104.95,105.125,104.45,104.5,4402.0,,活牛1706,64761.0,104.625,104.5
2016-12-28,LE1706,104.475,105.375,104.475,104.875,5593.0,,活牛1706,64852.0,105.125,104.875
2016-12-29,LE1706,105.2,105.45,104.475,105.175,6172.0,,活牛1706,64283.0,105.35,105.175
2016-12-30,LE1706,105.175,105.75,103.8,105.025,10220.0,,活牛1706,64089.0,104.675,105.025
2017-01-11,LE1706,107.175,108.05,106.925,107.0,14198.0,,活牛1706,71758.0,107.775,107.0
2017-01-12,LE1706,107.075,107.1,105.175,106.525,12339.0,,活牛1706,74506.0,106.825,106.525
2017-01-13,LE1706,106.475,108.15,106.15,107.95,11509.0,,活牛1706,75828.0,108.025,107.95
2017-01-17,LE1706,108.025,108.625,107.725,108.275,9655.0,,活牛1706,78243.0,108.525,108.275
2017-01-18,LE1706,108.275,109.0,108.125,108.975,11378.0,,活牛1706,79754.0,108.925,108.975
2017-01-19,LE1706,108.85,109.625,108.5,109.1,10780.0,,活牛1706,82436.0,109.175,109.1
2017-01-20,LE1706,109.0,109.2,107.65,108.75,10324.0,,活牛1706,82576.0,108.7,108.75
2017-01-23,LE1706,108.4,108.95,108.075,108.575,8461.0,,活牛1706,81848.0,108.6,108.575
2017-01-24,LE1706,108.575,109.2,107.725,108.0,10376.0,,活牛1706,82092.0,108.15,108.0
2017-01-25,LE1706,108.0,108.8,107.525,107.95,8528.0,,活牛1706,82726.0,108.1,107.95
2017-01-26,LE1706,107.825,108.1,106.55,106.825,7678.0,,活牛1706,83385.0,107.2,106.825
2017-01-27,LE1706,106.8,107.2,106.425,106.625,7988.0,,活牛1706,84422.0,106.975,106.625
2017-01-30,LE1706,104.925,105.225,104.225,104.225,11599.0,,活牛1706,84918.0,104.55,104.225
2017-01-31,LE1706,104.55,104.925,103.975,104.1,9083.0,,活牛1706,84945.0,104.2,104.1
2017-02-01,LE1706,103.95,104.675,103.4,104.375,13986.0,,活牛1706,85559.0,104.225,104.375
2017-02-02,LE1706,104.45,105.9,104.45,105.6,10227.0,,活牛1706,85263.0,105.525,105.6
2017-02-03,LE1706,105.475,106.175,105.2,105.75,6438.0,,活牛1706,85663.0,105.65,105.75
2017-02-06,LE1706,105.825,106.25,105.15,105.975,7384.0,,活牛1706,86255.0,105.825,105.975
2017-02-07,LE1706,106.2,106.65,105.675,106.4,10372.0,,活牛1706,85937.0,106.575,106.4
2017-02-08,LE1706,106.25,106.5,105.025,105.025,12457.0,,活牛1706,85100.0,105.25,105.025
2017-02-09,LE1706,105.45,105.575,104.525,105.25,10971.0,,活牛1706,85015.0,105.275,105.25
2017-02-10,LE1706,105.275,105.975,103.8,104.275,11684.0,,活牛1706,85344.0,104.275,104.275
2017-02-13,LE1706,104.075,104.25,103.225,103.45,11567.0,,活牛1706,85831.0,103.55,103.45
2017-02-14,LE1706,103.55,104.775,103.15,104.5,8004.0,,活牛1706,86177.0,104.725,104.5
2017-02-15,LE1706,104.7,105.125,103.9,104.05,8431.0,,活牛1706,87305.0,104.3,104.05
2017-02-16,LE1706,103.925,104.575,103.575,104.1,6079.0,,活牛1706,87554.0,104.15,104.1
2017-02-17,LE1706,104.05,105.45,103.95,105.175,9871.0,,活牛1706,88601.0,105.375,105.175
2017-02-21,LE1706,105.75,106.35,105.725,105.9,9664.0,,活牛1706,90183.0,105.95,105.9
2017-02-22,LE1706,106.0,107.175,105.575,106.3,14832.0,,活牛1706,90983.0,106.425,106.3
2017-02-23,LE1706,106.575,107.4,106.425,106.825,11551.0,,活牛1706,92121.0,106.775,106.825
2017-02-24,LE1706,106.825,106.875,104.675,104.95,17722.0,,活牛1706,91938.0,104.85,104.95
2017-02-27,LE1706,105.5,106.2,105.3,105.55,10796.0,,活牛1706,93235.0,105.625,105.55
2017-02-28,LE1706,105.625,107.85,105.475,107.45,18088.0,,活牛1706,97043.0,107.55,107.45
2017-03-01,LE1706,107.8,108.75,107.275,108.0,21758.0,,活牛1706,99968.0,107.8,108.0
2017-03-02,LE1706,107.575,107.85,106.575,106.625,18323.0,,活牛1706,103033.0,106.725,106.625
2017-03-03,LE1706,106.9,107.025,106.05,106.775,15368.0,,活牛1706,103864.0,106.75,106.775
2017-03-06,LE1706,107.025,107.325,106.05,106.2,14887.0,,活牛1706,105849.0,106.275,106.2
2017-03-07,LE1706,106.275,106.45,105.375,105.375,24435.0,,活牛1706,110169.0,105.625,105.375
2017-03-08,LE1706,105.775,107.15,105.65,106.15,31326.0,,活牛1706,114715.0,106.25,106.15
2017-03-09,LE1706,107.05,107.35,106.5,106.5,26090.0,,活牛1706,120001.0,106.725,106.5
2017-03-10,LE1706,106.75,107.975,106.4,107.6,26426.0,,活牛1706,125658.0,107.5,107.6
2017-03-13,LE1706,107.9,108.625,107.625,108.025,22697.0,,活牛1706,132641.0,108.1,108.025
2017-03-14,LE1706,108.075,108.35,106.725,106.775,17774.0,,活牛1706,135980.0,106.9,106.775
2017-03-15,LE1706,106.9,108.35,106.775,108.2,17488.0,,活牛1706,138732.0,108.25,108.2
2017-03-16,LE1706,108.725,109.85,108.575,109.4,22546.0,,活牛1706,143201.0,109.425,109.4
2017-03-17,LE1706,109.625,110.0,109.05,109.375,17211.0,,活牛1706,146376.0,109.675,109.375
2017-03-20,LE1706,109.8,110.15,109.15,109.8,22834.0,,活牛1706,153290.0,109.8,109.8
2017-03-21,LE1706,109.975,111.2,109.375,110.95,24933.0,,活牛1706,158166.0,111.05,110.95
2017-03-22,LE1706,111.3,114.05,111.25,113.5,42588.0,,活牛1706,165057.0,113.775,113.5
2017-03-23,LE1706,114.175,114.2,112.425,113.025,31322.0,,活牛1706,169593.0,112.8,113.025
2017-03-24,LE1706,112.875,114.05,112.325,112.725,32256.0,,活牛1706,174771.0,112.85,112.725
2017-03-27,LE1706,112.075,112.525,111.35,111.35,24732.0,,活牛1706,177461.0,111.45,111.35
2017-03-28,LE1706,111.35,112.225,111.25,111.75,20589.0,,活牛1706,179929.0,111.6,111.75
2017-03-29,LE1706,111.85,112.625,111.575,111.825,22551.0,,活牛1706,182045.0,111.85,111.825
2017-03-30,LE1706,111.6,111.6,110.175,110.825,22381.0,,活牛1706,182772.0,110.875,110.825
2017-03-31,LE1706,110.45,111.125,110.0,110.875,23938.0,,活牛1706,184616.0,110.875,110.875
2017-04-03,LE1706,110.875,111.525,110.225,110.675,22244.0,,活牛1706,186764.0,110.7,110.675
2017-04-04,LE1706,110.525,110.525,109.1,109.225,27679.0,,活牛1706,184558.0,109.3,109.225
2017-04-05,LE1706,109.0,109.8,108.675,109.575,22824.0,,活牛1706,184343.0,109.425,109.575
2017-04-06,LE1706,109.65,110.225,109.125,110.1,18980.0,,活牛1706,184545.0,110.125,110.1
2017-04-07,LE1706,110.0,112.7,109.925,111.775,38862.0,,活牛1706,186346.0,111.8,111.775
2017-04-10,LE1706,112.625,113.65,111.9,111.9,28346.0,,活牛1706,186461.0,112.3,111.9
2017-04-11,LE1706,112.125,113.925,111.95,113.65,27451.0,,活牛1706,185728.0,113.7,113.65
2017-04-12,LE1706,113.775,115.05,113.6,114.5,32444.0,,活牛1706,186196.0,114.35,114.5
2017-04-13,LE1706,114.35,115.525,113.825,114.7,27652.0,,活牛1706,185176.0,114.7,114.7
2017-04-17,LE1706,114.8,115.9,114.8,115.575,17586.0,,活牛1706,187459.0,115.575,115.575
2017-04-18,LE1706,115.7,116.9,115.125,115.125,26497.0,,活牛1706,188541.0,115.65,115.125
2017-04-19,LE1706,115.825,116.55,114.85,115.95,31790.0,,活牛1706,187794.0,115.95,115.95
2017-04-20,LE1706,116.7,117.475,115.8,116.65,32025.0,,活牛1706,186521.0,116.475,116.65
2017-04-21,LE1706,116.85,117.575,116.275,116.75,23688.0,,活牛1706,185650.0,116.7,116.75
2017-04-24,LE1706,116.2,116.45,114.425,115.275,31714.0,,活牛1706,183108.0,114.85,115.275
2017-04-25,LE1706,115.275,115.975,114.65,115.925,28078.0,,活牛1706,182596.0,115.825,115.925
2017-04-26,LE1706,116.15,118.825,116.075,118.825,35958.0,,活牛1706,182964.0,118.525,118.825
2017-04-27,LE1706,118.85,121.525,118.275,121.525,40446.0,,活牛1706,182701.0,121.525,121.525
2017-04-28,LE1706,122.425,124.225,120.575,124.075,55665.0,,活牛1706,179345.0,124.025,124.075
2017-05-01,LE1706,124.625,125.325,123.65,124.3,37243.0,,活牛1706,175964.0,124.125,124.3
2017-05-02,LE1706,124.1,127.125,124.075,127.075,57470.0,,活牛1706,172008.0,127.05,127.075
2017-05-03,LE1706,127.05,130.05,127.0,130.05,71945.0,,活牛1706,160749.0,130.05,130.05
2017-05-04,LE1706,134.5,134.55,130.575,131.275,67879.0,,活牛1706,150340.0,131.3,131.275
2017-05-05,LE1706,131.3,131.35,128.3,128.3,47538.0,,活牛1706,140097.0,128.3,128.3
2017-05-08,LE1706,126.95,128.925,126.05,127.525,69085.0,,活牛1706,123675.0,127.775,127.525
2017-05-09,LE1706,128.0,129.625,124.775,125.075,61666.0,,活牛1706,108838.0,124.975,125.075
2017-05-10,LE1706,124.975,125.125,122.225,125.025,57570.0,,活牛1706,95139.0,124.2,125.025
2017-05-11,LE1706,125.225,125.25,121.325,124.15,48409.0,,活牛1706,84365.0,123.925,124.15
2017-05-12,LE1706,125.725,126.875,124.2,125.625,42484.0,,活牛1706,75792.0,125.175,125.625
2017-05-15,LE1706,125.65,125.725,122.175,122.425,23130.0,,活牛1706,69865.0,122.45,122.425
2017-05-16,LE1706,122.275,122.875,120.575,122.15,23851.0,,活牛1706,66680.0,121.9,122.15
2017-05-17,LE1706,122.4,123.45,121.75,122.775,28936.0,,活牛1706,64415.0,122.45,122.775
2017-05-18,LE1706,121.75,123.9,121.2,122.975,21657.0,,活牛1706,60890.0,122.925,122.975
2017-05-19,LE1706,123.325,124.05,122.475,123.8,15015.0,,活牛1706,56606.0,123.45,123.8
2017-05-22,LE1706,123.7,125.125,123.15,124.3,14757.0,,活牛1706,52189.0,123.925,124.3
2017-05-23,LE1706,123.825,124.35,122.6,122.875,11649.0,,活牛1706,49282.0,123.075,122.875
2017-05-24,LE1706,122.85,122.875,120.8,122.35,13352.0,,活牛1706,45997.0,122.125,122.35
2017-05-25,LE1706,122.975,124.0,122.15,123.95,11941.0,,活牛1706,42080.0,123.925,123.95
2017-05-26,LE1706,124.1,124.625,122.125,122.625,12295.0,,活牛1706,38677.0,122.7,122.625
2017-05-30,LE1706,122.575,123.25,122.2,122.925,10066.0,,活牛1706,36391.0,122.975,122.925
2017-05-31,LE1706,123.35,124.6,123.025,124.575,10646.0,,活牛1706,34895.0,124.425,124.575
2017-06-01,LE1706,124.75,127.425,124.65,127.425,10673.0,,活牛1706,35019.0,127.425,127.425
2017-06-02,LE1706,129.5,131.575,128.575,131.0,16719.0,,活牛1706,22306.0,130.825,131.0
2017-06-05,LE1706,131.1,132.675,130.725,132.525,7382.0,,活牛1706,20173.0,132.1,132.525
2017-06-06,LE1706,133.225,134.225,129.55,130.6,7689.0,,活牛1706,18175.0,130.2,130.6
2017-06-07,LE1706,130.325,132.325,129.75,131.475,5777.0,,活牛1706,17504.0,131.2,131.475
2017-06-08,LE1706,131.725,132.75,131.225,131.575,4802.0,,活牛1706,16277.0,131.375,131.575
2017-06-09,LE1706,131.2,131.7,130.475,131.35,3772.0,,活牛1706,15066.0,131.25,131.35
2017-06-12,LE1706,131.35,131.35,128.25,128.675,4907.0,,活牛1706,13554.0,128.35,128.675
2017-06-13,LE1706,128.95,129.075,127.1,127.5,2658.0,,活牛1706,12798.0,127.5,127.5
2017-06-14,LE1706,126.875,127.0,124.5,124.5,4127.0,,活牛1706,10972.0,124.5,124.5
2017-06-15,LE1706,124.2,124.35,122.1,122.55,3849.0,,活牛1706,9245.0,122.5,122.55
2017-06-16,LE1706,123.225,123.225,121.25,121.85,2416.0,,活牛1706,8227.0,121.7,121.85
2017-06-19,LE1706,121.7,122.25,119.675,120.3,1943.0,,活牛1706,7520.0,120.0,120.3
2017-06-20,LE1706,120.025,121.025,118.025,120.9,2317.0,,活牛1706,6509.0,120.35,120.9
2017-06-21,LE1706,121.05,121.6,119.4,119.5,2363.0,,活牛1706,5534.0,119.5,119.5
2017-06-22,LE1706,119.3,119.5,118.0,118.95,2231.0,,活牛1706,4445.0,118.625,118.95
2017-06-23,LE1706,119.375,119.575,118.525,119.4,1116.0,,活牛1706,3759.0,119.2,119.4
2017-06-26,LE1706,119.0,121.65,118.6,121.625,1516.0,,活牛1706,2836.0,121.475,121.625
2017-06-27,LE1706,121.725,121.775,119.1,120.175,1369.0,,活牛1706,1978.0,119.6,120.175
2017-06-28,LE1706,119.2,120.45,118.85,120.45,1552.0,,活牛1706,1060.0,120.25,120.45
2017-06-29,LE1706,120.55,120.925,119.525,119.55,1329.0,,活牛1706,226.0,120.2,119.55
2017-06-30,LE1706,119.925,120.0,119.0,119.1,262.0,,活牛1706,17.0,119.1,119.1
