date,symbol,open,high,low,close,volume,amount,name,openinterest,settleprice,price
2015-08-31,LE1702,,,,138.45,0.0,,活牛1702,0.0,138.45,138.45
2015-09-01,LE1702,,,,137.25,0.0,,活牛1702,0.0,137.5,137.25
2015-09-02,LE1702,135.5,135.5,134.5,135.0,7.0,,活牛1702,0.0,135.025,135.0
2015-09-03,LE1702,,,,135.125,0.0,,活牛1702,7.0,135.125,135.125
2015-09-04,LE1702,,,,134.925,0.0,,活牛1702,7.0,134.925,134.925
2015-09-08,LE1702,136.0,136.0,136.0,136.0,8.0,,活牛1702,7.0,136.0,136.0
2015-09-09,LE1702,136.3,136.75,136.0,136.75,32.0,,活牛1702,12.0,136.75,136.75
2015-09-10,LE1702,136.65,137.75,136.65,137.75,16.0,,活牛1702,42.0,137.5,137.75
2015-09-11,LE1702,,,,136.55,0.0,,活牛1702,41.0,136.55,136.55
2015-09-14,LE1702,,,,137.0,0.0,,活牛1702,41.0,137.0,137.0
2015-09-15,LE1702,,,,136.45,0.0,,活牛1702,41.0,136.45,136.45
2015-09-16,LE1702,,,,136.0,0.0,,活牛1702,41.0,133.55,136.0
2015-09-17,LE1702,,,,133.975,0.0,,活牛1702,41.0,133.975,133.975
2015-09-18,LE1702,134.0,134.0,133.25,133.25,2.0,,活牛1702,41.0,133.475,133.25
2015-09-21,LE1702,133.35,133.35,132.225,133.05,9.0,,活牛1702,43.0,132.375,133.05
2015-09-22,LE1702,131.125,131.125,131.025,131.025,2.0,,活牛1702,51.0,131.025,131.025
2015-09-23,LE1702,,,,128.1,0.0,,活牛1702,53.0,128.1,128.1
2015-09-24,LE1702,129.5,129.5,128.5,128.5,3.0,,活牛1702,53.0,127.875,128.5
2015-09-25,LE1702,129.875,129.875,128.25,129.5,60.0,,活牛1702,54.0,129.5,129.5
2015-09-28,LE1702,128.0,128.25,128.0,128.05,32.0,,活牛1702,70.0,128.25,128.05
2015-09-29,LE1702,,,,125.475,2.0,,活牛1702,86.0,125.475,125.475
2015-09-30,LE1702,126.55,126.85,126.55,126.85,6.0,,活牛1702,86.0,126.85,126.85
2015-10-01,LE1702,126.5,126.5,126.5,126.5,5.0,,活牛1702,86.0,125.9,126.5
2015-10-02,LE1702,,,,126.0,0.0,,活牛1702,86.0,126.0,126.0
2015-10-05,LE1702,126.425,126.425,126.275,126.275,9.0,,活牛1702,86.0,126.075,126.275
2015-10-06,LE1702,126.025,129.075,126.025,129.075,61.0,,活牛1702,94.0,129.075,129.075
2015-10-07,LE1702,129.5,131.05,129.5,129.525,177.0,,活牛1702,125.0,130.225,129.525
2015-10-08,LE1702,129.6,131.65,129.6,131.525,45.0,,活牛1702,218.0,131.6,131.525
2015-10-09,LE1702,131.1,132.0,131.1,132.0,27.0,,活牛1702,233.0,132.0,132.0
2015-10-12,LE1702,132.25,132.25,132.15,132.15,14.0,,活牛1702,244.0,132.15,132.15
2015-10-13,LE1702,132.0,132.0,132.0,132.0,18.0,,活牛1702,256.0,132.0,132.0
2015-10-14,LE1702,132.35,132.75,131.0,131.0,66.0,,活牛1702,269.0,131.55,131.0
2015-10-15,LE1702,131.35,131.575,130.0,130.125,103.0,,活牛1702,306.0,130.275,130.125
2015-10-16,LE1702,130.275,132.15,129.775,132.15,109.0,,活牛1702,334.0,131.95,132.15
2015-10-19,LE1702,132.7,133.3,132.7,133.0,126.0,,活牛1702,398.0,132.825,133.0
2015-10-20,LE1702,133.0,133.5,132.85,133.5,38.0,,活牛1702,463.0,133.3,133.5
2015-10-21,LE1702,133.1,133.275,133.0,133.25,115.0,,活牛1702,482.0,133.275,133.25
2015-10-22,LE1702,133.0,134.0,133.0,133.575,57.0,,活牛1702,542.0,134.0,133.575
2015-10-23,LE1702,134.0,134.0,132.675,133.575,41.0,,活牛1702,564.0,133.45,133.575
2015-10-26,LE1702,132.7,133.275,132.425,133.075,26.0,,活牛1702,567.0,133.2,133.075
2015-10-27,LE1702,132.2,133.4,131.65,133.4,28.0,,活牛1702,571.0,131.925,133.4
2015-10-28,LE1702,133.475,134.4,133.25,134.4,44.0,,活牛1702,582.0,134.4,134.4
2015-10-29,LE1702,133.35,133.825,132.825,133.725,22.0,,活牛1702,598.0,133.725,133.725
2015-10-30,LE1702,133.125,133.5,132.65,132.825,38.0,,活牛1702,599.0,132.8,132.825
2015-11-02,LE1702,132.375,132.5,132.175,132.5,5.0,,活牛1702,606.0,132.675,132.5
2015-11-03,LE1702,132.25,132.775,131.7,131.7,53.0,,活牛1702,604.0,131.875,131.7
2015-11-04,LE1702,131.1,131.175,130.125,130.125,21.0,,活牛1702,639.0,130.2,130.125
2015-11-05,LE1702,129.7,129.7,127.425,128.05,37.0,,活牛1702,641.0,128.025,128.05
2015-11-06,LE1702,127.95,128.4,127.25,128.15,49.0,,活牛1702,643.0,128.175,128.15
2015-11-09,LE1702,125.175,125.275,125.175,125.175,17.0,,活牛1702,659.0,125.175,125.175
2015-11-10,LE1702,124.4,125.95,122.325,123.625,169.0,,活牛1702,659.0,123.225,123.625
2015-11-11,LE1702,124.85,125.325,124.525,125.2,92.0,,活牛1702,674.0,125.1,125.2
2015-11-12,LE1702,124.675,126.95,124.525,125.375,41.0,,活牛1702,680.0,125.7,125.375
2015-11-13,LE1702,125.15,125.15,123.4,123.675,35.0,,活牛1702,693.0,123.625,123.675
2015-11-16,LE1702,121.05,121.35,120.95,120.95,65.0,,活牛1702,692.0,121.15,120.95
2015-11-17,LE1702,121.275,123.425,120.2,122.7,95.0,,活牛1702,688.0,122.875,122.7
2015-11-18,LE1702,123.9,125.075,122.875,123.7,84.0,,活牛1702,702.0,124.75,123.7
2015-11-19,LE1702,124.125,124.475,123.6,123.825,39.0,,活牛1702,740.0,123.875,123.825
2015-11-20,LE1702,122.875,124.4,122.85,124.0,64.0,,活牛1702,756.0,124.15,124.0
2015-11-23,LE1702,124.375,125.175,123.175,124.9,224.0,,活牛1702,770.0,124.925,124.9
2015-11-24,LE1702,124.425,125.35,123.45,124.1,75.0,,活牛1702,788.0,124.275,124.1
2015-11-25,LE1702,125.05,125.05,124.4,124.4,135.0,,活牛1702,767.0,124.75,124.4
2015-11-27,LE1702,125.2,125.2,124.4,124.4,3.0,,活牛1702,829.0,124.8,124.4
2015-11-30,LE1702,124.1,124.1,123.075,123.35,108.0,,活牛1702,827.0,123.45,123.35
2015-12-01,LE1702,122.65,124.875,122.05,124.6,139.0,,活牛1702,816.0,124.75,124.6
2015-12-02,LE1702,124.0,124.0,121.75,121.75,125.0,,活牛1702,883.0,122.75,121.75
2015-12-03,LE1702,121.3,121.95,120.275,121.625,118.0,,活牛1702,931.0,121.55,121.625
2015-12-04,LE1702,122.35,122.35,120.875,121.225,65.0,,活牛1702,902.0,121.375,121.225
2015-12-07,LE1702,120.575,120.575,119.25,119.375,62.0,,活牛1702,904.0,120.1,119.375
2015-12-08,LE1702,119.4,120.275,118.45,118.45,33.0,,活牛1702,901.0,118.95,118.45
2015-12-09,LE1702,117.8,118.575,116.125,116.825,149.0,,活牛1702,901.0,116.975,116.825
2015-12-10,LE1702,116.275,118.3,115.6,117.0,237.0,,活牛1702,965.0,117.65,117.0
2015-12-11,LE1702,117.3,117.875,115.775,116.75,230.0,,活牛1702,1073.0,117.175,116.75
2015-12-14,LE1702,116.7,117.125,114.25,114.45,148.0,,活牛1702,1107.0,114.575,114.45
2015-12-15,LE1702,114.4,116.45,114.225,114.875,163.0,,活牛1702,1142.0,115.375,114.875
2015-12-16,LE1702,115.025,115.45,114.425,115.1,89.0,,活牛1702,1160.0,115.45,115.1
2015-12-17,LE1702,115.05,115.225,113.7,115.125,146.0,,活牛1702,1184.0,114.5,115.125
2015-12-18,LE1702,116.85,117.5,116.7,117.5,143.0,,活牛1702,1241.0,117.5,117.5
2015-12-21,LE1702,119.5,121.05,119.5,119.75,324.0,,活牛1702,1271.0,119.95,119.75
2015-12-22,LE1702,119.975,120.575,119.425,120.475,138.0,,活牛1702,1386.0,120.225,120.475
2015-12-23,LE1702,121.0,122.0,120.4,121.65,362.0,,活牛1702,1431.0,121.9,121.65
2015-12-24,LE1702,121.9,122.85,121.05,122.6,269.0,,活牛1702,1508.0,122.65,122.6
2015-12-28,LE1702,122.825,122.875,121.8,122.2,78.0,,活牛1702,1594.0,122.55,122.2
2015-12-29,LE1702,122.025,122.4,122.0,122.325,112.0,,活牛1702,1608.0,122.475,122.325
2015-12-30,LE1702,122.625,124.0,122.625,123.3,105.0,,活牛1702,1649.0,123.3,123.3
2015-12-31,LE1702,123.375,123.75,123.175,123.25,79.0,,活牛1702,1669.0,123.625,123.25
2016-01-04,LE1702,122.775,124.275,122.5,123.5,166.0,,活牛1702,1683.0,123.5,123.5
2016-01-05,LE1702,123.5,124.4,123.15,123.2,143.0,,活牛1702,1749.0,123.875,123.2
2016-01-06,LE1702,122.7,124.125,122.5,123.675,160.0,,活牛1702,1795.0,124.125,123.675
2016-01-07,LE1702,123.05,123.275,121.125,121.125,145.0,,活牛1702,1850.0,121.125,121.125
2016-01-08,LE1702,121.85,122.375,119.95,120.35,102.0,,活牛1702,1882.0,120.525,120.35
2016-01-11,LE1702,119.9,120.35,119.725,120.15,136.0,,活牛1702,1889.0,120.15,120.15
2016-01-12,LE1702,120.675,120.875,119.5,119.875,110.0,,活牛1702,1949.0,120.05,119.875
2016-01-13,LE1702,120.25,120.55,119.975,119.975,151.0,,活牛1702,1929.0,119.975,119.975
2016-01-14,LE1702,119.35,120.05,118.625,119.3,106.0,,活牛1702,1984.0,118.8,119.3
2016-01-15,LE1702,117.325,117.725,115.875,116.325,173.0,,活牛1702,1974.0,116.325,116.325
2016-01-19,LE1702,117.0,118.3,116.65,117.25,152.0,,活牛1702,1970.0,118.05,117.25
2016-01-20,LE1702,116.775,117.55,115.8,117.275,93.0,,活牛1702,1975.0,116.575,117.275
2016-01-21,LE1702,117.975,119.575,117.55,118.6,454.0,,活牛1702,1981.0,119.4,118.6
2016-01-22,LE1702,119.275,120.525,119.15,120.4,325.0,,活牛1702,2134.0,120.225,120.4
2016-01-25,LE1702,120.1,120.525,119.05,119.05,74.0,,活牛1702,2208.0,119.2,119.05
2016-01-26,LE1702,119.45,120.425,119.375,119.675,79.0,,活牛1702,2220.0,120.125,119.675
2016-01-27,LE1702,120.55,121.525,120.15,121.35,203.0,,活牛1702,2259.0,121.125,121.35
2016-01-28,LE1702,121.475,121.65,120.6,120.8,405.0,,活牛1702,2319.0,120.8,120.8
2016-01-29,LE1702,120.6,121.3,118.95,119.35,410.0,,活牛1702,2568.0,119.65,119.35
2016-02-01,LE1702,119.6,120.45,118.85,120.45,119.0,,活牛1702,2701.0,120.3,120.45
2016-02-02,LE1702,120.4,120.875,120.3,120.475,163.0,,活牛1702,2736.0,120.75,120.475
2016-02-03,LE1702,121.05,121.6,120.975,121.0,115.0,,活牛1702,2805.0,121.05,121.0
2016-02-04,LE1702,121.175,121.625,120.6,120.6,103.0,,活牛1702,2847.0,120.775,120.6
2016-02-05,LE1702,120.175,120.525,119.2,119.5,325.0,,活牛1702,2885.0,119.975,119.5
2016-02-08,LE1702,117.925,118.2,116.975,116.975,413.0,,活牛1702,2969.0,116.975,116.975
2016-02-09,LE1702,117.0,117.7,116.825,117.55,527.0,,活牛1702,3026.0,117.075,117.55
2016-02-10,LE1702,117.425,118.55,117.425,117.9,339.0,,活牛1702,3204.0,118.25,117.9
2016-02-11,LE1702,116.9,117.525,115.825,116.875,229.0,,活牛1702,3314.0,116.65,116.875
2016-02-12,LE1702,117.025,117.3,115.925,116.025,237.0,,活牛1702,3312.0,116.0,116.025
2016-02-16,LE1702,116.5,118.4,115.675,118.325,233.0,,活牛1702,3395.0,118.175,118.325
2016-02-17,LE1702,118.775,119.525,118.3,118.3,198.0,,活牛1702,3455.0,118.525,118.3
2016-02-18,LE1702,118.75,119.225,118.475,118.675,246.0,,活牛1702,3490.0,118.75,118.675
2016-02-19,LE1702,118.575,118.85,118.0,118.5,85.0,,活牛1702,3487.0,118.325,118.5
2016-02-22,LE1702,118.4,120.2,118.4,119.3,419.0,,活牛1702,3491.0,119.35,119.3
2016-02-23,LE1702,119.05,120.4,119.05,119.975,305.0,,活牛1702,3426.0,120.075,119.975
2016-02-24,LE1702,120.0,120.75,119.625,120.45,194.0,,活牛1702,3397.0,120.75,120.45
2016-02-25,LE1702,120.975,121.1,120.5,120.7,353.0,,活牛1702,3355.0,120.725,120.7
2016-02-26,LE1702,120.8,121.0,120.3,120.65,235.0,,活牛1702,3338.0,120.475,120.65
2016-02-29,LE1702,120.475,120.85,120.3,120.725,315.0,,活牛1702,3347.0,120.8,120.725
2016-03-01,LE1702,120.7,120.7,119.65,120.1,408.0,,活牛1702,3410.0,120.275,120.1
2016-03-02,LE1702,120.025,120.425,119.4,119.55,511.0,,活牛1702,3591.0,119.65,119.55
2016-03-03,LE1702,119.75,119.925,119.175,119.875,287.0,,活牛1702,3654.0,119.925,119.875
2016-03-04,LE1702,119.85,120.575,119.6,120.525,474.0,,活牛1702,3683.0,120.575,120.525
2016-03-07,LE1702,120.125,120.575,119.55,120.35,245.0,,活牛1702,3802.0,120.325,120.35
2016-03-08,LE1702,120.075,120.825,119.625,120.55,434.0,,活牛1702,3793.0,120.5,120.55
2016-03-09,LE1702,120.625,120.825,120.1,120.7,118.0,,活牛1702,3760.0,120.725,120.7
2016-03-10,LE1702,121.0,121.5,120.6,121.4,360.0,,活牛1702,3758.0,121.425,121.4
2016-03-11,LE1702,121.5,122.55,121.125,121.25,597.0,,活牛1702,3936.0,121.4,121.25
2016-03-14,LE1702,121.025,121.825,121.025,121.6,259.0,,活牛1702,4143.0,121.65,121.6
2016-03-15,LE1702,121.5,122.35,121.5,121.95,631.0,,活牛1702,4175.0,122.075,121.95
2016-03-16,LE1702,121.9,122.4,121.575,122.3,386.0,,活牛1702,4301.0,122.3,122.3
2016-03-17,LE1702,122.25,122.75,121.875,122.1,474.0,,活牛1702,4336.0,122.175,122.1
2016-03-18,LE1702,121.925,122.175,120.375,120.475,827.0,,活牛1702,4387.0,120.95,120.475
2016-03-21,LE1702,120.3,120.5,119.5,119.95,977.0,,活牛1702,4467.0,120.0,119.95
2016-03-22,LE1702,119.4,119.925,118.0,118.95,645.0,,活牛1702,4868.0,119.0,118.95
2016-03-23,LE1702,119.1,119.425,117.85,118.05,281.0,,活牛1702,5009.0,118.45,118.05
2016-03-24,LE1702,118.0,119.275,117.975,118.975,341.0,,活牛1702,5047.0,119.175,118.975
2016-03-28,LE1702,119.0,119.35,118.5,118.95,377.0,,活牛1702,5079.0,119.175,118.95
2016-03-29,LE1702,119.2,119.725,118.425,119.025,242.0,,活牛1702,5196.0,119.125,119.025
2016-03-30,LE1702,119.05,119.1,116.8,116.925,548.0,,活牛1702,5245.0,117.05,116.925
2016-03-31,LE1702,116.8,118.8,116.05,118.625,917.0,,活牛1702,5248.0,118.675,118.625
2016-04-01,LE1702,118.6,118.7,117.85,118.175,669.0,,活牛1702,5274.0,118.25,118.175
2016-04-04,LE1702,118.6,118.8,117.8,117.95,311.0,,活牛1702,5189.0,118.325,117.95
2016-04-05,LE1702,118.15,118.175,115.575,116.075,573.0,,活牛1702,5243.0,116.15,116.075
2016-04-06,LE1702,116.425,117.25,116.05,116.2,639.0,,活牛1702,5259.0,116.5,116.2
2016-04-07,LE1702,116.225,116.975,115.05,116.525,811.0,,活牛1702,5292.0,116.875,116.525
2016-04-08,LE1702,117.175,118.125,117.175,117.95,601.0,,活牛1702,5293.0,118.025,117.95
2016-04-11,LE1702,118.3,118.4,116.9,116.9,359.0,,活牛1702,5471.0,117.35,116.9
2016-04-12,LE1702,117.35,117.5,116.375,116.65,453.0,,活牛1702,5504.0,116.875,116.65
2016-04-13,LE1702,117.175,117.325,116.0,116.3,468.0,,活牛1702,5632.0,116.6,116.3
2016-04-14,LE1702,116.725,117.1,116.075,116.125,462.0,,活牛1702,5722.0,116.275,116.125
2016-04-15,LE1702,116.525,117.525,116.4,117.025,844.0,,活牛1702,5829.0,117.225,117.025
2016-04-18,LE1702,117.15,117.15,114.375,115.075,1298.0,,活牛1702,6022.0,115.1,115.075
2016-04-19,LE1702,115.05,115.8,113.975,114.7,707.0,,活牛1702,5976.0,114.775,114.7
2016-04-20,LE1702,114.75,115.05,113.6,113.65,956.0,,活牛1702,5966.0,113.775,113.65
2016-04-21,LE1702,113.775,114.25,112.75,113.25,2313.0,,活牛1702,5966.0,113.05,113.25
2016-04-22,LE1702,113.25,113.3,110.25,110.575,1266.0,,活牛1702,5994.0,110.9,110.575
2016-04-25,LE1702,111.075,112.35,111.075,112.175,843.0,,活牛1702,6146.0,112.275,112.175
2016-04-26,LE1702,112.525,114.075,112.525,113.975,1094.0,,活牛1702,6210.0,114.025,113.975
2016-04-27,LE1702,114.0,114.625,112.375,113.2,932.0,,活牛1702,6344.0,113.475,113.2
2016-04-28,LE1702,112.5,113.2,110.8,110.8,1084.0,,活牛1702,6466.0,111.0,110.8
2016-04-29,LE1702,110.75,112.4,110.525,111.75,1141.0,,活牛1702,6564.0,111.825,111.75
2016-05-02,LE1702,111.825,113.575,111.825,112.975,726.0,,活牛1702,6702.0,112.85,112.975
2016-05-03,LE1702,113.3,113.475,112.575,113.075,798.0,,活牛1702,6874.0,113.425,113.075
2016-05-04,LE1702,112.525,114.025,112.475,114.025,805.0,,活牛1702,7110.0,113.875,114.025
2016-05-05,LE1702,114.0,115.575,113.95,115.3,1145.0,,活牛1702,7300.0,115.375,115.3
2016-05-06,LE1702,115.375,115.925,115.1,115.9,1088.0,,活牛1702,7389.0,115.875,115.9
2016-05-09,LE1702,117.275,118.05,116.55,117.3,1730.0,,活牛1702,7603.0,117.35,117.3
2016-05-10,LE1702,117.25,117.675,116.725,117.625,1043.0,,活牛1702,7782.0,117.55,117.625
2016-05-11,LE1702,117.25,117.85,116.525,116.65,1090.0,,活牛1702,8053.0,117.175,116.65
2016-05-12,LE1702,116.775,117.6,115.675,115.85,2162.0,,活牛1702,8310.0,116.225,115.85
2016-05-13,LE1702,116.1,116.525,113.65,115.9,1398.0,,活牛1702,8693.0,115.65,115.9
2016-05-16,LE1702,116.35,117.15,116.25,116.725,794.0,,活牛1702,8772.0,116.675,116.725
2016-05-17,LE1702,116.8,117.15,116.175,116.925,876.0,,活牛1702,8713.0,117.075,116.925
2016-05-18,LE1702,117.075,117.625,116.525,117.625,795.0,,活牛1702,8898.0,117.6,117.625
2016-05-19,LE1702,117.2,117.5,115.5,116.55,1467.0,,活牛1702,8958.0,116.675,116.55
2016-05-20,LE1702,116.725,116.9,115.9,116.525,1276.0,,活牛1702,9116.0,116.6,116.525
2016-05-23,LE1702,114.75,115.025,113.6,113.6,1395.0,,活牛1702,9253.0,113.6,113.6
2016-05-24,LE1702,113.375,114.05,112.25,113.225,1438.0,,活牛1702,9292.0,113.3,113.225
2016-05-25,LE1702,113.4,113.8,113.175,113.525,701.0,,活牛1702,9293.0,113.5,113.525
2016-05-26,LE1702,113.35,114.7,111.975,114.35,1364.0,,活牛1702,9153.0,114.575,114.35
2016-05-27,LE1702,114.75,115.4,114.675,115.25,939.0,,活牛1702,9196.0,115.325,115.25
2016-05-31,LE1702,115.725,116.475,115.55,115.8,1034.0,,活牛1702,9408.0,115.75,115.8
2016-06-01,LE1702,115.65,116.225,114.675,116.1,1352.0,,活牛1702,9518.0,116.15,116.1
2016-06-02,LE1702,116.1,116.95,115.9,116.6,1208.0,,活牛1702,9509.0,116.6,116.6
2016-06-03,LE1702,116.725,117.15,116.075,117.025,3143.0,,活牛1702,9603.0,117.025,117.025
2016-06-06,LE1702,117.575,118.125,114.9,115.975,2646.0,,活牛1702,9558.0,116.525,115.975
2016-06-07,LE1702,116.175,117.025,115.775,115.9,2099.0,,活牛1702,9732.0,116.175,115.9
2016-06-08,LE1702,116.0,118.225,115.125,117.9,1973.0,,活牛1702,9847.0,118.05,117.9
2016-06-09,LE1702,118.0,118.25,117.2,117.275,2006.0,,活牛1702,10237.0,117.775,117.275
2016-06-10,LE1702,117.575,117.625,116.1,116.425,1394.0,,活牛1702,10302.0,116.3,116.425
2016-06-13,LE1702,116.3,116.3,113.3,113.525,2685.0,,活牛1702,9987.0,113.675,113.525
2016-06-14,LE1702,113.7,115.65,113.075,114.95,2164.0,,活牛1702,10116.0,115.5,114.95
2016-06-15,LE1702,115.35,115.45,113.95,114.325,1794.0,,活牛1702,10259.0,114.45,114.325
2016-06-16,LE1702,114.55,114.575,112.6,113.75,2097.0,,活牛1702,10157.0,113.875,113.75
2016-06-17,LE1702,113.8,114.825,113.2,113.275,1977.0,,活牛1702,10053.0,113.475,113.275
2016-06-20,LE1702,113.375,113.475,111.05,111.775,1839.0,,活牛1702,10461.0,111.925,111.775
2016-06-21,LE1702,111.675,113.05,111.35,112.55,1236.0,,活牛1702,10291.0,112.45,112.55
2016-06-22,LE1702,112.675,113.35,111.525,112.525,1173.0,,活牛1702,10268.0,112.5,112.525
2016-06-23,LE1702,112.5,114.075,112.3,113.8,1404.0,,活牛1702,10247.0,113.925,113.8
2016-06-24,LE1702,112.625,113.0,111.25,111.9,2162.0,,活牛1702,10401.0,111.875,111.9
2016-06-27,LE1702,111.975,113.4,111.975,112.775,1422.0,,活牛1702,10580.0,112.95,112.775
2016-06-28,LE1702,113.225,113.725,113.15,113.325,1078.0,,活牛1702,10793.0,113.425,113.325
2016-06-29,LE1702,113.8,114.275,113.6,113.8,1416.0,,活牛1702,11014.0,113.8,113.8
2016-06-30,LE1702,113.975,114.575,113.625,113.9,2645.0,,活牛1702,11121.0,114.3,113.9
2016-07-01,LE1702,114.25,114.825,112.925,112.975,2228.0,,活牛1702,11469.0,113.25,112.975
2016-07-05,LE1702,113.175,114.225,111.1,114.15,2179.0,,活牛1702,11807.0,114.175,114.15
2016-07-06,LE1702,114.175,114.475,113.275,113.275,2513.0,,活牛1702,12255.0,113.575,113.275
2016-07-07,LE1702,113.575,113.95,112.675,112.775,3234.0,,活牛1702,12388.0,113.15,112.775
2016-07-08,LE1702,113.1,114.15,112.6,113.65,3338.0,,活牛1702,13260.0,113.775,113.65
2016-07-11,LE1702,113.425,113.625,111.0,111.2,4937.0,,活牛1702,13981.0,111.175,111.2
2016-07-12,LE1702,111.275,111.65,109.775,110.85,3623.0,,活牛1702,14620.0,111.0,110.85
2016-07-13,LE1702,110.675,112.275,110.525,112.0,4035.0,,活牛1702,15133.0,112.125,112.0
2016-07-14,LE1702,112.0,113.675,112.0,112.9,3396.0,,活牛1702,15815.0,113.225,112.9
2016-07-15,LE1702,112.975,113.325,111.2,111.3,2453.0,,活牛1702,16701.0,111.4,111.3
2016-07-18,LE1702,110.75,112.4,110.5,112.15,2854.0,,活牛1702,16936.0,112.075,112.15
2016-07-19,LE1702,112.0,112.475,110.825,110.825,2852.0,,活牛1702,17624.0,110.975,110.825
2016-07-20,LE1702,110.775,111.4,109.525,109.6,3115.0,,活牛1702,18103.0,110.075,109.6
2016-07-21,LE1702,109.975,110.075,107.2,107.4,4829.0,,活牛1702,18659.0,107.425,107.4
2016-07-22,LE1702,107.425,109.5,107.35,109.35,4041.0,,活牛1702,18472.0,109.325,109.35
2016-07-25,LE1702,110.2,112.325,110.1,112.3,7620.0,,活牛1702,19799.0,112.3,112.3
2016-07-26,LE1702,112.3,113.35,111.8,113.0,5327.0,,活牛1702,22338.0,113.175,113.0
2016-07-27,LE1702,112.7,113.4,112.45,113.125,3919.0,,活牛1702,23920.0,113.275,113.125
2016-07-28,LE1702,113.05,113.8,111.675,111.7,3102.0,,活牛1702,23925.0,112.0,111.7
2016-07-29,LE1702,111.55,112.45,111.175,111.75,3850.0,,活牛1702,24024.0,111.8,111.75
2016-08-01,LE1702,112.55,114.5,112.3,113.95,5612.0,,活牛1702,24765.0,113.95,113.95
2016-08-02,LE1702,113.975,114.575,113.125,113.875,4496.0,,活牛1702,25497.0,113.95,113.875
2016-08-03,LE1702,114.025,115.0,113.7,114.775,3923.0,,活牛1702,25240.0,114.825,114.775
2016-08-04,LE1702,114.6,115.5,113.575,113.65,4825.0,,活牛1702,25605.0,114.075,113.65
2016-08-05,LE1702,114.525,115.075,113.925,114.95,6910.0,,活牛1702,26327.0,114.95,114.95
2016-08-08,LE1702,114.95,115.5,114.725,115.1,5981.0,,活牛1702,27093.0,115.15,115.1
2016-08-09,LE1702,115.05,116.2,114.7,115.725,5397.0,,活牛1702,27403.0,115.65,115.725
2016-08-10,LE1702,115.4,116.15,115.15,115.5,5794.0,,活牛1702,27297.0,115.475,115.5
2016-08-11,LE1702,115.425,115.675,113.65,114.425,6335.0,,活牛1702,28044.0,114.65,114.425
2016-08-12,LE1702,114.5,114.925,113.775,114.425,3236.0,,活牛1702,28699.0,114.475,114.425
2016-08-15,LE1702,114.475,115.25,114.475,114.65,3117.0,,活牛1702,29213.0,114.85,114.65
2016-08-16,LE1702,114.7,114.875,113.4,113.725,4928.0,,活牛1702,29734.0,113.9,113.725
2016-08-17,LE1702,113.675,114.15,113.25,113.35,4944.0,,活牛1702,29797.0,113.525,113.35
2016-08-18,LE1702,113.5,113.625,111.85,111.875,4674.0,,活牛1702,30715.0,112.05,111.875
2016-08-19,LE1702,112.025,112.35,111.325,111.7,5617.0,,活牛1702,31097.0,111.85,111.7
2016-08-22,LE1702,111.8,112.725,110.7,111.625,5545.0,,活牛1702,31751.0,111.85,111.625
2016-08-23,LE1702,111.725,111.725,110.8,111.1,3714.0,,活牛1702,32407.0,111.125,111.1
2016-08-24,LE1702,111.0,111.1,109.8,109.925,5090.0,,活牛1702,32771.0,109.95,109.925
2016-08-25,LE1702,109.7,110.275,109.55,109.725,6383.0,,活牛1702,32744.0,109.775,109.725
2016-08-26,LE1702,109.7,110.575,108.075,108.1,5960.0,,活牛1702,32628.0,108.225,108.1
2016-08-29,LE1702,107.475,108.3,107.05,107.25,6832.0,,活牛1702,32998.0,107.35,107.25
2016-08-30,LE1702,107.475,109.525,106.0,109.375,9642.0,,活牛1702,32831.0,109.4,109.375
2016-08-31,LE1702,109.45,109.7,107.675,108.2,9775.0,,活牛1702,32584.0,108.55,108.2
2016-09-01,LE1702,108.45,108.5,105.7,105.9,8537.0,,活牛1702,33082.0,105.975,105.9
2016-09-02,LE1702,105.875,106.35,104.075,104.2,12117.0,,活牛1702,33261.0,104.25,104.2
2016-09-06,LE1702,104.175,104.5,102.125,102.2,9098.0,,活牛1702,34429.0,102.7,102.2
2016-09-07,LE1702,102.375,104.9,102.1,104.35,8472.0,,活牛1702,35598.0,104.5,104.35
2016-09-08,LE1702,104.45,104.8,102.025,103.275,11568.0,,活牛1702,36249.0,103.225,103.275
2016-09-09,LE1702,102.9,105.95,102.9,105.3,13847.0,,活牛1702,38389.0,105.55,105.3
2016-09-12,LE1702,105.55,107.425,105.475,106.775,11059.0,,活牛1702,40096.0,106.8,106.775
2016-09-13,LE1702,106.775,106.8,105.325,105.8,7712.0,,活牛1702,42168.0,105.975,105.8
2016-09-14,LE1702,105.9,106.725,104.875,106.55,7609.0,,活牛1702,43847.0,106.45,106.55
2016-09-15,LE1702,106.775,107.65,106.575,107.05,8283.0,,活牛1702,45656.0,107.2,107.05
2016-09-16,LE1702,106.85,108.475,106.675,108.3,6439.0,,活牛1702,47066.0,108.275,108.3
2016-09-19,LE1702,108.45,108.7,107.325,107.725,7354.0,,活牛1702,47938.0,107.8,107.725
2016-09-20,LE1702,107.725,108.05,107.125,107.4,5451.0,,活牛1702,48556.0,107.475,107.4
2016-09-21,LE1702,107.625,108.95,107.6,108.4,8640.0,,活牛1702,48090.0,108.475,108.4
2016-09-22,LE1702,108.5,109.125,106.975,107.075,9973.0,,活牛1702,48328.0,107.325,107.075
2016-09-23,LE1702,106.8,107.4,104.55,107.125,11273.0,,活牛1702,48082.0,107.1,107.125
2016-09-26,LE1702,106.325,106.775,105.2,106.125,6060.0,,活牛1702,48312.0,106.3,106.125
2016-09-27,LE1702,105.85,105.875,103.3,103.375,11033.0,,活牛1702,49053.0,103.65,103.375
2016-09-28,LE1702,103.225,105.075,102.325,103.875,13611.0,,活牛1702,49434.0,104.1,103.875
2016-09-29,LE1702,104.475,104.925,103.15,103.2,8646.0,,活牛1702,49341.0,103.425,103.2
2016-09-30,LE1702,102.9,103.175,100.425,100.425,13905.0,,活牛1702,49172.0,100.6,100.425
2016-10-03,LE1702,100.7,101.65,100.0,100.375,14104.0,,活牛1702,50153.0,100.375,100.375
2016-10-04,LE1702,100.625,103.175,100.6,103.025,7290.0,,活牛1702,49219.0,103.15,103.025
2016-10-05,LE1702,103.225,103.725,102.25,103.6,7574.0,,活牛1702,49285.0,103.575,103.6
2016-10-06,LE1702,103.175,104.2,102.375,103.4,8261.0,,活牛1702,49557.0,103.675,103.4
2016-10-07,LE1702,102.825,104.075,102.775,103.625,7284.0,,活牛1702,49829.0,103.8,103.625
2016-10-10,LE1702,103.6,104.35,100.8,100.875,10195.0,,活牛1702,50097.0,100.975,100.875
2016-10-11,LE1702,100.775,102.15,99.825,99.85,12248.0,,活牛1702,50186.0,100.55,99.85
2016-10-12,LE1702,100.175,101.05,98.775,99.05,14652.0,,活牛1702,51163.0,99.525,99.05
2016-10-13,LE1702,99.2,99.75,97.8,97.85,11620.0,,活牛1702,52607.0,97.95,97.85
2016-10-14,LE1702,97.975,99.9,97.9,99.3,9046.0,,活牛1702,54254.0,99.375,99.3
2016-10-17,LE1702,99.325,101.35,99.125,100.8,6878.0,,活牛1702,55271.0,100.7,100.8
2016-10-18,LE1702,100.8,101.4,100.0,100.5,9530.0,,活牛1702,55745.0,100.625,100.5
2016-10-19,LE1702,100.4,100.65,98.425,98.45,9180.0,,活牛1702,55260.0,98.45,98.45
2016-10-20,LE1702,99.225,101.45,98.975,101.175,9681.0,,活牛1702,55346.0,101.25,101.175
2016-10-21,LE1702,101.4,103.475,101.35,102.9,14691.0,,活牛1702,56090.0,102.8,102.9
2016-10-24,LE1702,104.15,105.2,104.0,104.6,15083.0,,活牛1702,56613.0,104.625,104.6
2016-10-25,LE1702,104.525,105.7,104.275,104.55,10889.0,,活牛1702,56107.0,104.55,104.55
2016-10-26,LE1702,104.625,105.55,104.3,105.025,7802.0,,活牛1702,58002.0,105.15,105.025
2016-10-27,LE1702,105.1,106.375,105.075,105.4,8920.0,,活牛1702,58531.0,105.55,105.4
2016-10-28,LE1702,105.725,106.45,104.775,105.05,9484.0,,活牛1702,58688.0,104.925,105.05
2016-10-31,LE1702,104.975,105.2,104.025,104.125,9534.0,,活牛1702,58829.0,104.125,104.125
2016-11-01,LE1702,104.275,106.625,104.225,106.575,10362.0,,活牛1702,60108.0,106.45,106.575
2016-11-02,LE1702,106.7,106.825,106.0,106.375,13280.0,,活牛1702,62521.0,106.3,106.375
2016-11-03,LE1702,105.875,106.3,104.575,105.4,11359.0,,活牛1702,66120.0,105.275,105.4
2016-11-04,LE1702,105.05,105.15,103.325,104.45,15242.0,,活牛1702,68444.0,104.3,104.45
2016-11-07,LE1702,104.15,104.25,101.45,102.475,29812.0,,活牛1702,70247.0,102.8,102.475
2016-11-08,LE1702,102.7,104.575,102.3,104.1,22102.0,,活牛1702,70532.0,104.05,104.1
2016-11-09,LE1702,103.65,104.825,103.4,104.825,19225.0,,活牛1702,73070.0,104.675,104.825
2016-11-10,LE1702,105.0,106.175,104.75,105.475,22730.0,,活牛1702,77367.0,105.5,105.475
2016-11-11,LE1702,105.75,106.475,105.05,106.375,22889.0,,活牛1702,84847.0,106.3,106.375
2016-11-14,LE1702,106.175,107.25,105.775,106.7,18233.0,,活牛1702,92162.0,106.525,106.7
2016-11-15,LE1702,106.375,106.9,106.0,106.6,16630.0,,活牛1702,94018.0,106.525,106.6
2016-11-16,LE1702,106.375,108.7,106.375,108.475,23308.0,,活牛1702,96739.0,108.5,108.475
2016-11-17,LE1702,108.95,109.125,107.975,108.925,18894.0,,活牛1702,101249.0,108.8,108.925
2016-11-18,LE1702,108.85,109.225,108.45,108.85,16110.0,,活牛1702,100299.0,108.85,108.85
2016-11-21,LE1702,108.625,110.7,108.625,109.45,24551.0,,活牛1702,101153.0,109.575,109.45
2016-11-22,LE1702,109.375,110.375,109.15,110.2,18792.0,,活牛1702,102825.0,110.175,110.2
2016-11-23,LE1702,110.175,110.875,109.7,110.75,20224.0,,活牛1702,102553.0,110.8,110.75
2016-11-25,LE1702,111.4,112.525,111.3,112.125,20182.0,,活牛1702,102912.0,112.2,112.125
2016-11-28,LE1702,111.725,112.525,110.725,110.775,26681.0,,活牛1702,106178.0,111.025,110.775
2016-11-29,LE1702,110.6,111.075,109.825,110.3,24471.0,,活牛1702,107906.0,110.3,110.3
2016-11-30,LE1702,110.5,112.25,110.45,111.925,27610.0,,活牛1702,108168.0,111.95,111.925
2016-12-01,LE1702,112.775,113.225,110.9,110.9,29895.0,,活牛1702,111046.0,111.375,110.9
2016-12-02,LE1702,111.175,111.225,108.5,108.5,34817.0,,活牛1702,111880.0,108.875,108.5
2016-12-05,LE1702,108.825,109.8,108.175,109.2,19179.0,,活牛1702,111436.0,108.975,109.2
2016-12-06,LE1702,109.7,111.3,108.35,110.775,20519.0,,活牛1702,113587.0,111.05,110.775
2016-12-07,LE1702,110.875,111.675,109.675,110.625,24986.0,,活牛1702,114992.0,110.775,110.625
2016-12-08,LE1702,110.4,111.65,108.85,110.35,29033.0,,活牛1702,116298.0,110.65,110.35
2016-12-09,LE1702,109.975,111.025,109.1,111.025,19446.0,,活牛1702,115932.0,110.525,111.025
2016-12-12,LE1702,110.525,113.45,110.125,113.075,33756.0,,活牛1702,116708.0,112.95,113.075
2016-12-13,LE1702,113.25,114.425,113.0,113.9,25444.0,,活牛1702,118573.0,113.975,113.9
2016-12-14,LE1702,113.8,114.45,113.05,113.9,20271.0,,活牛1702,120766.0,113.7,113.9
2016-12-15,LE1702,113.55,114.125,112.65,113.5,21036.0,,活牛1702,121883.0,113.275,113.5
2016-12-16,LE1702,113.4,115.65,113.35,115.45,24060.0,,活牛1702,122347.0,115.35,115.45
2016-12-19,LE1702,115.25,116.0,114.6,116.0,19624.0,,活牛1702,123741.0,115.925,116.0
2016-12-20,LE1702,115.8,116.825,114.775,115.55,25745.0,,活牛1702,122897.0,115.5,115.55
2016-12-21,LE1702,115.3,116.475,115.125,115.75,20231.0,,活牛1702,124791.0,116.225,115.75
2016-12-22,LE1702,116.225,117.2,116.05,116.9,24100.0,,活牛1702,125527.0,116.8,116.9
2016-12-23,LE1702,116.9,117.375,115.4,116.3,19327.0,,活牛1702,125132.0,116.3,116.3
2016-12-27,LE1702,116.2,116.625,115.55,116.0,12872.0,,活牛1702,125156.0,116.0,116.0
2016-12-28,LE1702,116.0,117.65,115.85,117.45,17530.0,,活牛1702,124747.0,117.375,117.45
2016-12-29,LE1702,117.65,118.05,116.775,117.775,20797.0,,活牛1702,124456.0,117.95,117.775
2016-12-30,LE1702,118.025,118.5,115.275,115.975,33198.0,,活牛1702,121555.0,116.05,115.975
2017-01-11,LE1702,118.975,119.7,118.525,118.55,36886.0,,活牛1702,96423.0,119.125,118.55
2017-01-12,LE1702,118.475,118.625,116.325,117.25,37646.0,,活牛1702,89834.0,117.475,117.25
2017-01-13,LE1702,117.175,118.75,116.625,118.475,31287.0,,活牛1702,81913.0,118.525,118.475
2017-01-17,LE1702,118.85,119.725,118.825,119.45,22223.0,,活牛1702,74715.0,119.575,119.45
2017-01-18,LE1702,119.55,120.45,119.15,120.275,18379.0,,活牛1702,68242.0,120.275,120.275
2017-01-19,LE1702,120.225,121.45,119.85,120.925,22369.0,,活牛1702,63226.0,121.025,120.925
2017-01-20,LE1702,120.825,121.025,119.25,120.15,17619.0,,活牛1702,53759.0,120.25,120.15
2017-01-23,LE1702,120.0,120.6,119.5,120.175,9164.0,,活牛1702,51996.0,120.25,120.175
2017-01-24,LE1702,120.175,120.925,119.175,119.425,13353.0,,活牛1702,50371.0,119.675,119.425
2017-01-25,LE1702,119.6,120.7,119.05,119.75,14627.0,,活牛1702,48001.0,119.875,119.75
2017-01-26,LE1702,119.675,119.9,118.125,118.375,13181.0,,活牛1702,45020.0,118.7,118.375
2017-01-27,LE1702,118.45,118.775,117.95,118.05,9348.0,,活牛1702,41896.0,118.325,118.05
2017-01-30,LE1702,116.65,117.05,115.85,115.85,13896.0,,活牛1702,39435.0,116.175,115.85
2017-01-31,LE1702,116.05,116.575,115.45,115.6,8413.0,,活牛1702,37118.0,115.6,115.6
2017-02-01,LE1702,115.4,116.4,114.65,115.7,13660.0,,活牛1702,33886.0,115.575,115.7
2017-02-02,LE1702,116.0,116.975,115.85,116.775,11472.0,,活牛1702,30964.0,116.875,116.775
2017-02-03,LE1702,117.025,117.4,116.5,117.025,8607.0,,活牛1702,22697.0,116.9,117.025
2017-02-06,LE1702,117.2,117.475,116.25,116.75,6543.0,,活牛1702,20849.0,116.425,116.75
2017-02-07,LE1702,116.925,117.725,116.625,117.55,4470.0,,活牛1702,19501.0,117.675,117.55
2017-02-08,LE1702,117.65,118.25,116.7,116.75,6421.0,,活牛1702,17410.0,116.775,116.75
2017-02-09,LE1702,117.25,117.75,116.775,117.7,5056.0,,活牛1702,15520.0,117.65,117.7
2017-02-10,LE1702,117.775,118.075,116.2,116.3,5250.0,,活牛1702,13799.0,116.4,116.3
2017-02-13,LE1702,116.55,116.7,115.675,115.7,2016.0,,活牛1702,12997.0,115.925,115.7
2017-02-14,LE1702,115.975,117.4,115.575,117.225,2571.0,,活牛1702,11620.0,117.375,117.225
2017-02-15,LE1702,117.375,117.75,116.6,116.6,2726.0,,活牛1702,10573.0,116.775,116.6
2017-02-16,LE1702,116.4,117.175,116.1,116.475,2096.0,,活牛1702,9262.0,116.525,116.475
2017-02-17,LE1702,116.75,118.0,116.55,118.0,3359.0,,活牛1702,7587.0,117.925,118.0
2017-02-21,LE1702,118.325,119.4,118.325,119.175,2306.0,,活牛1702,6306.0,119.1,119.175
2017-02-22,LE1702,119.525,121.9,119.15,121.275,4489.0,,活牛1702,3987.0,121.3,121.275
2017-02-23,LE1702,121.875,123.4,121.825,123.1,2262.0,,活牛1702,2658.0,123.075,123.1
2017-02-24,LE1702,123.3,123.95,122.2,123.925,2052.0,,活牛1702,1369.0,123.75,123.925
2017-02-27,LE1702,124.0,125.45,124.0,125.4,1274.0,,活牛1702,439.0,125.375,125.4
2017-02-28,LE1702,125.65,127.125,125.65,126.35,491.0,,活牛1702,0.0,126.6,126.35
