date,symbol,open,high,low,close,volume,amount,name,openinterest,settleprice,price
2016-12-30,LE1804,,,,101.4,0.0,,活牛1804,0.0,101.4,101.4
2017-01-11,LE1804,100.3,100.75,100.3,100.5,104.0,,活牛1804,237.0,100.5,100.5
2017-01-12,LE1804,100.5,100.5,99.675,99.9,40.0,,活牛1804,288.0,100.3,99.9
2017-01-13,LE1804,100.75,101.175,100.75,101.125,35.0,,活牛1804,296.0,101.125,101.125
2017-01-17,LE1804,101.3,101.75,101.275,101.7,34.0,,活牛1804,311.0,101.625,101.7
2017-01-18,LE1804,101.65,102.0,101.575,102.0,181.0,,活牛1804,338.0,102.0,102.0
2017-01-19,LE1804,102.0,102.5,102.0,102.3,49.0,,活牛1804,420.0,102.3,102.3
2017-01-20,LE1804,102.5,102.75,101.675,102.75,43.0,,活牛1804,452.0,102.75,102.75
2017-01-23,LE1804,102.525,103.0,102.4,102.475,131.0,,活牛1804,453.0,102.4,102.475
2017-01-24,LE1804,102.725,102.9,102.0,102.225,222.0,,活牛1804,583.0,102.225,102.225
2017-01-25,LE1804,102.525,102.525,102.025,102.325,5.0,,活牛1804,583.0,102.525,102.325
2017-01-26,LE1804,101.9,102.2,101.2,101.275,22.0,,活牛1804,591.0,101.45,101.275
2017-01-27,LE1804,101.425,101.425,100.55,100.85,140.0,,活牛1804,699.0,100.925,100.85
2017-01-30,LE1804,99.75,99.95,99.25,99.5,76.0,,活牛1804,704.0,99.65,99.5
2017-01-31,LE1804,99.575,99.8,99.125,99.25,95.0,,活牛1804,755.0,99.25,99.25
2017-02-01,LE1804,99.35,99.625,98.85,99.625,65.0,,活牛1804,786.0,99.575,99.625
2017-02-02,LE1804,100.225,100.9,99.825,100.775,49.0,,活牛1804,770.0,100.825,100.775
2017-02-03,LE1804,100.75,101.075,100.25,100.8,21.0,,活牛1804,770.0,100.7,100.8
2017-02-06,LE1804,100.85,100.9,100.45,100.8,68.0,,活牛1804,798.0,100.775,100.8
2017-02-07,LE1804,100.7,101.7,100.65,101.675,89.0,,活牛1804,848.0,101.65,101.675
2017-02-08,LE1804,101.35,101.65,101.2,101.225,184.0,,活牛1804,925.0,101.375,101.225
2017-02-09,LE1804,101.4,101.975,100.95,101.975,89.0,,活牛1804,980.0,101.975,101.975
2017-02-10,LE1804,101.95,102.75,101.5,101.825,129.0,,活牛1804,1024.0,101.825,101.825
2017-02-13,LE1804,101.275,101.65,100.775,100.775,67.0,,活牛1804,1041.0,100.875,100.775
2017-02-14,LE1804,100.9,101.325,100.35,101.225,129.0,,活牛1804,1093.0,101.3,101.225
2017-02-15,LE1804,101.5,101.525,101.05,101.275,10.0,,活牛1804,1094.0,101.275,101.275
2017-02-16,LE1804,101.025,101.45,101.025,101.3,25.0,,活牛1804,1109.0,101.3,101.3
2017-02-17,LE1804,101.625,102.0,101.475,101.65,101.0,,活牛1804,1162.0,101.8,101.65
2017-02-21,LE1804,102.175,102.25,102.1,102.25,54.0,,活牛1804,1167.0,102.15,102.25
2017-02-22,LE1804,102.2,102.75,101.925,102.55,221.0,,活牛1804,1251.0,102.7,102.55
2017-02-23,LE1804,102.75,102.925,102.6,102.675,89.0,,活牛1804,1286.0,102.75,102.675
2017-02-24,LE1804,102.3,102.3,100.95,100.975,181.0,,活牛1804,1385.0,100.95,100.975
2017-02-27,LE1804,101.875,101.975,101.675,101.85,39.0,,活牛1804,1387.0,101.775,101.85
2017-02-28,LE1804,101.975,102.7,101.675,102.45,159.0,,活牛1804,1468.0,102.6,102.45
2017-03-01,LE1804,102.8,103.05,102.5,102.5,139.0,,活牛1804,1542.0,102.95,102.5
2017-03-02,LE1804,102.25,102.6,101.975,102.0,151.0,,活牛1804,1611.0,102.325,102.0
2017-03-03,LE1804,102.15,102.675,101.825,102.525,63.0,,活牛1804,1645.0,102.675,102.525
2017-03-06,LE1804,102.675,103.0,102.325,102.625,134.0,,活牛1804,1703.0,102.675,102.625
2017-03-07,LE1804,102.675,102.8,102.25,102.375,71.0,,活牛1804,1713.0,102.45,102.375
2017-03-08,LE1804,102.5,103.0,102.325,102.65,100.0,,活牛1804,1758.0,102.7,102.65
2017-03-09,LE1804,103.075,103.3,102.775,103.0,170.0,,活牛1804,1837.0,103.025,103.0
2017-03-10,LE1804,103.0,103.875,103.0,103.725,241.0,,活牛1804,1946.0,103.875,103.725
2017-03-13,LE1804,103.9,104.45,103.9,104.175,125.0,,活牛1804,2013.0,104.2,104.175
2017-03-14,LE1804,104.1,104.175,103.125,103.6,130.0,,活牛1804,2059.0,103.65,103.6
2017-03-15,LE1804,103.45,104.25,103.45,104.025,180.0,,活牛1804,2044.0,103.975,104.025
2017-03-16,LE1804,104.25,104.925,104.175,104.65,131.0,,活牛1804,2113.0,104.65,104.65
2017-03-17,LE1804,104.525,104.8,104.45,104.7,207.0,,活牛1804,2218.0,104.8,104.7
2017-03-20,LE1804,104.85,105.35,104.7,105.3,242.0,,活牛1804,2374.0,105.3,105.3
2017-03-21,LE1804,105.3,106.1,105.125,106.0,283.0,,活牛1804,2492.0,106.05,106.0
2017-03-22,LE1804,106.275,108.175,106.25,107.825,508.0,,活牛1804,2713.0,107.875,107.825
2017-03-23,LE1804,107.7,108.0,106.675,107.125,380.0,,活牛1804,2833.0,107.175,107.125
2017-03-24,LE1804,107.2,107.2,106.375,106.85,154.0,,活牛1804,2855.0,106.675,106.85
2017-03-27,LE1804,106.275,106.375,105.775,105.775,128.0,,活牛1804,2895.0,105.9,105.775
2017-03-28,LE1804,105.775,106.7,105.775,106.4,196.0,,活牛1804,2938.0,106.175,106.4
2017-03-29,LE1804,106.225,106.925,106.225,106.675,559.0,,活牛1804,3096.0,106.525,106.675
2017-03-30,LE1804,106.4,106.45,105.25,106.1,261.0,,活牛1804,3066.0,106.175,106.1
2017-03-31,LE1804,105.95,106.3,105.475,106.3,370.0,,活牛1804,3146.0,106.3,106.3
2017-04-03,LE1804,106.35,106.775,105.875,106.55,157.0,,活牛1804,3230.0,106.55,106.55
2017-04-04,LE1804,106.6,106.6,105.8,105.825,222.0,,活牛1804,3256.0,106.025,105.825
2017-04-05,LE1804,105.4,106.025,105.35,106.0,183.0,,活牛1804,3258.0,106.0,106.0
2017-04-06,LE1804,105.9,106.625,105.725,106.625,403.0,,活牛1804,3306.0,106.45,106.625
2017-04-07,LE1804,106.65,107.775,106.6,107.775,373.0,,活牛1804,3436.0,107.75,107.775
2017-04-10,LE1804,108.025,108.9,107.9,108.075,608.0,,活牛1804,3723.0,108.1,108.075
2017-04-11,LE1804,108.025,109.25,108.025,109.25,430.0,,活牛1804,3885.0,109.25,109.25
2017-04-12,LE1804,109.35,109.875,109.0,109.725,1085.0,,活牛1804,4500.0,109.575,109.725
2017-04-13,LE1804,109.25,109.975,109.025,109.95,654.0,,活牛1804,4785.0,109.9,109.95
2017-04-17,LE1804,109.975,110.525,109.95,110.475,329.0,,活牛1804,4999.0,110.25,110.475
2017-04-18,LE1804,110.05,110.8,109.8,110.35,601.0,,活牛1804,5266.0,110.325,110.35
2017-04-19,LE1804,110.2,110.775,109.9,110.625,674.0,,活牛1804,5488.0,110.775,110.625
2017-04-20,LE1804,110.9,111.6,110.35,110.7,514.0,,活牛1804,5676.0,110.85,110.7
2017-04-21,LE1804,110.8,111.5,110.8,111.075,487.0,,活牛1804,5814.0,111.2,111.075
2017-04-24,LE1804,110.65,110.75,109.775,110.55,526.0,,活牛1804,5865.0,110.45,110.55
2017-04-25,LE1804,110.475,111.55,110.475,111.45,418.0,,活牛1804,6044.0,111.5,111.45
2017-04-26,LE1804,111.375,113.825,111.375,113.8,653.0,,活牛1804,6228.0,113.65,113.8
2017-04-27,LE1804,113.65,116.65,113.5,116.65,1328.0,,活牛1804,6390.0,116.65,116.65
2017-04-28,LE1804,116.675,118.325,115.125,117.575,1040.0,,活牛1804,6684.0,118.275,117.575
2017-05-01,LE1804,118.325,118.95,117.45,117.9,854.0,,活牛1804,6754.0,117.975,117.9
2017-05-02,LE1804,117.775,120.45,117.175,117.625,1319.0,,活牛1804,6982.0,118.125,117.625
2017-05-03,LE1804,117.75,118.625,116.75,118.45,1670.0,,活牛1804,7175.0,118.525,118.45
2017-05-04,LE1804,119.0,119.675,116.225,116.675,1663.0,,活牛1804,7279.0,116.775,116.675
2017-05-05,LE1804,116.125,116.375,114.425,114.725,1058.0,,活牛1804,7211.0,114.85,114.725
2017-05-08,LE1804,114.85,117.2,114.5,116.9,761.0,,活牛1804,7385.0,117.125,116.9
2017-05-09,LE1804,117.025,118.025,114.275,114.575,728.0,,活牛1804,7510.0,114.75,114.575
2017-05-10,LE1804,114.2,115.2,113.425,115.075,769.0,,活牛1804,7665.0,114.875,115.075
2017-05-11,LE1804,115.05,115.15,112.95,114.275,804.0,,活牛1804,7634.0,114.225,114.275
2017-05-12,LE1804,115.35,117.0,115.125,117.0,740.0,,活牛1804,7659.0,116.775,117.0
2017-05-15,LE1804,116.95,117.25,114.675,114.675,503.0,,活牛1804,7704.0,114.8,114.675
2017-05-16,LE1804,114.25,114.675,113.1,114.5,420.0,,活牛1804,7749.0,114.375,114.5
2017-05-17,LE1804,114.675,115.1,114.075,114.725,476.0,,活牛1804,7899.0,114.675,114.725
2017-05-18,LE1804,114.05,115.05,113.65,115.0,543.0,,活牛1804,7985.0,114.725,115.0
2017-05-19,LE1804,115.125,115.725,114.5,115.7,763.0,,活牛1804,8153.0,115.425,115.7
2017-05-22,LE1804,115.55,117.1,115.5,117.1,640.0,,活牛1804,8237.0,116.775,117.1
2017-05-23,LE1804,116.5,117.2,116.275,116.575,844.0,,活牛1804,8269.0,116.625,116.575
2017-05-24,LE1804,116.225,116.425,115.0,116.125,1293.0,,活牛1804,8350.0,116.0,116.125
2017-05-25,LE1804,116.075,117.275,115.525,117.025,810.0,,活牛1804,8515.0,117.175,117.025
2017-05-26,LE1804,117.175,117.25,115.125,115.15,1564.0,,活牛1804,8746.0,115.225,115.15
2017-05-30,LE1804,115.125,115.95,113.925,115.675,919.0,,活牛1804,8719.0,115.75,115.675
2017-05-31,LE1804,116.175,117.3,115.575,116.95,1638.0,,活牛1804,9074.0,116.95,116.95
2017-06-01,LE1804,117.0,119.075,117.0,118.8,2253.0,,活牛1804,9295.0,118.975,118.8
2017-06-02,LE1804,118.7,119.25,118.225,119.2,1909.0,,活牛1804,9492.0,118.95,119.2
2017-06-05,LE1804,118.95,120.3,118.75,120.3,1576.0,,活牛1804,9555.0,120.025,120.3
2017-06-06,LE1804,120.175,120.625,117.6,117.95,1403.0,,活牛1804,9677.0,117.975,117.95
2017-06-07,LE1804,117.675,119.5,117.45,119.4,1441.0,,活牛1804,9833.0,119.2,119.4
2017-06-08,LE1804,119.5,120.2,118.525,118.9,1054.0,,活牛1804,9950.0,119.025,118.9
2017-06-09,LE1804,118.675,119.1,117.975,118.875,903.0,,活牛1804,10207.0,118.65,118.875
2017-06-12,LE1804,118.675,118.825,116.025,116.725,1801.0,,活牛1804,10431.0,116.725,116.725
2017-06-13,LE1804,116.9,117.3,115.45,116.075,1290.0,,活牛1804,10450.0,116.075,116.075
2017-06-14,LE1804,115.55,115.55,113.3,113.925,2117.0,,活牛1804,10727.0,113.8,113.925
2017-06-15,LE1804,113.3,114.35,112.925,114.125,1431.0,,活牛1804,10789.0,114.1,114.125
2017-06-16,LE1804,114.15,114.7,113.85,114.35,1196.0,,活牛1804,11026.0,114.35,114.35
2017-06-19,LE1804,114.425,114.675,112.25,112.775,976.0,,活牛1804,11177.0,112.825,112.775
2017-06-20,LE1804,112.45,112.75,110.75,112.75,1409.0,,活牛1804,11355.0,112.5,112.75
2017-06-21,LE1804,112.575,113.1,111.9,112.325,869.0,,活牛1804,11425.0,112.35,112.325
2017-06-22,LE1804,111.575,112.075,110.675,112.075,1219.0,,活牛1804,11502.0,111.55,112.075
2017-06-23,LE1804,112.1,112.275,111.375,112.025,872.0,,活牛1804,11458.0,112.1,112.025
2017-06-26,LE1804,111.85,114.675,111.3,114.5,1277.0,,活牛1804,11524.0,114.625,114.5
2017-06-27,LE1804,114.675,114.825,111.9,112.675,1497.0,,活牛1804,11552.0,112.15,112.675
2017-06-28,LE1804,111.725,113.125,111.4,112.975,1552.0,,活牛1804,11769.0,113.025,112.975
2017-06-29,LE1804,113.025,114.225,112.575,113.875,866.0,,活牛1804,11902.0,114.125,113.875
2017-06-30,LE1804,113.675,114.95,113.0,114.85,1493.0,,活牛1804,12030.0,114.8,114.85
2017-07-03,LE1804,114.7,115.5,114.0,115.425,1315.0,,活牛1804,12030.0,115.025,115.425
