date,symbol,open,high,low,close,volume,amount,name,openinterest,settleprice,price
2016-11-04,LE1802,,,,98.375,0.0,,活牛1802,0.0,98.375,98.375
2016-11-07,LE1802,96.525,96.525,95.375,96.275,28.0,,活牛1802,0.0,96.275,96.275
2016-11-08,LE1802,95.95,97.15,95.8,96.75,22.0,,活牛1802,26.0,96.675,96.75
2016-11-09,LE1802,97.0,97.1,96.8,96.9,37.0,,活牛1802,43.0,96.825,96.9
2016-11-10,LE1802,97.1,97.425,96.975,96.975,46.0,,活牛1802,65.0,97.225,96.975
2016-11-11,LE1802,97.5,97.5,97.1,97.35,21.0,,活牛1802,96.0,97.1,97.35
2016-11-14,LE1802,97.35,97.575,96.975,97.2,27.0,,活牛1802,111.0,97.2,97.2
2016-11-15,LE1802,97.025,97.425,96.8,97.425,17.0,,活牛1802,129.0,97.3,97.425
2016-11-16,LE1802,97.575,97.875,97.475,97.85,68.0,,活牛1802,145.0,97.85,97.85
2016-11-17,LE1802,97.85,98.1,97.375,97.975,55.0,,活牛1802,205.0,97.975,97.975
2016-11-18,LE1802,97.7,98.15,97.65,97.65,42.0,,活牛1802,245.0,97.65,97.65
2016-11-21,LE1802,98.2,98.25,97.1,97.675,70.0,,活牛1802,274.0,97.7,97.675
2016-11-22,LE1802,97.5,97.75,97.15,97.75,39.0,,活牛1802,327.0,97.75,97.75
2016-11-23,LE1802,97.125,97.85,97.125,97.625,105.0,,活牛1802,352.0,97.775,97.625
2016-11-25,LE1802,98.075,98.5,98.025,98.25,200.0,,活牛1802,438.0,98.25,98.25
2016-11-28,LE1802,98.325,99.0,97.75,98.175,55.0,,活牛1802,545.0,98.4,98.175
2016-11-29,LE1802,98.275,98.5,98.075,98.5,110.0,,活牛1802,565.0,98.5,98.5
2016-11-30,LE1802,98.65,99.35,98.65,99.35,73.0,,活牛1802,615.0,99.35,99.35
2016-12-01,LE1802,99.5,99.525,98.625,98.625,71.0,,活牛1802,661.0,98.625,98.625
2016-12-02,LE1802,98.375,98.55,97.375,97.65,49.0,,活牛1802,691.0,97.4,97.65
2016-12-05,LE1802,97.75,98.125,97.575,97.95,83.0,,活牛1802,709.0,97.9,97.95
2016-12-06,LE1802,98.05,99.35,97.6,98.95,12.0,,活牛1802,764.0,99.325,98.95
2016-12-07,LE1802,98.95,99.45,98.3,99.3,52.0,,活牛1802,768.0,99.4,99.3
2016-12-08,LE1802,98.5,99.2,98.2,98.5,19.0,,活牛1802,783.0,98.7,98.5
2016-12-09,LE1802,97.825,98.125,97.725,98.125,20.0,,活牛1802,785.0,98.15,98.125
2016-12-12,LE1802,98.5,99.6,98.5,99.35,51.0,,活牛1802,794.0,99.2,99.35
2016-12-13,LE1802,99.525,99.9,99.525,99.9,112.0,,活牛1802,816.0,99.9,99.9
2016-12-14,LE1802,99.725,100.0,99.6,99.8,55.0,,活牛1802,899.0,99.975,99.8
2016-12-15,LE1802,99.4,99.9,99.225,99.875,43.0,,活牛1802,898.0,99.9,99.875
2016-12-16,LE1802,100.0,100.15,99.55,100.1,60.0,,活牛1802,892.0,100.1,100.1
2016-12-19,LE1802,99.975,100.225,99.725,99.925,63.0,,活牛1802,920.0,99.95,99.925
2016-12-20,LE1802,99.95,99.95,99.375,99.825,59.0,,活牛1802,958.0,99.825,99.825
2016-12-21,LE1802,99.925,100.025,99.625,100.0,22.0,,活牛1802,983.0,100.025,100.0
2016-12-22,LE1802,100.175,100.35,99.9,100.25,43.0,,活牛1802,1000.0,100.35,100.25
2016-12-23,LE1802,100.0,100.475,99.6,100.45,58.0,,活牛1802,1025.0,100.45,100.45
2016-12-27,LE1802,100.25,100.525,100.05,100.05,59.0,,活牛1802,1048.0,100.15,100.05
2016-12-28,LE1802,100.35,100.625,100.275,100.6,21.0,,活牛1802,1066.0,100.4,100.6
2016-12-29,LE1802,100.7,100.7,100.225,100.65,23.0,,活牛1802,1076.0,100.675,100.65
2016-12-30,LE1802,100.7,100.925,99.4,100.275,60.0,,活牛1802,1084.0,100.4,100.275
2017-01-11,LE1802,101.8,102.5,101.45,101.95,220.0,,活牛1802,1785.0,102.475,101.95
2017-01-12,LE1802,101.55,102.0,100.525,101.725,124.0,,活牛1802,1844.0,101.85,101.725
2017-01-13,LE1802,101.775,102.925,101.45,102.5,107.0,,活牛1802,1869.0,102.825,102.5
2017-01-17,LE1802,102.8,103.25,102.8,103.1,90.0,,活牛1802,1887.0,103.2,103.1
2017-01-18,LE1802,103.0,103.525,103.0,103.3,283.0,,活牛1802,1934.0,103.425,103.3
2017-01-19,LE1802,103.425,103.925,103.225,103.8,156.0,,活牛1802,1993.0,103.8,103.8
2017-01-20,LE1802,103.75,104.25,102.8,104.25,200.0,,活牛1802,2104.0,104.1,104.25
2017-01-23,LE1802,103.975,104.25,103.675,103.8,328.0,,活牛1802,2147.0,103.7,103.8
2017-01-24,LE1802,104.0,104.25,103.2,103.725,500.0,,活牛1802,2310.0,103.725,103.725
2017-01-25,LE1802,103.775,103.95,103.35,103.675,68.0,,活牛1802,2323.0,103.8,103.675
2017-01-26,LE1802,103.525,103.725,102.45,102.7,94.0,,活牛1802,2350.0,102.85,102.7
2017-01-27,LE1802,102.2,102.425,102.05,102.25,85.0,,活牛1802,2364.0,102.35,102.25
2017-01-30,LE1802,100.775,101.1,100.375,100.45,298.0,,活牛1802,2413.0,100.6,100.45
2017-01-31,LE1802,100.625,100.75,100.1,100.175,377.0,,活牛1802,2575.0,100.375,100.175
2017-02-01,LE1802,100.05,100.6,99.8,100.575,432.0,,活牛1802,2737.0,100.525,100.575
2017-02-02,LE1802,100.6,101.7,100.6,101.7,230.0,,活牛1802,2782.0,101.55,101.7
2017-02-03,LE1802,101.75,102.075,101.175,101.7,197.0,,活牛1802,2837.0,101.65,101.7
2017-02-06,LE1802,101.775,102.0,101.375,101.9,168.0,,活牛1802,2880.0,101.75,101.9
2017-02-07,LE1802,101.85,102.65,101.6,102.6,273.0,,活牛1802,2959.0,102.65,102.6
2017-02-08,LE1802,102.275,102.7,102.15,102.15,496.0,,活牛1802,3059.0,102.35,102.15
2017-02-09,LE1802,102.35,103.1,101.95,103.025,372.0,,活牛1802,3185.0,103.025,103.025
2017-02-10,LE1802,102.925,103.65,102.4,102.55,484.0,,活牛1802,3286.0,102.8,102.55
2017-02-13,LE1802,102.0,102.55,101.525,101.625,214.0,,活牛1802,3289.0,101.875,101.625
2017-02-14,LE1802,101.55,102.25,101.05,102.15,210.0,,活牛1802,3339.0,101.975,102.15
2017-02-15,LE1802,102.35,102.425,101.775,102.2,122.0,,活牛1802,3395.0,102.2,102.2
2017-02-16,LE1802,102.1,102.325,101.825,102.025,103.0,,活牛1802,3446.0,102.225,102.025
2017-02-17,LE1802,101.825,102.75,101.825,102.5,300.0,,活牛1802,3532.0,102.675,102.5
2017-02-21,LE1802,102.9,103.225,102.85,103.225,353.0,,活牛1802,3648.0,103.1,103.225
2017-02-22,LE1802,103.15,103.8,102.675,103.675,505.0,,活牛1802,3747.0,103.775,103.675
2017-02-23,LE1802,103.825,103.95,103.625,103.725,656.0,,活牛1802,3982.0,103.825,103.725
2017-02-24,LE1802,103.525,103.525,101.925,102.225,457.0,,活牛1802,4174.0,102.025,102.225
2017-02-27,LE1802,102.5,103.15,102.45,102.85,307.0,,活牛1802,4291.0,102.875,102.85
2017-02-28,LE1802,102.825,103.9,102.7,103.5,703.0,,活牛1802,4575.0,103.775,103.5
2017-03-01,LE1802,103.6,104.25,103.525,103.575,755.0,,活牛1802,4730.0,104.1,103.575
2017-03-02,LE1802,103.55,103.8,103.05,103.125,345.0,,活牛1802,4818.0,103.15,103.125
2017-03-03,LE1802,103.125,103.8,102.75,103.625,464.0,,活牛1802,4992.0,103.7,103.625
2017-03-06,LE1802,103.7,104.0,103.375,103.475,335.0,,活牛1802,5106.0,103.425,103.475
2017-03-07,LE1802,103.35,103.675,102.975,103.0,299.0,,活牛1802,5205.0,103.225,103.0
2017-03-08,LE1802,103.25,103.85,103.075,103.4,690.0,,活牛1802,5476.0,103.5,103.4
2017-03-09,LE1802,103.875,104.1,103.55,103.825,642.0,,活牛1802,5656.0,103.95,103.825
2017-03-10,LE1802,103.775,104.75,103.675,104.55,858.0,,活牛1802,5775.0,104.55,104.55
2017-03-13,LE1802,104.7,105.25,104.7,104.975,533.0,,活牛1802,5879.0,105.025,104.975
2017-03-14,LE1802,105.0,105.05,103.8,104.225,1077.0,,活牛1802,6265.0,104.425,104.225
2017-03-15,LE1802,104.4,105.15,104.275,105.025,365.0,,活牛1802,6391.0,105.025,105.025
2017-03-16,LE1802,105.225,106.05,105.15,105.65,896.0,,活牛1802,6729.0,105.7,105.65
2017-03-17,LE1802,105.65,106.0,105.475,105.825,708.0,,活牛1802,6954.0,105.975,105.825
2017-03-20,LE1802,105.95,106.575,105.75,106.55,733.0,,活牛1802,7152.0,106.5,106.55
2017-03-21,LE1802,106.55,107.3,106.35,107.175,1327.0,,活牛1802,7643.0,107.175,107.175
2017-03-22,LE1802,107.2,109.55,107.2,108.975,1492.0,,活牛1802,7871.0,109.025,108.975
2017-03-23,LE1802,108.85,109.175,107.775,108.25,623.0,,活牛1802,8017.0,108.25,108.25
2017-03-24,LE1802,108.25,108.4,107.4,107.925,452.0,,活牛1802,8013.0,107.95,107.925
2017-03-27,LE1802,107.5,107.525,106.85,106.85,514.0,,活牛1802,8177.0,107.05,106.85
2017-03-28,LE1802,106.725,107.875,106.725,107.625,471.0,,活牛1802,8280.0,107.575,107.625
2017-03-29,LE1802,107.5,108.25,107.5,107.9,711.0,,活牛1802,8389.0,107.8,107.9
2017-03-30,LE1802,107.55,107.55,106.375,107.175,502.0,,活牛1802,8453.0,107.275,107.175
2017-03-31,LE1802,106.775,107.475,106.55,107.35,610.0,,活牛1802,8624.0,107.425,107.35
2017-04-03,LE1802,107.375,108.0,106.9,107.65,811.0,,活牛1802,8963.0,107.7,107.65
2017-04-04,LE1802,107.45,107.45,106.65,106.65,846.0,,活牛1802,9205.0,106.825,106.65
2017-04-05,LE1802,106.575,106.925,106.225,106.85,448.0,,活牛1802,9249.0,106.825,106.85
2017-04-06,LE1802,106.75,107.575,106.475,107.5,1021.0,,活牛1802,9647.0,107.375,107.5
2017-04-07,LE1802,107.5,108.85,107.45,108.825,964.0,,活牛1802,9818.0,108.75,108.825
2017-04-10,LE1802,109.025,110.0,108.875,109.05,1330.0,,活牛1802,10054.0,109.175,109.05
2017-04-11,LE1802,109.0,110.325,108.95,110.275,771.0,,活牛1802,10185.0,110.275,110.275
2017-04-12,LE1802,110.275,111.15,110.225,110.95,1162.0,,活牛1802,10426.0,110.8,110.95
2017-04-13,LE1802,110.65,111.325,110.15,111.15,1214.0,,活牛1802,10734.0,111.15,111.15
2017-04-17,LE1802,111.275,111.825,111.1,111.675,851.0,,活牛1802,11107.0,111.6,111.675
2017-04-18,LE1802,111.5,112.2,110.975,111.75,1706.0,,活牛1802,11720.0,111.675,111.75
2017-04-19,LE1802,111.625,112.1,111.175,111.95,1098.0,,活牛1802,11998.0,112.025,111.95
2017-04-20,LE1802,112.225,112.9,111.525,112.1,1024.0,,活牛1802,12034.0,112.15,112.1
2017-04-21,LE1802,112.15,112.8,112.05,112.425,1284.0,,活牛1802,12402.0,112.4,112.425
2017-04-24,LE1802,112.025,112.025,110.725,111.55,2097.0,,活牛1802,12918.0,111.375,111.55
2017-04-25,LE1802,111.55,112.5,111.55,112.5,906.0,,活牛1802,13170.0,112.475,112.5
2017-04-26,LE1802,112.6,115.0,112.55,115.0,1325.0,,活牛1802,13394.0,114.775,115.0
2017-04-27,LE1802,114.825,117.775,114.55,117.725,4086.0,,活牛1802,13386.0,117.775,117.725
2017-04-28,LE1802,117.875,119.525,116.25,118.7,3189.0,,活牛1802,13466.0,119.425,118.7
2017-05-01,LE1802,119.15,120.075,118.575,119.0,2177.0,,活牛1802,13671.0,119.075,119.0
2017-05-02,LE1802,119.0,121.75,118.725,118.95,4803.0,,活牛1802,13890.0,119.25,118.95
2017-05-03,LE1802,119.15,120.25,117.925,120.025,6175.0,,活牛1802,14137.0,120.1,120.025
2017-05-04,LE1802,120.25,121.45,118.1,119.0,5794.0,,活牛1802,14938.0,119.175,119.0
2017-05-05,LE1802,118.7,118.825,116.25,116.725,3836.0,,活牛1802,15443.0,116.8,116.725
2017-05-08,LE1802,116.925,119.0,116.575,118.575,3945.0,,活牛1802,16343.0,118.9,118.575
2017-05-09,LE1802,118.975,119.725,115.9,116.0,4365.0,,活牛1802,16655.0,116.125,116.0
2017-05-10,LE1802,115.85,116.725,114.85,116.5,3674.0,,活牛1802,17107.0,116.15,116.5
2017-05-11,LE1802,116.75,116.75,113.975,115.7,2921.0,,活牛1802,17497.0,115.625,115.7
2017-05-12,LE1802,116.8,118.625,116.5,118.625,3298.0,,活牛1802,18073.0,118.2,118.625
2017-05-15,LE1802,118.725,118.925,115.9,116.025,2165.0,,活牛1802,18105.0,116.2,116.025
2017-05-16,LE1802,116.15,116.15,114.25,116.1,2275.0,,活牛1802,18455.0,115.85,116.1
2017-05-17,LE1802,116.1,116.725,115.55,116.425,2083.0,,活牛1802,18834.0,116.35,116.425
2017-05-18,LE1802,115.6,116.7,115.3,116.45,2674.0,,活牛1802,18954.0,116.35,116.45
2017-05-19,LE1802,116.575,117.475,116.1,117.475,2891.0,,活牛1802,19574.0,117.1,117.475
2017-05-22,LE1802,117.0,118.9,117.0,118.9,3028.0,,活牛1802,20109.0,118.575,118.9
2017-05-23,LE1802,118.5,119.0,117.875,118.225,1934.0,,活牛1802,20249.0,118.35,118.225
2017-05-24,LE1802,117.9,118.025,116.15,117.6,2952.0,,活牛1802,20690.0,117.375,117.6
2017-05-25,LE1802,117.5,118.75,116.85,118.575,2175.0,,活牛1802,20976.0,118.65,118.575
2017-05-26,LE1802,118.625,118.725,116.45,116.5,4570.0,,活牛1802,21888.0,116.6,116.5
2017-05-30,LE1802,116.525,117.675,115.225,117.4,2667.0,,活牛1802,22252.0,117.475,117.4
2017-05-31,LE1802,117.575,119.275,117.425,119.0,2638.0,,活牛1802,22472.0,118.9,119.0
2017-06-01,LE1802,119.1,121.475,119.075,121.35,5468.0,,活牛1802,22354.0,121.4,121.35
2017-06-02,LE1802,121.4,121.85,120.625,121.55,4564.0,,活牛1802,22540.0,121.325,121.55
2017-06-05,LE1802,121.3,122.425,120.9,122.35,3514.0,,活牛1802,22884.0,121.925,122.35
2017-06-06,LE1802,122.05,122.75,119.4,120.0,3172.0,,活牛1802,23394.0,119.775,120.0
2017-06-07,LE1802,119.475,121.25,119.15,121.25,3489.0,,活牛1802,24194.0,120.85,121.25
2017-06-08,LE1802,120.975,122.05,120.325,120.85,4083.0,,活牛1802,25379.0,120.925,120.85
2017-06-09,LE1802,120.575,121.1,119.875,120.925,3405.0,,活牛1802,25835.0,120.85,120.925
2017-06-12,LE1802,120.7,120.975,118.125,119.1,3890.0,,活牛1802,26302.0,119.1,119.1
2017-06-13,LE1802,119.075,119.675,117.65,118.3,2761.0,,活牛1802,26676.0,118.275,118.3
2017-06-14,LE1802,117.85,117.875,115.325,115.975,4626.0,,活牛1802,26462.0,115.85,115.975
2017-06-15,LE1802,115.4,116.4,115.0,116.1,4421.0,,活牛1802,26237.0,116.0,116.1
2017-06-16,LE1802,116.1,116.825,115.8,116.425,2427.0,,活牛1802,26331.0,116.375,116.425
2017-06-19,LE1802,116.6,116.75,114.2,114.775,2293.0,,活牛1802,26474.0,114.725,114.775
2017-06-20,LE1802,114.3,114.825,112.575,114.825,4344.0,,活牛1802,26910.0,114.65,114.825
2017-06-21,LE1802,115.0,115.15,113.775,114.3,2614.0,,活牛1802,26859.0,114.275,114.3
2017-06-22,LE1802,113.525,113.675,112.45,113.625,3078.0,,活牛1802,26855.0,113.3,113.625
2017-06-23,LE1802,113.325,113.8,112.875,113.575,1721.0,,活牛1802,26809.0,113.625,113.575
2017-06-26,LE1802,113.275,116.2,112.75,116.125,3499.0,,活牛1802,26978.0,116.125,116.125
2017-06-27,LE1802,116.25,116.375,113.275,114.0,3549.0,,活牛1802,26888.0,113.5,114.0
2017-06-28,LE1802,113.075,114.775,112.7,114.65,2601.0,,活牛1802,26961.0,114.575,114.65
2017-06-29,LE1802,114.5,115.775,114.025,115.5,2538.0,,活牛1802,27120.0,115.7,115.5
2017-06-30,LE1802,115.25,116.45,114.525,116.325,3735.0,,活牛1802,26963.0,116.275,116.325
2017-07-03,LE1802,116.075,116.9,115.425,116.575,3792.0,,活牛1802,26963.0,116.175,116.575
