date,symbol,open,high,low,close,volume,amount,name,openinterest,settleprice,price
2017-03-03,LE1806,,,,101.675,,,活牛1806,,101.675,101.675
2017-03-06,LE1806,98.7,98.7,98.675,98.675,27.0,,活牛1806,14.0,98.675,98.675
2017-03-07,LE1806,97.175,97.25,96.4,96.45,34.0,,活牛1806,39.0,96.45,96.45
2017-03-08,LE1806,96.5,96.875,96.45,96.7,28.0,,活牛1806,55.0,96.7,96.7
2017-03-09,LE1806,96.875,96.875,96.5,96.5,52.0,,活牛1806,90.0,96.875,96.5
2017-03-10,LE1806,96.85,97.225,96.7,97.15,50.0,,活牛1806,124.0,97.15,97.15
2017-03-13,LE1806,97.475,97.7,97.375,97.55,48.0,,活牛1806,155.0,97.55,97.55
2017-03-14,LE1806,96.725,96.875,96.4,96.725,25.0,,活牛1806,172.0,96.725,96.725
2017-03-15,LE1806,96.975,97.25,96.975,97.1,44.0,,活牛1806,201.0,97.1,97.1
2017-03-16,LE1806,97.475,97.8,97.475,97.65,45.0,,活牛1806,240.0,97.7,97.65
2017-03-17,LE1806,97.5,97.7,97.45,97.5,57.0,,活牛1806,279.0,97.5,97.5
2017-03-20,LE1806,97.5,98.0,97.5,98.0,24.0,,活牛1806,298.0,98.0,98.0
2017-03-21,LE1806,97.775,98.05,97.6,98.05,65.0,,活牛1806,358.0,98.05,98.05
2017-03-22,LE1806,98.25,99.8,98.2,99.55,119.0,,活牛1806,420.0,99.75,99.55
2017-03-23,LE1806,99.5,99.55,98.875,99.0,99.0,,活牛1806,485.0,99.0,99.0
2017-03-24,LE1806,99.0,99.2,98.45,98.45,109.0,,活牛1806,539.0,98.5,98.45
2017-03-27,LE1806,98.175,98.25,97.7,97.7,37.0,,活牛1806,549.0,97.875,97.7
2017-03-28,LE1806,99.0,99.0,98.225,98.4,79.0,,活牛1806,571.0,98.35,98.4
2017-03-29,LE1806,98.6,98.875,98.3,98.8,314.0,,活牛1806,781.0,98.75,98.8
2017-03-30,LE1806,98.6,98.6,97.325,98.375,153.0,,活牛1806,857.0,98.4,98.375
2017-03-31,LE1806,98.4,98.625,97.975,98.625,87.0,,活牛1806,900.0,98.625,98.625
2017-04-03,LE1806,98.75,99.025,98.35,98.775,37.0,,活牛1806,918.0,98.775,98.775
2017-04-04,LE1806,98.3,98.75,98.3,98.3,46.0,,活牛1806,939.0,98.55,98.3
2017-04-05,LE1806,98.0,98.5,97.775,98.5,112.0,,活牛1806,1005.0,98.475,98.5
2017-04-06,LE1806,98.4,98.75,98.05,98.75,282.0,,活牛1806,1160.0,98.65,98.75
2017-04-07,LE1806,98.75,99.75,98.75,99.75,216.0,,活牛1806,1300.0,99.725,99.75
2017-04-10,LE1806,100.375,101.0,100.125,100.35,177.0,,活牛1806,1392.0,100.5,100.35
2017-04-11,LE1806,100.5,101.725,100.4,101.675,119.0,,活牛1806,1451.0,101.7,101.675
2017-04-12,LE1806,101.775,102.325,101.4,102.325,206.0,,活牛1806,1552.0,102.25,102.325
2017-04-13,LE1806,102.5,102.95,101.975,102.95,185.0,,活牛1806,1641.0,102.95,102.95
2017-04-17,LE1806,102.95,103.65,102.95,103.65,86.0,,活牛1806,1678.0,103.4,103.65
2017-04-18,LE1806,103.0,103.725,102.85,103.2,156.0,,活牛1806,1767.0,103.175,103.2
2017-04-19,LE1806,103.475,103.725,103.025,103.675,21.0,,活牛1806,1778.0,103.625,103.675
2017-04-20,LE1806,103.9,104.75,103.675,104.175,179.0,,活牛1806,1902.0,104.2,104.175
2017-04-21,LE1806,104.2,104.7,104.15,104.375,38.0,,活牛1806,1916.0,104.3,104.375
2017-04-24,LE1806,103.875,103.975,103.15,103.85,110.0,,活牛1806,1984.0,103.9,103.85
2017-04-25,LE1806,104.0,104.775,104.0,104.775,82.0,,活牛1806,2019.0,104.775,104.775
2017-04-26,LE1806,105.0,107.075,105.0,107.0,697.0,,活牛1806,2479.0,106.775,107.0
2017-04-27,LE1806,106.4,109.75,106.4,109.55,512.0,,活牛1806,2758.0,109.725,109.55
2017-04-28,LE1806,109.625,111.5,108.15,110.825,492.0,,活牛1806,2914.0,111.45,110.825
2017-05-01,LE1806,111.45,112.0,110.8,111.175,294.0,,活牛1806,3064.0,111.175,111.175
2017-05-02,LE1806,111.0,113.675,110.825,110.9,370.0,,活牛1806,3151.0,111.325,110.9
2017-05-03,LE1806,111.125,111.775,110.2,111.625,356.0,,活牛1806,3137.0,111.75,111.625
2017-05-04,LE1806,111.925,112.725,108.925,108.95,444.0,,活牛1806,3166.0,109.05,108.95
2017-05-05,LE1806,108.35,108.625,106.95,107.45,197.0,,活牛1806,3173.0,107.1,107.45
2017-05-08,LE1806,107.675,109.7,107.425,109.625,282.0,,活牛1806,3308.0,109.7,109.625
2017-05-09,LE1806,110.0,110.55,106.7,107.3,191.0,,活牛1806,3350.0,107.4,107.3
2017-05-10,LE1806,106.725,107.9,106.175,107.6,219.0,,活牛1806,3434.0,107.625,107.6
2017-05-11,LE1806,107.7,107.7,105.925,106.8,144.0,,活牛1806,3457.0,106.95,106.8
2017-05-12,LE1806,107.8,109.2,107.725,109.2,164.0,,活牛1806,3524.0,109.05,109.2
2017-05-15,LE1806,109.05,109.375,107.3,107.3,170.0,,活牛1806,3580.0,107.5,107.3
2017-05-16,LE1806,107.3,107.3,105.875,107.025,60.0,,活牛1806,3595.0,107.0,107.025
2017-05-17,LE1806,107.15,107.8,106.875,107.575,220.0,,活牛1806,3724.0,107.65,107.575
2017-05-18,LE1806,106.875,107.8,106.4,107.6,135.0,,活牛1806,3778.0,107.6,107.6
2017-05-19,LE1806,108.0,108.675,107.575,108.55,197.0,,活牛1806,3857.0,108.35,108.55
2017-05-22,LE1806,108.35,109.75,108.35,109.6,229.0,,活牛1806,3900.0,109.55,109.6
2017-05-23,LE1806,109.35,110.0,109.15,109.3,266.0,,活牛1806,3875.0,109.475,109.3
2017-05-24,LE1806,109.0,109.5,108.1,109.1,395.0,,活牛1806,3970.0,109.125,109.1
2017-05-25,LE1806,109.025,110.15,108.55,110.05,140.0,,活牛1806,3973.0,110.15,110.05
2017-05-26,LE1806,109.7,109.7,107.875,107.9,270.0,,活牛1806,3952.0,107.925,107.9
2017-05-30,LE1806,107.7,108.45,106.55,108.3,168.0,,活牛1806,3956.0,108.375,108.3
2017-05-31,LE1806,108.6,110.1,108.2,109.75,610.0,,活牛1806,4172.0,109.725,109.75
2017-06-01,LE1806,109.65,111.375,109.65,111.15,452.0,,活牛1806,4181.0,111.15,111.15
2017-06-02,LE1806,111.15,111.975,110.675,111.975,704.0,,活牛1806,4568.0,111.75,111.975
2017-06-05,LE1806,111.95,113.175,111.675,113.175,544.0,,活牛1806,4778.0,112.95,113.175
2017-06-06,LE1806,113.0,113.3,110.575,110.9,623.0,,活牛1806,4927.0,110.825,110.9
2017-06-07,LE1806,110.5,112.075,110.2,112.025,516.0,,活牛1806,5039.0,111.875,112.025
2017-06-08,LE1806,111.875,112.675,111.025,111.275,318.0,,活牛1806,5090.0,111.425,111.275
2017-06-09,LE1806,110.7,111.725,110.475,111.675,419.0,,活牛1806,5228.0,111.45,111.675
2017-06-12,LE1806,111.5,111.5,108.85,109.525,462.0,,活牛1806,5286.0,109.55,109.525
2017-06-13,LE1806,109.375,110.1,108.375,108.95,273.0,,活牛1806,5353.0,108.925,108.95
2017-06-14,LE1806,108.15,108.15,106.3,107.05,581.0,,活牛1806,5453.0,107.05,107.05
2017-06-15,LE1806,106.475,107.275,106.025,107.15,274.0,,活牛1806,5512.0,107.15,107.15
2017-06-16,LE1806,107.125,107.575,106.9,107.425,201.0,,活牛1806,5527.0,107.35,107.425
2017-06-19,LE1806,107.525,107.525,105.525,106.025,195.0,,活牛1806,5557.0,106.05,106.025
2017-06-20,LE1806,105.45,105.8,104.0,105.8,335.0,,活牛1806,5565.0,105.725,105.8
2017-06-21,LE1806,106.225,106.225,105.225,105.75,124.0,,活牛1806,5592.0,105.75,105.75
2017-06-22,LE1806,105.35,105.575,104.075,105.475,457.0,,活牛1806,5553.0,105.075,105.475
2017-06-23,LE1806,105.275,105.675,104.9,105.6,229.0,,活牛1806,5643.0,105.625,105.6
2017-06-26,LE1806,105.425,108.175,104.8,108.1,276.0,,活牛1806,5660.0,107.95,108.1
2017-06-27,LE1806,108.25,108.25,105.2,106.05,434.0,,活牛1806,5723.0,105.675,106.05
2017-06-28,LE1806,105.3,106.5,104.9,106.325,345.0,,活牛1806,5764.0,106.425,106.325
2017-06-29,LE1806,106.375,107.525,105.975,107.2,258.0,,活牛1806,5811.0,107.4,107.2
2017-06-30,LE1806,106.875,108.4,106.3,108.25,459.0,,活牛1806,5915.0,108.275,108.25
2017-07-03,LE1806,108.375,109.075,107.65,109.0,505.0,,活牛1806,5915.0,108.525,109.0
