date,symbol,open,high,low,close,volume,amount,name,openinterest,settleprice,price
2007-10-31,NG0801,788.7,798.5,788.7,798.5,,,纽约期金0801,,798.5,798.5
2007-11-01,NG0801,,,,797.0,,,纽约期金0801,,797.0,797.0
2007-11-02,NG0801,,,,811.8,,,纽约期金0801,,811.8,811.8
2007-11-05,NG0801,811.0,814.2,811.0,814.2,2.0,,纽约期金0801,,814.2,814.2
2007-11-06,NG0801,813.6,827.5,813.6,826.9,7.0,,纽约期金0801,2.0,826.9,826.9
2007-11-07,NG0801,841.0,841.9,837.0,837.0,3.0,,纽约期金0801,6.0,837.0,837.0
2007-11-08,NG0801,840.8,841.0,837.2,841.0,3.0,,纽约期金0801,5.0,841.0,841.0
2007-11-09,NG0801,841.5,841.5,837.0,838.3,2.0,,纽约期金0801,6.0,838.3,838.3
2007-11-12,NG0801,822.4,822.4,803.0,811.2,17.0,,纽约期金0801,6.0,811.2,811.2
2007-11-13,NG0801,804.4,811.8,801.7,802.4,36.0,,纽约期金0801,12.0,802.4,802.4
2007-11-14,NG0801,811.4,820.1,810.8,818.2,79.0,,纽约期金0801,16.0,818.2,818.2
2007-11-15,NG0801,819.1,819.1,789.2,792.0,65.0,,纽约期金0801,26.0,792.0,792.0
2007-11-16,NG0801,792.5,801.5,790.4,790.4,45.0,,纽约期金0801,50.0,790.4,790.4
2007-11-19,NG0801,798.5,798.5,780.2,781.4,75.0,,纽约期金0801,70.0,781.4,781.4
2007-11-20,NG0801,778.1,807.4,778.1,794.9,96.0,,纽约期金0801,72.0,794.9,794.9
2007-11-21,NG0801,805.6,809.4,800.0,802.1,100.0,,纽约期金0801,81.0,802.1,802.1
2007-11-23,NG0801,804.6,828.2,804.6,828.2,78.0,,纽约期金0801,83.0,828.2,828.2
2007-11-26,NG0801,829.4,840.7,825.2,830.0,206.0,,纽约期金0801,104.0,830.0,830.0
2007-11-27,NG0801,825.4,832.4,812.9,817.5,450.0,,纽约期金0801,109.0,817.5,817.5
2007-11-28,NG0801,818.1,818.1,795.1,804.0,288.0,,纽约期金0801,199.0,804.0,804.0
2007-11-29,NG0801,808.7,811.4,796.0,799.2,213.0,,纽约期金0801,289.0,799.2,799.2
2007-11-30,NG0801,796.7,802.4,782.6,786.0,357.0,,纽约期金0801,248.0,786.0,786.0
2007-12-03,NG0801,787.2,797.3,780.5,792.0,578.0,,纽约期金0801,299.0,792.0,792.0
2007-12-04,NG0801,796.9,808.0,790.0,804.8,604.0,,纽约期金0801,447.0,804.8,804.8
2007-12-05,NG0801,805.3,808.9,794.1,800.7,163.0,,纽约期金0801,406.0,800.7,800.7
2007-12-06,NG0801,796.6,807.4,788.1,804.1,136.0,,纽约期金0801,348.0,804.1,804.1
2007-12-07,NG0801,805.9,807.0,795.2,797.2,176.0,,纽约期金0801,310.0,797.2,797.2
2007-12-10,NG0801,799.1,814.6,799.1,810.5,280.0,,纽约期金0801,270.0,810.5,810.5
2007-12-11,NG0801,809.2,814.4,798.9,814.1,355.0,,纽约期金0801,246.0,814.1,814.1
2007-12-12,NG0801,802.0,819.5,802.0,815.8,447.0,,纽约期金0801,284.0,815.8,815.8
2007-12-13,NG0801,815.2,815.2,794.8,801.1,516.0,,纽约期金0801,264.0,801.1,801.1
2007-12-14,NG0801,800.8,804.4,790.3,795.1,259.0,,纽约期金0801,276.0,795.1,795.1
2007-12-17,NG0801,798.9,799.7,786.9,796.4,102.0,,纽约期金0801,268.0,796.4,796.4
2007-12-18,NG0801,796.5,807.7,793.0,804.5,147.0,,纽约期金0801,284.0,804.5,804.5
2007-12-19,NG0801,800.0,803.7,799.6,802.3,37.0,,纽约期金0801,253.0,802.3,802.3
2007-12-20,NG0801,804.0,804.0,794.9,800.1,73.0,,纽约期金0801,244.0,800.1,800.1
2007-12-21,NG0801,799.9,813.1,799.9,812.4,71.0,,纽约期金0801,206.0,812.4,812.4
2007-12-24,NG0801,810.9,816.0,810.9,813.5,16.0,,纽约期金0801,198.0,813.5,813.5
2007-12-26,NG0801,810.0,827.0,809.7,826.5,37.0,,纽约期金0801,205.0,826.5,826.5
2007-12-27,NG0801,825.0,830.8,822.8,828.6,160.0,,纽约期金0801,181.0,828.6,828.6
2007-12-28,NG0801,826.6,840.2,826.6,839.6,107.0,,纽约期金0801,112.0,839.6,839.6
2007-12-31,NG0801,843.2,843.2,831.2,834.9,4.0,,纽约期金0801,81.0,834.9,834.9
2008-01-02,NG0801,848.7,857.8,846.4,857.0,130.0,,纽约期金0801,64.0,857.0,857.0
2008-01-03,NG0801,863.0,866.4,856.3,866.4,181.0,,纽约期金0801,90.0,866.4,866.4
2008-01-04,NG0801,861.4,863.1,860.2,863.1,28.0,,纽约期金0801,175.0,863.1,863.1
2008-01-07,NG0801,860.9,860.9,857.4,859.6,4.0,,纽约期金0801,71.0,859.6,859.6
2008-01-08,NG0801,861.6,879.4,861.6,878.0,21.0,,纽约期金0801,21.0,878.0,878.0
2008-01-09,NG0801,880.3,887.5,876.8,879.5,48.0,,纽约期金0801,25.0,879.5,879.5
2008-01-10,NG0801,882.0,891.7,881.2,891.7,6.0,,纽约期金0801,58.0,891.7,891.7
2008-01-11,NG0801,889.8,899.7,889.7,896.1,183.0,,纽约期金0801,54.0,896.1,896.1
2008-01-14,NG0801,907.3,907.3,901.6,901.6,89.0,,纽约期金0801,138.0,901.6,901.6
2008-01-15,NG0801,887.6,901.0,887.6,901.0,101.0,,纽约期金0801,110.0,901.0,901.0
2008-01-16,NG0801,880.5,885.8,880.5,880.6,102.0,,纽约期金0801,111.0,880.6,880.6
2008-01-17,NG0801,888.2,888.2,876.8,879.5,11.0,,纽约期金0801,112.0,879.5,879.5
2008-01-18,NG0801,871.8,886.8,871.0,880.8,30.0,,纽约期金0801,19.0,880.8,880.8
2008-01-22,NG0801,878.7,891.0,863.2,889.6,30.0,,纽约期金0801,21.0,889.6,889.6
2008-01-23,NG0801,885.0,895.7,880.0,882.5,49.0,,纽约期金0801,15.0,882.5,882.5
2008-01-24,NG0801,890.9,910.2,890.9,905.5,6.0,,纽约期金0801,25.0,905.5,905.5
2008-01-25,NG0801,906.6,910.5,906.6,910.5,,,纽约期金0801,8.0,910.5,910.5
2008-01-28,NG0801,916.6,927.1,914.5,927.1,25.0,,纽约期金0801,1.0,927.1,927.1
2008-01-29,NG0801,925.0,925.1,925.0,925.1,1.0,,纽约期金0801,14.0,925.1,925.1
