date,symbol,open,high,low,close,volume,amount,name,openinterest,settleprice,price
2008-02-29,NG0805,977.4,977.6,977.4,977.5,12.0,,纽约期金0805,,977.5,977.5
2008-03-03,NG0805,985.9,991.9,985.3,986.7,13.0,,纽约期金0805,6.0,986.7,986.7
2008-03-04,NG0805,990.8,992.0,967.0,969.0,11.0,,纽约期金0805,9.0,969.0,969.0
2008-03-05,NG0805,972.0,996.0,970.0,991.3,19.0,,纽约期金0805,13.0,991.3,991.3
2008-03-06,NG0805,993.5,993.5,971.2,979.8,45.0,,纽约期金0805,12.0,979.8,979.8
2008-03-07,NG0805,982.0,991.9,975.8,976.8,118.0,,纽约期金0805,35.0,976.8,976.8
2008-03-10,NG0805,978.5,978.5,966.5,974.3,44.0,,纽约期金0805,134.0,974.3,974.3
2008-03-11,NG0805,976.8,987.5,971.9,978.6,19.0,,纽约期金0805,86.0,978.6,978.6
2008-03-12,NG0805,977.2,987.0,977.2,983.0,27.0,,纽约期金0805,88.0,983.0,983.0
2008-03-13,NG0805,988.9,1001.4,987.5,996.3,33.0,,纽约期金0805,93.0,996.3,996.3
2008-03-14,NG0805,999.8,1009.0,997.9,1002.0,33.0,,纽约期金0805,93.0,1002.0,1002.0
2008-03-17,NG0805,1007.3,1035.8,997.8,1004.9,177.0,,纽约期金0805,92.0,1004.9,1004.9
2008-03-18,NG0805,1007.0,1012.9,980.0,1006.6,154.0,,纽约期金0805,108.0,1006.6,1006.6
2008-03-19,NG0805,988.3,998.0,942.0,947.5,314.0,,纽约期金0805,148.0,947.5,947.5
2008-03-20,NG0805,945.0,945.5,908.7,922.1,363.0,,纽约期金0805,279.0,922.1,922.1
2008-03-24,NG0805,922.1,929.0,909.1,920.9,3377.0,,纽约期金0805,307.0,920.9,920.9
2008-03-25,NG0805,915.6,941.4,915.6,937.2,141.0,,纽约期金0805,185.0,937.2,937.2
2008-03-26,NG0805,942.0,956.8,939.3,951.8,278.0,,纽约期金0805,194.0,951.8,951.8
2008-03-27,NG0805,957.3,957.5,943.0,951.5,456.0,,纽约期金0805,285.0,951.5,951.5
2008-03-28,NG0805,947.1,949.4,926.0,933.9,681.0,,纽约期金0805,401.0,933.9,933.9
2008-03-31,NG0805,933.8,942.8,915.1,918.9,450.0,,纽约期金0805,396.0,918.9,918.9
2008-04-01,NG0805,919.4,923.0,874.2,885.4,482.0,,纽约期金0805,405.0,885.4,885.4
2008-04-02,NG0805,885.7,906.3,884.7,897.8,612.0,,纽约期金0805,397.0,897.8,897.8
2008-04-03,NG0805,905.2,910.3,891.0,907.1,371.0,,纽约期金0805,489.0,907.1,907.1
2008-04-04,NG0805,907.5,916.4,901.0,910.8,164.0,,纽约期金0805,406.0,910.8,910.8
2008-04-07,NG0805,916.6,930.8,913.7,924.4,185.0,,纽约期金0805,384.0,924.4,924.4
2008-04-08,NG0805,923.0,927.4,909.8,915.6,191.0,,纽约期金0805,400.0,915.6,915.6
2008-04-09,NG0805,917.5,937.0,904.7,935.1,304.0,,纽约期金0805,389.0,935.1,935.1
2008-04-10,NG0805,933.6,939.6,923.5,929.5,222.0,,纽约期金0805,363.0,929.5,929.5
2008-04-11,NG0805,926.3,932.5,918.6,924.7,223.0,,纽约期金0805,358.0,924.7,924.7
2008-04-14,NG0805,921.2,932.8,915.7,926.4,161.0,,纽约期金0805,355.0,926.4,926.4
2008-04-15,NG0805,925.3,936.2,925.3,929.7,119.0,,纽约期金0805,343.0,929.7,929.7
2008-04-16,NG0805,928.1,949.8,926.3,946.0,164.0,,纽约期金0805,355.0,946.0,946.0
2008-04-17,NG0805,944.2,953.8,937.9,940.6,78.0,,纽约期金0805,336.0,940.6,940.6
2008-04-18,NG0805,941.6,947.0,905.1,912.8,291.0,,纽约期金0805,340.0,912.8,912.8
2008-04-21,NG0805,918.3,928.3,912.1,915.2,205.0,,纽约期金0805,329.0,915.2,915.2
2008-04-22,NG0805,916.7,925.3,912.6,922.6,259.0,,纽约期金0805,327.0,922.6,922.6
2008-04-23,NG0805,917.5,921.7,896.7,906.4,168.0,,纽约期金0805,354.0,906.4,906.4
2008-04-24,NG0805,903.0,905.2,883.2,886.9,199.0,,纽约期金0805,238.0,886.9,886.9
2008-04-25,NG0805,887.0,896.3,879.1,887.3,141.0,,纽约期金0805,241.0,887.3,887.3
2008-04-28,NG0805,892.0,894.0,888.8,892.9,339.0,,纽约期金0805,239.0,892.9,892.9
2008-04-29,NG0805,890.6,890.6,869.6,874.2,136.0,,纽约期金0805,78.0,874.2,874.2
2008-04-30,NG0805,868.7,875.2,862.8,862.8,88.0,,纽约期金0805,56.0,862.8,862.8
2008-05-01,NG0805,855.0,873.5,848.9,848.9,28.0,,纽约期金0805,51.0,848.9,848.9
2008-05-02,NG0805,853.3,857.7,853.3,856.1,6.0,,纽约期金0805,77.0,856.1,856.1
2008-05-05,NG0805,861.2,872.8,861.2,872.3,35.0,,纽约期金0805,46.0,872.3,872.3
2008-05-06,NG0805,872.3,881.4,872.3,876.0,47.0,,纽约期金0805,65.0,876.0,876.0
2008-05-07,NG0805,868.0,869.6,864.8,869.6,43.0,,纽约期金0805,32.0,869.6,869.6
2008-05-08,NG0805,871.0,883.3,867.1,880.6,71.0,,纽约期金0805,41.0,880.6,880.6
2008-05-09,NG0805,883.9,884.7,883.9,884.5,25.0,,纽约期金0805,61.0,884.5,884.5
2008-05-12,NG0805,879.2,886.5,879.2,883.7,56.0,,纽约期金0805,74.0,883.7,883.7
2008-05-13,NG0805,862.9,870.4,862.9,868.5,17.0,,纽约期金0805,58.0,868.5,868.5
2008-05-14,NG0805,862.8,868.6,862.8,865.4,41.0,,纽约期金0805,70.0,865.4,865.4
2008-05-15,NG0805,865.8,886.3,865.8,879.0,121.0,,纽约期金0805,46.0,879.0,879.0
2008-05-16,NG0805,892.0,904.2,892.0,899.0,85.0,,纽约期金0805,99.0,899.0,899.0
2008-05-19,NG0805,901.2,905.1,901.2,905.0,2.0,,纽约期金0805,96.0,905.0,905.0
2008-05-20,NG0805,,,,919.5,,,纽约期金0805,89.0,919.5,919.5
2008-05-21,NG0805,923.5,928.0,923.2,928.0,3.0,,纽约期金0805,87.0,928.0,928.0
2008-05-22,NG0805,917.6,917.9,917.6,917.9,1.0,,纽约期金0805,37.0,917.9,917.9
2008-05-23,NG0805,916.9,925.6,916.0,925.6,4.0,,纽约期金0805,36.0,925.6,925.6
2008-05-27,NG0805,912.0,912.0,906.5,907.7,25.0,,纽约期金0805,38.0,907.7,907.7
2008-05-28,NG0805,906.3,906.3,900.5,900.5,,,纽约期金0805,54.0,900.5,900.5
