date,symbol,open,high,low,close,volume,amount,name,openinterest,settleprice,price
2008-06-30,NG0809,932.5,932.5,930.6,930.6,1.0,,纽约期金0809,,930.6,930.6
2008-07-01,NG0809,942.8,948.7,942.8,946.8,24.0,,纽约期金0809,1.0,946.8,946.8
2008-07-02,NG0809,940.4,949.8,938.0,948.9,29.0,,纽约期金0809,17.0,948.9,948.9
2008-07-03,NG0809,947.8,947.8,936.0,936.0,23.0,,纽约期金0809,21.0,936.0,936.0
2008-07-07,NG0809,935.4,935.4,920.3,931.2,27.0,,纽约期金0809,24.0,931.2,931.2
2008-07-08,NG0809,935.4,935.4,921.0,925.7,33.0,,纽约期金0809,32.0,925.7,925.7
2008-07-09,NG0809,922.2,932.6,922.0,931.1,59.0,,纽约期金0809,18.0,931.1,931.1
2008-07-10,NG0809,934.2,951.0,933.4,944.5,51.0,,纽约期金0809,66.0,944.5,944.5
2008-07-11,NG0809,946.4,970.2,946.4,963.2,182.0,,纽约期金0809,66.0,963.2,963.2
2008-07-14,NG0809,969.8,978.1,960.0,976.3,159.0,,纽约期金0809,132.0,976.3,976.3
2008-07-15,NG0809,976.0,992.0,972.0,981.3,346.0,,纽约期金0809,242.0,981.3,981.3
2008-07-16,NG0809,980.9,984.0,962.7,965.3,167.0,,纽约期金0809,318.0,965.3,965.3
2008-07-17,NG0809,968.5,980.7,958.0,973.3,219.0,,纽约期金0809,320.0,973.3,973.3
2008-07-18,NG0809,962.6,965.9,953.8,960.6,121.0,,纽约期金0809,342.0,960.6,960.6
2008-07-21,NG0809,959.9,970.3,959.1,966.3,179.0,,纽约期金0809,346.0,966.3,966.3
2008-07-22,NG0809,970.0,978.5,946.6,951.0,544.0,,纽约期金0809,381.0,951.0,951.0
2008-07-23,NG0809,950.1,951.7,921.2,925.3,700.0,,纽约期金0809,451.0,925.3,925.3
2008-07-24,NG0809,924.2,932.9,918.8,924.8,352.0,,纽约期金0809,454.0,924.8,924.8
2008-07-25,NG0809,931.4,936.9,921.9,929.3,348.0,,纽约期金0809,538.0,929.3,929.3
2008-07-28,NG0809,931.5,935.3,925.5,930.2,394.0,,纽约期金0809,596.0,930.2,930.2
2008-07-29,NG0809,933.5,935.2,916.7,918.9,766.0,,纽约期金0809,788.0,918.9,918.9
2008-07-30,NG0809,919.5,919.7,895.7,905.3,1045.0,,纽约期金0809,803.0,905.3,905.3
2008-07-31,NG0809,909.4,927.4,909.0,916.0,784.0,,纽约期金0809,1051.0,916.0,916.0
2008-08-01,NG0809,914.1,919.0,904.1,911.0,247.0,,纽约期金0809,1161.0,911.0,911.0
2008-08-04,NG0809,914.0,917.2,896.0,901.8,471.0,,纽约期金0809,1133.0,901.8,901.8
2008-08-05,NG0809,897.0,897.0,875.2,880.1,380.0,,纽约期金0809,1131.0,880.1,880.1
2008-08-06,NG0809,876.9,888.4,874.7,877.1,324.0,,纽约期金0809,1111.0,877.1,877.1
2008-08-07,NG0809,881.9,886.5,869.0,872.1,294.0,,纽约期金0809,1081.0,872.1,872.1
2008-08-08,NG0809,874.4,874.4,852.4,859.2,797.0,,纽约期金0809,1059.0,859.2,859.2
2008-08-11,NG0809,858.9,866.8,819.6,822.8,947.0,,纽约期金0809,1011.0,822.8,822.8
2008-08-12,NG0809,826.7,827.5,803.2,809.2,907.0,,纽约期金0809,1021.0,809.2,809.2
2008-08-13,NG0809,814.8,829.6,808.4,825.9,332.0,,纽约期金0809,1000.0,825.9,825.9
2008-08-14,NG0809,828.1,837.0,805.1,809.0,501.0,,纽约期金0809,948.0,809.0,809.0
2008-08-15,NG0809,805.7,805.7,775.0,786.7,1060.0,,纽约期金0809,970.0,786.7,786.7
2008-08-18,NG0809,792.5,803.5,790.0,800.3,381.0,,纽约期金0809,1032.0,800.3,800.3
2008-08-19,NG0809,795.3,816.5,782.9,811.6,703.0,,纽约期金0809,968.0,811.6,811.6
2008-08-20,NG0809,814.2,818.2,800.0,810.8,847.0,,纽约期金0809,910.0,810.8,810.8
2008-08-21,NG0809,814.5,838.3,811.1,833.4,1009.0,,纽约期金0809,906.0,833.4,833.4
2008-08-22,NG0809,833.1,837.5,821.1,827.7,207.0,,纽约期金0809,903.0,827.7,827.7
2008-08-25,NG0809,821.6,824.1,815.8,819.9,514.0,,纽约期金0809,772.0,819.9,819.9
2008-08-26,NG0809,821.3,828.1,806.5,822.3,466.0,,纽约期金0809,671.0,822.3,822.3
2008-08-27,NG0809,821.6,835.0,821.6,828.2,423.0,,纽约期金0809,537.0,828.2,828.2
2008-08-28,NG0809,828.0,842.6,824.5,830.9,503.0,,纽约期金0809,384.0,830.9,830.9
2008-08-29,NG0809,831.7,833.0,829.3,829.3,116.0,,纽约期金0809,350.0,829.3,829.3
2008-09-02,NG0809,829.9,840.7,790.8,805.0,185.0,,纽约期金0809,175.0,805.0,805.0
2008-09-03,NG0809,805.6,805.6,791.6,802.7,28.0,,纽约期金0809,106.0,802.7,802.7
2008-09-04,NG0809,801.4,809.1,794.9,797.9,76.0,,纽约期金0809,33.0,797.9,797.9
2008-09-05,NG0809,794.7,809.0,794.0,797.6,85.0,,纽约期金0809,85.0,797.6,797.6
2008-09-08,NG0809,811.0,813.2,796.4,797.5,88.0,,纽约期金0809,83.0,797.5,797.5
2008-09-09,NG0809,802.0,802.0,780.0,787.1,29.0,,纽约期金0809,61.0,787.1,787.1
2008-09-10,NG0809,776.6,781.0,752.8,757.9,56.0,,纽约期金0809,46.0,757.9,757.9
2008-09-11,NG0809,756.6,756.6,739.0,741.3,25.0,,纽约期金0809,47.0,741.3,741.3
2008-09-12,NG0809,750.5,760.3,750.5,760.3,12.0,,纽约期金0809,21.0,760.3,760.3
2008-09-15,NG0809,778.1,783.1,764.0,783.1,19.0,,纽约期金0809,32.0,783.1,783.1
2008-09-16,NG0809,777.7,783.6,776.5,776.5,2.0,,纽约期金0809,33.0,776.5,776.5
2008-09-17,NG0809,782.9,846.6,782.9,846.6,26.0,,纽约期金0809,18.0,846.6,846.6
2008-09-18,NG0809,869.9,910.9,836.0,892.7,59.0,,纽约期金0809,33.0,892.7,892.7
2008-09-19,NG0809,872.0,872.1,860.6,860.6,112.0,,纽约期金0809,43.0,860.6,860.6
2008-09-22,NG0809,888.8,908.1,888.8,903.9,20.0,,纽约期金0809,138.0,903.9,903.9
2008-09-23,NG0809,892.4,898.9,885.5,885.5,184.0,,纽约期金0809,138.0,885.5,885.5
2008-09-24,NG0809,879.5,891.3,879.5,889.0,185.0,,纽约期金0809,228.0,889.0,889.0
2008-09-25,NG0809,891.5,891.5,877.7,877.7,92.0,,纽约期金0809,192.0,877.7,877.7
2008-09-26,NG0809,884.2,897.7,882.9,882.9,61.0,,纽约期金0809,98.0,882.9,882.9
