date,symbol,open,high,low,close,volume,amount,name,openinterest,settleprice,price
2009-04-30,NG0907,,,,892.0,,,纽约期金0907,,892.0,892.0
2009-05-01,NG0907,888.6,890.3,886.3,889.0,8.0,,纽约期金0907,,889.0,889.0
2009-05-04,NG0907,888.3,907.9,888.2,903.0,18.0,,纽约期金0907,1.0,903.0,903.0
2009-05-05,NG0907,912.0,917.0,898.7,905.1,85.0,,纽约期金0907,6.0,905.1,905.1
2009-05-06,NG0907,902.4,912.0,902.2,911.8,32.0,,纽约期金0907,28.0,911.8,911.8
2009-05-07,NG0907,912.4,927.0,910.0,916.4,174.0,,纽约期金0907,30.0,916.4,916.4
2009-05-08,NG0907,915.4,919.0,910.5,915.7,125.0,,纽约期金0907,59.0,915.7,915.7
2009-05-11,NG0907,918.4,918.6,911.3,914.4,77.0,,纽约期金0907,96.0,914.4,914.4
2009-05-12,NG0907,914.4,924.7,913.9,924.7,750.0,,纽约期金0907,139.0,924.7,924.7
2009-05-13,NG0907,926.6,929.7,918.6,926.7,50.0,,纽约期金0907,569.0,926.7,926.7
2009-05-14,NG0907,926.0,929.4,924.4,929.1,55.0,,纽约期金0907,557.0,929.1,929.1
2009-05-15,NG0907,926.1,935.1,925.1,931.9,85.0,,纽约期金0907,558.0,931.9,931.9
2009-05-18,NG0907,930.4,934.6,916.8,922.4,334.0,,纽约期金0907,560.0,922.4,922.4
2009-05-19,NG0907,919.2,930.7,919.2,927.5,406.0,,纽约期金0907,414.0,927.5,927.5
2009-05-20,NG0907,926.9,941.2,926.7,938.2,450.0,,纽约期金0907,263.0,938.2,938.2
2009-05-21,NG0907,938.3,955.7,937.0,952.0,377.0,,纽约期金0907,557.0,952.0,952.0
2009-05-22,NG0907,953.5,963.0,951.3,959.7,330.0,,纽约期金0907,385.0,959.7,959.7
2009-05-26,NG0907,958.7,960.0,942.7,954.3,621.0,,纽约期金0907,286.0,954.3,954.3
2009-05-27,NG0907,952.8,960.6,948.4,954.4,624.0,,纽约期金0907,466.0,954.4,954.4
2009-05-28,NG0907,948.2,965.6,945.6,962.4,1372.0,,纽约期金0907,712.0,962.4,962.4
2009-05-29,NG0907,961.3,980.9,961.0,979.6,885.0,,纽约期金0907,703.0,979.6,979.6
2009-06-01,NG0907,979.1,989.4,973.6,979.3,649.0,,纽约期金0907,829.0,979.3,979.3
2009-06-02,NG0907,975.2,987.0,970.1,983.7,865.0,,纽约期金0907,809.0,983.7,983.7
2009-06-03,NG0907,982.9,990.4,961.1,964.9,849.0,,纽约期金0907,813.0,964.9,964.9
2009-06-04,NG0907,965.1,982.5,962.0,981.6,651.0,,纽约期金0907,1090.0,981.6,981.6
2009-06-05,NG0907,979.2,984.0,953.1,962.0,702.0,,纽约期金0907,975.0,962.0,962.0
2009-06-08,NG0907,956.5,960.1,943.6,951.9,540.0,,纽约期金0907,753.0,951.9,951.9
2009-06-09,NG0907,953.4,962.8,947.7,953.9,481.0,,纽约期金0907,738.0,953.9,953.9
2009-06-10,NG0907,955.9,966.0,947.9,954.0,531.0,,纽约期金0907,712.0,954.0,954.0
2009-06-11,NG0907,956.5,962.3,942.2,961.3,544.0,,纽约期金0907,762.0,961.3,961.3
2009-06-12,NG0907,955.4,957.2,936.0,940.1,395.0,,纽约期金0907,829.0,940.1,940.1
2009-06-15,NG0907,936.9,938.6,925.8,926.9,339.0,,纽约期金0907,724.0,926.9,926.9
2009-06-16,NG0907,928.1,939.1,928.0,931.6,267.0,,纽约期金0907,648.0,931.6,931.6
2009-06-17,NG0907,934.0,940.2,928.0,935.4,311.0,,纽约期金0907,683.0,935.4,935.4
2009-06-18,NG0907,941.7,943.0,930.6,934.0,361.0,,纽约期金0907,587.0,934.0,934.0
2009-06-19,NG0907,934.1,938.9,930.8,935.6,261.0,,纽约期金0907,654.0,935.6,935.6
2009-06-22,NG0907,935.0,935.0,917.8,920.4,329.0,,纽约期金0907,583.0,920.4,920.4
2009-06-23,NG0907,922.6,926.3,913.6,923.7,289.0,,纽约期金0907,692.0,923.7,923.7
2009-06-24,NG0907,926.0,942.0,923.6,933.8,544.0,,纽约期金0907,551.0,933.8,933.8
2009-06-25,NG0907,931.7,940.0,931.0,939.0,448.0,,纽约期金0907,364.0,939.0,939.0
2009-06-26,NG0907,939.6,947.7,937.3,940.7,185.0,,纽约期金0907,367.0,940.7,940.7
2009-06-29,NG0907,940.2,942.5,934.8,940.4,445.0,,纽约期金0907,297.0,940.4,940.4
2009-06-30,NG0907,941.4,943.9,925.3,927.1,128.0,,纽约期金0907,201.0,927.1,927.1
2009-07-01,NG0907,929.3,944.2,928.0,941.0,88.0,,纽约期金0907,71.0,941.0,941.0
2009-07-02,NG0907,941.4,941.5,926.6,930.7,67.0,,纽约期金0907,36.0,930.7,930.7
2009-07-06,NG0907,933.5,933.5,920.2,924.0,108.0,,纽约期金0907,35.0,924.0,924.0
2009-07-07,NG0907,924.2,931.7,921.2,928.8,57.0,,纽约期金0907,40.0,928.8,928.8
2009-07-08,NG0907,919.6,919.6,905.6,909.0,41.0,,纽约期金0907,41.0,909.0,909.0
2009-07-09,NG0907,907.2,917.4,907.2,915.9,74.0,,纽约期金0907,60.0,915.9,915.9
2009-07-10,NG0907,910.7,913.5,908.5,912.2,40.0,,纽约期金0907,74.0,912.2,912.2
2009-07-13,NG0907,911.5,922.2,908.4,922.2,30.0,,纽约期金0907,80.0,922.2,922.2
2009-07-14,NG0907,920.2,926.2,920.2,922.5,64.0,,纽约期金0907,47.0,922.5,922.5
2009-07-15,NG0907,928.9,941.0,928.3,939.1,67.0,,纽约期金0907,56.0,939.1,939.1
2009-07-16,NG0907,938.4,938.4,934.8,935.1,63.0,,纽约期金0907,107.0,935.1,935.1
2009-07-17,NG0907,936.9,937.8,931.8,937.2,34.0,,纽约期金0907,72.0,937.2,937.2
2009-07-20,NG0907,954.1,954.5,948.5,948.5,5.0,,纽约期金0907,39.0,948.5,948.5
2009-07-21,NG0907,948.6,948.6,945.8,946.6,15.0,,纽约期金0907,7.0,946.6,946.6
2009-07-22,NG0907,949.2,953.0,946.4,953.0,71.0,,纽约期金0907,19.0,953.0,953.0
2009-07-23,NG0907,954.2,954.5,949.8,954.5,47.0,,纽约期金0907,85.0,954.5,954.5
2009-07-24,NG0907,950.3,952.8,950.3,952.8,77.0,,纽约期金0907,66.0,952.8,952.8
2009-07-27,NG0907,955.1,957.1,953.3,953.3,5.0,,纽约期金0907,87.0,953.3,953.3
2009-07-28,NG0907,949.5,949.5,937.5,939.0,10.0,,纽约期金0907,88.0,939.0,939.0
2009-07-29,NG0907,,,,927.2,,,纽约期金0907,12.0,927.2,927.2
