date,symbol,open,high,low,close,volume,amount,name,openinterest,settleprice,price
2009-06-30,NG0909,,,,928.1,,,纽约期金0909,,928.1,928.1
2009-07-01,NG0909,,,,942.0,,,纽约期金0909,,942.0,942.0
2009-07-02,NG0909,933.8,934.5,931.6,931.6,18.0,,纽约期金0909,,931.6,931.6
2009-07-06,NG0909,924.4,925.2,922.4,924.9,40.0,,纽约期金0909,,924.9,924.9
2009-07-07,NG0909,927.5,929.7,923.4,929.7,65.0,,纽约期金0909,30.0,929.7,929.7
2009-07-08,NG0909,921.0,921.8,905.8,910.0,44.0,,纽约期金0909,25.0,910.0,910.0
2009-07-09,NG0909,910.0,916.9,910.0,916.9,30.0,,纽约期金0909,40.0,916.9,916.9
2009-07-10,NG0909,912.3,913.2,911.3,913.2,50.0,,纽约期金0909,45.0,913.2,913.2
2009-07-13,NG0909,913.6,923.7,909.0,923.2,62.0,,纽约期金0909,48.0,923.2,923.2
2009-07-14,NG0909,922.1,927.9,922.0,923.5,33.0,,纽约期金0909,95.0,923.5,923.5
2009-07-15,NG0909,935.1,941.3,935.0,940.0,36.0,,纽约期金0909,93.0,940.0,940.0
2009-07-16,NG0909,938.7,938.7,934.2,936.0,13.0,,纽约期金0909,73.0,936.0,936.0
2009-07-17,NG0909,937.6,940.0,932.7,938.1,116.0,,纽约期金0909,79.0,938.1,938.1
2009-07-20,NG0909,942.8,955.4,942.8,949.4,335.0,,纽约期金0909,69.0,949.4,949.4
2009-07-21,NG0909,949.0,954.4,947.3,947.6,74.0,,纽约期金0909,203.0,947.6,947.6
2009-07-22,NG0909,949.6,954.0,946.0,954.0,53.0,,纽约期金0909,93.0,954.0,954.0
2009-07-23,NG0909,952.7,958.3,949.4,955.5,292.0,,纽约期金0909,78.0,955.5,955.5
2009-07-24,NG0909,948.0,954.7,948.0,953.8,49.0,,纽约期金0909,273.0,953.8,953.8
2009-07-27,NG0909,951.1,959.3,949.2,954.2,135.0,,纽约期金0909,299.0,954.2,954.2
2009-07-28,NG0909,954.2,957.2,935.0,940.0,578.0,,纽约期金0909,345.0,940.0,940.0
2009-07-29,NG0909,937.7,940.4,926.0,928.0,337.0,,纽约期金0909,449.0,928.0,928.0
2009-07-30,NG0909,930.0,937.5,930.0,935.7,289.0,,纽约期金0909,439.0,935.7,935.7
2009-07-31,NG0909,935.2,956.7,932.0,954.2,351.0,,纽约期金0909,488.0,954.2,954.2
2009-08-03,NG0909,957.5,964.8,953.3,957.1,413.0,,纽约期金0909,439.0,957.1,957.1
2009-08-04,NG0909,957.5,970.3,952.1,968.0,358.0,,纽约期金0909,548.0,968.0,968.0
2009-08-05,NG0909,967.0,968.7,959.6,964.6,176.0,,纽约期金0909,473.0,964.6,964.6
2009-08-06,NG0909,963.9,971.9,957.5,961.1,351.0,,纽约期金0909,487.0,961.1,961.1
2009-08-07,NG0909,963.5,965.6,953.8,957.7,264.0,,纽约期金0909,533.0,957.7,957.7
2009-08-10,NG0909,954.4,956.9,943.0,945.4,284.0,,纽约期金0909,504.0,945.4,945.4
2009-08-11,NG0909,946.4,949.8,943.0,946.1,134.0,,纽约期金0909,453.0,946.1,946.1
2009-08-12,NG0909,947.2,952.0,940.6,951.0,165.0,,纽约期金0909,477.0,951.0,951.0
2009-08-13,NG0909,949.6,960.7,948.9,955.0,131.0,,纽约期金0909,522.0,955.0,955.0
2009-08-14,NG0909,958.0,959.5,942.9,947.2,121.0,,纽约期金0909,521.0,947.2,947.2
2009-08-17,NG0909,947.5,947.7,930.0,934.4,404.0,,纽约期金0909,519.0,934.4,934.4
2009-08-18,NG0909,935.7,939.7,934.5,937.8,141.0,,纽约期金0909,498.0,937.8,937.8
2009-08-19,NG0909,938.9,943.9,933.1,943.4,429.0,,纽约期金0909,503.0,943.4,943.4
2009-08-20,NG0909,942.3,944.8,938.2,940.3,83.0,,纽约期金0909,152.0,940.3,940.3
2009-08-21,NG0909,939.5,957.0,938.7,953.2,206.0,,纽约期金0909,155.0,953.2,953.2
2009-08-24,NG0909,955.0,956.9,939.5,942.3,126.0,,纽约期金0909,148.0,942.3,942.3
2009-08-25,NG0909,942.5,954.5,942.5,944.5,179.0,,纽约期金0909,150.0,944.5,944.5
2009-08-26,NG0909,943.1,950.0,940.8,944.3,78.0,,纽约期金0909,138.0,944.3,944.3
2009-08-27,NG0909,945.4,950.0,941.7,945.5,193.0,,纽约期金0909,117.0,945.5,945.5
2009-08-28,NG0909,949.3,962.2,948.1,957.0,182.0,,纽约期金0909,50.0,957.0,957.0
2009-08-31,NG0909,959.5,959.5,944.8,951.7,21.0,,纽约期金0909,64.0,951.7,951.7
2009-09-01,NG0909,954.2,956.5,948.7,954.7,17.0,,纽约期金0909,48.0,954.7,954.7
2009-09-02,NG0909,954.0,978.8,954.0,976.6,65.0,,纽约期金0909,45.0,976.6,976.6
2009-09-03,NG0909,978.1,995.8,978.1,995.8,55.0,,纽约期金0909,90.0,995.8,995.8
2009-09-04,NG0909,992.6,995.0,985.5,994.9,75.0,,纽约期金0909,133.0,994.9,994.9
2009-09-08,NG0909,993.5,1006.9,993.2,997.9,90.0,,纽约期金0909,172.0,997.9,997.9
2009-09-09,NG0909,1002.0,1002.8,988.8,995.3,84.0,,纽约期金0909,195.0,995.3,995.3
2009-09-10,NG0909,996.2,997.2,987.3,995.4,51.0,,纽约期金0909,207.0,995.4,995.4
2009-09-11,NG0909,999.7,1011.9,999.7,1004.9,198.0,,纽约期金0909,209.0,1004.9,1004.9
2009-09-14,NG0909,1002.9,1003.8,998.5,999.9,91.0,,纽约期金0909,209.0,999.9,999.9
2009-09-15,NG0909,998.0,1008.0,994.9,1005.0,118.0,,纽约期金0909,170.0,1005.0,1005.0
2009-09-16,NG0909,1014.7,1019.8,1014.7,1018.9,92.0,,纽约期金0909,134.0,1018.9,1018.9
2009-09-17,NG0909,1017.2,1019.5,1011.6,1012.3,48.0,,纽约期金0909,189.0,1012.3,1012.3
2009-09-18,NG0909,1013.9,1017.6,1009.2,1009.2,26.0,,纽约期金0909,105.0,1009.2,1009.2
2009-09-21,NG0909,1003.7,1003.7,998.0,1003.7,10.0,,纽约期金0909,80.0,1003.7,1003.7
2009-09-22,NG0909,1011.5,1019.4,1011.5,1014.2,67.0,,纽约期金0909,33.0,1014.2,1014.2
2009-09-23,NG0909,1014.4,1015.2,1008.2,1013.0,212.0,,纽约期金0909,69.0,1013.0,1013.0
2009-09-24,NG0909,1015.0,1015.0,993.9,997.5,123.0,,纽约期金0909,165.0,997.5,997.5
2009-09-25,NG0909,997.3,997.4,986.7,990.2,70.0,,纽约期金0909,132.0,990.2,990.2
2009-09-28,NG0909,993.2,993.2,991.4,992.5,26.0,,纽约期金0909,75.0,992.5,992.5
