date,symbol,open,high,low,close,volume,amount,name,openinterest,settleprice,price
2010-02-25,NG1005,,,,1108.5,,,纽约期金1005,,1108.5,1108.5
2010-02-26,NG1005,1115.9,1119.5,1115.9,1119.5,4.0,,纽约期金1005,,1119.5,1119.5
2010-03-01,NG1005,1118.6,1121.1,1114.5,1118.9,75.0,,纽约期金1005,,1118.9,1118.9
2010-03-02,NG1005,1117.2,1138.0,1117.2,1138.0,170.0,,纽约期金1005,46.0,1138.0,1138.0
2010-03-03,NG1005,1134.3,1145.8,1133.9,1143.9,49.0,,纽约期金1005,96.0,1143.9,1143.9
2010-03-04,NG1005,1138.0,1141.7,1127.4,1133.7,35.0,,纽约期金1005,86.0,1133.7,1133.7
2010-03-05,NG1005,1133.9,1141.0,1132.6,1135.8,308.0,,纽约期金1005,32.0,1135.8,1135.8
2010-03-08,NG1005,1137.8,1137.8,1120.5,1124.6,243.0,,纽约期金1005,152.0,1124.6,1124.6
2010-03-09,NG1005,1124.5,1125.0,1110.1,1122.9,222.0,,纽约期金1005,163.0,1122.9,1122.9
2010-03-10,NG1005,1122.4,1128.4,1105.4,1108.7,400.0,,纽约期金1005,148.0,1108.7,1108.7
2010-03-11,NG1005,1112.2,1112.2,1101.6,1108.8,266.0,,纽约期金1005,231.0,1108.8,1108.8
2010-03-12,NG1005,1113.7,1117.4,1099.5,1102.3,223.0,,纽约期金1005,164.0,1102.3,1102.3
2010-03-15,NG1005,1103.3,1111.0,1102.5,1106.1,199.0,,纽约期金1005,166.0,1106.1,1106.1
2010-03-16,NG1005,1110.6,1129.5,1110.5,1123.1,129.0,,纽约期金1005,185.0,1123.1,1123.1
2010-03-17,NG1005,1128.5,1133.2,1119.1,1124.8,125.0,,纽约期金1005,168.0,1124.8,1124.8
2010-03-18,NG1005,1124.1,1129.9,1119.6,1128.1,389.0,,纽约期金1005,208.0,1128.1,1128.1
2010-03-19,NG1005,1124.5,1127.3,1102.0,1108.2,298.0,,纽约期金1005,286.0,1108.2,1108.2
2010-03-22,NG1005,1105.7,1108.8,1094.0,1100.1,443.0,,纽约期金1005,292.0,1100.1,1100.1
2010-03-23,NG1005,1102.1,1108.6,1095.3,1104.4,659.0,,纽约期金1005,300.0,1104.4,1104.4
2010-03-24,NG1005,1103.5,1104.6,1086.1,1089.4,535.0,,纽约期金1005,580.0,1089.4,1089.4
2010-03-25,NG1005,1087.4,1095.9,1087.4,1093.6,276.0,,纽约期金1005,629.0,1093.6,1093.6
2010-03-26,NG1005,1089.7,1109.3,1089.7,1105.0,704.0,,纽约期金1005,699.0,1105.0,1105.0
2010-03-29,NG1005,1114.0,1115.1,1104.0,1111.0,1175.0,,纽约期金1005,716.0,1111.0,1111.0
2010-03-30,NG1005,1109.7,1113.5,1101.8,1105.1,984.0,,纽约期金1005,921.0,1105.1,1105.1
2010-03-31,NG1005,1104.0,1118.8,1102.8,1113.9,939.0,,纽约期金1005,1114.0,1113.9,1113.9
2010-04-01,NG1005,1113.3,1127.9,1111.7,1125.5,593.0,,纽约期金1005,1041.0,1125.5,1125.5
2010-04-05,NG1005,1120.9,1133.3,1120.9,1133.1,285.0,,纽约期金1005,1043.0,1133.1,1133.1
2010-04-06,NG1005,1131.6,1138.6,1123.3,1135.4,356.0,,纽约期金1005,1008.0,1135.4,1135.4
2010-04-07,NG1005,1134.6,1153.3,1133.7,1152.4,1112.0,,纽约期金1005,1009.0,1152.4,1152.4
2010-04-08,NG1005,1149.6,1154.0,1144.0,1152.3,197.0,,纽约期金1005,959.0,1152.3,1152.3
2010-04-09,NG1005,1151.0,1164.6,1149.9,1161.3,876.0,,纽约期金1005,936.0,1161.3,1161.3
2010-04-12,NG1005,1167.0,1169.0,1154.6,1161.6,585.0,,纽约期金1005,1031.0,1161.6,1161.6
2010-04-13,NG1005,1155.7,1156.4,1144.9,1152.8,257.0,,纽约期金1005,827.0,1152.8,1152.8
2010-04-14,NG1005,1153.6,1161.1,1152.4,1159.0,244.0,,纽约期金1005,812.0,1159.0,1159.0
2010-04-15,NG1005,1156.4,1161.5,1150.8,1159.7,238.0,,纽约期金1005,762.0,1159.7,1159.7
2010-04-16,NG1005,1159.5,1160.6,1129.7,1136.3,404.0,,纽约期金1005,877.0,1136.3,1136.3
2010-04-19,NG1005,1136.0,1137.5,1124.2,1135.2,629.0,,纽约期金1005,793.0,1135.2,1135.2
2010-04-20,NG1005,1134.6,1146.2,1134.3,1138.6,400.0,,纽约期金1005,985.0,1138.6,1138.6
2010-04-21,NG1005,1141.4,1150.2,1137.8,1148.2,376.0,,纽约期金1005,977.0,1148.2,1148.2
2010-04-22,NG1005,1145.9,1149.2,1132.1,1142.3,630.0,,纽约期金1005,832.0,1142.3,1142.3
2010-04-23,NG1005,1141.8,1157.5,1134.9,1153.1,676.0,,纽约期金1005,818.0,1153.1,1153.1
2010-04-26,NG1005,1156.8,1160.0,1150.9,1153.5,456.0,,纽约期金1005,832.0,1153.5,1153.5
2010-04-27,NG1005,1154.0,1171.8,1146.5,1161.7,1202.0,,纽约期金1005,728.0,1161.7,1161.7
2010-04-28,NG1005,1167.8,1174.0,1161.2,1171.3,299.0,,纽约期金1005,951.0,1171.3,1171.3
2010-04-29,NG1005,1166.8,1171.2,1164.0,1168.4,166.0,,纽约期金1005,817.0,1168.4,1168.4
2010-04-30,NG1005,1170.0,1181.3,1170.0,1180.1,146.0,,纽约期金1005,802.0,1180.1,1180.1
2010-05-03,NG1005,1178.6,1187.5,1177.3,1182.7,90.0,,纽约期金1005,129.0,1182.7,1182.7
2010-05-04,NG1005,1181.0,1191.8,1168.3,1168.6,94.0,,纽约期金1005,58.0,1168.6,1168.6
2010-05-05,NG1005,1167.5,1177.2,1159.2,1174.6,98.0,,纽约期金1005,28.0,1174.6,1174.6
2010-05-06,NG1005,1175.9,1210.6,1175.9,1196.9,79.0,,纽约期金1005,41.0,1196.9,1196.9
2010-05-07,NG1005,1205.0,1210.8,1194.6,1210.0,112.0,,纽约期金1005,82.0,1210.0,1210.0
2010-05-10,NG1005,1202.0,1203.8,1189.2,1200.4,118.0,,纽约期金1005,42.0,1200.4,1200.4
2010-05-11,NG1005,1204.2,1233.5,1201.5,1219.9,201.0,,纽约期金1005,39.0,1219.9,1219.9
2010-05-12,NG1005,1230.6,1246.5,1227.1,1242.7,213.0,,纽约期金1005,104.0,1242.7,1242.7
2010-05-13,NG1005,1235.3,1240.0,1228.7,1228.8,37.0,,纽约期金1005,30.0,1228.8,1228.8
2010-05-14,NG1005,1236.2,1246.2,1217.5,1227.4,99.0,,纽约期金1005,30.0,1227.4,1227.4
2010-05-17,NG1005,1233.3,1235.9,1225.2,1227.7,49.0,,纽约期金1005,11.0,1227.7,1227.7
2010-05-18,NG1005,1214.1,1216.1,1208.2,1214.3,73.0,,纽约期金1005,12.0,1214.3,1214.3
2010-05-19,NG1005,1224.1,1226.8,1191.2,1192.6,75.0,,纽约期金1005,16.0,1192.6,1192.6
2010-05-20,NG1005,1179.5,1191.8,1179.4,1187.8,297.0,,纽约期金1005,16.0,1187.8,1187.8
2010-05-21,NG1005,1182.4,1182.4,1175.7,1175.7,177.0,,纽约期金1005,35.0,1175.7,1175.7
2010-05-24,NG1005,1184.0,1193.8,1184.0,1193.8,14.0,,纽约期金1005,11.0,1193.8,1193.8
2010-05-25,NG1005,1195.6,1200.0,1195.6,1197.8,9.0,,纽约期金1005,5.0,1197.8,1197.8
2010-05-26,NG1005,,,,1213.3,1.0,,纽约期金1005,3.0,1213.3,1213.3
