date,symbol,open,high,low,close,volume,amount,name,openinterest,settleprice,price
2011-02-28,NG1105,1413.5,1417.7,1408.7,1410.6,18.0,,纽约期金1105,,1410.6,1410.6
2011-03-01,NG1105,1415.5,1435.7,1415.5,1431.9,108.0,,纽约期金1105,12.0,1431.9,1431.9
2011-03-02,NG1105,1435.1,1439.9,1430.1,1438.4,114.0,,纽约期金1105,83.0,1438.4,1438.4
2011-03-03,NG1105,1436.7,1436.7,1412.6,1417.1,31.0,,纽约期金1105,74.0,1417.1,1417.1
2011-03-04,NG1105,1417.9,1430.5,1417.9,1429.3,28.0,,纽约期金1105,77.0,1429.3,1429.3
2011-03-07,NG1105,1438.3,1445.1,1430.2,1435.2,350.0,,纽约期金1105,82.0,1435.2,1435.2
2011-03-08,NG1105,1434.0,1436.6,1426.0,1428.0,210.0,,纽约期金1105,181.0,1428.0,1428.0
2011-03-09,NG1105,1429.0,1436.9,1426.0,1430.4,71.0,,纽约期金1105,316.0,1430.4,1430.4
2011-03-10,NG1105,1422.5,1423.2,1406.2,1413.3,228.0,,纽约期金1105,321.0,1413.3,1413.3
2011-03-11,NG1105,1417.4,1422.5,1405.4,1422.5,195.0,,纽约期金1105,269.0,1422.5,1422.5
2011-03-14,NG1105,1432.0,1432.0,1419.5,1425.6,299.0,,纽约期金1105,242.0,1425.6,1425.6
2011-03-15,NG1105,1428.7,1428.7,1384.9,1393.5,347.0,,纽约期金1105,332.0,1393.5,1393.5
2011-03-16,NG1105,1394.7,1406.0,1394.1,1396.8,173.0,,纽约期金1105,323.0,1396.8,1396.8
2011-03-17,NG1105,1393.8,1405.8,1387.6,1404.9,240.0,,纽约期金1105,344.0,1404.9,1404.9
2011-03-18,NG1105,1403.2,1424.2,1403.2,1416.8,289.0,,纽约期金1105,321.0,1416.8,1416.8
2011-03-21,NG1105,1426.0,1435.0,1426.0,1427.1,302.0,,纽约期金1105,384.0,1427.1,1427.1
2011-03-22,NG1105,1428.0,1432.3,1421.8,1428.4,208.0,,纽约期金1105,347.0,1428.4,1428.4
2011-03-23,NG1105,1429.0,1441.6,1427.1,1438.8,355.0,,纽约期金1105,398.0,1438.8,1438.8
2011-03-24,NG1105,1438.8,1448.5,1424.8,1435.7,718.0,,纽约期金1105,430.0,1435.7,1435.7
2011-03-25,NG1105,1432.3,1438.4,1423.0,1426.9,1895.0,,纽约期金1105,538.0,1426.9,1426.9
2011-03-28,NG1105,1427.4,1429.2,1411.3,1420.6,1543.0,,纽约期金1105,882.0,1420.6,1420.6
2011-03-29,NG1105,1422.0,1424.0,1412.6,1416.9,1298.0,,纽约期金1105,1053.0,1416.9,1416.9
2011-03-30,NG1105,1419.5,1430.6,1412.8,1424.3,1427.0,,纽约期金1105,1211.0,1424.3,1424.3
2011-03-31,NG1105,1423.9,1440.0,1421.1,1439.3,894.0,,纽约期金1105,1161.0,1439.3,1439.3
2011-04-01,NG1105,1433.6,1436.1,1413.2,1428.4,958.0,,纽约期金1105,1134.0,1428.4,1428.4
2011-04-04,NG1105,1429.2,1439.5,1429.2,1432.5,437.0,,纽约期金1105,1303.0,1432.5,1432.5
2011-04-05,NG1105,1436.2,1458.0,1430.9,1452.1,1463.0,,纽约期金1105,1217.0,1452.1,1452.1
2011-04-06,NG1105,1460.7,1471.2,1452.2,1458.1,1104.0,,纽约期金1105,1252.0,1458.1,1458.1
2011-04-07,NG1105,1459.8,1465.4,1453.9,1458.9,453.0,,纽约期金1105,1109.0,1458.9,1458.9
2011-04-08,NG1105,1459.4,1475.7,1457.3,1473.7,612.0,,纽约期金1105,1133.0,1473.7,1473.7
2011-04-11,NG1105,1474.8,1476.9,1460.0,1467.6,678.0,,纽约期金1105,1109.0,1467.6,1467.6
2011-04-12,NG1105,1461.4,1467.5,1444.7,1453.1,825.0,,纽约期金1105,1121.0,1453.1,1453.1
2011-04-13,NG1105,1453.7,1463.0,1451.6,1455.1,400.0,,纽约期金1105,1016.0,1455.1,1455.1
2011-04-14,NG1105,1457.0,1475.0,1454.0,1471.9,674.0,,纽约期金1105,1085.0,1471.9,1471.9
2011-04-15,NG1105,1475.4,1488.1,1472.0,1485.5,497.0,,纽约期金1105,1007.0,1485.5,1485.5
2011-04-18,NG1105,1487.1,1497.9,1478.0,1492.4,1453.0,,纽约期金1105,943.0,1492.4,1492.4
2011-04-19,NG1105,1495.0,1499.2,1488.0,1494.6,408.0,,纽约期金1105,850.0,1494.6,1494.6
2011-04-20,NG1105,1494.5,1506.0,1494.5,1498.5,562.0,,纽约期金1105,810.0,1498.5,1498.5
2011-04-21,NG1105,1503.7,1509.0,1500.9,1503.4,673.0,,纽约期金1105,813.0,1503.4,1503.4
2011-04-25,NG1105,1506.0,1518.3,1502.0,1508.7,475.0,,纽约期金1105,713.0,1508.7,1508.7
2011-04-26,NG1105,1508.1,1508.1,1492.0,1503.0,558.0,,纽约期金1105,590.0,1503.0,1503.0
2011-04-27,NG1105,1506.0,1529.5,1502.9,1516.6,460.0,,纽约期金1105,501.0,1516.6,1516.6
2011-04-28,NG1105,1528.6,1536.0,1526.6,1530.8,425.0,,纽约期金1105,457.0,1530.8,1530.8
2011-04-29,NG1105,1538.7,1568.7,1537.3,1556.0,124.0,,纽约期金1105,202.0,1556.0,1556.0
2011-05-02,NG1105,1572.9,1576.6,1543.1,1556.7,200.0,,纽约期金1105,117.0,1556.7,1556.7
2011-05-03,NG1105,1542.5,1547.0,1527.5,1540.1,246.0,,纽约期金1105,116.0,1540.1,1540.1
2011-05-04,NG1105,1535.0,1539.0,1506.2,1514.9,272.0,,纽约期金1105,162.0,1514.9,1514.9
2011-05-05,NG1105,1514.7,1520.7,1471.0,1480.9,133.0,,纽约期金1105,178.0,1480.9,1480.9
2011-05-06,NG1105,1473.2,1494.8,1472.3,1491.2,144.0,,纽约期金1105,174.0,1491.2,1491.2
2011-05-09,NG1105,1501.5,1512.8,1501.3,1502.9,44.0,,纽约期金1105,127.0,1502.9,1502.9
2011-05-10,NG1105,1508.4,1516.9,1508.4,1516.6,13.0,,纽约期金1105,61.0,1516.6,1516.6
2011-05-11,NG1105,1524.0,1524.1,1495.2,1501.1,30.0,,纽约期金1105,42.0,1501.1,1501.1
2011-05-12,NG1105,1492.1,1506.6,1484.8,1506.6,11.0,,纽约期金1105,42.0,1506.6,1506.6
2011-05-13,NG1105,1503.5,1511.3,1490.2,1493.4,16.0,,纽约期金1105,37.0,1493.4,1493.4
2011-05-16,NG1105,1489.3,1494.9,1489.3,1490.4,10.0,,纽约期金1105,36.0,1490.4,1490.4
2011-05-17,NG1105,1489.8,1491.8,1473.0,1479.8,41.0,,纽约期金1105,24.0,1479.8,1479.8
2011-05-18,NG1105,1496.4,1497.0,1495.6,1495.6,82.0,,纽约期金1105,26.0,1495.6,1495.6
2011-05-19,NG1105,1491.5,1492.2,1491.5,1492.2,1.0,,纽约期金1105,104.0,1492.2,1492.2
2011-05-20,NG1105,1499.0,1513.3,1488.7,1508.8,93.0,,纽约期金1105,58.0,1508.8,1508.8
2011-05-23,NG1105,1510.5,1515.3,1507.0,1515.3,42.0,,纽约期金1105,71.0,1515.3,1515.3
2011-05-24,NG1105,1527.1,1527.1,1521.9,1523.2,4.0,,纽约期金1105,38.0,1523.2,1523.2
2011-05-25,NG1105,1526.4,1527.5,1526.1,1526.6,10.0,,纽约期金1105,10.0,1526.6,1526.6
2011-05-26,NG1105,1521.2,1522.8,1519.5,1522.8,50.0,,纽约期金1105,7.0,1522.8,1522.8
