date,symbol,open,high,low,close,volume,amount,name,openinterest,settleprice,price
2011-10-31,NG1201,1740.0,1765.0,1700.5,1722.9,706.0,,纽约期金1201,,1726.2,1722.9
2011-11-01,NG1201,1724.8,1725.1,1682.5,1708.5,26.0,,纽约期金1201,,1712.8,1708.5
2011-11-02,NG1201,1733.3,1743.7,1723.3,1731.0,14.0,,纽约期金1201,3.0,1730.6,1731.0
2011-11-03,NG1201,1726.2,1768.3,1726.2,1767.2,47.0,,纽约期金1201,6.0,1766.1,1767.2
2011-11-04,NG1201,1762.1,1762.1,1755.9,1758.0,16.0,,纽约期金1201,8.0,1757.1,1758.0
2011-11-07,NG1201,1758.8,1800.0,1758.8,1800.0,36.0,,纽约期金1201,8.0,1792.2,1800.0
2011-11-08,NG1201,1794.3,1804.0,1780.2,1785.6,52.0,,纽约期金1201,21.0,1800.3,1785.6
2011-11-09,NG1201,1794.9,1800.0,1766.8,1772.2,36.0,,纽约期金1201,36.0,1792.7,1772.2
2011-11-10,NG1201,1775.0,1776.2,1738.5,1760.2,188.0,,纽约期金1201,36.0,1760.7,1760.2
2011-11-11,NG1201,1760.6,1790.6,1757.4,1789.5,84.0,,纽约期金1201,49.0,1789.2,1789.5
2011-11-14,NG1201,1795.4,1796.3,1777.3,1782.5,38.0,,纽约期金1201,64.0,1779.6,1782.5
2011-11-15,NG1201,1783.0,1788.5,1764.0,1783.3,113.0,,纽约期金1201,64.0,1783.5,1783.3
2011-11-16,NG1201,1783.8,1783.8,1757.1,1763.0,269.0,,纽约期金1201,77.0,1775.9,1763.0
2011-11-17,NG1201,1761.3,1769.4,1713.0,1721.2,302.0,,纽约期金1201,147.0,1722.0,1721.2
2011-11-18,NG1201,1725.0,1739.5,1716.6,1726.6,290.0,,纽约期金1201,259.0,1727.0,1726.6
2011-11-21,NG1201,1718.7,1723.4,1670.6,1685.0,230.0,,纽约期金1201,281.0,1680.5,1685.0
2011-11-22,NG1201,1680.5,1707.9,1677.5,1702.9,460.0,,纽约期金1201,303.0,1704.5,1702.9
2011-11-23,NG1201,1703.2,1712.4,1680.0,1695.9,556.0,,纽约期金1201,562.0,1697.7,1695.9
2011-11-25,NG1201,1691.0,1704.0,1675.1,1684.6,554.0,,纽约期金1201,383.0,1687.3,1684.6
2011-11-28,NG1201,1693.1,1722.0,1693.1,1714.3,791.0,,纽约期金1201,470.0,1713.0,1714.3
2011-11-29,NG1201,1713.2,1721.3,1706.9,1716.6,966.0,,纽约期金1201,629.0,1716.5,1716.6
2011-11-30,NG1201,1718.1,1752.0,1703.0,1750.6,1256.0,,纽约期金1201,800.0,1747.9,1750.6
2011-12-01,NG1201,1749.6,1755.4,1735.5,1746.2,694.0,,纽约期金1201,821.0,1737.4,1746.2
2011-12-02,NG1201,1746.6,1762.7,1740.1,1746.5,474.0,,纽约期金1201,826.0,1749.0,1746.5
2011-12-05,NG1201,1751.7,1756.2,1720.0,1724.6,1131.0,,纽约期金1201,838.0,1732.3,1724.6
2011-12-06,NG1201,1724.5,1734.9,1704.7,1730.4,698.0,,纽约期金1201,717.0,1729.6,1730.4
2011-12-07,NG1201,1730.3,1744.2,1722.1,1743.9,361.0,,纽约期金1201,643.0,1742.7,1743.9
2011-12-08,NG1201,1744.0,1757.6,1707.1,1708.2,1133.0,,纽约期金1201,642.0,1711.7,1708.2
2011-12-09,NG1201,1708.3,1725.8,1705.1,1712.9,486.0,,纽约期金1201,649.0,1714.9,1712.9
2011-12-12,NG1201,1715.3,1716.1,1659.1,1666.3,817.0,,纽约期金1201,661.0,1666.3,1666.3
2011-12-13,NG1201,1666.9,1678.1,1627.6,1661.6,909.0,,纽约期金1201,663.0,1661.6,1661.6
2011-12-14,NG1201,1627.9,1642.6,1565.1,1585.8,1905.0,,纽约期金1201,894.0,1585.8,1585.8
2011-12-15,NG1201,1581.4,1595.0,1561.5,1575.9,1234.0,,纽约期金1201,1061.0,1575.9,1575.9
2011-12-16,NG1201,1573.4,1602.3,1572.4,1596.6,752.0,,纽约期金1201,1019.0,1596.6,1596.6
2011-12-19,NG1201,1598.3,1608.4,1584.0,1595.2,464.0,,纽约期金1201,1030.0,1595.2,1595.2
2011-12-20,NG1201,1594.5,1618.9,1593.8,1616.1,656.0,,纽约期金1201,1046.0,1616.1,1616.1
2011-12-21,NG1201,1620.0,1642.1,1607.4,1612.4,1033.0,,纽约期金1201,1101.0,1612.4,1612.4
2011-12-22,NG1201,1612.4,1616.9,1599.2,1609.4,1067.0,,纽约期金1201,1212.0,1609.4,1609.4
2011-12-23,NG1201,1609.0,1614.1,1603.3,1605.0,324.0,,纽约期金1201,1319.0,1605.0,1605.0
2011-12-27,NG1201,1605.2,1605.7,1590.2,1594.4,508.0,,纽约期金1201,1273.0,1594.4,1594.4
2011-12-28,NG1201,1592.3,1592.5,1553.0,1563.0,763.0,,纽约期金1201,1292.0,1563.0,1563.0
2011-12-29,NG1201,1559.3,1559.3,1525.0,1539.9,866.0,,纽约期金1201,1038.0,1539.9,1539.9
2011-12-30,NG1201,1549.4,1579.5,1547.9,1565.8,289.0,,纽约期金1201,981.0,1565.8,1565.8
2012-01-03,NG1201,1568.9,1604.3,1566.0,1599.7,229.0,,纽约期金1201,126.0,1599.7,1599.7
2012-01-04,NG1201,1596.6,1618.6,1594.5,1611.9,172.0,,纽约期金1201,39.0,1611.9,1611.9
2012-01-05,NG1201,1610.8,1624.1,1597.8,1619.4,362.0,,纽约期金1201,54.0,1619.4,1619.4
2012-01-06,NG1201,1622.5,1627.8,1616.1,1616.1,20.0,,纽约期金1201,49.0,1616.1,1616.1
2012-01-09,NG1201,1614.3,1620.1,1607.5,1607.5,8.0,,纽约期金1201,23.0,1607.5,1607.5
2012-01-10,NG1201,1619.9,1639.0,1619.9,1631.0,47.0,,纽约期金1201,16.0,1631.0,1631.0
2012-01-11,NG1201,1634.8,1645.4,1633.8,1639.2,65.0,,纽约期金1201,30.0,1639.2,1639.2
2012-01-12,NG1201,1645.2,1656.1,1645.2,1647.3,84.0,,纽约期金1201,30.0,1647.3,1647.3
2012-01-13,NG1201,1638.9,1643.4,1630.4,1630.4,368.0,,纽约期金1201,35.0,1630.4,1630.4
2012-01-17,NG1201,,,,1655.2,16.0,,纽约期金1201,71.0,1655.2,1655.2
2012-01-18,NG1201,1654.0,1660.3,1654.0,1659.5,11.0,,纽约期金1201,31.0,1659.5,1659.5
2012-01-19,NG1201,1663.0,1664.4,1653.5,1654.1,58.0,,纽约期金1201,16.0,1654.1,1654.1
2012-01-20,NG1201,1652.8,1664.3,1652.8,1663.7,8.0,,纽约期金1201,53.0,1663.7,1663.7
2012-01-23,NG1201,1676.9,1680.0,1669.9,1678.0,10.0,,纽约期金1201,42.0,1678.0,1678.0
2012-01-24,NG1201,1666.9,1668.2,1664.2,1664.2,5.0,,纽约期金1201,14.0,1664.2,1664.2
2012-01-25,NG1201,1673.0,1706.2,1658.3,1699.8,239.0,,纽约期金1201,11.0,1699.8,1699.8
2012-01-26,NG1201,1729.0,1729.0,1721.0,1726.3,16.0,,纽约期金1201,62.0,1726.3,1726.3
2012-01-27,NG1201,1727.0,1734.1,1724.4,1731.8,10.0,,纽约期金1201,6.0,1731.8,1731.8
