date,symbol,open,high,low,close,volume,amount,name,openinterest,settleprice,price
2012-04-30,NG1207,1665.2,1665.9,1654.5,1665.3,8.0,,纽约期金1207,,1665.3,1665.3
2012-05-01,NG1207,,,,1663.5,,,纽约期金1207,,1663.5,1663.5
2012-05-02,NG1207,1658.0,1658.0,1653.4,1655.1,13.0,,纽约期金1207,,1655.1,1655.1
2012-05-03,NG1207,1650.0,1650.0,1633.9,1635.9,23.0,,纽约期金1207,13.0,1635.9,1635.9
2012-05-04,NG1207,1636.7,1646.3,1630.2,1646.3,34.0,,纽约期金1207,20.0,1646.3,1646.3
2012-05-07,NG1207,1637.9,1640.6,1637.9,1640.2,9.0,,纽约期金1207,22.0,1640.2,1640.2
2012-05-08,NG1207,1631.6,1631.6,1598.2,1605.6,105.0,,纽约期金1207,23.0,1605.6,1605.6
2012-05-09,NG1207,1603.8,1603.8,1583.5,1595.3,155.0,,纽约期金1207,55.0,1595.3,1595.3
2012-05-10,NG1207,1595.0,1601.2,1591.5,1596.6,111.0,,纽约期金1207,102.0,1596.6,1596.6
2012-05-11,NG1207,1595.9,1595.9,1574.0,1585.1,54.0,,纽约期金1207,161.0,1585.1,1585.1
2012-05-14,NG1207,1579.9,1582.5,1557.3,1562.1,133.0,,纽约期金1207,159.0,1562.1,1562.1
2012-05-15,NG1207,1558.3,1564.5,1544.2,1558.2,344.0,,纽约期金1207,175.0,1558.2,1558.2
2012-05-16,NG1207,1545.9,1550.8,1528.2,1537.6,548.0,,纽约期金1207,349.0,1537.6,1537.6
2012-05-17,NG1207,1541.4,1580.5,1541.4,1575.9,349.0,,纽约期金1207,433.0,1575.9,1575.9
2012-05-18,NG1207,1575.6,1598.2,1570.5,1593.0,317.0,,纽约期金1207,429.0,1593.0,1593.0
2012-05-21,NG1207,1591.2,1599.8,1586.0,1589.8,130.0,,纽约期金1207,474.0,1589.8,1589.8
2012-05-22,NG1207,1595.2,1595.2,1562.5,1577.6,224.0,,纽约期金1207,480.0,1577.6,1577.6
2012-05-23,NG1207,1564.6,1564.6,1535.3,1549.4,440.0,,纽约期金1207,578.0,1549.4,1549.4
2012-05-24,NG1207,1562.0,1577.3,1552.8,1558.6,496.0,,纽约期金1207,540.0,1558.6,1558.6
2012-05-25,NG1207,1557.5,1574.1,1552.2,1570.0,315.0,,纽约期金1207,633.0,1570.0,1570.0
2012-05-29,NG1207,1574.9,1584.5,1549.1,1549.9,2134.0,,纽约期金1207,632.0,1549.9,1549.9
2012-05-30,NG1207,1554.6,1569.1,1531.9,1564.6,1819.0,,纽约期金1207,1033.0,1564.6,1564.6
2012-05-31,NG1207,1564.0,1573.5,1553.2,1563.3,779.0,,纽约期金1207,1088.0,1563.3,1563.3
2012-06-01,NG1207,1560.2,1630.0,1546.6,1621.4,1282.0,,纽约期金1207,1065.0,1621.4,1621.4
2012-06-04,NG1207,1622.3,1628.5,1608.9,1612.9,794.0,,纽约期金1207,1239.0,1612.9,1612.9
2012-06-05,NG1207,1619.5,1623.2,1612.9,1615.9,624.0,,纽约期金1207,1361.0,1615.9,1615.9
2012-06-06,NG1207,1619.2,1641.1,1613.6,1633.4,944.0,,纽约期金1207,1253.0,1633.4,1633.4
2012-06-07,NG1207,1621.9,1629.8,1580.5,1587.1,1414.0,,纽约期金1207,1287.0,1587.1,1587.1
2012-06-08,NG1207,1590.8,1595.0,1555.7,1590.4,812.0,,纽约期金1207,1248.0,1590.4,1590.4
2012-06-11,NG1207,1599.0,1608.4,1583.1,1595.9,404.0,,纽约期金1207,1275.0,1595.9,1595.9
2012-06-12,NG1207,1594.1,1617.4,1585.8,1612.9,600.0,,纽约期金1207,1231.0,1612.9,1612.9
2012-06-13,NG1207,1609.0,1624.9,1606.5,1618.5,644.0,,纽约期金1207,1208.0,1618.5,1618.5
2012-06-14,NG1207,1617.6,1627.9,1611.3,1618.6,581.0,,纽约期金1207,1254.0,1618.6,1618.6
2012-06-15,NG1207,1622.2,1634.2,1620.4,1627.2,483.0,,纽约期金1207,1251.0,1627.2,1627.2
2012-06-18,NG1207,1626.2,1629.9,1601.0,1626.0,544.0,,纽约期金1207,1162.0,1626.0,1626.0
2012-06-19,NG1207,1627.0,1632.6,1618.1,1622.3,346.0,,纽约期金1207,1144.0,1622.3,1622.3
2012-06-20,NG1207,1618.1,1621.3,1590.5,1614.9,1001.0,,纽约期金1207,1272.0,1614.9,1614.9
2012-06-21,NG1207,1605.0,1605.3,1564.5,1564.6,605.0,,纽约期金1207,1137.0,1564.6,1564.6
2012-06-22,NG1207,1566.6,1572.8,1559.1,1566.1,410.0,,纽约期金1207,1211.0,1566.1,1566.1
2012-06-25,NG1207,1572.4,1587.6,1566.3,1587.6,775.0,,纽约期金1207,1210.0,1587.6,1587.6
2012-06-26,NG1207,1585.1,1585.1,1568.1,1574.0,817.0,,纽约期金1207,1027.0,1574.0,1574.0
2012-06-27,NG1207,1571.4,1581.0,1563.5,1577.6,220.0,,纽约期金1207,887.0,1577.6,1577.6
2012-06-28,NG1207,1573.7,1573.7,1548.4,1549.7,133.0,,纽约期金1207,735.0,1549.7,1549.7
2012-06-29,NG1207,1562.6,1603.5,1561.9,1603.5,61.0,,纽约期金1207,694.0,1603.5,1603.5
2012-07-02,NG1207,1597.1,1598.3,1589.7,1597.2,35.0,,纽约期金1207,67.0,1597.2,1597.2
2012-07-03,NG1207,1603.8,1624.0,1603.8,1621.0,44.0,,纽约期金1207,42.0,1621.3,1621.0
2012-07-05,NG1207,1618.5,1619.2,1598.0,1608.9,27.0,,纽约期金1207,36.0,1608.9,1608.9
2012-07-06,NG1207,1592.3,1593.8,1578.4,1578.4,15.0,,纽约期金1207,22.0,1578.4,1578.4
2012-07-09,NG1207,1582.1,1588.6,1580.9,1588.6,5.0,,纽约期金1207,24.0,1588.6,1588.6
2012-07-10,NG1207,1599.2,1599.8,1567.6,1579.3,12.0,,纽约期金1207,19.0,1579.3,1579.3
2012-07-11,NG1207,1577.4,1579.5,1575.2,1575.2,12.0,,纽约期金1207,21.0,1575.2,1575.2
2012-07-12,NG1207,1569.3,1574.7,1557.2,1564.9,44.0,,纽约期金1207,19.0,1564.9,1564.9
2012-07-13,NG1207,1567.8,1594.1,1567.8,1591.6,26.0,,纽约期金1207,24.0,1591.6,1591.6
2012-07-16,NG1207,1586.2,1591.2,1585.8,1591.2,7.0,,纽约期金1207,25.0,1591.2,1591.2
2012-07-17,NG1207,1596.0,1596.0,1576.3,1589.1,27.0,,纽约期金1207,25.0,1589.1,1589.1
2012-07-18,NG1207,1581.2,1583.7,1569.9,1570.4,30.0,,纽约期金1207,24.0,1570.4,1570.4
2012-07-19,NG1207,1580.0,1586.9,1578.4,1580.1,60.0,,纽约期金1207,17.0,1580.1,1580.1
2012-07-20,NG1207,1583.9,1584.4,1576.1,1582.5,5.0,,纽约期金1207,9.0,1582.5,1582.5
2012-07-23,NG1207,1571.7,1577.1,1569.8,1577.1,4.0,,纽约期金1207,7.0,1577.1,1577.1
2012-07-24,NG1207,1574.0,1581.9,1574.0,1576.0,9.0,,纽约期金1207,7.0,1576.0,1576.0
2012-07-25,NG1207,1583.7,1608.0,1583.3,1608.0,12.0,,纽约期金1207,11.0,1608.0,1608.0
2012-07-26,NG1207,1614.9,1615.0,1614.1,1615.0,7.0,,纽约期金1207,10.0,1615.0,1615.0
2012-07-27,NG1207,1613.4,1617.9,1613.4,1617.9,62.0,,纽约期金1207,7.0,1617.9,1617.9
