date,symbol,open,high,low,close,volume,amount,name,openinterest,settleprice,price
2013-06-28,NG1309,1201.5,1235.3,1183.9,1224.2,82.0,,纽约期金1309,0.0,1224.2,1224.2
2013-07-01,NG1309,1235.3,1260.1,1225.0,1256.3,97.0,,纽约期金1309,31.0,1256.3,1256.3
2013-07-02,NG1309,1264.7,1264.7,1241.2,1244.0,20.0,,纽约期金1309,70.0,1244.0,1244.0
2013-07-03,NG1309,1246.8,1258.0,1244.0,1252.5,42.0,,纽约期金1309,72.0,1252.5,1252.5
2013-07-05,NG1309,1255.0,1255.0,1208.7,1213.3,322.0,,纽约期金1309,73.0,1213.3,1213.3
2013-07-08,NG1309,1222.1,1236.7,1216.3,1235.5,142.0,,纽约期金1309,128.0,1235.5,1235.5
2013-07-09,NG1309,1236.0,1259.0,1232.9,1246.5,159.0,,纽约期金1309,97.0,1246.5,1246.5
2013-07-10,NG1309,1248.4,1263.0,1244.4,1248.0,132.0,,纽约期金1309,112.0,1248.0,1248.0
2013-07-11,NG1309,1277.7,1297.0,1275.0,1280.4,199.0,,纽约期金1309,100.0,1280.4,1280.4
2013-07-12,NG1309,1286.2,1286.2,1268.1,1278.1,74.0,,纽约期金1309,136.0,1278.1,1278.1
2013-07-15,NG1309,1292.8,1293.3,1275.0,1284.0,75.0,,纽约期金1309,112.0,1284.0,1284.0
2013-07-16,NG1309,1279.4,1294.5,1277.9,1290.8,45.0,,纽约期金1309,132.0,1290.8,1290.8
2013-07-17,NG1309,1290.9,1298.3,1272.1,1277.8,238.0,,纽约期金1309,127.0,1277.8,1277.8
2013-07-18,NG1309,1274.6,1287.1,1274.6,1284.5,93.0,,纽约期金1309,139.0,1284.5,1284.5
2013-07-19,NG1309,1283.8,1296.2,1283.8,1293.2,119.0,,纽约期金1309,143.0,1293.2,1293.2
2013-07-22,NG1309,1297.4,1337.5,1297.4,1336.4,362.0,,纽约期金1309,156.0,1336.4,1336.4
2013-07-23,NG1309,1335.4,1347.4,1327.0,1334.9,572.0,,纽约期金1309,184.0,1334.9,1334.9
2013-07-24,NG1309,1344.8,1346.0,1314.0,1319.7,684.0,,纽约期金1309,230.0,1319.7,1319.7
2013-07-25,NG1309,1318.3,1337.2,1309.4,1329.0,694.0,,纽约期金1309,267.0,1329.0,1329.0
2013-07-26,NG1309,1334.7,1340.4,1312.0,1321.4,1293.0,,纽约期金1309,338.0,1321.4,1321.4
2013-07-29,NG1309,1333.6,1338.1,1323.7,1328.8,1343.0,,纽约期金1309,537.0,1328.8,1328.8
2013-07-30,NG1309,1324.0,1329.1,1317.0,1324.3,1041.0,,纽约期金1309,505.0,1324.3,1324.3
2013-07-31,NG1309,1327.4,1337.0,1305.1,1312.4,1588.0,,纽约期金1309,516.0,1312.4,1312.4
2013-08-01,NG1309,1325.4,1330.0,1307.0,1310.7,901.0,,纽约期金1309,525.0,1310.7,1310.7
2013-08-02,NG1309,1308.1,1317.8,1282.5,1310.2,1716.0,,纽约期金1309,522.0,1310.2,1310.2
2013-08-05,NG1309,1311.8,1319.2,1296.9,1302.1,1141.0,,纽约期金1309,524.0,1302.1,1302.1
2013-08-06,NG1309,1302.1,1305.5,1278.4,1282.5,1418.0,,纽约期金1309,636.0,1282.5,1282.5
2013-08-07,NG1309,1282.4,1288.1,1272.8,1285.4,684.0,,纽约期金1309,618.0,1285.4,1285.4
2013-08-08,NG1309,1283.2,1313.7,1283.0,1310.1,845.0,,纽约期金1309,677.0,1310.1,1310.1
2013-08-09,NG1309,1312.0,1315.5,1305.0,1312.5,615.0,,纽约期金1309,619.0,1312.5,1312.5
2013-08-12,NG1309,1316.5,1344.0,1316.5,1334.9,663.0,,纽约期金1309,503.0,1334.9,1334.9
2013-08-13,NG1309,1337.1,1340.6,1318.7,1321.3,490.0,,纽约期金1309,576.0,1321.3,1321.3
2013-08-14,NG1309,1321.7,1336.0,1315.9,1334.1,471.0,,纽约期金1309,540.0,1334.1,1334.1
2013-08-15,NG1309,1336.5,1369.6,1319.4,1361.1,1118.0,,纽约期金1309,468.0,1361.1,1361.1
2013-08-16,NG1309,1365.0,1379.3,1357.7,1371.2,732.0,,纽约期金1309,476.0,1371.2,1371.2
2013-08-19,NG1309,1379.5,1383.6,1362.3,1365.6,504.0,,纽约期金1309,409.0,1365.6,1365.6
2013-08-20,NG1309,1365.1,1376.7,1354.0,1372.5,470.0,,纽约期金1309,389.0,1372.5,1372.5
2013-08-21,NG1309,1368.4,1377.8,1360.0,1370.0,326.0,,纽约期金1309,418.0,1370.0,1370.0
2013-08-22,NG1309,1360.0,1380.4,1355.6,1370.5,241.0,,纽约期金1309,404.0,1370.5,1370.5
2013-08-23,NG1309,1378.3,1398.5,1367.6,1395.0,850.0,,纽约期金1309,400.0,1395.0,1395.0
2013-08-26,NG1309,1396.6,1406.2,1388.3,1392.6,536.0,,纽约期金1309,496.0,1392.6,1392.6
2013-08-27,NG1309,1403.8,1423.0,1396.4,1419.9,1626.0,,纽约期金1309,458.0,1419.9,1419.9
2013-08-28,NG1309,1417.4,1432.5,1414.0,1418.6,489.0,,纽约期金1309,407.0,1418.6,1418.6
2013-08-29,NG1309,1417.4,1417.4,1404.5,1412.9,375.0,,纽约期金1309,304.0,1412.9,1412.9
2013-08-30,NG1309,1407.2,1409.8,1392.3,1396.1,103.0,,纽约期金1309,209.0,1396.1,1396.1
2013-09-03,NG1309,1393.0,1414.4,1382.3,1412.0,139.0,,纽约期金1309,208.0,1412.0,1412.0
2013-09-04,NG1309,1413.0,1413.0,1387.1,1389.9,104.0,,纽约期金1309,222.0,1389.9,1389.9
2013-09-05,NG1309,1393.5,1397.5,1367.1,1373.1,37.0,,纽约期金1309,176.0,1373.1,1373.1
2013-09-06,NG1309,1371.0,1390.1,1368.9,1386.7,52.0,,纽约期金1309,170.0,1386.7,1386.7
2013-09-09,NG1309,1389.8,1389.8,1386.5,1386.8,44.0,,纽约期金1309,151.0,1386.8,1386.8
2013-09-10,NG1309,1377.5,1377.5,1357.6,1364.1,21.0,,纽约期金1309,105.0,1364.1,1364.1
2013-09-11,NG1309,1365.8,1365.8,1356.7,1363.9,60.0,,纽约期金1309,93.0,1363.9,1363.9
2013-09-12,NG1309,1360.0,1360.0,1322.4,1330.4,120.0,,纽约期金1309,93.0,1330.4,1330.4
2013-09-13,NG1309,1322.9,1323.0,1305.3,1308.4,38.0,,纽约期金1309,147.0,1308.4,1308.4
2013-09-16,NG1309,1328.4,1329.6,1310.8,1317.9,107.0,,纽约期金1309,139.0,1317.9,1317.9
2013-09-17,NG1309,1313.0,1313.1,1309.5,1309.5,24.0,,纽约期金1309,136.0,1309.5,1309.5
2013-09-18,NG1309,1292.1,1347.7,1292.1,1307.8,29.0,,纽约期金1309,129.0,1307.8,1307.8
2013-09-19,NG1309,1362.9,1373.0,1362.9,1369.4,35.0,,纽约期金1309,139.0,1369.4,1369.4
2013-09-20,NG1309,1347.5,1347.5,1330.7,1332.5,2.0,,纽约期金1309,152.0,1332.5,1332.5
2013-09-23,NG1309,1327.1,1327.8,1317.6,1326.9,78.0,,纽约期金1309,84.0,1326.9,1326.9
2013-09-24,NG1309,1321.2,1324.9,1309.4,1316.0,61.0,,纽约期金1309,94.0,1316.0,1316.0
2013-09-25,NG1309,1322.7,1335.9,1322.7,1335.9,51.0,,纽约期金1309,61.0,1335.9,1335.9
2013-09-26,NG1309,1335.2,1338.3,1323.6,1323.6,5.0,,纽约期金1309,62.0,1323.6,1323.6
