date,symbol,open,high,low,close,volume,amount,name,openinterest,settleprice,price
2013-02-28,NG1305,1592.8,1602.4,1575.0,1578.9,48.0,,纽约期金1305,,1578.9,1578.9
2013-03-01,NG1305,1578.9,1584.2,1569.5,1573.1,136.0,,纽约期金1305,28.0,1573.1,1573.1
2013-03-04,NG1305,1579.3,1579.4,1573.3,1573.3,54.0,,纽约期金1305,54.0,1573.3,1573.3
2013-03-05,NG1305,1581.3,1583.3,1574.2,1575.8,104.0,,纽约期金1305,53.0,1575.8,1575.8
2013-03-06,NG1305,1570.9,1585.0,1568.3,1575.8,15.0,,纽约期金1305,126.0,1575.8,1575.8
2013-03-07,NG1305,1585.2,1585.2,1575.9,1576.1,47.0,,纽约期金1305,126.0,1576.1,1576.1
2013-03-08,NG1305,1582.0,1582.0,1562.0,1577.9,177.0,,纽约期金1305,129.0,1577.9,1577.9
2013-03-11,NG1305,1579.7,1580.5,1577.1,1579.0,11.0,,纽约期金1305,162.0,1579.0,1579.0
2013-03-12,NG1305,1583.6,1597.9,1583.2,1592.7,98.0,,纽约期金1305,157.0,1592.7,1592.7
2013-03-13,NG1305,1592.6,1597.9,1585.2,1589.4,150.0,,纽约期金1305,173.0,1589.4,1589.4
2013-03-14,NG1305,1589.3,1591.8,1578.0,1591.7,68.0,,纽约期金1305,205.0,1591.7,1591.7
2013-03-15,NG1305,1590.6,1598.0,1590.6,1593.6,47.0,,纽约期金1305,191.0,1593.6,1593.6
2013-03-18,NG1305,1602.7,1609.5,1593.9,1605.5,128.0,,纽约期金1305,199.0,1605.5,1605.5
2013-03-19,NG1305,1605.1,1615.2,1600.9,1612.2,826.0,,纽约期金1305,226.0,1612.2,1612.2
2013-03-20,NG1305,1613.7,1613.7,1602.0,1608.4,137.0,,纽约期金1305,258.0,1608.4,1608.4
2013-03-21,NG1305,1607.7,1616.1,1607.3,1614.7,139.0,,纽约期金1305,215.0,1614.7,1614.7
2013-03-22,NG1305,1615.0,1615.5,1604.0,1607.0,324.0,,纽约期金1305,240.0,1607.0,1607.0
2013-03-25,NG1305,1610.3,1613.1,1590.0,1605.4,892.0,,纽约期金1305,351.0,1605.4,1605.4
2013-03-26,NG1305,1604.0,1604.2,1594.8,1596.4,645.0,,纽约期金1305,524.0,1596.4,1596.4
2013-03-27,NG1305,1599.3,1608.0,1591.4,1606.6,635.0,,纽约期金1305,507.0,1606.6,1606.6
2013-03-28,NG1305,1606.0,1606.3,1594.2,1595.2,513.0,,纽约期金1305,609.0,1595.2,1595.2
2013-04-01,NG1305,1598.0,1601.0,1594.7,1600.4,167.0,,纽约期金1305,683.0,1600.4,1600.4
2013-04-02,NG1305,1600.7,1603.3,1574.1,1575.5,521.0,,纽约期金1305,658.0,1575.5,1575.5
2013-04-03,NG1305,1576.0,1576.4,1549.4,1553.1,566.0,,纽约期金1305,750.0,1553.1,1553.1
2013-04-04,NG1305,1556.8,1559.0,1540.1,1552.0,765.0,,纽约期金1305,779.0,1552.0,1552.0
2013-04-05,NG1305,1553.3,1581.1,1549.3,1575.5,1058.0,,纽约期金1305,760.0,1575.5,1575.5
2013-04-08,NG1305,1581.0,1582.2,1566.8,1572.1,431.0,,纽约期金1305,681.0,1572.1,1572.1
2013-04-09,NG1305,1571.0,1589.7,1570.2,1586.3,412.0,,纽约期金1305,645.0,1586.3,1586.3
2013-04-10,NG1305,1585.4,1586.8,1556.3,1558.4,770.0,,纽约期金1305,666.0,1558.4,1558.4
2013-04-11,NG1305,1556.9,1566.6,1553.1,1564.5,332.0,,纽约期金1305,447.0,1564.5,1564.5
2013-04-12,NG1305,1560.0,1563.0,1475.7,1501.0,1850.0,,纽约期金1305,431.0,1501.0,1501.0
2013-04-15,NG1305,1480.6,1494.6,1335.0,1360.6,6832.0,,纽约期金1305,940.0,1360.6,1360.6
2013-04-16,NG1305,1356.7,1402.9,1322.1,1386.8,3391.0,,纽约期金1305,1341.0,1386.8,1386.8
2013-04-17,NG1305,1371.0,1394.1,1365.6,1382.2,1011.0,,纽约期金1305,1381.0,1382.2,1382.2
2013-04-18,NG1305,1375.9,1401.3,1337.0,1392.0,932.0,,纽约期金1305,1429.0,1392.0,1392.0
2013-04-19,NG1305,1393.8,1424.0,1386.1,1395.3,1328.0,,纽约期金1305,1439.0,1395.3,1395.3
2013-04-22,NG1305,1408.0,1436.0,1404.7,1421.0,665.0,,纽约期金1305,1505.0,1421.0,1421.0
2013-04-23,NG1305,1420.0,1431.2,1405.0,1408.7,607.0,,纽约期金1305,1402.0,1408.7,1408.7
2013-04-24,NG1305,1416.4,1431.4,1416.1,1423.5,396.0,,纽约期金1305,1471.0,1423.5,1423.5
2013-04-25,NG1305,1430.6,1467.7,1427.5,1461.8,888.0,,纽约期金1305,1422.0,1461.8,1461.8
2013-04-26,NG1305,1466.0,1483.9,1448.0,1453.6,976.0,,纽约期金1305,1448.0,1453.6,1453.6
2013-04-29,NG1305,1462.7,1475.5,1462.3,1467.4,269.0,,纽约期金1305,1514.0,1467.4,1467.4
2013-04-30,NG1305,1471.1,1476.6,1461.0,1472.2,534.0,,纽约期金1305,1435.0,1472.2,1472.2
2013-05-01,NG1305,1475.8,1477.1,1440.0,1446.3,131.0,,纽约期金1305,564.0,1446.3,1446.3
2013-05-02,NG1305,1459.0,1471.2,1453.5,1467.7,244.0,,纽约期金1305,172.0,1467.7,1467.7
2013-05-03,NG1305,1465.5,1487.1,1461.4,1464.3,68.0,,纽约期金1305,215.0,1464.3,1464.3
2013-05-06,NG1305,1468.1,1477.2,1466.8,1468.1,33.0,,纽约期金1305,134.0,1468.1,1468.1
2013-05-07,NG1305,1462.0,1466.2,1441.2,1449.0,91.0,,纽约期金1305,127.0,1449.0,1449.0
2013-05-08,NG1305,1455.5,1474.7,1450.7,1473.9,81.0,,纽约期金1305,148.0,1473.9,1473.9
2013-05-09,NG1305,1471.2,1473.4,1453.0,1468.8,27.0,,纽约期金1305,144.0,1468.8,1468.8
2013-05-10,NG1305,1455.6,1459.3,1423.0,1436.8,569.0,,纽约期金1305,129.0,1436.8,1436.8
2013-05-13,NG1305,1440.0,1440.6,1427.8,1434.5,344.0,,纽约期金1305,635.0,1434.5,1434.5
2013-05-14,NG1305,1430.1,1444.4,1422.0,1424.7,72.0,,纽约期金1305,895.0,1424.7,1424.7
2013-05-15,NG1305,1425.7,1425.7,1390.1,1396.5,364.0,,纽约期金1305,904.0,1396.5,1396.5
2013-05-16,NG1305,1390.4,1395.1,1370.6,1387.1,38.0,,纽约期金1305,1147.0,1387.1,1387.1
2013-05-17,NG1305,1386.7,1391.1,1359.1,1364.9,50.0,,纽约期金1305,1067.0,1364.9,1364.9
2013-05-20,NG1305,1342.9,1391.9,1342.9,1384.3,21.0,,纽约期金1305,1068.0,1384.3,1384.3
2013-05-21,NG1305,1386.5,1392.3,1358.5,1377.8,51.0,,纽约期金1305,1069.0,1377.8,1377.8
2013-05-22,NG1305,1387.2,1395.7,1364.5,1367.6,14.0,,纽约期金1305,1072.0,1367.6,1367.6
2013-05-23,NG1305,1380.6,1394.8,1377.8,1392.0,58.0,,纽约期金1305,1056.0,1392.0,1392.0
2013-05-24,NG1305,,,,1386.8,2.0,,纽约期金1305,1067.0,1386.8,1386.8
2013-05-28,NG1305,1380.8,1392.5,1379.1,1379.1,55.0,,纽约期金1305,1041.0,1379.1,1379.1
2013-05-29,NG1305,,,,1391.3,3.0,,纽约期金1305,43.0,1391.3,1391.3
