date,symbol,open,high,low,close,volume,amount,name,openinterest,settleprice,price
2014-06-30,NG1409,1315.6,1330.2,1313.8,1322.1,54.0,,纽约期金1409,0.0,1322.1,1322.1
2014-07-01,NG1409,1328.9,1330.1,1325.2,1326.7,24.0,,纽约期金1409,44.0,1326.7,1326.7
2014-07-02,NG1409,1326.1,1331.3,1322.6,1331.3,1376.0,,纽约期金1409,50.0,1331.3,1331.3
2014-07-03,NG1409,1324.8,1325.1,1319.1,1321.1,1352.0,,纽约期金1409,1266.0,1321.1,1321.1
2014-07-07,NG1409,1317.4,1323.6,1314.0,1317.6,2746.0,,纽约期金1409,2463.0,1317.6,1317.6
2014-07-08,NG1409,1320.8,1325.4,1315.3,1317.1,352.0,,纽约期金1409,4342.0,1317.1,1317.1
2014-07-09,NG1409,1322.5,1333.0,1322.5,1325.0,2209.0,,纽约期金1409,4485.0,1325.0,1325.0
2014-07-10,NG1409,1328.8,1346.8,1328.8,1339.8,405.0,,纽约期金1409,6362.0,1339.8,1339.8
2014-07-11,NG1409,1337.0,1340.0,1336.9,1338.0,267.0,,纽约期金1409,6329.0,1338.0,1338.0
2014-07-14,NG1409,1341.0,1341.0,1305.7,1307.3,278.0,,纽约期金1409,6457.0,1307.3,1307.3
2014-07-15,NG1409,1309.5,1314.0,1294.3,1297.7,178.0,,纽约期金1409,6563.0,1297.7,1297.7
2014-07-16,NG1409,1295.7,1303.9,1295.7,1300.4,159.0,,纽约期金1409,6602.0,1300.4,1300.4
2014-07-17,NG1409,1300.3,1324.7,1300.3,1317.5,248.0,,纽约期金1409,6645.0,1317.5,1317.5
2014-07-18,NG1409,1321.7,1325.1,1307.4,1310.0,236.0,,纽约期金1409,6539.0,1310.0,1310.0
2014-07-21,NG1409,1311.2,1319.1,1310.3,1314.5,125.0,,纽约期金1409,6633.0,1314.5,1314.5
2014-07-22,NG1409,1312.6,1316.3,1303.6,1306.9,187.0,,纽约期金1409,6664.0,1306.9,1306.9
2014-07-23,NG1409,1308.2,1312.0,1304.7,1305.3,102.0,,纽约期金1409,6668.0,1305.3,1305.3
2014-07-24,NG1409,1304.9,1305.3,1288.6,1291.4,315.0,,纽约期金1409,6692.0,1291.4,1291.4
2014-07-25,NG1409,1294.3,1309.2,1292.2,1304.0,696.0,,纽约期金1409,6705.0,1304.0,1304.0
2014-07-28,NG1409,1305.9,1309.6,1302.4,1304.1,1207.0,,纽约期金1409,6960.0,1304.1,1304.1
2014-07-29,NG1409,1305.1,1312.1,1296.8,1299.0,1237.0,,纽约期金1409,6806.0,1299.0,1299.0
2014-07-30,NG1409,1299.7,1303.2,1292.4,1295.5,1402.0,,纽约期金1409,7266.0,1295.5,1295.5
2014-07-31,NG1409,1296.4,1297.5,1281.5,1281.7,1012.0,,纽约期金1409,7308.0,1281.7,1281.7
2014-08-01,NG1409,1283.1,1297.2,1282.6,1293.9,769.0,,纽约期金1409,7376.0,1293.9,1293.9
2014-08-04,NG1409,1294.1,1295.0,1286.5,1288.0,1834.0,,纽约期金1409,7294.0,1288.0,1288.0
2014-08-05,NG1409,1288.1,1293.0,1283.0,1284.1,2014.0,,纽约期金1409,6206.0,1284.1,1284.1
2014-08-06,NG1409,1287.7,1309.1,1287.7,1306.7,2509.0,,纽约期金1409,5164.0,1306.7,1306.7
2014-08-07,NG1409,1305.4,1313.7,1301.7,1310.8,2916.0,,纽约期金1409,3764.0,1310.8,1310.8
2014-08-08,NG1409,1312.7,1322.2,1304.0,1309.2,2385.0,,纽约期金1409,2455.0,1309.2,1309.2
2014-08-11,NG1409,1308.5,1310.3,1304.9,1308.7,953.0,,纽约期金1409,1365.0,1308.7,1308.7
2014-08-12,NG1409,1307.6,1317.0,1305.1,1309.0,561.0,,纽约期金1409,966.0,1309.0,1309.0
2014-08-13,NG1409,1307.9,1314.1,1304.4,1313.0,251.0,,纽约期金1409,973.0,1313.0,1313.0
2014-08-14,NG1409,1312.0,1320.0,1308.8,1314.2,397.0,,纽约期金1409,956.0,1314.2,1314.2
2014-08-15,NG1409,1312.0,1313.5,1291.9,1304.7,719.0,,纽约期金1409,1078.0,1304.7,1304.7
2014-08-18,NG1409,1303.0,1303.0,1295.4,1297.9,604.0,,纽约期金1409,903.0,1297.9,1297.9
2014-08-19,NG1409,1298.4,1301.9,1293.6,1295.3,187.0,,纽约期金1409,897.0,1295.3,1295.3
2014-08-20,NG1409,1295.0,1296.8,1287.4,1293.7,365.0,,纽约期金1409,887.0,1293.7,1293.7
2014-08-21,NG1409,1290.1,1290.1,1272.0,1273.9,1589.0,,纽约期金1409,833.0,1273.9,1273.9
2014-08-22,NG1409,1277.0,1282.0,1273.4,1278.7,258.0,,纽约期金1409,1359.0,1278.7,1278.7
2014-08-25,NG1409,1278.1,1279.3,1275.1,1277.5,198.0,,纽约期金1409,641.0,1277.5,1277.5
2014-08-26,NG1409,1275.3,1289.9,1275.3,1283.8,317.0,,纽约期金1409,624.0,1283.8,1283.8
2014-08-27,NG1409,1280.5,1285.6,1279.9,1281.9,783.0,,纽约期金1409,516.0,1281.9,1281.9
2014-08-28,NG1409,1284.5,1293.7,1284.3,1288.7,817.0,,纽约期金1409,579.0,1288.7,1288.7
2014-08-29,NG1409,1289.5,1289.7,1284.8,1285.8,116.0,,纽约期金1409,281.0,1285.8,1285.8
2014-09-02,NG1409,1284.5,1286.4,1262.5,1263.7,280.0,,纽约期金1409,104.0,1263.7,1263.7
2014-09-03,NG1409,1266.3,1271.1,1263.1,1268.9,279.0,,纽约期金1409,149.0,1268.9,1268.9
2014-09-04,NG1409,1268.7,1272.7,1260.3,1265.1,290.0,,纽约期金1409,182.0,1265.1,1265.1
2014-09-05,NG1409,1263.2,1268.1,1263.2,1265.8,123.0,,纽约期金1409,158.0,1265.8,1265.8
2014-09-08,NG1409,1268.4,1268.4,1252.7,1252.7,2.0,,纽约期金1409,241.0,1252.7,1252.7
2014-09-09,NG1409,,,,1246.8,0.0,,纽约期金1409,24.0,1246.8,1246.8
2014-09-10,NG1409,1256.7,1256.7,1243.5,1243.5,95.0,,纽约期金1409,24.0,1243.5,1243.5
2014-09-11,NG1409,,,,1237.4,0.0,,纽约期金1409,108.0,1237.4,1237.4
2014-09-12,NG1409,1227.0,1229.9,1227.0,1229.9,47.0,,纽约期金1409,21.0,1229.9,1229.9
2014-09-15,NG1409,1226.7,1235.0,1226.7,1233.6,21.0,,纽约期金1409,45.0,1233.6,1233.6
2014-09-16,NG1409,1238.3,1238.3,1235.2,1235.2,3.0,,纽约期金1409,33.0,1235.2,1235.2
2014-09-17,NG1409,1236.2,1236.2,1221.9,1234.4,10.0,,纽约期金1409,29.0,1234.4,1234.4
2014-09-18,NG1409,1216.2,1225.7,1216.2,1225.7,5.0,,纽约期金1409,28.0,1225.7,1225.7
2014-09-19,NG1409,1218.3,1218.3,1215.3,1215.3,4.0,,纽约期金1409,24.0,1215.3,1215.3
2014-09-22,NG1409,1214.9,1216.8,1212.4,1216.8,7.0,,纽约期金1409,24.0,1216.8,1216.8
2014-09-23,NG1409,,,,1221.0,5.0,,纽约期金1409,18.0,1221.0,1221.0
2014-09-24,NG1409,1216.8,1218.6,1216.8,1218.6,2.0,,纽约期金1409,14.0,1218.6,1218.6
2014-09-25,NG1409,1209.5,1221.2,1209.5,1221.2,11.0,,纽约期金1409,13.0,1221.2,1221.2
2014-09-26,NG1409,,,,1214.1,1.0,,纽约期金1409,6.0,1214.1,1214.1
