date,symbol,open,high,low,close,volume,amount,name,openinterest,settleprice,price
2014-08-29,NG1411,1291.1,1297.3,1287.2,1287.2,47.0,,纽约期金1411,0.0,1287.2,1287.2
2014-09-02,NG1411,1264.7,1265.3,1264.1,1264.9,24.0,,纽约期金1411,31.0,1264.9,1264.9
2014-09-03,NG1411,1267.1,1270.0,1262.2,1270.0,9.0,,纽约期金1411,34.0,1270.0,1270.0
2014-09-04,NG1411,1273.3,1274.2,1261.0,1266.2,11.0,,纽约期金1411,42.0,1266.2,1266.2
2014-09-05,NG1411,1262.8,1272.4,1262.8,1266.9,20.0,,纽约期金1411,46.0,1266.9,1266.9
2014-09-08,NG1411,1268.3,1268.3,1253.9,1253.9,14.0,,纽约期金1411,52.0,1253.9,1253.9
2014-09-09,NG1411,1257.2,1257.7,1248.0,1248.0,20.0,,纽约期金1411,52.0,1248.0,1248.0
2014-09-10,NG1411,1251.4,1251.4,1244.8,1244.8,22.0,,纽约期金1411,67.0,1244.8,1244.8
2014-09-11,NG1411,1247.4,1250.0,1237.4,1238.3,249.0,,纽约期金1411,70.0,1238.3,1238.3
2014-09-12,NG1411,1232.8,1239.1,1228.6,1230.9,209.0,,纽约期金1411,203.0,1230.9,1230.9
2014-09-15,NG1411,1232.4,1235.8,1232.4,1234.5,35.0,,纽约期金1411,182.0,1234.5,1234.5
2014-09-16,NG1411,1233.0,1240.2,1232.4,1236.2,337.0,,纽约期金1411,189.0,1236.2,1236.2
2014-09-17,NG1411,1237.4,1238.7,1221.8,1235.4,294.0,,纽约期金1411,195.0,1235.4,1235.4
2014-09-18,NG1411,1220.0,1227.2,1218.9,1226.4,100.0,,纽约期金1411,197.0,1226.4,1226.4
2014-09-19,NG1411,1219.5,1224.6,1214.9,1216.0,51.0,,纽约期金1411,192.0,1216.0,1216.0
2014-09-22,NG1411,1215.9,1220.0,1211.7,1217.3,44.0,,纽约期金1411,175.0,1217.3,1217.3
2014-09-23,NG1411,1219.2,1235.6,1217.0,1221.5,97.0,,纽约期金1411,170.0,1221.5,1221.5
2014-09-24,NG1411,1222.9,1225.0,1216.4,1219.0,68.0,,纽约期金1411,154.0,1219.0,1219.0
2014-09-25,NG1411,1216.6,1224.7,1208.5,1221.5,205.0,,纽约期金1411,153.0,1221.5,1221.5
2014-09-26,NG1411,1227.7,1230.2,1212.5,1214.8,236.0,,纽约期金1411,160.0,1214.8,1214.8
2014-09-29,NG1411,1218.0,1223.1,1214.8,1218.2,170.0,,纽约期金1411,222.0,1218.2,1218.2
2014-09-30,NG1411,1217.1,1219.8,1204.7,1211.1,456.0,,纽约期金1411,291.0,1211.1,1211.1
2014-10-01,NG1411,1210.2,1219.3,1204.7,1215.1,306.0,,纽约期金1411,246.0,1215.1,1215.1
2014-10-02,NG1411,1213.3,1222.4,1209.7,1214.8,482.0,,纽约期金1411,247.0,1214.8,1214.8
2014-10-03,NG1411,1213.8,1213.8,1190.0,1192.5,456.0,,纽约期金1411,277.0,1192.5,1192.5
2014-10-06,NG1411,1188.7,1208.2,1184.7,1206.9,351.0,,纽约期金1411,299.0,1206.9,1206.9
2014-10-07,NG1411,1205.3,1212.8,1202.7,1211.9,280.0,,纽约期金1411,322.0,1211.9,1211.9
2014-10-08,NG1411,1209.4,1223.6,1204.8,1205.5,497.0,,纽约期金1411,324.0,1205.5,1205.5
2014-10-09,NG1411,1219.4,1232.7,1219.4,1224.8,250.0,,纽约期金1411,338.0,1224.8,1224.8
2014-10-10,NG1411,1223.5,1224.7,1217.6,1221.2,253.0,,纽约期金1411,312.0,1221.2,1221.2
2014-10-13,NG1411,1227.1,1237.0,1224.6,1229.5,287.0,,纽约期金1411,296.0,1229.5,1229.5
2014-10-14,NG1411,1235.2,1237.0,1232.0,1233.8,161.0,,纽约期金1411,321.0,1233.8,1233.8
2014-10-15,NG1411,1229.5,1249.7,1222.1,1244.3,463.0,,纽约期金1411,313.0,1244.3,1244.3
2014-10-16,NG1411,1239.7,1244.2,1235.0,1240.7,119.0,,纽约期金1411,356.0,1240.7,1240.7
2014-10-17,NG1411,1239.0,1240.0,1233.7,1238.5,57.0,,纽约期金1411,362.0,1238.5,1238.5
2014-10-20,NG1411,1235.1,1246.8,1235.0,1244.2,103.0,,纽约期金1411,357.0,1244.2,1244.2
2014-10-21,NG1411,1246.9,1254.4,1246.3,1251.2,126.0,,纽约期金1411,355.0,1251.2,1251.2
2014-10-22,NG1411,1248.0,1248.7,1240.7,1245.0,213.0,,纽约期金1411,361.0,1245.0,1245.0
2014-10-23,NG1411,1241.9,1243.9,1226.2,1228.6,143.0,,纽约期金1411,352.0,1228.6,1228.6
2014-10-24,NG1411,1230.7,1233.7,1229.0,1231.3,92.0,,纽约期金1411,341.0,1231.3,1231.3
2014-10-27,NG1411,1226.9,1231.1,1225.6,1228.9,270.0,,纽约期金1411,325.0,1228.9,1228.9
2014-10-28,NG1411,1225.3,1234.4,1225.3,1229.0,188.0,,纽约期金1411,248.0,1229.0,1229.0
2014-10-29,NG1411,1228.2,1229.8,1208.6,1224.3,631.0,,纽约期金1411,221.0,1224.3,1224.3
2014-10-30,NG1411,1213.7,1214.7,1195.8,1198.1,521.0,,纽约期金1411,274.0,1198.1,1198.1
2014-10-31,NG1411,1199.6,1199.7,1161.4,1171.1,260.0,,纽约期金1411,67.0,1171.1,1171.1
2014-11-03,NG1411,1166.4,1172.3,1163.1,1169.4,60.0,,纽约期金1411,55.0,1169.4,1169.4
2014-11-04,NG1411,1166.9,1171.0,1165.0,1167.4,40.0,,纽约期金1411,65.0,1167.4,1167.4
2014-11-05,NG1411,1168.1,1168.7,1137.8,1145.4,157.0,,纽约期金1411,55.0,1145.4,1145.4
2014-11-06,NG1411,1141.1,1147.5,1137.9,1142.3,137.0,,纽约期金1411,56.0,1142.3,1142.3
2014-11-07,NG1411,1139.9,1169.7,1132.9,1169.6,97.0,,纽约期金1411,61.0,1169.6,1169.6
2014-11-10,NG1411,1171.0,1171.0,1150.7,1159.6,40.0,,纽约期金1411,43.0,1159.6,1159.6
2014-11-11,NG1411,1155.0,1170.5,1151.6,1162.8,22.0,,纽约期金1411,26.0,1162.8,1162.8
2014-11-12,NG1411,1162.5,1168.1,1157.5,1158.9,17.0,,纽约期金1411,29.0,1158.9,1158.9
2014-11-13,NG1411,1163.7,1164.5,1155.0,1161.1,1047.0,,纽约期金1411,33.0,1161.1,1161.1
2014-11-14,NG1411,1155.2,1191.0,1148.0,1185.0,486.0,,纽约期金1411,942.0,1185.0,1185.0
2014-11-17,NG1411,1183.1,1186.9,1180.6,1183.0,17.0,,纽约期金1411,476.0,1183.0,1183.0
2014-11-18,NG1411,1197.1,1197.1,1193.9,1196.7,2.0,,纽约期金1411,19.0,1196.7,1196.7
2014-11-19,NG1411,1196.5,1198.3,1190.0,1193.6,23.0,,纽约期金1411,20.0,1193.6,1193.6
2014-11-20,NG1411,1191.8,1191.9,1190.7,1190.7,3.0,,纽约期金1411,28.0,1190.7,1190.7
2014-11-21,NG1411,1191.0,1202.4,1189.0,1197.5,20.0,,纽约期金1411,28.0,1197.5,1197.5
2014-11-24,NG1411,1197.7,1197.9,1195.5,1195.5,17.0,,纽约期金1411,20.0,1195.5,1195.5
2014-11-25,NG1411,,,,1197.1,1.0,,纽约期金1411,11.0,1197.1,1197.1
