date,symbol,open,high,low,close,volume,amount,name,openinterest,settleprice,price
2015-06-30,NG1509,1177.5,1177.9,1169.8,1172.3,30.0,,纽约期金1509,0.0,1172.3,1172.3
2015-07-01,NG1509,1171.9,1173.0,1168.0,1169.9,5.0,,纽约期金1509,18.0,1169.9,1169.9
2015-07-02,NG1509,1163.0,1167.6,1157.2,1164.1,32.0,,纽约期金1509,19.0,1164.1,1164.1
2015-07-06,NG1509,1173.5,1174.1,1162.5,1169.5,78.0,,纽约期金1509,35.0,1173.7,1169.5
2015-07-07,NG1509,1169.0,1169.0,1151.0,1154.3,131.0,,纽约期金1509,67.0,1153.1,1154.3
2015-07-08,NG1509,1154.8,1163.2,1146.6,1155.6,381.0,,纽约期金1509,100.0,1164.0,1155.6
2015-07-09,NG1509,1157.8,1167.4,1157.5,1160.9,298.0,,纽约期金1509,230.0,1159.7,1160.9
2015-07-10,NG1509,1159.5,1165.0,1158.1,1162.9,191.0,,纽约期金1509,212.0,1158.4,1162.9
2015-07-13,NG1509,1161.8,1163.4,1151.0,1157.3,328.0,,纽约期金1509,207.0,1155.9,1157.3
2015-07-14,NG1509,1155.2,1159.5,1153.0,1154.9,103.0,,纽约期金1509,254.0,1154.0,1154.9
2015-07-15,NG1509,1155.8,1155.8,1143.9,1148.8,301.0,,纽约期金1509,239.0,1147.9,1148.8
2015-07-16,NG1509,1148.2,1148.2,1141.7,1144.0,283.0,,纽约期金1509,258.0,1144.3,1144.0
2015-07-17,NG1509,1144.2,1144.2,1130.2,1133.7,626.0,,纽约期金1509,307.0,1132.2,1133.7
2015-07-20,NG1509,1131.3,1131.4,1088.8,1096.8,976.0,,纽约期金1509,301.0,1107.1,1096.8
2015-07-21,NG1509,1097.7,1108.0,1096.8,1100.4,624.0,,纽约期金1509,468.0,1103.7,1100.4
2015-07-22,NG1509,1100.3,1102.0,1086.6,1093.4,468.0,,纽约期金1509,578.0,1091.7,1093.4
2015-07-23,NG1509,1093.6,1105.0,1086.4,1090.0,856.0,,纽约期金1509,663.0,1094.2,1090.0
2015-07-24,NG1509,1089.7,1101.0,1073.0,1098.5,1490.0,,纽约期金1509,712.0,1085.7,1098.5
2015-07-27,NG1509,1099.7,1104.2,1088.0,1093.4,826.0,,纽约期金1509,1202.0,1096.6,1093.4
2015-07-28,NG1509,1094.4,1097.5,1090.9,1094.3,950.0,,纽约期金1509,1285.0,1096.3,1094.3
2015-07-29,NG1509,1094.7,1101.0,1089.1,1096.1,1300.0,,纽约期金1509,1359.0,1092.8,1096.1
2015-07-30,NG1509,1095.1,1097.2,1081.3,1087.7,2046.0,,纽约期金1509,1853.0,1088.4,1087.7
2015-07-31,NG1509,1087.3,1102.8,1079.0,1094.7,3300.0,,纽约期金1509,2072.0,1094.8,1094.7
2015-08-03,NG1509,1095.0,1097.5,1085.2,1085.3,1948.0,,纽约期金1509,1993.0,1089.2,1085.3
2015-08-04,NG1509,1085.2,1093.4,1080.0,1086.5,803.0,,纽约期金1509,2290.0,1090.5,1086.5
2015-08-05,NG1509,1086.5,1090.7,1081.8,1084.0,1177.0,,纽约期金1509,2278.0,1085.3,1084.0
2015-08-06,NG1509,1084.0,1093.0,1082.7,1088.4,1595.0,,纽约期金1509,2523.0,1089.8,1088.4
2015-08-07,NG1509,1088.5,1098.6,1082.0,1093.0,2507.0,,纽约期金1509,2642.0,1093.8,1093.0
2015-08-10,NG1509,1092.1,1108.3,1088.9,1104.1,2790.0,,纽约期金1509,2292.0,1104.2,1104.1
2015-08-11,NG1509,1103.8,1119.0,1093.6,1108.1,3299.0,,纽约期金1509,2258.0,1107.8,1108.1
2015-08-12,NG1509,1108.2,1125.3,1101.1,1124.3,1794.0,,纽约期金1509,2251.0,1123.2,1124.3
2015-08-13,NG1509,1125.0,1125.7,1112.8,1113.5,937.0,,纽约期金1509,2202.0,1115.2,1113.5
2015-08-14,NG1509,1114.0,1120.0,1111.0,1114.2,555.0,,纽约期金1509,2324.0,1112.4,1114.2
2015-08-17,NG1509,1114.0,1121.7,1112.8,1116.2,700.0,,纽约期金1509,2284.0,1118.1,1116.2
2015-08-18,NG1509,1116.5,1120.0,1108.3,1116.0,833.0,,纽约期金1509,2240.0,1116.4,1116.0
2015-08-19,NG1509,1116.1,1133.3,1115.4,1133.0,1331.0,,纽约期金1509,2339.0,1127.1,1133.0
2015-08-20,NG1509,1132.0,1152.6,1131.5,1151.0,2478.0,,纽约期金1509,2534.0,1152.2,1151.0
2015-08-21,NG1509,1152.8,1166.5,1147.8,1159.3,1143.0,,纽约期金1509,2500.0,1158.6,1159.3
2015-08-24,NG1509,1161.0,1167.8,1144.7,1152.3,1376.0,,纽约期金1509,2520.0,1152.5,1152.3
2015-08-25,NG1509,1152.0,1154.9,1133.6,1138.9,1677.0,,纽约期金1509,2467.0,1137.2,1138.9
2015-08-26,NG1509,1139.4,1143.4,1117.0,1124.3,3099.0,,纽约期金1509,1951.0,1124.7,1124.3
2015-08-27,NG1509,1124.5,1127.6,1117.4,1124.3,564.0,,纽约期金1509,443.0,1122.4,1124.3
2015-08-28,NG1509,1125.3,1139.0,1123.6,1132.5,279.0,,纽约期金1509,273.0,1133.1,1132.5
2015-08-31,NG1509,1131.1,1134.0,1124.8,1134.0,194.0,,纽约期金1509,272.0,1131.6,1134.0
2015-09-01,NG1509,1133.5,1144.7,1133.5,1138.2,375.0,,纽约期金1509,221.0,1138.7,1138.2
2015-09-02,NG1509,1137.3,1140.4,1130.8,1132.2,201.0,,纽约期金1509,197.0,1132.5,1132.2
2015-09-03,NG1509,1130.3,1132.9,1120.3,1124.0,122.0,,纽约期金1509,190.0,1123.7,1124.0
2015-09-04,NG1509,1123.4,1125.3,1116.2,1120.7,51.0,,纽约期金1509,179.0,1120.6,1120.7
2015-09-08,NG1509,1119.8,1124.3,1116.4,1119.9,138.0,,纽约期金1509,175.0,1120.4,1119.9
2015-09-09,NG1509,1123.5,1123.5,1102.1,1106.6,150.0,,纽约期金1509,211.0,1102.2,1106.6
2015-09-10,NG1509,1107.3,1113.5,1105.5,1111.1,56.0,,纽约期金1509,160.0,1109.5,1111.1
2015-09-11,NG1509,1110.8,1111.7,1098.2,1103.0,81.0,,纽约期金1509,140.0,1103.5,1103.0
2015-09-14,NG1509,1107.8,1108.6,1104.1,1108.4,19.0,,纽约期金1509,110.0,1107.7,1108.4
2015-09-15,NG1509,1104.5,1104.5,1103.0,1103.2,8.0,,纽约期金1509,107.0,1102.8,1103.2
2015-09-16,NG1509,1109.8,1119.9,1109.8,1119.9,31.0,,纽约期金1509,110.0,1119.2,1119.9
2015-09-17,NG1509,1118.6,1130.5,1117.1,1130.5,14.0,,纽约期金1509,91.0,1117.3,1130.5
2015-09-18,NG1509,1128.3,1141.2,1127.8,1138.5,59.0,,纽约期金1509,91.0,1138.1,1138.5
2015-09-21,NG1509,1137.6,1138.5,1130.8,1132.6,17.0,,纽约期金1509,88.0,1133.1,1132.6
2015-09-22,NG1509,1132.6,1135.0,1122.5,1123.0,43.0,,纽约期金1509,82.0,1125.0,1123.0
2015-09-23,NG1509,1128.6,1132.2,1128.3,1130.0,33.0,,纽约期金1509,70.0,1131.6,1130.0
2015-09-24,NG1509,1133.0,1155.9,1133.0,1151.5,37.0,,纽约期金1509,71.0,1153.8,1151.5
2015-09-25,NG1509,1149.8,1149.8,1143.4,1147.5,56.0,,纽约期金1509,66.0,1146.0,1147.5
2015-09-28,NG1509,1133.2,1133.2,1133.1,1133.2,5.0,,纽约期金1509,6.0,1132.0,1133.2
