date,symbol,open,high,low,close,volume,amount,name,openinterest,settleprice,price
2015-04-30,NG1507,1205.1,1205.5,1180.0,1182.9,53.0,,纽约期金1507,0.0,1182.9,1182.9
2015-05-01,NG1507,1175.5,1175.5,1171.2,1175.0,9.0,,纽约期金1507,46.0,1175.0,1175.0
2015-05-04,NG1507,1178.1,1192.5,1177.5,1187.3,36.0,,纽约期金1507,48.0,1187.3,1187.3
2015-05-05,NG1507,1190.0,1197.8,1190.0,1193.7,20.0,,纽约期金1507,53.0,1193.7,1193.7
2015-05-06,NG1507,1195.8,1195.8,1190.0,1190.8,18.0,,纽约期金1507,67.0,1190.8,1190.8
2015-05-07,NG1507,1190.7,1190.7,1181.0,1182.7,19.0,,纽约期金1507,69.0,1182.7,1182.7
2015-05-08,NG1507,1183.0,1191.0,1182.0,1189.4,32.0,,纽约期金1507,66.0,1189.4,1189.4
2015-05-11,NG1507,1189.3,1191.1,1180.1,1183.5,53.0,,纽约期金1507,69.0,1183.5,1183.5
2015-05-12,NG1507,1183.1,1194.5,1181.4,1192.9,44.0,,纽约期金1507,71.0,1192.9,1192.9
2015-05-13,NG1507,1192.7,1218.7,1191.5,1218.7,74.0,,纽约期金1507,68.0,1218.7,1218.7
2015-05-14,NG1507,1213.5,1226.8,1212.8,1225.7,140.0,,纽约期金1507,80.0,1225.7,1225.7
2015-05-15,NG1507,1219.4,1226.0,1212.5,1225.8,66.0,,纽约期金1507,112.0,1225.8,1225.8
2015-05-18,NG1507,1224.0,1232.3,1222.3,1228.1,142.0,,纽约期金1507,108.0,1228.1,1228.1
2015-05-19,NG1507,1224.0,1224.0,1206.0,1207.2,263.0,,纽约期金1507,108.0,1207.2,1207.2
2015-05-20,NG1507,1209.5,1213.0,1207.5,1209.2,146.0,,纽约期金1507,129.0,1209.2,1209.2
2015-05-21,NG1507,1210.0,1210.9,1202.0,1204.6,157.0,,纽约期金1507,158.0,1204.6,1204.6
2015-05-22,NG1507,1206.6,1214.0,1202.0,1204.4,713.0,,纽约期金1507,242.0,1204.4,1204.4
2015-05-26,NG1507,1205.7,1208.5,1185.4,1187.3,427.0,,纽约期金1507,216.0,1187.3,1187.3
2015-05-27,NG1507,1187.6,1190.0,1184.0,1186.0,756.0,,纽约期金1507,308.0,1186.0,1186.0
2015-05-28,NG1507,1187.6,1191.9,1179.8,1188.4,735.0,,纽约期金1507,443.0,1188.4,1188.4
2015-05-29,NG1507,1188.1,1194.0,1187.5,1189.6,575.0,,纽约期金1507,429.0,1189.6,1189.6
2015-06-01,NG1507,1189.7,1204.2,1183.7,1188.4,941.0,,纽约期金1507,479.0,1188.4,1188.4
2015-06-02,NG1507,1189.1,1196.0,1185.7,1194.1,737.0,,纽约期金1507,467.0,1194.1,1194.1
2015-06-03,NG1507,1193.0,1195.0,1179.6,1184.6,695.0,,纽约期金1507,480.0,1184.6,1184.6
2015-06-04,NG1507,1185.3,1186.1,1172.3,1174.9,675.0,,纽约期金1507,481.0,1174.9,1174.9
2015-06-05,NG1507,1176.4,1177.6,1161.9,1167.8,892.0,,纽约期金1507,576.0,1167.8,1167.8
2015-06-08,NG1507,1171.5,1175.3,1168.6,1173.3,828.0,,纽约期金1507,632.0,1173.3,1173.3
2015-06-09,NG1507,1173.3,1181.8,1171.4,1177.3,417.0,,纽约期金1507,898.0,1177.3,1177.3
2015-06-10,NG1507,1175.9,1191.3,1174.8,1186.1,752.0,,纽约期金1507,897.0,1186.1,1186.1
2015-06-11,NG1507,1185.8,1186.4,1174.6,1179.9,397.0,,纽约期金1507,815.0,1179.9,1179.9
2015-06-12,NG1507,1180.9,1183.0,1175.7,1178.8,216.0,,纽约期金1507,669.0,1178.8,1178.8
2015-06-15,NG1507,1179.6,1189.1,1171.8,1185.3,542.0,,纽约期金1507,680.0,1185.3,1185.3
2015-06-16,NG1507,1184.7,1186.7,1175.0,1180.5,360.0,,纽约期金1507,626.0,1180.5,1180.5
2015-06-17,NG1507,1180.7,1188.0,1173.5,1176.4,344.0,,纽约期金1507,587.0,1176.4,1176.4
2015-06-18,NG1507,1183.1,1204.7,1183.1,1201.5,663.0,,纽约期金1507,587.0,1201.5,1201.5
2015-06-19,NG1507,1201.1,1203.4,1198.1,1201.5,332.0,,纽约期金1507,653.0,1201.5,1201.5
2015-06-22,NG1507,1200.1,1200.1,1181.6,1183.7,405.0,,纽约期金1507,632.0,1183.7,1183.7
2015-06-23,NG1507,1185.5,1187.4,1175.4,1176.2,399.0,,纽约期金1507,661.0,1176.2,1176.2
2015-06-24,NG1507,1177.4,1179.1,1168.0,1172.6,276.0,,纽约期金1507,601.0,1172.6,1172.6
2015-06-25,NG1507,1174.3,1176.8,1170.6,1171.5,228.0,,纽约期金1507,624.0,1171.5,1171.5
2015-06-26,NG1507,1173.7,1177.0,1167.5,1172.9,308.0,,纽约期金1507,555.0,1172.9,1172.9
2015-06-29,NG1507,1185.1,1186.0,1173.8,1178.5,174.0,,纽约期金1507,445.0,1178.5,1178.5
2015-06-30,NG1507,1176.3,1176.4,1166.6,1171.5,223.0,,纽约期金1507,411.0,1171.5,1171.5
2015-07-01,NG1507,1173.1,1173.1,1166.6,1169.0,455.0,,纽约期金1507,421.0,1169.0,1169.0
2015-07-02,NG1507,1166.4,1168.1,1155.5,1163.0,316.0,,纽约期金1507,420.0,1163.0,1163.0
2015-07-06,NG1507,1171.1,1173.0,1162.2,1167.3,634.0,,纽约期金1507,174.0,1172.9,1167.3
2015-07-07,NG1507,1166.8,1166.8,1149.5,1153.5,469.0,,纽约期金1507,163.0,1152.4,1153.5
2015-07-08,NG1507,1152.6,1161.7,1146.4,1158.7,65.0,,纽约期金1507,241.0,1163.3,1158.7
2015-07-09,NG1507,1154.8,1163.6,1154.8,1158.4,65.0,,纽约期金1507,146.0,1159.0,1158.4
2015-07-10,NG1507,1160.1,1162.9,1157.5,1162.9,27.0,,纽约期金1507,149.0,1157.7,1162.9
2015-07-13,NG1507,1159.0,1159.0,1151.2,1157.4,14.0,,纽约期金1507,157.0,1155.2,1157.4
2015-07-14,NG1507,1157.2,1157.2,1153.0,1153.9,39.0,,纽约期金1507,157.0,1153.3,1153.9
2015-07-15,NG1507,1154.0,1154.2,1144.8,1145.1,15.0,,纽约期金1507,158.0,1147.2,1145.1
2015-07-16,NG1507,1146.2,1146.2,1142.9,1143.7,14.0,,纽约期金1507,158.0,1143.8,1143.7
2015-07-17,NG1507,1144.0,1144.0,1130.2,1133.5,120.0,,纽约期金1507,158.0,1131.8,1133.5
2015-07-20,NG1507,1130.4,1130.7,1095.1,1095.1,189.0,,纽约期金1507,218.0,1106.7,1095.1
2015-07-21,NG1507,1097.1,1106.4,1097.1,1101.0,118.0,,纽约期金1507,315.0,1103.4,1101.0
2015-07-22,NG1507,1093.0,1095.0,1086.0,1091.7,46.0,,纽约期金1507,121.0,1091.4,1091.7
2015-07-23,NG1507,1097.4,1097.6,1087.8,1087.8,64.0,,纽约期金1507,119.0,1094.0,1087.8
2015-07-24,NG1507,1078.6,1100.7,1078.6,1097.5,52.0,,纽约期金1507,154.0,1085.6,1097.5
2015-07-27,NG1507,1100.0,1102.5,1093.9,1093.9,19.0,,纽约期金1507,154.0,1096.5,1093.9
2015-07-28,NG1507,1097.2,1097.7,1097.0,1097.1,31.0,,纽约期金1507,53.0,1096.3,1097.1
2015-07-29,NG1507,1096.4,1096.9,1093.6,1096.9,5.0,,纽约期金1507,4.0,1092.7,1096.9
