date,symbol,open,high,low,close,volume,amount,name,openinterest,settleprice,price
2016-06-30,NG1609,1319.4,1325.6,1318.4,1324.2,78.0,,纽约期金1609,0.0,1322.0,1324.2
2016-07-01,NG1609,1334.1,1347.2,1334.1,1346.3,414.0,,纽约期金1609,68.0,1340.4,1346.3
2016-07-05,NG1609,1347.0,1361.2,1342.5,1360.5,1622.0,,纽约期金1609,271.0,1360.6,1360.5
2016-07-06,NG1609,1363.3,1378.5,1363.3,1367.8,1449.0,,纽约期金1609,1216.0,1369.0,1367.8
2016-07-07,NG1609,1366.8,1374.4,1354.1,1363.4,1665.0,,纽约期金1609,2376.0,1364.1,1363.4
2016-07-08,NG1609,1362.3,1369.9,1338.6,1369.6,1852.0,,纽约期金1609,3572.0,1360.5,1369.6
2016-07-11,NG1609,1376.2,1376.2,1355.1,1356.6,2012.0,,纽约期金1609,4814.0,1358.9,1356.6
2016-07-12,NG1609,1356.7,1360.6,1333.0,1335.9,344.0,,纽约期金1609,6206.0,1337.3,1335.9
2016-07-13,NG1609,1337.2,1348.1,1331.4,1345.7,228.0,,纽约期金1609,6247.0,1345.6,1345.7
2016-07-14,NG1609,1347.8,1348.5,1323.0,1337.3,404.0,,纽约期金1609,6211.0,1334.1,1337.3
2016-07-15,NG1609,1338.2,1340.3,1324.8,1340.3,469.0,,纽约期金1609,6317.0,1329.3,1340.3
2016-07-18,NG1609,1333.3,1337.1,1325.7,1331.6,468.0,,纽约期金1609,6402.0,1331.1,1331.6
2016-07-19,NG1609,1329.5,1336.3,1329.5,1334.7,323.0,,纽约期金1609,6507.0,1334.2,1334.7
2016-07-20,NG1609,1334.4,1340.7,1314.7,1316.3,568.0,,纽约期金1609,6545.0,1321.2,1316.3
2016-07-21,NG1609,1316.0,1335.6,1312.9,1334.0,1776.0,,纽约期金1609,6712.0,1332.8,1334.0
2016-07-22,NG1609,1332.8,1335.4,1321.6,1323.7,963.0,,纽约期金1609,7494.0,1325.3,1323.7
2016-07-25,NG1609,1323.8,1325.0,1314.3,1317.3,1705.0,,纽约期金1609,7777.0,1321.3,1317.3
2016-07-26,NG1609,1317.0,1325.7,1316.3,1321.7,1030.0,,纽约期金1609,8627.0,1322.5,1321.7
2016-07-27,NG1609,1321.0,1344.0,1317.3,1341.8,2316.0,,纽约期金1609,8910.0,1328.6,1341.8
2016-07-28,NG1609,1341.0,1345.5,1332.4,1335.0,2466.0,,纽约期金1609,9370.0,1334.6,1335.0
2016-07-29,NG1609,1334.8,1354.7,1328.4,1350.9,2686.0,,纽约期金1609,10232.0,1350.3,1350.9
2016-08-01,NG1609,1350.0,1355.1,1346.5,1353.3,766.0,,纽约期金1609,10342.0,1352.8,1353.3
2016-08-02,NG1609,1352.9,1367.5,1347.0,1363.3,3344.0,,纽约期金1609,10319.0,1365.7,1363.3
2016-08-03,NG1609,1363.2,1366.2,1353.8,1357.0,2995.0,,纽约期金1609,9622.0,1357.0,1357.0
2016-08-04,NG1609,1356.6,1363.6,1347.9,1359.4,3516.0,,纽约期金1609,9361.0,1359.7,1359.4
2016-08-05,NG1609,1359.1,1363.2,1333.7,1334.4,4208.0,,纽约期金1609,7938.0,1337.3,1334.4
2016-08-08,NG1609,1332.8,1336.5,1328.9,1333.8,2760.0,,纽约期金1609,6261.0,1334.2,1333.8
2016-08-09,NG1609,1333.6,1341.7,1329.2,1339.5,1420.0,,纽约期金1609,5923.0,1339.9,1339.5
2016-08-10,NG1609,1340.7,1356.6,1340.7,1346.0,1078.0,,纽约期金1609,5412.0,1345.3,1346.0
2016-08-11,NG1609,1346.6,1352.0,1335.7,1337.3,844.0,,纽约期金1609,5319.0,1343.5,1337.3
2016-08-12,NG1609,1337.3,1355.1,1333.4,1336.3,1159.0,,纽约期金1609,5213.0,1336.8,1336.3
2016-08-15,NG1609,1337.0,1342.4,1334.9,1338.9,612.0,,纽约期金1609,5072.0,1341.3,1338.9
2016-08-16,NG1609,1341.7,1358.0,1341.0,1346.3,1356.0,,纽约期金1609,4953.0,1351.0,1346.3
2016-08-17,NG1609,1346.8,1349.9,1335.0,1347.2,1071.0,,纽约期金1609,4581.0,1343.2,1347.2
2016-08-18,NG1609,1347.6,1354.9,1345.2,1351.7,671.0,,纽约期金1609,4522.0,1351.2,1351.7
2016-08-19,NG1609,1350.9,1350.9,1336.8,1339.1,500.0,,纽约期金1609,4450.0,1340.5,1339.1
2016-08-22,NG1609,1339.2,1339.2,1330.0,1336.8,947.0,,纽约期金1609,4408.0,1337.6,1336.8
2016-08-23,NG1609,1335.0,1343.1,1334.1,1336.5,401.0,,纽约期金1609,4218.0,1340.3,1336.5
2016-08-24,NG1609,1336.5,1338.2,1321.9,1322.0,926.0,,纽约期金1609,4057.0,1324.3,1322.0
2016-08-25,NG1609,1323.3,1325.9,1316.5,1319.8,1257.0,,纽约期金1609,3872.0,1320.0,1319.8
2016-08-26,NG1609,1320.1,1340.8,1317.0,1319.6,1108.0,,纽约期金1609,3197.0,1321.4,1319.6
2016-08-29,NG1609,1318.7,1323.2,1314.3,1321.3,437.0,,纽约期金1609,2899.0,1322.6,1321.3
2016-08-30,NG1609,1322.0,1322.1,1308.0,1309.2,705.0,,纽约期金1609,2727.0,1311.7,1309.2
2016-08-31,NG1609,1310.3,1313.7,1306.1,1306.9,214.0,,纽约期金1609,2431.0,1306.9,1306.9
2016-09-01,NG1609,1305.3,1313.1,1301.5,1312.4,225.0,,纽约期金1609,618.0,1312.2,1312.4
2016-09-02,NG1609,1309.6,1326.7,1309.2,1321.6,55.0,,纽约期金1609,566.0,1322.1,1321.6
2016-09-06,NG1609,1323.3,1347.2,1323.2,1347.2,46.0,,纽约期金1609,514.0,1349.4,1347.2
2016-09-07,NG1609,1348.4,1350.5,1343.9,1344.3,14.0,,纽约期金1609,512.0,1344.3,1344.3
2016-09-08,NG1609,1344.8,1345.4,1335.7,1336.7,30.0,,纽约期金1609,119.0,1336.8,1336.7
2016-09-09,NG1609,1338.5,1338.5,1328.0,1328.0,35.0,,纽约期金1609,120.0,1330.1,1328.0
2016-09-12,NG1609,1327.0,1329.3,1319.9,1320.0,177.0,,纽约期金1609,110.0,1321.0,1320.0
2016-09-13,NG1609,1324.6,1324.6,1315.0,1317.0,79.0,,纽约期金1609,171.0,1319.0,1317.0
2016-09-14,NG1609,1319.2,1322.3,1319.2,1322.2,73.0,,纽约期金1609,154.0,1321.5,1322.2
2016-09-15,NG1609,1320.7,1320.7,1310.8,1314.5,37.0,,纽约期金1609,209.0,1313.5,1314.5
2016-09-16,NG1609,1312.2,1312.6,1311.9,1312.6,4.0,,纽约期金1609,148.0,1305.8,1312.6
2016-09-19,NG1609,,,,1313.5,20.0,,纽约期金1609,137.0,1313.5,1313.5
2016-09-20,NG1609,,,,1313.7,97.0,,纽约期金1609,157.0,1313.7,1313.7
2016-09-21,NG1609,1326.3,1326.3,1324.0,1324.0,76.0,,纽约期金1609,242.0,1326.9,1324.0
2016-09-22,NG1609,1338.6,1338.6,1338.2,1338.2,23.0,,纽约期金1609,241.0,1340.4,1338.2
2016-09-23,NG1609,,,,1338.0,40.0,,纽约期金1609,195.0,1337.2,1338.0
2016-09-26,NG1609,1335.2,1341.8,1335.2,1338.1,24.0,,纽约期金1609,187.0,1339.7,1338.1
2016-09-27,NG1609,1328.0,1328.7,1327.4,1327.4,48.0,,纽约期金1609,141.0,1325.9,1327.4
2016-09-28,NG1609,,,,1325.2,103.0,,纽约期金1609,144.0,1319.4,1325.2
