date,symbol,open,high,low,close,volume,amount,name,openinterest,settleprice,price
2015-10-30,NG1601,1142.4,1142.4,1139.3,1142.3,8.0,,纽约期金1601,0.0,1141.8,1142.3
2015-11-02,NG1601,1141.1,1141.1,1133.8,1133.8,11.0,,纽约期金1601,2.0,1136.3,1133.8
2015-11-03,NG1601,1135.5,1135.5,1114.4,1116.6,80.0,,纽约期金1601,10.0,1114.5,1116.6
2015-11-04,NG1601,1121.0,1121.2,1106.7,1107.5,37.0,,纽约期金1601,18.0,1106.6,1107.5
2015-11-05,NG1601,1109.9,1111.1,1103.1,1103.7,46.0,,纽约期金1601,16.0,1104.6,1103.7
2015-11-06,NG1601,1107.7,1108.4,1085.0,1087.4,38.0,,纽约期金1601,39.0,1088.1,1087.4
2015-11-09,NG1601,1089.0,1093.3,1089.0,1092.0,58.0,,纽约期金1601,54.0,1088.5,1092.0
2015-11-10,NG1601,1090.5,1093.2,1086.4,1092.4,53.0,,纽约期金1601,59.0,1088.9,1092.4
2015-11-11,NG1601,1092.5,1092.5,1084.0,1084.3,158.0,,纽约期金1601,50.0,1085.2,1084.3
2015-11-12,NG1601,1086.8,1088.5,1074.6,1082.4,106.0,,纽约期金1601,53.0,1081.3,1082.4
2015-11-13,NG1601,1084.0,1084.2,1080.7,1081.6,66.0,,纽约期金1601,73.0,1081.2,1081.6
2015-11-16,NG1601,1087.6,1097.0,1082.1,1082.1,94.0,,纽约期金1601,68.0,1083.8,1082.1
2015-11-17,NG1601,1083.3,1083.3,1065.7,1069.4,108.0,,纽约期金1601,72.0,1068.7,1069.4
2015-11-18,NG1601,1069.2,1071.0,1066.1,1071.0,142.0,,纽约期金1601,84.0,1068.8,1071.0
2015-11-19,NG1601,1073.1,1085.0,1070.3,1081.8,142.0,,纽约期金1601,90.0,1078.0,1081.8
2015-11-20,NG1601,1081.7,1087.3,1075.1,1077.8,255.0,,纽约期金1601,101.0,1076.3,1077.8
2015-11-23,NG1601,1075.0,1075.0,1065.0,1067.4,465.0,,纽约期金1601,143.0,1066.7,1067.4
2015-11-24,NG1601,1069.9,1080.0,1069.6,1074.4,598.0,,纽约期金1601,226.0,1073.3,1074.4
2015-11-25,NG1601,1074.7,1079.5,1067.5,1070.2,385.0,,纽约期金1601,405.0,1069.8,1070.2
2015-11-27,NG1601,1069.9,1073.7,1051.5,1058.9,1417.0,,纽约期金1601,456.0,1056.1,1058.9
2015-11-30,NG1601,1057.1,1069.0,1052.3,1064.3,760.0,,纽约期金1601,499.0,1065.4,1064.3
2015-12-01,NG1601,1065.1,1074.2,1062.9,1068.7,1239.0,,纽约期金1601,566.0,1063.6,1068.7
2015-12-02,NG1601,1068.1,1070.2,1049.6,1052.3,613.0,,纽约期金1601,574.0,1053.9,1052.3
2015-12-03,NG1601,1053.3,1064.7,1045.7,1061.7,916.0,,纽约期金1601,617.0,1061.3,1061.7
2015-12-04,NG1601,1063.0,1088.2,1058.3,1086.0,1541.0,,纽约期金1601,562.0,1084.0,1086.0
2015-12-07,NG1601,1085.1,1085.2,1065.5,1070.4,577.0,,纽约期金1601,586.0,1075.4,1070.4
2015-12-08,NG1601,1070.2,1078.3,1067.1,1074.3,387.0,,纽约期金1601,622.0,1075.5,1074.3
2015-12-09,NG1601,1075.5,1085.1,1069.2,1072.8,477.0,,纽约期金1601,658.0,1076.8,1072.8
2015-12-10,NG1601,1071.8,1076.0,1069.5,1071.6,165.0,,纽约期金1601,638.0,1072.3,1071.6
2015-12-11,NG1601,1070.0,1079.4,1062.4,1074.7,523.0,,纽约期金1601,655.0,1076.0,1074.7
2015-12-14,NG1601,1073.5,1077.0,1059.5,1059.7,345.0,,纽约期金1601,647.0,1063.7,1059.7
2015-12-15,NG1601,1060.2,1067.8,1057.6,1060.6,327.0,,纽约期金1601,623.0,1061.8,1060.6
2015-12-16,NG1601,1060.7,1077.6,1060.7,1072.4,601.0,,纽约期金1601,647.0,1076.9,1072.4
2015-12-17,NG1601,1071.3,1071.7,1046.7,1050.6,538.0,,纽约期金1601,621.0,1049.7,1050.6
2015-12-18,NG1601,1051.1,1070.0,1051.1,1065.3,420.0,,纽约期金1601,592.0,1065.0,1065.3
2015-12-21,NG1601,1065.2,1080.9,1063.3,1077.5,230.0,,纽约期金1601,566.0,1080.6,1077.5
2015-12-22,NG1601,1079.6,1080.3,1071.5,1071.9,117.0,,纽约期金1601,564.0,1074.1,1071.9
2015-12-23,NG1601,1072.9,1074.6,1067.8,1069.8,333.0,,纽约期金1601,541.0,1068.3,1069.8
2015-12-24,NG1601,1070.9,1076.9,1070.7,1075.4,218.0,,纽约期金1601,473.0,1076.1,1075.4
2015-12-28,NG1601,1076.6,1076.6,1066.7,1069.0,212.0,,纽约期金1601,526.0,1068.9,1069.0
2015-12-29,NG1601,1071.7,1074.8,1067.9,1068.7,252.0,,纽约期金1601,474.0,1068.3,1068.7
2015-12-30,NG1601,1068.6,1070.2,1059.7,1061.0,71.0,,纽约期金1601,366.0,1060.1,1061.0
2015-12-31,NG1601,1061.9,1062.0,1058.5,1059.1,10.0,,纽约期金1601,291.0,1060.3,1059.1
2016-01-04,NG1601,1063.4,1082.5,1063.2,1074.5,143.0,,纽约期金1601,288.0,1075.1,1074.5
2016-01-05,NG1601,1075.6,1081.5,1075.3,1079.1,82.0,,纽约期金1601,310.0,1078.4,1079.1
2016-01-06,NG1601,1081.6,1093.7,1081.6,1092.6,52.0,,纽约期金1601,260.0,1091.9,1092.6
2016-01-07,NG1601,1091.6,1109.4,1091.6,1109.0,122.0,,纽约期金1601,264.0,1107.7,1109.0
2016-01-08,NG1601,1111.1,1111.1,1093.0,1102.0,98.0,,纽约期金1601,262.0,1097.8,1102.0
2016-01-11,NG1601,1105.7,1107.9,1096.5,1098.0,43.0,,纽约期金1601,257.0,1096.5,1098.0
2016-01-12,NG1601,1093.8,1098.5,1084.0,1088.5,87.0,,纽约期金1601,253.0,1085.6,1088.5
2016-01-13,NG1601,1081.5,1093.9,1081.5,1093.9,50.0,,纽约期金1601,232.0,1087.5,1093.9
2016-01-14,NG1601,1091.5,1092.5,1073.7,1079.3,59.0,,纽约期金1601,228.0,1073.9,1079.3
2016-01-15,NG1601,1085.0,1096.3,1081.8,1089.4,44.0,,纽约期金1601,216.0,1091.5,1089.4
2016-01-19,NG1601,1089.8,1094.4,1084.9,1088.7,17.0,,纽约期金1601,220.0,1089.9,1088.7
2016-01-20,NG1601,1099.8,1109.8,1099.8,1109.8,30.0,,纽约期金1601,216.0,1107.1,1109.8
2016-01-21,NG1601,1103.6,1103.6,1094.1,1103.0,16.0,,纽约期金1601,197.0,1099.1,1103.0
2016-01-22,NG1601,1098.0,1103.2,1098.0,1100.5,4.0,,纽约期金1601,184.0,1097.2,1100.5
2016-01-25,NG1601,1099.3,1109.3,1098.0,1106.1,8.0,,纽约期金1601,183.0,1106.2,1106.1
2016-01-26,NG1601,1115.1,1119.0,1114.3,1119.0,181.0,,纽约期金1601,183.0,1121.7,1119.0
2016-01-27,NG1601,1117.8,1117.8,1115.8,1115.8,7.0,,纽约期金1601,153.0,1116.1,1115.8
