date,symbol,open,high,low,close,volume,amount,name,openinterest,settleprice,price
2016-08-30,NG1611,,,,1314.7,0.0,,纽约期金1611,0.0,1314.7,1314.7
2016-08-31,NG1611,1315.5,1315.8,1309.0,1310.3,16.0,,纽约期金1611,0.0,1309.6,1310.3
2016-09-01,NG1611,1308.5,1316.6,1304.0,1314.6,32.0,,纽约期金1611,7.0,1315.3,1314.6
2016-09-02,NG1611,1313.2,1328.6,1309.0,1326.4,73.0,,纽约期金1611,12.0,1324.9,1326.4
2016-09-06,NG1611,1327.3,1352.5,1327.3,1351.8,70.0,,纽约期金1611,54.0,1351.8,1351.8
2016-09-07,NG1611,1351.4,1354.7,1345.4,1346.8,85.0,,纽约期金1611,106.0,1346.7,1346.8
2016-09-08,NG1611,1347.5,1350.5,1338.2,1338.9,105.0,,纽约期金1611,149.0,1339.1,1338.9
2016-09-09,NG1611,1340.0,1340.8,1329.0,1329.0,126.0,,纽约期金1611,172.0,1332.1,1329.0
2016-09-12,NG1611,1327.0,1330.5,1321.0,1328.6,80.0,,纽约期金1611,224.0,1323.1,1328.6
2016-09-13,NG1611,1329.7,1332.1,1316.5,1318.8,225.0,,纽约期金1611,232.0,1321.1,1318.8
2016-09-14,NG1611,1320.3,1325.2,1318.0,1323.0,96.0,,纽约期金1611,330.0,1323.5,1323.0
2016-09-15,NG1611,1323.3,1327.5,1310.5,1318.6,189.0,,纽约期金1611,389.0,1315.7,1318.6
2016-09-16,NG1611,1317.6,1317.6,1307.0,1310.9,285.0,,纽约期金1611,437.0,1307.8,1310.9
2016-09-19,NG1611,1310.4,1318.3,1310.4,1314.6,153.0,,纽约期金1611,579.0,1315.5,1314.6
2016-09-20,NG1611,1314.2,1317.7,1313.2,1315.1,478.0,,纽约期金1611,608.0,1315.8,1315.1
2016-09-21,NG1611,1318.0,1336.0,1309.0,1335.1,789.0,,纽约期金1611,904.0,1329.1,1335.1
2016-09-22,NG1611,1335.7,1343.6,1333.5,1339.0,385.0,,纽约期金1611,1356.0,1342.5,1339.0
2016-09-23,NG1611,1338.3,1341.4,1336.2,1337.8,849.0,,纽约期金1611,1476.0,1339.3,1337.8
2016-09-26,NG1611,1340.5,1343.5,1334.5,1338.7,186.0,,纽约期金1611,1848.0,1341.7,1338.7
2016-09-27,NG1611,1339.3,1339.3,1326.6,1328.3,263.0,,纽约期金1611,1920.0,1328.0,1328.3
2016-09-28,NG1611,1327.9,1328.0,1319.4,1323.1,626.0,,纽约期金1611,1951.0,1321.4,1323.1
2016-09-29,NG1611,1324.9,1326.7,1317.0,1322.8,756.0,,纽约期金1611,2292.0,1324.0,1322.8
2016-09-30,NG1611,1323.7,1329.2,1314.9,1316.6,591.0,,纽约期金1611,2252.0,1315.1,1316.6
2016-10-03,NG1611,1319.1,1320.0,1310.0,1312.2,347.0,,纽约期金1611,2232.0,1310.7,1312.2
2016-10-04,NG1611,1313.4,1313.4,1267.8,1269.3,1613.0,,纽约期金1611,2238.0,1268.2,1269.3
2016-10-05,NG1611,1269.5,1277.3,1262.8,1267.4,543.0,,纽约期金1611,2985.0,1266.9,1267.4
2016-10-06,NG1611,1267.9,1269.3,1250.6,1254.5,793.0,,纽约期金1611,2935.0,1251.4,1254.5
2016-10-07,NG1611,1255.0,1265.4,1242.0,1257.0,781.0,,纽约期金1611,2988.0,1250.3,1257.0
2016-10-10,NG1611,1257.6,1265.1,1257.2,1260.0,575.0,,纽约期金1611,2978.0,1258.7,1260.0
2016-10-11,NG1611,1260.1,1262.1,1253.0,1253.3,418.0,,纽约期金1611,3025.0,1254.2,1253.3
2016-10-12,NG1611,1254.8,1257.5,1250.0,1255.0,532.0,,纽约期金1611,3026.0,1252.3,1255.0
2016-10-13,NG1611,1254.0,1262.0,1253.7,1258.5,423.0,,纽约期金1611,2952.0,1256.1,1258.5
2016-10-14,NG1611,1257.9,1257.9,1246.9,1250.1,373.0,,纽约期金1611,2940.0,1254.0,1250.1
2016-10-17,NG1611,1250.5,1256.1,1249.8,1253.5,119.0,,纽约期金1611,2986.0,1255.1,1253.5
2016-10-18,NG1611,1255.2,1263.3,1254.5,1261.7,426.0,,纽约期金1611,3036.0,1261.5,1261.7
2016-10-19,NG1611,1262.4,1272.1,1260.0,1268.5,623.0,,纽约期金1611,3004.0,1268.4,1268.5
2016-10-20,NG1611,1269.0,1274.2,1264.4,1265.5,386.0,,纽约期金1611,2861.0,1266.1,1265.5
2016-10-21,NG1611,1263.4,1267.2,1261.0,1266.0,260.0,,纽约期金1611,2745.0,1266.4,1266.0
2016-10-24,NG1611,1265.4,1270.7,1260.4,1263.5,548.0,,纽约期金1611,2694.0,1262.4,1263.5
2016-10-25,NG1611,1263.8,1275.1,1263.3,1273.2,452.0,,纽约期金1611,2436.0,1272.2,1273.2
2016-10-26,NG1611,1272.7,1275.1,1264.3,1266.1,889.0,,纽约期金1611,2260.0,1265.2,1266.1
2016-10-27,NG1611,1265.0,1272.2,1265.0,1268.7,338.0,,纽约期金1611,1883.0,1268.2,1268.7
2016-10-28,NG1611,1270.3,1281.5,1262.0,1276.0,560.0,,纽约期金1611,1804.0,1275.5,1276.0
2016-10-31,NG1611,1276.6,1276.6,1271.6,1273.0,58.0,,纽约期金1611,1374.0,1271.5,1273.0
2016-11-01,NG1611,1279.3,1290.7,1279.0,1287.8,49.0,,纽约期金1611,475.0,1286.4,1287.8
2016-11-02,NG1611,1288.3,1307.0,1288.3,1296.3,30.0,,纽约期金1611,494.0,1306.8,1296.3
2016-11-03,NG1611,1296.4,1303.1,1287.3,1303.1,73.0,,纽约期金1611,118.0,1302.1,1303.1
2016-11-04,NG1611,1300.0,1300.0,1296.7,1296.7,11.0,,纽约期金1611,88.0,1303.3,1296.7
2016-11-07,NG1611,1292.0,1294.5,1280.2,1280.2,34.0,,纽约期金1611,21.0,1278.3,1280.2
2016-11-08,NG1611,1284.1,1289.4,1273.2,1275.0,50.0,,纽约期金1611,22.0,1273.4,1275.0
2016-11-09,NG1611,1272.2,1318.6,1270.0,1275.3,108.0,,纽约期金1611,26.0,1272.6,1275.3
2016-11-10,NG1611,1274.4,1287.5,1253.3,1253.3,63.0,,纽约期金1611,25.0,1265.5,1253.3
2016-11-11,NG1611,1253.7,1258.7,1219.1,1225.2,599.0,,纽约期金1611,36.0,1223.5,1225.2
2016-11-14,NG1611,1227.8,1229.5,1210.4,1219.2,216.0,,纽约期金1611,185.0,1221.2,1219.2
2016-11-15,NG1611,1224.3,1226.0,1221.1,1223.9,20.0,,纽约期金1611,78.0,1224.0,1223.9
2016-11-16,NG1611,1229.3,1229.3,1223.0,1225.0,66.0,,纽约期金1611,29.0,1223.4,1225.0
2016-11-17,NG1611,1224.6,1225.0,1211.0,1211.0,1139.0,,纽约期金1611,59.0,1216.5,1211.0
2016-11-18,NG1611,1211.9,1211.9,1207.2,1207.8,607.0,,纽约期金1611,1075.0,1208.5,1207.8
2016-11-21,NG1611,,,,1209.6,0.0,,纽约期金1611,553.0,1209.6,1209.6
2016-11-22,NG1611,1210.4,1211.1,1207.6,1209.9,19.0,,纽约期金1611,17.0,1211.0,1209.9
2016-11-23,NG1611,1212.8,1213.8,1186.8,1187.1,309.0,,纽约期金1611,27.0,1189.1,1187.1
2016-11-25,NG1611,1177.0,1189.3,1177.0,1178.9,14.0,,纽约期金1611,221.0,1178.2,1178.9
2016-11-28,NG1611,1188.0,1190.2,1188.0,1190.2,23.0,,纽约期金1611,29.0,1190.6,1190.2
