date,symbol,open,high,low,close,volume,amount,name,openinterest,settleprice,price
2016-04-29,NG1607,1278.2,1298.3,1278.2,1294.0,30.0,,纽约期金1607,0.0,1291.5,1294.0
2016-05-02,NG1607,1294.1,1305.2,1292.7,1293.0,35.0,,纽约期金1607,9.0,1296.9,1293.0
2016-05-03,NG1607,1298.4,1303.0,1286.7,1291.5,148.0,,纽约期金1607,32.0,1292.9,1291.5
2016-05-04,NG1607,1289.6,1292.0,1275.0,1283.0,114.0,,纽约期金1607,119.0,1275.6,1283.0
2016-05-05,NG1607,1284.4,1288.5,1275.0,1279.4,193.0,,纽约期金1607,172.0,1273.5,1279.4
2016-05-06,NG1607,1280.7,1298.4,1280.3,1291.5,226.0,,纽约期金1607,278.0,1295.1,1291.5
2016-05-09,NG1607,1288.4,1290.5,1265.0,1266.5,220.0,,纽约期金1607,264.0,1267.8,1266.5
2016-05-10,NG1607,1267.1,1271.7,1261.2,1271.7,77.0,,纽约期金1607,282.0,1266.0,1271.7
2016-05-11,NG1607,1269.3,1281.2,1268.8,1278.5,363.0,,纽约期金1607,272.0,1276.8,1278.5
2016-05-12,NG1607,1278.4,1283.0,1264.3,1266.5,197.0,,纽约期金1607,396.0,1272.3,1266.5
2016-05-13,NG1607,1267.4,1277.6,1266.8,1275.3,309.0,,纽约期金1607,336.0,1273.8,1275.3
2016-05-16,NG1607,1275.2,1290.3,1274.0,1276.7,221.0,,纽约期金1607,338.0,1275.4,1276.7
2016-05-17,NG1607,1276.8,1285.0,1271.5,1282.5,283.0,,纽约期金1607,347.0,1278.2,1282.5
2016-05-18,NG1607,1282.9,1283.3,1257.4,1258.8,496.0,,纽约期金1607,452.0,1275.7,1258.8
2016-05-19,NG1607,1261.5,1263.0,1246.0,1256.4,1527.0,,纽约期金1607,508.0,1256.1,1256.4
2016-05-20,NG1607,1258.5,1261.9,1251.9,1254.5,942.0,,纽约期金1607,1049.0,1254.4,1254.5
2016-05-23,NG1607,1252.9,1257.6,1246.0,1251.5,662.0,,纽约期金1607,1063.0,1253.2,1251.5
2016-05-24,NG1607,1250.8,1251.1,1228.0,1228.6,1310.0,,纽约期金1607,1175.0,1230.7,1228.6
2016-05-25,NG1607,1228.6,1231.6,1219.2,1225.9,1514.0,,纽约期金1607,1269.0,1225.2,1225.9
2016-05-26,NG1607,1222.0,1234.9,1219.9,1221.0,2961.0,,纽约期金1607,1791.0,1221.5,1221.0
2016-05-27,NG1607,1221.3,1224.4,1207.9,1213.9,2733.0,,纽约期金1607,2589.0,1215.2,1213.9
2016-05-31,NG1607,1212.1,1219.2,1200.9,1216.1,2226.0,,纽约期金1607,2818.0,1216.2,1216.1
2016-06-01,NG1607,1216.5,1221.4,1206.8,1213.4,2586.0,,纽约期金1607,2990.0,1213.4,1213.4
2016-06-02,NG1607,1213.4,1218.4,1210.9,1211.8,1368.0,,纽约期金1607,2804.0,1211.2,1211.8
2016-06-03,NG1607,1211.5,1246.0,1207.7,1245.7,2969.0,,纽约期金1607,2665.0,1241.5,1245.7
2016-06-06,NG1607,1244.3,1249.3,1241.1,1246.3,1025.0,,纽约期金1607,2380.0,1245.9,1246.3
2016-06-07,NG1607,1245.8,1247.4,1235.9,1245.2,609.0,,纽约期金1607,2340.0,1245.5,1245.2
2016-06-08,NG1607,1245.1,1265.5,1244.5,1263.1,2055.0,,纽约期金1607,2382.0,1260.8,1263.1
2016-06-09,NG1607,1263.0,1272.8,1258.7,1270.8,933.0,,纽约期金1607,2738.0,1271.2,1270.8
2016-06-10,NG1607,1270.9,1279.1,1266.0,1275.4,928.0,,纽约期金1607,2972.0,1274.4,1275.4
2016-06-13,NG1607,1277.2,1288.5,1273.8,1285.0,935.0,,纽约期金1607,3053.0,1285.4,1285.0
2016-06-14,NG1607,1283.8,1291.4,1278.2,1287.3,1266.0,,纽约期金1607,3107.0,1286.6,1287.3
2016-06-15,NG1607,1286.0,1298.3,1279.9,1293.3,3065.0,,纽约期金1607,3043.0,1286.8,1293.3
2016-06-16,NG1607,1294.7,1317.0,1279.9,1280.0,3682.0,,纽约期金1607,3909.0,1296.8,1280.0
2016-06-17,NG1607,1280.8,1301.0,1278.9,1301.0,1318.0,,纽约期金1607,4583.0,1293.2,1301.0
2016-06-20,NG1607,1291.0,1293.3,1279.6,1291.3,686.0,,纽约期金1607,4784.0,1290.4,1291.3
2016-06-21,NG1607,1290.0,1295.0,1266.0,1269.6,1219.0,,纽约期金1607,4857.0,1270.9,1269.6
2016-06-22,NG1607,1270.7,1271.5,1262.6,1268.1,842.0,,纽约期金1607,4913.0,1268.4,1268.1
2016-06-23,NG1607,1264.8,1273.3,1256.2,1257.2,527.0,,纽约期金1607,5089.0,1261.6,1257.2
2016-06-24,NG1607,1252.4,1360.1,1252.4,1317.3,4406.0,,纽约期金1607,5036.0,1319.7,1317.3
2016-06-27,NG1607,1325.0,1336.2,1318.8,1325.7,1752.0,,纽约期金1607,5384.0,1322.0,1325.7
2016-06-28,NG1607,1325.2,1325.7,1306.0,1312.2,1072.0,,纽约期金1607,5110.0,1314.9,1312.2
2016-06-29,NG1607,1311.6,1327.4,1311.6,1318.3,414.0,,纽约期金1607,4772.0,1323.9,1318.3
2016-06-30,NG1607,1315.8,1323.5,1314.5,1323.5,560.0,,纽约期金1607,4644.0,1318.4,1323.5
2016-07-01,NG1607,1324.5,1344.2,1321.9,1344.0,137.0,,纽约期金1607,4985.0,1336.7,1344.0
2016-07-05,NG1607,1342.2,1356.8,1339.7,1356.7,90.0,,纽约期金1607,2070.0,1356.4,1356.7
2016-07-06,NG1607,1359.0,1375.0,1359.0,1363.6,130.0,,纽约期金1607,1048.0,1364.9,1363.6
2016-07-07,NG1607,1366.8,1368.6,1350.5,1359.9,207.0,,纽约期金1607,1085.0,1360.1,1359.9
2016-07-08,NG1607,1361.3,1365.8,1335.0,1365.8,249.0,,纽约期金1607,1201.0,1356.6,1365.8
2016-07-11,NG1607,1371.7,1371.8,1353.0,1353.9,26.0,,纽约期金1607,1209.0,1355.0,1353.9
2016-07-12,NG1607,1353.6,1356.0,1330.3,1332.4,252.0,,纽约期金1607,1190.0,1334.1,1332.4
2016-07-13,NG1607,1341.5,1341.5,1336.7,1336.7,7.0,,纽约期金1607,1034.0,1342.4,1336.7
2016-07-14,NG1607,1341.4,1341.4,1322.7,1331.9,20.0,,纽约期金1607,422.0,1331.3,1331.9
2016-07-15,NG1607,1333.7,1333.7,1322.9,1327.2,52.0,,纽约期金1607,420.0,1326.5,1327.2
2016-07-18,NG1607,1327.5,1335.0,1326.2,1328.4,54.0,,纽约期金1607,76.0,1328.4,1328.4
2016-07-19,NG1607,1328.5,1333.2,1326.4,1331.4,322.0,,纽约期金1607,69.0,1331.5,1331.4
2016-07-20,NG1607,1331.0,1337.5,1315.5,1317.0,751.0,,纽约期金1607,344.0,1318.8,1317.0
2016-07-21,NG1607,1312.8,1329.5,1312.8,1329.5,318.0,,纽约期金1607,803.0,1330.5,1329.5
2016-07-22,NG1607,1330.7,1330.7,1320.4,1322.2,55.0,,纽约期金1607,374.0,1323.1,1322.2
2016-07-25,NG1607,1315.7,1318.1,1313.8,1317.1,548.0,,纽约期金1607,100.0,1319.3,1317.1
2016-07-26,NG1607,1315.2,1320.3,1315.2,1320.3,63.0,,纽约期金1607,447.0,1320.7,1320.3
2016-07-27,NG1607,1326.0,1326.3,1326.0,1326.3,4.0,,纽约期金1607,17.0,1326.6,1326.3
