date,symbol,open,high,low,close,volume,amount,name,openinterest,settleprice,price
2017-02-27,NG1705,,,,1260.4,,,纽约期金1705,,1260.4,1260.4
2017-02-28,NG1705,1254.7,1258.4,1252.9,1252.9,98.0,,纽约期金1705,62.0,1255.4,1252.9
2017-03-01,NG1705,1248.2,1252.7,1240.2,1251.7,128.0,,纽约期金1705,103.0,1251.6,1251.7
2017-03-02,NG1705,1249.4,1249.4,1234.2,1234.8,202.0,,纽约期金1705,199.0,1234.4,1234.8
2017-03-03,NG1705,1236.0,1237.9,1224.9,1237.9,256.0,,纽约期金1705,268.0,1228.1,1237.9
2017-03-06,NG1705,1235.1,1236.4,1227.1,1227.1,469.0,,纽约期金1705,414.0,1227.1,1227.1
2017-03-07,NG1705,1227.1,1227.1,1215.6,1217.0,451.0,,纽约期金1705,413.0,1217.7,1217.0
2017-03-08,NG1705,1219.0,1219.0,1208.4,1211.1,167.0,,纽约期金1705,420.0,1211.0,1211.1
2017-03-09,NG1705,1209.3,1209.3,1201.5,1201.5,651.0,,纽约期金1705,776.0,1204.8,1201.5
2017-03-10,NG1705,1202.0,1206.4,1197.2,1205.5,544.0,,纽约期金1705,763.0,1203.0,1205.5
2017-03-13,NG1705,1207.0,1211.6,1204.6,1205.0,554.0,,纽约期金1705,749.0,1204.7,1205.0
2017-03-14,NG1705,1203.6,1208.5,1198.6,1198.9,231.0,,纽约期金1705,874.0,1204.2,1198.9
2017-03-15,NG1705,1199.5,1223.0,1198.3,1221.2,692.0,,纽约期金1705,927.0,1202.3,1221.2
2017-03-16,NG1705,1220.5,1234.0,1220.0,1227.3,767.0,,纽约期金1705,907.0,1228.6,1227.3
2017-03-17,NG1705,1227.0,1232.7,1225.8,1230.1,335.0,,纽约期金1705,952.0,1231.7,1230.1
2017-03-20,NG1705,1231.6,1236.2,1231.6,1235.6,264.0,,纽约期金1705,1088.0,1235.6,1235.6
2017-03-21,NG1705,1235.9,1248.8,1228.4,1246.8,421.0,,纽约期金1705,1128.0,1248.0,1246.8
2017-03-22,NG1705,1246.5,1252.5,1246.0,1249.3,579.0,,纽约期金1705,1220.0,1251.2,1249.3
2017-03-23,NG1705,1249.0,1254.5,1244.3,1246.8,620.0,,纽约期金1705,1312.0,1248.6,1246.8
2017-03-24,NG1705,1247.6,1252.5,1242.5,1246.2,854.0,,纽约期金1705,1478.0,1250.1,1246.2
2017-03-27,NG1705,1251.7,1262.4,1247.7,1255.8,801.0,,纽约期金1705,1586.0,1257.3,1255.8
2017-03-28,NG1705,1255.3,1259.8,1249.0,1252.8,1522.0,,纽约期金1705,2008.0,1257.2,1252.8
2017-03-29,NG1705,1253.5,1255.9,1248.7,1254.5,1571.0,,纽约期金1705,2214.0,1255.3,1254.5
2017-03-30,NG1705,1254.0,1254.7,1242.8,1243.7,2485.0,,纽约期金1705,2739.0,1246.5,1243.7
2017-03-31,NG1705,1242.8,1250.9,1240.2,1249.4,2127.0,,纽约期金1705,3053.0,1249.5,1249.4
2017-04-03,NG1705,1248.5,1254.2,1244.8,1254.1,1114.0,,纽约期金1705,2716.0,1252.3,1254.1
2017-04-04,NG1705,1254.8,1261.7,1254.4,1256.4,1389.0,,纽约期金1705,2726.0,1256.7,1256.4
2017-04-05,NG1705,1256.4,1257.5,1243.9,1255.6,1252.0,,纽约期金1705,2550.0,1246.9,1255.6
2017-04-06,NG1705,1256.5,1259.2,1249.9,1252.0,646.0,,纽约期金1705,2580.0,1251.7,1252.0
2017-04-07,NG1705,1251.8,1271.2,1251.0,1254.4,1548.0,,纽约期金1705,2412.0,1255.6,1254.4
2017-04-10,NG1705,1254.0,1257.1,1247.0,1254.4,696.0,,纽约期金1705,2363.0,1252.3,1254.4
2017-04-11,NG1705,1255.0,1275.1,1253.5,1274.5,1100.0,,纽约期金1705,2533.0,1272.5,1274.5
2017-04-12,NG1705,1274.0,1287.3,1272.5,1287.3,932.0,,纽约期金1705,2380.0,1276.4,1287.3
2017-04-13,NG1705,1286.1,1288.7,1282.3,1287.7,625.0,,纽约期金1705,2315.0,1286.8,1287.7
2017-04-17,NG1705,1290.5,1295.3,1281.5,1284.7,791.0,,纽约期金1705,2294.0,1290.2,1284.7
2017-04-18,NG1705,1284.8,1292.3,1278.9,1289.4,606.0,,纽约期金1705,2265.0,1292.4,1289.4
2017-04-19,NG1705,1289.7,1290.8,1273.8,1279.8,629.0,,纽约期金1705,2164.0,1281.7,1279.8
2017-04-20,NG1705,1279.4,1283.2,1276.6,1281.5,333.0,,纽约期金1705,2039.0,1282.1,1281.5
2017-04-21,NG1705,1281.8,1288.1,1278.4,1284.4,736.0,,纽约期金1705,1880.0,1287.4,1284.4
2017-04-24,NG1705,1280.9,1280.9,1265.0,1275.1,818.0,,纽约期金1705,1673.0,1275.9,1275.1
2017-04-25,NG1705,1276.2,1278.1,1261.5,1263.1,1387.0,,纽约期金1705,1157.0,1265.4,1263.1
2017-04-26,NG1705,1263.8,1269.5,1259.6,1268.3,1156.0,,纽约期金1705,560.0,1262.1,1268.3
2017-04-27,NG1705,1266.7,1267.2,1262.2,1264.5,206.0,,纽约期金1705,479.0,1263.7,1264.5
2017-04-28,NG1705,1265.9,1267.2,1264.7,1267.2,85.0,,纽约期金1705,435.0,1266.1,1267.2
2017-05-01,NG1705,1268.7,1269.3,1254.0,1256.1,34.0,,纽约期金1705,418.0,1253.3,1256.1
2017-05-02,NG1705,1256.2,1256.2,1251.2,1255.3,90.0,,纽约期金1705,335.0,1255.1,1255.3
2017-05-03,NG1705,1255.1,1255.8,1237.8,1237.8,195.0,,纽约期金1705,218.0,1246.4,1237.8
2017-05-04,NG1705,1239.8,1239.8,1224.1,1226.4,72.0,,纽约期金1705,84.0,1226.5,1226.4
2017-05-05,NG1705,1227.0,1233.7,1225.1,1228.0,16.0,,纽约期金1705,62.0,1224.8,1228.0
2017-05-08,NG1705,1224.0,1234.0,1224.0,1225.4,43.0,,纽约期金1705,78.0,1225.3,1225.4
2017-05-09,NG1705,1226.1,1226.2,1214.0,1219.7,55.0,,纽约期金1705,75.0,1214.3,1219.7
2017-05-10,NG1705,1219.8,1220.2,1217.8,1217.8,23.0,,纽约期金1705,42.0,1217.3,1217.8
2017-05-11,NG1705,1218.5,1220.0,1218.3,1220.0,13.0,,纽约期金1705,42.0,1222.7,1220.0
2017-05-12,NG1705,1228.0,1229.5,1226.1,1226.7,29.0,,纽约期金1705,41.0,1226.2,1226.7
2017-05-15,NG1705,1227.5,1232.7,1227.5,1229.0,13.0,,纽约期金1705,33.0,1228.6,1229.0
2017-05-16,NG1705,1230.4,1237.3,1230.4,1236.1,20.0,,纽约期金1705,32.0,1235.0,1236.1
2017-05-17,NG1705,1241.0,1259.2,1240.7,1259.2,26.0,,纽约期金1705,40.0,1257.5,1259.2
2017-05-18,NG1705,1254.8,1260.0,1245.8,1248.1,43.0,,纽约期金1705,34.0,1251.7,1248.1
2017-05-19,NG1705,,,,1252.7,0.0,,纽约期金1705,23.0,1252.7,1252.7
2017-05-22,NG1705,1251.7,1255.3,1251.7,1255.3,14.0,,纽约期金1705,25.0,1260.7,1255.3
2017-05-23,NG1705,1261.5,1261.6,1250.6,1250.6,20.0,,纽约期金1705,27.0,1254.8,1250.6
2017-05-24,NG1705,1251.9,1257.8,1249.7,1257.8,14.0,,纽约期金1705,30.0,1252.4,1257.8
2017-05-25,NG1705,1257.1,1258.3,1256.2,1256.2,11.0,,纽约期金1705,23.0,1255.8,1256.2
2017-05-26,NG1705,,,,1267.6,1.0,,纽约期金1705,22.0,1267.6,1267.6
