date,symbol,open,high,low,close,volume,amount,name,openinterest,settleprice,price
2016-10-28,NG1701,,,,1278.6,0.0,,纽约期金1701,0.0,1278.6,1278.6
2016-10-31,NG1701,1277.9,1281.0,1275.0,1280.9,20.0,,纽约期金1701,0.0,1275.1,1280.9
2016-11-01,NG1701,1279.8,1293.9,1279.1,1293.8,86.0,,纽约期金1701,10.0,1290.0,1293.8
2016-11-02,NG1701,1295.7,1310.7,1295.7,1300.7,240.0,,纽约期金1701,44.0,1310.2,1300.7
2016-11-03,NG1701,1300.8,1309.0,1291.7,1306.2,96.0,,纽约期金1701,215.0,1305.3,1306.2
2016-11-04,NG1701,1299.9,1309.0,1298.8,1306.5,291.0,,纽约期金1701,267.0,1306.5,1306.5
2016-11-07,NG1701,1293.0,1294.7,1282.6,1283.0,257.0,,纽约期金1701,471.0,1281.3,1283.0
2016-11-08,NG1701,1284.8,1291.2,1277.3,1277.5,286.0,,纽约期金1701,528.0,1276.4,1277.5
2016-11-09,NG1701,1272.4,1339.0,1272.0,1279.0,768.0,,纽约期金1701,720.0,1275.4,1279.0
2016-11-10,NG1701,1280.0,1292.8,1255.8,1260.6,640.0,,纽约期金1701,994.0,1267.9,1260.6
2016-11-11,NG1701,1259.8,1265.3,1222.8,1226.1,564.0,,纽约期金1701,1139.0,1225.6,1226.1
2016-11-14,NG1701,1229.8,1231.0,1212.5,1221.8,745.0,,纽约期金1701,1246.0,1223.0,1221.8
2016-11-15,NG1701,1223.3,1232.0,1219.9,1228.6,313.0,,纽约期金1701,1302.0,1225.9,1228.6
2016-11-16,NG1701,1230.9,1234.1,1222.5,1227.5,230.0,,纽约期金1701,1390.0,1225.3,1227.5
2016-11-17,NG1701,1227.5,1232.3,1212.6,1217.4,623.0,,纽约期金1701,1411.0,1218.3,1217.4
2016-11-18,NG1701,1214.5,1216.3,1204.0,1210.3,372.0,,纽约期金1701,1240.0,1210.1,1210.3
2016-11-21,NG1701,1209.3,1219.0,1207.0,1215.5,692.0,,纽约期金1701,1294.0,1211.3,1215.5
2016-11-22,NG1701,1215.5,1222.2,1207.6,1213.4,453.0,,纽约期金1701,1587.0,1212.7,1213.4
2016-11-23,NG1701,1213.8,1215.8,1182.5,1188.4,1486.0,,纽约期金1701,1584.0,1190.8,1188.4
2016-11-25,NG1701,1189.6,1193.2,1172.0,1185.2,1605.0,,纽约期金1701,1804.0,1179.6,1185.2
2016-11-28,NG1701,1185.6,1198.4,1184.0,1194.0,3125.0,,纽约期金1701,1975.0,1192.3,1194.0
2016-11-29,NG1701,1195.0,1196.0,1181.1,1188.6,2223.0,,纽约期金1701,2552.0,1189.3,1188.6
2016-11-30,NG1701,1188.7,1195.0,1169.7,1173.8,2315.0,,纽约期金1701,2501.0,1172.4,1173.8
2016-12-01,NG1701,1174.1,1177.0,1161.0,1171.8,1653.0,,纽约期金1701,2386.0,1168.1,1171.8
2016-12-02,NG1701,1173.2,1178.4,1167.2,1177.6,1351.0,,纽约期金1701,2468.0,1176.5,1177.6
2016-12-05,NG1701,1179.3,1188.5,1158.0,1170.7,1642.0,,纽约期金1701,2546.0,1175.2,1170.7
2016-12-06,NG1701,1170.9,1175.5,1167.0,1169.9,567.0,,纽约期金1701,2572.0,1168.8,1169.9
2016-12-07,NG1701,1169.9,1180.7,1167.4,1174.6,829.0,,纽约期金1701,2559.0,1176.2,1174.6
2016-12-08,NG1701,1174.9,1179.3,1169.8,1170.9,570.0,,纽约期金1701,2461.0,1171.1,1170.9
2016-12-09,NG1701,1170.6,1172.1,1157.6,1160.4,847.0,,纽约期金1701,2487.0,1160.6,1160.4
2016-12-12,NG1701,1158.0,1166.1,1151.4,1163.4,1093.0,,纽约期金1701,2443.0,1164.7,1163.4
2016-12-13,NG1701,1164.1,1165.2,1155.3,1158.9,782.0,,纽约期金1701,2354.0,1157.8,1158.9
2016-12-14,NG1701,1158.1,1166.6,1140.7,1143.6,1399.0,,纽约期金1701,2407.0,1162.4,1143.6
2016-12-15,NG1701,1143.6,1144.2,1124.7,1128.7,1467.0,,纽约期金1701,2340.0,1128.6,1128.7
2016-12-16,NG1701,1129.6,1141.5,1127.5,1135.4,1721.0,,纽约期金1701,2273.0,1135.9,1135.4
2016-12-19,NG1701,1134.1,1142.1,1134.1,1138.8,1072.0,,纽约期金1701,2651.0,1141.0,1138.8
2016-12-20,NG1701,1138.5,1139.2,1126.6,1132.0,822.0,,纽约期金1701,2420.0,1132.0,1132.0
2016-12-21,NG1701,1132.4,1136.8,1129.7,1131.5,332.0,,纽约期金1701,2248.0,1131.6,1131.5
2016-12-22,NG1701,1131.6,1133.5,1127.7,1128.2,195.0,,纽约期金1701,2131.0,1129.1,1128.2
2016-12-23,NG1701,1130.3,1135.3,1129.9,1133.1,330.0,,纽约期金1701,2097.0,1132.0,1133.1
2016-12-27,NG1701,1134.2,1149.3,1132.7,1138.9,970.0,,纽约期金1701,2037.0,1137.4,1138.9
2016-12-28,NG1701,1138.5,1143.0,1136.6,1141.6,1570.0,,纽约期金1701,1630.0,1139.2,1141.6
2016-12-29,NG1701,1143.8,1158.8,1143.6,1156.5,950.0,,纽约期金1701,1284.0,1156.4,1156.5
2016-12-30,NG1701,1162.0,1162.0,1150.9,1151.4,16.0,,纽约期金1701,1143.0,1150.0,1151.4
2017-01-11,NG1701,1187.5,1197.0,1176.5,1190.0,20.0,,纽约期金1701,136.0,1195.6,1190.0
2017-01-12,NG1701,1192.7,1204.3,1192.3,1195.3,110.0,,纽约期金1701,135.0,1198.9,1195.3
2017-01-13,NG1701,1195.7,1196.0,1187.7,1188.1,65.0,,纽约期金1701,235.0,1195.3,1188.1
2017-01-17,NG1701,1205.5,1214.6,1200.8,1214.6,79.0,,纽约期金1701,186.0,1212.0,1214.6
2017-01-18,NG1701,1213.6,1214.7,1203.1,1203.2,114.0,,纽约期金1701,132.0,1211.3,1203.2
2017-01-19,NG1701,1200.5,1204.0,1195.8,1200.2,26.0,,纽约期金1701,107.0,1200.9,1200.2
2017-01-20,NG1701,1202.8,1212.1,1202.8,1210.0,38.0,,纽约期金1701,70.0,1204.3,1210.0
2017-01-23,NG1701,1212.0,1213.6,1210.0,1210.0,16.0,,纽约期金1701,61.0,1215.0,1210.0
2017-01-24,NG1701,1219.0,1219.0,1207.7,1207.7,24.0,,纽约期金1701,54.0,1210.3,1207.7
2017-01-25,NG1701,1202.0,1202.8,1194.9,1195.8,403.0,,纽约期金1701,60.0,1197.3,1195.8
2017-01-26,NG1701,1199.7,1199.7,1185.6,1185.6,19.0,,纽约期金1701,47.0,1189.5,1185.6
2017-01-27,NG1701,1187.9,1188.3,1187.9,1188.3,16.0,,纽约期金1701,47.0,1188.1,1188.3
