date,symbol,open,high,low,close,volume,amount,name,openinterest,settleprice,price
2012-04-11,NK1209,9390.0,9445.0,9375.0,9445.0,60.0,,SGX日经225指数1209,3057.0,9435.0,9445.0
2012-04-12,NK1209,9445.0,9475.0,9445.0,9475.0,412.0,,SGX日经225指数1209,3456.0,9530.0,9475.0
2012-04-13,NK1209,9535.0,9680.0,9525.0,9655.0,923.0,,SGX日经225指数1209,4062.0,9625.0,9655.0
2012-04-16,NK1209,9600.0,9600.0,9535.0,9535.0,103.0,,SGX日经225指数1209,7711.0,9455.0,9535.0
2012-04-17,NK1209,9480.0,9480.0,9480.0,9480.0,104.0,,SGX日经225指数1209,7671.0,9445.0,9480.0
2012-04-18,NK1209,9525.0,9675.0,9525.0,9675.0,434.0,,SGX日经225指数1209,7838.0,9660.0,9675.0
2012-04-20,NK1209,9570.0,9570.0,9545.0,9545.0,106.0,,SGX日经225指数1209,7914.0,9555.0,9545.0
2012-04-23,NK1209,,,,9505.0,0.0,,SGX日经225指数1209,7914.0,9505.0,9505.0
2012-04-24,NK1209,9425.0,9425.0,9400.0,9400.0,3.0,,SGX日经225指数1209,7913.0,9475.0,9400.0
2012-04-25,NK1209,9570.0,9575.0,9555.0,9555.0,28.0,,SGX日经225指数1209,7912.0,9550.0,9555.0
2012-04-26,NK1209,9605.0,9605.0,9595.0,9605.0,52.0,,SGX日经225指数1209,7915.0,9555.0,9605.0
2012-04-27,NK1209,9565.0,9675.0,9485.0,9495.0,112.0,,SGX日经225指数1209,7972.0,9470.0,9495.0
2012-04-30,NK1209,,,,9470.0,0.0,,SGX日经225指数1209,7972.0,9470.0,9470.0
2012-05-02,NK1209,9310.0,9415.0,9300.0,9415.0,97.0,,SGX日经225指数1209,7981.0,9365.0,9415.0
2012-05-03,NK1209,9305.0,9305.0,9300.0,9305.0,48.0,,SGX日经225指数1209,7907.0,9365.0,9305.0
2012-05-04,NK1209,,,,9365.0,0.0,,SGX日经225指数1209,7906.0,9365.0,9365.0
2012-05-07,NK1209,9200.0,9200.0,9115.0,9115.0,411.0,,SGX日经225指数1209,7976.0,9105.0,9115.0
2012-05-08,NK1209,9185.0,9195.0,9175.0,9175.0,19.0,,SGX日经225指数1209,7959.0,9155.0,9175.0
2012-05-09,NK1209,9060.0,9060.0,9060.0,9060.0,302.0,,SGX日经225指数1209,8259.0,9055.0,9060.0
2012-05-10,NK1209,9030.0,9050.0,9010.0,9030.0,130.0,,SGX日经225指数1209,8353.0,9010.0,9030.0
2012-05-11,NK1209,9045.0,9045.0,8980.0,8980.0,95.0,,SGX日经225指数1209,8395.0,8940.0,8980.0
2012-05-14,NK1209,8950.0,9030.0,8950.0,8955.0,25.0,,SGX日经225指数1209,8403.0,8940.0,8955.0
2012-05-15,NK1209,8915.0,8915.0,8845.0,8895.0,463.0,,SGX日经225指数1209,8760.0,8910.0,8895.0
2012-05-16,NK1209,8940.0,8940.0,8765.0,8765.0,632.0,,SGX日经225指数1209,8995.0,8740.0,8765.0
2012-05-17,NK1209,8735.0,8870.0,8735.0,8870.0,54.0,,SGX日经225指数1209,8997.0,8845.0,8870.0
2012-05-18,NK1209,8795.0,8815.0,8580.0,8605.0,207.0,,SGX日经225指数1209,9140.0,8605.0,8605.0
2012-05-21,NK1209,8635.0,8655.0,8605.0,8625.0,506.0,,SGX日经225指数1209,9630.0,8615.0,8625.0
2012-05-22,NK1209,8630.0,8725.0,8625.0,8715.0,601.0,,SGX日经225指数1209,10156.0,8725.0,8715.0
2012-05-23,NK1209,8725.0,8770.0,8555.0,8555.0,187.0,,SGX日经225指数1209,10234.0,8570.0,8555.0
2012-05-24,NK1209,8545.0,8585.0,8490.0,8545.0,475.0,,SGX日经225指数1209,10652.0,8555.0,8545.0
2012-05-25,NK1209,8545.0,8600.0,8545.0,8575.0,1606.0,,SGX日经225指数1209,12310.0,8565.0,8575.0
2012-05-28,NK1209,8610.0,8610.0,8560.0,8585.0,313.0,,SGX日经225指数1209,12325.0,8595.0,8585.0
2012-05-29,NK1209,8595.0,8640.0,8505.0,8640.0,265.0,,SGX日经225指数1209,12406.0,8640.0,8640.0
2012-05-30,NK1209,8650.0,8650.0,8560.0,8610.0,8157.0,,SGX日经225指数1209,17825.0,8600.0,8610.0
2012-05-31,NK1209,8570.0,8580.0,8450.0,8525.0,6166.0,,SGX日经225指数1209,20645.0,8525.0,8525.0
2012-06-01,NK1209,8540.0,8560.0,8415.0,8415.0,5501.0,,SGX日经225指数1209,24230.0,8420.0,8415.0
2012-06-04,NK1209,8410.0,8410.0,8225.0,8290.0,20952.0,,SGX日经225指数1209,33855.0,8290.0,8290.0
2012-06-05,NK1209,8275.0,8410.0,8270.0,8390.0,61180.0,,SGX日经225指数1209,69519.0,8390.0,8390.0
2012-06-06,NK1209,8370.0,8540.0,8345.0,8505.0,15089.0,,SGX日经225指数1209,130821.0,8505.0,8505.0
2012-06-07,NK1209,8500.0,8640.0,8495.0,8600.0,31271.0,,SGX日经225指数1209,160663.0,8600.0,8600.0
2012-06-08,NK1209,8605.0,8700.0,8410.0,8420.0,23264.0,,SGX日经225指数1209,169662.0,8420.0,8420.0
2012-06-11,NK1209,8440.0,8650.0,8385.0,8595.0,88325.0,,SGX日经225指数1209,172231.0,8595.0,8595.0
2012-06-12,NK1209,8590.0,8605.0,8435.0,8535.0,87611.0,,SGX日经225指数1209,173330.0,8535.0,8535.0
2012-06-13,NK1209,8540.0,8605.0,8485.0,8585.0,74871.0,,SGX日经225指数1209,168448.0,8585.0,8585.0
2012-06-14,NK1209,8575.0,8605.0,8510.0,8560.0,68330.0,,SGX日经225指数1209,167486.0,8560.0,8560.0
2012-06-15,NK1209,8555.0,8615.0,8495.0,8555.0,90044.0,,SGX日经225指数1209,163020.0,8555.0,8555.0
2012-06-18,NK1209,8565.0,8755.0,8555.0,8730.0,80162.0,,SGX日经225指数1209,168657.0,8730.0,8730.0
2012-06-19,NK1209,8705.0,8715.0,8620.0,8645.0,75059.0,,SGX日经225指数1209,168189.0,8645.0,8645.0
2012-06-20,NK1209,8660.0,8755.0,8620.0,8735.0,74629.0,,SGX日经225指数1209,171024.0,8735.0,8735.0
2012-06-21,NK1209,8735.0,8845.0,8715.0,8825.0,88527.0,,SGX日经225指数1209,175713.0,8825.0,8825.0
2012-06-22,NK1209,8830.0,8885.0,8700.0,8780.0,96167.0,,SGX日经225指数1209,170815.0,8780.0,8780.0
2012-06-25,NK1209,8775.0,8825.0,8715.0,8720.0,74424.0,,SGX日经225指数1209,169774.0,8720.0,8720.0
2012-06-26,NK1209,8700.0,8715.0,8610.0,8695.0,99093.0,,SGX日经225指数1209,173399.0,8695.0,8695.0
2012-06-27,NK1209,8685.0,8740.0,8640.0,8735.0,74705.0,,SGX日经225指数1209,171983.0,8735.0,8735.0
2012-06-28,NK1209,8725.0,8880.0,8720.0,8865.0,95123.0,,SGX日经225指数1209,172397.0,8865.0,8865.0
2012-06-29,NK1209,8855.0,9070.0,8775.0,8975.0,48732.0,,SGX日经225指数1209,174721.0,8975.0,8975.0
2012-07-02,NK1209,8995.0,9105.0,8960.0,9010.0,93090.0,,SGX日经225指数1209,175408.0,9010.0,9010.0
2012-07-03,NK1209,9010.0,9085.0,8985.0,9070.0,90794.0,,SGX日经225指数1209,170144.0,9070.0,9070.0
2012-07-04,NK1209,9065.0,9155.0,9060.0,9090.0,71206.0,,SGX日经225指数1209,172813.0,9090.0,9090.0
2012-07-05,NK1209,9090.0,9125.0,9055.0,9095.0,69873.0,,SGX日经225指数1209,172285.0,9095.0,9095.0
2012-07-06,NK1209,9090.0,9130.0,8970.0,9025.0,97743.0,,SGX日经225指数1209,171093.0,9025.0,9025.0
2012-07-09,NK1209,9015.0,9035.0,8880.0,8890.0,81588.0,,SGX日经225指数1209,171287.0,8890.0,8890.0
2012-07-10,NK1209,8890.0,8965.0,8855.0,8860.0,74651.0,,SGX日经225指数1209,175559.0,8860.0,8860.0
2012-07-11,NK1209,8870.0,8915.0,8795.0,8845.0,69129.0,,SGX日经225指数1209,170076.0,8845.0,8845.0
2012-07-12,NK1209,8835.0,8880.0,8695.0,8705.0,12785.0,,SGX日经225指数1209,178388.0,8705.0,8705.0
2012-07-13,NK1209,8705.0,8755.0,8650.0,8695.0,77577.0,,SGX日经225指数1209,182052.0,8695.0,8695.0
2012-07-16,NK1209,8690.0,8820.0,8670.0,8760.0,22609.0,,SGX日经225指数1209,177239.0,8760.0,8760.0
2012-07-17,NK1209,8740.0,8810.0,8685.0,8740.0,53944.0,,SGX日经225指数1209,178929.0,8740.0,8740.0
2012-07-18,NK1209,8745.0,8800.0,8705.0,8740.0,74455.0,,SGX日经225指数1209,183177.0,8740.0,8740.0
2012-07-19,NK1209,8745.0,8835.0,8725.0,8785.0,68294.0,,SGX日经225指数1209,184011.0,8785.0,8785.0
2012-07-20,NK1209,8785.0,8815.0,8650.0,8670.0,85599.0,,SGX日经225指数1209,187349.0,8670.0,8670.0
2012-07-23,NK1209,8695.0,8700.0,8490.0,8505.0,92503.0,,SGX日经225指数1209,188041.0,8505.0,8505.0
2012-07-24,NK1209,8485.0,8510.0,8415.0,8465.0,96131.0,,SGX日经225指数1209,187060.0,8465.0,8465.0
2012-07-25,NK1209,8455.0,8475.0,8320.0,8355.0,96543.0,,SGX日经225指数1209,188746.0,8355.0,8355.0
2012-07-26,NK1209,8375.0,8445.0,8355.0,8440.0,97874.0,,SGX日经225指数1209,188187.0,8440.0,8440.0
2012-07-27,NK1209,8430.0,8580.0,8395.0,8555.0,6326.0,,SGX日经225指数1209,197181.0,8555.0,8555.0
2012-07-30,NK1209,8570.0,8720.0,8505.0,8600.0,96996.0,,SGX日经225指数1209,197270.0,8600.0,8600.0
2012-07-31,NK1209,8605.0,8735.0,8575.0,8675.0,5666.0,,SGX日经225指数1209,196553.0,8675.0,8675.0
2012-08-01,NK1209,8655.0,8690.0,8570.0,8630.0,91911.0,,SGX日经225指数1209,185052.0,8630.0,8630.0
2012-08-02,NK1209,8640.0,8705.0,8620.0,8625.0,86380.0,,SGX日经225指数1209,184752.0,8625.0,8625.0
2012-08-03,NK1209,8630.0,8685.0,8500.0,8555.0,4800.0,,SGX日经225指数1209,187726.0,8555.0,8555.0
2012-08-06,NK1209,8550.0,8750.0,8545.0,8725.0,94607.0,,SGX日经225指数1209,190319.0,8725.0,8725.0
2012-08-07,NK1209,8715.0,8810.0,8705.0,8810.0,97965.0,,SGX日经225指数1209,186364.0,8810.0,8810.0
2012-08-08,NK1209,8820.0,8960.0,8820.0,8870.0,43242.0,,SGX日经225指数1209,186832.0,8870.0,8870.0
2012-08-09,NK1209,8875.0,9000.0,8820.0,8990.0,37497.0,,SGX日经225指数1209,183684.0,8990.0,8990.0
2012-08-10,NK1209,8970.0,8990.0,8850.0,8880.0,90257.0,,SGX日经225指数1209,183965.0,8880.0,8880.0
2012-08-13,NK1209,8855.0,8920.0,8835.0,8875.0,62536.0,,SGX日经225指数1209,180705.0,8875.0,8875.0
2012-08-14,NK1209,8885.0,8965.0,8870.0,8945.0,72529.0,,SGX日经225指数1209,182684.0,8945.0,8945.0
2012-08-15,NK1209,8940.0,8990.0,8855.0,8930.0,65913.0,,SGX日经225指数1209,184762.0,8930.0,8930.0
2012-08-16,NK1209,8925.0,9095.0,8900.0,9080.0,95832.0,,SGX日经225指数1209,188488.0,9080.0,9080.0
2012-08-17,NK1209,9045.0,9180.0,9035.0,9175.0,96490.0,,SGX日经225指数1209,188330.0,9175.0,9175.0
2012-08-20,NK1209,9170.0,9230.0,9145.0,9195.0,77377.0,,SGX日经225指数1209,186005.0,9195.0,9195.0
2012-08-21,NK1209,9200.0,9230.0,9135.0,9165.0,61210.0,,SGX日经225指数1209,184749.0,9165.0,9165.0
2012-08-22,NK1209,9165.0,9245.0,9065.0,9115.0,87898.0,,SGX日经225指数1209,188871.0,9115.0,9115.0
2012-08-23,NK1209,9105.0,9190.0,9060.0,9170.0,91444.0,,SGX日经225指数1209,190106.0,9170.0,9170.0
2012-08-24,NK1209,9175.0,9195.0,9035.0,9055.0,74409.0,,SGX日经225指数1209,189391.0,9055.0,9055.0
2012-08-27,NK1209,9055.0,9160.0,9005.0,9085.0,72330.0,,SGX日经225指数1209,187239.0,9085.0,9085.0
2012-08-28,NK1209,9085.0,9135.0,8985.0,9050.0,89356.0,,SGX日经225指数1209,188455.0,9050.0,9050.0
2012-08-29,NK1209,9040.0,9080.0,9015.0,9080.0,57909.0,,SGX日经225指数1209,192446.0,9080.0,9080.0
2012-08-30,NK1209,9060.0,9100.0,8960.0,8980.0,82853.0,,SGX日经225指数1209,194745.0,8980.0,8980.0
2012-08-31,NK1209,8980.0,8990.0,8815.0,8825.0,105789.0,,SGX日经225指数1209,198734.0,8825.0,8825.0
2012-09-03,NK1209,8835.0,8930.0,8760.0,8770.0,,,SGX日经225指数1209,201623.0,8770.0,8770.0
2012-09-04,NK1209,8790.0,8815.0,8725.0,8765.0,8363.0,,SGX日经225指数1209,198713.0,8765.0,8765.0
2012-09-05,NK1209,8765.0,8785.0,8665.0,8675.0,91139.0,,SGX日经225指数1209,204041.0,8675.0,8675.0
2012-09-06,NK1209,8690.0,8710.0,8635.0,8690.0,92056.0,,SGX日经225指数1209,202650.0,8690.0,8690.0
2012-09-07,NK1209,8690.0,8885.0,8690.0,8885.0,27010.0,,SGX日经225指数1209,201658.0,8885.0,8885.0
2012-09-10,NK1209,8900.0,8935.0,8830.0,8865.0,7086.0,,SGX日经225指数1209,202310.0,8865.0,8865.0
2012-09-11,NK1209,8865.0,8875.0,8770.0,8790.0,41573.0,,SGX日经225指数1209,203829.0,8790.0,8790.0
2012-09-12,NK1209,8825.0,8970.0,8800.0,8955.0,81002.0,,SGX日经225指数1209,201885.0,8955.0,8955.0
2012-09-13,NK1209,8945.0,9025.0,8930.0,8995.0,8917.0,,SGX日经225指数1209,188432.0,8995.0,8995.0
2012-09-14,NK1209,,,,9076.79,0.0,,SGX日经225指数1209,198818.0,9076.79,9076.79
