date,symbol,open,high,low,close,volume,amount,name,openinterest,settleprice,price
2015-10-09,NK1607,0.0,0.0,0.0,18255.0,0.0,,SGX日经225指数1607,0.0,18255.0,18255.0
2015-10-12,NK1607,0.0,0.0,0.0,18190.0,0.0,,SGX日经225指数1607,0.0,18190.0,18190.0
2015-10-13,NK1607,0.0,0.0,0.0,18075.0,0.0,,SGX日经225指数1607,0.0,18075.0,18075.0
2015-10-14,NK1607,0.0,0.0,0.0,17785.0,0.0,,SGX日经225指数1607,0.0,17785.0,17785.0
2015-10-15,NK1607,0.0,0.0,0.0,17935.0,0.0,,SGX日经225指数1607,0.0,17935.0,17935.0
2015-10-16,NK1607,0.0,0.0,0.0,18120.0,0.0,,SGX日经225指数1607,0.0,18120.0,18120.0
2015-10-19,NK1607,0.0,0.0,0.0,17980.0,0.0,,SGX日经225指数1607,0.0,17980.0,17980.0
2015-10-20,NK1607,0.0,0.0,0.0,18050.0,0.0,,SGX日经225指数1607,0.0,18050.0,18050.0
2015-10-21,NK1607,0.0,0.0,0.0,18350.0,0.0,,SGX日经225指数1607,0.0,18350.0,18350.0
2015-10-22,NK1607,0.0,0.0,0.0,18280.0,0.0,,SGX日经225指数1607,0.0,18280.0,18280.0
2015-10-23,NK1607,0.0,0.0,0.0,18665.0,0.0,,SGX日经225指数1607,0.0,18665.0,18665.0
2015-10-26,NK1607,0.0,0.0,0.0,18765.0,0.0,,SGX日经225指数1607,0.0,18765.0,18765.0
2015-10-27,NK1607,0.0,0.0,0.0,18680.0,0.0,,SGX日经225指数1607,0.0,18680.0,18680.0
2015-10-28,NK1607,0.0,0.0,0.0,18765.0,0.0,,SGX日经225指数1607,0.0,18765.0,18765.0
2015-10-29,NK1607,0.0,0.0,0.0,18745.0,0.0,,SGX日经225指数1607,0.0,18745.0,18745.0
2015-10-30,NK1607,0.0,0.0,0.0,18915.0,0.0,,SGX日经225指数1607,0.0,18915.0,18915.0
2015-11-02,NK1607,0.0,0.0,0.0,18570.0,0.0,,SGX日经225指数1607,0.0,18570.0,18570.0
2015-11-03,NK1607,0.0,0.0,0.0,18810.0,0.0,,SGX日经225指数1607,0.0,18810.0,18810.0
2015-11-04,NK1607,0.0,0.0,0.0,18790.0,0.0,,SGX日经225指数1607,0.0,18790.0,18790.0
2015-11-05,NK1607,0.0,0.0,0.0,18975.0,0.0,,SGX日经225指数1607,0.0,18975.0,18975.0
2015-11-06,NK1607,0.0,0.0,0.0,19115.0,0.0,,SGX日经225指数1607,0.0,19115.0,19115.0
2015-11-09,NK1607,0.0,0.0,0.0,19475.0,0.0,,SGX日经225指数1607,0.0,19475.0,19475.0
2015-11-10,NK1607,0.0,0.0,0.0,19540.0,0.0,,SGX日经225指数1607,0.0,19540.0,19540.0
2015-11-11,NK1607,0.0,0.0,0.0,19565.0,0.0,,SGX日经225指数1607,0.0,19565.0,19565.0
2015-11-12,NK1607,0.0,0.0,0.0,19530.0,0.0,,SGX日经225指数1607,0.0,19530.0,19530.0
2015-11-13,NK1607,0.0,0.0,0.0,19460.0,0.0,,SGX日经225指数1607,0.0,19460.0,19460.0
2015-11-16,NK1607,0.0,0.0,0.0,19270.0,0.0,,SGX日经225指数1607,0.0,19270.0,19270.0
2015-11-17,NK1607,0.0,0.0,0.0,19485.0,0.0,,SGX日经225指数1607,0.0,19485.0,19485.0
2015-11-18,NK1607,0.0,0.0,0.0,19510.0,0.0,,SGX日经225指数1607,0.0,19510.0,19510.0
2015-11-19,NK1607,0.0,0.0,0.0,19705.0,0.0,,SGX日经225指数1607,0.0,19705.0,19705.0
2015-11-20,NK1607,0.0,0.0,0.0,19725.0,0.0,,SGX日经225指数1607,0.0,19725.0,19725.0
2015-11-23,NK1607,0.0,0.0,0.0,19855.0,0.0,,SGX日经225指数1607,0.0,19855.0,19855.0
2015-11-24,NK1607,0.0,0.0,0.0,19810.0,0.0,,SGX日经225指数1607,0.0,19810.0,19810.0
2015-11-25,NK1607,0.0,0.0,0.0,19690.0,0.0,,SGX日经225指数1607,0.0,19690.0,19690.0
2015-11-26,NK1607,0.0,0.0,0.0,19785.0,0.0,,SGX日经225指数1607,0.0,19785.0,19785.0
2015-11-27,NK1607,0.0,0.0,0.0,19690.0,0.0,,SGX日经225指数1607,0.0,19690.0,19690.0
2015-11-30,NK1607,0.0,0.0,0.0,19610.0,0.0,,SGX日经225指数1607,0.0,19610.0,19610.0
2015-12-01,NK1607,0.0,0.0,0.0,19850.0,0.0,,SGX日经225指数1607,0.0,19850.0,19850.0
2015-12-02,NK1607,0.0,0.0,0.0,19800.0,0.0,,SGX日经225指数1607,0.0,19800.0,19800.0
2015-12-03,NK1607,0.0,0.0,0.0,19765.0,0.0,,SGX日经225指数1607,0.0,19765.0,19765.0
2015-12-04,NK1607,0.0,0.0,0.0,19280.0,0.0,,SGX日经225指数1607,0.0,19280.0,19280.0
2015-12-07,NK1607,0.0,0.0,0.0,19610.0,0.0,,SGX日经225指数1607,0.0,19610.0,19610.0
2015-12-08,NK1607,0.0,0.0,0.0,19325.0,0.0,,SGX日经225指数1607,0.0,19325.0,19325.0
2015-12-09,NK1607,0.0,0.0,0.0,19140.0,0.0,,SGX日经225指数1607,0.0,19140.0,19140.0
2015-12-10,NK1607,0.0,0.0,0.0,18850.0,0.0,,SGX日经225指数1607,0.0,18850.0,18850.0
2015-12-11,NK1607,0.0,0.0,0.0,19075.0,0.0,,SGX日经225指数1607,0.0,19075.0,19075.0
2015-12-14,NK1607,0.0,0.0,0.0,18725.0,0.0,,SGX日经225指数1607,0.0,18725.0,18725.0
2015-12-15,NK1607,0.0,0.0,0.0,18455.0,0.0,,SGX日经225指数1607,0.0,18455.0,18455.0
2015-12-16,NK1607,0.0,0.0,0.0,18940.0,0.0,,SGX日经225指数1607,0.0,18940.0,18940.0
2015-12-17,NK1607,0.0,0.0,0.0,19200.0,0.0,,SGX日经225指数1607,0.0,19200.0,19200.0
2015-12-18,NK1607,0.0,0.0,0.0,18815.0,0.0,,SGX日经225指数1607,0.0,18815.0,18815.0
2015-12-21,NK1607,0.0,0.0,0.0,18715.0,0.0,,SGX日经225指数1607,0.0,18715.0,18715.0
2015-12-22,NK1607,0.0,0.0,0.0,18735.0,0.0,,SGX日经225指数1607,0.0,18735.0,18735.0
2015-12-23,NK1607,0.0,0.0,0.0,18755.0,0.0,,SGX日经225指数1607,0.0,18755.0,18755.0
2015-12-24,NK1607,0.0,0.0,0.0,18690.0,0.0,,SGX日经225指数1607,0.0,18690.0,18690.0
2015-12-25,NK1607,0.0,0.0,0.0,18590.0,0.0,,SGX日经225指数1607,0.0,18590.0,18590.0
2015-12-28,NK1607,0.0,0.0,0.0,18765.0,0.0,,SGX日经225指数1607,0.0,18765.0,18765.0
2015-12-29,NK1607,0.0,0.0,0.0,18855.0,0.0,,SGX日经225指数1607,0.0,18855.0,18855.0
2015-12-30,NK1607,0.0,0.0,0.0,18850.0,0.0,,SGX日经225指数1607,0.0,18850.0,18850.0
2015-12-31,NK1607,0.0,0.0,0.0,18735.0,0.0,,SGX日经225指数1607,0.0,18735.0,18735.0
2016-01-04,NK1607,0.0,0.0,0.0,18270.0,0.0,,SGX日经225指数1607,0.0,18270.0,18270.0
2016-01-05,NK1607,0.0,0.0,0.0,18260.0,0.0,,SGX日经225指数1607,0.0,18260.0,18260.0
2016-01-06,NK1607,0.0,0.0,0.0,18080.0,0.0,,SGX日经225指数1607,0.0,18080.0,18080.0
2016-01-07,NK1607,0.0,0.0,0.0,17525.0,0.0,,SGX日经225指数1607,0.0,17525.0,17525.0
2016-01-08,NK1607,0.0,0.0,0.0,17530.0,0.0,,SGX日经225指数1607,0.0,17530.0,17530.0
2016-01-11,NK1607,0.0,0.0,0.0,17190.0,0.0,,SGX日经225指数1607,0.0,17190.0,17190.0
2016-01-12,NK1607,0.0,0.0,0.0,16995.0,0.0,,SGX日经225指数1607,0.0,16995.0,16995.0
2016-01-13,NK1607,0.0,0.0,0.0,17535.0,0.0,,SGX日经225指数1607,0.0,17535.0,17535.0
2016-01-14,NK1607,0.0,0.0,0.0,17170.0,0.0,,SGX日经225指数1607,0.0,17170.0,17170.0
2016-01-15,NK1607,0.0,0.0,0.0,16970.0,0.0,,SGX日经225指数1607,0.0,16970.0,16970.0
2016-01-18,NK1607,0.0,0.0,0.0,16730.0,0.0,,SGX日经225指数1607,0.0,16730.0,16730.0
2016-01-19,NK1607,0.0,0.0,0.0,16920.0,0.0,,SGX日经225指数1607,0.0,16920.0,16920.0
2016-01-20,NK1607,0.0,0.0,0.0,16205.0,0.0,,SGX日经225指数1607,0.0,16205.0,16205.0
2016-01-21,NK1607,0.0,0.0,0.0,15875.0,0.0,,SGX日经225指数1607,0.0,15875.0,15875.0
2016-01-22,NK1607,0.0,0.0,0.0,16725.0,0.0,,SGX日经225指数1607,0.0,16725.0,16725.0
2016-01-25,NK1607,0.0,0.0,0.0,17035.0,0.0,,SGX日经225指数1607,0.0,17035.0,17035.0
2016-01-26,NK1607,0.0,0.0,0.0,16515.0,0.0,,SGX日经225指数1607,0.0,16515.0,16515.0
2016-01-27,NK1607,0.0,0.0,0.0,17065.0,0.0,,SGX日经225指数1607,0.0,17065.0,17065.0
2016-01-28,NK1607,0.0,0.0,0.0,16905.0,0.0,,SGX日经225指数1607,0.0,16905.0,16905.0
2016-01-29,NK1607,0.0,0.0,0.0,17560.0,0.0,,SGX日经225指数1607,0.0,17560.0,17560.0
2016-02-01,NK1607,0.0,0.0,0.0,17725.0,0.0,,SGX日经225指数1607,0.0,17725.0,17725.0
2016-02-02,NK1607,0.0,0.0,0.0,17660.0,0.0,,SGX日经225指数1607,0.0,17660.0,17660.0
2016-02-03,NK1607,0.0,0.0,0.0,17045.0,0.0,,SGX日经225指数1607,0.0,17045.0,17045.0
2016-02-04,NK1607,0.0,0.0,0.0,16965.0,0.0,,SGX日经225指数1607,0.0,16965.0,16965.0
2016-02-05,NK1607,0.0,0.0,0.0,16595.0,0.0,,SGX日经225指数1607,0.0,16595.0,16595.0
2016-02-08,NK1607,0.0,0.0,0.0,16850.0,0.0,,SGX日经225指数1607,0.0,16850.0,16850.0
2016-02-09,NK1607,0.0,0.0,0.0,15935.0,0.0,,SGX日经225指数1607,0.0,15935.0,15935.0
2016-02-10,NK1607,0.0,0.0,0.0,15565.0,0.0,,SGX日经225指数1607,0.0,15565.0,15565.0
2016-02-11,NK1607,0.0,0.0,0.0,15215.0,0.0,,SGX日经225指数1607,0.0,15215.0,15215.0
2016-02-12,NK1607,0.0,0.0,0.0,14650.0,0.0,,SGX日经225指数1607,0.0,14650.0,14650.0
2016-02-15,NK1607,0.0,0.0,0.0,15725.0,0.0,,SGX日经225指数1607,0.0,15725.0,15725.0
2016-02-16,NK1607,0.0,0.0,0.0,15910.0,0.0,,SGX日经225指数1607,0.0,15910.0,15910.0
2016-02-17,NK1607,0.0,0.0,0.0,15610.0,0.0,,SGX日经225指数1607,0.0,15610.0,15610.0
2016-02-18,NK1607,0.0,0.0,0.0,16065.0,0.0,,SGX日经225指数1607,0.0,16065.0,16065.0
2016-02-19,NK1607,0.0,0.0,0.0,15870.0,0.0,,SGX日经225指数1607,0.0,15870.0,15870.0
2016-02-22,NK1607,0.0,0.0,0.0,15930.0,0.0,,SGX日经225指数1607,0.0,15930.0,15930.0
2016-02-23,NK1607,0.0,0.0,0.0,15940.0,0.0,,SGX日经225指数1607,0.0,15940.0,15940.0
2016-02-24,NK1607,0.0,0.0,0.0,15775.0,0.0,,SGX日经225指数1607,0.0,15775.0,15775.0
2016-02-25,NK1607,0.0,0.0,0.0,15925.0,0.0,,SGX日经225指数1607,0.0,15925.0,15925.0
2016-02-26,NK1607,0.0,0.0,0.0,16085.0,0.0,,SGX日经225指数1607,0.0,16085.0,16085.0
2016-02-29,NK1607,0.0,0.0,0.0,15820.0,0.0,,SGX日经225指数1607,0.0,15820.0,15820.0
2016-03-01,NK1607,0.0,0.0,0.0,15925.0,0.0,,SGX日经225指数1607,0.0,15925.0,15925.0
2016-03-02,NK1607,0.0,0.0,0.0,16585.0,0.0,,SGX日经225指数1607,0.0,16585.0,16585.0
2016-03-03,NK1607,0.0,0.0,0.0,16815.0,0.0,,SGX日经225指数1607,0.0,16815.0,16815.0
2016-03-04,NK1607,0.0,0.0,0.0,16855.0,0.0,,SGX日经225指数1607,0.0,16855.0,16855.0
2016-03-07,NK1607,0.0,0.0,0.0,16795.0,0.0,,SGX日经225指数1607,0.0,16795.0,16795.0
2016-03-08,NK1607,0.0,0.0,0.0,16655.0,0.0,,SGX日经225指数1607,0.0,16655.0,16655.0
2016-03-09,NK1607,0.0,0.0,0.0,16505.0,0.0,,SGX日经225指数1607,0.0,16505.0,16505.0
2016-03-10,NK1607,0.0,0.0,0.0,16705.0,0.0,,SGX日经225指数1607,0.0,16705.0,16705.0
2016-03-11,NK1607,0.0,0.0,0.0,16825.0,0.0,,SGX日经225指数1607,0.0,16825.0,16825.0
2016-03-14,NK1607,0.0,0.0,0.0,17105.0,0.0,,SGX日经225指数1607,0.0,17105.0,17105.0
2016-03-15,NK1607,0.0,0.0,0.0,16935.0,0.0,,SGX日经225指数1607,0.0,16935.0,16935.0
2016-03-16,NK1607,0.0,0.0,0.0,16775.0,0.0,,SGX日经225指数1607,0.0,16775.0,16775.0
2016-03-17,NK1607,0.0,0.0,0.0,16790.0,0.0,,SGX日经225指数1607,0.0,16790.0,16790.0
2016-03-18,NK1607,0.0,0.0,0.0,16450.0,0.0,,SGX日经225指数1607,0.0,16450.0,16450.0
2016-03-21,NK1607,0.0,0.0,0.0,16525.0,0.0,,SGX日经225指数1607,0.0,16525.0,16525.0
2016-03-22,NK1607,0.0,0.0,0.0,16865.0,0.0,,SGX日经225指数1607,0.0,16865.0,16865.0
2016-03-23,NK1607,0.0,0.0,0.0,16835.0,0.0,,SGX日经225指数1607,0.0,16835.0,16835.0
2016-03-24,NK1607,0.0,0.0,0.0,16700.0,0.0,,SGX日经225指数1607,0.0,16700.0,16700.0
2016-03-25,NK1607,0.0,0.0,0.0,16855.0,0.0,,SGX日经225指数1607,0.0,16855.0,16855.0
2016-03-28,NK1607,0.0,0.0,0.0,16940.0,0.0,,SGX日经225指数1607,0.0,16940.0,16940.0
2016-03-29,NK1607,0.0,0.0,0.0,17040.0,0.0,,SGX日经225指数1607,0.0,17040.0,17040.0
2016-03-30,NK1607,0.0,0.0,0.0,16905.0,0.0,,SGX日经225指数1607,0.0,16905.0,16905.0
2016-03-31,NK1607,0.0,0.0,0.0,16755.0,0.0,,SGX日经225指数1607,0.0,16755.0,16755.0
2016-04-01,NK1607,0.0,0.0,0.0,16220.0,0.0,,SGX日经225指数1607,0.0,16220.0,16220.0
2016-04-04,NK1607,0.0,0.0,0.0,16040.0,0.0,,SGX日经225指数1607,0.0,16040.0,16040.0
2016-04-05,NK1607,0.0,0.0,0.0,15695.0,0.0,,SGX日经225指数1607,0.0,15695.0,15695.0
2016-04-06,NK1607,0.0,0.0,0.0,15695.0,20.0,,SGX日经225指数1607,20.0,15695.0,15695.0
2016-04-07,NK1607,0.0,0.0,0.0,15685.0,30.0,,SGX日经225指数1607,50.0,15685.0,15685.0
2016-04-08,NK1607,0.0,0.0,0.0,15795.0,0.0,,SGX日经225指数1607,50.0,15795.0,15795.0
2016-04-11,NK1607,0.0,0.0,0.0,15690.0,0.0,,SGX日经225指数1607,50.0,15690.0,15690.0
2016-04-12,NK1607,0.0,0.0,0.0,15895.0,0.0,,SGX日经225指数1607,50.0,15895.0,15895.0
2016-04-13,NK1607,0.0,0.0,0.0,16405.0,0.0,,SGX日经225指数1607,50.0,16405.0,16405.0
2016-04-14,NK1607,0.0,0.0,0.0,16820.0,0.0,,SGX日经225指数1607,50.0,16820.0,16820.0
2016-04-15,NK1607,0.0,0.0,0.0,16715.0,0.0,,SGX日经225指数1607,50.0,16715.0,16715.0
2016-04-18,NK1607,0.0,0.0,0.0,16285.0,0.0,,SGX日经225指数1607,50.0,16285.0,16285.0
2016-04-19,NK1607,0.0,0.0,0.0,16860.0,0.0,,SGX日经225指数1607,50.0,16860.0,16860.0
2016-04-20,NK1607,0.0,0.0,0.0,16855.0,0.0,,SGX日经225指数1607,50.0,16855.0,16855.0
2016-04-21,NK1607,0.0,0.0,0.0,17360.0,0.0,,SGX日经225指数1607,50.0,17360.0,17360.0
2016-04-22,NK1607,0.0,0.0,0.0,17555.0,0.0,,SGX日经225指数1607,50.0,17555.0,17555.0
2016-04-25,NK1607,0.0,0.0,0.0,17435.0,0.0,,SGX日经225指数1607,50.0,17435.0,17435.0
2016-04-26,NK1607,0.0,0.0,0.0,17285.0,0.0,,SGX日经225指数1607,50.0,17285.0,17285.0
2016-04-27,NK1607,0.0,0.0,0.0,17250.0,0.0,,SGX日经225指数1607,50.0,17250.0,17250.0
2016-04-28,NK1607,0.0,0.0,0.0,16485.0,0.0,,SGX日经225指数1607,50.0,16485.0,16485.0
2016-04-29,NK1607,0.0,0.0,0.0,16130.0,0.0,,SGX日经225指数1607,50.0,16130.0,16130.0
2016-05-02,NK1607,0.0,0.0,0.0,16135.0,0.0,,SGX日经225指数1607,50.0,16135.0,16135.0
2016-05-03,NK1607,16535.0,16535.0,15780.0,15780.0,4.0,,SGX日经225指数1607,50.0,15980.0,15780.0
2016-05-04,NK1607,0.0,0.0,0.0,15950.0,0.0,,SGX日经225指数1607,50.0,15950.0,15950.0
2016-05-05,NK1607,0.0,0.0,0.0,15965.0,0.0,,SGX日经225指数1607,50.0,15965.0,15965.0
2016-05-06,NK1607,0.0,0.0,0.0,16005.0,1802.0,,SGX日经225指数1607,1799.0,16005.0,16005.0
2016-05-09,NK1607,0.0,0.0,0.0,16195.0,0.0,,SGX日经225指数1607,1799.0,16195.0,16195.0
2016-05-10,NK1607,0.0,0.0,0.0,16550.0,0.0,,SGX日经225指数1607,1799.0,16550.0,16550.0
2016-05-11,NK1607,0.0,0.0,0.0,16560.0,1400.0,,SGX日经225指数1607,3199.0,16560.0,16560.0
2016-05-12,NK1607,0.0,0.0,0.0,16660.0,0.0,,SGX日经225指数1607,3199.0,16660.0,16660.0
2016-05-13,NK1607,0.0,0.0,0.0,16325.0,0.0,,SGX日经225指数1607,3199.0,16325.0,16325.0
2016-05-16,NK1607,0.0,0.0,0.0,16510.0,0.0,,SGX日经225指数1607,3199.0,16510.0,16510.0
2016-05-17,NK1607,0.0,0.0,0.0,16690.0,0.0,,SGX日经225指数1607,3199.0,16690.0,16690.0
2016-05-18,NK1607,0.0,0.0,0.0,16550.0,1.0,,SGX日经225指数1607,3198.0,16550.0,16550.0
2016-05-19,NK1607,0.0,0.0,0.0,16610.0,0.0,,SGX日经225指数1607,3198.0,16610.0,16610.0
2016-05-20,NK1607,0.0,0.0,0.0,16715.0,800.0,,SGX日经225指数1607,3998.0,16715.0,16715.0
2016-05-23,NK1607,0.0,0.0,0.0,16635.0,0.0,,SGX日经225指数1607,3998.0,16635.0,16635.0
2016-05-24,NK1607,0.0,0.0,0.0,16470.0,0.0,,SGX日经225指数1607,3998.0,16470.0,16470.0
2016-05-25,NK1607,0.0,0.0,0.0,16760.0,20.0,,SGX日经225指数1607,3998.0,16760.0,16760.0
2016-05-26,NK1607,0.0,0.0,0.0,16795.0,0.0,,SGX日经225指数1607,3998.0,16795.0,16795.0
2016-05-27,NK1607,0.0,0.0,0.0,16825.0,0.0,,SGX日经225指数1607,3998.0,16825.0,16825.0
2016-05-30,NK1607,0.0,0.0,0.0,17055.0,500.0,,SGX日经225指数1607,3998.0,17055.0,17055.0
2016-05-31,NK1607,0.0,0.0,0.0,17190.0,0.0,,SGX日经225指数1607,3998.0,17190.0,17190.0
2016-06-01,NK1607,0.0,0.0,0.0,16960.0,0.0,,SGX日经225指数1607,3998.0,16960.0,16960.0
2016-06-02,NK1607,0.0,0.0,0.0,16595.0,0.0,,SGX日经225指数1607,3998.0,16595.0,16595.0
2016-06-03,NK1607,0.0,0.0,0.0,16630.0,0.0,,SGX日经225指数1607,3998.0,16630.0,16630.0
2016-06-06,NK1607,16455.0,16455.0,16455.0,16455.0,569.0,,SGX日经225指数1607,4015.0,16550.0,16455.0
2016-06-07,NK1607,16605.0,16605.0,16605.0,16605.0,251.0,,SGX日经225指数1607,4096.0,16695.0,16605.0
2016-06-08,NK1607,0.0,0.0,0.0,16825.0,162.0,,SGX日经225指数1607,4218.0,16825.0,16825.0
2016-06-09,NK1607,16655.0,16660.0,16655.0,16660.0,66.0,,SGX日经225指数1607,4252.0,16620.0,16660.0
2016-06-10,NK1607,16545.0,16545.0,16545.0,16545.0,1501.0,,SGX日经225指数1607,5321.0,16515.0,16545.0
2016-06-13,NK1607,16190.0,16190.0,16080.0,16160.0,369.0,,SGX日经225指数1607,5190.0,15985.0,16160.0
2016-06-14,NK1607,16080.0,16335.0,16080.0,16085.0,61.0,,SGX日经225指数1607,5209.0,15745.0,16085.0
2016-06-15,NK1607,15730.0,16010.0,15680.0,15940.0,23.0,,SGX日经225指数1607,5211.0,15905.0,15940.0
2016-06-16,NK1607,15270.0,15580.0,15270.0,15540.0,5.0,,SGX日经225指数1607,5211.0,15330.0,15540.0
2016-06-17,NK1607,15350.0,15680.0,15280.0,15680.0,504.0,,SGX日经225指数1607,5371.0,15530.0,15680.0
2016-06-20,NK1607,15555.0,15955.0,15555.0,15955.0,204.0,,SGX日经225指数1607,5203.0,15980.0,15955.0
2016-06-21,NK1607,16000.0,16020.0,16000.0,16020.0,6.0,,SGX日经225指数1607,5207.0,16160.0,16020.0
2016-06-22,NK1607,16160.0,16160.0,16160.0,16160.0,1.0,,SGX日经225指数1607,5202.0,15990.0,16160.0
2016-06-23,NK1607,0.0,0.0,0.0,16185.0,0.0,,SGX日经225指数1607,5202.0,16185.0,16185.0
2016-06-24,NK1607,16300.0,16300.0,14955.0,15100.0,672.0,,SGX日经225指数1607,5754.0,15155.0,15100.0
2016-06-27,NK1607,15300.0,15335.0,15125.0,15195.0,617.0,,SGX日经225指数1607,6041.0,15355.0,15195.0
2016-06-28,NK1607,15060.0,15350.0,15045.0,15350.0,46.0,,SGX日经225指数1607,6043.0,15295.0,15350.0
2016-06-29,NK1607,0.0,0.0,0.0,15575.0,0.0,,SGX日经225指数1607,6041.0,15575.0,15575.0
2016-06-30,NK1607,15590.0,15640.0,15590.0,15640.0,2606.0,,SGX日经225指数1607,6432.0,15560.0,15640.0
2016-07-01,NK1607,0.0,0.0,0.0,15665.0,671.0,,SGX日经225指数1607,6503.0,15665.0,15665.0
2016-07-04,NK1607,15590.0,15790.0,15590.0,15790.0,1079.0,,SGX日经225指数1607,7156.0,15775.0,15790.0
2016-07-05,NK1607,0.0,0.0,0.0,15590.0,4779.0,,SGX日经225指数1607,9362.0,15590.0,15590.0
2016-07-06,NK1607,15385.0,15385.0,15385.0,15385.0,3165.0,,SGX日经225指数1607,9889.0,15300.0,15385.0
2016-07-07,NK1607,15940.0,15940.0,15275.0,15275.0,3404.0,,SGX日经225指数1607,0.0,15295.0,15275.0
