date,symbol,open,high,low,close,volume,amount,name,openinterest,settleprice,price
2015-11-13,NK1608,0.0,0.0,0.0,19465.0,0.0,,SGX日经225指数1608,0.0,19465.0,19465.0
2015-11-16,NK1608,0.0,0.0,0.0,19270.0,0.0,,SGX日经225指数1608,0.0,19270.0,19270.0
2015-11-17,NK1608,0.0,0.0,0.0,19490.0,0.0,,SGX日经225指数1608,0.0,19490.0,19490.0
2015-11-18,NK1608,0.0,0.0,0.0,19515.0,0.0,,SGX日经225指数1608,0.0,19515.0,19515.0
2015-11-19,NK1608,0.0,0.0,0.0,19710.0,0.0,,SGX日经225指数1608,0.0,19710.0,19710.0
2015-11-20,NK1608,0.0,0.0,0.0,19730.0,0.0,,SGX日经225指数1608,0.0,19730.0,19730.0
2015-11-23,NK1608,0.0,0.0,0.0,19860.0,0.0,,SGX日经225指数1608,0.0,19860.0,19860.0
2015-11-24,NK1608,0.0,0.0,0.0,19815.0,0.0,,SGX日经225指数1608,0.0,19815.0,19815.0
2015-11-25,NK1608,0.0,0.0,0.0,19695.0,0.0,,SGX日经225指数1608,0.0,19695.0,19695.0
2015-11-26,NK1608,0.0,0.0,0.0,19790.0,0.0,,SGX日经225指数1608,0.0,19790.0,19790.0
2015-11-27,NK1608,0.0,0.0,0.0,19695.0,0.0,,SGX日经225指数1608,0.0,19695.0,19695.0
2015-11-30,NK1608,0.0,0.0,0.0,19615.0,0.0,,SGX日经225指数1608,0.0,19615.0,19615.0
2015-12-01,NK1608,0.0,0.0,0.0,19855.0,0.0,,SGX日经225指数1608,0.0,19855.0,19855.0
2015-12-02,NK1608,0.0,0.0,0.0,19805.0,0.0,,SGX日经225指数1608,0.0,19805.0,19805.0
2015-12-03,NK1608,0.0,0.0,0.0,19770.0,0.0,,SGX日经225指数1608,0.0,19770.0,19770.0
2015-12-04,NK1608,0.0,0.0,0.0,19285.0,0.0,,SGX日经225指数1608,0.0,19285.0,19285.0
2015-12-07,NK1608,0.0,0.0,0.0,19615.0,0.0,,SGX日经225指数1608,0.0,19615.0,19615.0
2015-12-08,NK1608,0.0,0.0,0.0,19330.0,0.0,,SGX日经225指数1608,0.0,19330.0,19330.0
2015-12-09,NK1608,0.0,0.0,0.0,19145.0,0.0,,SGX日经225指数1608,0.0,19145.0,19145.0
2015-12-10,NK1608,0.0,0.0,0.0,18855.0,0.0,,SGX日经225指数1608,0.0,18855.0,18855.0
2015-12-11,NK1608,0.0,0.0,0.0,19080.0,0.0,,SGX日经225指数1608,0.0,19080.0,19080.0
2015-12-14,NK1608,0.0,0.0,0.0,18730.0,0.0,,SGX日经225指数1608,0.0,18730.0,18730.0
2015-12-15,NK1608,0.0,0.0,0.0,18460.0,0.0,,SGX日经225指数1608,0.0,18460.0,18460.0
2015-12-16,NK1608,0.0,0.0,0.0,18945.0,0.0,,SGX日经225指数1608,0.0,18945.0,18945.0
2015-12-17,NK1608,0.0,0.0,0.0,19205.0,0.0,,SGX日经225指数1608,0.0,19205.0,19205.0
2015-12-18,NK1608,0.0,0.0,0.0,18820.0,0.0,,SGX日经225指数1608,0.0,18820.0,18820.0
2015-12-21,NK1608,0.0,0.0,0.0,18720.0,0.0,,SGX日经225指数1608,0.0,18720.0,18720.0
2015-12-22,NK1608,0.0,0.0,0.0,18740.0,0.0,,SGX日经225指数1608,0.0,18740.0,18740.0
2015-12-23,NK1608,0.0,0.0,0.0,18760.0,0.0,,SGX日经225指数1608,0.0,18760.0,18760.0
2015-12-24,NK1608,0.0,0.0,0.0,18695.0,0.0,,SGX日经225指数1608,0.0,18695.0,18695.0
2015-12-25,NK1608,0.0,0.0,0.0,18595.0,0.0,,SGX日经225指数1608,0.0,18595.0,18595.0
2015-12-28,NK1608,0.0,0.0,0.0,18770.0,0.0,,SGX日经225指数1608,0.0,18770.0,18770.0
2015-12-29,NK1608,0.0,0.0,0.0,18860.0,0.0,,SGX日经225指数1608,0.0,18860.0,18860.0
2015-12-30,NK1608,0.0,0.0,0.0,18855.0,0.0,,SGX日经225指数1608,0.0,18855.0,18855.0
2015-12-31,NK1608,0.0,0.0,0.0,18740.0,0.0,,SGX日经225指数1608,0.0,18740.0,18740.0
2016-01-04,NK1608,0.0,0.0,0.0,18275.0,0.0,,SGX日经225指数1608,0.0,18275.0,18275.0
2016-01-05,NK1608,0.0,0.0,0.0,18265.0,0.0,,SGX日经225指数1608,0.0,18265.0,18265.0
2016-01-06,NK1608,0.0,0.0,0.0,18085.0,0.0,,SGX日经225指数1608,0.0,18085.0,18085.0
2016-01-07,NK1608,0.0,0.0,0.0,17530.0,0.0,,SGX日经225指数1608,0.0,17530.0,17530.0
2016-01-08,NK1608,0.0,0.0,0.0,17530.0,0.0,,SGX日经225指数1608,0.0,17530.0,17530.0
2016-01-11,NK1608,0.0,0.0,0.0,17195.0,0.0,,SGX日经225指数1608,0.0,17195.0,17195.0
2016-01-12,NK1608,0.0,0.0,0.0,17000.0,0.0,,SGX日经225指数1608,0.0,17000.0,17000.0
2016-01-13,NK1608,0.0,0.0,0.0,17540.0,0.0,,SGX日经225指数1608,0.0,17540.0,17540.0
2016-01-14,NK1608,0.0,0.0,0.0,17175.0,0.0,,SGX日经225指数1608,0.0,17175.0,17175.0
2016-01-15,NK1608,0.0,0.0,0.0,16975.0,0.0,,SGX日经225指数1608,0.0,16975.0,16975.0
2016-01-18,NK1608,0.0,0.0,0.0,16735.0,0.0,,SGX日经225指数1608,0.0,16735.0,16735.0
2016-01-19,NK1608,0.0,0.0,0.0,16925.0,0.0,,SGX日经225指数1608,0.0,16925.0,16925.0
2016-01-20,NK1608,0.0,0.0,0.0,16210.0,0.0,,SGX日经225指数1608,0.0,16210.0,16210.0
2016-01-21,NK1608,0.0,0.0,0.0,15880.0,0.0,,SGX日经225指数1608,0.0,15880.0,15880.0
2016-01-22,NK1608,0.0,0.0,0.0,16730.0,0.0,,SGX日经225指数1608,0.0,16730.0,16730.0
2016-01-25,NK1608,0.0,0.0,0.0,17040.0,0.0,,SGX日经225指数1608,0.0,17040.0,17040.0
2016-01-26,NK1608,0.0,0.0,0.0,16520.0,0.0,,SGX日经225指数1608,0.0,16520.0,16520.0
2016-01-27,NK1608,0.0,0.0,0.0,17070.0,0.0,,SGX日经225指数1608,0.0,17070.0,17070.0
2016-01-28,NK1608,0.0,0.0,0.0,16910.0,0.0,,SGX日经225指数1608,0.0,16910.0,16910.0
2016-01-29,NK1608,0.0,0.0,0.0,17565.0,0.0,,SGX日经225指数1608,0.0,17565.0,17565.0
2016-02-01,NK1608,0.0,0.0,0.0,17730.0,0.0,,SGX日经225指数1608,0.0,17730.0,17730.0
2016-02-02,NK1608,0.0,0.0,0.0,17665.0,0.0,,SGX日经225指数1608,0.0,17665.0,17665.0
2016-02-03,NK1608,0.0,0.0,0.0,17050.0,0.0,,SGX日经225指数1608,0.0,17050.0,17050.0
2016-02-04,NK1608,0.0,0.0,0.0,16965.0,0.0,,SGX日经225指数1608,0.0,16965.0,16965.0
2016-02-05,NK1608,0.0,0.0,0.0,16600.0,0.0,,SGX日经225指数1608,0.0,16600.0,16600.0
2016-02-08,NK1608,0.0,0.0,0.0,16855.0,0.0,,SGX日经225指数1608,0.0,16855.0,16855.0
2016-02-09,NK1608,0.0,0.0,0.0,15940.0,0.0,,SGX日经225指数1608,0.0,15940.0,15940.0
2016-02-10,NK1608,0.0,0.0,0.0,15565.0,0.0,,SGX日经225指数1608,0.0,15565.0,15565.0
2016-02-11,NK1608,0.0,0.0,0.0,15215.0,0.0,,SGX日经225指数1608,0.0,15215.0,15215.0
2016-02-12,NK1608,0.0,0.0,0.0,14655.0,0.0,,SGX日经225指数1608,0.0,14655.0,14655.0
2016-02-15,NK1608,0.0,0.0,0.0,15730.0,0.0,,SGX日经225指数1608,0.0,15730.0,15730.0
2016-02-16,NK1608,0.0,0.0,0.0,15915.0,0.0,,SGX日经225指数1608,0.0,15915.0,15915.0
2016-02-17,NK1608,0.0,0.0,0.0,15610.0,0.0,,SGX日经225指数1608,0.0,15610.0,15610.0
2016-02-18,NK1608,0.0,0.0,0.0,16065.0,0.0,,SGX日经225指数1608,0.0,16065.0,16065.0
2016-02-19,NK1608,0.0,0.0,0.0,15870.0,0.0,,SGX日经225指数1608,0.0,15870.0,15870.0
2016-02-22,NK1608,0.0,0.0,0.0,15935.0,0.0,,SGX日经225指数1608,0.0,15935.0,15935.0
2016-02-23,NK1608,0.0,0.0,0.0,15940.0,0.0,,SGX日经225指数1608,0.0,15940.0,15940.0
2016-02-24,NK1608,0.0,0.0,0.0,15780.0,0.0,,SGX日经225指数1608,0.0,15780.0,15780.0
2016-02-25,NK1608,0.0,0.0,0.0,15930.0,0.0,,SGX日经225指数1608,0.0,15930.0,15930.0
2016-02-26,NK1608,0.0,0.0,0.0,16090.0,0.0,,SGX日经225指数1608,0.0,16090.0,16090.0
2016-02-29,NK1608,0.0,0.0,0.0,15825.0,0.0,,SGX日经225指数1608,0.0,15825.0,15825.0
2016-03-01,NK1608,0.0,0.0,0.0,15930.0,0.0,,SGX日经225指数1608,0.0,15930.0,15930.0
2016-03-02,NK1608,0.0,0.0,0.0,16590.0,0.0,,SGX日经225指数1608,0.0,16590.0,16590.0
2016-03-03,NK1608,0.0,0.0,0.0,16820.0,0.0,,SGX日经225指数1608,0.0,16820.0,16820.0
2016-03-04,NK1608,0.0,0.0,0.0,16860.0,0.0,,SGX日经225指数1608,0.0,16860.0,16860.0
2016-03-07,NK1608,0.0,0.0,0.0,16800.0,0.0,,SGX日经225指数1608,0.0,16800.0,16800.0
2016-03-08,NK1608,0.0,0.0,0.0,16655.0,0.0,,SGX日经225指数1608,0.0,16655.0,16655.0
2016-03-09,NK1608,0.0,0.0,0.0,16510.0,0.0,,SGX日经225指数1608,0.0,16510.0,16510.0
2016-03-10,NK1608,0.0,0.0,0.0,16710.0,0.0,,SGX日经225指数1608,0.0,16710.0,16710.0
2016-03-11,NK1608,0.0,0.0,0.0,16825.0,0.0,,SGX日经225指数1608,0.0,16825.0,16825.0
2016-03-14,NK1608,0.0,0.0,0.0,17105.0,0.0,,SGX日经225指数1608,0.0,17105.0,17105.0
2016-03-15,NK1608,0.0,0.0,0.0,16940.0,0.0,,SGX日经225指数1608,0.0,16940.0,16940.0
2016-03-16,NK1608,0.0,0.0,0.0,16775.0,0.0,,SGX日经225指数1608,0.0,16775.0,16775.0
2016-03-17,NK1608,0.0,0.0,0.0,16795.0,0.0,,SGX日经225指数1608,0.0,16795.0,16795.0
2016-03-18,NK1608,0.0,0.0,0.0,16450.0,0.0,,SGX日经225指数1608,0.0,16450.0,16450.0
2016-03-21,NK1608,0.0,0.0,0.0,16525.0,0.0,,SGX日经225指数1608,0.0,16525.0,16525.0
2016-03-22,NK1608,0.0,0.0,0.0,16865.0,0.0,,SGX日经225指数1608,0.0,16865.0,16865.0
2016-03-23,NK1608,0.0,0.0,0.0,16835.0,0.0,,SGX日经225指数1608,0.0,16835.0,16835.0
2016-03-24,NK1608,0.0,0.0,0.0,16705.0,0.0,,SGX日经225指数1608,0.0,16705.0,16705.0
2016-03-25,NK1608,0.0,0.0,0.0,16860.0,0.0,,SGX日经225指数1608,0.0,16860.0,16860.0
2016-03-28,NK1608,0.0,0.0,0.0,16940.0,0.0,,SGX日经225指数1608,0.0,16940.0,16940.0
2016-03-29,NK1608,0.0,0.0,0.0,17045.0,0.0,,SGX日经225指数1608,0.0,17045.0,17045.0
2016-03-30,NK1608,0.0,0.0,0.0,16910.0,0.0,,SGX日经225指数1608,0.0,16910.0,16910.0
2016-03-31,NK1608,0.0,0.0,0.0,16760.0,0.0,,SGX日经225指数1608,0.0,16760.0,16760.0
2016-04-01,NK1608,0.0,0.0,0.0,16225.0,0.0,,SGX日经225指数1608,0.0,16225.0,16225.0
2016-04-04,NK1608,0.0,0.0,0.0,16040.0,0.0,,SGX日经225指数1608,0.0,16040.0,16040.0
2016-04-05,NK1608,0.0,0.0,0.0,15695.0,0.0,,SGX日经225指数1608,0.0,15695.0,15695.0
2016-04-06,NK1608,0.0,0.0,0.0,15700.0,0.0,,SGX日经225指数1608,0.0,15700.0,15700.0
2016-04-07,NK1608,0.0,0.0,0.0,15690.0,0.0,,SGX日经225指数1608,0.0,15690.0,15690.0
2016-04-08,NK1608,0.0,0.0,0.0,15795.0,0.0,,SGX日经225指数1608,0.0,15795.0,15795.0
2016-04-11,NK1608,0.0,0.0,0.0,15695.0,0.0,,SGX日经225指数1608,0.0,15695.0,15695.0
2016-04-12,NK1608,0.0,0.0,0.0,15895.0,0.0,,SGX日经225指数1608,0.0,15895.0,15895.0
2016-04-13,NK1608,0.0,0.0,0.0,16405.0,0.0,,SGX日经225指数1608,0.0,16405.0,16405.0
2016-04-14,NK1608,0.0,0.0,0.0,16825.0,0.0,,SGX日经225指数1608,0.0,16825.0,16825.0
2016-04-15,NK1608,0.0,0.0,0.0,16715.0,0.0,,SGX日经225指数1608,0.0,16715.0,16715.0
2016-04-18,NK1608,0.0,0.0,0.0,16290.0,0.0,,SGX日经225指数1608,0.0,16290.0,16290.0
2016-04-19,NK1608,0.0,0.0,0.0,16860.0,0.0,,SGX日经225指数1608,0.0,16860.0,16860.0
2016-04-20,NK1608,0.0,0.0,0.0,16860.0,0.0,,SGX日经225指数1608,0.0,16860.0,16860.0
2016-04-21,NK1608,0.0,0.0,0.0,17360.0,0.0,,SGX日经225指数1608,0.0,17360.0,17360.0
2016-04-22,NK1608,0.0,0.0,0.0,17560.0,0.0,,SGX日经225指数1608,0.0,17560.0,17560.0
2016-04-25,NK1608,0.0,0.0,0.0,17435.0,0.0,,SGX日经225指数1608,0.0,17435.0,17435.0
2016-04-26,NK1608,0.0,0.0,0.0,17285.0,0.0,,SGX日经225指数1608,0.0,17285.0,17285.0
2016-04-27,NK1608,0.0,0.0,0.0,17250.0,0.0,,SGX日经225指数1608,0.0,17250.0,17250.0
2016-04-28,NK1608,0.0,0.0,0.0,16485.0,0.0,,SGX日经225指数1608,0.0,16485.0,16485.0
2016-04-29,NK1608,0.0,0.0,0.0,16130.0,0.0,,SGX日经225指数1608,0.0,16130.0,16130.0
2016-05-02,NK1608,0.0,0.0,0.0,16135.0,0.0,,SGX日经225指数1608,0.0,16135.0,16135.0
2016-05-03,NK1608,0.0,0.0,0.0,15980.0,0.0,,SGX日经225指数1608,0.0,15980.0,15980.0
2016-05-04,NK1608,0.0,0.0,0.0,15950.0,0.0,,SGX日经225指数1608,0.0,15950.0,15950.0
2016-05-05,NK1608,0.0,0.0,0.0,15965.0,0.0,,SGX日经225指数1608,0.0,15965.0,15965.0
2016-05-06,NK1608,0.0,0.0,0.0,16005.0,0.0,,SGX日经225指数1608,0.0,16005.0,16005.0
2016-05-09,NK1608,0.0,0.0,0.0,16195.0,0.0,,SGX日经225指数1608,0.0,16195.0,16195.0
2016-05-10,NK1608,0.0,0.0,0.0,16550.0,0.0,,SGX日经225指数1608,0.0,16550.0,16550.0
2016-05-11,NK1608,0.0,0.0,0.0,16560.0,0.0,,SGX日经225指数1608,0.0,16560.0,16560.0
2016-05-12,NK1608,0.0,0.0,0.0,16660.0,0.0,,SGX日经225指数1608,0.0,16660.0,16660.0
2016-05-13,NK1608,0.0,0.0,0.0,16325.0,0.0,,SGX日经225指数1608,0.0,16325.0,16325.0
2016-05-16,NK1608,0.0,0.0,0.0,16510.0,0.0,,SGX日经225指数1608,0.0,16510.0,16510.0
2016-05-17,NK1608,0.0,0.0,0.0,16690.0,0.0,,SGX日经225指数1608,0.0,16690.0,16690.0
2016-05-18,NK1608,0.0,0.0,0.0,16550.0,0.0,,SGX日经225指数1608,0.0,16550.0,16550.0
2016-05-19,NK1608,0.0,0.0,0.0,16610.0,0.0,,SGX日经225指数1608,0.0,16610.0,16610.0
2016-05-20,NK1608,0.0,0.0,0.0,16715.0,0.0,,SGX日经225指数1608,0.0,16715.0,16715.0
2016-05-23,NK1608,0.0,0.0,0.0,16635.0,0.0,,SGX日经225指数1608,0.0,16635.0,16635.0
2016-05-24,NK1608,0.0,0.0,0.0,16470.0,0.0,,SGX日经225指数1608,0.0,16470.0,16470.0
2016-05-25,NK1608,0.0,0.0,0.0,16760.0,0.0,,SGX日经225指数1608,0.0,16760.0,16760.0
2016-05-26,NK1608,0.0,0.0,0.0,16795.0,0.0,,SGX日经225指数1608,0.0,16795.0,16795.0
2016-05-27,NK1608,0.0,0.0,0.0,16825.0,0.0,,SGX日经225指数1608,0.0,16825.0,16825.0
2016-05-30,NK1608,16520.0,17120.0,16520.0,17120.0,2.0,,SGX日经225指数1608,0.0,17055.0,17120.0
2016-05-31,NK1608,0.0,0.0,0.0,17190.0,0.0,,SGX日经225指数1608,0.0,17190.0,17190.0
2016-06-01,NK1608,0.0,0.0,0.0,16960.0,0.0,,SGX日经225指数1608,0.0,16960.0,16960.0
2016-06-02,NK1608,0.0,0.0,0.0,16595.0,0.0,,SGX日经225指数1608,0.0,16595.0,16595.0
2016-06-03,NK1608,0.0,0.0,0.0,16630.0,0.0,,SGX日经225指数1608,0.0,16630.0,16630.0
2016-06-06,NK1608,0.0,0.0,0.0,16550.0,0.0,,SGX日经225指数1608,0.0,16550.0,16550.0
2016-06-07,NK1608,0.0,0.0,0.0,16695.0,0.0,,SGX日经225指数1608,0.0,16695.0,16695.0
2016-06-08,NK1608,0.0,0.0,0.0,16825.0,0.0,,SGX日经225指数1608,0.0,16825.0,16825.0
2016-06-09,NK1608,0.0,0.0,0.0,16620.0,0.0,,SGX日经225指数1608,0.0,16620.0,16620.0
2016-06-10,NK1608,0.0,0.0,0.0,16515.0,0.0,,SGX日经225指数1608,0.0,16515.0,16515.0
2016-06-13,NK1608,0.0,0.0,0.0,15985.0,13.0,,SGX日经225指数1608,13.0,15985.0,15985.0
2016-06-14,NK1608,0.0,0.0,0.0,15745.0,0.0,,SGX日经225指数1608,13.0,15745.0,15745.0
2016-06-15,NK1608,0.0,0.0,0.0,15905.0,0.0,,SGX日经225指数1608,13.0,15905.0,15905.0
2016-06-16,NK1608,0.0,0.0,0.0,15330.0,28.0,,SGX日经225指数1608,39.0,15330.0,15330.0
2016-06-17,NK1608,0.0,0.0,0.0,15530.0,0.0,,SGX日经225指数1608,39.0,15530.0,15530.0
2016-06-20,NK1608,0.0,0.0,0.0,15980.0,0.0,,SGX日经225指数1608,39.0,15980.0,15980.0
2016-06-21,NK1608,0.0,0.0,0.0,16160.0,0.0,,SGX日经225指数1608,39.0,16160.0,16160.0
2016-06-22,NK1608,0.0,0.0,0.0,15990.0,8.0,,SGX日经225指数1608,41.0,15990.0,15990.0
2016-06-23,NK1608,0.0,0.0,0.0,16185.0,0.0,,SGX日经225指数1608,41.0,16185.0,16185.0
2016-06-24,NK1608,0.0,0.0,0.0,15155.0,0.0,,SGX日经225指数1608,41.0,15155.0,15155.0
2016-06-27,NK1608,0.0,0.0,0.0,15355.0,218.0,,SGX日经225指数1608,241.0,15355.0,15355.0
2016-06-28,NK1608,0.0,0.0,0.0,15295.0,0.0,,SGX日经225指数1608,241.0,15295.0,15295.0
2016-06-29,NK1608,0.0,0.0,0.0,15575.0,0.0,,SGX日经225指数1608,241.0,15575.0,15575.0
2016-06-30,NK1608,0.0,0.0,0.0,15560.0,0.0,,SGX日经225指数1608,241.0,15560.0,15560.0
2016-07-01,NK1608,0.0,0.0,0.0,15660.0,1503.0,,SGX日经225指数1608,1344.0,15660.0,15660.0
2016-07-04,NK1608,15785.0,15785.0,15705.0,15705.0,2.0,,SGX日经225指数1608,1344.0,15775.0,15705.0
2016-07-05,NK1608,0.0,0.0,0.0,15590.0,0.0,,SGX日经225指数1608,1344.0,15590.0,15590.0
2016-07-06,NK1608,0.0,0.0,0.0,15300.0,0.0,,SGX日经225指数1608,1344.0,15300.0,15300.0
2016-07-07,NK1608,0.0,0.0,0.0,15280.0,500.0,,SGX日经225指数1608,1844.0,15280.0,15280.0
2016-07-08,NK1608,0.0,0.0,0.0,15150.0,0.0,,SGX日经225指数1608,1844.0,15150.0,15150.0
2016-07-11,NK1608,15550.0,15630.0,15550.0,15630.0,2.0,,SGX日经225指数1608,1844.0,15730.0,15630.0
2016-07-12,NK1608,0.0,0.0,0.0,16185.0,401.0,,SGX日经225指数1608,1939.0,16185.0,16185.0
2016-07-13,NK1608,0.0,0.0,0.0,16215.0,301.0,,SGX日经225指数1608,2044.0,16215.0,16215.0
2016-07-14,NK1608,0.0,0.0,0.0,16520.0,441.0,,SGX日经225指数1608,2332.0,16520.0,16520.0
2016-07-15,NK1608,16615.0,16615.0,16615.0,16615.0,1.0,,SGX日经225指数1608,2333.0,16560.0,16615.0
2016-07-18,NK1608,0.0,0.0,0.0,16600.0,0.0,,SGX日经225指数1608,2333.0,16600.0,16600.0
2016-07-19,NK1608,0.0,0.0,0.0,16660.0,0.0,,SGX日经225指数1608,2333.0,16660.0,16660.0
2016-07-20,NK1608,16700.0,16700.0,16565.0,16610.0,161.0,,SGX日经225指数1608,2312.0,16700.0,16610.0
2016-07-21,NK1608,16800.0,16800.0,16800.0,16800.0,10.0,,SGX日经225指数1608,2312.0,16840.0,16800.0
2016-07-22,NK1608,16645.0,16645.0,16595.0,16605.0,33.0,,SGX日经225指数1608,2312.0,16655.0,16605.0
2016-07-25,NK1608,16765.0,16765.0,16765.0,16765.0,20.0,,SGX日经225指数1608,2312.0,16625.0,16765.0
2016-07-26,NK1608,16455.0,16455.0,16350.0,16375.0,63.0,,SGX日经225指数1608,2312.0,16325.0,16375.0
2016-07-27,NK1608,16595.0,16930.0,16595.0,16725.0,40.0,,SGX日经225指数1608,2312.0,16765.0,16725.0
2016-07-28,NK1608,16485.0,16495.0,16465.0,16485.0,460.0,,SGX日经225指数1608,2712.0,16390.0,16485.0
2016-07-29,NK1608,16450.0,16600.0,16015.0,16545.0,20.0,,SGX日经225指数1608,0.0,16590.0,16545.0
2016-08-01,NK1608,16350.0,16655.0,16350.0,16655.0,128.0,,SGX日经225指数1608,2779.0,16585.0,16655.0
2016-08-02,NK1608,16440.0,16440.0,16350.0,16350.0,58.0,,SGX日经225指数1608,2786.0,16350.0,16350.0
2016-08-03,NK1608,16185.0,16215.0,16075.0,16120.0,184.0,,SGX日经225指数1608,2779.0,16080.0,16120.0
2016-08-04,NK1608,15945.0,16190.0,15945.0,15960.0,434.0,,SGX日经225指数1608,3142.0,16190.0,15960.0
2016-08-05,NK1608,16335.0,16335.0,16215.0,16225.0,216.0,,SGX日经225指数1608,3193.0,16245.0,16225.0
2016-08-08,NK1608,16435.0,16640.0,16435.0,16635.0,773.0,,SGX日经225指数1608,3620.0,16615.0,16635.0
2016-08-09,NK1608,16665.0,16770.0,16665.0,16770.0,2293.0,,SGX日经225指数1608,4810.0,16715.0,16770.0
2016-08-10,NK1608,16675.0,16810.0,16670.0,16730.0,9716.0,,SGX日经225指数1608,0.0,16755.0,16730.0
