date,symbol,open,high,low,close,volume,amount,name,openinterest,settleprice,price
2016-10-14,NK1707,0.0,0.0,0.0,16660.0,0.0,,SGX日经225指数1707,0.0,16660.0,16660.0
2016-10-17,NK1707,0.0,0.0,0.0,16690.0,0.0,,SGX日经225指数1707,0.0,16690.0,16690.0
2016-10-18,NK1707,0.0,0.0,0.0,16750.0,0.0,,SGX日经225指数1707,0.0,16750.0,16750.0
2016-10-19,NK1707,0.0,0.0,0.0,16810.0,0.0,,SGX日经225指数1707,0.0,16810.0,16810.0
2016-10-20,NK1707,0.0,0.0,0.0,16985.0,0.0,,SGX日经225指数1707,0.0,16985.0,16985.0
2016-10-21,NK1707,0.0,0.0,0.0,17040.0,0.0,,SGX日经225指数1707,0.0,17040.0,17040.0
2016-10-24,NK1707,0.0,0.0,0.0,17050.0,0.0,,SGX日经225指数1707,0.0,17050.0,17050.0
2016-10-25,NK1707,0.0,0.0,0.0,17195.0,0.0,,SGX日经225指数1707,0.0,17195.0,17195.0
2016-10-26,NK1707,0.0,0.0,0.0,17175.0,0.0,,SGX日经225指数1707,0.0,17175.0,17175.0
2016-10-27,NK1707,0.0,0.0,0.0,17185.0,0.0,,SGX日经225指数1707,0.0,17185.0,17185.0
2016-10-28,NK1707,0.0,0.0,0.0,17270.0,0.0,,SGX日经225指数1707,0.0,17270.0,17270.0
2016-10-31,NK1707,0.0,0.0,0.0,17250.0,0.0,,SGX日经225指数1707,0.0,17250.0,17250.0
2016-11-01,NK1707,0.0,0.0,0.0,17245.0,0.0,,SGX日经225指数1707,0.0,17245.0,17245.0
2016-11-02,NK1707,0.0,0.0,0.0,16900.0,0.0,,SGX日经225指数1707,0.0,16900.0,16900.0
2016-11-03,NK1707,0.0,0.0,0.0,16800.0,0.0,,SGX日经225指数1707,0.0,16800.0,16800.0
2016-11-04,NK1707,0.0,0.0,0.0,16710.0,0.0,,SGX日经225指数1707,0.0,16710.0,16710.0
2016-11-07,NK1707,0.0,0.0,0.0,17040.0,0.0,,SGX日经225指数1707,0.0,17040.0,17040.0
2016-11-08,NK1707,0.0,0.0,0.0,17020.0,0.0,,SGX日经225指数1707,0.0,17020.0,17020.0
2016-11-09,NK1707,0.0,0.0,0.0,16215.0,0.0,,SGX日经225指数1707,0.0,16215.0,16215.0
2016-11-10,NK1707,0.0,0.0,0.0,17140.0,0.0,,SGX日经225指数1707,0.0,17140.0,17140.0
2016-11-11,NK1707,0.0,0.0,0.0,17265.0,0.0,,SGX日经225指数1707,0.0,17265.0,17265.0
2016-11-14,NK1707,0.0,0.0,0.0,17425.0,0.0,,SGX日经225指数1707,0.0,17425.0,17425.0
2016-11-15,NK1707,0.0,0.0,0.0,17450.0,0.0,,SGX日经225指数1707,0.0,17450.0,17450.0
2016-11-16,NK1707,0.0,0.0,0.0,17680.0,0.0,,SGX日经225指数1707,0.0,17680.0,17680.0
2016-11-17,NK1707,0.0,0.0,0.0,17725.0,0.0,,SGX日经225指数1707,0.0,17725.0,17725.0
2016-11-18,NK1707,0.0,0.0,0.0,17805.0,0.0,,SGX日经225指数1707,0.0,17805.0,17805.0
2016-11-21,NK1707,0.0,0.0,0.0,17920.0,0.0,,SGX日经225指数1707,0.0,17920.0,17920.0
2016-11-22,NK1707,0.0,0.0,0.0,18005.0,0.0,,SGX日经225指数1707,0.0,18005.0,18005.0
2016-11-23,NK1707,0.0,0.0,0.0,18010.0,0.0,,SGX日经225指数1707,0.0,18010.0,18010.0
2016-11-24,NK1707,0.0,0.0,0.0,18200.0,0.0,,SGX日经225指数1707,0.0,18200.0,18200.0
2016-11-25,NK1707,0.0,0.0,0.0,18195.0,0.0,,SGX日经225指数1707,0.0,18195.0,18195.0
2016-11-28,NK1707,0.0,0.0,0.0,18130.0,0.0,,SGX日经225指数1707,0.0,18130.0,18130.0
2016-11-29,NK1707,0.0,0.0,0.0,18100.0,0.0,,SGX日经225指数1707,0.0,18100.0,18100.0
2016-11-30,NK1707,0.0,0.0,0.0,18190.0,0.0,,SGX日经225指数1707,0.0,18190.0,18190.0
2016-12-01,NK1707,0.0,0.0,0.0,18235.0,0.0,,SGX日经225指数1707,0.0,18235.0,18235.0
2016-12-02,NK1707,0.0,0.0,0.0,18140.0,0.0,,SGX日经225指数1707,0.0,18140.0,18140.0
2016-12-05,NK1707,0.0,0.0,0.0,18080.0,0.0,,SGX日经225指数1707,0.0,18080.0,18080.0
2016-12-06,NK1707,0.0,0.0,0.0,18245.0,0.0,,SGX日经225指数1707,0.0,18245.0,18245.0
2016-12-07,NK1707,0.0,0.0,0.0,18315.0,0.0,,SGX日经225指数1707,0.0,18315.0,18315.0
2016-12-08,NK1707,0.0,0.0,0.0,18605.0,0.0,,SGX日经225指数1707,0.0,18605.0,18605.0
2016-12-09,NK1707,0.0,0.0,0.0,18845.0,0.0,,SGX日经225指数1707,0.0,18845.0,18845.0
2016-12-12,NK1707,0.0,0.0,0.0,19040.0,0.0,,SGX日经225指数1707,0.0,19040.0,19040.0
2016-12-13,NK1707,0.0,0.0,0.0,19055.0,0.0,,SGX日经225指数1707,0.0,19055.0,19055.0
2016-12-14,NK1707,0.0,0.0,0.0,19040.0,0.0,,SGX日经225指数1707,0.0,19040.0,19040.0
2016-12-15,NK1707,0.0,0.0,0.0,19140.0,0.0,,SGX日经225指数1707,0.0,19140.0,19140.0
2016-12-16,NK1707,0.0,0.0,0.0,19255.0,0.0,,SGX日经225指数1707,0.0,19255.0,19255.0
2016-12-19,NK1707,0.0,0.0,0.0,19260.0,0.0,,SGX日经225指数1707,0.0,19260.0,19260.0
2016-12-20,NK1707,0.0,0.0,0.0,19330.0,0.0,,SGX日经225指数1707,0.0,19330.0,19330.0
2016-12-21,NK1707,0.0,0.0,0.0,19280.0,0.0,,SGX日经225指数1707,0.0,19280.0,19280.0
2016-12-22,NK1707,0.0,0.0,0.0,19205.0,0.0,,SGX日经225指数1707,0.0,19205.0,19205.0
2016-12-23,NK1707,0.0,0.0,0.0,19235.0,0.0,,SGX日经225指数1707,0.0,19235.0,19235.0
2016-12-26,NK1707,0.0,0.0,0.0,19155.0,0.0,,SGX日经225指数1707,0.0,19155.0,19155.0
2016-12-27,NK1707,0.0,0.0,0.0,19200.0,0.0,,SGX日经225指数1707,0.0,19200.0,19200.0
2016-12-28,NK1707,0.0,0.0,0.0,19310.0,0.0,,SGX日经225指数1707,0.0,19310.0,19310.0
2016-12-29,NK1707,0.0,0.0,0.0,18920.0,0.0,,SGX日经225指数1707,0.0,18920.0,18920.0
2016-12-30,NK1707,0.0,0.0,0.0,18925.0,0.0,,SGX日经225指数1707,0.0,18925.0,18925.0
2017-01-11,NK1707,0.0,0.0,0.0,19220.0,0.0,,SGX日经225指数1707,0.0,19220.0,19220.0
2017-01-12,NK1707,0.0,0.0,0.0,18975.0,0.0,,SGX日经225指数1707,0.0,18975.0,18975.0
2017-01-13,NK1707,0.0,0.0,0.0,19120.0,0.0,,SGX日经225指数1707,0.0,19120.0,19120.0
2017-01-16,NK1707,0.0,0.0,0.0,18915.0,0.0,,SGX日经225指数1707,0.0,18915.0,18915.0
2017-01-17,NK1707,0.0,0.0,0.0,18630.0,0.0,,SGX日经225指数1707,0.0,18630.0,18630.0
2017-01-18,NK1707,0.0,0.0,0.0,18675.0,0.0,,SGX日经225指数1707,0.0,18675.0,18675.0
2017-01-19,NK1707,0.0,0.0,0.0,18970.0,0.0,,SGX日经225指数1707,0.0,18970.0,18970.0
2017-01-20,NK1707,0.0,0.0,0.0,19000.0,0.0,,SGX日经225指数1707,0.0,19000.0,19000.0
2017-01-23,NK1707,0.0,0.0,0.0,18745.0,0.0,,SGX日经225指数1707,0.0,18745.0,18745.0
2017-01-24,NK1707,0.0,0.0,0.0,18695.0,0.0,,SGX日经225指数1707,0.0,18695.0,18695.0
2017-01-25,NK1707,0.0,0.0,0.0,18930.0,0.0,,SGX日经225指数1707,0.0,18930.0,18930.0
2017-01-26,NK1707,0.0,0.0,0.0,19330.0,0.0,,SGX日经225指数1707,0.0,19330.0,19330.0
2017-01-27,NK1707,0.0,0.0,0.0,19330.0,0.0,,SGX日经225指数1707,0.0,19330.0,19330.0
2017-01-30,NK1707,0.0,0.0,0.0,19175.0,0.0,,SGX日经225指数1707,0.0,19175.0,19175.0
2017-01-31,NK1707,0.0,0.0,0.0,18845.0,0.0,,SGX日经225指数1707,0.0,18845.0,18845.0
2017-02-01,NK1707,0.0,0.0,0.0,19060.0,0.0,,SGX日经225指数1707,0.0,19060.0,19060.0
2017-02-02,NK1707,0.0,0.0,0.0,18795.0,0.0,,SGX日经225指数1707,0.0,18795.0,18795.0
2017-02-03,NK1707,0.0,0.0,0.0,18805.0,0.0,,SGX日经225指数1707,0.0,18805.0,18805.0
2017-02-06,NK1707,0.0,0.0,0.0,18800.0,0.0,,SGX日经225指数1707,0.0,18800.0,18800.0
2017-02-07,NK1707,0.0,0.0,0.0,18725.0,0.0,,SGX日经225指数1707,0.0,18725.0,18725.0
2017-02-08,NK1707,0.0,0.0,0.0,18840.0,0.0,,SGX日经225指数1707,0.0,18840.0,18840.0
2017-02-09,NK1707,0.0,0.0,0.0,18755.0,0.0,,SGX日经225指数1707,0.0,18755.0,18755.0
2017-02-10,NK1707,0.0,0.0,0.0,19235.0,0.0,,SGX日经225指数1707,0.0,19235.0,19235.0
2017-02-13,NK1707,0.0,0.0,0.0,19270.0,0.0,,SGX日经225指数1707,0.0,19270.0,19270.0
2017-02-14,NK1707,0.0,0.0,0.0,19100.0,0.0,,SGX日经225指数1707,0.0,19100.0,19100.0
2017-02-15,NK1707,0.0,0.0,0.0,19290.0,0.0,,SGX日经225指数1707,0.0,19290.0,19290.0
2017-02-16,NK1707,0.0,0.0,0.0,19180.0,0.0,,SGX日经225指数1707,0.0,19180.0,19180.0
2017-02-17,NK1707,0.0,0.0,0.0,19030.0,0.0,,SGX日经225指数1707,0.0,19030.0,19030.0
2017-02-20,NK1707,0.0,0.0,0.0,19100.0,0.0,,SGX日经225指数1707,0.0,19100.0,19100.0
2017-02-21,NK1707,0.0,0.0,0.0,19235.0,0.0,,SGX日经225指数1707,0.0,19235.0,19235.0
2017-02-22,NK1707,0.0,0.0,0.0,19230.0,0.0,,SGX日经225指数1707,0.0,19230.0,19230.0
2017-02-23,NK1707,0.0,0.0,0.0,19190.0,0.0,,SGX日经225指数1707,0.0,19190.0,19190.0
2017-02-24,NK1707,0.0,0.0,0.0,19125.0,0.0,,SGX日经225指数1707,0.0,19125.0,19125.0
2017-02-27,NK1707,0.0,0.0,0.0,18985.0,0.0,,SGX日经225指数1707,0.0,18985.0,18985.0
2017-02-28,NK1707,0.0,0.0,0.0,18970.0,0.0,,SGX日经225指数1707,0.0,18970.0,18970.0
2017-03-01,NK1707,0.0,0.0,0.0,19245.0,0.0,,SGX日经225指数1707,0.0,19245.0,19245.0
2017-03-02,NK1707,0.0,0.0,0.0,19485.0,0.0,,SGX日经225指数1707,0.0,19485.0,19485.0
2017-03-03,NK1707,0.0,0.0,0.0,19305.0,0.0,,SGX日经225指数1707,0.0,19305.0,19305.0
2017-03-06,NK1707,0.0,0.0,0.0,19195.0,0.0,,SGX日经225指数1707,0.0,19195.0,19195.0
2017-03-07,NK1707,0.0,0.0,0.0,19190.0,0.0,,SGX日经225指数1707,0.0,19190.0,19190.0
2017-03-08,NK1707,0.0,0.0,0.0,19095.0,0.0,,SGX日经225指数1707,0.0,19095.0,19095.0
2017-03-09,NK1707,0.0,0.0,0.0,19150.0,0.0,,SGX日经225指数1707,0.0,19150.0,19150.0
2017-03-10,NK1707,0.0,0.0,0.0,19450.0,0.0,,SGX日经225指数1707,0.0,19450.0,19450.0
2017-03-13,NK1707,0.0,0.0,0.0,19480.0,0.0,,SGX日经225指数1707,0.0,19480.0,19480.0
2017-03-14,NK1707,0.0,0.0,0.0,19455.0,0.0,,SGX日经225指数1707,0.0,19455.0,19455.0
2017-03-15,NK1707,0.0,0.0,0.0,19440.0,0.0,,SGX日经225指数1707,0.0,19440.0,19440.0
2017-03-16,NK1707,0.0,0.0,0.0,19405.0,0.0,,SGX日经225指数1707,0.0,19405.0,19405.0
2017-03-17,NK1707,0.0,0.0,0.0,19325.0,0.0,,SGX日经225指数1707,0.0,19325.0,19325.0
2017-03-20,NK1707,0.0,0.0,0.0,19295.0,0.0,,SGX日经225指数1707,0.0,19295.0,19295.0
2017-03-21,NK1707,0.0,0.0,0.0,19290.0,0.0,,SGX日经225指数1707,0.0,19290.0,19290.0
2017-03-22,NK1707,0.0,0.0,0.0,18895.0,0.0,,SGX日经225指数1707,0.0,18895.0,18895.0
2017-03-23,NK1707,0.0,0.0,0.0,18915.0,0.0,,SGX日经225指数1707,0.0,18915.0,18915.0
2017-03-24,NK1707,0.0,0.0,0.0,19140.0,0.0,,SGX日经225指数1707,0.0,19140.0,19140.0
2017-03-27,NK1707,0.0,0.0,0.0,18750.0,0.0,,SGX日经225指数1707,0.0,18750.0,18750.0
2017-03-28,NK1707,0.0,0.0,0.0,19015.0,0.0,,SGX日经225指数1707,0.0,19015.0,19015.0
2017-03-29,NK1707,0.0,0.0,0.0,19180.0,0.0,,SGX日经225指数1707,0.0,19180.0,19180.0
2017-03-30,NK1707,0.0,0.0,0.0,19040.0,0.0,,SGX日经225指数1707,0.0,19040.0,19040.0
2017-03-31,NK1707,0.0,0.0,0.0,18875.0,0.0,,SGX日经225指数1707,0.0,18875.0,18875.0
2017-04-03,NK1707,0.0,0.0,0.0,19040.0,0.0,,SGX日经225指数1707,0.0,19040.0,19040.0
2017-04-04,NK1707,0.0,0.0,0.0,18790.0,0.0,,SGX日经225指数1707,0.0,18790.0,18790.0
2017-04-05,NK1707,0.0,0.0,0.0,18845.0,0.0,,SGX日经225指数1707,0.0,18845.0,18845.0
2017-04-06,NK1707,0.0,0.0,0.0,18620.0,0.0,,SGX日经225指数1707,0.0,18620.0,18620.0
2017-04-07,NK1707,0.0,0.0,0.0,18695.0,0.0,,SGX日经225指数1707,0.0,18695.0,18695.0
2017-04-10,NK1707,0.0,0.0,0.0,18765.0,0.0,,SGX日经225指数1707,0.0,18765.0,18765.0
2017-04-11,NK1707,0.0,0.0,0.0,18685.0,0.0,,SGX日经225指数1707,0.0,18685.0,18685.0
2017-04-12,NK1707,0.0,0.0,0.0,18520.0,0.0,,SGX日经225指数1707,0.0,18520.0,18520.0
2017-04-13,NK1707,0.0,0.0,0.0,18375.0,0.0,,SGX日经225指数1707,0.0,18375.0,18375.0
2017-04-14,NK1707,0.0,0.0,0.0,18285.0,0.0,,SGX日经225指数1707,0.0,18285.0,18285.0
2017-04-17,NK1707,18215.0,18290.0,18215.0,18290.0,20.0,,SGX日经225指数1707,20.0,18295.0,18290.0
2017-04-18,NK1707,0.0,0.0,0.0,18400.0,0.0,,SGX日经225指数1707,20.0,18400.0,18400.0
2017-04-19,NK1707,18340.0,18340.0,18340.0,18340.0,10.0,,SGX日经225指数1707,10.0,18400.0,18340.0
2017-04-20,NK1707,18405.0,18405.0,18405.0,18405.0,10.0,,SGX日经225指数1707,0.0,18425.0,18405.0
2017-04-21,NK1707,0.0,0.0,0.0,18620.0,200.0,,SGX日经225指数1707,200.0,18620.0,18620.0
2017-04-24,NK1707,0.0,0.0,0.0,18900.0,0.0,,SGX日经225指数1707,200.0,18900.0,18900.0
2017-04-25,NK1707,18890.0,18995.0,18890.0,18995.0,20.0,,SGX日经225指数1707,200.0,19065.0,18995.0
2017-04-26,NK1707,19180.0,19250.0,19180.0,19250.0,31.0,,SGX日经225指数1707,231.0,19255.0,19250.0
2017-04-27,NK1707,19215.0,19240.0,19215.0,19240.0,11.0,,SGX日经225指数1707,241.0,19255.0,19240.0
2017-04-28,NK1707,0.0,0.0,0.0,19160.0,0.0,,SGX日经225指数1707,241.0,19160.0,19160.0
2017-05-01,NK1707,0.0,0.0,0.0,19295.0,0.0,,SGX日经225指数1707,241.0,19295.0,19295.0
2017-05-02,NK1707,0.0,0.0,0.0,19445.0,0.0,,SGX日经225指数1707,241.0,19445.0,19445.0
2017-05-03,NK1707,0.0,0.0,0.0,19435.0,0.0,,SGX日经225指数1707,241.0,19435.0,19435.0
2017-05-04,NK1707,0.0,0.0,0.0,19545.0,0.0,,SGX日经225指数1707,241.0,19545.0,19545.0
2017-05-05,NK1707,0.0,0.0,0.0,19470.0,0.0,,SGX日经225指数1707,241.0,19470.0,19470.0
2017-05-08,NK1707,19755.0,19755.0,19755.0,19755.0,10.0,,SGX日经225指数1707,251.0,19820.0,19755.0
2017-05-09,NK1707,0.0,0.0,0.0,19865.0,0.0,,SGX日经225指数1707,251.0,19865.0,19865.0
2017-05-10,NK1707,19890.0,19890.0,19890.0,19890.0,1.0,,SGX日经225指数1707,251.0,19880.0,19890.0
2017-05-11,NK1707,19905.0,19950.0,19905.0,19950.0,11.0,,SGX日经225指数1707,260.0,19930.0,19950.0
2017-05-12,NK1707,0.0,0.0,0.0,19840.0,0.0,,SGX日经225指数1707,260.0,19840.0,19840.0
2017-05-15,NK1707,0.0,0.0,0.0,19860.0,0.0,,SGX日经225指数1707,260.0,19860.0,19860.0
2017-05-16,NK1707,0.0,0.0,0.0,19870.0,0.0,,SGX日经225指数1707,260.0,19870.0,19870.0
2017-05-17,NK1707,19810.0,19810.0,19785.0,19785.0,20.0,,SGX日经225指数1707,275.0,19745.0,19785.0
2017-05-18,NK1707,0.0,0.0,0.0,19565.0,0.0,,SGX日经225指数1707,275.0,19565.0,19565.0
2017-05-19,NK1707,19545.0,19545.0,19545.0,19545.0,10.0,,SGX日经225指数1707,265.0,19550.0,19545.0
2017-05-22,NK1707,19645.0,19645.0,19645.0,19645.0,10.0,,SGX日经225指数1707,255.0,19655.0,19645.0
2017-05-23,NK1707,19620.0,19620.0,19620.0,19620.0,5.0,,SGX日经225指数1707,260.0,19625.0,19620.0
2017-05-24,NK1707,0.0,0.0,0.0,19705.0,0.0,,SGX日经225指数1707,260.0,19705.0,19705.0
2017-05-25,NK1707,19760.0,19810.0,19760.0,19810.0,30.0,,SGX日经225指数1707,290.0,19790.0,19810.0
2017-05-26,NK1707,19780.0,19780.0,19780.0,19780.0,1.0,,SGX日经225指数1707,291.0,19680.0,19780.0
2017-05-29,NK1707,0.0,0.0,0.0,19660.0,0.0,,SGX日经225指数1707,291.0,19660.0,19660.0
2017-05-30,NK1707,0.0,0.0,0.0,19640.0,0.0,,SGX日经225指数1707,291.0,19640.0,19640.0
2017-05-31,NK1707,0.0,0.0,0.0,19640.0,0.0,,SGX日经225指数1707,291.0,19640.0,19640.0
2017-06-01,NK1707,19870.0,19870.0,19870.0,19870.0,10.0,,SGX日经225指数1707,301.0,19830.0,19870.0
2017-06-02,NK1707,19885.0,19885.0,19885.0,19885.0,101.0,,SGX日经225指数1707,305.0,20140.0,19885.0
2017-06-05,NK1707,0.0,0.0,0.0,20130.0,0.0,,SGX日经225指数1707,305.0,20130.0,20130.0
2017-06-06,NK1707,20150.0,20150.0,19975.0,19975.0,51.0,,SGX日经225指数1707,306.0,19940.0,19975.0
2017-06-07,NK1707,19965.0,19980.0,19890.0,19980.0,1300.0,,SGX日经225指数1707,1499.0,19915.0,19980.0
2017-06-08,NK1707,20030.0,20030.0,19875.0,19905.0,284.0,,SGX日经225指数1707,1498.0,19935.0,19905.0
2017-06-09,NK1707,0.0,0.0,0.0,19970.0,0.0,,SGX日经225指数1707,1498.0,19970.0,19970.0
2017-06-12,NK1707,20005.0,20030.0,19895.0,19895.0,11.0,,SGX日经225指数1707,1498.0,19875.0,19895.0
2017-06-13,NK1707,19820.0,19820.0,19820.0,19820.0,9.0,,SGX日经225指数1707,1498.0,19895.0,19820.0
2017-06-14,NK1707,0.0,0.0,0.0,19890.0,800.0,,SGX日经225指数1707,1401.0,19890.0,19890.0
2017-06-15,NK1707,19855.0,19855.0,19840.0,19840.0,20.0,,SGX日经225指数1707,1401.0,19830.0,19840.0
2017-06-16,NK1707,19695.0,19975.0,19690.0,19885.0,63.0,,SGX日经225指数1707,1416.0,19930.0,19885.0
2017-06-19,NK1707,20005.0,20025.0,20005.0,20025.0,30.0,,SGX日经225指数1707,1416.0,20040.0,20025.0
2017-06-20,NK1707,20230.0,20285.0,20230.0,20280.0,40.0,,SGX日经225指数1707,1445.0,20210.0,20280.0
2017-06-21,NK1707,20165.0,20165.0,20165.0,20165.0,10.0,,SGX日经225指数1707,1455.0,20105.0,20165.0
2017-06-22,NK1707,0.0,0.0,0.0,20090.0,0.0,,SGX日经225指数1707,1455.0,20090.0,20090.0
2017-06-23,NK1707,0.0,0.0,0.0,20085.0,0.0,,SGX日经225指数1707,1455.0,20085.0,20085.0
2017-06-26,NK1707,20120.0,20120.0,20120.0,20120.0,10.0,,SGX日经225指数1707,1445.0,20130.0,20120.0
2017-06-27,NK1707,20220.0,20220.0,20220.0,20220.0,10.0,,SGX日经225指数1707,1435.0,20165.0,20220.0
2017-06-28,NK1707,0.0,0.0,0.0,20155.0,200.0,,SGX日经225指数1707,1435.0,20155.0,20155.0
2017-06-29,NK1707,0.0,0.0,0.0,20235.0,500.0,,SGX日经225指数1707,1935.0,20235.0,20235.0
2017-06-30,NK1707,0.0,0.0,0.0,20015.0,1000.0,,SGX日经225指数1707,2935.0,20015.0,20015.0
2017-07-03,NK1707,0.0,0.0,0.0,20070.0,90.0,,SGX日经225指数1707,3025.0,20070.0,20070.0
