date,symbol,open,high,low,close,volume,amount,name,openinterest,settleprice,price
2016-05-13,NK1702,0.0,0.0,0.0,16180.0,0.0,,SGX日经225指数1702,0.0,16180.0,16180.0
2016-05-16,NK1702,0.0,0.0,0.0,16365.0,0.0,,SGX日经225指数1702,0.0,16365.0,16365.0
2016-05-17,NK1702,0.0,0.0,0.0,16545.0,0.0,,SGX日经225指数1702,0.0,16545.0,16545.0
2016-05-18,NK1702,0.0,0.0,0.0,16405.0,0.0,,SGX日经225指数1702,0.0,16405.0,16405.0
2016-05-19,NK1702,0.0,0.0,0.0,16465.0,0.0,,SGX日经225指数1702,0.0,16465.0,16465.0
2016-05-20,NK1702,0.0,0.0,0.0,16570.0,0.0,,SGX日经225指数1702,0.0,16570.0,16570.0
2016-05-23,NK1702,0.0,0.0,0.0,16490.0,0.0,,SGX日经225指数1702,0.0,16490.0,16490.0
2016-05-24,NK1702,0.0,0.0,0.0,16325.0,0.0,,SGX日经225指数1702,0.0,16325.0,16325.0
2016-05-25,NK1702,0.0,0.0,0.0,16615.0,0.0,,SGX日经225指数1702,0.0,16615.0,16615.0
2016-05-26,NK1702,0.0,0.0,0.0,16650.0,0.0,,SGX日经225指数1702,0.0,16650.0,16650.0
2016-05-27,NK1702,0.0,0.0,0.0,16680.0,0.0,,SGX日经225指数1702,0.0,16680.0,16680.0
2016-05-30,NK1702,0.0,0.0,0.0,16910.0,0.0,,SGX日经225指数1702,0.0,16910.0,16910.0
2016-05-31,NK1702,0.0,0.0,0.0,17045.0,0.0,,SGX日经225指数1702,0.0,17045.0,17045.0
2016-06-01,NK1702,0.0,0.0,0.0,16815.0,0.0,,SGX日经225指数1702,0.0,16815.0,16815.0
2016-06-02,NK1702,0.0,0.0,0.0,16450.0,0.0,,SGX日经225指数1702,0.0,16450.0,16450.0
2016-06-03,NK1702,0.0,0.0,0.0,16485.0,0.0,,SGX日经225指数1702,0.0,16485.0,16485.0
2016-06-06,NK1702,0.0,0.0,0.0,16405.0,0.0,,SGX日经225指数1702,0.0,16405.0,16405.0
2016-06-07,NK1702,0.0,0.0,0.0,16550.0,0.0,,SGX日经225指数1702,0.0,16550.0,16550.0
2016-06-08,NK1702,0.0,0.0,0.0,16680.0,0.0,,SGX日经225指数1702,0.0,16680.0,16680.0
2016-06-09,NK1702,0.0,0.0,0.0,16475.0,0.0,,SGX日经225指数1702,0.0,16475.0,16475.0
2016-06-10,NK1702,0.0,0.0,0.0,16370.0,0.0,,SGX日经225指数1702,0.0,16370.0,16370.0
2016-06-13,NK1702,0.0,0.0,0.0,15840.0,0.0,,SGX日经225指数1702,0.0,15840.0,15840.0
2016-06-14,NK1702,0.0,0.0,0.0,15600.0,0.0,,SGX日经225指数1702,0.0,15600.0,15600.0
2016-06-15,NK1702,0.0,0.0,0.0,15760.0,0.0,,SGX日经225指数1702,0.0,15760.0,15760.0
2016-06-16,NK1702,0.0,0.0,0.0,15185.0,0.0,,SGX日经225指数1702,0.0,15185.0,15185.0
2016-06-17,NK1702,0.0,0.0,0.0,15385.0,0.0,,SGX日经225指数1702,0.0,15385.0,15385.0
2016-06-20,NK1702,0.0,0.0,0.0,15830.0,0.0,,SGX日经225指数1702,0.0,15830.0,15830.0
2016-06-21,NK1702,0.0,0.0,0.0,16015.0,0.0,,SGX日经225指数1702,0.0,16015.0,16015.0
2016-06-22,NK1702,0.0,0.0,0.0,15840.0,0.0,,SGX日经225指数1702,0.0,15840.0,15840.0
2016-06-23,NK1702,0.0,0.0,0.0,16040.0,0.0,,SGX日经225指数1702,0.0,16040.0,16040.0
2016-06-24,NK1702,0.0,0.0,0.0,15005.0,0.0,,SGX日经225指数1702,0.0,15005.0,15005.0
2016-06-27,NK1702,0.0,0.0,0.0,15210.0,0.0,,SGX日经225指数1702,0.0,15210.0,15210.0
2016-06-28,NK1702,0.0,0.0,0.0,15145.0,0.0,,SGX日经225指数1702,0.0,15145.0,15145.0
2016-06-29,NK1702,0.0,0.0,0.0,15430.0,0.0,,SGX日经225指数1702,0.0,15430.0,15430.0
2016-06-30,NK1702,0.0,0.0,0.0,15415.0,0.0,,SGX日经225指数1702,0.0,15415.0,15415.0
2016-07-01,NK1702,0.0,0.0,0.0,15515.0,0.0,,SGX日经225指数1702,0.0,15515.0,15515.0
2016-07-04,NK1702,0.0,0.0,0.0,15630.0,0.0,,SGX日经225指数1702,0.0,15630.0,15630.0
2016-07-05,NK1702,0.0,0.0,0.0,15440.0,0.0,,SGX日经225指数1702,0.0,15440.0,15440.0
2016-07-06,NK1702,0.0,0.0,0.0,15150.0,0.0,,SGX日经225指数1702,0.0,15150.0,15150.0
2016-07-07,NK1702,0.0,0.0,0.0,15135.0,0.0,,SGX日经225指数1702,0.0,15135.0,15135.0
2016-07-08,NK1702,0.0,0.0,0.0,15005.0,0.0,,SGX日经225指数1702,0.0,15005.0,15005.0
2016-07-11,NK1702,0.0,0.0,0.0,15580.0,0.0,,SGX日经225指数1702,0.0,15580.0,15580.0
2016-07-12,NK1702,0.0,0.0,0.0,16035.0,0.0,,SGX日经225指数1702,0.0,16035.0,16035.0
2016-07-13,NK1702,0.0,0.0,0.0,16070.0,0.0,,SGX日经225指数1702,0.0,16070.0,16070.0
2016-07-14,NK1702,0.0,0.0,0.0,16370.0,0.0,,SGX日经225指数1702,0.0,16370.0,16370.0
2016-07-15,NK1702,0.0,0.0,0.0,16415.0,0.0,,SGX日经225指数1702,0.0,16415.0,16415.0
2016-07-18,NK1702,0.0,0.0,0.0,16455.0,0.0,,SGX日经225指数1702,0.0,16455.0,16455.0
2016-07-19,NK1702,0.0,0.0,0.0,16515.0,0.0,,SGX日经225指数1702,0.0,16515.0,16515.0
2016-07-20,NK1702,0.0,0.0,0.0,16555.0,0.0,,SGX日经225指数1702,0.0,16555.0,16555.0
2016-07-21,NK1702,0.0,0.0,0.0,16690.0,0.0,,SGX日经225指数1702,0.0,16690.0,16690.0
2016-07-22,NK1702,0.0,0.0,0.0,16510.0,0.0,,SGX日经225指数1702,0.0,16510.0,16510.0
2016-07-25,NK1702,0.0,0.0,0.0,16475.0,0.0,,SGX日经225指数1702,0.0,16475.0,16475.0
2016-07-26,NK1702,0.0,0.0,0.0,16180.0,0.0,,SGX日经225指数1702,0.0,16180.0,16180.0
2016-07-27,NK1702,0.0,0.0,0.0,16615.0,0.0,,SGX日经225指数1702,0.0,16615.0,16615.0
2016-07-28,NK1702,0.0,0.0,0.0,16245.0,0.0,,SGX日经225指数1702,0.0,16245.0,16245.0
2016-07-29,NK1702,0.0,0.0,0.0,16440.0,0.0,,SGX日经225指数1702,0.0,16440.0,16440.0
2016-08-01,NK1702,0.0,0.0,0.0,16440.0,0.0,,SGX日经225指数1702,0.0,16440.0,16440.0
2016-08-02,NK1702,0.0,0.0,0.0,16205.0,0.0,,SGX日经225指数1702,0.0,16205.0,16205.0
2016-08-03,NK1702,0.0,0.0,0.0,15930.0,0.0,,SGX日经225指数1702,0.0,15930.0,15930.0
2016-08-04,NK1702,0.0,0.0,0.0,16040.0,0.0,,SGX日经225指数1702,0.0,16040.0,16040.0
2016-08-05,NK1702,0.0,0.0,0.0,16095.0,0.0,,SGX日经225指数1702,0.0,16095.0,16095.0
2016-08-08,NK1702,0.0,0.0,0.0,16465.0,0.0,,SGX日经225指数1702,0.0,16465.0,16465.0
2016-08-09,NK1702,0.0,0.0,0.0,16565.0,0.0,,SGX日经225指数1702,0.0,16565.0,16565.0
2016-08-10,NK1702,0.0,0.0,0.0,16605.0,0.0,,SGX日经225指数1702,0.0,16605.0,16605.0
2016-08-11,NK1702,0.0,0.0,0.0,16605.0,0.0,,SGX日经225指数1702,0.0,16605.0,16605.0
2016-08-12,NK1702,0.0,0.0,0.0,16770.0,0.0,,SGX日经225指数1702,0.0,16770.0,16770.0
2016-08-15,NK1702,0.0,0.0,0.0,16705.0,0.0,,SGX日经225指数1702,0.0,16705.0,16705.0
2016-08-16,NK1702,0.0,0.0,0.0,16475.0,0.0,,SGX日经225指数1702,0.0,16475.0,16475.0
2016-08-17,NK1702,0.0,0.0,0.0,16600.0,0.0,,SGX日经225指数1702,0.0,16600.0,16600.0
2016-08-18,NK1702,0.0,0.0,0.0,16380.0,0.0,,SGX日经225指数1702,0.0,16380.0,16380.0
2016-08-19,NK1702,0.0,0.0,0.0,16395.0,0.0,,SGX日经225指数1702,0.0,16395.0,16395.0
2016-08-22,NK1702,0.0,0.0,0.0,16420.0,0.0,,SGX日经225指数1702,0.0,16420.0,16420.0
2016-08-23,NK1702,0.0,0.0,0.0,16350.0,0.0,,SGX日经225指数1702,0.0,16350.0,16350.0
2016-08-24,NK1702,0.0,0.0,0.0,16400.0,0.0,,SGX日经225指数1702,0.0,16400.0,16400.0
2016-08-25,NK1702,0.0,0.0,0.0,16380.0,0.0,,SGX日经225指数1702,0.0,16380.0,16380.0
2016-08-26,NK1702,0.0,0.0,0.0,16270.0,0.0,,SGX日经225指数1702,0.0,16270.0,16270.0
2016-08-29,NK1702,0.0,0.0,0.0,16590.0,0.0,,SGX日经225指数1702,0.0,16590.0,16590.0
2016-08-30,NK1702,0.0,0.0,0.0,16610.0,0.0,,SGX日经225指数1702,0.0,16610.0,16610.0
2016-08-31,NK1702,0.0,0.0,0.0,16750.0,0.0,,SGX日经225指数1702,0.0,16750.0,16750.0
2016-09-01,NK1702,0.0,0.0,0.0,16800.0,0.0,,SGX日经225指数1702,0.0,16800.0,16800.0
2016-09-02,NK1702,0.0,0.0,0.0,16790.0,0.0,,SGX日经225指数1702,0.0,16790.0,16790.0
2016-09-05,NK1702,0.0,0.0,0.0,16895.0,0.0,,SGX日经225指数1702,0.0,16895.0,16895.0
2016-09-06,NK1702,0.0,0.0,0.0,16945.0,0.0,,SGX日经225指数1702,0.0,16945.0,16945.0
2016-09-07,NK1702,0.0,0.0,0.0,16840.0,0.0,,SGX日经225指数1702,0.0,16840.0,16840.0
2016-09-08,NK1702,0.0,0.0,0.0,16805.0,0.0,,SGX日经225指数1702,0.0,16805.0,16805.0
2016-09-09,NK1702,0.0,0.0,0.0,16825.0,0.0,,SGX日经225指数1702,0.0,16825.0,16825.0
2016-09-12,NK1702,0.0,0.0,0.0,16520.0,0.0,,SGX日经225指数1702,0.0,16520.0,16520.0
2016-09-13,NK1702,0.0,0.0,0.0,16580.0,0.0,,SGX日经225指数1702,0.0,16580.0,16580.0
2016-09-14,NK1702,0.0,0.0,0.0,16495.0,0.0,,SGX日经225指数1702,0.0,16495.0,16495.0
2016-09-15,NK1702,0.0,0.0,0.0,16240.0,0.0,,SGX日经225指数1702,0.0,16240.0,16240.0
2016-09-16,NK1702,0.0,0.0,0.0,16325.0,0.0,,SGX日经225指数1702,0.0,16325.0,16325.0
2016-09-19,NK1702,0.0,0.0,0.0,16275.0,0.0,,SGX日经225指数1702,0.0,16275.0,16275.0
2016-09-20,NK1702,0.0,0.0,0.0,16285.0,0.0,,SGX日经225指数1702,0.0,16285.0,16285.0
2016-09-21,NK1702,0.0,0.0,0.0,16685.0,0.0,,SGX日经225指数1702,0.0,16685.0,16685.0
2016-09-22,NK1702,0.0,0.0,0.0,16525.0,0.0,,SGX日经225指数1702,0.0,16525.0,16525.0
2016-09-23,NK1702,0.0,0.0,0.0,16530.0,0.0,,SGX日经225指数1702,0.0,16530.0,16530.0
2016-09-26,NK1702,0.0,0.0,0.0,16360.0,0.0,,SGX日经225指数1702,0.0,16360.0,16360.0
2016-09-27,NK1702,0.0,0.0,0.0,16515.0,0.0,,SGX日经225指数1702,0.0,16515.0,16515.0
2016-09-28,NK1702,0.0,0.0,0.0,16420.0,0.0,,SGX日经225指数1702,0.0,16420.0,16420.0
2016-09-29,NK1702,0.0,0.0,0.0,16660.0,0.0,,SGX日经225指数1702,0.0,16660.0,16660.0
2016-09-30,NK1702,0.0,0.0,0.0,16345.0,0.0,,SGX日经225指数1702,0.0,16345.0,16345.0
2016-10-03,NK1702,0.0,0.0,0.0,16560.0,0.0,,SGX日经225指数1702,0.0,16560.0,16560.0
2016-10-04,NK1702,0.0,0.0,0.0,16690.0,0.0,,SGX日经225指数1702,0.0,16690.0,16690.0
2016-10-05,NK1702,0.0,0.0,0.0,16750.0,0.0,,SGX日经225指数1702,0.0,16750.0,16750.0
2016-10-06,NK1702,0.0,0.0,0.0,16865.0,0.0,,SGX日经225指数1702,0.0,16865.0,16865.0
2016-10-07,NK1702,0.0,0.0,0.0,16850.0,0.0,,SGX日经225指数1702,0.0,16850.0,16850.0
2016-10-10,NK1702,0.0,0.0,0.0,16785.0,0.0,,SGX日经225指数1702,0.0,16785.0,16785.0
2016-10-11,NK1702,0.0,0.0,0.0,16960.0,0.0,,SGX日经225指数1702,0.0,16960.0,16960.0
2016-10-12,NK1702,0.0,0.0,0.0,16860.0,0.0,,SGX日经225指数1702,0.0,16860.0,16860.0
2016-10-13,NK1702,0.0,0.0,0.0,16755.0,0.0,,SGX日经225指数1702,0.0,16755.0,16755.0
2016-10-14,NK1702,0.0,0.0,0.0,16815.0,0.0,,SGX日经225指数1702,0.0,16815.0,16815.0
2016-10-17,NK1702,0.0,0.0,0.0,16845.0,0.0,,SGX日经225指数1702,0.0,16845.0,16845.0
2016-10-18,NK1702,0.0,0.0,0.0,16905.0,0.0,,SGX日经225指数1702,0.0,16905.0,16905.0
2016-10-19,NK1702,0.0,0.0,0.0,16965.0,0.0,,SGX日经225指数1702,0.0,16965.0,16965.0
2016-10-20,NK1702,0.0,0.0,0.0,17140.0,0.0,,SGX日经225指数1702,0.0,17140.0,17140.0
2016-10-21,NK1702,0.0,0.0,0.0,17195.0,0.0,,SGX日经225指数1702,0.0,17195.0,17195.0
2016-10-24,NK1702,0.0,0.0,0.0,17205.0,0.0,,SGX日经225指数1702,0.0,17205.0,17205.0
2016-10-25,NK1702,0.0,0.0,0.0,17350.0,0.0,,SGX日经225指数1702,0.0,17350.0,17350.0
2016-10-26,NK1702,0.0,0.0,0.0,17330.0,0.0,,SGX日经225指数1702,0.0,17330.0,17330.0
2016-10-27,NK1702,0.0,0.0,0.0,17340.0,0.0,,SGX日经225指数1702,0.0,17340.0,17340.0
2016-10-28,NK1702,0.0,0.0,0.0,17425.0,0.0,,SGX日经225指数1702,0.0,17425.0,17425.0
2016-10-31,NK1702,0.0,0.0,0.0,17405.0,0.0,,SGX日经225指数1702,0.0,17405.0,17405.0
2016-11-01,NK1702,0.0,0.0,0.0,17400.0,0.0,,SGX日经225指数1702,0.0,17400.0,17400.0
2016-11-02,NK1702,0.0,0.0,0.0,17055.0,0.0,,SGX日经225指数1702,0.0,17055.0,17055.0
2016-11-03,NK1702,0.0,0.0,0.0,16955.0,0.0,,SGX日经225指数1702,0.0,16955.0,16955.0
2016-11-04,NK1702,0.0,0.0,0.0,16865.0,0.0,,SGX日经225指数1702,0.0,16865.0,16865.0
2016-11-07,NK1702,0.0,0.0,0.0,17195.0,0.0,,SGX日经225指数1702,0.0,17195.0,17195.0
2016-11-08,NK1702,0.0,0.0,0.0,17175.0,0.0,,SGX日经225指数1702,0.0,17175.0,17175.0
2016-11-09,NK1702,0.0,0.0,0.0,16370.0,0.0,,SGX日经225指数1702,0.0,16370.0,16370.0
2016-11-10,NK1702,0.0,0.0,0.0,17295.0,0.0,,SGX日经225指数1702,0.0,17295.0,17295.0
2016-11-11,NK1702,0.0,0.0,0.0,17420.0,0.0,,SGX日经225指数1702,0.0,17420.0,17420.0
2016-11-14,NK1702,0.0,0.0,0.0,17580.0,0.0,,SGX日经225指数1702,0.0,17580.0,17580.0
2016-11-15,NK1702,0.0,0.0,0.0,17605.0,0.0,,SGX日经225指数1702,0.0,17605.0,17605.0
2016-11-16,NK1702,0.0,0.0,0.0,17835.0,0.0,,SGX日经225指数1702,0.0,17835.0,17835.0
2016-11-17,NK1702,0.0,0.0,0.0,17880.0,0.0,,SGX日经225指数1702,0.0,17880.0,17880.0
2016-11-18,NK1702,0.0,0.0,0.0,17960.0,0.0,,SGX日经225指数1702,0.0,17960.0,17960.0
2016-11-21,NK1702,0.0,0.0,0.0,18075.0,0.0,,SGX日经225指数1702,0.0,18075.0,18075.0
2016-11-22,NK1702,18125.0,18125.0,18125.0,18125.0,20.0,,SGX日经225指数1702,20.0,18160.0,18125.0
2016-11-23,NK1702,0.0,0.0,0.0,18165.0,0.0,,SGX日经225指数1702,20.0,18165.0,18165.0
2016-11-24,NK1702,18325.0,18345.0,18295.0,18345.0,40.0,,SGX日经225指数1702,20.0,18355.0,18345.0
2016-11-25,NK1702,18380.0,18440.0,18335.0,18335.0,90.0,,SGX日经225指数1702,90.0,18350.0,18335.0
2016-11-28,NK1702,18265.0,18265.0,18190.0,18265.0,50.0,,SGX日经225指数1702,80.0,18285.0,18265.0
2016-11-29,NK1702,18260.0,18260.0,18260.0,18260.0,3.0,,SGX日经225指数1702,80.0,18255.0,18260.0
2016-11-30,NK1702,18305.0,18305.0,18305.0,18305.0,10.0,,SGX日经225指数1702,70.0,18345.0,18305.0
2016-12-01,NK1702,18590.0,18685.0,18540.0,18540.0,50.0,,SGX日经225指数1702,80.0,18390.0,18540.0
2016-12-02,NK1702,18425.0,18425.0,18285.0,18335.0,100.0,,SGX日经225指数1702,80.0,18295.0,18335.0
2016-12-05,NK1702,18290.0,18290.0,18200.0,18200.0,30.0,,SGX日经225指数1702,50.0,18235.0,18200.0
2016-12-06,NK1702,18320.0,18325.0,18320.0,18325.0,20.0,,SGX日经225指数1702,70.0,18405.0,18325.0
2016-12-07,NK1702,0.0,0.0,0.0,18470.0,0.0,,SGX日经225指数1702,70.0,18470.0,18470.0
2016-12-08,NK1702,18665.0,18665.0,18665.0,18665.0,10.0,,SGX日经225指数1702,60.0,18755.0,18665.0
2016-12-09,NK1702,18820.0,18865.0,18820.0,18865.0,30.0,,SGX日经225指数1702,90.0,19000.0,18865.0
2016-12-12,NK1702,19095.0,19095.0,19095.0,19095.0,10.0,,SGX日经225指数1702,80.0,19195.0,19095.0
2016-12-13,NK1702,0.0,0.0,0.0,19205.0,0.0,,SGX日经225指数1702,80.0,19205.0,19205.0
2016-12-14,NK1702,19235.0,19235.0,19235.0,19235.0,10.0,,SGX日经225指数1702,90.0,19195.0,19235.0
2016-12-15,NK1702,19345.0,19345.0,19255.0,19285.0,30.0,,SGX日经225指数1702,90.0,19295.0,19285.0
2016-12-16,NK1702,19395.0,19395.0,19355.0,19355.0,20.0,,SGX日经225指数1702,110.0,19410.0,19355.0
2016-12-19,NK1702,19285.0,19345.0,19280.0,19345.0,40.0,,SGX日经225指数1702,110.0,19415.0,19345.0
2016-12-20,NK1702,19470.0,19475.0,19470.0,19475.0,20.0,,SGX日经225指数1702,130.0,19485.0,19475.0
2016-12-21,NK1702,0.0,0.0,0.0,19435.0,0.0,,SGX日经225指数1702,130.0,19435.0,19435.0
2016-12-22,NK1702,19300.0,19315.0,19300.0,19315.0,20.0,,SGX日经225指数1702,110.0,19360.0,19315.0
2016-12-23,NK1702,0.0,0.0,0.0,19390.0,0.0,,SGX日经225指数1702,110.0,19390.0,19390.0
2016-12-26,NK1702,0.0,0.0,0.0,19310.0,0.0,,SGX日经225指数1702,110.0,19310.0,19310.0
2016-12-27,NK1702,19385.0,19385.0,19385.0,19385.0,2.0,,SGX日经225指数1702,110.0,19355.0,19385.0
2016-12-28,NK1702,0.0,0.0,0.0,19465.0,0.0,,SGX日经225指数1702,110.0,19465.0,19465.0
2016-12-29,NK1702,19280.0,19280.0,19200.0,19200.0,52.0,,SGX日经225指数1702,60.0,19075.0,19200.0
2016-12-30,NK1702,0.0,0.0,0.0,19080.0,0.0,,SGX日经225指数1702,60.0,19080.0,19080.0
2017-01-11,NK1702,19340.0,19375.0,19340.0,19375.0,20.0,,SGX日经225指数1702,80.0,19375.0,19375.0
2017-01-12,NK1702,19135.0,19135.0,19085.0,19085.0,20.0,,SGX日经225指数1702,60.0,19130.0,19085.0
2017-01-13,NK1702,19135.0,19135.0,19135.0,19135.0,9.0,,SGX日经225指数1702,69.0,19275.0,19135.0
2017-01-16,NK1702,19235.0,19335.0,19070.0,19080.0,14.0,,SGX日经225指数1702,79.0,19070.0,19080.0
2017-01-17,NK1702,19025.0,19025.0,19025.0,19025.0,10.0,,SGX日经225指数1702,79.0,18785.0,19025.0
2017-01-18,NK1702,18705.0,18885.0,18675.0,18870.0,163.0,,SGX日经225指数1702,180.0,18835.0,18870.0
2017-01-19,NK1702,19085.0,19085.0,18970.0,18995.0,56.0,,SGX日经225指数1702,190.0,19125.0,18995.0
2017-01-20,NK1702,19150.0,19150.0,19150.0,19150.0,104.0,,SGX日经225指数1702,286.0,19155.0,19150.0
2017-01-23,NK1702,19025.0,19025.0,18945.0,18945.0,270.0,,SGX日经225指数1702,486.0,18900.0,18945.0
2017-01-24,NK1702,18840.0,18855.0,18840.0,18855.0,20.0,,SGX日经225指数1702,486.0,18850.0,18855.0
2017-01-25,NK1702,0.0,0.0,0.0,19085.0,0.0,,SGX日经225指数1702,486.0,19085.0,19085.0
2017-01-26,NK1702,0.0,0.0,0.0,19485.0,0.0,,SGX日经225指数1702,486.0,19485.0,19485.0
2017-01-27,NK1702,19440.0,19465.0,19440.0,19460.0,74.0,,SGX日经225指数1702,419.0,19490.0,19460.0
2017-01-30,NK1702,0.0,0.0,0.0,19335.0,0.0,,SGX日经225指数1702,419.0,19335.0,19335.0
2017-01-31,NK1702,0.0,0.0,0.0,19000.0,0.0,,SGX日经225指数1702,419.0,19000.0,19000.0
2017-02-01,NK1702,18935.0,19115.0,18935.0,19115.0,24.0,,SGX日经225指数1702,432.0,19220.0,19115.0
2017-02-02,NK1702,19105.0,19105.0,19100.0,19100.0,20.0,,SGX日经225指数1702,419.0,18955.0,19100.0
2017-02-03,NK1702,18995.0,19015.0,18920.0,18920.0,37.0,,SGX日经225指数1702,422.0,18970.0,18920.0
2017-02-06,NK1702,0.0,0.0,0.0,18960.0,1220.0,,SGX日经225指数1702,1595.0,18960.0,18960.0
2017-02-07,NK1702,0.0,0.0,0.0,18885.0,1815.0,,SGX日经225指数1702,3057.0,18885.0,18885.0
2017-02-08,NK1702,0.0,0.0,0.0,19005.0,836.0,,SGX日经225指数1702,3812.0,19005.0,19005.0
2017-02-09,NK1702,0.0,0.0,0.0,18920.0,1943.0,,SGX日经225指数1702,4479.0,18920.0,18920.0
