date,symbol,open,high,low,close,volume,amount,name,openinterest,settleprice,price
2017-02-10,NK1711,0.0,0.0,0.0,19115.0,0.0,,SGX日经225指数1711,0.0,19115.0,19115.0
2017-02-13,NK1711,0.0,0.0,0.0,19150.0,0.0,,SGX日经225指数1711,0.0,19150.0,19150.0
2017-02-14,NK1711,0.0,0.0,0.0,18980.0,0.0,,SGX日经225指数1711,0.0,18980.0,18980.0
2017-02-15,NK1711,0.0,0.0,0.0,19170.0,0.0,,SGX日经225指数1711,0.0,19170.0,19170.0
2017-02-16,NK1711,0.0,0.0,0.0,19055.0,0.0,,SGX日经225指数1711,0.0,19055.0,19055.0
2017-02-17,NK1711,0.0,0.0,0.0,18910.0,0.0,,SGX日经225指数1711,0.0,18910.0,18910.0
2017-02-20,NK1711,0.0,0.0,0.0,18980.0,0.0,,SGX日经225指数1711,0.0,18980.0,18980.0
2017-02-21,NK1711,0.0,0.0,0.0,19110.0,0.0,,SGX日经225指数1711,0.0,19110.0,19110.0
2017-02-22,NK1711,0.0,0.0,0.0,19110.0,0.0,,SGX日经225指数1711,0.0,19110.0,19110.0
2017-02-23,NK1711,0.0,0.0,0.0,19070.0,0.0,,SGX日经225指数1711,0.0,19070.0,19070.0
2017-02-24,NK1711,0.0,0.0,0.0,19005.0,0.0,,SGX日经225指数1711,0.0,19005.0,19005.0
2017-02-27,NK1711,0.0,0.0,0.0,18860.0,0.0,,SGX日经225指数1711,0.0,18860.0,18860.0
2017-02-28,NK1711,0.0,0.0,0.0,18850.0,0.0,,SGX日经225指数1711,0.0,18850.0,18850.0
2017-03-01,NK1711,0.0,0.0,0.0,19125.0,0.0,,SGX日经225指数1711,0.0,19125.0,19125.0
2017-03-02,NK1711,0.0,0.0,0.0,19365.0,0.0,,SGX日经225指数1711,0.0,19365.0,19365.0
2017-03-03,NK1711,0.0,0.0,0.0,19185.0,0.0,,SGX日经225指数1711,0.0,19185.0,19185.0
2017-03-06,NK1711,0.0,0.0,0.0,19075.0,0.0,,SGX日经225指数1711,0.0,19075.0,19075.0
2017-03-07,NK1711,0.0,0.0,0.0,19070.0,0.0,,SGX日经225指数1711,0.0,19070.0,19070.0
2017-03-08,NK1711,0.0,0.0,0.0,18975.0,0.0,,SGX日经225指数1711,0.0,18975.0,18975.0
2017-03-09,NK1711,0.0,0.0,0.0,19030.0,0.0,,SGX日经225指数1711,0.0,19030.0,19030.0
2017-03-10,NK1711,0.0,0.0,0.0,19330.0,0.0,,SGX日经225指数1711,0.0,19330.0,19330.0
2017-03-13,NK1711,0.0,0.0,0.0,19360.0,0.0,,SGX日经225指数1711,0.0,19360.0,19360.0
2017-03-14,NK1711,0.0,0.0,0.0,19335.0,0.0,,SGX日经225指数1711,0.0,19335.0,19335.0
2017-03-15,NK1711,0.0,0.0,0.0,19315.0,0.0,,SGX日经225指数1711,0.0,19315.0,19315.0
2017-03-16,NK1711,0.0,0.0,0.0,19285.0,0.0,,SGX日经225指数1711,0.0,19285.0,19285.0
2017-03-17,NK1711,0.0,0.0,0.0,19205.0,0.0,,SGX日经225指数1711,0.0,19205.0,19205.0
2017-03-20,NK1711,0.0,0.0,0.0,19175.0,0.0,,SGX日经225指数1711,0.0,19175.0,19175.0
2017-03-21,NK1711,0.0,0.0,0.0,19170.0,0.0,,SGX日经225指数1711,0.0,19170.0,19170.0
2017-03-22,NK1711,0.0,0.0,0.0,18775.0,0.0,,SGX日经225指数1711,0.0,18775.0,18775.0
2017-03-23,NK1711,0.0,0.0,0.0,18795.0,0.0,,SGX日经225指数1711,0.0,18795.0,18795.0
2017-03-24,NK1711,0.0,0.0,0.0,19015.0,0.0,,SGX日经225指数1711,0.0,19015.0,19015.0
2017-03-27,NK1711,0.0,0.0,0.0,18630.0,0.0,,SGX日经225指数1711,0.0,18630.0,18630.0
2017-03-28,NK1711,0.0,0.0,0.0,18895.0,0.0,,SGX日经225指数1711,0.0,18895.0,18895.0
2017-03-29,NK1711,0.0,0.0,0.0,19055.0,0.0,,SGX日经225指数1711,0.0,19055.0,19055.0
2017-03-30,NK1711,0.0,0.0,0.0,18915.0,0.0,,SGX日经225指数1711,0.0,18915.0,18915.0
2017-03-31,NK1711,0.0,0.0,0.0,18755.0,0.0,,SGX日经225指数1711,0.0,18755.0,18755.0
2017-04-03,NK1711,0.0,0.0,0.0,18915.0,0.0,,SGX日经225指数1711,0.0,18915.0,18915.0
2017-04-04,NK1711,0.0,0.0,0.0,18670.0,0.0,,SGX日经225指数1711,0.0,18670.0,18670.0
2017-04-05,NK1711,0.0,0.0,0.0,18720.0,0.0,,SGX日经225指数1711,0.0,18720.0,18720.0
2017-04-06,NK1711,0.0,0.0,0.0,18495.0,0.0,,SGX日经225指数1711,0.0,18495.0,18495.0
2017-04-07,NK1711,0.0,0.0,0.0,18575.0,0.0,,SGX日经225指数1711,0.0,18575.0,18575.0
2017-04-10,NK1711,0.0,0.0,0.0,18640.0,0.0,,SGX日经225指数1711,0.0,18640.0,18640.0
2017-04-11,NK1711,0.0,0.0,0.0,18560.0,0.0,,SGX日经225指数1711,0.0,18560.0,18560.0
2017-04-12,NK1711,0.0,0.0,0.0,18395.0,0.0,,SGX日经225指数1711,0.0,18395.0,18395.0
2017-04-13,NK1711,0.0,0.0,0.0,18250.0,0.0,,SGX日经225指数1711,0.0,18250.0,18250.0
2017-04-14,NK1711,0.0,0.0,0.0,18165.0,0.0,,SGX日经225指数1711,0.0,18165.0,18165.0
2017-04-17,NK1711,0.0,0.0,0.0,18170.0,0.0,,SGX日经225指数1711,0.0,18170.0,18170.0
2017-04-18,NK1711,0.0,0.0,0.0,18275.0,0.0,,SGX日经225指数1711,0.0,18275.0,18275.0
2017-04-19,NK1711,0.0,0.0,0.0,18275.0,0.0,,SGX日经225指数1711,0.0,18275.0,18275.0
2017-04-20,NK1711,0.0,0.0,0.0,18300.0,0.0,,SGX日经225指数1711,0.0,18300.0,18300.0
2017-04-21,NK1711,0.0,0.0,0.0,18500.0,0.0,,SGX日经225指数1711,0.0,18500.0,18500.0
2017-04-24,NK1711,0.0,0.0,0.0,18780.0,0.0,,SGX日经225指数1711,0.0,18780.0,18780.0
2017-04-25,NK1711,0.0,0.0,0.0,18940.0,0.0,,SGX日经225指数1711,0.0,18940.0,18940.0
2017-04-26,NK1711,0.0,0.0,0.0,19130.0,0.0,,SGX日经225指数1711,0.0,19130.0,19130.0
2017-04-27,NK1711,0.0,0.0,0.0,19130.0,0.0,,SGX日经225指数1711,0.0,19130.0,19130.0
2017-04-28,NK1711,0.0,0.0,0.0,19035.0,0.0,,SGX日经225指数1711,0.0,19035.0,19035.0
2017-05-01,NK1711,0.0,0.0,0.0,19165.0,0.0,,SGX日经225指数1711,0.0,19165.0,19165.0
2017-05-02,NK1711,0.0,0.0,0.0,19315.0,0.0,,SGX日经225指数1711,0.0,19315.0,19315.0
2017-05-03,NK1711,0.0,0.0,0.0,19305.0,0.0,,SGX日经225指数1711,0.0,19305.0,19305.0
2017-05-04,NK1711,0.0,0.0,0.0,19415.0,0.0,,SGX日经225指数1711,0.0,19415.0,19415.0
2017-05-05,NK1711,0.0,0.0,0.0,19340.0,0.0,,SGX日经225指数1711,0.0,19340.0,19340.0
2017-05-08,NK1711,0.0,0.0,0.0,19690.0,0.0,,SGX日经225指数1711,0.0,19690.0,19690.0
2017-05-09,NK1711,0.0,0.0,0.0,19735.0,0.0,,SGX日经225指数1711,0.0,19735.0,19735.0
2017-05-10,NK1711,0.0,0.0,0.0,19750.0,0.0,,SGX日经225指数1711,0.0,19750.0,19750.0
2017-05-11,NK1711,0.0,0.0,0.0,19800.0,0.0,,SGX日经225指数1711,0.0,19800.0,19800.0
2017-05-12,NK1711,0.0,0.0,0.0,19710.0,0.0,,SGX日经225指数1711,0.0,19710.0,19710.0
2017-05-15,NK1711,0.0,0.0,0.0,19730.0,0.0,,SGX日经225指数1711,0.0,19730.0,19730.0
2017-05-16,NK1711,0.0,0.0,0.0,19740.0,0.0,,SGX日经225指数1711,0.0,19740.0,19740.0
2017-05-17,NK1711,0.0,0.0,0.0,19610.0,0.0,,SGX日经225指数1711,0.0,19610.0,19610.0
2017-05-18,NK1711,0.0,0.0,0.0,19430.0,0.0,,SGX日经225指数1711,0.0,19430.0,19430.0
2017-05-19,NK1711,0.0,0.0,0.0,19420.0,0.0,,SGX日经225指数1711,0.0,19420.0,19420.0
2017-05-22,NK1711,0.0,0.0,0.0,19520.0,0.0,,SGX日经225指数1711,0.0,19520.0,19520.0
2017-05-23,NK1711,0.0,0.0,0.0,19490.0,0.0,,SGX日经225指数1711,0.0,19490.0,19490.0
2017-05-24,NK1711,0.0,0.0,0.0,19570.0,0.0,,SGX日经225指数1711,0.0,19570.0,19570.0
2017-05-25,NK1711,0.0,0.0,0.0,19655.0,0.0,,SGX日经225指数1711,0.0,19655.0,19655.0
2017-05-26,NK1711,0.0,0.0,0.0,19550.0,0.0,,SGX日经225指数1711,0.0,19550.0,19550.0
2017-05-29,NK1711,0.0,0.0,0.0,19530.0,0.0,,SGX日经225指数1711,0.0,19530.0,19530.0
2017-05-30,NK1711,0.0,0.0,0.0,19505.0,0.0,,SGX日经225指数1711,0.0,19505.0,19505.0
2017-05-31,NK1711,0.0,0.0,0.0,19505.0,0.0,,SGX日经225指数1711,0.0,19505.0,19505.0
2017-06-01,NK1711,0.0,0.0,0.0,19695.0,0.0,,SGX日经225指数1711,0.0,19695.0,19695.0
2017-06-02,NK1711,0.0,0.0,0.0,20010.0,0.0,,SGX日经225指数1711,0.0,20010.0,20010.0
2017-06-05,NK1711,0.0,0.0,0.0,19995.0,0.0,,SGX日经225指数1711,0.0,19995.0,19995.0
2017-06-06,NK1711,0.0,0.0,0.0,19805.0,0.0,,SGX日经225指数1711,0.0,19805.0,19805.0
2017-06-07,NK1711,0.0,0.0,0.0,19780.0,0.0,,SGX日经225指数1711,0.0,19780.0,19780.0
2017-06-08,NK1711,0.0,0.0,0.0,19800.0,0.0,,SGX日经225指数1711,0.0,19800.0,19800.0
2017-06-09,NK1711,0.0,0.0,0.0,19835.0,0.0,,SGX日经225指数1711,0.0,19835.0,19835.0
2017-06-12,NK1711,0.0,0.0,0.0,19740.0,0.0,,SGX日经225指数1711,0.0,19740.0,19740.0
2017-06-13,NK1711,0.0,0.0,0.0,19760.0,0.0,,SGX日经225指数1711,0.0,19760.0,19760.0
2017-06-14,NK1711,0.0,0.0,0.0,19755.0,0.0,,SGX日经225指数1711,0.0,19755.0,19755.0
2017-06-15,NK1711,0.0,0.0,0.0,19695.0,0.0,,SGX日经225指数1711,0.0,19695.0,19695.0
2017-06-16,NK1711,0.0,0.0,0.0,19795.0,0.0,,SGX日经225指数1711,0.0,19795.0,19795.0
2017-06-19,NK1711,0.0,0.0,0.0,19905.0,0.0,,SGX日经225指数1711,0.0,19905.0,19905.0
2017-06-20,NK1711,0.0,0.0,0.0,20075.0,0.0,,SGX日经225指数1711,0.0,20075.0,20075.0
2017-06-21,NK1711,0.0,0.0,0.0,19965.0,0.0,,SGX日经225指数1711,0.0,19965.0,19965.0
2017-06-22,NK1711,0.0,0.0,0.0,19955.0,0.0,,SGX日经225指数1711,0.0,19955.0,19955.0
2017-06-23,NK1711,0.0,0.0,0.0,19950.0,0.0,,SGX日经225指数1711,0.0,19950.0,19950.0
2017-06-26,NK1711,0.0,0.0,0.0,19995.0,0.0,,SGX日经225指数1711,0.0,19995.0,19995.0
2017-06-27,NK1711,0.0,0.0,0.0,20030.0,0.0,,SGX日经225指数1711,0.0,20030.0,20030.0
2017-06-28,NK1711,0.0,0.0,0.0,20020.0,0.0,,SGX日经225指数1711,0.0,20020.0,20020.0
2017-06-29,NK1711,0.0,0.0,0.0,20100.0,0.0,,SGX日经225指数1711,0.0,20100.0,20100.0
2017-06-30,NK1711,0.0,0.0,0.0,19875.0,0.0,,SGX日经225指数1711,0.0,19875.0,19875.0
2017-07-03,NK1711,0.0,0.0,0.0,19935.0,0.0,,SGX日经225指数1711,0.0,19935.0,19935.0
