date,symbol,open,high,low,close,volume,amount,name,openinterest,settleprice,price
2017-05-12,NK1802,0.0,0.0,0.0,19680.0,0.0,,SGX日经225指数1802,0.0,19680.0,19680.0
2017-05-15,NK1802,0.0,0.0,0.0,19700.0,0.0,,SGX日经225指数1802,0.0,19700.0,19700.0
2017-05-16,NK1802,0.0,0.0,0.0,19710.0,0.0,,SGX日经225指数1802,0.0,19710.0,19710.0
2017-05-17,NK1802,0.0,0.0,0.0,19585.0,0.0,,SGX日经225指数1802,0.0,19585.0,19585.0
2017-05-18,NK1802,0.0,0.0,0.0,19405.0,0.0,,SGX日经225指数1802,0.0,19405.0,19405.0
2017-05-19,NK1802,0.0,0.0,0.0,19390.0,0.0,,SGX日经225指数1802,0.0,19390.0,19390.0
2017-05-22,NK1802,0.0,0.0,0.0,19495.0,0.0,,SGX日经225指数1802,0.0,19495.0,19495.0
2017-05-23,NK1802,0.0,0.0,0.0,19465.0,0.0,,SGX日经225指数1802,0.0,19465.0,19465.0
2017-05-24,NK1802,0.0,0.0,0.0,19545.0,0.0,,SGX日经225指数1802,0.0,19545.0,19545.0
2017-05-25,NK1802,0.0,0.0,0.0,19630.0,0.0,,SGX日经225指数1802,0.0,19630.0,19630.0
2017-05-26,NK1802,0.0,0.0,0.0,19520.0,0.0,,SGX日经225指数1802,0.0,19520.0,19520.0
2017-05-29,NK1802,0.0,0.0,0.0,19500.0,0.0,,SGX日经225指数1802,0.0,19500.0,19500.0
2017-05-30,NK1802,0.0,0.0,0.0,19475.0,0.0,,SGX日经225指数1802,0.0,19475.0,19475.0
2017-05-31,NK1802,0.0,0.0,0.0,19480.0,0.0,,SGX日经225指数1802,0.0,19480.0,19480.0
2017-06-01,NK1802,0.0,0.0,0.0,19670.0,0.0,,SGX日经225指数1802,0.0,19670.0,19670.0
2017-06-02,NK1802,0.0,0.0,0.0,19980.0,0.0,,SGX日经225指数1802,0.0,19980.0,19980.0
2017-06-05,NK1802,0.0,0.0,0.0,19970.0,0.0,,SGX日经225指数1802,0.0,19970.0,19970.0
2017-06-06,NK1802,0.0,0.0,0.0,19780.0,0.0,,SGX日经225指数1802,0.0,19780.0,19780.0
2017-06-07,NK1802,0.0,0.0,0.0,19755.0,0.0,,SGX日经225指数1802,0.0,19755.0,19755.0
2017-06-08,NK1802,0.0,0.0,0.0,19775.0,0.0,,SGX日经225指数1802,0.0,19775.0,19775.0
2017-06-09,NK1802,0.0,0.0,0.0,19805.0,0.0,,SGX日经225指数1802,0.0,19805.0,19805.0
2017-06-12,NK1802,0.0,0.0,0.0,19710.0,0.0,,SGX日经225指数1802,0.0,19710.0,19710.0
2017-06-13,NK1802,0.0,0.0,0.0,19730.0,0.0,,SGX日经225指数1802,0.0,19730.0,19730.0
2017-06-14,NK1802,0.0,0.0,0.0,19725.0,0.0,,SGX日经225指数1802,0.0,19725.0,19725.0
2017-06-15,NK1802,0.0,0.0,0.0,19670.0,0.0,,SGX日经225指数1802,0.0,19670.0,19670.0
2017-06-16,NK1802,0.0,0.0,0.0,19770.0,0.0,,SGX日经225指数1802,0.0,19770.0,19770.0
2017-06-19,NK1802,0.0,0.0,0.0,19880.0,0.0,,SGX日经225指数1802,0.0,19880.0,19880.0
2017-06-20,NK1802,0.0,0.0,0.0,20050.0,0.0,,SGX日经225指数1802,0.0,20050.0,20050.0
2017-06-21,NK1802,0.0,0.0,0.0,19940.0,0.0,,SGX日经225指数1802,0.0,19940.0,19940.0
2017-06-22,NK1802,0.0,0.0,0.0,19930.0,0.0,,SGX日经225指数1802,0.0,19930.0,19930.0
2017-06-23,NK1802,0.0,0.0,0.0,19925.0,0.0,,SGX日经225指数1802,0.0,19925.0,19925.0
2017-06-26,NK1802,0.0,0.0,0.0,19970.0,0.0,,SGX日经225指数1802,0.0,19970.0,19970.0
2017-06-27,NK1802,0.0,0.0,0.0,20005.0,0.0,,SGX日经225指数1802,0.0,20005.0,20005.0
2017-06-28,NK1802,0.0,0.0,0.0,19995.0,0.0,,SGX日经225指数1802,0.0,19995.0,19995.0
2017-06-29,NK1802,0.0,0.0,0.0,20075.0,0.0,,SGX日经225指数1802,0.0,20075.0,20075.0
2017-06-30,NK1802,0.0,0.0,0.0,19850.0,0.0,,SGX日经225指数1802,0.0,19850.0,19850.0
2017-07-03,NK1802,0.0,0.0,0.0,19910.0,0.0,,SGX日经225指数1802,0.0,19910.0,19910.0
