date,symbol,open,high,low,close,volume,amount,name,openinterest,settleprice,price
2015-12-11,NK2012,0.0,0.0,0.0,17890.0,0.0,,SGX日经225指数2012,0.0,17890.0,17890.0
2015-12-14,NK2012,0.0,0.0,0.0,17540.0,0.0,,SGX日经225指数2012,0.0,17540.0,17540.0
2015-12-15,NK2012,0.0,0.0,0.0,17270.0,0.0,,SGX日经225指数2012,0.0,17270.0,17270.0
2015-12-16,NK2012,0.0,0.0,0.0,17755.0,0.0,,SGX日经225指数2012,0.0,17755.0,17755.0
2015-12-17,NK2012,0.0,0.0,0.0,18020.0,0.0,,SGX日经225指数2012,0.0,18020.0,18020.0
2015-12-18,NK2012,0.0,0.0,0.0,17630.0,0.0,,SGX日经225指数2012,0.0,17630.0,17630.0
2015-12-21,NK2012,0.0,0.0,0.0,17530.0,0.0,,SGX日经225指数2012,0.0,17530.0,17530.0
2015-12-22,NK2012,0.0,0.0,0.0,17550.0,0.0,,SGX日经225指数2012,0.0,17550.0,17550.0
2015-12-23,NK2012,0.0,0.0,0.0,17570.0,0.0,,SGX日经225指数2012,0.0,17570.0,17570.0
2015-12-24,NK2012,0.0,0.0,0.0,17505.0,0.0,,SGX日经225指数2012,0.0,17505.0,17505.0
2015-12-25,NK2012,0.0,0.0,0.0,17405.0,0.0,,SGX日经225指数2012,0.0,17405.0,17405.0
2015-12-28,NK2012,0.0,0.0,0.0,17575.0,0.0,,SGX日经225指数2012,0.0,17575.0,17575.0
2015-12-29,NK2012,0.0,0.0,0.0,17665.0,0.0,,SGX日经225指数2012,0.0,17665.0,17665.0
2015-12-30,NK2012,0.0,0.0,0.0,17660.0,0.0,,SGX日经225指数2012,0.0,17660.0,17660.0
2015-12-31,NK2012,0.0,0.0,0.0,17545.0,0.0,,SGX日经225指数2012,0.0,17545.0,17545.0
2016-01-04,NK2012,0.0,0.0,0.0,17075.0,0.0,,SGX日经225指数2012,0.0,17075.0,17075.0
2016-01-05,NK2012,0.0,0.0,0.0,17065.0,0.0,,SGX日经225指数2012,0.0,17065.0,17065.0
2016-01-06,NK2012,0.0,0.0,0.0,16885.0,0.0,,SGX日经225指数2012,0.0,16885.0,16885.0
2016-01-07,NK2012,0.0,0.0,0.0,16330.0,0.0,,SGX日经225指数2012,0.0,16330.0,16330.0
2016-01-08,NK2012,0.0,0.0,0.0,16330.0,0.0,,SGX日经225指数2012,0.0,16330.0,16330.0
2016-01-11,NK2012,0.0,0.0,0.0,15990.0,0.0,,SGX日经225指数2012,0.0,15990.0,15990.0
2016-01-12,NK2012,0.0,0.0,0.0,15795.0,0.0,,SGX日经225指数2012,0.0,15795.0,15795.0
2016-01-13,NK2012,0.0,0.0,0.0,16335.0,0.0,,SGX日经225指数2012,0.0,16335.0,16335.0
2016-01-14,NK2012,0.0,0.0,0.0,15965.0,0.0,,SGX日经225指数2012,0.0,15965.0,15965.0
2016-01-15,NK2012,0.0,0.0,0.0,15770.0,0.0,,SGX日经225指数2012,0.0,15770.0,15770.0
2016-01-18,NK2012,0.0,0.0,0.0,15530.0,0.0,,SGX日经225指数2012,0.0,15530.0,15530.0
2016-01-19,NK2012,0.0,0.0,0.0,15720.0,0.0,,SGX日经225指数2012,0.0,15720.0,15720.0
2016-01-20,NK2012,0.0,0.0,0.0,15000.0,0.0,,SGX日经225指数2012,0.0,15000.0,15000.0
2016-01-21,NK2012,0.0,0.0,0.0,14670.0,0.0,,SGX日经225指数2012,0.0,14670.0,14670.0
2016-01-22,NK2012,0.0,0.0,0.0,15520.0,0.0,,SGX日经225指数2012,0.0,15520.0,15520.0
2016-01-25,NK2012,0.0,0.0,0.0,15835.0,0.0,,SGX日经225指数2012,0.0,15835.0,15835.0
2016-01-26,NK2012,0.0,0.0,0.0,15310.0,0.0,,SGX日经225指数2012,0.0,15310.0,15310.0
2016-01-27,NK2012,0.0,0.0,0.0,15865.0,0.0,,SGX日经225指数2012,0.0,15865.0,15865.0
2016-01-28,NK2012,0.0,0.0,0.0,15700.0,0.0,,SGX日经225指数2012,0.0,15700.0,15700.0
2016-01-29,NK2012,0.0,0.0,0.0,16360.0,0.0,,SGX日经225指数2012,0.0,16360.0,16360.0
2016-02-01,NK2012,0.0,0.0,0.0,16500.0,0.0,,SGX日经225指数2012,0.0,16500.0,16500.0
2016-02-02,NK2012,0.0,0.0,0.0,16420.0,0.0,,SGX日经225指数2012,0.0,16420.0,16420.0
2016-02-03,NK2012,0.0,0.0,0.0,15800.0,0.0,,SGX日经225指数2012,0.0,15800.0,15800.0
2016-02-04,NK2012,0.0,0.0,0.0,15715.0,0.0,,SGX日经225指数2012,0.0,15715.0,15715.0
2016-02-05,NK2012,0.0,0.0,0.0,15345.0,0.0,,SGX日经225指数2012,0.0,15345.0,15345.0
2016-02-08,NK2012,0.0,0.0,0.0,15595.0,0.0,,SGX日经225指数2012,0.0,15595.0,15595.0
2016-02-09,NK2012,0.0,0.0,0.0,14680.0,0.0,,SGX日经225指数2012,0.0,14680.0,14680.0
2016-02-10,NK2012,0.0,0.0,0.0,14305.0,0.0,,SGX日经225指数2012,0.0,14305.0,14305.0
2016-02-11,NK2012,0.0,0.0,0.0,13955.0,0.0,,SGX日经225指数2012,0.0,13955.0,13955.0
2016-02-12,NK2012,0.0,0.0,0.0,13390.0,0.0,,SGX日经225指数2012,0.0,13390.0,13390.0
2016-02-15,NK2012,0.0,0.0,0.0,14465.0,0.0,,SGX日经225指数2012,0.0,14465.0,14465.0
2016-02-16,NK2012,0.0,0.0,0.0,14650.0,0.0,,SGX日经225指数2012,0.0,14650.0,14650.0
2016-02-17,NK2012,0.0,0.0,0.0,14340.0,0.0,,SGX日经225指数2012,0.0,14340.0,14340.0
2016-02-18,NK2012,0.0,0.0,0.0,14795.0,0.0,,SGX日经225指数2012,0.0,14795.0,14795.0
2016-02-19,NK2012,0.0,0.0,0.0,14600.0,0.0,,SGX日经225指数2012,0.0,14600.0,14600.0
2016-02-22,NK2012,0.0,0.0,0.0,14660.0,0.0,,SGX日经225指数2012,0.0,14660.0,14660.0
2016-02-23,NK2012,0.0,0.0,0.0,14665.0,0.0,,SGX日经225指数2012,0.0,14665.0,14665.0
2016-02-24,NK2012,0.0,0.0,0.0,14505.0,0.0,,SGX日经225指数2012,0.0,14505.0,14505.0
2016-02-25,NK2012,0.0,0.0,0.0,14660.0,0.0,,SGX日经225指数2012,0.0,14660.0,14660.0
2016-02-26,NK2012,0.0,0.0,0.0,14810.0,0.0,,SGX日经225指数2012,0.0,14810.0,14810.0
2016-02-29,NK2012,0.0,0.0,0.0,14545.0,0.0,,SGX日经225指数2012,0.0,14545.0,14545.0
2016-03-01,NK2012,0.0,0.0,0.0,14650.0,0.0,,SGX日经225指数2012,0.0,14650.0,14650.0
2016-03-02,NK2012,0.0,0.0,0.0,15310.0,0.0,,SGX日经225指数2012,0.0,15310.0,15310.0
2016-03-03,NK2012,0.0,0.0,0.0,15540.0,0.0,,SGX日经225指数2012,0.0,15540.0,15540.0
2016-03-04,NK2012,0.0,0.0,0.0,15580.0,0.0,,SGX日经225指数2012,0.0,15580.0,15580.0
2016-03-07,NK2012,0.0,0.0,0.0,15520.0,0.0,,SGX日经225指数2012,0.0,15520.0,15520.0
2016-03-08,NK2012,0.0,0.0,0.0,15380.0,0.0,,SGX日经225指数2012,0.0,15380.0,15380.0
2016-03-09,NK2012,0.0,0.0,0.0,15235.0,0.0,,SGX日经225指数2012,0.0,15235.0,15235.0
2016-03-10,NK2012,0.0,0.0,0.0,15435.0,0.0,,SGX日经225指数2012,0.0,15435.0,15435.0
2016-03-11,NK2012,0.0,0.0,0.0,15550.0,0.0,,SGX日经225指数2012,0.0,15550.0,15550.0
2016-03-14,NK2012,0.0,0.0,0.0,15830.0,0.0,,SGX日经225指数2012,0.0,15830.0,15830.0
2016-03-15,NK2012,0.0,0.0,0.0,15665.0,0.0,,SGX日经225指数2012,0.0,15665.0,15665.0
2016-03-16,NK2012,0.0,0.0,0.0,15505.0,0.0,,SGX日经225指数2012,0.0,15505.0,15505.0
2016-03-17,NK2012,0.0,0.0,0.0,15520.0,0.0,,SGX日经225指数2012,0.0,15520.0,15520.0
2016-03-18,NK2012,0.0,0.0,0.0,15175.0,0.0,,SGX日经225指数2012,0.0,15175.0,15175.0
2016-03-21,NK2012,0.0,0.0,0.0,15250.0,0.0,,SGX日经225指数2012,0.0,15250.0,15250.0
2016-03-22,NK2012,0.0,0.0,0.0,15590.0,0.0,,SGX日经225指数2012,0.0,15590.0,15590.0
2016-03-23,NK2012,0.0,0.0,0.0,15565.0,0.0,,SGX日经225指数2012,0.0,15565.0,15565.0
2016-03-24,NK2012,0.0,0.0,0.0,15430.0,0.0,,SGX日经225指数2012,0.0,15430.0,15430.0
2016-03-25,NK2012,0.0,0.0,0.0,15590.0,0.0,,SGX日经225指数2012,0.0,15590.0,15590.0
2016-03-28,NK2012,0.0,0.0,0.0,15530.0,0.0,,SGX日经225指数2012,0.0,15530.0,15530.0
2016-03-29,NK2012,0.0,0.0,0.0,15725.0,0.0,,SGX日经225指数2012,0.0,15725.0,15725.0
2016-03-30,NK2012,0.0,0.0,0.0,15590.0,0.0,,SGX日经225指数2012,0.0,15590.0,15590.0
2016-03-31,NK2012,0.0,0.0,0.0,15440.0,0.0,,SGX日经225指数2012,0.0,15440.0,15440.0
2016-04-01,NK2012,0.0,0.0,0.0,14905.0,0.0,,SGX日经225指数2012,0.0,14905.0,14905.0
2016-04-04,NK2012,0.0,0.0,0.0,14725.0,0.0,,SGX日经225指数2012,0.0,14725.0,14725.0
2016-04-05,NK2012,0.0,0.0,0.0,14375.0,0.0,,SGX日经225指数2012,0.0,14375.0,14375.0
2016-04-06,NK2012,0.0,0.0,0.0,14380.0,0.0,,SGX日经225指数2012,0.0,14380.0,14380.0
2016-04-07,NK2012,0.0,0.0,0.0,14370.0,0.0,,SGX日经225指数2012,0.0,14370.0,14370.0
2016-04-08,NK2012,0.0,0.0,0.0,14475.0,0.0,,SGX日经225指数2012,0.0,14475.0,14475.0
2016-04-11,NK2012,0.0,0.0,0.0,14380.0,0.0,,SGX日经225指数2012,0.0,14380.0,14380.0
2016-04-12,NK2012,0.0,0.0,0.0,14580.0,0.0,,SGX日经225指数2012,0.0,14580.0,14580.0
2016-04-13,NK2012,0.0,0.0,0.0,15090.0,0.0,,SGX日经225指数2012,0.0,15090.0,15090.0
2016-04-14,NK2012,0.0,0.0,0.0,15510.0,0.0,,SGX日经225指数2012,0.0,15510.0,15510.0
2016-04-15,NK2012,0.0,0.0,0.0,15400.0,0.0,,SGX日经225指数2012,0.0,15400.0,15400.0
2016-04-18,NK2012,0.0,0.0,0.0,14965.0,0.0,,SGX日经225指数2012,0.0,14965.0,14965.0
2016-04-19,NK2012,0.0,0.0,0.0,15530.0,0.0,,SGX日经225指数2012,0.0,15530.0,15530.0
2016-04-20,NK2012,0.0,0.0,0.0,15520.0,0.0,,SGX日经225指数2012,0.0,15520.0,15520.0
2016-04-21,NK2012,0.0,0.0,0.0,16020.0,0.0,,SGX日经225指数2012,0.0,16020.0,16020.0
2016-04-22,NK2012,0.0,0.0,0.0,16215.0,0.0,,SGX日经225指数2012,0.0,16215.0,16215.0
2016-04-25,NK2012,0.0,0.0,0.0,16090.0,0.0,,SGX日经225指数2012,0.0,16090.0,16090.0
2016-04-26,NK2012,0.0,0.0,0.0,15930.0,0.0,,SGX日经225指数2012,0.0,15930.0,15930.0
2016-04-27,NK2012,0.0,0.0,0.0,15895.0,0.0,,SGX日经225指数2012,0.0,15895.0,15895.0
2016-04-28,NK2012,0.0,0.0,0.0,15135.0,0.0,,SGX日经225指数2012,0.0,15135.0,15135.0
2016-04-29,NK2012,0.0,0.0,0.0,14785.0,0.0,,SGX日经225指数2012,0.0,14785.0,14785.0
2016-05-02,NK2012,0.0,0.0,0.0,14790.0,0.0,,SGX日经225指数2012,0.0,14790.0,14790.0
2016-05-03,NK2012,0.0,0.0,0.0,14670.0,0.0,,SGX日经225指数2012,0.0,14670.0,14670.0
2016-05-04,NK2012,0.0,0.0,0.0,14640.0,0.0,,SGX日经225指数2012,0.0,14640.0,14640.0
2016-05-05,NK2012,0.0,0.0,0.0,14655.0,0.0,,SGX日经225指数2012,0.0,14655.0,14655.0
2016-05-06,NK2012,0.0,0.0,0.0,14695.0,0.0,,SGX日经225指数2012,0.0,14695.0,14695.0
2016-05-09,NK2012,0.0,0.0,0.0,14885.0,0.0,,SGX日经225指数2012,0.0,14885.0,14885.0
2016-05-10,NK2012,0.0,0.0,0.0,15240.0,0.0,,SGX日经225指数2012,0.0,15240.0,15240.0
2016-05-11,NK2012,0.0,0.0,0.0,15250.0,0.0,,SGX日经225指数2012,0.0,15250.0,15250.0
2016-05-12,NK2012,0.0,0.0,0.0,15355.0,0.0,,SGX日经225指数2012,0.0,15355.0,15355.0
2016-05-13,NK2012,0.0,0.0,0.0,15025.0,0.0,,SGX日经225指数2012,0.0,15025.0,15025.0
2016-05-16,NK2012,0.0,0.0,0.0,15210.0,0.0,,SGX日经225指数2012,0.0,15210.0,15210.0
2016-05-17,NK2012,0.0,0.0,0.0,15390.0,0.0,,SGX日经225指数2012,0.0,15390.0,15390.0
2016-05-18,NK2012,0.0,0.0,0.0,15250.0,0.0,,SGX日经225指数2012,0.0,15250.0,15250.0
2016-05-19,NK2012,0.0,0.0,0.0,15315.0,0.0,,SGX日经225指数2012,0.0,15315.0,15315.0
2016-05-20,NK2012,0.0,0.0,0.0,15420.0,0.0,,SGX日经225指数2012,0.0,15420.0,15420.0
2016-05-23,NK2012,0.0,0.0,0.0,15335.0,0.0,,SGX日经225指数2012,0.0,15335.0,15335.0
2016-05-24,NK2012,0.0,0.0,0.0,15175.0,0.0,,SGX日经225指数2012,0.0,15175.0,15175.0
2016-05-25,NK2012,0.0,0.0,0.0,15460.0,0.0,,SGX日经225指数2012,0.0,15460.0,15460.0
2016-05-26,NK2012,0.0,0.0,0.0,15495.0,0.0,,SGX日经225指数2012,0.0,15495.0,15495.0
2016-05-27,NK2012,0.0,0.0,0.0,15520.0,0.0,,SGX日经225指数2012,0.0,15520.0,15520.0
2016-05-30,NK2012,0.0,0.0,0.0,15755.0,0.0,,SGX日经225指数2012,0.0,15755.0,15755.0
2016-05-31,NK2012,0.0,0.0,0.0,15890.0,0.0,,SGX日经225指数2012,0.0,15890.0,15890.0
2016-06-01,NK2012,0.0,0.0,0.0,15660.0,0.0,,SGX日经225指数2012,0.0,15660.0,15660.0
2016-06-02,NK2012,0.0,0.0,0.0,15295.0,0.0,,SGX日经225指数2012,0.0,15295.0,15295.0
2016-06-03,NK2012,0.0,0.0,0.0,15330.0,0.0,,SGX日经225指数2012,0.0,15330.0,15330.0
2016-06-06,NK2012,0.0,0.0,0.0,15250.0,0.0,,SGX日经225指数2012,0.0,15250.0,15250.0
2016-06-07,NK2012,0.0,0.0,0.0,15395.0,0.0,,SGX日经225指数2012,0.0,15395.0,15395.0
2016-06-08,NK2012,0.0,0.0,0.0,15525.0,0.0,,SGX日经225指数2012,0.0,15525.0,15525.0
2016-06-09,NK2012,0.0,0.0,0.0,15320.0,0.0,,SGX日经225指数2012,0.0,15320.0,15320.0
2016-06-10,NK2012,0.0,0.0,0.0,15215.0,0.0,,SGX日经225指数2012,0.0,15215.0,15215.0
2016-06-13,NK2012,0.0,0.0,0.0,14685.0,0.0,,SGX日经225指数2012,0.0,14685.0,14685.0
2016-06-14,NK2012,0.0,0.0,0.0,14445.0,0.0,,SGX日经225指数2012,0.0,14445.0,14445.0
2016-06-15,NK2012,0.0,0.0,0.0,14605.0,0.0,,SGX日经225指数2012,0.0,14605.0,14605.0
2016-06-16,NK2012,0.0,0.0,0.0,14030.0,0.0,,SGX日经225指数2012,0.0,14030.0,14030.0
2016-06-17,NK2012,0.0,0.0,0.0,14235.0,0.0,,SGX日经225指数2012,0.0,14235.0,14235.0
2016-06-20,NK2012,0.0,0.0,0.0,14680.0,0.0,,SGX日经225指数2012,0.0,14680.0,14680.0
2016-06-21,NK2012,0.0,0.0,0.0,14860.0,0.0,,SGX日经225指数2012,0.0,14860.0,14860.0
2016-06-22,NK2012,0.0,0.0,0.0,14690.0,0.0,,SGX日经225指数2012,0.0,14690.0,14690.0
2016-06-23,NK2012,0.0,0.0,0.0,14885.0,0.0,,SGX日经225指数2012,0.0,14885.0,14885.0
2016-06-24,NK2012,0.0,0.0,0.0,13855.0,0.0,,SGX日经225指数2012,0.0,13855.0,13855.0
2016-06-27,NK2012,0.0,0.0,0.0,14035.0,0.0,,SGX日经225指数2012,0.0,14035.0,14035.0
2016-06-28,NK2012,0.0,0.0,0.0,13980.0,0.0,,SGX日经225指数2012,0.0,13980.0,13980.0
2016-06-29,NK2012,0.0,0.0,0.0,14270.0,0.0,,SGX日经225指数2012,0.0,14270.0,14270.0
2016-06-30,NK2012,0.0,0.0,0.0,14255.0,0.0,,SGX日经225指数2012,0.0,14255.0,14255.0
2016-07-01,NK2012,0.0,0.0,0.0,14355.0,0.0,,SGX日经225指数2012,0.0,14355.0,14355.0
2016-07-04,NK2012,0.0,0.0,0.0,14470.0,0.0,,SGX日经225指数2012,0.0,14470.0,14470.0
2016-07-05,NK2012,0.0,0.0,0.0,14285.0,0.0,,SGX日经225指数2012,0.0,14285.0,14285.0
2016-07-06,NK2012,0.0,0.0,0.0,13995.0,0.0,,SGX日经225指数2012,0.0,13995.0,13995.0
2016-07-07,NK2012,0.0,0.0,0.0,13975.0,0.0,,SGX日经225指数2012,0.0,13975.0,13975.0
2016-07-08,NK2012,0.0,0.0,0.0,13845.0,0.0,,SGX日经225指数2012,0.0,13845.0,13845.0
2016-07-11,NK2012,0.0,0.0,0.0,14420.0,0.0,,SGX日经225指数2012,0.0,14420.0,14420.0
2016-07-12,NK2012,0.0,0.0,0.0,14880.0,0.0,,SGX日经225指数2012,0.0,14880.0,14880.0
2016-07-13,NK2012,0.0,0.0,0.0,14910.0,0.0,,SGX日经225指数2012,0.0,14910.0,14910.0
2016-07-14,NK2012,0.0,0.0,0.0,15215.0,0.0,,SGX日经225指数2012,0.0,15215.0,15215.0
2016-07-15,NK2012,0.0,0.0,0.0,15255.0,0.0,,SGX日经225指数2012,0.0,15255.0,15255.0
2016-07-18,NK2012,0.0,0.0,0.0,15295.0,0.0,,SGX日经225指数2012,0.0,15295.0,15295.0
2016-07-19,NK2012,0.0,0.0,0.0,15355.0,0.0,,SGX日经225指数2012,0.0,15355.0,15355.0
2016-07-20,NK2012,0.0,0.0,0.0,15395.0,0.0,,SGX日经225指数2012,0.0,15395.0,15395.0
2016-07-21,NK2012,0.0,0.0,0.0,15530.0,0.0,,SGX日经225指数2012,0.0,15530.0,15530.0
2016-07-22,NK2012,0.0,0.0,0.0,15350.0,0.0,,SGX日经225指数2012,0.0,15350.0,15350.0
2016-07-25,NK2012,0.0,0.0,0.0,15315.0,0.0,,SGX日经225指数2012,0.0,15315.0,15315.0
2016-07-26,NK2012,0.0,0.0,0.0,15020.0,0.0,,SGX日经225指数2012,0.0,15020.0,15020.0
2016-07-27,NK2012,0.0,0.0,0.0,15455.0,0.0,,SGX日经225指数2012,0.0,15455.0,15455.0
2016-07-28,NK2012,0.0,0.0,0.0,15085.0,0.0,,SGX日经225指数2012,0.0,15085.0,15085.0
2016-07-29,NK2012,0.0,0.0,0.0,15285.0,0.0,,SGX日经225指数2012,0.0,15285.0,15285.0
2016-08-01,NK2012,0.0,0.0,0.0,15280.0,0.0,,SGX日经225指数2012,0.0,15280.0,15280.0
2016-08-02,NK2012,0.0,0.0,0.0,15045.0,0.0,,SGX日经225指数2012,0.0,15045.0,15045.0
2016-08-03,NK2012,0.0,0.0,0.0,14770.0,0.0,,SGX日经225指数2012,0.0,14770.0,14770.0
2016-08-04,NK2012,0.0,0.0,0.0,14880.0,0.0,,SGX日经225指数2012,0.0,14880.0,14880.0
2016-08-05,NK2012,0.0,0.0,0.0,14935.0,0.0,,SGX日经225指数2012,0.0,14935.0,14935.0
2016-08-08,NK2012,0.0,0.0,0.0,15305.0,0.0,,SGX日经225指数2012,0.0,15305.0,15305.0
2016-08-09,NK2012,0.0,0.0,0.0,15400.0,0.0,,SGX日经225指数2012,0.0,15400.0,15400.0
2016-08-10,NK2012,0.0,0.0,0.0,15445.0,0.0,,SGX日经225指数2012,0.0,15445.0,15445.0
2016-08-11,NK2012,0.0,0.0,0.0,15445.0,0.0,,SGX日经225指数2012,0.0,15445.0,15445.0
2016-08-12,NK2012,0.0,0.0,0.0,15610.0,0.0,,SGX日经225指数2012,0.0,15610.0,15610.0
2016-08-15,NK2012,0.0,0.0,0.0,15540.0,0.0,,SGX日经225指数2012,0.0,15540.0,15540.0
2016-08-16,NK2012,0.0,0.0,0.0,15315.0,0.0,,SGX日经225指数2012,0.0,15315.0,15315.0
2016-08-17,NK2012,0.0,0.0,0.0,15440.0,0.0,,SGX日经225指数2012,0.0,15440.0,15440.0
2016-08-18,NK2012,0.0,0.0,0.0,15220.0,0.0,,SGX日经225指数2012,0.0,15220.0,15220.0
2016-08-19,NK2012,0.0,0.0,0.0,15235.0,0.0,,SGX日经225指数2012,0.0,15235.0,15235.0
2016-08-22,NK2012,0.0,0.0,0.0,15255.0,0.0,,SGX日经225指数2012,0.0,15255.0,15255.0
2016-08-23,NK2012,0.0,0.0,0.0,15190.0,0.0,,SGX日经225指数2012,0.0,15190.0,15190.0
2016-08-24,NK2012,0.0,0.0,0.0,15240.0,0.0,,SGX日经225指数2012,0.0,15240.0,15240.0
2016-08-25,NK2012,0.0,0.0,0.0,15220.0,0.0,,SGX日经225指数2012,0.0,15220.0,15220.0
2016-08-26,NK2012,0.0,0.0,0.0,15110.0,0.0,,SGX日经225指数2012,0.0,15110.0,15110.0
2016-08-29,NK2012,0.0,0.0,0.0,15425.0,0.0,,SGX日经225指数2012,0.0,15425.0,15425.0
2016-08-30,NK2012,0.0,0.0,0.0,15450.0,0.0,,SGX日经225指数2012,0.0,15450.0,15450.0
2016-08-31,NK2012,0.0,0.0,0.0,15590.0,0.0,,SGX日经225指数2012,0.0,15590.0,15590.0
2016-09-01,NK2012,0.0,0.0,0.0,15640.0,0.0,,SGX日经225指数2012,0.0,15640.0,15640.0
2016-09-02,NK2012,0.0,0.0,0.0,15630.0,0.0,,SGX日经225指数2012,0.0,15630.0,15630.0
2016-09-05,NK2012,0.0,0.0,0.0,15735.0,0.0,,SGX日经225指数2012,0.0,15735.0,15735.0
2016-09-06,NK2012,0.0,0.0,0.0,15785.0,0.0,,SGX日经225指数2012,0.0,15785.0,15785.0
2016-09-07,NK2012,0.0,0.0,0.0,15680.0,0.0,,SGX日经225指数2012,0.0,15680.0,15680.0
2016-09-08,NK2012,0.0,0.0,0.0,15645.0,0.0,,SGX日经225指数2012,0.0,15645.0,15645.0
2016-09-09,NK2012,0.0,0.0,0.0,15665.0,0.0,,SGX日经225指数2012,0.0,15665.0,15665.0
2016-09-12,NK2012,0.0,0.0,0.0,15355.0,0.0,,SGX日经225指数2012,0.0,15355.0,15355.0
2016-09-13,NK2012,0.0,0.0,0.0,15420.0,0.0,,SGX日经225指数2012,0.0,15420.0,15420.0
2016-09-14,NK2012,0.0,0.0,0.0,15335.0,0.0,,SGX日经225指数2012,0.0,15335.0,15335.0
2016-09-15,NK2012,0.0,0.0,0.0,15080.0,0.0,,SGX日经225指数2012,0.0,15080.0,15080.0
2016-09-16,NK2012,0.0,0.0,0.0,15165.0,0.0,,SGX日经225指数2012,0.0,15165.0,15165.0
2016-09-19,NK2012,0.0,0.0,0.0,15115.0,0.0,,SGX日经225指数2012,0.0,15115.0,15115.0
2016-09-20,NK2012,0.0,0.0,0.0,15120.0,0.0,,SGX日经225指数2012,0.0,15120.0,15120.0
2016-09-21,NK2012,0.0,0.0,0.0,15525.0,0.0,,SGX日经225指数2012,0.0,15525.0,15525.0
2016-09-22,NK2012,0.0,0.0,0.0,15365.0,0.0,,SGX日经225指数2012,0.0,15365.0,15365.0
2016-09-23,NK2012,0.0,0.0,0.0,15370.0,0.0,,SGX日经225指数2012,0.0,15370.0,15370.0
2016-09-26,NK2012,0.0,0.0,0.0,15080.0,0.0,,SGX日经225指数2012,0.0,15080.0,15080.0
2016-09-27,NK2012,0.0,0.0,0.0,15235.0,0.0,,SGX日经225指数2012,0.0,15235.0,15235.0
2016-09-28,NK2012,0.0,0.0,0.0,15155.0,0.0,,SGX日经225指数2012,0.0,15155.0,15155.0
2016-09-29,NK2012,0.0,0.0,0.0,15465.0,0.0,,SGX日经225指数2012,0.0,15465.0,15465.0
2016-09-30,NK2012,0.0,0.0,0.0,15150.0,0.0,,SGX日经225指数2012,0.0,15150.0,15150.0
2016-10-03,NK2012,0.0,0.0,0.0,15365.0,0.0,,SGX日经225指数2012,0.0,15365.0,15365.0
2016-10-04,NK2012,0.0,0.0,0.0,15500.0,0.0,,SGX日经225指数2012,0.0,15500.0,15500.0
2016-10-05,NK2012,0.0,0.0,0.0,15560.0,0.0,,SGX日经225指数2012,0.0,15560.0,15560.0
2016-10-06,NK2012,0.0,0.0,0.0,15675.0,0.0,,SGX日经225指数2012,0.0,15675.0,15675.0
2016-10-07,NK2012,0.0,0.0,0.0,15660.0,0.0,,SGX日经225指数2012,0.0,15660.0,15660.0
2016-10-10,NK2012,0.0,0.0,0.0,15595.0,0.0,,SGX日经225指数2012,0.0,15595.0,15595.0
2016-10-11,NK2012,0.0,0.0,0.0,15770.0,0.0,,SGX日经225指数2012,0.0,15770.0,15770.0
2016-10-12,NK2012,0.0,0.0,0.0,15670.0,0.0,,SGX日经225指数2012,0.0,15670.0,15670.0
2016-10-13,NK2012,0.0,0.0,0.0,15565.0,0.0,,SGX日经225指数2012,0.0,15565.0,15565.0
2016-10-14,NK2012,0.0,0.0,0.0,15625.0,0.0,,SGX日经225指数2012,0.0,15625.0,15625.0
2016-10-17,NK2012,0.0,0.0,0.0,15655.0,0.0,,SGX日经225指数2012,0.0,15655.0,15655.0
2016-10-18,NK2012,0.0,0.0,0.0,15715.0,0.0,,SGX日经225指数2012,0.0,15715.0,15715.0
2016-10-19,NK2012,0.0,0.0,0.0,15775.0,0.0,,SGX日经225指数2012,0.0,15775.0,15775.0
2016-10-20,NK2012,0.0,0.0,0.0,15950.0,0.0,,SGX日经225指数2012,0.0,15950.0,15950.0
2016-10-21,NK2012,0.0,0.0,0.0,16005.0,0.0,,SGX日经225指数2012,0.0,16005.0,16005.0
2016-10-24,NK2012,0.0,0.0,0.0,16015.0,0.0,,SGX日经225指数2012,0.0,16015.0,16015.0
2016-10-25,NK2012,0.0,0.0,0.0,16160.0,0.0,,SGX日经225指数2012,0.0,16160.0,16160.0
2016-10-26,NK2012,0.0,0.0,0.0,16145.0,0.0,,SGX日经225指数2012,0.0,16145.0,16145.0
2016-10-27,NK2012,0.0,0.0,0.0,16155.0,0.0,,SGX日经225指数2012,0.0,16155.0,16155.0
2016-10-28,NK2012,0.0,0.0,0.0,16240.0,0.0,,SGX日经225指数2012,0.0,16240.0,16240.0
2016-10-31,NK2012,0.0,0.0,0.0,16215.0,0.0,,SGX日经225指数2012,0.0,16215.0,16215.0
2016-11-01,NK2012,0.0,0.0,0.0,16210.0,0.0,,SGX日经225指数2012,0.0,16210.0,16210.0
2016-11-02,NK2012,0.0,0.0,0.0,15865.0,0.0,,SGX日经225指数2012,0.0,15865.0,15865.0
2016-11-03,NK2012,0.0,0.0,0.0,15765.0,0.0,,SGX日经225指数2012,0.0,15765.0,15765.0
2016-11-04,NK2012,0.0,0.0,0.0,15675.0,0.0,,SGX日经225指数2012,0.0,15675.0,15675.0
2016-11-07,NK2012,0.0,0.0,0.0,16005.0,0.0,,SGX日经225指数2012,0.0,16005.0,16005.0
2016-11-08,NK2012,0.0,0.0,0.0,15990.0,0.0,,SGX日经225指数2012,0.0,15990.0,15990.0
2016-11-09,NK2012,0.0,0.0,0.0,15180.0,0.0,,SGX日经225指数2012,0.0,15180.0,15180.0
2016-11-10,NK2012,0.0,0.0,0.0,16110.0,0.0,,SGX日经225指数2012,0.0,16110.0,16110.0
2016-11-11,NK2012,0.0,0.0,0.0,16230.0,0.0,,SGX日经225指数2012,0.0,16230.0,16230.0
2016-11-14,NK2012,0.0,0.0,0.0,16390.0,0.0,,SGX日经225指数2012,0.0,16390.0,16390.0
2016-11-15,NK2012,0.0,0.0,0.0,16415.0,0.0,,SGX日经225指数2012,0.0,16415.0,16415.0
2016-11-16,NK2012,0.0,0.0,0.0,16645.0,0.0,,SGX日经225指数2012,0.0,16645.0,16645.0
2016-11-17,NK2012,0.0,0.0,0.0,16690.0,0.0,,SGX日经225指数2012,0.0,16690.0,16690.0
2016-11-18,NK2012,0.0,0.0,0.0,16770.0,0.0,,SGX日经225指数2012,0.0,16770.0,16770.0
2016-11-21,NK2012,0.0,0.0,0.0,16885.0,0.0,,SGX日经225指数2012,0.0,16885.0,16885.0
2016-11-22,NK2012,0.0,0.0,0.0,16970.0,0.0,,SGX日经225指数2012,0.0,16970.0,16970.0
2016-11-23,NK2012,0.0,0.0,0.0,16975.0,0.0,,SGX日经225指数2012,0.0,16975.0,16975.0
2016-11-24,NK2012,0.0,0.0,0.0,17170.0,0.0,,SGX日经225指数2012,0.0,17170.0,17170.0
2016-11-25,NK2012,0.0,0.0,0.0,17160.0,0.0,,SGX日经225指数2012,0.0,17160.0,17160.0
2016-11-28,NK2012,0.0,0.0,0.0,17095.0,0.0,,SGX日经225指数2012,0.0,17095.0,17095.0
2016-11-29,NK2012,0.0,0.0,0.0,17065.0,0.0,,SGX日经225指数2012,0.0,17065.0,17065.0
2016-11-30,NK2012,0.0,0.0,0.0,17155.0,0.0,,SGX日经225指数2012,0.0,17155.0,17155.0
2016-12-01,NK2012,0.0,0.0,0.0,17200.0,0.0,,SGX日经225指数2012,0.0,17200.0,17200.0
2016-12-02,NK2012,0.0,0.0,0.0,17105.0,0.0,,SGX日经225指数2012,0.0,17105.0,17105.0
2016-12-05,NK2012,0.0,0.0,0.0,17050.0,0.0,,SGX日经225指数2012,0.0,17050.0,17050.0
2016-12-06,NK2012,0.0,0.0,0.0,17215.0,0.0,,SGX日经225指数2012,0.0,17215.0,17215.0
2016-12-07,NK2012,0.0,0.0,0.0,17280.0,0.0,,SGX日经225指数2012,0.0,17280.0,17280.0
2016-12-08,NK2012,0.0,0.0,0.0,17570.0,0.0,,SGX日经225指数2012,0.0,17570.0,17570.0
2016-12-09,NK2012,0.0,0.0,0.0,17810.0,0.0,,SGX日经225指数2012,0.0,17810.0,17810.0
2016-12-12,NK2012,0.0,0.0,0.0,18010.0,0.0,,SGX日经225指数2012,0.0,18010.0,18010.0
2016-12-13,NK2012,0.0,0.0,0.0,18020.0,0.0,,SGX日经225指数2012,0.0,18020.0,18020.0
2016-12-14,NK2012,0.0,0.0,0.0,18010.0,0.0,,SGX日经225指数2012,0.0,18010.0,18010.0
2016-12-15,NK2012,0.0,0.0,0.0,18110.0,0.0,,SGX日经225指数2012,0.0,18110.0,18110.0
2016-12-16,NK2012,0.0,0.0,0.0,18220.0,0.0,,SGX日经225指数2012,0.0,18220.0,18220.0
2016-12-19,NK2012,0.0,0.0,0.0,18225.0,0.0,,SGX日经225指数2012,0.0,18225.0,18225.0
2016-12-20,NK2012,0.0,0.0,0.0,18300.0,0.0,,SGX日经225指数2012,0.0,18300.0,18300.0
2016-12-21,NK2012,0.0,0.0,0.0,18250.0,0.0,,SGX日经225指数2012,0.0,18250.0,18250.0
2016-12-22,NK2012,0.0,0.0,0.0,18170.0,0.0,,SGX日经225指数2012,0.0,18170.0,18170.0
2016-12-23,NK2012,0.0,0.0,0.0,18200.0,0.0,,SGX日经225指数2012,0.0,18200.0,18200.0
2016-12-26,NK2012,0.0,0.0,0.0,18090.0,0.0,,SGX日经225指数2012,0.0,18090.0,18090.0
2016-12-27,NK2012,0.0,0.0,0.0,18135.0,0.0,,SGX日经225指数2012,0.0,18135.0,18135.0
2016-12-28,NK2012,0.0,0.0,0.0,18270.0,0.0,,SGX日经225指数2012,0.0,18270.0,18270.0
2016-12-29,NK2012,0.0,0.0,0.0,17880.0,0.0,,SGX日经225指数2012,0.0,17880.0,17880.0
2016-12-30,NK2012,0.0,0.0,0.0,17885.0,0.0,,SGX日经225指数2012,0.0,17885.0,17885.0
2017-01-11,NK2012,0.0,0.0,0.0,18175.0,0.0,,SGX日经225指数2012,0.0,18175.0,18175.0
2017-01-12,NK2012,0.0,0.0,0.0,17930.0,0.0,,SGX日经225指数2012,0.0,17930.0,17930.0
2017-01-13,NK2012,0.0,0.0,0.0,18080.0,0.0,,SGX日经225指数2012,0.0,18080.0,18080.0
2017-01-16,NK2012,0.0,0.0,0.0,17870.0,0.0,,SGX日经225指数2012,0.0,17870.0,17870.0
2017-01-17,NK2012,0.0,0.0,0.0,17590.0,0.0,,SGX日经225指数2012,0.0,17590.0,17590.0
2017-01-18,NK2012,0.0,0.0,0.0,17635.0,0.0,,SGX日经225指数2012,0.0,17635.0,17635.0
2017-01-19,NK2012,0.0,0.0,0.0,17930.0,0.0,,SGX日经225指数2012,0.0,17930.0,17930.0
2017-01-20,NK2012,0.0,0.0,0.0,17960.0,0.0,,SGX日经225指数2012,0.0,17960.0,17960.0
2017-01-23,NK2012,0.0,0.0,0.0,17700.0,0.0,,SGX日经225指数2012,0.0,17700.0,17700.0
2017-01-24,NK2012,0.0,0.0,0.0,17655.0,0.0,,SGX日经225指数2012,0.0,17655.0,17655.0
2017-01-25,NK2012,0.0,0.0,0.0,17890.0,0.0,,SGX日经225指数2012,0.0,17890.0,17890.0
2017-01-26,NK2012,0.0,0.0,0.0,18290.0,0.0,,SGX日经225指数2012,0.0,18290.0,18290.0
2017-01-27,NK2012,0.0,0.0,0.0,18290.0,0.0,,SGX日经225指数2012,0.0,18290.0,18290.0
2017-01-30,NK2012,0.0,0.0,0.0,18135.0,0.0,,SGX日经225指数2012,0.0,18135.0,18135.0
2017-01-31,NK2012,0.0,0.0,0.0,17800.0,0.0,,SGX日经225指数2012,0.0,17800.0,17800.0
2017-02-01,NK2012,0.0,0.0,0.0,18015.0,0.0,,SGX日经225指数2012,0.0,18015.0,18015.0
2017-02-02,NK2012,0.0,0.0,0.0,17755.0,0.0,,SGX日经225指数2012,0.0,17755.0,17755.0
2017-02-03,NK2012,0.0,0.0,0.0,17765.0,0.0,,SGX日经225指数2012,0.0,17765.0,17765.0
2017-02-06,NK2012,0.0,0.0,0.0,17755.0,0.0,,SGX日经225指数2012,0.0,17755.0,17755.0
2017-02-07,NK2012,0.0,0.0,0.0,17680.0,0.0,,SGX日经225指数2012,0.0,17680.0,17680.0
2017-02-08,NK2012,0.0,0.0,0.0,17795.0,0.0,,SGX日经225指数2012,0.0,17795.0,17795.0
2017-02-09,NK2012,0.0,0.0,0.0,17710.0,0.0,,SGX日经225指数2012,0.0,17710.0,17710.0
2017-02-10,NK2012,0.0,0.0,0.0,18190.0,0.0,,SGX日经225指数2012,0.0,18190.0,18190.0
2017-02-13,NK2012,0.0,0.0,0.0,18225.0,0.0,,SGX日经225指数2012,0.0,18225.0,18225.0
2017-02-14,NK2012,0.0,0.0,0.0,18055.0,0.0,,SGX日经225指数2012,0.0,18055.0,18055.0
2017-02-15,NK2012,0.0,0.0,0.0,18245.0,0.0,,SGX日经225指数2012,0.0,18245.0,18245.0
2017-02-16,NK2012,0.0,0.0,0.0,18130.0,0.0,,SGX日经225指数2012,0.0,18130.0,18130.0
2017-02-17,NK2012,0.0,0.0,0.0,17985.0,0.0,,SGX日经225指数2012,0.0,17985.0,17985.0
2017-02-20,NK2012,0.0,0.0,0.0,18055.0,0.0,,SGX日经225指数2012,0.0,18055.0,18055.0
2017-02-21,NK2012,0.0,0.0,0.0,18185.0,0.0,,SGX日经225指数2012,0.0,18185.0,18185.0
2017-02-22,NK2012,0.0,0.0,0.0,18185.0,0.0,,SGX日经225指数2012,0.0,18185.0,18185.0
2017-02-23,NK2012,0.0,0.0,0.0,18145.0,0.0,,SGX日经225指数2012,0.0,18145.0,18145.0
2017-02-24,NK2012,0.0,0.0,0.0,18085.0,0.0,,SGX日经225指数2012,0.0,18085.0,18085.0
2017-02-27,NK2012,0.0,0.0,0.0,17935.0,0.0,,SGX日经225指数2012,0.0,17935.0,17935.0
2017-02-28,NK2012,0.0,0.0,0.0,17920.0,132.0,,SGX日经225指数2012,132.0,17920.0,17920.0
2017-03-01,NK2012,0.0,0.0,0.0,18195.0,0.0,,SGX日经225指数2012,132.0,18195.0,18195.0
2017-03-02,NK2012,0.0,0.0,0.0,18435.0,0.0,,SGX日经225指数2012,132.0,18435.0,18435.0
2017-03-03,NK2012,0.0,0.0,0.0,18255.0,0.0,,SGX日经225指数2012,132.0,18255.0,18255.0
2017-03-06,NK2012,0.0,0.0,0.0,18145.0,0.0,,SGX日经225指数2012,132.0,18145.0,18145.0
2017-03-07,NK2012,0.0,0.0,0.0,18140.0,0.0,,SGX日经225指数2012,132.0,18140.0,18140.0
2017-03-08,NK2012,0.0,0.0,0.0,18045.0,0.0,,SGX日经225指数2012,132.0,18045.0,18045.0
2017-03-09,NK2012,0.0,0.0,0.0,18100.0,0.0,,SGX日经225指数2012,132.0,18100.0,18100.0
2017-03-10,NK2012,0.0,0.0,0.0,18400.0,0.0,,SGX日经225指数2012,132.0,18400.0,18400.0
2017-03-13,NK2012,0.0,0.0,0.0,18430.0,0.0,,SGX日经225指数2012,132.0,18430.0,18430.0
2017-03-14,NK2012,0.0,0.0,0.0,18405.0,0.0,,SGX日经225指数2012,132.0,18405.0,18405.0
2017-03-15,NK2012,0.0,0.0,0.0,18390.0,0.0,,SGX日经225指数2012,132.0,18390.0,18390.0
2017-03-16,NK2012,0.0,0.0,0.0,18355.0,0.0,,SGX日经225指数2012,132.0,18355.0,18355.0
2017-03-17,NK2012,0.0,0.0,0.0,18275.0,0.0,,SGX日经225指数2012,132.0,18275.0,18275.0
2017-03-20,NK2012,0.0,0.0,0.0,18245.0,0.0,,SGX日经225指数2012,132.0,18245.0,18245.0
2017-03-21,NK2012,0.0,0.0,0.0,18240.0,0.0,,SGX日经225指数2012,132.0,18240.0,18240.0
2017-03-22,NK2012,0.0,0.0,0.0,17845.0,0.0,,SGX日经225指数2012,132.0,17845.0,17845.0
2017-03-23,NK2012,0.0,0.0,0.0,17865.0,0.0,,SGX日经225指数2012,132.0,17865.0,17865.0
2017-03-24,NK2012,0.0,0.0,0.0,18085.0,0.0,,SGX日经225指数2012,132.0,18085.0,18085.0
2017-03-27,NK2012,0.0,0.0,0.0,17555.0,0.0,,SGX日经225指数2012,132.0,17555.0,17555.0
2017-03-28,NK2012,0.0,0.0,0.0,17820.0,0.0,,SGX日经225指数2012,132.0,17820.0,17820.0
2017-03-29,NK2012,0.0,0.0,0.0,18085.0,0.0,,SGX日经225指数2012,132.0,18085.0,18085.0
2017-03-30,NK2012,0.0,0.0,0.0,17950.0,0.0,,SGX日经225指数2012,132.0,17950.0,17950.0
2017-03-31,NK2012,0.0,0.0,0.0,17785.0,0.0,,SGX日经225指数2012,132.0,17785.0,17785.0
2017-04-03,NK2012,0.0,0.0,0.0,17945.0,0.0,,SGX日经225指数2012,132.0,17945.0,17945.0
2017-04-04,NK2012,0.0,0.0,0.0,17700.0,0.0,,SGX日经225指数2012,132.0,17700.0,17700.0
2017-04-05,NK2012,0.0,0.0,0.0,17750.0,0.0,,SGX日经225指数2012,132.0,17750.0,17750.0
2017-04-06,NK2012,0.0,0.0,0.0,17525.0,0.0,,SGX日经225指数2012,132.0,17525.0,17525.0
2017-04-07,NK2012,0.0,0.0,0.0,17605.0,0.0,,SGX日经225指数2012,132.0,17605.0,17605.0
2017-04-10,NK2012,0.0,0.0,0.0,17670.0,0.0,,SGX日经225指数2012,132.0,17670.0,17670.0
2017-04-11,NK2012,0.0,0.0,0.0,17590.0,0.0,,SGX日经225指数2012,132.0,17590.0,17590.0
2017-04-12,NK2012,0.0,0.0,0.0,17425.0,0.0,,SGX日经225指数2012,132.0,17425.0,17425.0
2017-04-13,NK2012,0.0,0.0,0.0,17280.0,0.0,,SGX日经225指数2012,132.0,17280.0,17280.0
2017-04-14,NK2012,0.0,0.0,0.0,17195.0,0.0,,SGX日经225指数2012,132.0,17195.0,17195.0
2017-04-17,NK2012,0.0,0.0,0.0,17205.0,0.0,,SGX日经225指数2012,132.0,17205.0,17205.0
2017-04-18,NK2012,0.0,0.0,0.0,17305.0,0.0,,SGX日经225指数2012,132.0,17305.0,17305.0
2017-04-19,NK2012,0.0,0.0,0.0,17305.0,0.0,,SGX日经225指数2012,132.0,17305.0,17305.0
2017-04-20,NK2012,0.0,0.0,0.0,17335.0,0.0,,SGX日经225指数2012,132.0,17335.0,17335.0
2017-04-21,NK2012,0.0,0.0,0.0,17530.0,0.0,,SGX日经225指数2012,132.0,17530.0,17530.0
2017-04-24,NK2012,0.0,0.0,0.0,17810.0,0.0,,SGX日经225指数2012,132.0,17810.0,17810.0
2017-04-25,NK2012,0.0,0.0,0.0,17970.0,0.0,,SGX日经225指数2012,132.0,17970.0,17970.0
2017-04-26,NK2012,0.0,0.0,0.0,18160.0,0.0,,SGX日经225指数2012,132.0,18160.0,18160.0
2017-04-27,NK2012,0.0,0.0,0.0,18160.0,0.0,,SGX日经225指数2012,132.0,18160.0,18160.0
2017-04-28,NK2012,0.0,0.0,0.0,18065.0,0.0,,SGX日经225指数2012,132.0,18065.0,18065.0
2017-05-01,NK2012,0.0,0.0,0.0,18190.0,0.0,,SGX日经225指数2012,132.0,18190.0,18190.0
2017-05-02,NK2012,0.0,0.0,0.0,18340.0,0.0,,SGX日经225指数2012,132.0,18340.0,18340.0
2017-05-03,NK2012,0.0,0.0,0.0,18330.0,0.0,,SGX日经225指数2012,132.0,18330.0,18330.0
2017-05-04,NK2012,0.0,0.0,0.0,18440.0,0.0,,SGX日经225指数2012,132.0,18440.0,18440.0
2017-05-05,NK2012,0.0,0.0,0.0,18365.0,0.0,,SGX日经225指数2012,132.0,18365.0,18365.0
2017-05-08,NK2012,0.0,0.0,0.0,18715.0,0.0,,SGX日经225指数2012,132.0,18715.0,18715.0
2017-05-09,NK2012,0.0,0.0,0.0,18755.0,0.0,,SGX日经225指数2012,132.0,18755.0,18755.0
2017-05-10,NK2012,0.0,0.0,0.0,18755.0,0.0,,SGX日经225指数2012,132.0,18755.0,18755.0
2017-05-11,NK2012,0.0,0.0,0.0,18805.0,0.0,,SGX日经225指数2012,132.0,18805.0,18805.0
2017-05-12,NK2012,0.0,0.0,0.0,18710.0,0.0,,SGX日经225指数2012,132.0,18710.0,18710.0
2017-05-15,NK2012,0.0,0.0,0.0,18730.0,0.0,,SGX日经225指数2012,132.0,18730.0,18730.0
2017-05-16,NK2012,0.0,0.0,0.0,18740.0,0.0,,SGX日经225指数2012,132.0,18740.0,18740.0
2017-05-17,NK2012,0.0,0.0,0.0,18615.0,0.0,,SGX日经225指数2012,132.0,18615.0,18615.0
2017-05-18,NK2012,0.0,0.0,0.0,18435.0,0.0,,SGX日经225指数2012,132.0,18435.0,18435.0
2017-05-19,NK2012,0.0,0.0,0.0,18420.0,0.0,,SGX日经225指数2012,132.0,18420.0,18420.0
2017-05-22,NK2012,0.0,0.0,0.0,18525.0,0.0,,SGX日经225指数2012,132.0,18525.0,18525.0
2017-05-23,NK2012,0.0,0.0,0.0,18495.0,0.0,,SGX日经225指数2012,132.0,18495.0,18495.0
2017-05-24,NK2012,0.0,0.0,0.0,18575.0,0.0,,SGX日经225指数2012,132.0,18575.0,18575.0
2017-05-25,NK2012,0.0,0.0,0.0,18660.0,0.0,,SGX日经225指数2012,132.0,18660.0,18660.0
2017-05-26,NK2012,0.0,0.0,0.0,18550.0,0.0,,SGX日经225指数2012,132.0,18550.0,18550.0
2017-05-29,NK2012,0.0,0.0,0.0,18535.0,0.0,,SGX日经225指数2012,132.0,18535.0,18535.0
2017-05-30,NK2012,0.0,0.0,0.0,18510.0,0.0,,SGX日经225指数2012,132.0,18510.0,18510.0
2017-05-31,NK2012,0.0,0.0,0.0,18510.0,0.0,,SGX日经225指数2012,132.0,18510.0,18510.0
2017-06-01,NK2012,0.0,0.0,0.0,18700.0,0.0,,SGX日经225指数2012,132.0,18700.0,18700.0
2017-06-02,NK2012,0.0,0.0,0.0,19015.0,0.0,,SGX日经225指数2012,132.0,19015.0,19015.0
2017-06-05,NK2012,0.0,0.0,0.0,19000.0,0.0,,SGX日经225指数2012,132.0,19000.0,19000.0
2017-06-06,NK2012,0.0,0.0,0.0,18810.0,0.0,,SGX日经225指数2012,132.0,18810.0,18810.0
2017-06-07,NK2012,0.0,0.0,0.0,18785.0,0.0,,SGX日经225指数2012,132.0,18785.0,18785.0
2017-06-08,NK2012,0.0,0.0,0.0,18805.0,0.0,,SGX日经225指数2012,132.0,18805.0,18805.0
2017-06-09,NK2012,0.0,0.0,0.0,18840.0,0.0,,SGX日经225指数2012,132.0,18840.0,18840.0
2017-06-12,NK2012,0.0,0.0,0.0,18745.0,0.0,,SGX日经225指数2012,132.0,18745.0,18745.0
2017-06-13,NK2012,0.0,0.0,0.0,18765.0,0.0,,SGX日经225指数2012,132.0,18765.0,18765.0
2017-06-14,NK2012,0.0,0.0,0.0,18760.0,0.0,,SGX日经225指数2012,132.0,18760.0,18760.0
2017-06-15,NK2012,0.0,0.0,0.0,18700.0,220.0,,SGX日经225指数2012,352.0,18700.0,18700.0
2017-06-16,NK2012,0.0,0.0,0.0,18805.0,0.0,,SGX日经225指数2012,352.0,18805.0,18805.0
2017-06-19,NK2012,0.0,0.0,0.0,18910.0,0.0,,SGX日经225指数2012,352.0,18910.0,18910.0
2017-06-20,NK2012,0.0,0.0,0.0,19080.0,0.0,,SGX日经225指数2012,352.0,19080.0,19080.0
2017-06-21,NK2012,0.0,0.0,0.0,18970.0,57.0,,SGX日经225指数2012,352.0,18970.0,18970.0
2017-06-22,NK2012,0.0,0.0,0.0,18955.0,0.0,,SGX日经225指数2012,352.0,18955.0,18955.0
2017-06-23,NK2012,0.0,0.0,0.0,18955.0,0.0,,SGX日经225指数2012,352.0,18955.0,18955.0
2017-06-26,NK2012,0.0,0.0,0.0,18970.0,0.0,,SGX日经225指数2012,352.0,18970.0,18970.0
2017-06-27,NK2012,0.0,0.0,0.0,19000.0,0.0,,SGX日经225指数2012,352.0,19000.0,19000.0
2017-06-28,NK2012,0.0,0.0,0.0,19010.0,0.0,,SGX日经225指数2012,352.0,19010.0,19010.0
2017-06-29,NK2012,0.0,0.0,0.0,19090.0,0.0,,SGX日经225指数2012,352.0,19090.0,19090.0
2017-06-30,NK2012,0.0,0.0,0.0,18870.0,0.0,,SGX日经225指数2012,352.0,18870.0,18870.0
2017-07-03,NK2012,0.0,0.0,0.0,18925.0,0.0,,SGX日经225指数2012,352.0,18925.0,18925.0
