date,symbol,open,high,low,close,volume,amount,name,openinterest,settleprice,price
2016-12-09,NK2112,0.0,0.0,0.0,17525.0,0.0,,SGX日经225指数2112,0.0,17525.0,17525.0
2016-12-12,NK2112,0.0,0.0,0.0,17725.0,0.0,,SGX日经225指数2112,0.0,17725.0,17725.0
2016-12-13,NK2112,0.0,0.0,0.0,17735.0,0.0,,SGX日经225指数2112,0.0,17735.0,17735.0
2016-12-14,NK2112,0.0,0.0,0.0,17725.0,0.0,,SGX日经225指数2112,0.0,17725.0,17725.0
2016-12-15,NK2112,0.0,0.0,0.0,17825.0,0.0,,SGX日经225指数2112,0.0,17825.0,17825.0
2016-12-16,NK2112,0.0,0.0,0.0,17935.0,0.0,,SGX日经225指数2112,0.0,17935.0,17935.0
2016-12-19,NK2112,0.0,0.0,0.0,17940.0,0.0,,SGX日经225指数2112,0.0,17940.0,17940.0
2016-12-20,NK2112,0.0,0.0,0.0,18015.0,0.0,,SGX日经225指数2112,0.0,18015.0,18015.0
2016-12-21,NK2112,0.0,0.0,0.0,17965.0,0.0,,SGX日经225指数2112,0.0,17965.0,17965.0
2016-12-22,NK2112,0.0,0.0,0.0,17885.0,0.0,,SGX日经225指数2112,0.0,17885.0,17885.0
2016-12-23,NK2112,0.0,0.0,0.0,17915.0,0.0,,SGX日经225指数2112,0.0,17915.0,17915.0
2016-12-26,NK2112,0.0,0.0,0.0,17805.0,0.0,,SGX日经225指数2112,0.0,17805.0,17805.0
2016-12-27,NK2112,0.0,0.0,0.0,17855.0,0.0,,SGX日经225指数2112,0.0,17855.0,17855.0
2016-12-28,NK2112,0.0,0.0,0.0,17985.0,0.0,,SGX日经225指数2112,0.0,17985.0,17985.0
2016-12-29,NK2112,0.0,0.0,0.0,17595.0,0.0,,SGX日经225指数2112,0.0,17595.0,17595.0
2016-12-30,NK2112,0.0,0.0,0.0,17600.0,0.0,,SGX日经225指数2112,0.0,17600.0,17600.0
2017-01-11,NK2112,0.0,0.0,0.0,17890.0,0.0,,SGX日经225指数2112,0.0,17890.0,17890.0
2017-01-12,NK2112,0.0,0.0,0.0,17645.0,0.0,,SGX日经225指数2112,0.0,17645.0,17645.0
2017-01-13,NK2112,0.0,0.0,0.0,17795.0,0.0,,SGX日经225指数2112,0.0,17795.0,17795.0
2017-01-16,NK2112,0.0,0.0,0.0,17585.0,0.0,,SGX日经225指数2112,0.0,17585.0,17585.0
2017-01-17,NK2112,0.0,0.0,0.0,17305.0,0.0,,SGX日经225指数2112,0.0,17305.0,17305.0
2017-01-18,NK2112,0.0,0.0,0.0,17350.0,0.0,,SGX日经225指数2112,0.0,17350.0,17350.0
2017-01-19,NK2112,0.0,0.0,0.0,17645.0,0.0,,SGX日经225指数2112,0.0,17645.0,17645.0
2017-01-20,NK2112,0.0,0.0,0.0,17675.0,0.0,,SGX日经225指数2112,0.0,17675.0,17675.0
2017-01-23,NK2112,0.0,0.0,0.0,17420.0,0.0,,SGX日经225指数2112,0.0,17420.0,17420.0
2017-01-24,NK2112,0.0,0.0,0.0,17370.0,0.0,,SGX日经225指数2112,0.0,17370.0,17370.0
2017-01-25,NK2112,0.0,0.0,0.0,17605.0,0.0,,SGX日经225指数2112,0.0,17605.0,17605.0
2017-01-26,NK2112,0.0,0.0,0.0,18005.0,0.0,,SGX日经225指数2112,0.0,18005.0,18005.0
2017-01-27,NK2112,0.0,0.0,0.0,18005.0,0.0,,SGX日经225指数2112,0.0,18005.0,18005.0
2017-01-30,NK2112,0.0,0.0,0.0,17845.0,0.0,,SGX日经225指数2112,0.0,17845.0,17845.0
2017-01-31,NK2112,0.0,0.0,0.0,17515.0,0.0,,SGX日经225指数2112,0.0,17515.0,17515.0
2017-02-01,NK2112,0.0,0.0,0.0,17730.0,0.0,,SGX日经225指数2112,0.0,17730.0,17730.0
2017-02-02,NK2112,0.0,0.0,0.0,17470.0,0.0,,SGX日经225指数2112,0.0,17470.0,17470.0
2017-02-03,NK2112,0.0,0.0,0.0,17480.0,0.0,,SGX日经225指数2112,0.0,17480.0,17480.0
2017-02-06,NK2112,0.0,0.0,0.0,17470.0,0.0,,SGX日经225指数2112,0.0,17470.0,17470.0
2017-02-07,NK2112,0.0,0.0,0.0,17390.0,0.0,,SGX日经225指数2112,0.0,17390.0,17390.0
2017-02-08,NK2112,0.0,0.0,0.0,17505.0,0.0,,SGX日经225指数2112,0.0,17505.0,17505.0
2017-02-09,NK2112,0.0,0.0,0.0,17420.0,0.0,,SGX日经225指数2112,0.0,17420.0,17420.0
2017-02-10,NK2112,0.0,0.0,0.0,17905.0,0.0,,SGX日经225指数2112,0.0,17905.0,17905.0
2017-02-13,NK2112,0.0,0.0,0.0,17935.0,0.0,,SGX日经225指数2112,0.0,17935.0,17935.0
2017-02-14,NK2112,0.0,0.0,0.0,17765.0,0.0,,SGX日经225指数2112,0.0,17765.0,17765.0
2017-02-15,NK2112,0.0,0.0,0.0,17955.0,0.0,,SGX日经225指数2112,0.0,17955.0,17955.0
2017-02-16,NK2112,0.0,0.0,0.0,17845.0,0.0,,SGX日经225指数2112,0.0,17845.0,17845.0
2017-02-17,NK2112,0.0,0.0,0.0,17695.0,0.0,,SGX日经225指数2112,0.0,17695.0,17695.0
2017-02-20,NK2112,0.0,0.0,0.0,17765.0,0.0,,SGX日经225指数2112,0.0,17765.0,17765.0
2017-02-21,NK2112,0.0,0.0,0.0,17895.0,0.0,,SGX日经225指数2112,0.0,17895.0,17895.0
2017-02-22,NK2112,0.0,0.0,0.0,17895.0,0.0,,SGX日经225指数2112,0.0,17895.0,17895.0
2017-02-23,NK2112,0.0,0.0,0.0,17855.0,0.0,,SGX日经225指数2112,0.0,17855.0,17855.0
2017-02-24,NK2112,0.0,0.0,0.0,17800.0,0.0,,SGX日经225指数2112,0.0,17800.0,17800.0
2017-02-27,NK2112,0.0,0.0,0.0,17645.0,0.0,,SGX日经225指数2112,0.0,17645.0,17645.0
2017-02-28,NK2112,0.0,0.0,0.0,17630.0,0.0,,SGX日经225指数2112,0.0,17630.0,17630.0
2017-03-01,NK2112,0.0,0.0,0.0,17905.0,0.0,,SGX日经225指数2112,0.0,17905.0,17905.0
2017-03-02,NK2112,0.0,0.0,0.0,18150.0,0.0,,SGX日经225指数2112,0.0,18150.0,18150.0
2017-03-03,NK2112,0.0,0.0,0.0,17965.0,0.0,,SGX日经225指数2112,0.0,17965.0,17965.0
2017-03-06,NK2112,0.0,0.0,0.0,17855.0,0.0,,SGX日经225指数2112,0.0,17855.0,17855.0
2017-03-07,NK2112,0.0,0.0,0.0,17850.0,360.0,,SGX日经225指数2112,360.0,17850.0,17850.0
2017-03-08,NK2112,0.0,0.0,0.0,17755.0,0.0,,SGX日经225指数2112,360.0,17755.0,17755.0
2017-03-09,NK2112,0.0,0.0,0.0,17810.0,0.0,,SGX日经225指数2112,360.0,17810.0,17810.0
2017-03-10,NK2112,0.0,0.0,0.0,18110.0,0.0,,SGX日经225指数2112,360.0,18110.0,18110.0
2017-03-13,NK2112,0.0,0.0,0.0,18140.0,0.0,,SGX日经225指数2112,360.0,18140.0,18140.0
2017-03-14,NK2112,0.0,0.0,0.0,18115.0,0.0,,SGX日经225指数2112,360.0,18115.0,18115.0
2017-03-15,NK2112,0.0,0.0,0.0,18100.0,0.0,,SGX日经225指数2112,360.0,18100.0,18100.0
2017-03-16,NK2112,0.0,0.0,0.0,18065.0,0.0,,SGX日经225指数2112,360.0,18065.0,18065.0
2017-03-17,NK2112,0.0,0.0,0.0,17985.0,0.0,,SGX日经225指数2112,360.0,17985.0,17985.0
2017-03-20,NK2112,0.0,0.0,0.0,17955.0,0.0,,SGX日经225指数2112,360.0,17955.0,17955.0
2017-03-21,NK2112,0.0,0.0,0.0,17950.0,0.0,,SGX日经225指数2112,360.0,17950.0,17950.0
2017-03-22,NK2112,0.0,0.0,0.0,17555.0,0.0,,SGX日经225指数2112,360.0,17555.0,17555.0
2017-03-23,NK2112,0.0,0.0,0.0,17575.0,0.0,,SGX日经225指数2112,360.0,17575.0,17575.0
2017-03-24,NK2112,0.0,0.0,0.0,17795.0,0.0,,SGX日经225指数2112,360.0,17795.0,17795.0
2017-03-27,NK2112,0.0,0.0,0.0,17270.0,0.0,,SGX日经225指数2112,360.0,17270.0,17270.0
2017-03-28,NK2112,0.0,0.0,0.0,17540.0,0.0,,SGX日经225指数2112,360.0,17540.0,17540.0
2017-03-29,NK2112,0.0,0.0,0.0,17795.0,0.0,,SGX日经225指数2112,360.0,17795.0,17795.0
2017-03-30,NK2112,0.0,0.0,0.0,17655.0,0.0,,SGX日经225指数2112,360.0,17655.0,17655.0
2017-03-31,NK2112,0.0,0.0,0.0,17495.0,0.0,,SGX日经225指数2112,360.0,17495.0,17495.0
2017-04-03,NK2112,0.0,0.0,0.0,17655.0,0.0,,SGX日经225指数2112,360.0,17655.0,17655.0
2017-04-04,NK2112,0.0,0.0,0.0,17410.0,0.0,,SGX日经225指数2112,360.0,17410.0,17410.0
2017-04-05,NK2112,0.0,0.0,0.0,17460.0,0.0,,SGX日经225指数2112,360.0,17460.0,17460.0
2017-04-06,NK2112,0.0,0.0,0.0,17235.0,0.0,,SGX日经225指数2112,360.0,17235.0,17235.0
2017-04-07,NK2112,0.0,0.0,0.0,17315.0,0.0,,SGX日经225指数2112,360.0,17315.0,17315.0
2017-04-10,NK2112,0.0,0.0,0.0,17380.0,0.0,,SGX日经225指数2112,360.0,17380.0,17380.0
2017-04-11,NK2112,0.0,0.0,0.0,17300.0,0.0,,SGX日经225指数2112,360.0,17300.0,17300.0
2017-04-12,NK2112,0.0,0.0,0.0,17135.0,0.0,,SGX日经225指数2112,360.0,17135.0,17135.0
2017-04-13,NK2112,0.0,0.0,0.0,16990.0,0.0,,SGX日经225指数2112,360.0,16990.0,16990.0
2017-04-14,NK2112,0.0,0.0,0.0,16905.0,0.0,,SGX日经225指数2112,360.0,16905.0,16905.0
2017-04-17,NK2112,0.0,0.0,0.0,16915.0,0.0,,SGX日经225指数2112,360.0,16915.0,16915.0
2017-04-18,NK2112,0.0,0.0,0.0,17015.0,0.0,,SGX日经225指数2112,360.0,17015.0,17015.0
2017-04-19,NK2112,0.0,0.0,0.0,17015.0,0.0,,SGX日经225指数2112,360.0,17015.0,17015.0
2017-04-20,NK2112,0.0,0.0,0.0,17045.0,0.0,,SGX日经225指数2112,360.0,17045.0,17045.0
2017-04-21,NK2112,0.0,0.0,0.0,17235.0,0.0,,SGX日经225指数2112,360.0,17235.0,17235.0
2017-04-24,NK2112,0.0,0.0,0.0,17515.0,0.0,,SGX日经225指数2112,360.0,17515.0,17515.0
2017-04-25,NK2112,0.0,0.0,0.0,17680.0,0.0,,SGX日经225指数2112,360.0,17680.0,17680.0
2017-04-26,NK2112,0.0,0.0,0.0,17870.0,0.0,,SGX日经225指数2112,360.0,17870.0,17870.0
2017-04-27,NK2112,0.0,0.0,0.0,17870.0,0.0,,SGX日经225指数2112,360.0,17870.0,17870.0
2017-04-28,NK2112,0.0,0.0,0.0,17775.0,0.0,,SGX日经225指数2112,360.0,17775.0,17775.0
2017-05-01,NK2112,0.0,0.0,0.0,17895.0,0.0,,SGX日经225指数2112,360.0,17895.0,17895.0
2017-05-02,NK2112,0.0,0.0,0.0,18045.0,0.0,,SGX日经225指数2112,360.0,18045.0,18045.0
2017-05-03,NK2112,0.0,0.0,0.0,18035.0,0.0,,SGX日经225指数2112,360.0,18035.0,18035.0
2017-05-04,NK2112,0.0,0.0,0.0,18145.0,0.0,,SGX日经225指数2112,360.0,18145.0,18145.0
2017-05-05,NK2112,0.0,0.0,0.0,18070.0,0.0,,SGX日经225指数2112,360.0,18070.0,18070.0
2017-05-08,NK2112,0.0,0.0,0.0,18420.0,0.0,,SGX日经225指数2112,360.0,18420.0,18420.0
2017-05-09,NK2112,0.0,0.0,0.0,18460.0,234.0,,SGX日经225指数2112,594.0,18460.0,18460.0
2017-05-10,NK2112,0.0,0.0,0.0,18450.0,0.0,,SGX日经225指数2112,594.0,18450.0,18450.0
2017-05-11,NK2112,0.0,0.0,0.0,18505.0,0.0,,SGX日经225指数2112,594.0,18505.0,18505.0
2017-05-12,NK2112,0.0,0.0,0.0,18410.0,0.0,,SGX日经225指数2112,594.0,18410.0,18410.0
2017-05-15,NK2112,0.0,0.0,0.0,18430.0,0.0,,SGX日经225指数2112,594.0,18430.0,18430.0
2017-05-16,NK2112,0.0,0.0,0.0,18440.0,0.0,,SGX日经225指数2112,594.0,18440.0,18440.0
2017-05-17,NK2112,0.0,0.0,0.0,18315.0,0.0,,SGX日经225指数2112,594.0,18315.0,18315.0
2017-05-18,NK2112,0.0,0.0,0.0,18135.0,0.0,,SGX日经225指数2112,594.0,18135.0,18135.0
2017-05-19,NK2112,0.0,0.0,0.0,18120.0,0.0,,SGX日经225指数2112,594.0,18120.0,18120.0
2017-05-22,NK2112,0.0,0.0,0.0,18225.0,0.0,,SGX日经225指数2112,594.0,18225.0,18225.0
2017-05-23,NK2112,0.0,0.0,0.0,18195.0,0.0,,SGX日经225指数2112,594.0,18195.0,18195.0
2017-05-24,NK2112,0.0,0.0,0.0,18275.0,0.0,,SGX日经225指数2112,594.0,18275.0,18275.0
2017-05-25,NK2112,0.0,0.0,0.0,18360.0,0.0,,SGX日经225指数2112,594.0,18360.0,18360.0
2017-05-26,NK2112,0.0,0.0,0.0,18255.0,0.0,,SGX日经225指数2112,594.0,18255.0,18255.0
2017-05-29,NK2112,0.0,0.0,0.0,18235.0,0.0,,SGX日经225指数2112,594.0,18235.0,18235.0
2017-05-30,NK2112,0.0,0.0,0.0,18210.0,0.0,,SGX日经225指数2112,594.0,18210.0,18210.0
2017-05-31,NK2112,0.0,0.0,0.0,18210.0,0.0,,SGX日经225指数2112,594.0,18210.0,18210.0
2017-06-01,NK2112,0.0,0.0,0.0,18400.0,0.0,,SGX日经225指数2112,594.0,18400.0,18400.0
2017-06-02,NK2112,0.0,0.0,0.0,18715.0,0.0,,SGX日经225指数2112,594.0,18715.0,18715.0
2017-06-05,NK2112,0.0,0.0,0.0,18705.0,0.0,,SGX日经225指数2112,594.0,18705.0,18705.0
2017-06-06,NK2112,0.0,0.0,0.0,18515.0,0.0,,SGX日经225指数2112,594.0,18515.0,18515.0
2017-06-07,NK2112,0.0,0.0,0.0,18490.0,0.0,,SGX日经225指数2112,594.0,18490.0,18490.0
2017-06-08,NK2112,0.0,0.0,0.0,18505.0,0.0,,SGX日经225指数2112,594.0,18505.0,18505.0
2017-06-09,NK2112,0.0,0.0,0.0,18540.0,0.0,,SGX日经225指数2112,594.0,18540.0,18540.0
2017-06-12,NK2112,0.0,0.0,0.0,18445.0,0.0,,SGX日经225指数2112,594.0,18445.0,18445.0
2017-06-13,NK2112,0.0,0.0,0.0,18465.0,212.0,,SGX日经225指数2112,806.0,18465.0,18465.0
2017-06-14,NK2112,0.0,0.0,0.0,18460.0,0.0,,SGX日经225指数2112,806.0,18460.0,18460.0
2017-06-15,NK2112,0.0,0.0,0.0,18405.0,0.0,,SGX日经225指数2112,806.0,18405.0,18405.0
2017-06-16,NK2112,0.0,0.0,0.0,18505.0,0.0,,SGX日经225指数2112,806.0,18505.0,18505.0
2017-06-19,NK2112,0.0,0.0,0.0,18615.0,0.0,,SGX日经225指数2112,806.0,18615.0,18615.0
2017-06-20,NK2112,0.0,0.0,0.0,18780.0,0.0,,SGX日经225指数2112,806.0,18780.0,18780.0
2017-06-21,NK2112,0.0,0.0,0.0,18670.0,0.0,,SGX日经225指数2112,806.0,18670.0,18670.0
2017-06-22,NK2112,0.0,0.0,0.0,18660.0,0.0,,SGX日经225指数2112,806.0,18660.0,18660.0
2017-06-23,NK2112,0.0,0.0,0.0,18655.0,0.0,,SGX日经225指数2112,806.0,18655.0,18655.0
2017-06-26,NK2112,0.0,0.0,0.0,18670.0,0.0,,SGX日经225指数2112,806.0,18670.0,18670.0
2017-06-27,NK2112,0.0,0.0,0.0,18705.0,0.0,,SGX日经225指数2112,806.0,18705.0,18705.0
2017-06-28,NK2112,0.0,0.0,0.0,18710.0,0.0,,SGX日经225指数2112,806.0,18710.0,18710.0
2017-06-29,NK2112,0.0,0.0,0.0,18790.0,0.0,,SGX日经225指数2112,806.0,18790.0,18790.0
2017-06-30,NK2112,0.0,0.0,0.0,18570.0,0.0,,SGX日经225指数2112,806.0,18570.0,18570.0
2017-07-03,NK2112,0.0,0.0,0.0,18625.0,0.0,,SGX日经225指数2112,806.0,18625.0,18625.0
