date,symbol,open,high,low,close,volume,amount,name,openinterest,settleprice,price
2016-03-11,NK2103,0.0,0.0,0.0,15525.0,0.0,,SGX日经225指数2103,0.0,15525.0,15525.0
2016-03-14,NK2103,0.0,0.0,0.0,15805.0,0.0,,SGX日经225指数2103,0.0,15805.0,15805.0
2016-03-15,NK2103,0.0,0.0,0.0,15635.0,0.0,,SGX日经225指数2103,0.0,15635.0,15635.0
2016-03-16,NK2103,0.0,0.0,0.0,15475.0,0.0,,SGX日经225指数2103,0.0,15475.0,15475.0
2016-03-17,NK2103,0.0,0.0,0.0,15490.0,0.0,,SGX日经225指数2103,0.0,15490.0,15490.0
2016-03-18,NK2103,0.0,0.0,0.0,15150.0,0.0,,SGX日经225指数2103,0.0,15150.0,15150.0
2016-03-21,NK2103,0.0,0.0,0.0,15225.0,0.0,,SGX日经225指数2103,0.0,15225.0,15225.0
2016-03-22,NK2103,0.0,0.0,0.0,15565.0,0.0,,SGX日经225指数2103,0.0,15565.0,15565.0
2016-03-23,NK2103,0.0,0.0,0.0,15535.0,0.0,,SGX日经225指数2103,0.0,15535.0,15535.0
2016-03-24,NK2103,0.0,0.0,0.0,15400.0,0.0,,SGX日经225指数2103,0.0,15400.0,15400.0
2016-03-25,NK2103,0.0,0.0,0.0,15560.0,0.0,,SGX日经225指数2103,0.0,15560.0,15560.0
2016-03-28,NK2103,0.0,0.0,0.0,15505.0,0.0,,SGX日经225指数2103,0.0,15505.0,15505.0
2016-03-29,NK2103,0.0,0.0,0.0,15695.0,0.0,,SGX日经225指数2103,0.0,15695.0,15695.0
2016-03-30,NK2103,0.0,0.0,0.0,15560.0,0.0,,SGX日经225指数2103,0.0,15560.0,15560.0
2016-03-31,NK2103,0.0,0.0,0.0,15410.0,0.0,,SGX日经225指数2103,0.0,15410.0,15410.0
2016-04-01,NK2103,0.0,0.0,0.0,14875.0,0.0,,SGX日经225指数2103,0.0,14875.0,14875.0
2016-04-04,NK2103,0.0,0.0,0.0,14695.0,0.0,,SGX日经225指数2103,0.0,14695.0,14695.0
2016-04-05,NK2103,0.0,0.0,0.0,14350.0,0.0,,SGX日经225指数2103,0.0,14350.0,14350.0
2016-04-06,NK2103,0.0,0.0,0.0,14350.0,0.0,,SGX日经225指数2103,0.0,14350.0,14350.0
2016-04-07,NK2103,0.0,0.0,0.0,14340.0,0.0,,SGX日经225指数2103,0.0,14340.0,14340.0
2016-04-08,NK2103,0.0,0.0,0.0,14450.0,0.0,,SGX日经225指数2103,0.0,14450.0,14450.0
2016-04-11,NK2103,0.0,0.0,0.0,14350.0,0.0,,SGX日经225指数2103,0.0,14350.0,14350.0
2016-04-12,NK2103,0.0,0.0,0.0,14555.0,0.0,,SGX日经225指数2103,0.0,14555.0,14555.0
2016-04-13,NK2103,0.0,0.0,0.0,15060.0,0.0,,SGX日经225指数2103,0.0,15060.0,15060.0
2016-04-14,NK2103,0.0,0.0,0.0,15480.0,0.0,,SGX日经225指数2103,0.0,15480.0,15480.0
2016-04-15,NK2103,0.0,0.0,0.0,15370.0,0.0,,SGX日经225指数2103,0.0,15370.0,15370.0
2016-04-18,NK2103,0.0,0.0,0.0,14935.0,0.0,,SGX日经225指数2103,0.0,14935.0,14935.0
2016-04-19,NK2103,0.0,0.0,0.0,15500.0,0.0,,SGX日经225指数2103,0.0,15500.0,15500.0
2016-04-20,NK2103,0.0,0.0,0.0,15490.0,0.0,,SGX日经225指数2103,0.0,15490.0,15490.0
2016-04-21,NK2103,0.0,0.0,0.0,15990.0,0.0,,SGX日经225指数2103,0.0,15990.0,15990.0
2016-04-22,NK2103,0.0,0.0,0.0,16185.0,0.0,,SGX日经225指数2103,0.0,16185.0,16185.0
2016-04-25,NK2103,0.0,0.0,0.0,16060.0,0.0,,SGX日经225指数2103,0.0,16060.0,16060.0
2016-04-26,NK2103,0.0,0.0,0.0,15900.0,0.0,,SGX日经225指数2103,0.0,15900.0,15900.0
2016-04-27,NK2103,0.0,0.0,0.0,15865.0,0.0,,SGX日经225指数2103,0.0,15865.0,15865.0
2016-04-28,NK2103,0.0,0.0,0.0,15105.0,0.0,,SGX日经225指数2103,0.0,15105.0,15105.0
2016-04-29,NK2103,0.0,0.0,0.0,14755.0,0.0,,SGX日经225指数2103,0.0,14755.0,14755.0
2016-05-02,NK2103,0.0,0.0,0.0,14760.0,0.0,,SGX日经225指数2103,0.0,14760.0,14760.0
2016-05-03,NK2103,0.0,0.0,0.0,14640.0,0.0,,SGX日经225指数2103,0.0,14640.0,14640.0
2016-05-04,NK2103,0.0,0.0,0.0,14610.0,0.0,,SGX日经225指数2103,0.0,14610.0,14610.0
2016-05-05,NK2103,0.0,0.0,0.0,14625.0,0.0,,SGX日经225指数2103,0.0,14625.0,14625.0
2016-05-06,NK2103,0.0,0.0,0.0,14665.0,0.0,,SGX日经225指数2103,0.0,14665.0,14665.0
2016-05-09,NK2103,0.0,0.0,0.0,14855.0,0.0,,SGX日经225指数2103,0.0,14855.0,14855.0
2016-05-10,NK2103,0.0,0.0,0.0,15210.0,0.0,,SGX日经225指数2103,0.0,15210.0,15210.0
2016-05-11,NK2103,0.0,0.0,0.0,15220.0,0.0,,SGX日经225指数2103,0.0,15220.0,15220.0
2016-05-12,NK2103,0.0,0.0,0.0,15325.0,0.0,,SGX日经225指数2103,0.0,15325.0,15325.0
2016-05-13,NK2103,0.0,0.0,0.0,14995.0,0.0,,SGX日经225指数2103,0.0,14995.0,14995.0
2016-05-16,NK2103,0.0,0.0,0.0,15180.0,0.0,,SGX日经225指数2103,0.0,15180.0,15180.0
2016-05-17,NK2103,0.0,0.0,0.0,15360.0,0.0,,SGX日经225指数2103,0.0,15360.0,15360.0
2016-05-18,NK2103,0.0,0.0,0.0,15220.0,0.0,,SGX日经225指数2103,0.0,15220.0,15220.0
2016-05-19,NK2103,0.0,0.0,0.0,15285.0,0.0,,SGX日经225指数2103,0.0,15285.0,15285.0
2016-05-20,NK2103,0.0,0.0,0.0,15390.0,0.0,,SGX日经225指数2103,0.0,15390.0,15390.0
2016-05-23,NK2103,0.0,0.0,0.0,15305.0,0.0,,SGX日经225指数2103,0.0,15305.0,15305.0
2016-05-24,NK2103,0.0,0.0,0.0,15140.0,0.0,,SGX日经225指数2103,0.0,15140.0,15140.0
2016-05-25,NK2103,0.0,0.0,0.0,15430.0,0.0,,SGX日经225指数2103,0.0,15430.0,15430.0
2016-05-26,NK2103,0.0,0.0,0.0,15465.0,0.0,,SGX日经225指数2103,0.0,15465.0,15465.0
2016-05-27,NK2103,0.0,0.0,0.0,15490.0,0.0,,SGX日经225指数2103,0.0,15490.0,15490.0
2016-05-30,NK2103,0.0,0.0,0.0,15725.0,0.0,,SGX日经225指数2103,0.0,15725.0,15725.0
2016-05-31,NK2103,0.0,0.0,0.0,15860.0,0.0,,SGX日经225指数2103,0.0,15860.0,15860.0
2016-06-01,NK2103,0.0,0.0,0.0,15630.0,0.0,,SGX日经225指数2103,0.0,15630.0,15630.0
2016-06-02,NK2103,0.0,0.0,0.0,15265.0,0.0,,SGX日经225指数2103,0.0,15265.0,15265.0
2016-06-03,NK2103,0.0,0.0,0.0,15300.0,0.0,,SGX日经225指数2103,0.0,15300.0,15300.0
2016-06-06,NK2103,0.0,0.0,0.0,15220.0,0.0,,SGX日经225指数2103,0.0,15220.0,15220.0
2016-06-07,NK2103,0.0,0.0,0.0,15365.0,0.0,,SGX日经225指数2103,0.0,15365.0,15365.0
2016-06-08,NK2103,0.0,0.0,0.0,15495.0,0.0,,SGX日经225指数2103,0.0,15495.0,15495.0
2016-06-09,NK2103,0.0,0.0,0.0,15290.0,0.0,,SGX日经225指数2103,0.0,15290.0,15290.0
2016-06-10,NK2103,0.0,0.0,0.0,15185.0,0.0,,SGX日经225指数2103,0.0,15185.0,15185.0
2016-06-13,NK2103,0.0,0.0,0.0,14655.0,0.0,,SGX日经225指数2103,0.0,14655.0,14655.0
2016-06-14,NK2103,0.0,0.0,0.0,14415.0,0.0,,SGX日经225指数2103,0.0,14415.0,14415.0
2016-06-15,NK2103,0.0,0.0,0.0,14575.0,0.0,,SGX日经225指数2103,0.0,14575.0,14575.0
2016-06-16,NK2103,0.0,0.0,0.0,14000.0,0.0,,SGX日经225指数2103,0.0,14000.0,14000.0
2016-06-17,NK2103,0.0,0.0,0.0,14200.0,0.0,,SGX日经225指数2103,0.0,14200.0,14200.0
2016-06-20,NK2103,0.0,0.0,0.0,14645.0,0.0,,SGX日经225指数2103,0.0,14645.0,14645.0
2016-06-21,NK2103,0.0,0.0,0.0,14830.0,0.0,,SGX日经225指数2103,0.0,14830.0,14830.0
2016-06-22,NK2103,0.0,0.0,0.0,14660.0,0.0,,SGX日经225指数2103,0.0,14660.0,14660.0
2016-06-23,NK2103,0.0,0.0,0.0,14855.0,0.0,,SGX日经225指数2103,0.0,14855.0,14855.0
2016-06-24,NK2103,0.0,0.0,0.0,13825.0,0.0,,SGX日经225指数2103,0.0,13825.0,13825.0
2016-06-27,NK2103,0.0,0.0,0.0,14005.0,0.0,,SGX日经225指数2103,0.0,14005.0,14005.0
2016-06-28,NK2103,0.0,0.0,0.0,13950.0,0.0,,SGX日经225指数2103,0.0,13950.0,13950.0
2016-06-29,NK2103,0.0,0.0,0.0,14240.0,0.0,,SGX日经225指数2103,0.0,14240.0,14240.0
2016-06-30,NK2103,0.0,0.0,0.0,14225.0,0.0,,SGX日经225指数2103,0.0,14225.0,14225.0
2016-07-01,NK2103,0.0,0.0,0.0,14325.0,0.0,,SGX日经225指数2103,0.0,14325.0,14325.0
2016-07-04,NK2103,0.0,0.0,0.0,14440.0,0.0,,SGX日经225指数2103,0.0,14440.0,14440.0
2016-07-05,NK2103,0.0,0.0,0.0,14255.0,0.0,,SGX日经225指数2103,0.0,14255.0,14255.0
2016-07-06,NK2103,0.0,0.0,0.0,13965.0,0.0,,SGX日经225指数2103,0.0,13965.0,13965.0
2016-07-07,NK2103,0.0,0.0,0.0,13945.0,0.0,,SGX日经225指数2103,0.0,13945.0,13945.0
2016-07-08,NK2103,0.0,0.0,0.0,13815.0,0.0,,SGX日经225指数2103,0.0,13815.0,13815.0
2016-07-11,NK2103,0.0,0.0,0.0,14390.0,0.0,,SGX日经225指数2103,0.0,14390.0,14390.0
2016-07-12,NK2103,0.0,0.0,0.0,14850.0,0.0,,SGX日经225指数2103,0.0,14850.0,14850.0
2016-07-13,NK2103,0.0,0.0,0.0,14880.0,0.0,,SGX日经225指数2103,0.0,14880.0,14880.0
2016-07-14,NK2103,0.0,0.0,0.0,15180.0,0.0,,SGX日经225指数2103,0.0,15180.0,15180.0
2016-07-15,NK2103,0.0,0.0,0.0,15225.0,0.0,,SGX日经225指数2103,0.0,15225.0,15225.0
2016-07-18,NK2103,0.0,0.0,0.0,15265.0,0.0,,SGX日经225指数2103,0.0,15265.0,15265.0
2016-07-19,NK2103,0.0,0.0,0.0,15325.0,0.0,,SGX日经225指数2103,0.0,15325.0,15325.0
2016-07-20,NK2103,0.0,0.0,0.0,15365.0,0.0,,SGX日经225指数2103,0.0,15365.0,15365.0
2016-07-21,NK2103,0.0,0.0,0.0,15500.0,0.0,,SGX日经225指数2103,0.0,15500.0,15500.0
2016-07-22,NK2103,0.0,0.0,0.0,15320.0,0.0,,SGX日经225指数2103,0.0,15320.0,15320.0
2016-07-25,NK2103,0.0,0.0,0.0,15285.0,0.0,,SGX日经225指数2103,0.0,15285.0,15285.0
2016-07-26,NK2103,0.0,0.0,0.0,14990.0,0.0,,SGX日经225指数2103,0.0,14990.0,14990.0
2016-07-27,NK2103,0.0,0.0,0.0,15425.0,0.0,,SGX日经225指数2103,0.0,15425.0,15425.0
2016-07-28,NK2103,0.0,0.0,0.0,15055.0,0.0,,SGX日经225指数2103,0.0,15055.0,15055.0
2016-07-29,NK2103,0.0,0.0,0.0,15250.0,0.0,,SGX日经225指数2103,0.0,15250.0,15250.0
2016-08-01,NK2103,0.0,0.0,0.0,15250.0,0.0,,SGX日经225指数2103,0.0,15250.0,15250.0
2016-08-02,NK2103,0.0,0.0,0.0,15010.0,0.0,,SGX日经225指数2103,0.0,15010.0,15010.0
2016-08-03,NK2103,0.0,0.0,0.0,14740.0,0.0,,SGX日经225指数2103,0.0,14740.0,14740.0
2016-08-04,NK2103,0.0,0.0,0.0,14850.0,0.0,,SGX日经225指数2103,0.0,14850.0,14850.0
2016-08-05,NK2103,0.0,0.0,0.0,14905.0,0.0,,SGX日经225指数2103,0.0,14905.0,14905.0
2016-08-08,NK2103,0.0,0.0,0.0,15275.0,0.0,,SGX日经225指数2103,0.0,15275.0,15275.0
2016-08-09,NK2103,0.0,0.0,0.0,15370.0,0.0,,SGX日经225指数2103,0.0,15370.0,15370.0
2016-08-10,NK2103,0.0,0.0,0.0,15410.0,0.0,,SGX日经225指数2103,0.0,15410.0,15410.0
2016-08-11,NK2103,0.0,0.0,0.0,15410.0,0.0,,SGX日经225指数2103,0.0,15410.0,15410.0
2016-08-12,NK2103,0.0,0.0,0.0,15575.0,0.0,,SGX日经225指数2103,0.0,15575.0,15575.0
2016-08-15,NK2103,0.0,0.0,0.0,15510.0,0.0,,SGX日经225指数2103,0.0,15510.0,15510.0
2016-08-16,NK2103,0.0,0.0,0.0,15285.0,0.0,,SGX日经225指数2103,0.0,15285.0,15285.0
2016-08-17,NK2103,0.0,0.0,0.0,15405.0,0.0,,SGX日经225指数2103,0.0,15405.0,15405.0
2016-08-18,NK2103,0.0,0.0,0.0,15185.0,0.0,,SGX日经225指数2103,0.0,15185.0,15185.0
2016-08-19,NK2103,0.0,0.0,0.0,15200.0,0.0,,SGX日经225指数2103,0.0,15200.0,15200.0
2016-08-22,NK2103,0.0,0.0,0.0,15225.0,0.0,,SGX日经225指数2103,0.0,15225.0,15225.0
2016-08-23,NK2103,0.0,0.0,0.0,15160.0,0.0,,SGX日经225指数2103,0.0,15160.0,15160.0
2016-08-24,NK2103,0.0,0.0,0.0,15210.0,0.0,,SGX日经225指数2103,0.0,15210.0,15210.0
2016-08-25,NK2103,0.0,0.0,0.0,15185.0,0.0,,SGX日经225指数2103,0.0,15185.0,15185.0
2016-08-26,NK2103,0.0,0.0,0.0,15075.0,0.0,,SGX日经225指数2103,0.0,15075.0,15075.0
2016-08-29,NK2103,0.0,0.0,0.0,15395.0,0.0,,SGX日经225指数2103,0.0,15395.0,15395.0
2016-08-30,NK2103,0.0,0.0,0.0,15415.0,0.0,,SGX日经225指数2103,0.0,15415.0,15415.0
2016-08-31,NK2103,0.0,0.0,0.0,15555.0,0.0,,SGX日经225指数2103,0.0,15555.0,15555.0
2016-09-01,NK2103,0.0,0.0,0.0,15605.0,0.0,,SGX日经225指数2103,0.0,15605.0,15605.0
2016-09-02,NK2103,0.0,0.0,0.0,15600.0,0.0,,SGX日经225指数2103,0.0,15600.0,15600.0
2016-09-05,NK2103,0.0,0.0,0.0,15700.0,0.0,,SGX日经225指数2103,0.0,15700.0,15700.0
2016-09-06,NK2103,0.0,0.0,0.0,15750.0,0.0,,SGX日经225指数2103,0.0,15750.0,15750.0
2016-09-07,NK2103,0.0,0.0,0.0,15645.0,0.0,,SGX日经225指数2103,0.0,15645.0,15645.0
2016-09-08,NK2103,0.0,0.0,0.0,15615.0,0.0,,SGX日经225指数2103,0.0,15615.0,15615.0
2016-09-09,NK2103,0.0,0.0,0.0,15630.0,0.0,,SGX日经225指数2103,0.0,15630.0,15630.0
2016-09-12,NK2103,0.0,0.0,0.0,15325.0,0.0,,SGX日经225指数2103,0.0,15325.0,15325.0
2016-09-13,NK2103,0.0,0.0,0.0,15385.0,0.0,,SGX日经225指数2103,0.0,15385.0,15385.0
2016-09-14,NK2103,0.0,0.0,0.0,15300.0,0.0,,SGX日经225指数2103,0.0,15300.0,15300.0
2016-09-15,NK2103,0.0,0.0,0.0,15050.0,0.0,,SGX日经225指数2103,0.0,15050.0,15050.0
2016-09-16,NK2103,0.0,0.0,0.0,15135.0,0.0,,SGX日经225指数2103,0.0,15135.0,15135.0
2016-09-19,NK2103,0.0,0.0,0.0,15080.0,0.0,,SGX日经225指数2103,0.0,15080.0,15080.0
2016-09-20,NK2103,0.0,0.0,0.0,15090.0,0.0,,SGX日经225指数2103,0.0,15090.0,15090.0
2016-09-21,NK2103,0.0,0.0,0.0,15490.0,0.0,,SGX日经225指数2103,0.0,15490.0,15490.0
2016-09-22,NK2103,0.0,0.0,0.0,15330.0,0.0,,SGX日经225指数2103,0.0,15330.0,15330.0
2016-09-23,NK2103,0.0,0.0,0.0,15335.0,0.0,,SGX日经225指数2103,0.0,15335.0,15335.0
2016-09-26,NK2103,0.0,0.0,0.0,15050.0,0.0,,SGX日经225指数2103,0.0,15050.0,15050.0
2016-09-27,NK2103,0.0,0.0,0.0,15205.0,0.0,,SGX日经225指数2103,0.0,15205.0,15205.0
2016-09-28,NK2103,0.0,0.0,0.0,15125.0,1.0,,SGX日经225指数2103,0.0,15125.0,15125.0
2016-09-29,NK2103,0.0,0.0,0.0,15430.0,0.0,,SGX日经225指数2103,0.0,15430.0,15430.0
2016-09-30,NK2103,0.0,0.0,0.0,15120.0,0.0,,SGX日经225指数2103,0.0,15120.0,15120.0
2016-10-03,NK2103,0.0,0.0,0.0,15330.0,0.0,,SGX日经225指数2103,0.0,15330.0,15330.0
2016-10-04,NK2103,0.0,0.0,0.0,15470.0,0.0,,SGX日经225指数2103,0.0,15470.0,15470.0
2016-10-05,NK2103,0.0,0.0,0.0,15525.0,0.0,,SGX日经225指数2103,0.0,15525.0,15525.0
2016-10-06,NK2103,0.0,0.0,0.0,15640.0,0.0,,SGX日经225指数2103,0.0,15640.0,15640.0
2016-10-07,NK2103,0.0,0.0,0.0,15630.0,0.0,,SGX日经225指数2103,0.0,15630.0,15630.0
2016-10-10,NK2103,0.0,0.0,0.0,15565.0,0.0,,SGX日经225指数2103,0.0,15565.0,15565.0
2016-10-11,NK2103,0.0,0.0,0.0,15735.0,0.0,,SGX日经225指数2103,0.0,15735.0,15735.0
2016-10-12,NK2103,0.0,0.0,0.0,15635.0,0.0,,SGX日经225指数2103,0.0,15635.0,15635.0
2016-10-13,NK2103,0.0,0.0,0.0,15530.0,0.0,,SGX日经225指数2103,0.0,15530.0,15530.0
2016-10-14,NK2103,0.0,0.0,0.0,15595.0,0.0,,SGX日经225指数2103,0.0,15595.0,15595.0
2016-10-17,NK2103,0.0,0.0,0.0,15625.0,0.0,,SGX日经225指数2103,0.0,15625.0,15625.0
2016-10-18,NK2103,0.0,0.0,0.0,15680.0,0.0,,SGX日经225指数2103,0.0,15680.0,15680.0
2016-10-19,NK2103,0.0,0.0,0.0,15740.0,0.0,,SGX日经225指数2103,0.0,15740.0,15740.0
2016-10-20,NK2103,0.0,0.0,0.0,15920.0,0.0,,SGX日经225指数2103,0.0,15920.0,15920.0
2016-10-21,NK2103,0.0,0.0,0.0,15970.0,0.0,,SGX日经225指数2103,0.0,15970.0,15970.0
2016-10-24,NK2103,0.0,0.0,0.0,15980.0,0.0,,SGX日经225指数2103,0.0,15980.0,15980.0
2016-10-25,NK2103,0.0,0.0,0.0,16125.0,0.0,,SGX日经225指数2103,0.0,16125.0,16125.0
2016-10-26,NK2103,0.0,0.0,0.0,16110.0,0.0,,SGX日经225指数2103,0.0,16110.0,16110.0
2016-10-27,NK2103,0.0,0.0,0.0,16120.0,0.0,,SGX日经225指数2103,0.0,16120.0,16120.0
2016-10-28,NK2103,0.0,0.0,0.0,16205.0,0.0,,SGX日经225指数2103,0.0,16205.0,16205.0
2016-10-31,NK2103,0.0,0.0,0.0,16180.0,0.0,,SGX日经225指数2103,0.0,16180.0,16180.0
2016-11-01,NK2103,0.0,0.0,0.0,16180.0,0.0,,SGX日经225指数2103,0.0,16180.0,16180.0
2016-11-02,NK2103,0.0,0.0,0.0,15830.0,0.0,,SGX日经225指数2103,0.0,15830.0,15830.0
2016-11-03,NK2103,0.0,0.0,0.0,15730.0,0.0,,SGX日经225指数2103,0.0,15730.0,15730.0
2016-11-04,NK2103,0.0,0.0,0.0,15640.0,0.0,,SGX日经225指数2103,0.0,15640.0,15640.0
2016-11-07,NK2103,0.0,0.0,0.0,15970.0,0.0,,SGX日经225指数2103,0.0,15970.0,15970.0
2016-11-08,NK2103,0.0,0.0,0.0,15955.0,0.0,,SGX日经225指数2103,0.0,15955.0,15955.0
2016-11-09,NK2103,0.0,0.0,0.0,15150.0,0.0,,SGX日经225指数2103,0.0,15150.0,15150.0
2016-11-10,NK2103,0.0,0.0,0.0,16075.0,0.0,,SGX日经225指数2103,0.0,16075.0,16075.0
2016-11-11,NK2103,0.0,0.0,0.0,16195.0,0.0,,SGX日经225指数2103,0.0,16195.0,16195.0
2016-11-14,NK2103,0.0,0.0,0.0,16360.0,0.0,,SGX日经225指数2103,0.0,16360.0,16360.0
2016-11-15,NK2103,0.0,0.0,0.0,16385.0,0.0,,SGX日经225指数2103,0.0,16385.0,16385.0
2016-11-16,NK2103,0.0,0.0,0.0,16615.0,0.0,,SGX日经225指数2103,0.0,16615.0,16615.0
2016-11-17,NK2103,0.0,0.0,0.0,16660.0,0.0,,SGX日经225指数2103,0.0,16660.0,16660.0
2016-11-18,NK2103,0.0,0.0,0.0,16740.0,0.0,,SGX日经225指数2103,0.0,16740.0,16740.0
2016-11-21,NK2103,0.0,0.0,0.0,16850.0,0.0,,SGX日经225指数2103,0.0,16850.0,16850.0
2016-11-22,NK2103,0.0,0.0,0.0,16940.0,0.0,,SGX日经225指数2103,0.0,16940.0,16940.0
2016-11-23,NK2103,0.0,0.0,0.0,16945.0,0.0,,SGX日经225指数2103,0.0,16945.0,16945.0
2016-11-24,NK2103,0.0,0.0,0.0,17135.0,0.0,,SGX日经225指数2103,0.0,17135.0,17135.0
2016-11-25,NK2103,0.0,0.0,0.0,17130.0,0.0,,SGX日经225指数2103,0.0,17130.0,17130.0
2016-11-28,NK2103,0.0,0.0,0.0,17065.0,0.0,,SGX日经225指数2103,0.0,17065.0,17065.0
2016-11-29,NK2103,0.0,0.0,0.0,17035.0,0.0,,SGX日经225指数2103,0.0,17035.0,17035.0
2016-11-30,NK2103,0.0,0.0,0.0,17125.0,0.0,,SGX日经225指数2103,0.0,17125.0,17125.0
2016-12-01,NK2103,0.0,0.0,0.0,17170.0,0.0,,SGX日经225指数2103,0.0,17170.0,17170.0
2016-12-02,NK2103,0.0,0.0,0.0,17070.0,0.0,,SGX日经225指数2103,0.0,17070.0,17070.0
2016-12-05,NK2103,0.0,0.0,0.0,17015.0,0.0,,SGX日经225指数2103,0.0,17015.0,17015.0
2016-12-06,NK2103,0.0,0.0,0.0,17180.0,0.0,,SGX日经225指数2103,0.0,17180.0,17180.0
2016-12-07,NK2103,0.0,0.0,0.0,17245.0,0.0,,SGX日经225指数2103,0.0,17245.0,17245.0
2016-12-08,NK2103,0.0,0.0,0.0,17535.0,0.0,,SGX日经225指数2103,0.0,17535.0,17535.0
2016-12-09,NK2103,0.0,0.0,0.0,17780.0,0.0,,SGX日经225指数2103,0.0,17780.0,17780.0
2016-12-12,NK2103,0.0,0.0,0.0,17975.0,0.0,,SGX日经225指数2103,0.0,17975.0,17975.0
2016-12-13,NK2103,0.0,0.0,0.0,17985.0,0.0,,SGX日经225指数2103,0.0,17985.0,17985.0
2016-12-14,NK2103,0.0,0.0,0.0,17975.0,0.0,,SGX日经225指数2103,0.0,17975.0,17975.0
2016-12-15,NK2103,0.0,0.0,0.0,18075.0,0.0,,SGX日经225指数2103,0.0,18075.0,18075.0
2016-12-16,NK2103,0.0,0.0,0.0,18190.0,0.0,,SGX日经225指数2103,0.0,18190.0,18190.0
2016-12-19,NK2103,0.0,0.0,0.0,18195.0,0.0,,SGX日经225指数2103,0.0,18195.0,18195.0
2016-12-20,NK2103,0.0,0.0,0.0,18265.0,0.0,,SGX日经225指数2103,0.0,18265.0,18265.0
2016-12-21,NK2103,0.0,0.0,0.0,18215.0,0.0,,SGX日经225指数2103,0.0,18215.0,18215.0
2016-12-22,NK2103,0.0,0.0,0.0,18140.0,0.0,,SGX日经225指数2103,0.0,18140.0,18140.0
2016-12-23,NK2103,0.0,0.0,0.0,18170.0,0.0,,SGX日经225指数2103,0.0,18170.0,18170.0
2016-12-26,NK2103,0.0,0.0,0.0,18060.0,0.0,,SGX日经225指数2103,0.0,18060.0,18060.0
2016-12-27,NK2103,0.0,0.0,0.0,18105.0,0.0,,SGX日经225指数2103,0.0,18105.0,18105.0
2016-12-28,NK2103,0.0,0.0,0.0,18240.0,0.0,,SGX日经225指数2103,0.0,18240.0,18240.0
2016-12-29,NK2103,0.0,0.0,0.0,17845.0,0.0,,SGX日经225指数2103,0.0,17845.0,17845.0
2016-12-30,NK2103,0.0,0.0,0.0,17850.0,0.0,,SGX日经225指数2103,0.0,17850.0,17850.0
2017-01-11,NK2103,0.0,0.0,0.0,18145.0,0.0,,SGX日经225指数2103,0.0,18145.0,18145.0
2017-01-12,NK2103,0.0,0.0,0.0,17900.0,0.0,,SGX日经225指数2103,0.0,17900.0,17900.0
2017-01-13,NK2103,0.0,0.0,0.0,18045.0,0.0,,SGX日经225指数2103,0.0,18045.0,18045.0
2017-01-16,NK2103,0.0,0.0,0.0,17840.0,0.0,,SGX日经225指数2103,0.0,17840.0,17840.0
2017-01-17,NK2103,0.0,0.0,0.0,17555.0,0.0,,SGX日经225指数2103,0.0,17555.0,17555.0
2017-01-18,NK2103,0.0,0.0,0.0,17605.0,0.0,,SGX日经225指数2103,0.0,17605.0,17605.0
2017-01-19,NK2103,0.0,0.0,0.0,17895.0,0.0,,SGX日经225指数2103,0.0,17895.0,17895.0
2017-01-20,NK2103,0.0,0.0,0.0,17925.0,0.0,,SGX日经225指数2103,0.0,17925.0,17925.0
2017-01-23,NK2103,0.0,0.0,0.0,17670.0,0.0,,SGX日经225指数2103,0.0,17670.0,17670.0
2017-01-24,NK2103,0.0,0.0,0.0,17620.0,0.0,,SGX日经225指数2103,0.0,17620.0,17620.0
2017-01-25,NK2103,0.0,0.0,0.0,17855.0,0.0,,SGX日经225指数2103,0.0,17855.0,17855.0
2017-01-26,NK2103,0.0,0.0,0.0,18255.0,0.0,,SGX日经225指数2103,0.0,18255.0,18255.0
2017-01-27,NK2103,0.0,0.0,0.0,18255.0,0.0,,SGX日经225指数2103,0.0,18255.0,18255.0
2017-01-30,NK2103,0.0,0.0,0.0,18100.0,0.0,,SGX日经225指数2103,0.0,18100.0,18100.0
2017-01-31,NK2103,0.0,0.0,0.0,17765.0,0.0,,SGX日经225指数2103,0.0,17765.0,17765.0
2017-02-01,NK2103,0.0,0.0,0.0,17980.0,0.0,,SGX日经225指数2103,0.0,17980.0,17980.0
2017-02-02,NK2103,0.0,0.0,0.0,17720.0,0.0,,SGX日经225指数2103,0.0,17720.0,17720.0
2017-02-03,NK2103,0.0,0.0,0.0,17730.0,0.0,,SGX日经225指数2103,0.0,17730.0,17730.0
2017-02-06,NK2103,0.0,0.0,0.0,17720.0,0.0,,SGX日经225指数2103,0.0,17720.0,17720.0
2017-02-07,NK2103,0.0,0.0,0.0,17645.0,0.0,,SGX日经225指数2103,0.0,17645.0,17645.0
2017-02-08,NK2103,0.0,0.0,0.0,17760.0,0.0,,SGX日经225指数2103,0.0,17760.0,17760.0
2017-02-09,NK2103,0.0,0.0,0.0,17675.0,0.0,,SGX日经225指数2103,0.0,17675.0,17675.0
2017-02-10,NK2103,0.0,0.0,0.0,18155.0,0.0,,SGX日经225指数2103,0.0,18155.0,18155.0
2017-02-13,NK2103,0.0,0.0,0.0,18190.0,0.0,,SGX日经225指数2103,0.0,18190.0,18190.0
2017-02-14,NK2103,0.0,0.0,0.0,18020.0,0.0,,SGX日经225指数2103,0.0,18020.0,18020.0
2017-02-15,NK2103,0.0,0.0,0.0,18210.0,0.0,,SGX日经225指数2103,0.0,18210.0,18210.0
2017-02-16,NK2103,0.0,0.0,0.0,18100.0,0.0,,SGX日经225指数2103,0.0,18100.0,18100.0
2017-02-17,NK2103,0.0,0.0,0.0,17950.0,0.0,,SGX日经225指数2103,0.0,17950.0,17950.0
2017-02-20,NK2103,0.0,0.0,0.0,18020.0,0.0,,SGX日经225指数2103,0.0,18020.0,18020.0
2017-02-21,NK2103,0.0,0.0,0.0,18150.0,0.0,,SGX日经225指数2103,0.0,18150.0,18150.0
2017-02-22,NK2103,0.0,0.0,0.0,18150.0,0.0,,SGX日经225指数2103,0.0,18150.0,18150.0
2017-02-23,NK2103,0.0,0.0,0.0,18110.0,0.0,,SGX日经225指数2103,0.0,18110.0,18110.0
2017-02-24,NK2103,0.0,0.0,0.0,18050.0,0.0,,SGX日经225指数2103,0.0,18050.0,18050.0
2017-02-27,NK2103,0.0,0.0,0.0,17900.0,0.0,,SGX日经225指数2103,0.0,17900.0,17900.0
2017-02-28,NK2103,0.0,0.0,0.0,17885.0,0.0,,SGX日经225指数2103,0.0,17885.0,17885.0
2017-03-01,NK2103,0.0,0.0,0.0,18160.0,0.0,,SGX日经225指数2103,0.0,18160.0,18160.0
2017-03-02,NK2103,0.0,0.0,0.0,18400.0,0.0,,SGX日经225指数2103,0.0,18400.0,18400.0
2017-03-03,NK2103,0.0,0.0,0.0,18220.0,0.0,,SGX日经225指数2103,0.0,18220.0,18220.0
2017-03-06,NK2103,0.0,0.0,0.0,18110.0,0.0,,SGX日经225指数2103,0.0,18110.0,18110.0
2017-03-07,NK2103,0.0,0.0,0.0,18105.0,0.0,,SGX日经225指数2103,0.0,18105.0,18105.0
2017-03-08,NK2103,0.0,0.0,0.0,18010.0,0.0,,SGX日经225指数2103,0.0,18010.0,18010.0
2017-03-09,NK2103,0.0,0.0,0.0,18065.0,0.0,,SGX日经225指数2103,0.0,18065.0,18065.0
2017-03-10,NK2103,0.0,0.0,0.0,18365.0,0.0,,SGX日经225指数2103,0.0,18365.0,18365.0
2017-03-13,NK2103,0.0,0.0,0.0,18395.0,0.0,,SGX日经225指数2103,0.0,18395.0,18395.0
2017-03-14,NK2103,0.0,0.0,0.0,18370.0,0.0,,SGX日经225指数2103,0.0,18370.0,18370.0
2017-03-15,NK2103,0.0,0.0,0.0,18355.0,0.0,,SGX日经225指数2103,0.0,18355.0,18355.0
2017-03-16,NK2103,0.0,0.0,0.0,18320.0,0.0,,SGX日经225指数2103,0.0,18320.0,18320.0
2017-03-17,NK2103,0.0,0.0,0.0,18240.0,0.0,,SGX日经225指数2103,0.0,18240.0,18240.0
2017-03-20,NK2103,0.0,0.0,0.0,18210.0,0.0,,SGX日经225指数2103,0.0,18210.0,18210.0
2017-03-21,NK2103,0.0,0.0,0.0,18205.0,0.0,,SGX日经225指数2103,0.0,18205.0,18205.0
2017-03-22,NK2103,0.0,0.0,0.0,17810.0,0.0,,SGX日经225指数2103,0.0,17810.0,17810.0
2017-03-23,NK2103,0.0,0.0,0.0,17830.0,0.0,,SGX日经225指数2103,0.0,17830.0,17830.0
2017-03-24,NK2103,0.0,0.0,0.0,18050.0,0.0,,SGX日经225指数2103,0.0,18050.0,18050.0
2017-03-27,NK2103,0.0,0.0,0.0,17520.0,0.0,,SGX日经225指数2103,0.0,17520.0,17520.0
2017-03-28,NK2103,0.0,0.0,0.0,17790.0,0.0,,SGX日经225指数2103,0.0,17790.0,17790.0
2017-03-29,NK2103,0.0,0.0,0.0,18050.0,0.0,,SGX日经225指数2103,0.0,18050.0,18050.0
2017-03-30,NK2103,0.0,0.0,0.0,17910.0,0.0,,SGX日经225指数2103,0.0,17910.0,17910.0
2017-03-31,NK2103,0.0,0.0,0.0,17750.0,0.0,,SGX日经225指数2103,0.0,17750.0,17750.0
2017-04-03,NK2103,0.0,0.0,0.0,17910.0,0.0,,SGX日经225指数2103,0.0,17910.0,17910.0
2017-04-04,NK2103,0.0,0.0,0.0,17665.0,0.0,,SGX日经225指数2103,0.0,17665.0,17665.0
2017-04-05,NK2103,0.0,0.0,0.0,17715.0,0.0,,SGX日经225指数2103,0.0,17715.0,17715.0
2017-04-06,NK2103,0.0,0.0,0.0,17490.0,0.0,,SGX日经225指数2103,0.0,17490.0,17490.0
2017-04-07,NK2103,0.0,0.0,0.0,17570.0,0.0,,SGX日经225指数2103,0.0,17570.0,17570.0
2017-04-10,NK2103,0.0,0.0,0.0,17635.0,0.0,,SGX日经225指数2103,0.0,17635.0,17635.0
2017-04-11,NK2103,0.0,0.0,0.0,17555.0,0.0,,SGX日经225指数2103,0.0,17555.0,17555.0
2017-04-12,NK2103,0.0,0.0,0.0,17390.0,0.0,,SGX日经225指数2103,0.0,17390.0,17390.0
2017-04-13,NK2103,0.0,0.0,0.0,17245.0,0.0,,SGX日经225指数2103,0.0,17245.0,17245.0
2017-04-14,NK2103,0.0,0.0,0.0,17160.0,0.0,,SGX日经225指数2103,0.0,17160.0,17160.0
2017-04-17,NK2103,0.0,0.0,0.0,17170.0,0.0,,SGX日经225指数2103,0.0,17170.0,17170.0
2017-04-18,NK2103,0.0,0.0,0.0,17270.0,0.0,,SGX日经225指数2103,0.0,17270.0,17270.0
2017-04-19,NK2103,0.0,0.0,0.0,17270.0,0.0,,SGX日经225指数2103,0.0,17270.0,17270.0
2017-04-20,NK2103,0.0,0.0,0.0,17300.0,0.0,,SGX日经225指数2103,0.0,17300.0,17300.0
2017-04-21,NK2103,0.0,0.0,0.0,17490.0,0.0,,SGX日经225指数2103,0.0,17490.0,17490.0
2017-04-24,NK2103,0.0,0.0,0.0,17770.0,0.0,,SGX日经225指数2103,0.0,17770.0,17770.0
2017-04-25,NK2103,0.0,0.0,0.0,17935.0,0.0,,SGX日经225指数2103,0.0,17935.0,17935.0
2017-04-26,NK2103,0.0,0.0,0.0,18125.0,0.0,,SGX日经225指数2103,0.0,18125.0,18125.0
2017-04-27,NK2103,0.0,0.0,0.0,18125.0,0.0,,SGX日经225指数2103,0.0,18125.0,18125.0
2017-04-28,NK2103,0.0,0.0,0.0,18030.0,0.0,,SGX日经225指数2103,0.0,18030.0,18030.0
2017-05-01,NK2103,0.0,0.0,0.0,18155.0,0.0,,SGX日经225指数2103,0.0,18155.0,18155.0
2017-05-02,NK2103,0.0,0.0,0.0,18305.0,0.0,,SGX日经225指数2103,0.0,18305.0,18305.0
2017-05-03,NK2103,0.0,0.0,0.0,18295.0,0.0,,SGX日经225指数2103,0.0,18295.0,18295.0
2017-05-04,NK2103,0.0,0.0,0.0,18405.0,0.0,,SGX日经225指数2103,0.0,18405.0,18405.0
2017-05-05,NK2103,0.0,0.0,0.0,18325.0,0.0,,SGX日经225指数2103,0.0,18325.0,18325.0
2017-05-08,NK2103,0.0,0.0,0.0,18680.0,0.0,,SGX日经225指数2103,0.0,18680.0,18680.0
2017-05-09,NK2103,0.0,0.0,0.0,18720.0,0.0,,SGX日经225指数2103,0.0,18720.0,18720.0
2017-05-10,NK2103,0.0,0.0,0.0,18715.0,0.0,,SGX日经225指数2103,0.0,18715.0,18715.0
2017-05-11,NK2103,0.0,0.0,0.0,18770.0,0.0,,SGX日经225指数2103,0.0,18770.0,18770.0
2017-05-12,NK2103,0.0,0.0,0.0,18675.0,0.0,,SGX日经225指数2103,0.0,18675.0,18675.0
2017-05-15,NK2103,0.0,0.0,0.0,18695.0,0.0,,SGX日经225指数2103,0.0,18695.0,18695.0
2017-05-16,NK2103,0.0,0.0,0.0,18705.0,0.0,,SGX日经225指数2103,0.0,18705.0,18705.0
2017-05-17,NK2103,0.0,0.0,0.0,18580.0,0.0,,SGX日经225指数2103,0.0,18580.0,18580.0
2017-05-18,NK2103,0.0,0.0,0.0,18395.0,0.0,,SGX日经225指数2103,0.0,18395.0,18395.0
2017-05-19,NK2103,0.0,0.0,0.0,18385.0,0.0,,SGX日经225指数2103,0.0,18385.0,18385.0
2017-05-22,NK2103,0.0,0.0,0.0,18490.0,0.0,,SGX日经225指数2103,0.0,18490.0,18490.0
2017-05-23,NK2103,0.0,0.0,0.0,18460.0,0.0,,SGX日经225指数2103,0.0,18460.0,18460.0
2017-05-24,NK2103,0.0,0.0,0.0,18540.0,0.0,,SGX日经225指数2103,0.0,18540.0,18540.0
2017-05-25,NK2103,0.0,0.0,0.0,18625.0,0.0,,SGX日经225指数2103,0.0,18625.0,18625.0
2017-05-26,NK2103,0.0,0.0,0.0,18515.0,0.0,,SGX日经225指数2103,0.0,18515.0,18515.0
2017-05-29,NK2103,0.0,0.0,0.0,18495.0,0.0,,SGX日经225指数2103,0.0,18495.0,18495.0
2017-05-30,NK2103,0.0,0.0,0.0,18475.0,0.0,,SGX日经225指数2103,0.0,18475.0,18475.0
2017-05-31,NK2103,0.0,0.0,0.0,18475.0,0.0,,SGX日经225指数2103,0.0,18475.0,18475.0
2017-06-01,NK2103,0.0,0.0,0.0,18665.0,0.0,,SGX日经225指数2103,0.0,18665.0,18665.0
2017-06-02,NK2103,0.0,0.0,0.0,18980.0,0.0,,SGX日经225指数2103,0.0,18980.0,18980.0
2017-06-05,NK2103,0.0,0.0,0.0,18965.0,0.0,,SGX日经225指数2103,0.0,18965.0,18965.0
2017-06-06,NK2103,0.0,0.0,0.0,18775.0,0.0,,SGX日经225指数2103,0.0,18775.0,18775.0
2017-06-07,NK2103,0.0,0.0,0.0,18750.0,0.0,,SGX日经225指数2103,0.0,18750.0,18750.0
2017-06-08,NK2103,0.0,0.0,0.0,18770.0,0.0,,SGX日经225指数2103,0.0,18770.0,18770.0
2017-06-09,NK2103,0.0,0.0,0.0,18805.0,0.0,,SGX日经225指数2103,0.0,18805.0,18805.0
2017-06-12,NK2103,0.0,0.0,0.0,18710.0,0.0,,SGX日经225指数2103,0.0,18710.0,18710.0
2017-06-13,NK2103,0.0,0.0,0.0,18730.0,0.0,,SGX日经225指数2103,0.0,18730.0,18730.0
2017-06-14,NK2103,0.0,0.0,0.0,18725.0,0.0,,SGX日经225指数2103,0.0,18725.0,18725.0
2017-06-15,NK2103,0.0,0.0,0.0,18665.0,0.0,,SGX日经225指数2103,0.0,18665.0,18665.0
2017-06-16,NK2103,0.0,0.0,0.0,18765.0,0.0,,SGX日经225指数2103,0.0,18765.0,18765.0
2017-06-19,NK2103,0.0,0.0,0.0,18875.0,0.0,,SGX日经225指数2103,0.0,18875.0,18875.0
2017-06-20,NK2103,0.0,0.0,0.0,19045.0,0.0,,SGX日经225指数2103,0.0,19045.0,19045.0
2017-06-21,NK2103,0.0,0.0,0.0,18935.0,0.0,,SGX日经225指数2103,0.0,18935.0,18935.0
2017-06-22,NK2103,0.0,0.0,0.0,18920.0,0.0,,SGX日经225指数2103,0.0,18920.0,18920.0
2017-06-23,NK2103,0.0,0.0,0.0,18920.0,0.0,,SGX日经225指数2103,0.0,18920.0,18920.0
2017-06-26,NK2103,0.0,0.0,0.0,18935.0,0.0,,SGX日经225指数2103,0.0,18935.0,18935.0
2017-06-27,NK2103,0.0,0.0,0.0,18965.0,0.0,,SGX日经225指数2103,0.0,18965.0,18965.0
2017-06-28,NK2103,0.0,0.0,0.0,18975.0,0.0,,SGX日经225指数2103,0.0,18975.0,18975.0
2017-06-29,NK2103,0.0,0.0,0.0,19055.0,0.0,,SGX日经225指数2103,0.0,19055.0,19055.0
2017-06-30,NK2103,0.0,0.0,0.0,18835.0,0.0,,SGX日经225指数2103,0.0,18835.0,18835.0
2017-07-03,NK2103,0.0,0.0,0.0,18890.0,0.0,,SGX日经225指数2103,0.0,18890.0,18890.0
