date,symbol,open,high,low,close,volume,amount,name,openinterest,settleprice,price
2016-09-09,NK2109,0.0,0.0,0.0,15490.0,0.0,,SGX日经225指数2109,0.0,15490.0,15490.0
2016-09-12,NK2109,0.0,0.0,0.0,15180.0,0.0,,SGX日经225指数2109,0.0,15180.0,15180.0
2016-09-13,NK2109,0.0,0.0,0.0,15245.0,0.0,,SGX日经225指数2109,0.0,15245.0,15245.0
2016-09-14,NK2109,0.0,0.0,0.0,15160.0,0.0,,SGX日经225指数2109,0.0,15160.0,15160.0
2016-09-15,NK2109,0.0,0.0,0.0,14905.0,0.0,,SGX日经225指数2109,0.0,14905.0,14905.0
2016-09-16,NK2109,0.0,0.0,0.0,14990.0,0.0,,SGX日经225指数2109,0.0,14990.0,14990.0
2016-09-19,NK2109,0.0,0.0,0.0,14940.0,0.0,,SGX日经225指数2109,0.0,14940.0,14940.0
2016-09-20,NK2109,0.0,0.0,0.0,14950.0,0.0,,SGX日经225指数2109,0.0,14950.0,14950.0
2016-09-21,NK2109,0.0,0.0,0.0,15350.0,0.0,,SGX日经225指数2109,0.0,15350.0,15350.0
2016-09-22,NK2109,0.0,0.0,0.0,15190.0,0.0,,SGX日经225指数2109,0.0,15190.0,15190.0
2016-09-23,NK2109,0.0,0.0,0.0,15195.0,0.0,,SGX日经225指数2109,0.0,15195.0,15195.0
2016-09-26,NK2109,0.0,0.0,0.0,14910.0,0.0,,SGX日经225指数2109,0.0,14910.0,14910.0
2016-09-27,NK2109,0.0,0.0,0.0,15065.0,0.0,,SGX日经225指数2109,0.0,15065.0,15065.0
2016-09-28,NK2109,0.0,0.0,0.0,14970.0,0.0,,SGX日经225指数2109,0.0,14970.0,14970.0
2016-09-29,NK2109,0.0,0.0,0.0,15285.0,0.0,,SGX日经225指数2109,0.0,15285.0,15285.0
2016-09-30,NK2109,0.0,0.0,0.0,14975.0,0.0,,SGX日经225指数2109,0.0,14975.0,14975.0
2016-10-03,NK2109,0.0,0.0,0.0,15185.0,0.0,,SGX日经225指数2109,0.0,15185.0,15185.0
2016-10-04,NK2109,0.0,0.0,0.0,15325.0,0.0,,SGX日经225指数2109,0.0,15325.0,15325.0
2016-10-05,NK2109,0.0,0.0,0.0,15385.0,0.0,,SGX日经225指数2109,0.0,15385.0,15385.0
2016-10-06,NK2109,0.0,0.0,0.0,15495.0,0.0,,SGX日经225指数2109,0.0,15495.0,15495.0
2016-10-07,NK2109,0.0,0.0,0.0,15485.0,0.0,,SGX日经225指数2109,0.0,15485.0,15485.0
2016-10-10,NK2109,0.0,0.0,0.0,15420.0,0.0,,SGX日经225指数2109,0.0,15420.0,15420.0
2016-10-11,NK2109,0.0,0.0,0.0,15595.0,0.0,,SGX日经225指数2109,0.0,15595.0,15595.0
2016-10-12,NK2109,0.0,0.0,0.0,15495.0,0.0,,SGX日经225指数2109,0.0,15495.0,15495.0
2016-10-13,NK2109,0.0,0.0,0.0,15385.0,0.0,,SGX日经225指数2109,0.0,15385.0,15385.0
2016-10-14,NK2109,0.0,0.0,0.0,15450.0,0.0,,SGX日经225指数2109,0.0,15450.0,15450.0
2016-10-17,NK2109,0.0,0.0,0.0,15480.0,0.0,,SGX日经225指数2109,0.0,15480.0,15480.0
2016-10-18,NK2109,0.0,0.0,0.0,15535.0,0.0,,SGX日经225指数2109,0.0,15535.0,15535.0
2016-10-19,NK2109,0.0,0.0,0.0,15595.0,0.0,,SGX日经225指数2109,0.0,15595.0,15595.0
2016-10-20,NK2109,0.0,0.0,0.0,15775.0,0.0,,SGX日经225指数2109,0.0,15775.0,15775.0
2016-10-21,NK2109,0.0,0.0,0.0,15825.0,0.0,,SGX日经225指数2109,0.0,15825.0,15825.0
2016-10-24,NK2109,0.0,0.0,0.0,15835.0,0.0,,SGX日经225指数2109,0.0,15835.0,15835.0
2016-10-25,NK2109,0.0,0.0,0.0,15980.0,0.0,,SGX日经225指数2109,0.0,15980.0,15980.0
2016-10-26,NK2109,0.0,0.0,0.0,15965.0,0.0,,SGX日经225指数2109,0.0,15965.0,15965.0
2016-10-27,NK2109,0.0,0.0,0.0,15975.0,0.0,,SGX日经225指数2109,0.0,15975.0,15975.0
2016-10-28,NK2109,0.0,0.0,0.0,16060.0,0.0,,SGX日经225指数2109,0.0,16060.0,16060.0
2016-10-31,NK2109,0.0,0.0,0.0,16035.0,0.0,,SGX日经225指数2109,0.0,16035.0,16035.0
2016-11-01,NK2109,0.0,0.0,0.0,16035.0,0.0,,SGX日经225指数2109,0.0,16035.0,16035.0
2016-11-02,NK2109,0.0,0.0,0.0,15685.0,0.0,,SGX日经225指数2109,0.0,15685.0,15685.0
2016-11-03,NK2109,0.0,0.0,0.0,15585.0,0.0,,SGX日经225指数2109,0.0,15585.0,15585.0
2016-11-04,NK2109,0.0,0.0,0.0,15495.0,0.0,,SGX日经225指数2109,0.0,15495.0,15495.0
2016-11-07,NK2109,0.0,0.0,0.0,15825.0,0.0,,SGX日经225指数2109,0.0,15825.0,15825.0
2016-11-08,NK2109,0.0,0.0,0.0,15810.0,0.0,,SGX日经225指数2109,0.0,15810.0,15810.0
2016-11-09,NK2109,0.0,0.0,0.0,15005.0,0.0,,SGX日经225指数2109,0.0,15005.0,15005.0
2016-11-10,NK2109,0.0,0.0,0.0,15930.0,0.0,,SGX日经225指数2109,0.0,15930.0,15930.0
2016-11-11,NK2109,0.0,0.0,0.0,16050.0,0.0,,SGX日经225指数2109,0.0,16050.0,16050.0
2016-11-14,NK2109,0.0,0.0,0.0,16215.0,0.0,,SGX日经225指数2109,0.0,16215.0,16215.0
2016-11-15,NK2109,0.0,0.0,0.0,16240.0,0.0,,SGX日经225指数2109,0.0,16240.0,16240.0
2016-11-16,NK2109,0.0,0.0,0.0,16470.0,0.0,,SGX日经225指数2109,0.0,16470.0,16470.0
2016-11-17,NK2109,0.0,0.0,0.0,16510.0,0.0,,SGX日经225指数2109,0.0,16510.0,16510.0
2016-11-18,NK2109,0.0,0.0,0.0,16590.0,0.0,,SGX日经225指数2109,0.0,16590.0,16590.0
2016-11-21,NK2109,0.0,0.0,0.0,16705.0,0.0,,SGX日经225指数2109,0.0,16705.0,16705.0
2016-11-22,NK2109,0.0,0.0,0.0,16795.0,0.0,,SGX日经225指数2109,0.0,16795.0,16795.0
2016-11-23,NK2109,0.0,0.0,0.0,16800.0,0.0,,SGX日经225指数2109,0.0,16800.0,16800.0
2016-11-24,NK2109,0.0,0.0,0.0,16990.0,0.0,,SGX日经225指数2109,0.0,16990.0,16990.0
2016-11-25,NK2109,0.0,0.0,0.0,16980.0,0.0,,SGX日经225指数2109,0.0,16980.0,16980.0
2016-11-28,NK2109,0.0,0.0,0.0,16920.0,0.0,,SGX日经225指数2109,0.0,16920.0,16920.0
2016-11-29,NK2109,0.0,0.0,0.0,16890.0,0.0,,SGX日经225指数2109,0.0,16890.0,16890.0
2016-11-30,NK2109,0.0,0.0,0.0,16980.0,0.0,,SGX日经225指数2109,0.0,16980.0,16980.0
2016-12-01,NK2109,0.0,0.0,0.0,17025.0,0.0,,SGX日经225指数2109,0.0,17025.0,17025.0
2016-12-02,NK2109,0.0,0.0,0.0,16925.0,0.0,,SGX日经225指数2109,0.0,16925.0,16925.0
2016-12-05,NK2109,0.0,0.0,0.0,16870.0,0.0,,SGX日经225指数2109,0.0,16870.0,16870.0
2016-12-06,NK2109,0.0,0.0,0.0,17035.0,0.0,,SGX日经225指数2109,0.0,17035.0,17035.0
2016-12-07,NK2109,0.0,0.0,0.0,17100.0,0.0,,SGX日经225指数2109,0.0,17100.0,17100.0
2016-12-08,NK2109,0.0,0.0,0.0,17390.0,0.0,,SGX日经225指数2109,0.0,17390.0,17390.0
2016-12-09,NK2109,0.0,0.0,0.0,17635.0,0.0,,SGX日经225指数2109,0.0,17635.0,17635.0
2016-12-12,NK2109,0.0,0.0,0.0,17830.0,0.0,,SGX日经225指数2109,0.0,17830.0,17830.0
2016-12-13,NK2109,0.0,0.0,0.0,17840.0,0.0,,SGX日经225指数2109,0.0,17840.0,17840.0
2016-12-14,NK2109,0.0,0.0,0.0,17830.0,0.0,,SGX日经225指数2109,0.0,17830.0,17830.0
2016-12-15,NK2109,0.0,0.0,0.0,17930.0,0.0,,SGX日经225指数2109,0.0,17930.0,17930.0
2016-12-16,NK2109,0.0,0.0,0.0,18040.0,0.0,,SGX日经225指数2109,0.0,18040.0,18040.0
2016-12-19,NK2109,0.0,0.0,0.0,18045.0,0.0,,SGX日经225指数2109,0.0,18045.0,18045.0
2016-12-20,NK2109,0.0,0.0,0.0,18120.0,0.0,,SGX日经225指数2109,0.0,18120.0,18120.0
2016-12-21,NK2109,0.0,0.0,0.0,18070.0,0.0,,SGX日经225指数2109,0.0,18070.0,18070.0
2016-12-22,NK2109,0.0,0.0,0.0,17995.0,0.0,,SGX日经225指数2109,0.0,17995.0,17995.0
2016-12-23,NK2109,0.0,0.0,0.0,18025.0,0.0,,SGX日经225指数2109,0.0,18025.0,18025.0
2016-12-26,NK2109,0.0,0.0,0.0,17910.0,0.0,,SGX日经225指数2109,0.0,17910.0,17910.0
2016-12-27,NK2109,0.0,0.0,0.0,17960.0,0.0,,SGX日经225指数2109,0.0,17960.0,17960.0
2016-12-28,NK2109,0.0,0.0,0.0,18090.0,0.0,,SGX日经225指数2109,0.0,18090.0,18090.0
2016-12-29,NK2109,0.0,0.0,0.0,17700.0,0.0,,SGX日经225指数2109,0.0,17700.0,17700.0
2016-12-30,NK2109,0.0,0.0,0.0,17705.0,0.0,,SGX日经225指数2109,0.0,17705.0,17705.0
2017-01-11,NK2109,0.0,0.0,0.0,18000.0,0.0,,SGX日经225指数2109,0.0,18000.0,18000.0
2017-01-12,NK2109,0.0,0.0,0.0,17755.0,0.0,,SGX日经225指数2109,0.0,17755.0,17755.0
2017-01-13,NK2109,0.0,0.0,0.0,17900.0,0.0,,SGX日经225指数2109,0.0,17900.0,17900.0
2017-01-16,NK2109,0.0,0.0,0.0,17695.0,0.0,,SGX日经225指数2109,0.0,17695.0,17695.0
2017-01-17,NK2109,0.0,0.0,0.0,17410.0,0.0,,SGX日经225指数2109,0.0,17410.0,17410.0
2017-01-18,NK2109,0.0,0.0,0.0,17455.0,0.0,,SGX日经225指数2109,0.0,17455.0,17455.0
2017-01-19,NK2109,0.0,0.0,0.0,17750.0,0.0,,SGX日经225指数2109,0.0,17750.0,17750.0
2017-01-20,NK2109,0.0,0.0,0.0,17780.0,0.0,,SGX日经225指数2109,0.0,17780.0,17780.0
2017-01-23,NK2109,0.0,0.0,0.0,17525.0,0.0,,SGX日经225指数2109,0.0,17525.0,17525.0
2017-01-24,NK2109,0.0,0.0,0.0,17475.0,0.0,,SGX日经225指数2109,0.0,17475.0,17475.0
2017-01-25,NK2109,0.0,0.0,0.0,17710.0,0.0,,SGX日经225指数2109,0.0,17710.0,17710.0
2017-01-26,NK2109,0.0,0.0,0.0,18110.0,0.0,,SGX日经225指数2109,0.0,18110.0,18110.0
2017-01-27,NK2109,0.0,0.0,0.0,18110.0,0.0,,SGX日经225指数2109,0.0,18110.0,18110.0
2017-01-30,NK2109,0.0,0.0,0.0,17955.0,0.0,,SGX日经225指数2109,0.0,17955.0,17955.0
2017-01-31,NK2109,0.0,0.0,0.0,17620.0,0.0,,SGX日经225指数2109,0.0,17620.0,17620.0
2017-02-01,NK2109,0.0,0.0,0.0,17835.0,0.0,,SGX日经225指数2109,0.0,17835.0,17835.0
2017-02-02,NK2109,0.0,0.0,0.0,17575.0,0.0,,SGX日经225指数2109,0.0,17575.0,17575.0
2017-02-03,NK2109,0.0,0.0,0.0,17585.0,0.0,,SGX日经225指数2109,0.0,17585.0,17585.0
2017-02-06,NK2109,0.0,0.0,0.0,17575.0,0.0,,SGX日经225指数2109,0.0,17575.0,17575.0
2017-02-07,NK2109,0.0,0.0,0.0,17495.0,0.0,,SGX日经225指数2109,0.0,17495.0,17495.0
2017-02-08,NK2109,0.0,0.0,0.0,17615.0,0.0,,SGX日经225指数2109,0.0,17615.0,17615.0
2017-02-09,NK2109,0.0,0.0,0.0,17525.0,0.0,,SGX日经225指数2109,0.0,17525.0,17525.0
2017-02-10,NK2109,0.0,0.0,0.0,18010.0,0.0,,SGX日经225指数2109,0.0,18010.0,18010.0
2017-02-13,NK2109,0.0,0.0,0.0,18045.0,0.0,,SGX日经225指数2109,0.0,18045.0,18045.0
2017-02-14,NK2109,0.0,0.0,0.0,17875.0,0.0,,SGX日经225指数2109,0.0,17875.0,17875.0
2017-02-15,NK2109,0.0,0.0,0.0,18060.0,0.0,,SGX日经225指数2109,0.0,18060.0,18060.0
2017-02-16,NK2109,0.0,0.0,0.0,17950.0,0.0,,SGX日经225指数2109,0.0,17950.0,17950.0
2017-02-17,NK2109,0.0,0.0,0.0,17800.0,0.0,,SGX日经225指数2109,0.0,17800.0,17800.0
2017-02-20,NK2109,0.0,0.0,0.0,17870.0,0.0,,SGX日经225指数2109,0.0,17870.0,17870.0
2017-02-21,NK2109,0.0,0.0,0.0,18000.0,0.0,,SGX日经225指数2109,0.0,18000.0,18000.0
2017-02-22,NK2109,0.0,0.0,0.0,18000.0,0.0,,SGX日经225指数2109,0.0,18000.0,18000.0
2017-02-23,NK2109,0.0,0.0,0.0,17960.0,0.0,,SGX日经225指数2109,0.0,17960.0,17960.0
2017-02-24,NK2109,0.0,0.0,0.0,17905.0,0.0,,SGX日经225指数2109,0.0,17905.0,17905.0
2017-02-27,NK2109,0.0,0.0,0.0,17750.0,0.0,,SGX日经225指数2109,0.0,17750.0,17750.0
2017-02-28,NK2109,0.0,0.0,0.0,17735.0,0.0,,SGX日经225指数2109,0.0,17735.0,17735.0
2017-03-01,NK2109,0.0,0.0,0.0,18010.0,0.0,,SGX日经225指数2109,0.0,18010.0,18010.0
2017-03-02,NK2109,0.0,0.0,0.0,18255.0,0.0,,SGX日经225指数2109,0.0,18255.0,18255.0
2017-03-03,NK2109,0.0,0.0,0.0,18070.0,0.0,,SGX日经225指数2109,0.0,18070.0,18070.0
2017-03-06,NK2109,0.0,0.0,0.0,17960.0,0.0,,SGX日经225指数2109,0.0,17960.0,17960.0
2017-03-07,NK2109,0.0,0.0,0.0,17955.0,0.0,,SGX日经225指数2109,0.0,17955.0,17955.0
2017-03-08,NK2109,0.0,0.0,0.0,17860.0,0.0,,SGX日经225指数2109,0.0,17860.0,17860.0
2017-03-09,NK2109,0.0,0.0,0.0,17915.0,0.0,,SGX日经225指数2109,0.0,17915.0,17915.0
2017-03-10,NK2109,0.0,0.0,0.0,18215.0,0.0,,SGX日经225指数2109,0.0,18215.0,18215.0
2017-03-13,NK2109,0.0,0.0,0.0,18245.0,0.0,,SGX日经225指数2109,0.0,18245.0,18245.0
2017-03-14,NK2109,0.0,0.0,0.0,18220.0,0.0,,SGX日经225指数2109,0.0,18220.0,18220.0
2017-03-15,NK2109,0.0,0.0,0.0,18205.0,0.0,,SGX日经225指数2109,0.0,18205.0,18205.0
2017-03-16,NK2109,0.0,0.0,0.0,18170.0,0.0,,SGX日经225指数2109,0.0,18170.0,18170.0
2017-03-17,NK2109,0.0,0.0,0.0,18095.0,0.0,,SGX日经225指数2109,0.0,18095.0,18095.0
2017-03-20,NK2109,0.0,0.0,0.0,18060.0,0.0,,SGX日经225指数2109,0.0,18060.0,18060.0
2017-03-21,NK2109,0.0,0.0,0.0,18055.0,0.0,,SGX日经225指数2109,0.0,18055.0,18055.0
2017-03-22,NK2109,0.0,0.0,0.0,17660.0,0.0,,SGX日经225指数2109,0.0,17660.0,17660.0
2017-03-23,NK2109,0.0,0.0,0.0,17680.0,0.0,,SGX日经225指数2109,0.0,17680.0,17680.0
2017-03-24,NK2109,0.0,0.0,0.0,17905.0,0.0,,SGX日经225指数2109,0.0,17905.0,17905.0
2017-03-27,NK2109,0.0,0.0,0.0,17375.0,0.0,,SGX日经225指数2109,0.0,17375.0,17375.0
2017-03-28,NK2109,0.0,0.0,0.0,17645.0,0.0,,SGX日经225指数2109,0.0,17645.0,17645.0
2017-03-29,NK2109,0.0,0.0,0.0,17905.0,0.0,,SGX日经225指数2109,0.0,17905.0,17905.0
2017-03-30,NK2109,0.0,0.0,0.0,17765.0,0.0,,SGX日经225指数2109,0.0,17765.0,17765.0
2017-03-31,NK2109,0.0,0.0,0.0,17600.0,0.0,,SGX日经225指数2109,0.0,17600.0,17600.0
2017-04-03,NK2109,0.0,0.0,0.0,17765.0,0.0,,SGX日经225指数2109,0.0,17765.0,17765.0
2017-04-04,NK2109,0.0,0.0,0.0,17515.0,0.0,,SGX日经225指数2109,0.0,17515.0,17515.0
2017-04-05,NK2109,0.0,0.0,0.0,17565.0,0.0,,SGX日经225指数2109,0.0,17565.0,17565.0
2017-04-06,NK2109,0.0,0.0,0.0,17340.0,0.0,,SGX日经225指数2109,0.0,17340.0,17340.0
2017-04-07,NK2109,0.0,0.0,0.0,17420.0,0.0,,SGX日经225指数2109,0.0,17420.0,17420.0
2017-04-10,NK2109,0.0,0.0,0.0,17485.0,0.0,,SGX日经225指数2109,0.0,17485.0,17485.0
2017-04-11,NK2109,0.0,0.0,0.0,17405.0,0.0,,SGX日经225指数2109,0.0,17405.0,17405.0
2017-04-12,NK2109,0.0,0.0,0.0,17240.0,0.0,,SGX日经225指数2109,0.0,17240.0,17240.0
2017-04-13,NK2109,0.0,0.0,0.0,17095.0,0.0,,SGX日经225指数2109,0.0,17095.0,17095.0
2017-04-14,NK2109,0.0,0.0,0.0,17010.0,0.0,,SGX日经225指数2109,0.0,17010.0,17010.0
2017-04-17,NK2109,0.0,0.0,0.0,17020.0,0.0,,SGX日经225指数2109,0.0,17020.0,17020.0
2017-04-18,NK2109,0.0,0.0,0.0,17120.0,0.0,,SGX日经225指数2109,0.0,17120.0,17120.0
2017-04-19,NK2109,0.0,0.0,0.0,17120.0,0.0,,SGX日经225指数2109,0.0,17120.0,17120.0
2017-04-20,NK2109,0.0,0.0,0.0,17150.0,0.0,,SGX日经225指数2109,0.0,17150.0,17150.0
2017-04-21,NK2109,0.0,0.0,0.0,17345.0,0.0,,SGX日经225指数2109,0.0,17345.0,17345.0
2017-04-24,NK2109,0.0,0.0,0.0,17625.0,0.0,,SGX日经225指数2109,0.0,17625.0,17625.0
2017-04-25,NK2109,0.0,0.0,0.0,17785.0,0.0,,SGX日经225指数2109,0.0,17785.0,17785.0
2017-04-26,NK2109,0.0,0.0,0.0,17975.0,0.0,,SGX日经225指数2109,0.0,17975.0,17975.0
2017-04-27,NK2109,0.0,0.0,0.0,17975.0,0.0,,SGX日经225指数2109,0.0,17975.0,17975.0
2017-04-28,NK2109,0.0,0.0,0.0,17880.0,0.0,,SGX日经225指数2109,0.0,17880.0,17880.0
2017-05-01,NK2109,0.0,0.0,0.0,18000.0,0.0,,SGX日经225指数2109,0.0,18000.0,18000.0
2017-05-02,NK2109,0.0,0.0,0.0,18150.0,0.0,,SGX日经225指数2109,0.0,18150.0,18150.0
2017-05-03,NK2109,0.0,0.0,0.0,18140.0,0.0,,SGX日经225指数2109,0.0,18140.0,18140.0
2017-05-04,NK2109,0.0,0.0,0.0,18250.0,0.0,,SGX日经225指数2109,0.0,18250.0,18250.0
2017-05-05,NK2109,0.0,0.0,0.0,18175.0,0.0,,SGX日经225指数2109,0.0,18175.0,18175.0
2017-05-08,NK2109,0.0,0.0,0.0,18525.0,0.0,,SGX日经225指数2109,0.0,18525.0,18525.0
2017-05-09,NK2109,0.0,0.0,0.0,18565.0,0.0,,SGX日经225指数2109,0.0,18565.0,18565.0
2017-05-10,NK2109,0.0,0.0,0.0,18565.0,0.0,,SGX日经225指数2109,0.0,18565.0,18565.0
2017-05-11,NK2109,0.0,0.0,0.0,18615.0,0.0,,SGX日经225指数2109,0.0,18615.0,18615.0
2017-05-12,NK2109,0.0,0.0,0.0,18520.0,0.0,,SGX日经225指数2109,0.0,18520.0,18520.0
2017-05-15,NK2109,0.0,0.0,0.0,18540.0,0.0,,SGX日经225指数2109,0.0,18540.0,18540.0
2017-05-16,NK2109,0.0,0.0,0.0,18550.0,0.0,,SGX日经225指数2109,0.0,18550.0,18550.0
2017-05-17,NK2109,0.0,0.0,0.0,18425.0,0.0,,SGX日经225指数2109,0.0,18425.0,18425.0
2017-05-18,NK2109,0.0,0.0,0.0,18245.0,0.0,,SGX日经225指数2109,0.0,18245.0,18245.0
2017-05-19,NK2109,0.0,0.0,0.0,18230.0,0.0,,SGX日经225指数2109,0.0,18230.0,18230.0
2017-05-22,NK2109,0.0,0.0,0.0,18335.0,0.0,,SGX日经225指数2109,0.0,18335.0,18335.0
2017-05-23,NK2109,0.0,0.0,0.0,18305.0,0.0,,SGX日经225指数2109,0.0,18305.0,18305.0
2017-05-24,NK2109,0.0,0.0,0.0,18385.0,0.0,,SGX日经225指数2109,0.0,18385.0,18385.0
2017-05-25,NK2109,0.0,0.0,0.0,18470.0,0.0,,SGX日经225指数2109,0.0,18470.0,18470.0
2017-05-26,NK2109,0.0,0.0,0.0,18365.0,0.0,,SGX日经225指数2109,0.0,18365.0,18365.0
2017-05-29,NK2109,0.0,0.0,0.0,18345.0,0.0,,SGX日经225指数2109,0.0,18345.0,18345.0
2017-05-30,NK2109,0.0,0.0,0.0,18320.0,0.0,,SGX日经225指数2109,0.0,18320.0,18320.0
2017-05-31,NK2109,0.0,0.0,0.0,18325.0,0.0,,SGX日经225指数2109,0.0,18325.0,18325.0
2017-06-01,NK2109,0.0,0.0,0.0,18510.0,0.0,,SGX日经225指数2109,0.0,18510.0,18510.0
2017-06-02,NK2109,0.0,0.0,0.0,18825.0,0.0,,SGX日经225指数2109,0.0,18825.0,18825.0
2017-06-05,NK2109,0.0,0.0,0.0,18815.0,0.0,,SGX日经225指数2109,0.0,18815.0,18815.0
2017-06-06,NK2109,0.0,0.0,0.0,18625.0,0.0,,SGX日经225指数2109,0.0,18625.0,18625.0
2017-06-07,NK2109,0.0,0.0,0.0,18600.0,0.0,,SGX日经225指数2109,0.0,18600.0,18600.0
2017-06-08,NK2109,0.0,0.0,0.0,18615.0,0.0,,SGX日经225指数2109,0.0,18615.0,18615.0
2017-06-09,NK2109,0.0,0.0,0.0,18650.0,0.0,,SGX日经225指数2109,0.0,18650.0,18650.0
2017-06-12,NK2109,0.0,0.0,0.0,18555.0,0.0,,SGX日经225指数2109,0.0,18555.0,18555.0
2017-06-13,NK2109,0.0,0.0,0.0,18575.0,0.0,,SGX日经225指数2109,0.0,18575.0,18575.0
2017-06-14,NK2109,0.0,0.0,0.0,18570.0,0.0,,SGX日经225指数2109,0.0,18570.0,18570.0
2017-06-15,NK2109,0.0,0.0,0.0,18515.0,0.0,,SGX日经225指数2109,0.0,18515.0,18515.0
2017-06-16,NK2109,0.0,0.0,0.0,18615.0,0.0,,SGX日经225指数2109,0.0,18615.0,18615.0
2017-06-19,NK2109,0.0,0.0,0.0,18725.0,0.0,,SGX日经225指数2109,0.0,18725.0,18725.0
2017-06-20,NK2109,0.0,0.0,0.0,18890.0,0.0,,SGX日经225指数2109,0.0,18890.0,18890.0
2017-06-21,NK2109,0.0,0.0,0.0,18780.0,0.0,,SGX日经225指数2109,0.0,18780.0,18780.0
2017-06-22,NK2109,0.0,0.0,0.0,18770.0,0.0,,SGX日经225指数2109,0.0,18770.0,18770.0
2017-06-23,NK2109,0.0,0.0,0.0,18765.0,0.0,,SGX日经225指数2109,0.0,18765.0,18765.0
2017-06-26,NK2109,0.0,0.0,0.0,18780.0,0.0,,SGX日经225指数2109,0.0,18780.0,18780.0
2017-06-27,NK2109,0.0,0.0,0.0,18815.0,0.0,,SGX日经225指数2109,0.0,18815.0,18815.0
2017-06-28,NK2109,0.0,0.0,0.0,18820.0,0.0,,SGX日经225指数2109,0.0,18820.0,18820.0
2017-06-29,NK2109,0.0,0.0,0.0,18905.0,0.0,,SGX日经225指数2109,0.0,18905.0,18905.0
2017-06-30,NK2109,0.0,0.0,0.0,18680.0,0.0,,SGX日经225指数2109,0.0,18680.0,18680.0
2017-07-03,NK2109,0.0,0.0,0.0,18735.0,0.0,,SGX日经225指数2109,0.0,18735.0,18735.0
