date,symbol,open,high,low,close,volume,amount,name,openinterest,settleprice,price
2016-02-11,NS1607,0.0,0.0,0.0,15215.0,0.0,,E-MINI日经225指数1607,0.0,15215.0,15215.0
2016-02-12,NS1607,0.0,0.0,0.0,14650.0,0.0,,E-MINI日经225指数1607,0.0,14650.0,14650.0
2016-02-15,NS1607,0.0,0.0,0.0,15725.0,0.0,,E-MINI日经225指数1607,0.0,15725.0,15725.0
2016-02-16,NS1607,0.0,0.0,0.0,15910.0,0.0,,E-MINI日经225指数1607,0.0,15910.0,15910.0
2016-02-17,NS1607,0.0,0.0,0.0,15610.0,0.0,,E-MINI日经225指数1607,0.0,15610.0,15610.0
2016-02-18,NS1607,0.0,0.0,0.0,16065.0,0.0,,E-MINI日经225指数1607,0.0,16065.0,16065.0
2016-02-19,NS1607,0.0,0.0,0.0,15870.0,0.0,,E-MINI日经225指数1607,0.0,15870.0,15870.0
2016-02-22,NS1607,0.0,0.0,0.0,15930.0,0.0,,E-MINI日经225指数1607,0.0,15930.0,15930.0
2016-02-23,NS1607,0.0,0.0,0.0,15940.0,0.0,,E-MINI日经225指数1607,0.0,15940.0,15940.0
2016-02-24,NS1607,0.0,0.0,0.0,15775.0,0.0,,E-MINI日经225指数1607,0.0,15775.0,15775.0
2016-02-25,NS1607,0.0,0.0,0.0,15925.0,0.0,,E-MINI日经225指数1607,0.0,15925.0,15925.0
2016-02-26,NS1607,0.0,0.0,0.0,16085.0,0.0,,E-MINI日经225指数1607,0.0,16085.0,16085.0
2016-02-29,NS1607,0.0,0.0,0.0,15820.0,0.0,,E-MINI日经225指数1607,0.0,15820.0,15820.0
2016-03-01,NS1607,0.0,0.0,0.0,15925.0,0.0,,E-MINI日经225指数1607,0.0,15925.0,15925.0
2016-03-02,NS1607,0.0,0.0,0.0,16585.0,0.0,,E-MINI日经225指数1607,0.0,16585.0,16585.0
2016-03-03,NS1607,0.0,0.0,0.0,16815.0,0.0,,E-MINI日经225指数1607,0.0,16815.0,16815.0
2016-03-04,NS1607,0.0,0.0,0.0,16855.0,0.0,,E-MINI日经225指数1607,0.0,16855.0,16855.0
2016-03-07,NS1607,0.0,0.0,0.0,16795.0,0.0,,E-MINI日经225指数1607,0.0,16795.0,16795.0
2016-03-08,NS1607,0.0,0.0,0.0,16655.0,0.0,,E-MINI日经225指数1607,0.0,16655.0,16655.0
2016-03-09,NS1607,0.0,0.0,0.0,16505.0,0.0,,E-MINI日经225指数1607,0.0,16505.0,16505.0
2016-03-10,NS1607,0.0,0.0,0.0,16705.0,0.0,,E-MINI日经225指数1607,0.0,16705.0,16705.0
2016-03-11,NS1607,0.0,0.0,0.0,16825.0,0.0,,E-MINI日经225指数1607,0.0,16825.0,16825.0
2016-03-14,NS1607,0.0,0.0,0.0,17105.0,0.0,,E-MINI日经225指数1607,0.0,17105.0,17105.0
2016-03-15,NS1607,0.0,0.0,0.0,16935.0,0.0,,E-MINI日经225指数1607,0.0,16935.0,16935.0
2016-03-16,NS1607,0.0,0.0,0.0,16775.0,0.0,,E-MINI日经225指数1607,0.0,16775.0,16775.0
2016-03-17,NS1607,0.0,0.0,0.0,16790.0,0.0,,E-MINI日经225指数1607,0.0,16790.0,16790.0
2016-03-18,NS1607,0.0,0.0,0.0,16450.0,0.0,,E-MINI日经225指数1607,0.0,16450.0,16450.0
2016-03-21,NS1607,0.0,0.0,0.0,16525.0,0.0,,E-MINI日经225指数1607,0.0,16525.0,16525.0
2016-03-22,NS1607,0.0,0.0,0.0,16865.0,0.0,,E-MINI日经225指数1607,0.0,16865.0,16865.0
2016-03-23,NS1607,0.0,0.0,0.0,16835.0,0.0,,E-MINI日经225指数1607,0.0,16835.0,16835.0
2016-03-24,NS1607,0.0,0.0,0.0,16700.0,0.0,,E-MINI日经225指数1607,0.0,16700.0,16700.0
2016-03-25,NS1607,0.0,0.0,0.0,16855.0,0.0,,E-MINI日经225指数1607,0.0,16855.0,16855.0
2016-03-28,NS1607,0.0,0.0,0.0,16940.0,0.0,,E-MINI日经225指数1607,0.0,16940.0,16940.0
2016-03-29,NS1607,0.0,0.0,0.0,17040.0,0.0,,E-MINI日经225指数1607,0.0,17040.0,17040.0
2016-03-30,NS1607,0.0,0.0,0.0,16905.0,0.0,,E-MINI日经225指数1607,0.0,16905.0,16905.0
2016-03-31,NS1607,0.0,0.0,0.0,16755.0,0.0,,E-MINI日经225指数1607,0.0,16755.0,16755.0
2016-04-01,NS1607,0.0,0.0,0.0,16220.0,0.0,,E-MINI日经225指数1607,0.0,16220.0,16220.0
2016-04-04,NS1607,0.0,0.0,0.0,16040.0,0.0,,E-MINI日经225指数1607,0.0,16040.0,16040.0
2016-04-05,NS1607,0.0,0.0,0.0,15695.0,0.0,,E-MINI日经225指数1607,0.0,15695.0,15695.0
2016-04-06,NS1607,0.0,0.0,0.0,15695.0,0.0,,E-MINI日经225指数1607,0.0,15695.0,15695.0
2016-04-07,NS1607,0.0,0.0,0.0,15685.0,0.0,,E-MINI日经225指数1607,0.0,15685.0,15685.0
2016-04-08,NS1607,0.0,0.0,0.0,15795.0,0.0,,E-MINI日经225指数1607,0.0,15795.0,15795.0
2016-04-11,NS1607,0.0,0.0,0.0,15690.0,0.0,,E-MINI日经225指数1607,0.0,15690.0,15690.0
2016-04-12,NS1607,0.0,0.0,0.0,15895.0,0.0,,E-MINI日经225指数1607,0.0,15895.0,15895.0
2016-04-13,NS1607,0.0,0.0,0.0,16405.0,0.0,,E-MINI日经225指数1607,0.0,16405.0,16405.0
2016-04-14,NS1607,0.0,0.0,0.0,16820.0,0.0,,E-MINI日经225指数1607,0.0,16820.0,16820.0
2016-04-15,NS1607,0.0,0.0,0.0,16715.0,0.0,,E-MINI日经225指数1607,0.0,16715.0,16715.0
2016-04-18,NS1607,0.0,0.0,0.0,16285.0,0.0,,E-MINI日经225指数1607,0.0,16285.0,16285.0
2016-04-19,NS1607,0.0,0.0,0.0,16860.0,0.0,,E-MINI日经225指数1607,0.0,16860.0,16860.0
2016-04-20,NS1607,0.0,0.0,0.0,16855.0,0.0,,E-MINI日经225指数1607,0.0,16855.0,16855.0
2016-04-21,NS1607,0.0,0.0,0.0,17360.0,0.0,,E-MINI日经225指数1607,0.0,17360.0,17360.0
2016-04-22,NS1607,0.0,0.0,0.0,17555.0,0.0,,E-MINI日经225指数1607,0.0,17555.0,17555.0
2016-04-25,NS1607,0.0,0.0,0.0,17435.0,0.0,,E-MINI日经225指数1607,0.0,17435.0,17435.0
2016-04-26,NS1607,0.0,0.0,0.0,17285.0,0.0,,E-MINI日经225指数1607,0.0,17285.0,17285.0
2016-04-27,NS1607,0.0,0.0,0.0,17250.0,0.0,,E-MINI日经225指数1607,0.0,17250.0,17250.0
2016-04-28,NS1607,0.0,0.0,0.0,16485.0,0.0,,E-MINI日经225指数1607,0.0,16485.0,16485.0
2016-04-29,NS1607,0.0,0.0,0.0,16130.0,0.0,,E-MINI日经225指数1607,0.0,16130.0,16130.0
2016-05-02,NS1607,0.0,0.0,0.0,16135.0,0.0,,E-MINI日经225指数1607,0.0,16135.0,16135.0
2016-05-03,NS1607,0.0,0.0,0.0,15980.0,0.0,,E-MINI日经225指数1607,0.0,15980.0,15980.0
2016-05-04,NS1607,0.0,0.0,0.0,15950.0,0.0,,E-MINI日经225指数1607,0.0,15950.0,15950.0
2016-05-05,NS1607,0.0,0.0,0.0,15965.0,0.0,,E-MINI日经225指数1607,0.0,15965.0,15965.0
2016-05-06,NS1607,0.0,0.0,0.0,16005.0,0.0,,E-MINI日经225指数1607,0.0,16005.0,16005.0
2016-05-09,NS1607,0.0,0.0,0.0,16195.0,0.0,,E-MINI日经225指数1607,0.0,16195.0,16195.0
2016-05-10,NS1607,0.0,0.0,0.0,16550.0,0.0,,E-MINI日经225指数1607,0.0,16550.0,16550.0
2016-05-11,NS1607,0.0,0.0,0.0,16560.0,0.0,,E-MINI日经225指数1607,0.0,16560.0,16560.0
2016-05-12,NS1607,0.0,0.0,0.0,16660.0,0.0,,E-MINI日经225指数1607,0.0,16660.0,16660.0
2016-05-13,NS1607,0.0,0.0,0.0,16325.0,0.0,,E-MINI日经225指数1607,0.0,16325.0,16325.0
2016-05-16,NS1607,0.0,0.0,0.0,16510.0,0.0,,E-MINI日经225指数1607,0.0,16510.0,16510.0
2016-05-17,NS1607,0.0,0.0,0.0,16690.0,0.0,,E-MINI日经225指数1607,0.0,16690.0,16690.0
2016-05-18,NS1607,0.0,0.0,0.0,16550.0,0.0,,E-MINI日经225指数1607,0.0,16550.0,16550.0
2016-05-19,NS1607,0.0,0.0,0.0,16610.0,0.0,,E-MINI日经225指数1607,0.0,16610.0,16610.0
2016-05-20,NS1607,0.0,0.0,0.0,16715.0,0.0,,E-MINI日经225指数1607,0.0,16715.0,16715.0
2016-05-23,NS1607,0.0,0.0,0.0,16635.0,0.0,,E-MINI日经225指数1607,0.0,16635.0,16635.0
2016-05-24,NS1607,16497.0,16497.0,16497.0,16497.0,1.0,,E-MINI日经225指数1607,1.0,16470.0,16497.0
2016-05-25,NS1607,0.0,0.0,0.0,16760.0,0.0,,E-MINI日经225指数1607,1.0,16760.0,16760.0
2016-05-26,NS1607,0.0,0.0,0.0,16795.0,0.0,,E-MINI日经225指数1607,1.0,16795.0,16795.0
2016-05-27,NS1607,0.0,0.0,0.0,16825.0,0.0,,E-MINI日经225指数1607,1.0,16825.0,16825.0
2016-05-30,NS1607,0.0,0.0,0.0,17055.0,0.0,,E-MINI日经225指数1607,1.0,17055.0,17055.0
2016-05-31,NS1607,0.0,0.0,0.0,17190.0,0.0,,E-MINI日经225指数1607,1.0,17190.0,17190.0
2016-06-01,NS1607,0.0,0.0,0.0,16960.0,0.0,,E-MINI日经225指数1607,1.0,16960.0,16960.0
2016-06-02,NS1607,0.0,0.0,0.0,16595.0,0.0,,E-MINI日经225指数1607,1.0,16595.0,16595.0
2016-06-03,NS1607,0.0,0.0,0.0,16630.0,0.0,,E-MINI日经225指数1607,1.0,16630.0,16630.0
2016-06-06,NS1607,0.0,0.0,0.0,16550.0,0.0,,E-MINI日经225指数1607,1.0,16550.0,16550.0
2016-06-07,NS1607,0.0,0.0,0.0,16695.0,0.0,,E-MINI日经225指数1607,1.0,16695.0,16695.0
2016-06-08,NS1607,0.0,0.0,0.0,16825.0,0.0,,E-MINI日经225指数1607,1.0,16825.0,16825.0
2016-06-09,NS1607,0.0,0.0,0.0,16620.0,0.0,,E-MINI日经225指数1607,1.0,16620.0,16620.0
2016-06-10,NS1607,0.0,0.0,0.0,16515.0,0.0,,E-MINI日经225指数1607,1.0,16515.0,16515.0
2016-06-13,NS1607,0.0,0.0,0.0,15985.0,0.0,,E-MINI日经225指数1607,1.0,15985.0,15985.0
2016-06-14,NS1607,15848.0,15848.0,15848.0,15848.0,1.0,,E-MINI日经225指数1607,1.0,15745.0,15848.0
2016-06-15,NS1607,0.0,0.0,0.0,15905.0,0.0,,E-MINI日经225指数1607,1.0,15905.0,15905.0
2016-06-16,NS1607,15408.0,15408.0,15400.0,15400.0,2.0,,E-MINI日经225指数1607,1.0,15330.0,15400.0
2016-06-17,NS1607,15700.0,15700.0,15700.0,15700.0,1.0,,E-MINI日经225指数1607,1.0,15530.0,15700.0
2016-06-20,NS1607,0.0,0.0,0.0,15980.0,0.0,,E-MINI日经225指数1607,1.0,15980.0,15980.0
2016-06-21,NS1607,0.0,0.0,0.0,16160.0,0.0,,E-MINI日经225指数1607,1.0,16160.0,16160.0
2016-06-22,NS1607,0.0,0.0,0.0,15990.0,0.0,,E-MINI日经225指数1607,1.0,15990.0,15990.0
2016-06-23,NS1607,0.0,0.0,0.0,16185.0,0.0,,E-MINI日经225指数1607,1.0,16185.0,16185.0
2016-06-24,NS1607,15600.0,15600.0,14730.0,14730.0,6.0,,E-MINI日经225指数1607,3.0,15155.0,14730.0
2016-06-27,NS1607,15089.0,15255.0,15079.0,15225.0,4.0,,E-MINI日经225指数1607,3.0,15355.0,15225.0
2016-06-28,NS1607,14612.0,14821.0,14612.0,14821.0,3.0,,E-MINI日经225指数1607,0.0,15295.0,14821.0
2016-06-29,NS1607,0.0,0.0,0.0,15575.0,0.0,,E-MINI日经225指数1607,0.0,15575.0,15575.0
2016-06-30,NS1607,0.0,0.0,0.0,15560.0,0.0,,E-MINI日经225指数1607,0.0,15560.0,15560.0
2016-07-01,NS1607,0.0,0.0,0.0,15665.0,0.0,,E-MINI日经225指数1607,0.0,15665.0,15665.0
2016-07-04,NS1607,0.0,0.0,0.0,15775.0,0.0,,E-MINI日经225指数1607,0.0,15775.0,15775.0
2016-07-05,NS1607,0.0,0.0,0.0,15590.0,0.0,,E-MINI日经225指数1607,0.0,15590.0,15590.0
2016-07-06,NS1607,0.0,0.0,0.0,15300.0,0.0,,E-MINI日经225指数1607,0.0,15300.0,15300.0
2016-07-07,NS1607,0.0,0.0,0.0,15295.0,0.0,,E-MINI日经225指数1607,0.0,15295.0,15295.0
