date,symbol,open,high,low,close,volume,amount,name,openinterest,settleprice,price
2015-11-13,NS1604,0.0,0.0,0.0,19465.0,0.0,,E-MINI日经225指数1604,0.0,19465.0,19465.0
2015-11-16,NS1604,0.0,0.0,0.0,19275.0,0.0,,E-MINI日经225指数1604,0.0,19275.0,19275.0
2015-11-17,NS1604,0.0,0.0,0.0,19490.0,0.0,,E-MINI日经225指数1604,0.0,19490.0,19490.0
2015-11-18,NS1604,0.0,0.0,0.0,19515.0,0.0,,E-MINI日经225指数1604,0.0,19515.0,19515.0
2015-11-19,NS1604,0.0,0.0,0.0,19710.0,0.0,,E-MINI日经225指数1604,0.0,19710.0,19710.0
2015-11-20,NS1604,0.0,0.0,0.0,19730.0,0.0,,E-MINI日经225指数1604,0.0,19730.0,19730.0
2015-11-23,NS1604,0.0,0.0,0.0,19860.0,0.0,,E-MINI日经225指数1604,0.0,19860.0,19860.0
2015-11-24,NS1604,0.0,0.0,0.0,19815.0,0.0,,E-MINI日经225指数1604,0.0,19815.0,19815.0
2015-11-25,NS1604,0.0,0.0,0.0,19695.0,0.0,,E-MINI日经225指数1604,0.0,19695.0,19695.0
2015-11-26,NS1604,0.0,0.0,0.0,19785.0,0.0,,E-MINI日经225指数1604,0.0,19785.0,19785.0
2015-11-27,NS1604,0.0,0.0,0.0,19695.0,0.0,,E-MINI日经225指数1604,0.0,19695.0,19695.0
2015-11-30,NS1604,0.0,0.0,0.0,19615.0,0.0,,E-MINI日经225指数1604,0.0,19615.0,19615.0
2015-12-01,NS1604,0.0,0.0,0.0,19855.0,0.0,,E-MINI日经225指数1604,0.0,19855.0,19855.0
2015-12-02,NS1604,0.0,0.0,0.0,19805.0,0.0,,E-MINI日经225指数1604,0.0,19805.0,19805.0
2015-12-03,NS1604,0.0,0.0,0.0,19770.0,0.0,,E-MINI日经225指数1604,0.0,19770.0,19770.0
2015-12-04,NS1604,0.0,0.0,0.0,19285.0,0.0,,E-MINI日经225指数1604,0.0,19285.0,19285.0
2015-12-07,NS1604,0.0,0.0,0.0,19615.0,0.0,,E-MINI日经225指数1604,0.0,19615.0,19615.0
2015-12-08,NS1604,0.0,0.0,0.0,19325.0,0.0,,E-MINI日经225指数1604,0.0,19325.0,19325.0
2015-12-09,NS1604,0.0,0.0,0.0,19145.0,0.0,,E-MINI日经225指数1604,0.0,19145.0,19145.0
2015-12-10,NS1604,0.0,0.0,0.0,18855.0,0.0,,E-MINI日经225指数1604,0.0,18855.0,18855.0
2015-12-11,NS1604,0.0,0.0,0.0,19080.0,0.0,,E-MINI日经225指数1604,0.0,19080.0,19080.0
2015-12-14,NS1604,0.0,0.0,0.0,18730.0,0.0,,E-MINI日经225指数1604,0.0,18730.0,18730.0
2015-12-15,NS1604,0.0,0.0,0.0,18460.0,0.0,,E-MINI日经225指数1604,0.0,18460.0,18460.0
2015-12-16,NS1604,0.0,0.0,0.0,18945.0,0.0,,E-MINI日经225指数1604,0.0,18945.0,18945.0
2015-12-17,NS1604,0.0,0.0,0.0,19205.0,0.0,,E-MINI日经225指数1604,0.0,19205.0,19205.0
2015-12-18,NS1604,0.0,0.0,0.0,18820.0,0.0,,E-MINI日经225指数1604,0.0,18820.0,18820.0
2015-12-21,NS1604,0.0,0.0,0.0,18720.0,0.0,,E-MINI日经225指数1604,0.0,18720.0,18720.0
2015-12-22,NS1604,0.0,0.0,0.0,18740.0,0.0,,E-MINI日经225指数1604,0.0,18740.0,18740.0
2015-12-23,NS1604,0.0,0.0,0.0,18760.0,0.0,,E-MINI日经225指数1604,0.0,18760.0,18760.0
2015-12-24,NS1604,0.0,0.0,0.0,18695.0,0.0,,E-MINI日经225指数1604,0.0,18695.0,18695.0
2015-12-25,NS1604,0.0,0.0,0.0,18595.0,0.0,,E-MINI日经225指数1604,0.0,18595.0,18595.0
2015-12-28,NS1604,0.0,0.0,0.0,18770.0,0.0,,E-MINI日经225指数1604,0.0,18770.0,18770.0
2015-12-29,NS1604,0.0,0.0,0.0,18860.0,0.0,,E-MINI日经225指数1604,0.0,18860.0,18860.0
2015-12-30,NS1604,0.0,0.0,0.0,18855.0,0.0,,E-MINI日经225指数1604,0.0,18855.0,18855.0
2015-12-31,NS1604,0.0,0.0,0.0,18740.0,0.0,,E-MINI日经225指数1604,0.0,18740.0,18740.0
2016-01-04,NS1604,0.0,0.0,0.0,18275.0,0.0,,E-MINI日经225指数1604,0.0,18275.0,18275.0
2016-01-05,NS1604,0.0,0.0,0.0,18265.0,0.0,,E-MINI日经225指数1604,0.0,18265.0,18265.0
2016-01-06,NS1604,0.0,0.0,0.0,18085.0,0.0,,E-MINI日经225指数1604,0.0,18085.0,18085.0
2016-01-07,NS1604,0.0,0.0,0.0,17535.0,0.0,,E-MINI日经225指数1604,0.0,17535.0,17535.0
2016-01-08,NS1604,0.0,0.0,0.0,17535.0,0.0,,E-MINI日经225指数1604,0.0,17535.0,17535.0
2016-01-11,NS1604,0.0,0.0,0.0,17200.0,0.0,,E-MINI日经225指数1604,0.0,17200.0,17200.0
2016-01-12,NS1604,0.0,0.0,0.0,17005.0,0.0,,E-MINI日经225指数1604,0.0,17005.0,17005.0
2016-01-13,NS1604,0.0,0.0,0.0,17540.0,0.0,,E-MINI日经225指数1604,0.0,17540.0,17540.0
2016-01-14,NS1604,0.0,0.0,0.0,17175.0,0.0,,E-MINI日经225指数1604,0.0,17175.0,17175.0
2016-01-15,NS1604,0.0,0.0,0.0,16975.0,0.0,,E-MINI日经225指数1604,0.0,16975.0,16975.0
2016-01-18,NS1604,0.0,0.0,0.0,16740.0,0.0,,E-MINI日经225指数1604,0.0,16740.0,16740.0
2016-01-19,NS1604,0.0,0.0,0.0,16925.0,0.0,,E-MINI日经225指数1604,0.0,16925.0,16925.0
2016-01-20,NS1604,0.0,0.0,0.0,16215.0,0.0,,E-MINI日经225指数1604,0.0,16215.0,16215.0
2016-01-21,NS1604,0.0,0.0,0.0,15885.0,0.0,,E-MINI日经225指数1604,0.0,15885.0,15885.0
2016-01-22,NS1604,0.0,0.0,0.0,16730.0,0.0,,E-MINI日经225指数1604,0.0,16730.0,16730.0
2016-01-25,NS1604,0.0,0.0,0.0,17045.0,0.0,,E-MINI日经225指数1604,0.0,17045.0,17045.0
2016-01-26,NS1604,0.0,0.0,0.0,16520.0,0.0,,E-MINI日经225指数1604,0.0,16520.0,16520.0
2016-01-27,NS1604,0.0,0.0,0.0,17075.0,0.0,,E-MINI日经225指数1604,0.0,17075.0,17075.0
2016-01-28,NS1604,0.0,0.0,0.0,16910.0,0.0,,E-MINI日经225指数1604,0.0,16910.0,16910.0
2016-01-29,NS1604,0.0,0.0,0.0,17565.0,0.0,,E-MINI日经225指数1604,0.0,17565.0,17565.0
2016-02-01,NS1604,17488.0,17488.0,17488.0,17488.0,1.0,,E-MINI日经225指数1604,1.0,17735.0,17488.0
2016-02-02,NS1604,0.0,0.0,0.0,17670.0,0.0,,E-MINI日经225指数1604,1.0,17670.0,17670.0
2016-02-03,NS1604,0.0,0.0,0.0,17055.0,0.0,,E-MINI日经225指数1604,1.0,17055.0,17055.0
2016-02-04,NS1604,0.0,0.0,0.0,16975.0,0.0,,E-MINI日经225指数1604,1.0,16975.0,16975.0
2016-02-05,NS1604,0.0,0.0,0.0,16605.0,0.0,,E-MINI日经225指数1604,1.0,16605.0,16605.0
2016-02-08,NS1604,0.0,0.0,0.0,16860.0,0.0,,E-MINI日经225指数1604,1.0,16860.0,16860.0
2016-02-09,NS1604,0.0,0.0,0.0,15945.0,0.0,,E-MINI日经225指数1604,1.0,15945.0,15945.0
2016-02-10,NS1604,0.0,0.0,0.0,15575.0,0.0,,E-MINI日经225指数1604,1.0,15575.0,15575.0
2016-02-11,NS1604,0.0,0.0,0.0,15225.0,0.0,,E-MINI日经225指数1604,1.0,15225.0,15225.0
2016-02-12,NS1604,0.0,0.0,0.0,14665.0,0.0,,E-MINI日经225指数1604,1.0,14665.0,14665.0
2016-02-15,NS1604,15936.0,15936.0,15936.0,15936.0,1.0,,E-MINI日经225指数1604,0.0,15740.0,15936.0
2016-02-16,NS1604,0.0,0.0,0.0,15925.0,0.0,,E-MINI日经225指数1604,0.0,15925.0,15925.0
2016-02-17,NS1604,0.0,0.0,0.0,15620.0,0.0,,E-MINI日经225指数1604,0.0,15620.0,15620.0
2016-02-18,NS1604,0.0,0.0,0.0,16075.0,0.0,,E-MINI日经225指数1604,0.0,16075.0,16075.0
2016-02-19,NS1604,0.0,0.0,0.0,15880.0,0.0,,E-MINI日经225指数1604,0.0,15880.0,15880.0
2016-02-22,NS1604,0.0,0.0,0.0,15945.0,0.0,,E-MINI日经225指数1604,0.0,15945.0,15945.0
2016-02-23,NS1604,0.0,0.0,0.0,15950.0,0.0,,E-MINI日经225指数1604,0.0,15950.0,15950.0
2016-02-24,NS1604,0.0,0.0,0.0,15790.0,0.0,,E-MINI日经225指数1604,0.0,15790.0,15790.0
2016-02-25,NS1604,0.0,0.0,0.0,15940.0,0.0,,E-MINI日经225指数1604,0.0,15940.0,15940.0
2016-02-26,NS1604,0.0,0.0,0.0,16100.0,0.0,,E-MINI日经225指数1604,0.0,16100.0,16100.0
2016-02-29,NS1604,0.0,0.0,0.0,15835.0,0.0,,E-MINI日经225指数1604,0.0,15835.0,15835.0
2016-03-01,NS1604,0.0,0.0,0.0,15940.0,0.0,,E-MINI日经225指数1604,0.0,15940.0,15940.0
2016-03-02,NS1604,0.0,0.0,0.0,16600.0,0.0,,E-MINI日经225指数1604,0.0,16600.0,16600.0
2016-03-03,NS1604,0.0,0.0,0.0,16830.0,0.0,,E-MINI日经225指数1604,0.0,16830.0,16830.0
2016-03-04,NS1604,0.0,0.0,0.0,16870.0,0.0,,E-MINI日经225指数1604,0.0,16870.0,16870.0
2016-03-07,NS1604,0.0,0.0,0.0,16810.0,0.0,,E-MINI日经225指数1604,0.0,16810.0,16810.0
2016-03-08,NS1604,0.0,0.0,0.0,16665.0,0.0,,E-MINI日经225指数1604,0.0,16665.0,16665.0
2016-03-09,NS1604,0.0,0.0,0.0,16520.0,0.0,,E-MINI日经225指数1604,0.0,16520.0,16520.0
2016-03-10,NS1604,16554.0,16692.0,16554.0,16692.0,2.0,,E-MINI日经225指数1604,1.0,16720.0,16692.0
2016-03-11,NS1604,16770.0,16770.0,16770.0,16770.0,1.0,,E-MINI日经225指数1604,1.0,16835.0,16770.0
2016-03-14,NS1604,0.0,0.0,0.0,17115.0,0.0,,E-MINI日经225指数1604,1.0,17115.0,17115.0
2016-03-15,NS1604,17140.0,17140.0,17140.0,17140.0,2.0,,E-MINI日经225指数1604,2.0,16950.0,17140.0
2016-03-16,NS1604,16920.0,16920.0,16880.0,16880.0,2.0,,E-MINI日经225指数1604,2.0,16785.0,16880.0
2016-03-17,NS1604,0.0,0.0,0.0,16805.0,0.0,,E-MINI日经225指数1604,2.0,16805.0,16805.0
2016-03-18,NS1604,0.0,0.0,0.0,16460.0,0.0,,E-MINI日经225指数1604,2.0,16460.0,16460.0
2016-03-21,NS1604,0.0,0.0,0.0,16535.0,0.0,,E-MINI日经225指数1604,2.0,16535.0,16535.0
2016-03-22,NS1604,0.0,0.0,0.0,16875.0,0.0,,E-MINI日经225指数1604,2.0,16875.0,16875.0
2016-03-23,NS1604,0.0,0.0,0.0,16845.0,0.0,,E-MINI日经225指数1604,2.0,16845.0,16845.0
2016-03-24,NS1604,0.0,0.0,0.0,16710.0,0.0,,E-MINI日经225指数1604,2.0,16710.0,16710.0
2016-03-25,NS1604,0.0,0.0,0.0,16865.0,0.0,,E-MINI日经225指数1604,2.0,16865.0,16865.0
2016-03-28,NS1604,0.0,0.0,0.0,16945.0,0.0,,E-MINI日经225指数1604,2.0,16945.0,16945.0
2016-03-29,NS1604,0.0,0.0,0.0,17060.0,0.0,,E-MINI日经225指数1604,2.0,17060.0,17060.0
2016-03-30,NS1604,17403.0,17403.0,17403.0,17403.0,1.0,,E-MINI日经225指数1604,2.0,16925.0,17403.0
2016-03-31,NS1604,16950.0,16950.0,16950.0,16950.0,1.0,,E-MINI日经225指数1604,2.0,16775.0,16950.0
2016-04-01,NS1604,0.0,0.0,0.0,16240.0,0.0,,E-MINI日经225指数1604,2.0,16240.0,16240.0
2016-04-04,NS1604,0.0,0.0,0.0,16060.0,0.0,,E-MINI日经225指数1604,2.0,16060.0,16060.0
2016-04-05,NS1604,15847.0,15847.0,15753.0,15753.0,2.0,,E-MINI日经225指数1604,2.0,15715.0,15753.0
2016-04-06,NS1604,0.0,0.0,0.0,15730.0,0.0,,E-MINI日经225指数1604,2.0,15730.0,15730.0
2016-04-07,NS1604,0.0,0.0,0.0,15715.0,50.0,,E-MINI日经225指数1604,0.0,15715.0,15715.0
