date,symbol,open,high,low,close,volume,amount,name,openinterest,settleprice,price
2015-08-14,NS1601,0.0,0.0,0.0,20405.0,0.0,,E-MINI日经225指数1601,0.0,20405.0,20405.0
2015-08-17,NS1601,0.0,0.0,0.0,20510.0,0.0,,E-MINI日经225指数1601,0.0,20510.0,20510.0
2015-08-18,NS1601,0.0,0.0,0.0,20430.0,0.0,,E-MINI日经225指数1601,0.0,20430.0,20430.0
2015-08-19,NS1601,0.0,0.0,0.0,20100.0,0.0,,E-MINI日经225指数1601,0.0,20100.0,20100.0
2015-08-20,NS1601,0.0,0.0,0.0,19920.0,0.0,,E-MINI日经225指数1601,0.0,19920.0,19920.0
2015-08-21,NS1601,0.0,0.0,0.0,19295.0,0.0,,E-MINI日经225指数1601,0.0,19295.0,19295.0
2015-08-24,NS1601,0.0,0.0,0.0,18340.0,0.0,,E-MINI日经225指数1601,0.0,18340.0,18340.0
2015-08-25,NS1601,0.0,0.0,0.0,17650.0,0.0,,E-MINI日经225指数1601,0.0,17650.0,17650.0
2015-08-26,NS1601,0.0,0.0,0.0,18245.0,0.0,,E-MINI日经225指数1601,0.0,18245.0,18245.0
2015-08-27,NS1601,0.0,0.0,0.0,18495.0,0.0,,E-MINI日经225指数1601,0.0,18495.0,18495.0
2015-08-28,NS1601,0.0,0.0,0.0,19055.0,0.0,,E-MINI日经225指数1601,0.0,19055.0,19055.0
2015-08-31,NS1601,0.0,0.0,0.0,18740.0,0.0,,E-MINI日经225指数1601,0.0,18740.0,18740.0
2015-09-01,NS1601,0.0,0.0,0.0,18045.0,0.0,,E-MINI日经225指数1601,0.0,18045.0,18045.0
2015-09-02,NS1601,0.0,0.0,0.0,18100.0,0.0,,E-MINI日经225指数1601,0.0,18100.0,18100.0
2015-09-03,NS1601,0.0,0.0,0.0,18085.0,0.0,,E-MINI日经225指数1601,0.0,18085.0,18085.0
2015-09-04,NS1601,0.0,0.0,0.0,17695.0,0.0,,E-MINI日经225指数1601,0.0,17695.0,17695.0
2015-09-07,NS1601,0.0,0.0,0.0,17780.0,0.0,,E-MINI日经225指数1601,0.0,17780.0,17780.0
2015-09-08,NS1601,0.0,0.0,0.0,17455.0,0.0,,E-MINI日经225指数1601,0.0,17455.0,17455.0
2015-09-09,NS1601,0.0,0.0,0.0,18465.0,,,E-MINI日经225指数1601,,18465.0,18465.0
2015-09-10,NS1601,0.0,0.0,0.0,18160.0,0.0,,E-MINI日经225指数1601,0.0,18160.0,18160.0
2015-09-11,NS1601,0.0,0.0,0.0,18150.0,0.0,,E-MINI日经225指数1601,0.0,18150.0,18150.0
2015-09-14,NS1601,0.0,0.0,0.0,17795.0,0.0,,E-MINI日经225指数1601,0.0,17795.0,17795.0
2015-09-15,NS1601,0.0,0.0,0.0,17855.0,0.0,,E-MINI日经225指数1601,0.0,17855.0,17855.0
2015-09-16,NS1601,0.0,0.0,0.0,18150.0,0.0,,E-MINI日经225指数1601,0.0,18150.0,18150.0
2015-09-17,NS1601,0.0,0.0,0.0,18290.0,0.0,,E-MINI日经225指数1601,0.0,18290.0,18290.0
2015-09-18,NS1601,0.0,0.0,0.0,17980.0,0.0,,E-MINI日经225指数1601,0.0,17980.0,17980.0
2015-09-21,NS1601,0.0,0.0,0.0,17750.0,0.0,,E-MINI日经225指数1601,0.0,17750.0,17750.0
2015-09-22,NS1601,0.0,0.0,0.0,17980.0,0.0,,E-MINI日经225指数1601,0.0,17980.0,17980.0
2015-09-23,NS1601,0.0,0.0,0.0,17505.0,0.0,,E-MINI日经225指数1601,0.0,17505.0,17505.0
2015-09-24,NS1601,0.0,0.0,0.0,17500.0,0.0,,E-MINI日经225指数1601,0.0,17500.0,17500.0
2015-09-25,NS1601,0.0,0.0,0.0,17760.0,0.0,,E-MINI日经225指数1601,0.0,17760.0,17760.0
2015-09-28,NS1601,0.0,0.0,0.0,17650.0,0.0,,E-MINI日经225指数1601,0.0,17650.0,17650.0
2015-09-29,NS1601,0.0,0.0,0.0,16935.0,0.0,,E-MINI日经225指数1601,0.0,16935.0,16935.0
2015-09-30,NS1601,0.0,0.0,0.0,17295.0,0.0,,E-MINI日经225指数1601,0.0,17295.0,17295.0
2015-10-01,NS1601,0.0,0.0,0.0,17695.0,0.0,,E-MINI日经225指数1601,0.0,17695.0,17695.0
2015-10-02,NS1601,0.0,0.0,0.0,17650.0,0.0,,E-MINI日经225指数1601,0.0,17650.0,17650.0
2015-10-05,NS1601,0.0,0.0,0.0,18005.0,0.0,,E-MINI日经225指数1601,0.0,18005.0,18005.0
2015-10-06,NS1601,0.0,0.0,0.0,18135.0,0.0,,E-MINI日经225指数1601,0.0,18135.0,18135.0
2015-10-07,NS1601,0.0,0.0,0.0,18370.0,0.0,,E-MINI日经225指数1601,0.0,18370.0,18370.0
2015-10-08,NS1601,0.0,0.0,0.0,18100.0,0.0,,E-MINI日经225指数1601,0.0,18100.0,18100.0
2015-10-09,NS1601,0.0,0.0,0.0,18390.0,0.0,,E-MINI日经225指数1601,0.0,18390.0,18390.0
2015-10-12,NS1601,0.0,0.0,0.0,18325.0,0.0,,E-MINI日经225指数1601,0.0,18325.0,18325.0
2015-10-13,NS1601,0.0,0.0,0.0,18210.0,0.0,,E-MINI日经225指数1601,0.0,18210.0,18210.0
2015-10-14,NS1601,0.0,0.0,0.0,17925.0,0.0,,E-MINI日经225指数1601,0.0,17925.0,17925.0
2015-10-15,NS1601,0.0,0.0,0.0,18075.0,0.0,,E-MINI日经225指数1601,0.0,18075.0,18075.0
2015-10-16,NS1601,0.0,0.0,0.0,18260.0,0.0,,E-MINI日经225指数1601,0.0,18260.0,18260.0
2015-10-19,NS1601,0.0,0.0,0.0,18120.0,0.0,,E-MINI日经225指数1601,0.0,18120.0,18120.0
2015-10-20,NS1601,0.0,0.0,0.0,18190.0,0.0,,E-MINI日经225指数1601,0.0,18190.0,18190.0
2015-10-21,NS1601,0.0,0.0,0.0,18490.0,0.0,,E-MINI日经225指数1601,0.0,18490.0,18490.0
2015-10-22,NS1601,0.0,0.0,0.0,18415.0,0.0,,E-MINI日经225指数1601,0.0,18415.0,18415.0
2015-10-23,NS1601,0.0,0.0,0.0,18800.0,0.0,,E-MINI日经225指数1601,0.0,18800.0,18800.0
2015-10-26,NS1601,0.0,0.0,0.0,18905.0,0.0,,E-MINI日经225指数1601,0.0,18905.0,18905.0
2015-10-27,NS1601,0.0,0.0,0.0,18815.0,0.0,,E-MINI日经225指数1601,0.0,18815.0,18815.0
2015-10-28,NS1601,0.0,0.0,0.0,18905.0,0.0,,E-MINI日经225指数1601,0.0,18905.0,18905.0
2015-10-29,NS1601,0.0,0.0,0.0,18885.0,0.0,,E-MINI日经225指数1601,0.0,18885.0,18885.0
2015-10-30,NS1601,0.0,0.0,0.0,19050.0,0.0,,E-MINI日经225指数1601,0.0,19050.0,19050.0
2015-11-02,NS1601,0.0,0.0,0.0,18705.0,0.0,,E-MINI日经225指数1601,0.0,18705.0,18705.0
2015-11-03,NS1601,0.0,0.0,0.0,18945.0,0.0,,E-MINI日经225指数1601,0.0,18945.0,18945.0
2015-11-04,NS1601,0.0,0.0,0.0,18920.0,0.0,,E-MINI日经225指数1601,0.0,18920.0,18920.0
2015-11-05,NS1601,0.0,0.0,0.0,19105.0,0.0,,E-MINI日经225指数1601,0.0,19105.0,19105.0
2015-11-06,NS1601,0.0,0.0,0.0,19250.0,0.0,,E-MINI日经225指数1601,0.0,19250.0,19250.0
2015-11-09,NS1601,0.0,0.0,0.0,19605.0,0.0,,E-MINI日经225指数1601,0.0,19605.0,19605.0
2015-11-10,NS1601,0.0,0.0,0.0,19675.0,0.0,,E-MINI日经225指数1601,0.0,19675.0,19675.0
2015-11-11,NS1601,0.0,0.0,0.0,19700.0,0.0,,E-MINI日经225指数1601,0.0,19700.0,19700.0
2015-11-12,NS1601,0.0,0.0,0.0,19660.0,0.0,,E-MINI日经225指数1601,0.0,19660.0,19660.0
2015-11-13,NS1601,0.0,0.0,0.0,19595.0,0.0,,E-MINI日经225指数1601,0.0,19595.0,19595.0
2015-11-16,NS1601,0.0,0.0,0.0,19400.0,0.0,,E-MINI日经225指数1601,0.0,19400.0,19400.0
2015-11-17,NS1601,0.0,0.0,0.0,19620.0,0.0,,E-MINI日经225指数1601,0.0,19620.0,19620.0
2015-11-18,NS1601,0.0,0.0,0.0,19640.0,0.0,,E-MINI日经225指数1601,0.0,19640.0,19640.0
2015-11-19,NS1601,0.0,0.0,0.0,19835.0,0.0,,E-MINI日经225指数1601,0.0,19835.0,19835.0
2015-11-20,NS1601,0.0,0.0,0.0,19855.0,0.0,,E-MINI日经225指数1601,0.0,19855.0,19855.0
2015-11-23,NS1601,0.0,0.0,0.0,19985.0,0.0,,E-MINI日经225指数1601,0.0,19985.0,19985.0
2015-11-24,NS1601,0.0,0.0,0.0,19940.0,0.0,,E-MINI日经225指数1601,0.0,19940.0,19940.0
2015-11-25,NS1601,0.0,0.0,0.0,19825.0,0.0,,E-MINI日经225指数1601,0.0,19825.0,19825.0
2015-11-26,NS1601,0.0,0.0,0.0,19915.0,0.0,,E-MINI日经225指数1601,0.0,19915.0,19915.0
2015-11-27,NS1601,0.0,0.0,0.0,19825.0,0.0,,E-MINI日经225指数1601,0.0,19825.0,19825.0
2015-11-30,NS1601,0.0,0.0,0.0,19745.0,0.0,,E-MINI日经225指数1601,0.0,19745.0,19745.0
2015-12-01,NS1601,0.0,0.0,0.0,19985.0,0.0,,E-MINI日经225指数1601,0.0,19985.0,19985.0
2015-12-02,NS1601,0.0,0.0,0.0,19935.0,0.0,,E-MINI日经225指数1601,0.0,19935.0,19935.0
2015-12-03,NS1601,0.0,0.0,0.0,19915.0,0.0,,E-MINI日经225指数1601,0.0,19915.0,19915.0
2015-12-04,NS1601,0.0,0.0,0.0,19440.0,0.0,,E-MINI日经225指数1601,0.0,19440.0,19440.0
2015-12-07,NS1601,0.0,0.0,0.0,19745.0,0.0,,E-MINI日经225指数1601,0.0,19745.0,19745.0
2015-12-08,NS1601,0.0,0.0,0.0,19460.0,0.0,,E-MINI日经225指数1601,0.0,19460.0,19460.0
2015-12-09,NS1601,0.0,0.0,0.0,19275.0,0.0,,E-MINI日经225指数1601,0.0,19275.0,19275.0
2015-12-10,NS1601,19100.0,19100.0,19100.0,19100.0,1.0,,E-MINI日经225指数1601,1.0,18985.0,19100.0
2015-12-11,NS1601,0.0,0.0,0.0,19210.0,0.0,,E-MINI日经225指数1601,1.0,19210.0,19210.0
2015-12-14,NS1601,0.0,0.0,0.0,18865.0,0.0,,E-MINI日经225指数1601,1.0,18865.0,18865.0
2015-12-15,NS1601,0.0,0.0,0.0,18590.0,0.0,,E-MINI日经225指数1601,1.0,18590.0,18590.0
2015-12-16,NS1601,0.0,0.0,0.0,19075.0,0.0,,E-MINI日经225指数1601,1.0,19075.0,19075.0
2015-12-17,NS1601,19400.0,19903.0,19400.0,19903.0,2.0,,E-MINI日经225指数1601,2.0,19340.0,19903.0
2015-12-18,NS1601,0.0,0.0,0.0,18950.0,0.0,,E-MINI日经225指数1601,2.0,18950.0,18950.0
2015-12-21,NS1601,19383.0,19383.0,19383.0,19383.0,1.0,,E-MINI日经225指数1601,3.0,18850.0,19383.0
2015-12-22,NS1601,0.0,0.0,0.0,18870.0,10.0,,E-MINI日经225指数1601,13.0,18870.0,18870.0
2015-12-23,NS1601,0.0,0.0,0.0,18890.0,0.0,,E-MINI日经225指数1601,13.0,18890.0,18890.0
2015-12-24,NS1601,18905.0,18930.0,18905.0,18930.0,2.0,,E-MINI日经225指数1601,12.0,18830.0,18930.0
2015-12-25,NS1601,0.0,0.0,0.0,18730.0,12.0,,E-MINI日经225指数1601,24.0,18730.0,18730.0
2015-12-28,NS1601,0.0,0.0,0.0,18905.0,0.0,,E-MINI日经225指数1601,24.0,18905.0,18905.0
2015-12-29,NS1601,0.0,0.0,0.0,18995.0,0.0,,E-MINI日经225指数1601,24.0,18995.0,18995.0
2015-12-30,NS1601,0.0,0.0,0.0,18990.0,0.0,,E-MINI日经225指数1601,24.0,18990.0,18990.0
2015-12-31,NS1601,0.0,0.0,0.0,18875.0,0.0,,E-MINI日经225指数1601,24.0,18875.0,18875.0
2016-01-04,NS1601,0.0,0.0,0.0,18410.0,0.0,,E-MINI日经225指数1601,24.0,18410.0,18410.0
2016-01-05,NS1601,0.0,0.0,0.0,18400.0,0.0,,E-MINI日经225指数1601,24.0,18400.0,18400.0
2016-01-06,NS1601,0.0,0.0,0.0,18220.0,0.0,,E-MINI日经225指数1601,24.0,18220.0,18220.0
2016-01-07,NS1601,0.0,0.0,0.0,17670.0,0.0,,E-MINI日经225指数1601,0.0,17670.0,17670.0
