date,symbol,open,high,low,close,volume,amount,name,openinterest,settleprice,price
2016-01-08,NS1605,0.0,0.0,0.0,17540.0,0.0,,E-MINI日经225指数1605,0.0,17540.0,17540.0
2016-01-11,NS1605,0.0,0.0,0.0,17205.0,0.0,,E-MINI日经225指数1605,0.0,17205.0,17205.0
2016-01-12,NS1605,0.0,0.0,0.0,17010.0,0.0,,E-MINI日经225指数1605,0.0,17010.0,17010.0
2016-01-13,NS1605,0.0,0.0,0.0,17545.0,0.0,,E-MINI日经225指数1605,0.0,17545.0,17545.0
2016-01-14,NS1605,0.0,0.0,0.0,17180.0,0.0,,E-MINI日经225指数1605,0.0,17180.0,17180.0
2016-01-15,NS1605,0.0,0.0,0.0,16980.0,0.0,,E-MINI日经225指数1605,0.0,16980.0,16980.0
2016-01-18,NS1605,0.0,0.0,0.0,16745.0,0.0,,E-MINI日经225指数1605,0.0,16745.0,16745.0
2016-01-19,NS1605,0.0,0.0,0.0,16930.0,0.0,,E-MINI日经225指数1605,0.0,16930.0,16930.0
2016-01-20,NS1605,0.0,0.0,0.0,16220.0,0.0,,E-MINI日经225指数1605,0.0,16220.0,16220.0
2016-01-21,NS1605,0.0,0.0,0.0,15890.0,0.0,,E-MINI日经225指数1605,0.0,15890.0,15890.0
2016-01-22,NS1605,0.0,0.0,0.0,16735.0,0.0,,E-MINI日经225指数1605,0.0,16735.0,16735.0
2016-01-25,NS1605,0.0,0.0,0.0,17050.0,0.0,,E-MINI日经225指数1605,0.0,17050.0,17050.0
2016-01-26,NS1605,0.0,0.0,0.0,16525.0,0.0,,E-MINI日经225指数1605,0.0,16525.0,16525.0
2016-01-27,NS1605,0.0,0.0,0.0,17080.0,0.0,,E-MINI日经225指数1605,0.0,17080.0,17080.0
2016-01-28,NS1605,0.0,0.0,0.0,16915.0,0.0,,E-MINI日经225指数1605,0.0,16915.0,16915.0
2016-01-29,NS1605,0.0,0.0,0.0,17570.0,0.0,,E-MINI日经225指数1605,0.0,17570.0,17570.0
2016-02-01,NS1605,0.0,0.0,0.0,17740.0,0.0,,E-MINI日经225指数1605,0.0,17740.0,17740.0
2016-02-02,NS1605,0.0,0.0,0.0,17675.0,0.0,,E-MINI日经225指数1605,0.0,17675.0,17675.0
2016-02-03,NS1605,0.0,0.0,0.0,17060.0,0.0,,E-MINI日经225指数1605,0.0,17060.0,17060.0
2016-02-04,NS1605,0.0,0.0,0.0,16975.0,0.0,,E-MINI日经225指数1605,0.0,16975.0,16975.0
2016-02-05,NS1605,0.0,0.0,0.0,16610.0,0.0,,E-MINI日经225指数1605,0.0,16610.0,16610.0
2016-02-08,NS1605,0.0,0.0,0.0,16865.0,0.0,,E-MINI日经225指数1605,0.0,16865.0,16865.0
2016-02-09,NS1605,0.0,0.0,0.0,15950.0,0.0,,E-MINI日经225指数1605,0.0,15950.0,15950.0
2016-02-10,NS1605,0.0,0.0,0.0,15580.0,0.0,,E-MINI日经225指数1605,0.0,15580.0,15580.0
2016-02-11,NS1605,0.0,0.0,0.0,15230.0,0.0,,E-MINI日经225指数1605,0.0,15230.0,15230.0
2016-02-12,NS1605,0.0,0.0,0.0,14665.0,0.0,,E-MINI日经225指数1605,0.0,14665.0,14665.0
2016-02-15,NS1605,0.0,0.0,0.0,15740.0,0.0,,E-MINI日经225指数1605,0.0,15740.0,15740.0
2016-02-16,NS1605,0.0,0.0,0.0,15930.0,0.0,,E-MINI日经225指数1605,0.0,15930.0,15930.0
2016-02-17,NS1605,0.0,0.0,0.0,15625.0,0.0,,E-MINI日经225指数1605,0.0,15625.0,15625.0
2016-02-18,NS1605,0.0,0.0,0.0,16080.0,0.0,,E-MINI日经225指数1605,0.0,16080.0,16080.0
2016-02-19,NS1605,0.0,0.0,0.0,15885.0,0.0,,E-MINI日经225指数1605,0.0,15885.0,15885.0
2016-02-22,NS1605,0.0,0.0,0.0,15950.0,0.0,,E-MINI日经225指数1605,0.0,15950.0,15950.0
2016-02-23,NS1605,0.0,0.0,0.0,15955.0,0.0,,E-MINI日经225指数1605,0.0,15955.0,15955.0
2016-02-24,NS1605,0.0,0.0,0.0,15795.0,0.0,,E-MINI日经225指数1605,0.0,15795.0,15795.0
2016-02-25,NS1605,0.0,0.0,0.0,15945.0,0.0,,E-MINI日经225指数1605,0.0,15945.0,15945.0
2016-02-26,NS1605,0.0,0.0,0.0,16100.0,0.0,,E-MINI日经225指数1605,0.0,16100.0,16100.0
2016-02-29,NS1605,0.0,0.0,0.0,15840.0,0.0,,E-MINI日经225指数1605,0.0,15840.0,15840.0
2016-03-01,NS1605,0.0,0.0,0.0,15945.0,0.0,,E-MINI日经225指数1605,0.0,15945.0,15945.0
2016-03-02,NS1605,0.0,0.0,0.0,16605.0,0.0,,E-MINI日经225指数1605,0.0,16605.0,16605.0
2016-03-03,NS1605,0.0,0.0,0.0,16835.0,0.0,,E-MINI日经225指数1605,0.0,16835.0,16835.0
2016-03-04,NS1605,0.0,0.0,0.0,16875.0,0.0,,E-MINI日经225指数1605,0.0,16875.0,16875.0
2016-03-07,NS1605,0.0,0.0,0.0,16815.0,0.0,,E-MINI日经225指数1605,0.0,16815.0,16815.0
2016-03-08,NS1605,0.0,0.0,0.0,16670.0,0.0,,E-MINI日经225指数1605,0.0,16670.0,16670.0
2016-03-09,NS1605,0.0,0.0,0.0,16525.0,0.0,,E-MINI日经225指数1605,0.0,16525.0,16525.0
2016-03-10,NS1605,0.0,0.0,0.0,16725.0,1.0,,E-MINI日经225指数1605,1.0,16725.0,16725.0
2016-03-11,NS1605,0.0,0.0,0.0,16840.0,0.0,,E-MINI日经225指数1605,1.0,16840.0,16840.0
2016-03-14,NS1605,0.0,0.0,0.0,17130.0,2.0,,E-MINI日经225指数1605,3.0,17130.0,17130.0
2016-03-15,NS1605,0.0,0.0,0.0,16955.0,0.0,,E-MINI日经225指数1605,3.0,16955.0,16955.0
2016-03-16,NS1605,0.0,0.0,0.0,16790.0,0.0,,E-MINI日经225指数1605,3.0,16790.0,16790.0
2016-03-17,NS1605,0.0,0.0,0.0,16810.0,0.0,,E-MINI日经225指数1605,3.0,16810.0,16810.0
2016-03-18,NS1605,0.0,0.0,0.0,16465.0,0.0,,E-MINI日经225指数1605,3.0,16465.0,16465.0
2016-03-21,NS1605,0.0,0.0,0.0,16540.0,0.0,,E-MINI日经225指数1605,3.0,16540.0,16540.0
2016-03-22,NS1605,0.0,0.0,0.0,16880.0,0.0,,E-MINI日经225指数1605,3.0,16880.0,16880.0
2016-03-23,NS1605,0.0,0.0,0.0,16850.0,0.0,,E-MINI日经225指数1605,3.0,16850.0,16850.0
2016-03-24,NS1605,0.0,0.0,0.0,16720.0,0.0,,E-MINI日经225指数1605,3.0,16720.0,16720.0
2016-03-25,NS1605,0.0,0.0,0.0,16875.0,0.0,,E-MINI日经225指数1605,3.0,16875.0,16875.0
2016-03-28,NS1605,0.0,0.0,0.0,16955.0,0.0,,E-MINI日经225指数1605,3.0,16955.0,16955.0
2016-03-29,NS1605,0.0,0.0,0.0,17060.0,0.0,,E-MINI日经225指数1605,3.0,17060.0,17060.0
2016-03-30,NS1605,0.0,0.0,0.0,16925.0,0.0,,E-MINI日经225指数1605,3.0,16925.0,16925.0
2016-03-31,NS1605,0.0,0.0,0.0,16775.0,0.0,,E-MINI日经225指数1605,3.0,16775.0,16775.0
2016-04-01,NS1605,0.0,0.0,0.0,16240.0,0.0,,E-MINI日经225指数1605,3.0,16240.0,16240.0
2016-04-04,NS1605,0.0,0.0,0.0,16060.0,0.0,,E-MINI日经225指数1605,3.0,16060.0,16060.0
2016-04-05,NS1605,0.0,0.0,0.0,15715.0,0.0,,E-MINI日经225指数1605,3.0,15715.0,15715.0
2016-04-06,NS1605,0.0,0.0,0.0,15715.0,0.0,,E-MINI日经225指数1605,3.0,15715.0,15715.0
2016-04-07,NS1605,0.0,0.0,0.0,15780.0,0.0,,E-MINI日经225指数1605,3.0,15780.0,15780.0
2016-04-08,NS1605,0.0,0.0,0.0,15815.0,0.0,,E-MINI日经225指数1605,3.0,15815.0,15815.0
2016-04-11,NS1605,0.0,0.0,0.0,15710.0,0.0,,E-MINI日经225指数1605,3.0,15710.0,15710.0
2016-04-12,NS1605,0.0,0.0,0.0,15915.0,0.0,,E-MINI日经225指数1605,3.0,15915.0,15915.0
2016-04-13,NS1605,0.0,0.0,0.0,16420.0,0.0,,E-MINI日经225指数1605,3.0,16420.0,16420.0
2016-04-14,NS1605,0.0,0.0,0.0,16840.0,0.0,,E-MINI日经225指数1605,3.0,16840.0,16840.0
2016-04-15,NS1605,0.0,0.0,0.0,16735.0,0.0,,E-MINI日经225指数1605,3.0,16735.0,16735.0
2016-04-18,NS1605,0.0,0.0,0.0,16305.0,0.0,,E-MINI日经225指数1605,3.0,16305.0,16305.0
2016-04-19,NS1605,0.0,0.0,0.0,16885.0,0.0,,E-MINI日经225指数1605,3.0,16885.0,16885.0
2016-04-20,NS1605,0.0,0.0,0.0,16875.0,0.0,,E-MINI日经225指数1605,3.0,16875.0,16875.0
2016-04-21,NS1605,0.0,0.0,0.0,17380.0,0.0,,E-MINI日经225指数1605,3.0,17380.0,17380.0
2016-04-22,NS1605,16738.0,17734.0,16738.0,17734.0,2.0,,E-MINI日经225指数1605,3.0,17580.0,17734.0
2016-04-25,NS1605,0.0,0.0,0.0,17455.0,0.0,,E-MINI日经225指数1605,3.0,17455.0,17455.0
2016-04-26,NS1605,0.0,0.0,0.0,17305.0,0.0,,E-MINI日经225指数1605,3.0,17305.0,17305.0
2016-04-27,NS1605,0.0,0.0,0.0,17270.0,0.0,,E-MINI日经225指数1605,3.0,17270.0,17270.0
2016-04-28,NS1605,0.0,0.0,0.0,16505.0,0.0,,E-MINI日经225指数1605,3.0,16505.0,16505.0
2016-04-29,NS1605,0.0,0.0,0.0,16150.0,0.0,,E-MINI日经225指数1605,3.0,16150.0,16150.0
2016-05-02,NS1605,0.0,0.0,0.0,16165.0,0.0,,E-MINI日经225指数1605,3.0,16165.0,16165.0
2016-05-03,NS1605,15826.0,16149.0,15826.0,16149.0,12.0,,E-MINI日经225指数1605,3.0,16005.0,16149.0
2016-05-04,NS1605,0.0,0.0,0.0,15970.0,0.0,,E-MINI日经225指数1605,3.0,15970.0,15970.0
2016-05-05,NS1605,0.0,0.0,0.0,15985.0,0.0,,E-MINI日经225指数1605,3.0,15985.0,15985.0
2016-05-06,NS1605,0.0,0.0,0.0,16025.0,0.0,,E-MINI日经225指数1605,3.0,16025.0,16025.0
2016-05-09,NS1605,0.0,0.0,0.0,16215.0,0.0,,E-MINI日经225指数1605,3.0,16215.0,16215.0
2016-05-10,NS1605,0.0,0.0,0.0,16570.0,0.0,,E-MINI日经225指数1605,3.0,16570.0,16570.0
2016-05-11,NS1605,0.0,0.0,0.0,16580.0,0.0,,E-MINI日经225指数1605,3.0,16580.0,16580.0
2016-05-12,NS1605,0.0,0.0,0.0,16680.0,0.0,,E-MINI日经225指数1605,0.0,16680.0,16680.0
