date,symbol,open,high,low,close,volume,amount,name,openinterest,settleprice,price
2016-04-08,NS1608,0.0,0.0,0.0,15795.0,0.0,,E-MINI日经225指数1608,0.0,15795.0,15795.0
2016-04-11,NS1608,0.0,0.0,0.0,15695.0,0.0,,E-MINI日经225指数1608,0.0,15695.0,15695.0
2016-04-12,NS1608,0.0,0.0,0.0,15895.0,0.0,,E-MINI日经225指数1608,0.0,15895.0,15895.0
2016-04-13,NS1608,0.0,0.0,0.0,16405.0,0.0,,E-MINI日经225指数1608,0.0,16405.0,16405.0
2016-04-14,NS1608,0.0,0.0,0.0,16825.0,0.0,,E-MINI日经225指数1608,0.0,16825.0,16825.0
2016-04-15,NS1608,0.0,0.0,0.0,16715.0,0.0,,E-MINI日经225指数1608,0.0,16715.0,16715.0
2016-04-18,NS1608,0.0,0.0,0.0,16290.0,0.0,,E-MINI日经225指数1608,0.0,16290.0,16290.0
2016-04-19,NS1608,0.0,0.0,0.0,16860.0,0.0,,E-MINI日经225指数1608,0.0,16860.0,16860.0
2016-04-20,NS1608,0.0,0.0,0.0,16860.0,0.0,,E-MINI日经225指数1608,0.0,16860.0,16860.0
2016-04-21,NS1608,0.0,0.0,0.0,17360.0,0.0,,E-MINI日经225指数1608,0.0,17360.0,17360.0
2016-04-22,NS1608,0.0,0.0,0.0,17560.0,0.0,,E-MINI日经225指数1608,0.0,17560.0,17560.0
2016-04-25,NS1608,0.0,0.0,0.0,17435.0,0.0,,E-MINI日经225指数1608,0.0,17435.0,17435.0
2016-04-26,NS1608,0.0,0.0,0.0,17285.0,0.0,,E-MINI日经225指数1608,0.0,17285.0,17285.0
2016-04-27,NS1608,0.0,0.0,0.0,17250.0,0.0,,E-MINI日经225指数1608,0.0,17250.0,17250.0
2016-04-28,NS1608,0.0,0.0,0.0,16485.0,0.0,,E-MINI日经225指数1608,0.0,16485.0,16485.0
2016-04-29,NS1608,0.0,0.0,0.0,16130.0,0.0,,E-MINI日经225指数1608,0.0,16130.0,16130.0
2016-05-02,NS1608,0.0,0.0,0.0,16135.0,0.0,,E-MINI日经225指数1608,0.0,16135.0,16135.0
2016-05-03,NS1608,0.0,0.0,0.0,15980.0,0.0,,E-MINI日经225指数1608,0.0,15980.0,15980.0
2016-05-04,NS1608,0.0,0.0,0.0,15950.0,0.0,,E-MINI日经225指数1608,0.0,15950.0,15950.0
2016-05-05,NS1608,0.0,0.0,0.0,15965.0,0.0,,E-MINI日经225指数1608,0.0,15965.0,15965.0
2016-05-06,NS1608,0.0,0.0,0.0,16005.0,0.0,,E-MINI日经225指数1608,0.0,16005.0,16005.0
2016-05-09,NS1608,0.0,0.0,0.0,16195.0,0.0,,E-MINI日经225指数1608,0.0,16195.0,16195.0
2016-05-10,NS1608,0.0,0.0,0.0,16550.0,0.0,,E-MINI日经225指数1608,0.0,16550.0,16550.0
2016-05-11,NS1608,0.0,0.0,0.0,16560.0,0.0,,E-MINI日经225指数1608,0.0,16560.0,16560.0
2016-05-12,NS1608,0.0,0.0,0.0,16660.0,0.0,,E-MINI日经225指数1608,0.0,16660.0,16660.0
2016-05-13,NS1608,0.0,0.0,0.0,16325.0,0.0,,E-MINI日经225指数1608,0.0,16325.0,16325.0
2016-05-16,NS1608,0.0,0.0,0.0,16510.0,0.0,,E-MINI日经225指数1608,0.0,16510.0,16510.0
2016-05-17,NS1608,0.0,0.0,0.0,16690.0,0.0,,E-MINI日经225指数1608,0.0,16690.0,16690.0
2016-05-18,NS1608,0.0,0.0,0.0,16550.0,0.0,,E-MINI日经225指数1608,0.0,16550.0,16550.0
2016-05-19,NS1608,0.0,0.0,0.0,16610.0,0.0,,E-MINI日经225指数1608,0.0,16610.0,16610.0
2016-05-20,NS1608,0.0,0.0,0.0,16715.0,0.0,,E-MINI日经225指数1608,0.0,16715.0,16715.0
2016-05-23,NS1608,0.0,0.0,0.0,16635.0,0.0,,E-MINI日经225指数1608,0.0,16635.0,16635.0
2016-05-24,NS1608,0.0,0.0,0.0,16470.0,0.0,,E-MINI日经225指数1608,0.0,16470.0,16470.0
2016-05-25,NS1608,0.0,0.0,0.0,16760.0,0.0,,E-MINI日经225指数1608,0.0,16760.0,16760.0
2016-05-26,NS1608,0.0,0.0,0.0,16795.0,0.0,,E-MINI日经225指数1608,0.0,16795.0,16795.0
2016-05-27,NS1608,0.0,0.0,0.0,16825.0,0.0,,E-MINI日经225指数1608,0.0,16825.0,16825.0
2016-05-30,NS1608,0.0,0.0,0.0,17055.0,0.0,,E-MINI日经225指数1608,0.0,17055.0,17055.0
2016-05-31,NS1608,0.0,0.0,0.0,17190.0,0.0,,E-MINI日经225指数1608,0.0,17190.0,17190.0
2016-06-01,NS1608,0.0,0.0,0.0,16960.0,0.0,,E-MINI日经225指数1608,0.0,16960.0,16960.0
2016-06-02,NS1608,0.0,0.0,0.0,16595.0,0.0,,E-MINI日经225指数1608,0.0,16595.0,16595.0
2016-06-03,NS1608,0.0,0.0,0.0,16630.0,0.0,,E-MINI日经225指数1608,0.0,16630.0,16630.0
2016-06-06,NS1608,0.0,0.0,0.0,16550.0,0.0,,E-MINI日经225指数1608,0.0,16550.0,16550.0
2016-06-07,NS1608,0.0,0.0,0.0,16695.0,0.0,,E-MINI日经225指数1608,0.0,16695.0,16695.0
2016-06-08,NS1608,0.0,0.0,0.0,16825.0,0.0,,E-MINI日经225指数1608,0.0,16825.0,16825.0
2016-06-09,NS1608,0.0,0.0,0.0,16620.0,0.0,,E-MINI日经225指数1608,0.0,16620.0,16620.0
2016-06-10,NS1608,0.0,0.0,0.0,16515.0,0.0,,E-MINI日经225指数1608,0.0,16515.0,16515.0
2016-06-13,NS1608,0.0,0.0,0.0,15985.0,0.0,,E-MINI日经225指数1608,0.0,15985.0,15985.0
2016-06-14,NS1608,0.0,0.0,0.0,15745.0,0.0,,E-MINI日经225指数1608,0.0,15745.0,15745.0
2016-06-15,NS1608,0.0,0.0,0.0,15905.0,0.0,,E-MINI日经225指数1608,0.0,15905.0,15905.0
2016-06-16,NS1608,0.0,0.0,0.0,15330.0,0.0,,E-MINI日经225指数1608,0.0,15330.0,15330.0
2016-06-17,NS1608,0.0,0.0,0.0,15530.0,0.0,,E-MINI日经225指数1608,0.0,15530.0,15530.0
2016-06-20,NS1608,0.0,0.0,0.0,15980.0,0.0,,E-MINI日经225指数1608,0.0,15980.0,15980.0
2016-06-21,NS1608,0.0,0.0,0.0,16160.0,0.0,,E-MINI日经225指数1608,0.0,16160.0,16160.0
2016-06-22,NS1608,0.0,0.0,0.0,15990.0,0.0,,E-MINI日经225指数1608,0.0,15990.0,15990.0
2016-06-23,NS1608,0.0,0.0,0.0,16185.0,0.0,,E-MINI日经225指数1608,0.0,16185.0,16185.0
2016-06-24,NS1608,0.0,0.0,0.0,15155.0,0.0,,E-MINI日经225指数1608,0.0,15155.0,15155.0
2016-06-27,NS1608,0.0,0.0,0.0,15355.0,0.0,,E-MINI日经225指数1608,0.0,15355.0,15355.0
2016-06-28,NS1608,0.0,0.0,0.0,15295.0,0.0,,E-MINI日经225指数1608,0.0,15295.0,15295.0
2016-06-29,NS1608,0.0,0.0,0.0,15575.0,0.0,,E-MINI日经225指数1608,0.0,15575.0,15575.0
2016-06-30,NS1608,0.0,0.0,0.0,15560.0,0.0,,E-MINI日经225指数1608,0.0,15560.0,15560.0
2016-07-01,NS1608,0.0,0.0,0.0,15660.0,0.0,,E-MINI日经225指数1608,0.0,15660.0,15660.0
2016-07-04,NS1608,0.0,0.0,0.0,15775.0,0.0,,E-MINI日经225指数1608,0.0,15775.0,15775.0
2016-07-05,NS1608,0.0,0.0,0.0,15590.0,0.0,,E-MINI日经225指数1608,0.0,15590.0,15590.0
2016-07-06,NS1608,0.0,0.0,0.0,15300.0,0.0,,E-MINI日经225指数1608,0.0,15300.0,15300.0
2016-07-07,NS1608,0.0,0.0,0.0,15280.0,0.0,,E-MINI日经225指数1608,0.0,15280.0,15280.0
2016-07-08,NS1608,0.0,0.0,0.0,15150.0,0.0,,E-MINI日经225指数1608,0.0,15150.0,15150.0
2016-07-11,NS1608,0.0,0.0,0.0,15730.0,0.0,,E-MINI日经225指数1608,0.0,15730.0,15730.0
2016-07-12,NS1608,0.0,0.0,0.0,16185.0,0.0,,E-MINI日经225指数1608,0.0,16185.0,16185.0
2016-07-13,NS1608,0.0,0.0,0.0,16215.0,0.0,,E-MINI日经225指数1608,0.0,16215.0,16215.0
2016-07-14,NS1608,0.0,0.0,0.0,16520.0,0.0,,E-MINI日经225指数1608,0.0,16520.0,16520.0
2016-07-15,NS1608,0.0,0.0,0.0,16560.0,0.0,,E-MINI日经225指数1608,0.0,16560.0,16560.0
2016-07-18,NS1608,0.0,0.0,0.0,16600.0,0.0,,E-MINI日经225指数1608,0.0,16600.0,16600.0
2016-07-19,NS1608,0.0,0.0,0.0,16660.0,0.0,,E-MINI日经225指数1608,0.0,16660.0,16660.0
2016-07-20,NS1608,0.0,0.0,0.0,16700.0,0.0,,E-MINI日经225指数1608,0.0,16700.0,16700.0
2016-07-21,NS1608,0.0,0.0,0.0,16840.0,0.0,,E-MINI日经225指数1608,0.0,16840.0,16840.0
2016-07-22,NS1608,0.0,0.0,0.0,16655.0,0.0,,E-MINI日经225指数1608,0.0,16655.0,16655.0
2016-07-25,NS1608,0.0,0.0,0.0,16625.0,0.0,,E-MINI日经225指数1608,0.0,16625.0,16625.0
2016-07-26,NS1608,0.0,0.0,0.0,16325.0,0.0,,E-MINI日经225指数1608,0.0,16325.0,16325.0
2016-07-27,NS1608,0.0,0.0,0.0,16765.0,0.0,,E-MINI日经225指数1608,0.0,16765.0,16765.0
2016-07-28,NS1608,0.0,0.0,0.0,16390.0,0.0,,E-MINI日经225指数1608,0.0,16390.0,16390.0
2016-07-29,NS1608,0.0,0.0,0.0,16590.0,0.0,,E-MINI日经225指数1608,0.0,16590.0,16590.0
2016-08-01,NS1608,0.0,0.0,0.0,16585.0,0.0,,E-MINI日经225指数1608,0.0,16585.0,16585.0
2016-08-02,NS1608,0.0,0.0,0.0,16350.0,0.0,,E-MINI日经225指数1608,0.0,16350.0,16350.0
2016-08-03,NS1608,0.0,0.0,0.0,16080.0,0.0,,E-MINI日经225指数1608,0.0,16080.0,16080.0
2016-08-04,NS1608,0.0,0.0,0.0,16190.0,0.0,,E-MINI日经225指数1608,0.0,16190.0,16190.0
2016-08-05,NS1608,0.0,0.0,0.0,16245.0,0.0,,E-MINI日经225指数1608,0.0,16245.0,16245.0
2016-08-08,NS1608,0.0,0.0,0.0,16615.0,0.0,,E-MINI日经225指数1608,0.0,16615.0,16615.0
2016-08-09,NS1608,16697.0,16697.0,16650.0,16670.0,3.0,,E-MINI日经225指数1608,1.0,16715.0,16670.0
2016-08-10,NS1608,0.0,0.0,0.0,16755.0,0.0,,E-MINI日经225指数1608,0.0,16755.0,16755.0
