date,symbol,open,high,low,close,volume,amount,name,openinterest,settleprice,price
2015-12-11,NS1706,0.0,0.0,0.0,18815.0,0.0,,E-MINI日经225指数1706,0.0,18815.0,18815.0
2015-12-14,NS1706,0.0,0.0,0.0,18465.0,0.0,,E-MINI日经225指数1706,0.0,18465.0,18465.0
2015-12-15,NS1706,0.0,0.0,0.0,18195.0,0.0,,E-MINI日经225指数1706,0.0,18195.0,18195.0
2015-12-16,NS1706,0.0,0.0,0.0,18680.0,0.0,,E-MINI日经225指数1706,0.0,18680.0,18680.0
2015-12-17,NS1706,0.0,0.0,0.0,18945.0,0.0,,E-MINI日经225指数1706,0.0,18945.0,18945.0
2015-12-18,NS1706,0.0,0.0,0.0,18555.0,0.0,,E-MINI日经225指数1706,0.0,18555.0,18555.0
2015-12-21,NS1706,0.0,0.0,0.0,18455.0,0.0,,E-MINI日经225指数1706,0.0,18455.0,18455.0
2015-12-22,NS1706,0.0,0.0,0.0,18475.0,0.0,,E-MINI日经225指数1706,0.0,18475.0,18475.0
2015-12-23,NS1706,0.0,0.0,0.0,18495.0,0.0,,E-MINI日经225指数1706,0.0,18495.0,18495.0
2015-12-24,NS1706,0.0,0.0,0.0,18430.0,0.0,,E-MINI日经225指数1706,0.0,18430.0,18430.0
2015-12-25,NS1706,0.0,0.0,0.0,18330.0,0.0,,E-MINI日经225指数1706,0.0,18330.0,18330.0
2015-12-28,NS1706,0.0,0.0,0.0,18505.0,0.0,,E-MINI日经225指数1706,0.0,18505.0,18505.0
2015-12-29,NS1706,0.0,0.0,0.0,18595.0,0.0,,E-MINI日经225指数1706,0.0,18595.0,18595.0
2015-12-30,NS1706,0.0,0.0,0.0,18590.0,0.0,,E-MINI日经225指数1706,0.0,18590.0,18590.0
2015-12-31,NS1706,0.0,0.0,0.0,18475.0,0.0,,E-MINI日经225指数1706,0.0,18475.0,18475.0
2016-01-04,NS1706,0.0,0.0,0.0,18010.0,0.0,,E-MINI日经225指数1706,0.0,18010.0,18010.0
2016-01-05,NS1706,0.0,0.0,0.0,18000.0,0.0,,E-MINI日经225指数1706,0.0,18000.0,18000.0
2016-01-06,NS1706,0.0,0.0,0.0,17820.0,0.0,,E-MINI日经225指数1706,0.0,17820.0,17820.0
2016-01-07,NS1706,0.0,0.0,0.0,17265.0,0.0,,E-MINI日经225指数1706,0.0,17265.0,17265.0
2016-01-08,NS1706,0.0,0.0,0.0,17265.0,0.0,,E-MINI日经225指数1706,0.0,17265.0,17265.0
2016-01-11,NS1706,0.0,0.0,0.0,16930.0,0.0,,E-MINI日经225指数1706,0.0,16930.0,16930.0
2016-01-12,NS1706,0.0,0.0,0.0,16735.0,0.0,,E-MINI日经225指数1706,0.0,16735.0,16735.0
2016-01-13,NS1706,0.0,0.0,0.0,17270.0,0.0,,E-MINI日经225指数1706,0.0,17270.0,17270.0
2016-01-14,NS1706,0.0,0.0,0.0,16905.0,0.0,,E-MINI日经225指数1706,0.0,16905.0,16905.0
2016-01-15,NS1706,0.0,0.0,0.0,16705.0,0.0,,E-MINI日经225指数1706,0.0,16705.0,16705.0
2016-01-18,NS1706,0.0,0.0,0.0,16470.0,0.0,,E-MINI日经225指数1706,0.0,16470.0,16470.0
2016-01-19,NS1706,0.0,0.0,0.0,16655.0,0.0,,E-MINI日经225指数1706,0.0,16655.0,16655.0
2016-01-20,NS1706,0.0,0.0,0.0,15940.0,0.0,,E-MINI日经225指数1706,0.0,15940.0,15940.0
2016-01-21,NS1706,0.0,0.0,0.0,15610.0,0.0,,E-MINI日经225指数1706,0.0,15610.0,15610.0
2016-01-22,NS1706,0.0,0.0,0.0,16460.0,0.0,,E-MINI日经225指数1706,0.0,16460.0,16460.0
2016-01-25,NS1706,0.0,0.0,0.0,16775.0,0.0,,E-MINI日经225指数1706,0.0,16775.0,16775.0
2016-01-26,NS1706,0.0,0.0,0.0,16250.0,0.0,,E-MINI日经225指数1706,0.0,16250.0,16250.0
2016-01-27,NS1706,0.0,0.0,0.0,16800.0,0.0,,E-MINI日经225指数1706,0.0,16800.0,16800.0
2016-01-28,NS1706,0.0,0.0,0.0,16640.0,0.0,,E-MINI日经225指数1706,0.0,16640.0,16640.0
2016-01-29,NS1706,0.0,0.0,0.0,17300.0,0.0,,E-MINI日经225指数1706,0.0,17300.0,17300.0
2016-02-01,NS1706,0.0,0.0,0.0,17455.0,0.0,,E-MINI日经225指数1706,0.0,17455.0,17455.0
2016-02-02,NS1706,0.0,0.0,0.0,17390.0,0.0,,E-MINI日经225指数1706,0.0,17390.0,17390.0
2016-02-03,NS1706,0.0,0.0,0.0,16770.0,0.0,,E-MINI日经225指数1706,0.0,16770.0,16770.0
2016-02-04,NS1706,0.0,0.0,0.0,16690.0,0.0,,E-MINI日经225指数1706,0.0,16690.0,16690.0
2016-02-05,NS1706,0.0,0.0,0.0,16320.0,0.0,,E-MINI日经225指数1706,0.0,16320.0,16320.0
2016-02-08,NS1706,0.0,0.0,0.0,16575.0,0.0,,E-MINI日经225指数1706,0.0,16575.0,16575.0
2016-02-09,NS1706,0.0,0.0,0.0,15660.0,0.0,,E-MINI日经225指数1706,0.0,15660.0,15660.0
2016-02-10,NS1706,0.0,0.0,0.0,15285.0,0.0,,E-MINI日经225指数1706,0.0,15285.0,15285.0
2016-02-11,NS1706,0.0,0.0,0.0,14935.0,0.0,,E-MINI日经225指数1706,0.0,14935.0,14935.0
2016-02-12,NS1706,0.0,0.0,0.0,14370.0,0.0,,E-MINI日经225指数1706,0.0,14370.0,14370.0
2016-02-15,NS1706,0.0,0.0,0.0,15450.0,0.0,,E-MINI日经225指数1706,0.0,15450.0,15450.0
2016-02-16,NS1706,0.0,0.0,0.0,15635.0,0.0,,E-MINI日经225指数1706,0.0,15635.0,15635.0
2016-02-17,NS1706,0.0,0.0,0.0,15330.0,0.0,,E-MINI日经225指数1706,0.0,15330.0,15330.0
2016-02-18,NS1706,0.0,0.0,0.0,15785.0,0.0,,E-MINI日经225指数1706,0.0,15785.0,15785.0
2016-02-19,NS1706,0.0,0.0,0.0,15590.0,0.0,,E-MINI日经225指数1706,0.0,15590.0,15590.0
2016-02-22,NS1706,0.0,0.0,0.0,15655.0,0.0,,E-MINI日经225指数1706,0.0,15655.0,15655.0
2016-02-23,NS1706,0.0,0.0,0.0,15660.0,0.0,,E-MINI日经225指数1706,0.0,15660.0,15660.0
2016-02-24,NS1706,0.0,0.0,0.0,15495.0,0.0,,E-MINI日经225指数1706,0.0,15495.0,15495.0
2016-02-25,NS1706,0.0,0.0,0.0,15645.0,0.0,,E-MINI日经225指数1706,0.0,15645.0,15645.0
2016-02-26,NS1706,0.0,0.0,0.0,15805.0,0.0,,E-MINI日经225指数1706,0.0,15805.0,15805.0
2016-02-29,NS1706,0.0,0.0,0.0,15540.0,0.0,,E-MINI日经225指数1706,0.0,15540.0,15540.0
2016-03-01,NS1706,0.0,0.0,0.0,15645.0,0.0,,E-MINI日经225指数1706,0.0,15645.0,15645.0
2016-03-02,NS1706,0.0,0.0,0.0,16310.0,0.0,,E-MINI日经225指数1706,0.0,16310.0,16310.0
2016-03-03,NS1706,0.0,0.0,0.0,16535.0,0.0,,E-MINI日经225指数1706,0.0,16535.0,16535.0
2016-03-04,NS1706,0.0,0.0,0.0,16575.0,0.0,,E-MINI日经225指数1706,0.0,16575.0,16575.0
2016-03-07,NS1706,0.0,0.0,0.0,16515.0,0.0,,E-MINI日经225指数1706,0.0,16515.0,16515.0
2016-03-08,NS1706,0.0,0.0,0.0,16375.0,0.0,,E-MINI日经225指数1706,0.0,16375.0,16375.0
2016-03-09,NS1706,0.0,0.0,0.0,16230.0,0.0,,E-MINI日经225指数1706,0.0,16230.0,16230.0
2016-03-10,NS1706,0.0,0.0,0.0,16430.0,0.0,,E-MINI日经225指数1706,0.0,16430.0,16430.0
2016-03-11,NS1706,0.0,0.0,0.0,16545.0,0.0,,E-MINI日经225指数1706,0.0,16545.0,16545.0
2016-03-14,NS1706,0.0,0.0,0.0,16825.0,0.0,,E-MINI日经225指数1706,0.0,16825.0,16825.0
2016-03-15,NS1706,0.0,0.0,0.0,16660.0,0.0,,E-MINI日经225指数1706,0.0,16660.0,16660.0
2016-03-16,NS1706,0.0,0.0,0.0,16495.0,0.0,,E-MINI日经225指数1706,0.0,16495.0,16495.0
2016-03-17,NS1706,0.0,0.0,0.0,16515.0,0.0,,E-MINI日经225指数1706,0.0,16515.0,16515.0
2016-03-18,NS1706,0.0,0.0,0.0,16170.0,0.0,,E-MINI日经225指数1706,0.0,16170.0,16170.0
2016-03-21,NS1706,0.0,0.0,0.0,16245.0,0.0,,E-MINI日经225指数1706,0.0,16245.0,16245.0
2016-03-22,NS1706,0.0,0.0,0.0,16585.0,0.0,,E-MINI日经225指数1706,0.0,16585.0,16585.0
2016-03-23,NS1706,0.0,0.0,0.0,16555.0,0.0,,E-MINI日经225指数1706,0.0,16555.0,16555.0
2016-03-24,NS1706,0.0,0.0,0.0,16425.0,0.0,,E-MINI日经225指数1706,0.0,16425.0,16425.0
2016-03-25,NS1706,0.0,0.0,0.0,16580.0,0.0,,E-MINI日经225指数1706,0.0,16580.0,16580.0
2016-03-28,NS1706,0.0,0.0,0.0,16660.0,0.0,,E-MINI日经225指数1706,0.0,16660.0,16660.0
2016-03-29,NS1706,0.0,0.0,0.0,16760.0,0.0,,E-MINI日经225指数1706,0.0,16760.0,16760.0
2016-03-30,NS1706,0.0,0.0,0.0,16625.0,0.0,,E-MINI日经225指数1706,0.0,16625.0,16625.0
2016-03-31,NS1706,0.0,0.0,0.0,16475.0,0.0,,E-MINI日经225指数1706,0.0,16475.0,16475.0
2016-04-01,NS1706,0.0,0.0,0.0,15940.0,0.0,,E-MINI日经225指数1706,0.0,15940.0,15940.0
2016-04-04,NS1706,0.0,0.0,0.0,15755.0,0.0,,E-MINI日经225指数1706,0.0,15755.0,15755.0
2016-04-05,NS1706,0.0,0.0,0.0,15410.0,0.0,,E-MINI日经225指数1706,0.0,15410.0,15410.0
2016-04-06,NS1706,0.0,0.0,0.0,15415.0,0.0,,E-MINI日经225指数1706,0.0,15415.0,15415.0
2016-04-07,NS1706,0.0,0.0,0.0,15405.0,0.0,,E-MINI日经225指数1706,0.0,15405.0,15405.0
2016-04-08,NS1706,0.0,0.0,0.0,15510.0,0.0,,E-MINI日经225指数1706,0.0,15510.0,15510.0
2016-04-11,NS1706,0.0,0.0,0.0,15410.0,0.0,,E-MINI日经225指数1706,0.0,15410.0,15410.0
2016-04-12,NS1706,0.0,0.0,0.0,15615.0,0.0,,E-MINI日经225指数1706,0.0,15615.0,15615.0
2016-04-13,NS1706,0.0,0.0,0.0,16120.0,0.0,,E-MINI日经225指数1706,0.0,16120.0,16120.0
2016-04-14,NS1706,0.0,0.0,0.0,16540.0,0.0,,E-MINI日经225指数1706,0.0,16540.0,16540.0
2016-04-15,NS1706,0.0,0.0,0.0,16435.0,0.0,,E-MINI日经225指数1706,0.0,16435.0,16435.0
2016-04-18,NS1706,0.0,0.0,0.0,16005.0,0.0,,E-MINI日经225指数1706,0.0,16005.0,16005.0
2016-04-19,NS1706,0.0,0.0,0.0,16575.0,0.0,,E-MINI日经225指数1706,0.0,16575.0,16575.0
2016-04-20,NS1706,0.0,0.0,0.0,16570.0,0.0,,E-MINI日经225指数1706,0.0,16570.0,16570.0
2016-04-21,NS1706,0.0,0.0,0.0,17075.0,0.0,,E-MINI日经225指数1706,0.0,17075.0,17075.0
2016-04-22,NS1706,0.0,0.0,0.0,17270.0,0.0,,E-MINI日经225指数1706,0.0,17270.0,17270.0
2016-04-25,NS1706,0.0,0.0,0.0,17145.0,0.0,,E-MINI日经225指数1706,0.0,17145.0,17145.0
2016-04-26,NS1706,0.0,0.0,0.0,16995.0,0.0,,E-MINI日经225指数1706,0.0,16995.0,16995.0
2016-04-27,NS1706,0.0,0.0,0.0,16960.0,0.0,,E-MINI日经225指数1706,0.0,16960.0,16960.0
2016-04-28,NS1706,0.0,0.0,0.0,16195.0,0.0,,E-MINI日经225指数1706,0.0,16195.0,16195.0
2016-04-29,NS1706,0.0,0.0,0.0,15845.0,0.0,,E-MINI日经225指数1706,0.0,15845.0,15845.0
2016-05-02,NS1706,0.0,0.0,0.0,15850.0,0.0,,E-MINI日经225指数1706,0.0,15850.0,15850.0
2016-05-03,NS1706,0.0,0.0,0.0,15700.0,0.0,,E-MINI日经225指数1706,0.0,15700.0,15700.0
2016-05-04,NS1706,0.0,0.0,0.0,15670.0,0.0,,E-MINI日经225指数1706,0.0,15670.0,15670.0
2016-05-05,NS1706,0.0,0.0,0.0,15685.0,0.0,,E-MINI日经225指数1706,0.0,15685.0,15685.0
2016-05-06,NS1706,0.0,0.0,0.0,15725.0,0.0,,E-MINI日经225指数1706,0.0,15725.0,15725.0
2016-05-09,NS1706,0.0,0.0,0.0,15915.0,0.0,,E-MINI日经225指数1706,0.0,15915.0,15915.0
2016-05-10,NS1706,0.0,0.0,0.0,16270.0,0.0,,E-MINI日经225指数1706,0.0,16270.0,16270.0
2016-05-11,NS1706,0.0,0.0,0.0,16280.0,0.0,,E-MINI日经225指数1706,0.0,16280.0,16280.0
2016-05-12,NS1706,0.0,0.0,0.0,16380.0,0.0,,E-MINI日经225指数1706,0.0,16380.0,16380.0
2016-05-13,NS1706,0.0,0.0,0.0,16045.0,0.0,,E-MINI日经225指数1706,0.0,16045.0,16045.0
2016-05-16,NS1706,0.0,0.0,0.0,16230.0,0.0,,E-MINI日经225指数1706,0.0,16230.0,16230.0
2016-05-17,NS1706,0.0,0.0,0.0,16415.0,0.0,,E-MINI日经225指数1706,0.0,16415.0,16415.0
2016-05-18,NS1706,0.0,0.0,0.0,16270.0,0.0,,E-MINI日经225指数1706,0.0,16270.0,16270.0
2016-05-19,NS1706,0.0,0.0,0.0,16330.0,0.0,,E-MINI日经225指数1706,0.0,16330.0,16330.0
2016-05-20,NS1706,0.0,0.0,0.0,16435.0,0.0,,E-MINI日经225指数1706,0.0,16435.0,16435.0
2016-05-23,NS1706,0.0,0.0,0.0,16355.0,0.0,,E-MINI日经225指数1706,0.0,16355.0,16355.0
2016-05-24,NS1706,0.0,0.0,0.0,16195.0,0.0,,E-MINI日经225指数1706,0.0,16195.0,16195.0
2016-05-25,NS1706,0.0,0.0,0.0,16480.0,0.0,,E-MINI日经225指数1706,0.0,16480.0,16480.0
2016-05-26,NS1706,0.0,0.0,0.0,16515.0,0.0,,E-MINI日经225指数1706,0.0,16515.0,16515.0
2016-05-27,NS1706,0.0,0.0,0.0,16545.0,0.0,,E-MINI日经225指数1706,0.0,16545.0,16545.0
2016-05-30,NS1706,0.0,0.0,0.0,16780.0,0.0,,E-MINI日经225指数1706,0.0,16780.0,16780.0
2016-05-31,NS1706,0.0,0.0,0.0,16910.0,0.0,,E-MINI日经225指数1706,0.0,16910.0,16910.0
2016-06-01,NS1706,0.0,0.0,0.0,16680.0,0.0,,E-MINI日经225指数1706,0.0,16680.0,16680.0
2016-06-02,NS1706,0.0,0.0,0.0,16315.0,0.0,,E-MINI日经225指数1706,0.0,16315.0,16315.0
2016-06-03,NS1706,0.0,0.0,0.0,16350.0,0.0,,E-MINI日经225指数1706,0.0,16350.0,16350.0
2016-06-06,NS1706,0.0,0.0,0.0,16270.0,0.0,,E-MINI日经225指数1706,0.0,16270.0,16270.0
2016-06-07,NS1706,0.0,0.0,0.0,16415.0,0.0,,E-MINI日经225指数1706,0.0,16415.0,16415.0
2016-06-08,NS1706,0.0,0.0,0.0,16545.0,0.0,,E-MINI日经225指数1706,0.0,16545.0,16545.0
2016-06-09,NS1706,0.0,0.0,0.0,16340.0,0.0,,E-MINI日经225指数1706,0.0,16340.0,16340.0
2016-06-10,NS1706,0.0,0.0,0.0,16235.0,0.0,,E-MINI日经225指数1706,0.0,16235.0,16235.0
2016-06-13,NS1706,0.0,0.0,0.0,15705.0,0.0,,E-MINI日经225指数1706,0.0,15705.0,15705.0
2016-06-14,NS1706,0.0,0.0,0.0,15465.0,0.0,,E-MINI日经225指数1706,0.0,15465.0,15465.0
2016-06-15,NS1706,0.0,0.0,0.0,15625.0,0.0,,E-MINI日经225指数1706,0.0,15625.0,15625.0
2016-06-16,NS1706,0.0,0.0,0.0,15050.0,0.0,,E-MINI日经225指数1706,0.0,15050.0,15050.0
2016-06-17,NS1706,0.0,0.0,0.0,15250.0,0.0,,E-MINI日经225指数1706,0.0,15250.0,15250.0
2016-06-20,NS1706,0.0,0.0,0.0,15695.0,0.0,,E-MINI日经225指数1706,0.0,15695.0,15695.0
2016-06-21,NS1706,0.0,0.0,0.0,15880.0,0.0,,E-MINI日经225指数1706,0.0,15880.0,15880.0
2016-06-22,NS1706,0.0,0.0,0.0,15705.0,0.0,,E-MINI日经225指数1706,0.0,15705.0,15705.0
2016-06-23,NS1706,0.0,0.0,0.0,15905.0,0.0,,E-MINI日经225指数1706,0.0,15905.0,15905.0
2016-06-24,NS1706,0.0,0.0,0.0,14870.0,0.0,,E-MINI日经225指数1706,0.0,14870.0,14870.0
2016-06-27,NS1706,0.0,0.0,0.0,15075.0,0.0,,E-MINI日经225指数1706,0.0,15075.0,15075.0
2016-06-28,NS1706,0.0,0.0,0.0,15010.0,0.0,,E-MINI日经225指数1706,0.0,15010.0,15010.0
2016-06-29,NS1706,0.0,0.0,0.0,15295.0,0.0,,E-MINI日经225指数1706,0.0,15295.0,15295.0
2016-06-30,NS1706,0.0,0.0,0.0,15280.0,0.0,,E-MINI日经225指数1706,0.0,15280.0,15280.0
2016-07-01,NS1706,0.0,0.0,0.0,15380.0,0.0,,E-MINI日经225指数1706,0.0,15380.0,15380.0
2016-07-04,NS1706,0.0,0.0,0.0,15495.0,0.0,,E-MINI日经225指数1706,0.0,15495.0,15495.0
2016-07-05,NS1706,0.0,0.0,0.0,15305.0,0.0,,E-MINI日经225指数1706,0.0,15305.0,15305.0
2016-07-06,NS1706,0.0,0.0,0.0,15015.0,0.0,,E-MINI日经225指数1706,0.0,15015.0,15015.0
2016-07-07,NS1706,0.0,0.0,0.0,14995.0,0.0,,E-MINI日经225指数1706,0.0,14995.0,14995.0
2016-07-08,NS1706,0.0,0.0,0.0,14870.0,0.0,,E-MINI日经225指数1706,0.0,14870.0,14870.0
2016-07-11,NS1706,0.0,0.0,0.0,15445.0,0.0,,E-MINI日经225指数1706,0.0,15445.0,15445.0
2016-07-12,NS1706,0.0,0.0,0.0,15900.0,0.0,,E-MINI日经225指数1706,0.0,15900.0,15900.0
2016-07-13,NS1706,0.0,0.0,0.0,15935.0,0.0,,E-MINI日经225指数1706,0.0,15935.0,15935.0
2016-07-14,NS1706,0.0,0.0,0.0,16240.0,0.0,,E-MINI日经225指数1706,0.0,16240.0,16240.0
2016-07-15,NS1706,0.0,0.0,0.0,16280.0,0.0,,E-MINI日经225指数1706,0.0,16280.0,16280.0
2016-07-18,NS1706,0.0,0.0,0.0,16320.0,0.0,,E-MINI日经225指数1706,0.0,16320.0,16320.0
2016-07-19,NS1706,0.0,0.0,0.0,16380.0,0.0,,E-MINI日经225指数1706,0.0,16380.0,16380.0
2016-07-20,NS1706,0.0,0.0,0.0,16420.0,0.0,,E-MINI日经225指数1706,0.0,16420.0,16420.0
2016-07-21,NS1706,0.0,0.0,0.0,16555.0,0.0,,E-MINI日经225指数1706,0.0,16555.0,16555.0
2016-07-22,NS1706,0.0,0.0,0.0,16375.0,0.0,,E-MINI日经225指数1706,0.0,16375.0,16375.0
2016-07-25,NS1706,0.0,0.0,0.0,16340.0,0.0,,E-MINI日经225指数1706,0.0,16340.0,16340.0
2016-07-26,NS1706,0.0,0.0,0.0,16045.0,0.0,,E-MINI日经225指数1706,0.0,16045.0,16045.0
2016-07-27,NS1706,0.0,0.0,0.0,16480.0,0.0,,E-MINI日经225指数1706,0.0,16480.0,16480.0
2016-07-28,NS1706,0.0,0.0,0.0,16110.0,0.0,,E-MINI日经225指数1706,0.0,16110.0,16110.0
2016-07-29,NS1706,0.0,0.0,0.0,16305.0,0.0,,E-MINI日经225指数1706,0.0,16305.0,16305.0
2016-08-01,NS1706,0.0,0.0,0.0,16305.0,0.0,,E-MINI日经225指数1706,0.0,16305.0,16305.0
2016-08-02,NS1706,0.0,0.0,0.0,16070.0,0.0,,E-MINI日经225指数1706,0.0,16070.0,16070.0
2016-08-03,NS1706,0.0,0.0,0.0,15795.0,0.0,,E-MINI日经225指数1706,0.0,15795.0,15795.0
2016-08-04,NS1706,0.0,0.0,0.0,15905.0,0.0,,E-MINI日经225指数1706,0.0,15905.0,15905.0
2016-08-05,NS1706,0.0,0.0,0.0,15960.0,0.0,,E-MINI日经225指数1706,0.0,15960.0,15960.0
2016-08-08,NS1706,0.0,0.0,0.0,16335.0,0.0,,E-MINI日经225指数1706,0.0,16335.0,16335.0
2016-08-09,NS1706,0.0,0.0,0.0,16430.0,0.0,,E-MINI日经225指数1706,0.0,16430.0,16430.0
2016-08-10,NS1706,0.0,0.0,0.0,16470.0,0.0,,E-MINI日经225指数1706,0.0,16470.0,16470.0
2016-08-11,NS1706,0.0,0.0,0.0,16470.0,0.0,,E-MINI日经225指数1706,0.0,16470.0,16470.0
2016-08-12,NS1706,0.0,0.0,0.0,16635.0,0.0,,E-MINI日经225指数1706,0.0,16635.0,16635.0
2016-08-15,NS1706,0.0,0.0,0.0,16570.0,0.0,,E-MINI日经225指数1706,0.0,16570.0,16570.0
2016-08-16,NS1706,0.0,0.0,0.0,16345.0,0.0,,E-MINI日经225指数1706,0.0,16345.0,16345.0
2016-08-17,NS1706,0.0,0.0,0.0,16465.0,0.0,,E-MINI日经225指数1706,0.0,16465.0,16465.0
2016-08-18,NS1706,0.0,0.0,0.0,16245.0,0.0,,E-MINI日经225指数1706,0.0,16245.0,16245.0
2016-08-19,NS1706,0.0,0.0,0.0,16260.0,0.0,,E-MINI日经225指数1706,0.0,16260.0,16260.0
2016-08-22,NS1706,0.0,0.0,0.0,16285.0,0.0,,E-MINI日经225指数1706,0.0,16285.0,16285.0
2016-08-23,NS1706,0.0,0.0,0.0,16220.0,0.0,,E-MINI日经225指数1706,0.0,16220.0,16220.0
2016-08-24,NS1706,0.0,0.0,0.0,16270.0,0.0,,E-MINI日经225指数1706,0.0,16270.0,16270.0
2016-08-25,NS1706,0.0,0.0,0.0,16245.0,0.0,,E-MINI日经225指数1706,0.0,16245.0,16245.0
2016-08-26,NS1706,0.0,0.0,0.0,16135.0,0.0,,E-MINI日经225指数1706,0.0,16135.0,16135.0
2016-08-29,NS1706,0.0,0.0,0.0,16460.0,0.0,,E-MINI日经225指数1706,0.0,16460.0,16460.0
2016-08-30,NS1706,0.0,0.0,0.0,16475.0,0.0,,E-MINI日经225指数1706,0.0,16475.0,16475.0
2016-08-31,NS1706,0.0,0.0,0.0,16615.0,0.0,,E-MINI日经225指数1706,0.0,16615.0,16615.0
2016-09-01,NS1706,0.0,0.0,0.0,16665.0,0.0,,E-MINI日经225指数1706,0.0,16665.0,16665.0
2016-09-02,NS1706,0.0,0.0,0.0,16660.0,0.0,,E-MINI日经225指数1706,0.0,16660.0,16660.0
2016-09-05,NS1706,0.0,0.0,0.0,16760.0,0.0,,E-MINI日经225指数1706,0.0,16760.0,16760.0
2016-09-06,NS1706,0.0,0.0,0.0,16810.0,0.0,,E-MINI日经225指数1706,0.0,16810.0,16810.0
2016-09-07,NS1706,0.0,0.0,0.0,16705.0,0.0,,E-MINI日经225指数1706,0.0,16705.0,16705.0
2016-09-08,NS1706,0.0,0.0,0.0,16670.0,0.0,,E-MINI日经225指数1706,0.0,16670.0,16670.0
2016-09-09,NS1706,0.0,0.0,0.0,16695.0,0.0,,E-MINI日经225指数1706,0.0,16695.0,16695.0
2016-09-12,NS1706,0.0,0.0,0.0,16385.0,0.0,,E-MINI日经225指数1706,0.0,16385.0,16385.0
2016-09-13,NS1706,0.0,0.0,0.0,16445.0,0.0,,E-MINI日经225指数1706,0.0,16445.0,16445.0
2016-09-14,NS1706,0.0,0.0,0.0,16360.0,0.0,,E-MINI日经225指数1706,0.0,16360.0,16360.0
2016-09-15,NS1706,0.0,0.0,0.0,16105.0,0.0,,E-MINI日经225指数1706,0.0,16105.0,16105.0
2016-09-16,NS1706,0.0,0.0,0.0,16190.0,0.0,,E-MINI日经225指数1706,0.0,16190.0,16190.0
2016-09-19,NS1706,0.0,0.0,0.0,16140.0,0.0,,E-MINI日经225指数1706,0.0,16140.0,16140.0
2016-09-20,NS1706,0.0,0.0,0.0,16150.0,0.0,,E-MINI日经225指数1706,0.0,16150.0,16150.0
2016-09-21,NS1706,0.0,0.0,0.0,16550.0,0.0,,E-MINI日经225指数1706,0.0,16550.0,16550.0
2016-09-22,NS1706,0.0,0.0,0.0,16390.0,0.0,,E-MINI日经225指数1706,0.0,16390.0,16390.0
2016-09-23,NS1706,0.0,0.0,0.0,16395.0,0.0,,E-MINI日经225指数1706,0.0,16395.0,16395.0
2016-09-26,NS1706,0.0,0.0,0.0,16225.0,0.0,,E-MINI日经225指数1706,0.0,16225.0,16225.0
2016-09-27,NS1706,0.0,0.0,0.0,16380.0,0.0,,E-MINI日经225指数1706,0.0,16380.0,16380.0
2016-09-28,NS1706,0.0,0.0,0.0,16275.0,0.0,,E-MINI日经225指数1706,0.0,16275.0,16275.0
2016-09-29,NS1706,0.0,0.0,0.0,16525.0,0.0,,E-MINI日经225指数1706,0.0,16525.0,16525.0
2016-09-30,NS1706,0.0,0.0,0.0,16210.0,0.0,,E-MINI日经225指数1706,0.0,16210.0,16210.0
2016-10-03,NS1706,0.0,0.0,0.0,16425.0,0.0,,E-MINI日经225指数1706,0.0,16425.0,16425.0
2016-10-04,NS1706,0.0,0.0,0.0,16555.0,0.0,,E-MINI日经225指数1706,0.0,16555.0,16555.0
2016-10-05,NS1706,0.0,0.0,0.0,16615.0,0.0,,E-MINI日经225指数1706,0.0,16615.0,16615.0
2016-10-06,NS1706,0.0,0.0,0.0,16730.0,0.0,,E-MINI日经225指数1706,0.0,16730.0,16730.0
2016-10-07,NS1706,0.0,0.0,0.0,16715.0,0.0,,E-MINI日经225指数1706,0.0,16715.0,16715.0
2016-10-10,NS1706,0.0,0.0,0.0,16650.0,0.0,,E-MINI日经225指数1706,0.0,16650.0,16650.0
2016-10-11,NS1706,0.0,0.0,0.0,16825.0,0.0,,E-MINI日经225指数1706,0.0,16825.0,16825.0
2016-10-12,NS1706,0.0,0.0,0.0,16725.0,0.0,,E-MINI日经225指数1706,0.0,16725.0,16725.0
2016-10-13,NS1706,0.0,0.0,0.0,16620.0,0.0,,E-MINI日经225指数1706,0.0,16620.0,16620.0
2016-10-14,NS1706,0.0,0.0,0.0,16680.0,0.0,,E-MINI日经225指数1706,0.0,16680.0,16680.0
2016-10-17,NS1706,0.0,0.0,0.0,16710.0,0.0,,E-MINI日经225指数1706,0.0,16710.0,16710.0
2016-10-18,NS1706,0.0,0.0,0.0,16770.0,0.0,,E-MINI日经225指数1706,0.0,16770.0,16770.0
2016-10-19,NS1706,0.0,0.0,0.0,16830.0,0.0,,E-MINI日经225指数1706,0.0,16830.0,16830.0
2016-10-20,NS1706,0.0,0.0,0.0,17005.0,0.0,,E-MINI日经225指数1706,0.0,17005.0,17005.0
2016-10-21,NS1706,0.0,0.0,0.0,17060.0,0.0,,E-MINI日经225指数1706,0.0,17060.0,17060.0
2016-10-24,NS1706,0.0,0.0,0.0,17070.0,0.0,,E-MINI日经225指数1706,0.0,17070.0,17070.0
2016-10-25,NS1706,0.0,0.0,0.0,17215.0,0.0,,E-MINI日经225指数1706,0.0,17215.0,17215.0
2016-10-26,NS1706,0.0,0.0,0.0,17195.0,0.0,,E-MINI日经225指数1706,0.0,17195.0,17195.0
2016-10-27,NS1706,0.0,0.0,0.0,17205.0,0.0,,E-MINI日经225指数1706,0.0,17205.0,17205.0
2016-10-28,NS1706,0.0,0.0,0.0,17290.0,0.0,,E-MINI日经225指数1706,0.0,17290.0,17290.0
2016-10-31,NS1706,0.0,0.0,0.0,17270.0,0.0,,E-MINI日经225指数1706,0.0,17270.0,17270.0
2016-11-01,NS1706,0.0,0.0,0.0,17265.0,0.0,,E-MINI日经225指数1706,0.0,17265.0,17265.0
2016-11-02,NS1706,0.0,0.0,0.0,16920.0,0.0,,E-MINI日经225指数1706,0.0,16920.0,16920.0
2016-11-03,NS1706,0.0,0.0,0.0,16820.0,0.0,,E-MINI日经225指数1706,0.0,16820.0,16820.0
2016-11-04,NS1706,0.0,0.0,0.0,16730.0,0.0,,E-MINI日经225指数1706,0.0,16730.0,16730.0
2016-11-07,NS1706,0.0,0.0,0.0,17060.0,0.0,,E-MINI日经225指数1706,0.0,17060.0,17060.0
2016-11-08,NS1706,0.0,0.0,0.0,17040.0,0.0,,E-MINI日经225指数1706,0.0,17040.0,17040.0
2016-11-09,NS1706,0.0,0.0,0.0,16235.0,0.0,,E-MINI日经225指数1706,0.0,16235.0,16235.0
2016-11-10,NS1706,0.0,0.0,0.0,17165.0,0.0,,E-MINI日经225指数1706,0.0,17165.0,17165.0
2016-11-11,NS1706,0.0,0.0,0.0,17285.0,0.0,,E-MINI日经225指数1706,0.0,17285.0,17285.0
2016-11-14,NS1706,0.0,0.0,0.0,17445.0,0.0,,E-MINI日经225指数1706,0.0,17445.0,17445.0
2016-11-15,NS1706,0.0,0.0,0.0,17470.0,0.0,,E-MINI日经225指数1706,0.0,17470.0,17470.0
2016-11-16,NS1706,0.0,0.0,0.0,17700.0,0.0,,E-MINI日经225指数1706,0.0,17700.0,17700.0
2016-11-17,NS1706,0.0,0.0,0.0,17745.0,0.0,,E-MINI日经225指数1706,0.0,17745.0,17745.0
2016-11-18,NS1706,0.0,0.0,0.0,17825.0,0.0,,E-MINI日经225指数1706,0.0,17825.0,17825.0
2016-11-21,NS1706,0.0,0.0,0.0,17940.0,0.0,,E-MINI日经225指数1706,0.0,17940.0,17940.0
2016-11-22,NS1706,0.0,0.0,0.0,18025.0,0.0,,E-MINI日经225指数1706,0.0,18025.0,18025.0
2016-11-23,NS1706,0.0,0.0,0.0,18030.0,0.0,,E-MINI日经225指数1706,0.0,18030.0,18030.0
2016-11-24,NS1706,0.0,0.0,0.0,18220.0,0.0,,E-MINI日经225指数1706,0.0,18220.0,18220.0
2016-11-25,NS1706,0.0,0.0,0.0,18215.0,0.0,,E-MINI日经225指数1706,0.0,18215.0,18215.0
2016-11-28,NS1706,0.0,0.0,0.0,18150.0,0.0,,E-MINI日经225指数1706,0.0,18150.0,18150.0
2016-11-29,NS1706,0.0,0.0,0.0,18120.0,0.0,,E-MINI日经225指数1706,0.0,18120.0,18120.0
2016-11-30,NS1706,0.0,0.0,0.0,18210.0,0.0,,E-MINI日经225指数1706,0.0,18210.0,18210.0
2016-12-01,NS1706,0.0,0.0,0.0,18255.0,0.0,,E-MINI日经225指数1706,0.0,18255.0,18255.0
2016-12-02,NS1706,0.0,0.0,0.0,18160.0,0.0,,E-MINI日经225指数1706,0.0,18160.0,18160.0
2016-12-05,NS1706,0.0,0.0,0.0,18105.0,0.0,,E-MINI日经225指数1706,0.0,18105.0,18105.0
2016-12-06,NS1706,0.0,0.0,0.0,18270.0,0.0,,E-MINI日经225指数1706,0.0,18270.0,18270.0
2016-12-07,NS1706,0.0,0.0,0.0,18335.0,0.0,,E-MINI日经225指数1706,0.0,18335.0,18335.0
2016-12-08,NS1706,0.0,0.0,0.0,18625.0,0.0,,E-MINI日经225指数1706,0.0,18625.0,18625.0
2016-12-09,NS1706,0.0,0.0,0.0,18865.0,0.0,,E-MINI日经225指数1706,0.0,18865.0,18865.0
2016-12-12,NS1706,0.0,0.0,0.0,19065.0,0.0,,E-MINI日经225指数1706,0.0,19065.0,19065.0
2016-12-13,NS1706,0.0,0.0,0.0,19075.0,0.0,,E-MINI日经225指数1706,0.0,19075.0,19075.0
2016-12-14,NS1706,0.0,0.0,0.0,19060.0,0.0,,E-MINI日经225指数1706,0.0,19060.0,19060.0
2016-12-15,NS1706,0.0,0.0,0.0,19160.0,0.0,,E-MINI日经225指数1706,0.0,19160.0,19160.0
2016-12-16,NS1706,0.0,0.0,0.0,19275.0,0.0,,E-MINI日经225指数1706,0.0,19275.0,19275.0
2016-12-19,NS1706,0.0,0.0,0.0,19280.0,0.0,,E-MINI日经225指数1706,0.0,19280.0,19280.0
2016-12-20,NS1706,0.0,0.0,0.0,19350.0,0.0,,E-MINI日经225指数1706,0.0,19350.0,19350.0
2016-12-21,NS1706,0.0,0.0,0.0,19300.0,0.0,,E-MINI日经225指数1706,0.0,19300.0,19300.0
2016-12-22,NS1706,0.0,0.0,0.0,19225.0,0.0,,E-MINI日经225指数1706,0.0,19225.0,19225.0
2016-12-23,NS1706,0.0,0.0,0.0,19255.0,0.0,,E-MINI日经225指数1706,0.0,19255.0,19255.0
2016-12-26,NS1706,0.0,0.0,0.0,19175.0,0.0,,E-MINI日经225指数1706,0.0,19175.0,19175.0
2016-12-27,NS1706,0.0,0.0,0.0,19220.0,0.0,,E-MINI日经225指数1706,0.0,19220.0,19220.0
2016-12-28,NS1706,0.0,0.0,0.0,19330.0,0.0,,E-MINI日经225指数1706,0.0,19330.0,19330.0
2016-12-29,NS1706,0.0,0.0,0.0,18940.0,0.0,,E-MINI日经225指数1706,0.0,18940.0,18940.0
2016-12-30,NS1706,0.0,0.0,0.0,18945.0,0.0,,E-MINI日经225指数1706,0.0,18945.0,18945.0
2017-01-11,NS1706,0.0,0.0,0.0,19240.0,0.0,,E-MINI日经225指数1706,0.0,19240.0,19240.0
2017-01-12,NS1706,0.0,0.0,0.0,18995.0,0.0,,E-MINI日经225指数1706,0.0,18995.0,18995.0
2017-01-13,NS1706,0.0,0.0,0.0,19140.0,0.0,,E-MINI日经225指数1706,0.0,19140.0,19140.0
2017-01-16,NS1706,0.0,0.0,0.0,18935.0,0.0,,E-MINI日经225指数1706,0.0,18935.0,18935.0
2017-01-17,NS1706,0.0,0.0,0.0,18650.0,0.0,,E-MINI日经225指数1706,0.0,18650.0,18650.0
2017-01-18,NS1706,0.0,0.0,0.0,18695.0,0.0,,E-MINI日经225指数1706,0.0,18695.0,18695.0
2017-01-19,NS1706,0.0,0.0,0.0,18990.0,0.0,,E-MINI日经225指数1706,0.0,18990.0,18990.0
2017-01-20,NS1706,0.0,0.0,0.0,19020.0,0.0,,E-MINI日经225指数1706,0.0,19020.0,19020.0
2017-01-23,NS1706,0.0,0.0,0.0,18765.0,0.0,,E-MINI日经225指数1706,0.0,18765.0,18765.0
2017-01-24,NS1706,0.0,0.0,0.0,18715.0,0.0,,E-MINI日经225指数1706,0.0,18715.0,18715.0
2017-01-25,NS1706,0.0,0.0,0.0,18935.0,0.0,,E-MINI日经225指数1706,0.0,18935.0,18935.0
2017-01-26,NS1706,0.0,0.0,0.0,19350.0,0.0,,E-MINI日经225指数1706,0.0,19350.0,19350.0
2017-01-27,NS1706,0.0,0.0,0.0,19350.0,0.0,,E-MINI日经225指数1706,0.0,19350.0,19350.0
2017-01-30,NS1706,0.0,0.0,0.0,19200.0,0.0,,E-MINI日经225指数1706,0.0,19200.0,19200.0
2017-01-31,NS1706,0.0,0.0,0.0,18865.0,0.0,,E-MINI日经225指数1706,0.0,18865.0,18865.0
2017-02-01,NS1706,18864.0,18960.0,18864.0,18960.0,40.0,,E-MINI日经225指数1706,40.0,19080.0,18960.0
2017-02-02,NS1706,0.0,0.0,0.0,18820.0,0.0,,E-MINI日经225指数1706,20.0,18820.0,18820.0
2017-02-03,NS1706,0.0,0.0,0.0,18830.0,0.0,,E-MINI日经225指数1706,20.0,18830.0,18830.0
2017-02-06,NS1706,0.0,0.0,0.0,18825.0,0.0,,E-MINI日经225指数1706,20.0,18825.0,18825.0
2017-02-07,NS1706,0.0,0.0,0.0,18745.0,0.0,,E-MINI日经225指数1706,20.0,18745.0,18745.0
2017-02-08,NS1706,0.0,0.0,0.0,18865.0,0.0,,E-MINI日经225指数1706,20.0,18865.0,18865.0
2017-02-09,NS1706,0.0,0.0,0.0,18780.0,0.0,,E-MINI日经225指数1706,20.0,18780.0,18780.0
2017-02-10,NS1706,0.0,0.0,0.0,19260.0,0.0,,E-MINI日经225指数1706,20.0,19260.0,19260.0
2017-02-13,NS1706,0.0,0.0,0.0,19295.0,0.0,,E-MINI日经225指数1706,20.0,19295.0,19295.0
2017-02-14,NS1706,0.0,0.0,0.0,19125.0,0.0,,E-MINI日经225指数1706,20.0,19125.0,19125.0
2017-02-15,NS1706,0.0,0.0,0.0,19315.0,0.0,,E-MINI日经225指数1706,20.0,19315.0,19315.0
2017-02-16,NS1706,0.0,0.0,0.0,19200.0,0.0,,E-MINI日经225指数1706,20.0,19200.0,19200.0
2017-02-17,NS1706,0.0,0.0,0.0,19055.0,0.0,,E-MINI日经225指数1706,20.0,19055.0,19055.0
2017-02-20,NS1706,0.0,0.0,0.0,19125.0,0.0,,E-MINI日经225指数1706,20.0,19125.0,19125.0
2017-02-21,NS1706,0.0,0.0,0.0,19255.0,0.0,,E-MINI日经225指数1706,20.0,19255.0,19255.0
2017-02-22,NS1706,0.0,0.0,0.0,19250.0,0.0,,E-MINI日经225指数1706,20.0,19250.0,19250.0
2017-02-23,NS1706,0.0,0.0,0.0,19215.0,0.0,,E-MINI日经225指数1706,20.0,19215.0,19215.0
2017-02-24,NS1706,0.0,0.0,0.0,19150.0,0.0,,E-MINI日经225指数1706,20.0,19150.0,19150.0
2017-02-27,NS1706,0.0,0.0,0.0,19010.0,0.0,,E-MINI日经225指数1706,20.0,19010.0,19010.0
2017-02-28,NS1706,0.0,0.0,0.0,18995.0,0.0,,E-MINI日经225指数1706,20.0,18995.0,18995.0
2017-03-01,NS1706,0.0,0.0,0.0,19270.0,0.0,,E-MINI日经225指数1706,20.0,19270.0,19270.0
2017-03-02,NS1706,0.0,0.0,0.0,19510.0,0.0,,E-MINI日经225指数1706,20.0,19510.0,19510.0
2017-03-03,NS1706,0.0,0.0,0.0,19325.0,0.0,,E-MINI日经225指数1706,20.0,19325.0,19325.0
2017-03-06,NS1706,0.0,0.0,0.0,19215.0,1.0,,E-MINI日经225指数1706,21.0,19215.0,19215.0
2017-03-07,NS1706,0.0,0.0,0.0,19215.0,0.0,,E-MINI日经225指数1706,21.0,19215.0,19215.0
2017-03-08,NS1706,0.0,0.0,0.0,19120.0,0.0,,E-MINI日经225指数1706,21.0,19120.0,19120.0
2017-03-09,NS1706,0.0,0.0,0.0,19180.0,0.0,,E-MINI日经225指数1706,21.0,19180.0,19180.0
2017-03-10,NS1706,19465.0,19465.0,19455.0,19455.0,20.0,,E-MINI日经225指数1706,31.0,19475.0,19455.0
2017-03-13,NS1706,0.0,0.0,0.0,19505.0,0.0,,E-MINI日经225指数1706,31.0,19505.0,19505.0
2017-03-14,NS1706,0.0,0.0,0.0,19480.0,0.0,,E-MINI日经225指数1706,31.0,19480.0,19480.0
2017-03-15,NS1706,0.0,0.0,0.0,19460.0,0.0,,E-MINI日经225指数1706,31.0,19460.0,19460.0
2017-03-16,NS1706,19369.0,19369.0,19369.0,19369.0,2.0,,E-MINI日经225指数1706,31.0,19430.0,19369.0
2017-03-17,NS1706,19342.0,19342.0,19342.0,19342.0,2.0,,E-MINI日经225指数1706,31.0,19350.0,19342.0
2017-03-20,NS1706,0.0,0.0,0.0,19320.0,0.0,,E-MINI日经225指数1706,31.0,19320.0,19320.0
2017-03-21,NS1706,0.0,0.0,0.0,19315.0,0.0,,E-MINI日经225指数1706,31.0,19315.0,19315.0
2017-03-22,NS1706,0.0,0.0,0.0,18920.0,0.0,,E-MINI日经225指数1706,31.0,18920.0,18920.0
2017-03-23,NS1706,0.0,0.0,0.0,18940.0,0.0,,E-MINI日经225指数1706,31.0,18940.0,18940.0
2017-03-24,NS1706,19065.0,19100.0,19065.0,19100.0,2.0,,E-MINI日经225指数1706,33.0,19160.0,19100.0
2017-03-27,NS1706,0.0,0.0,0.0,18775.0,0.0,,E-MINI日经225指数1706,33.0,18775.0,18775.0
2017-03-28,NS1706,19050.0,19050.0,19050.0,19050.0,2.0,,E-MINI日经225指数1706,31.0,19040.0,19050.0
2017-03-29,NS1706,0.0,0.0,0.0,19205.0,0.0,,E-MINI日经225指数1706,31.0,19205.0,19205.0
2017-03-30,NS1706,0.0,0.0,0.0,19065.0,0.0,,E-MINI日经225指数1706,31.0,19065.0,19065.0
2017-03-31,NS1706,0.0,0.0,0.0,18900.0,0.0,,E-MINI日经225指数1706,31.0,18900.0,18900.0
2017-04-03,NS1706,0.0,0.0,0.0,19065.0,0.0,,E-MINI日经225指数1706,31.0,19065.0,19065.0
2017-04-04,NS1706,18522.0,19404.0,18522.0,19404.0,2.0,,E-MINI日经225指数1706,32.0,18815.0,19404.0
2017-04-05,NS1706,0.0,0.0,0.0,18870.0,0.0,,E-MINI日经225指数1706,32.0,18870.0,18870.0
2017-04-06,NS1706,0.0,0.0,0.0,18645.0,0.0,,E-MINI日经225指数1706,32.0,18645.0,18645.0
2017-04-07,NS1706,0.0,0.0,0.0,18720.0,0.0,,E-MINI日经225指数1706,32.0,18720.0,18720.0
2017-04-10,NS1706,0.0,0.0,0.0,18790.0,0.0,,E-MINI日经225指数1706,32.0,18790.0,18790.0
2017-04-11,NS1706,0.0,0.0,0.0,18710.0,0.0,,E-MINI日经225指数1706,32.0,18710.0,18710.0
2017-04-12,NS1706,0.0,0.0,0.0,18545.0,0.0,,E-MINI日经225指数1706,32.0,18545.0,18545.0
2017-04-13,NS1706,18450.0,18450.0,18450.0,18450.0,1.0,,E-MINI日经225指数1706,31.0,18400.0,18450.0
2017-04-14,NS1706,18360.0,18360.0,18350.0,18350.0,4.0,,E-MINI日经225指数1706,33.0,18310.0,18350.0
2017-04-17,NS1706,18285.0,18315.0,18285.0,18315.0,2.0,,E-MINI日经225指数1706,34.0,18320.0,18315.0
2017-04-18,NS1706,18312.0,18500.0,18312.0,18500.0,21.0,,E-MINI日经225指数1706,34.0,18425.0,18500.0
2017-04-19,NS1706,18400.0,18400.0,18400.0,18400.0,1.0,,E-MINI日经225指数1706,35.0,18425.0,18400.0
2017-04-20,NS1706,0.0,0.0,0.0,18450.0,0.0,,E-MINI日经225指数1706,35.0,18450.0,18450.0
2017-04-21,NS1706,0.0,0.0,0.0,18645.0,0.0,,E-MINI日经225指数1706,35.0,18645.0,18645.0
2017-04-24,NS1706,18750.0,18750.0,18750.0,18750.0,1.0,,E-MINI日经225指数1706,36.0,18925.0,18750.0
2017-04-25,NS1706,18750.0,19080.0,18750.0,19080.0,2.0,,E-MINI日经225指数1706,38.0,19090.0,19080.0
2017-04-26,NS1706,0.0,0.0,0.0,19280.0,0.0,,E-MINI日经225指数1706,38.0,19280.0,19280.0
2017-04-27,NS1706,19240.0,19240.0,19240.0,19240.0,1.0,,E-MINI日经225指数1706,38.0,19280.0,19240.0
2017-04-28,NS1706,0.0,0.0,0.0,19185.0,0.0,,E-MINI日经225指数1706,37.0,19185.0,19185.0
2017-05-01,NS1706,0.0,0.0,0.0,19320.0,0.0,,E-MINI日经225指数1706,37.0,19320.0,19320.0
2017-05-02,NS1706,0.0,0.0,0.0,19470.0,0.0,,E-MINI日经225指数1706,37.0,19470.0,19470.0
2017-05-03,NS1706,19500.0,19500.0,19500.0,19500.0,1.0,,E-MINI日经225指数1706,37.0,19460.0,19500.0
2017-05-04,NS1706,19615.0,19615.0,19615.0,19615.0,1.0,,E-MINI日经225指数1706,37.0,19570.0,19615.0
2017-05-05,NS1706,0.0,0.0,0.0,19495.0,0.0,,E-MINI日经225指数1706,37.0,19495.0,19495.0
2017-05-08,NS1706,19729.0,19899.0,19729.0,19899.0,13.0,,E-MINI日经225指数1706,37.0,19845.0,19899.0
2017-05-09,NS1706,19845.0,19845.0,19845.0,19845.0,1.0,,E-MINI日经225指数1706,37.0,19890.0,19845.0
2017-05-10,NS1706,19995.0,20001.0,19890.0,19908.0,5.0,,E-MINI日经225指数1706,36.0,19905.0,19908.0
2017-05-11,NS1706,19974.0,19974.0,19974.0,19974.0,1.0,,E-MINI日经225指数1706,37.0,19955.0,19974.0
2017-05-12,NS1706,19852.0,19921.0,19852.0,19921.0,21.0,,E-MINI日经225指数1706,47.0,19865.0,19921.0
2017-05-15,NS1706,19840.0,19840.0,19840.0,19840.0,10.0,,E-MINI日经225指数1706,47.0,19885.0,19840.0
2017-05-16,NS1706,0.0,0.0,0.0,19895.0,0.0,,E-MINI日经225指数1706,47.0,19895.0,19895.0
2017-05-17,NS1706,19795.0,19795.0,19795.0,19795.0,10.0,,E-MINI日经225指数1706,47.0,19770.0,19795.0
2017-05-18,NS1706,19519.0,19519.0,19519.0,19519.0,1.0,,E-MINI日经225指数1706,47.0,19590.0,19519.0
2017-05-19,NS1706,19557.0,19618.0,19308.0,19582.0,158.0,,E-MINI日经225指数1706,87.0,19575.0,19582.0
2017-05-22,NS1706,19613.0,19723.0,19598.0,19668.0,189.0,,E-MINI日经225指数1706,87.0,19680.0,19668.0
2017-05-23,NS1706,19668.0,19673.0,19587.0,19642.0,184.0,,E-MINI日经225指数1706,119.0,19650.0,19642.0
2017-05-24,NS1706,19679.0,19774.0,19661.0,19732.0,345.0,,E-MINI日经225指数1706,50.0,19730.0,19732.0
2017-05-25,NS1706,19759.0,19844.0,19706.0,19832.0,283.0,,E-MINI日经225指数1706,50.0,19815.0,19832.0
2017-05-26,NS1706,19808.0,19847.0,19691.0,19701.0,260.0,,E-MINI日经225指数1706,70.0,19705.0,19701.0
2017-05-29,NS1706,19686.0,19729.0,19608.0,19682.0,205.0,,E-MINI日经225指数1706,49.0,19690.0,19682.0
2017-05-30,NS1706,19678.0,19678.0,19579.0,19677.0,105.0,,E-MINI日经225指数1706,64.0,19665.0,19677.0
2017-05-31,NS1706,19663.0,19672.0,19631.0,19672.0,190.0,,E-MINI日经225指数1706,54.0,19665.0,19672.0
2017-06-01,NS1706,19678.0,19888.0,19611.0,19843.0,426.0,,E-MINI日经225指数1706,58.0,19855.0,19843.0
2017-06-02,NS1706,19847.0,20233.0,19841.0,20163.0,544.0,,E-MINI日经225指数1706,63.0,20165.0,20163.0
2017-06-05,NS1706,20167.0,20222.0,20092.0,20149.0,292.0,,E-MINI日经225指数1706,68.0,20155.0,20149.0
2017-06-06,NS1706,20164.0,20164.0,19958.0,19958.0,177.0,,E-MINI日经225指数1706,113.0,19965.0,19958.0
2017-06-07,NS1706,19967.0,19993.0,19903.0,19993.0,147.0,,E-MINI日经225指数1706,88.0,19940.0,19993.0
2017-06-08,NS1706,19963.0,19999.0,19943.0,19992.0,85.0,,E-MINI日经225指数1706,88.0,19960.0,19992.0
