date,symbol,open,high,low,close,volume,amount,name,openinterest,settleprice,price
2016-06-10,NS1712,0.0,0.0,0.0,16090.0,0.0,,E-MINI日经225指数1712,0.0,16090.0,16090.0
2016-06-13,NS1712,0.0,0.0,0.0,15565.0,0.0,,E-MINI日经225指数1712,0.0,15565.0,15565.0
2016-06-14,NS1712,0.0,0.0,0.0,15325.0,0.0,,E-MINI日经225指数1712,0.0,15325.0,15325.0
2016-06-15,NS1712,0.0,0.0,0.0,15485.0,0.0,,E-MINI日经225指数1712,0.0,15485.0,15485.0
2016-06-16,NS1712,0.0,0.0,0.0,14905.0,0.0,,E-MINI日经225指数1712,0.0,14905.0,14905.0
2016-06-17,NS1712,0.0,0.0,0.0,15110.0,0.0,,E-MINI日经225指数1712,0.0,15110.0,15110.0
2016-06-20,NS1712,0.0,0.0,0.0,15555.0,0.0,,E-MINI日经225指数1712,0.0,15555.0,15555.0
2016-06-21,NS1712,0.0,0.0,0.0,15740.0,0.0,,E-MINI日经225指数1712,0.0,15740.0,15740.0
2016-06-22,NS1712,0.0,0.0,0.0,15565.0,0.0,,E-MINI日经225指数1712,0.0,15565.0,15565.0
2016-06-23,NS1712,0.0,0.0,0.0,15760.0,0.0,,E-MINI日经225指数1712,0.0,15760.0,15760.0
2016-06-24,NS1712,0.0,0.0,0.0,14730.0,0.0,,E-MINI日经225指数1712,0.0,14730.0,14730.0
2016-06-27,NS1712,0.0,0.0,0.0,14930.0,0.0,,E-MINI日经225指数1712,0.0,14930.0,14930.0
2016-06-28,NS1712,0.0,0.0,0.0,14865.0,0.0,,E-MINI日经225指数1712,0.0,14865.0,14865.0
2016-06-29,NS1712,0.0,0.0,0.0,15150.0,0.0,,E-MINI日经225指数1712,0.0,15150.0,15150.0
2016-06-30,NS1712,0.0,0.0,0.0,15135.0,0.0,,E-MINI日经225指数1712,0.0,15135.0,15135.0
2016-07-01,NS1712,0.0,0.0,0.0,15235.0,0.0,,E-MINI日经225指数1712,0.0,15235.0,15235.0
2016-07-04,NS1712,0.0,0.0,0.0,15350.0,0.0,,E-MINI日经225指数1712,0.0,15350.0,15350.0
2016-07-05,NS1712,0.0,0.0,0.0,15165.0,0.0,,E-MINI日经225指数1712,0.0,15165.0,15165.0
2016-07-06,NS1712,0.0,0.0,0.0,14870.0,0.0,,E-MINI日经225指数1712,0.0,14870.0,14870.0
2016-07-07,NS1712,0.0,0.0,0.0,14855.0,0.0,,E-MINI日经225指数1712,0.0,14855.0,14855.0
2016-07-08,NS1712,0.0,0.0,0.0,14725.0,0.0,,E-MINI日经225指数1712,0.0,14725.0,14725.0
2016-07-11,NS1712,0.0,0.0,0.0,15300.0,0.0,,E-MINI日经225指数1712,0.0,15300.0,15300.0
2016-07-12,NS1712,0.0,0.0,0.0,15760.0,0.0,,E-MINI日经225指数1712,0.0,15760.0,15760.0
2016-07-13,NS1712,0.0,0.0,0.0,15790.0,0.0,,E-MINI日经225指数1712,0.0,15790.0,15790.0
2016-07-14,NS1712,0.0,0.0,0.0,16095.0,0.0,,E-MINI日经225指数1712,0.0,16095.0,16095.0
2016-07-15,NS1712,0.0,0.0,0.0,16135.0,0.0,,E-MINI日经225指数1712,0.0,16135.0,16135.0
2016-07-18,NS1712,0.0,0.0,0.0,16175.0,0.0,,E-MINI日经225指数1712,0.0,16175.0,16175.0
2016-07-19,NS1712,0.0,0.0,0.0,16235.0,0.0,,E-MINI日经225指数1712,0.0,16235.0,16235.0
2016-07-20,NS1712,0.0,0.0,0.0,16275.0,0.0,,E-MINI日经225指数1712,0.0,16275.0,16275.0
2016-07-21,NS1712,0.0,0.0,0.0,16415.0,0.0,,E-MINI日经225指数1712,0.0,16415.0,16415.0
2016-07-22,NS1712,0.0,0.0,0.0,16230.0,0.0,,E-MINI日经225指数1712,0.0,16230.0,16230.0
2016-07-25,NS1712,0.0,0.0,0.0,16200.0,0.0,,E-MINI日经225指数1712,0.0,16200.0,16200.0
2016-07-26,NS1712,0.0,0.0,0.0,15900.0,0.0,,E-MINI日经225指数1712,0.0,15900.0,15900.0
2016-07-27,NS1712,0.0,0.0,0.0,16340.0,0.0,,E-MINI日经225指数1712,0.0,16340.0,16340.0
2016-07-28,NS1712,0.0,0.0,0.0,15965.0,0.0,,E-MINI日经225指数1712,0.0,15965.0,15965.0
2016-07-29,NS1712,0.0,0.0,0.0,16165.0,0.0,,E-MINI日经225指数1712,0.0,16165.0,16165.0
2016-08-01,NS1712,0.0,0.0,0.0,16160.0,0.0,,E-MINI日经225指数1712,0.0,16160.0,16160.0
2016-08-02,NS1712,0.0,0.0,0.0,15925.0,0.0,,E-MINI日经225指数1712,0.0,15925.0,15925.0
2016-08-03,NS1712,0.0,0.0,0.0,15650.0,0.0,,E-MINI日经225指数1712,0.0,15650.0,15650.0
2016-08-04,NS1712,0.0,0.0,0.0,15765.0,0.0,,E-MINI日经225指数1712,0.0,15765.0,15765.0
2016-08-05,NS1712,0.0,0.0,0.0,15820.0,0.0,,E-MINI日经225指数1712,0.0,15820.0,15820.0
2016-08-08,NS1712,0.0,0.0,0.0,16190.0,0.0,,E-MINI日经225指数1712,0.0,16190.0,16190.0
2016-08-09,NS1712,0.0,0.0,0.0,16285.0,0.0,,E-MINI日经225指数1712,0.0,16285.0,16285.0
2016-08-10,NS1712,0.0,0.0,0.0,16330.0,0.0,,E-MINI日经225指数1712,0.0,16330.0,16330.0
2016-08-11,NS1712,0.0,0.0,0.0,16330.0,0.0,,E-MINI日经225指数1712,0.0,16330.0,16330.0
2016-08-12,NS1712,0.0,0.0,0.0,16495.0,0.0,,E-MINI日经225指数1712,0.0,16495.0,16495.0
2016-08-15,NS1712,0.0,0.0,0.0,16430.0,0.0,,E-MINI日经225指数1712,0.0,16430.0,16430.0
2016-08-16,NS1712,0.0,0.0,0.0,16200.0,0.0,,E-MINI日经225指数1712,0.0,16200.0,16200.0
2016-08-17,NS1712,0.0,0.0,0.0,16325.0,0.0,,E-MINI日经225指数1712,0.0,16325.0,16325.0
2016-08-18,NS1712,0.0,0.0,0.0,16105.0,0.0,,E-MINI日经225指数1712,0.0,16105.0,16105.0
2016-08-19,NS1712,0.0,0.0,0.0,16120.0,0.0,,E-MINI日经225指数1712,0.0,16120.0,16120.0
2016-08-22,NS1712,0.0,0.0,0.0,16140.0,0.0,,E-MINI日经225指数1712,0.0,16140.0,16140.0
2016-08-23,NS1712,0.0,0.0,0.0,16075.0,0.0,,E-MINI日经225指数1712,0.0,16075.0,16075.0
2016-08-24,NS1712,0.0,0.0,0.0,16125.0,0.0,,E-MINI日经225指数1712,0.0,16125.0,16125.0
2016-08-25,NS1712,0.0,0.0,0.0,16105.0,0.0,,E-MINI日经225指数1712,0.0,16105.0,16105.0
2016-08-26,NS1712,0.0,0.0,0.0,15995.0,0.0,,E-MINI日经225指数1712,0.0,15995.0,15995.0
2016-08-29,NS1712,0.0,0.0,0.0,16315.0,0.0,,E-MINI日经225指数1712,0.0,16315.0,16315.0
2016-08-30,NS1712,0.0,0.0,0.0,16330.0,0.0,,E-MINI日经225指数1712,0.0,16330.0,16330.0
2016-08-31,NS1712,0.0,0.0,0.0,16475.0,0.0,,E-MINI日经225指数1712,0.0,16475.0,16475.0
2016-09-01,NS1712,0.0,0.0,0.0,16525.0,0.0,,E-MINI日经225指数1712,0.0,16525.0,16525.0
2016-09-02,NS1712,0.0,0.0,0.0,16515.0,0.0,,E-MINI日经225指数1712,0.0,16515.0,16515.0
2016-09-05,NS1712,0.0,0.0,0.0,16620.0,0.0,,E-MINI日经225指数1712,0.0,16620.0,16620.0
2016-09-06,NS1712,0.0,0.0,0.0,16670.0,0.0,,E-MINI日经225指数1712,0.0,16670.0,16670.0
2016-09-07,NS1712,0.0,0.0,0.0,16565.0,0.0,,E-MINI日经225指数1712,0.0,16565.0,16565.0
2016-09-08,NS1712,0.0,0.0,0.0,16530.0,0.0,,E-MINI日经225指数1712,0.0,16530.0,16530.0
2016-09-09,NS1712,0.0,0.0,0.0,16550.0,0.0,,E-MINI日经225指数1712,0.0,16550.0,16550.0
2016-09-12,NS1712,0.0,0.0,0.0,16245.0,0.0,,E-MINI日经225指数1712,0.0,16245.0,16245.0
2016-09-13,NS1712,0.0,0.0,0.0,16305.0,0.0,,E-MINI日经225指数1712,0.0,16305.0,16305.0
2016-09-14,NS1712,0.0,0.0,0.0,16220.0,0.0,,E-MINI日经225指数1712,0.0,16220.0,16220.0
2016-09-15,NS1712,0.0,0.0,0.0,15965.0,0.0,,E-MINI日经225指数1712,0.0,15965.0,15965.0
2016-09-16,NS1712,0.0,0.0,0.0,16050.0,0.0,,E-MINI日经225指数1712,0.0,16050.0,16050.0
2016-09-19,NS1712,0.0,0.0,0.0,16000.0,0.0,,E-MINI日经225指数1712,0.0,16000.0,16000.0
2016-09-20,NS1712,0.0,0.0,0.0,16005.0,0.0,,E-MINI日经225指数1712,0.0,16005.0,16005.0
2016-09-21,NS1712,0.0,0.0,0.0,16410.0,0.0,,E-MINI日经225指数1712,0.0,16410.0,16410.0
2016-09-22,NS1712,0.0,0.0,0.0,16250.0,0.0,,E-MINI日经225指数1712,0.0,16250.0,16250.0
2016-09-23,NS1712,0.0,0.0,0.0,16255.0,0.0,,E-MINI日经225指数1712,0.0,16255.0,16255.0
2016-09-26,NS1712,0.0,0.0,0.0,16085.0,0.0,,E-MINI日经225指数1712,0.0,16085.0,16085.0
2016-09-27,NS1712,0.0,0.0,0.0,16240.0,0.0,,E-MINI日经225指数1712,0.0,16240.0,16240.0
2016-09-28,NS1712,0.0,0.0,0.0,16125.0,0.0,,E-MINI日经225指数1712,0.0,16125.0,16125.0
2016-09-29,NS1712,0.0,0.0,0.0,16380.0,0.0,,E-MINI日经225指数1712,0.0,16380.0,16380.0
2016-09-30,NS1712,0.0,0.0,0.0,16065.0,0.0,,E-MINI日经225指数1712,0.0,16065.0,16065.0
2016-10-03,NS1712,0.0,0.0,0.0,16280.0,0.0,,E-MINI日经225指数1712,0.0,16280.0,16280.0
2016-10-04,NS1712,0.0,0.0,0.0,16415.0,0.0,,E-MINI日经225指数1712,0.0,16415.0,16415.0
2016-10-05,NS1712,0.0,0.0,0.0,16470.0,0.0,,E-MINI日经225指数1712,0.0,16470.0,16470.0
2016-10-06,NS1712,0.0,0.0,0.0,16585.0,0.0,,E-MINI日经225指数1712,0.0,16585.0,16585.0
2016-10-07,NS1712,0.0,0.0,0.0,16575.0,0.0,,E-MINI日经225指数1712,0.0,16575.0,16575.0
2016-10-10,NS1712,0.0,0.0,0.0,16510.0,0.0,,E-MINI日经225指数1712,0.0,16510.0,16510.0
2016-10-11,NS1712,0.0,0.0,0.0,16685.0,0.0,,E-MINI日经225指数1712,0.0,16685.0,16685.0
2016-10-12,NS1712,0.0,0.0,0.0,16585.0,0.0,,E-MINI日经225指数1712,0.0,16585.0,16585.0
2016-10-13,NS1712,0.0,0.0,0.0,16475.0,0.0,,E-MINI日经225指数1712,0.0,16475.0,16475.0
2016-10-14,NS1712,0.0,0.0,0.0,16540.0,0.0,,E-MINI日经225指数1712,0.0,16540.0,16540.0
2016-10-17,NS1712,0.0,0.0,0.0,16570.0,0.0,,E-MINI日经225指数1712,0.0,16570.0,16570.0
2016-10-18,NS1712,0.0,0.0,0.0,16625.0,0.0,,E-MINI日经225指数1712,0.0,16625.0,16625.0
2016-10-19,NS1712,0.0,0.0,0.0,16685.0,0.0,,E-MINI日经225指数1712,0.0,16685.0,16685.0
2016-10-20,NS1712,0.0,0.0,0.0,16865.0,0.0,,E-MINI日经225指数1712,0.0,16865.0,16865.0
2016-10-21,NS1712,0.0,0.0,0.0,16915.0,0.0,,E-MINI日经225指数1712,0.0,16915.0,16915.0
2016-10-24,NS1712,0.0,0.0,0.0,16925.0,0.0,,E-MINI日经225指数1712,0.0,16925.0,16925.0
2016-10-25,NS1712,0.0,0.0,0.0,17075.0,0.0,,E-MINI日经225指数1712,0.0,17075.0,17075.0
2016-10-26,NS1712,0.0,0.0,0.0,17055.0,0.0,,E-MINI日经225指数1712,0.0,17055.0,17055.0
2016-10-27,NS1712,0.0,0.0,0.0,17065.0,0.0,,E-MINI日经225指数1712,0.0,17065.0,17065.0
2016-10-28,NS1712,0.0,0.0,0.0,17150.0,0.0,,E-MINI日经225指数1712,0.0,17150.0,17150.0
2016-10-31,NS1712,0.0,0.0,0.0,17130.0,0.0,,E-MINI日经225指数1712,0.0,17130.0,17130.0
2016-11-01,NS1712,0.0,0.0,0.0,17125.0,0.0,,E-MINI日经225指数1712,0.0,17125.0,17125.0
2016-11-02,NS1712,0.0,0.0,0.0,16775.0,0.0,,E-MINI日经225指数1712,0.0,16775.0,16775.0
2016-11-03,NS1712,0.0,0.0,0.0,16675.0,0.0,,E-MINI日经225指数1712,0.0,16675.0,16675.0
2016-11-04,NS1712,0.0,0.0,0.0,16585.0,0.0,,E-MINI日经225指数1712,0.0,16585.0,16585.0
2016-11-07,NS1712,0.0,0.0,0.0,16920.0,0.0,,E-MINI日经225指数1712,0.0,16920.0,16920.0
2016-11-08,NS1712,0.0,0.0,0.0,16900.0,0.0,,E-MINI日经225指数1712,0.0,16900.0,16900.0
2016-11-09,NS1712,0.0,0.0,0.0,16090.0,0.0,,E-MINI日经225指数1712,0.0,16090.0,16090.0
2016-11-10,NS1712,0.0,0.0,0.0,17020.0,0.0,,E-MINI日经225指数1712,0.0,17020.0,17020.0
2016-11-11,NS1712,0.0,0.0,0.0,17140.0,0.0,,E-MINI日经225指数1712,0.0,17140.0,17140.0
2016-11-14,NS1712,0.0,0.0,0.0,17305.0,0.0,,E-MINI日经225指数1712,0.0,17305.0,17305.0
2016-11-15,NS1712,0.0,0.0,0.0,17330.0,0.0,,E-MINI日经225指数1712,0.0,17330.0,17330.0
2016-11-16,NS1712,0.0,0.0,0.0,17560.0,0.0,,E-MINI日经225指数1712,0.0,17560.0,17560.0
2016-11-17,NS1712,0.0,0.0,0.0,17605.0,0.0,,E-MINI日经225指数1712,0.0,17605.0,17605.0
2016-11-18,NS1712,0.0,0.0,0.0,17685.0,0.0,,E-MINI日经225指数1712,0.0,17685.0,17685.0
2016-11-21,NS1712,0.0,0.0,0.0,17795.0,0.0,,E-MINI日经225指数1712,0.0,17795.0,17795.0
2016-11-22,NS1712,0.0,0.0,0.0,17885.0,0.0,,E-MINI日经225指数1712,0.0,17885.0,17885.0
2016-11-23,NS1712,0.0,0.0,0.0,17890.0,0.0,,E-MINI日经225指数1712,0.0,17890.0,17890.0
2016-11-24,NS1712,0.0,0.0,0.0,18080.0,0.0,,E-MINI日经225指数1712,0.0,18080.0,18080.0
2016-11-25,NS1712,0.0,0.0,0.0,18075.0,0.0,,E-MINI日经225指数1712,0.0,18075.0,18075.0
2016-11-28,NS1712,0.0,0.0,0.0,18010.0,0.0,,E-MINI日经225指数1712,0.0,18010.0,18010.0
2016-11-29,NS1712,0.0,0.0,0.0,17980.0,0.0,,E-MINI日经225指数1712,0.0,17980.0,17980.0
2016-11-30,NS1712,0.0,0.0,0.0,18070.0,0.0,,E-MINI日经225指数1712,0.0,18070.0,18070.0
2016-12-01,NS1712,0.0,0.0,0.0,18115.0,0.0,,E-MINI日经225指数1712,0.0,18115.0,18115.0
2016-12-02,NS1712,0.0,0.0,0.0,18020.0,0.0,,E-MINI日经225指数1712,0.0,18020.0,18020.0
2016-12-05,NS1712,0.0,0.0,0.0,17960.0,0.0,,E-MINI日经225指数1712,0.0,17960.0,17960.0
2016-12-06,NS1712,0.0,0.0,0.0,18125.0,0.0,,E-MINI日经225指数1712,0.0,18125.0,18125.0
2016-12-07,NS1712,0.0,0.0,0.0,18195.0,0.0,,E-MINI日经225指数1712,0.0,18195.0,18195.0
2016-12-08,NS1712,0.0,0.0,0.0,18480.0,0.0,,E-MINI日经225指数1712,0.0,18480.0,18480.0
2016-12-09,NS1712,0.0,0.0,0.0,18725.0,0.0,,E-MINI日经225指数1712,0.0,18725.0,18725.0
2016-12-12,NS1712,0.0,0.0,0.0,18920.0,0.0,,E-MINI日经225指数1712,0.0,18920.0,18920.0
2016-12-13,NS1712,0.0,0.0,0.0,18930.0,0.0,,E-MINI日经225指数1712,0.0,18930.0,18930.0
2016-12-14,NS1712,0.0,0.0,0.0,18920.0,0.0,,E-MINI日经225指数1712,0.0,18920.0,18920.0
2016-12-15,NS1712,0.0,0.0,0.0,19020.0,0.0,,E-MINI日经225指数1712,0.0,19020.0,19020.0
2016-12-16,NS1712,0.0,0.0,0.0,19135.0,0.0,,E-MINI日经225指数1712,0.0,19135.0,19135.0
2016-12-19,NS1712,0.0,0.0,0.0,19140.0,0.0,,E-MINI日经225指数1712,0.0,19140.0,19140.0
2016-12-20,NS1712,0.0,0.0,0.0,19210.0,0.0,,E-MINI日经225指数1712,0.0,19210.0,19210.0
2016-12-21,NS1712,0.0,0.0,0.0,19160.0,0.0,,E-MINI日经225指数1712,0.0,19160.0,19160.0
2016-12-22,NS1712,0.0,0.0,0.0,19085.0,0.0,,E-MINI日经225指数1712,0.0,19085.0,19085.0
2016-12-23,NS1712,0.0,0.0,0.0,19115.0,0.0,,E-MINI日经225指数1712,0.0,19115.0,19115.0
2016-12-26,NS1712,0.0,0.0,0.0,19030.0,0.0,,E-MINI日经225指数1712,0.0,19030.0,19030.0
2016-12-27,NS1712,0.0,0.0,0.0,19080.0,0.0,,E-MINI日经225指数1712,0.0,19080.0,19080.0
2016-12-28,NS1712,0.0,0.0,0.0,19190.0,0.0,,E-MINI日经225指数1712,0.0,19190.0,19190.0
2016-12-29,NS1712,0.0,0.0,0.0,18800.0,0.0,,E-MINI日经225指数1712,0.0,18800.0,18800.0
2016-12-30,NS1712,0.0,0.0,0.0,18800.0,0.0,,E-MINI日经225指数1712,0.0,18800.0,18800.0
2017-01-11,NS1712,0.0,0.0,0.0,19095.0,0.0,,E-MINI日经225指数1712,0.0,19095.0,19095.0
2017-01-12,NS1712,0.0,0.0,0.0,18850.0,0.0,,E-MINI日经225指数1712,0.0,18850.0,18850.0
2017-01-13,NS1712,0.0,0.0,0.0,19000.0,0.0,,E-MINI日经225指数1712,0.0,19000.0,19000.0
2017-01-16,NS1712,0.0,0.0,0.0,18790.0,0.0,,E-MINI日经225指数1712,0.0,18790.0,18790.0
2017-01-17,NS1712,0.0,0.0,0.0,18510.0,0.0,,E-MINI日经225指数1712,0.0,18510.0,18510.0
2017-01-18,NS1712,0.0,0.0,0.0,18555.0,0.0,,E-MINI日经225指数1712,0.0,18555.0,18555.0
2017-01-19,NS1712,0.0,0.0,0.0,18850.0,0.0,,E-MINI日经225指数1712,0.0,18850.0,18850.0
2017-01-20,NS1712,0.0,0.0,0.0,18880.0,0.0,,E-MINI日经225指数1712,0.0,18880.0,18880.0
2017-01-23,NS1712,0.0,0.0,0.0,18620.0,0.0,,E-MINI日经225指数1712,0.0,18620.0,18620.0
2017-01-24,NS1712,0.0,0.0,0.0,18575.0,0.0,,E-MINI日经225指数1712,0.0,18575.0,18575.0
2017-01-25,NS1712,0.0,0.0,0.0,18810.0,0.0,,E-MINI日经225指数1712,0.0,18810.0,18810.0
2017-01-26,NS1712,0.0,0.0,0.0,19210.0,0.0,,E-MINI日经225指数1712,0.0,19210.0,19210.0
2017-01-27,NS1712,0.0,0.0,0.0,19210.0,0.0,,E-MINI日经225指数1712,0.0,19210.0,19210.0
2017-01-30,NS1712,0.0,0.0,0.0,19055.0,0.0,,E-MINI日经225指数1712,0.0,19055.0,19055.0
2017-01-31,NS1712,0.0,0.0,0.0,18725.0,0.0,,E-MINI日经225指数1712,0.0,18725.0,18725.0
2017-02-01,NS1712,0.0,0.0,0.0,18940.0,0.0,,E-MINI日经225指数1712,0.0,18940.0,18940.0
2017-02-02,NS1712,0.0,0.0,0.0,18675.0,0.0,,E-MINI日经225指数1712,0.0,18675.0,18675.0
2017-02-03,NS1712,0.0,0.0,0.0,18690.0,0.0,,E-MINI日经225指数1712,0.0,18690.0,18690.0
2017-02-06,NS1712,0.0,0.0,0.0,18680.0,0.0,,E-MINI日经225指数1712,0.0,18680.0,18680.0
2017-02-07,NS1712,0.0,0.0,0.0,18605.0,0.0,,E-MINI日经225指数1712,0.0,18605.0,18605.0
2017-02-08,NS1712,0.0,0.0,0.0,18720.0,0.0,,E-MINI日经225指数1712,0.0,18720.0,18720.0
2017-02-09,NS1712,0.0,0.0,0.0,18635.0,0.0,,E-MINI日经225指数1712,0.0,18635.0,18635.0
2017-02-10,NS1712,0.0,0.0,0.0,19115.0,0.0,,E-MINI日经225指数1712,0.0,19115.0,19115.0
2017-02-13,NS1712,0.0,0.0,0.0,19150.0,0.0,,E-MINI日经225指数1712,0.0,19150.0,19150.0
2017-02-14,NS1712,0.0,0.0,0.0,18980.0,0.0,,E-MINI日经225指数1712,0.0,18980.0,18980.0
2017-02-15,NS1712,0.0,0.0,0.0,19170.0,0.0,,E-MINI日经225指数1712,0.0,19170.0,19170.0
2017-02-16,NS1712,0.0,0.0,0.0,19060.0,0.0,,E-MINI日经225指数1712,0.0,19060.0,19060.0
2017-02-17,NS1712,0.0,0.0,0.0,18910.0,0.0,,E-MINI日经225指数1712,0.0,18910.0,18910.0
2017-02-20,NS1712,0.0,0.0,0.0,18985.0,0.0,,E-MINI日经225指数1712,0.0,18985.0,18985.0
2017-02-21,NS1712,0.0,0.0,0.0,19115.0,0.0,,E-MINI日经225指数1712,0.0,19115.0,19115.0
2017-02-22,NS1712,0.0,0.0,0.0,19110.0,0.0,,E-MINI日经225指数1712,0.0,19110.0,19110.0
2017-02-23,NS1712,0.0,0.0,0.0,19075.0,0.0,,E-MINI日经225指数1712,0.0,19075.0,19075.0
2017-02-24,NS1712,0.0,0.0,0.0,19005.0,0.0,,E-MINI日经225指数1712,0.0,19005.0,19005.0
2017-02-27,NS1712,0.0,0.0,0.0,18865.0,0.0,,E-MINI日经225指数1712,0.0,18865.0,18865.0
2017-02-28,NS1712,0.0,0.0,0.0,18850.0,0.0,,E-MINI日经225指数1712,0.0,18850.0,18850.0
2017-03-01,NS1712,0.0,0.0,0.0,19125.0,0.0,,E-MINI日经225指数1712,0.0,19125.0,19125.0
2017-03-02,NS1712,0.0,0.0,0.0,19365.0,0.0,,E-MINI日经225指数1712,0.0,19365.0,19365.0
2017-03-03,NS1712,0.0,0.0,0.0,19185.0,0.0,,E-MINI日经225指数1712,0.0,19185.0,19185.0
2017-03-06,NS1712,0.0,0.0,0.0,19075.0,0.0,,E-MINI日经225指数1712,0.0,19075.0,19075.0
2017-03-07,NS1712,0.0,0.0,0.0,19070.0,0.0,,E-MINI日经225指数1712,0.0,19070.0,19070.0
2017-03-08,NS1712,0.0,0.0,0.0,18975.0,0.0,,E-MINI日经225指数1712,0.0,18975.0,18975.0
2017-03-09,NS1712,0.0,0.0,0.0,19030.0,0.0,,E-MINI日经225指数1712,0.0,19030.0,19030.0
2017-03-10,NS1712,0.0,0.0,0.0,19330.0,0.0,,E-MINI日经225指数1712,0.0,19330.0,19330.0
2017-03-13,NS1712,0.0,0.0,0.0,19360.0,0.0,,E-MINI日经225指数1712,0.0,19360.0,19360.0
2017-03-14,NS1712,0.0,0.0,0.0,19335.0,0.0,,E-MINI日经225指数1712,0.0,19335.0,19335.0
2017-03-15,NS1712,0.0,0.0,0.0,19320.0,0.0,,E-MINI日经225指数1712,0.0,19320.0,19320.0
2017-03-16,NS1712,0.0,0.0,0.0,19285.0,0.0,,E-MINI日经225指数1712,0.0,19285.0,19285.0
2017-03-17,NS1712,0.0,0.0,0.0,19210.0,0.0,,E-MINI日经225指数1712,0.0,19210.0,19210.0
2017-03-20,NS1712,0.0,0.0,0.0,19175.0,0.0,,E-MINI日经225指数1712,0.0,19175.0,19175.0
2017-03-21,NS1712,0.0,0.0,0.0,19170.0,0.0,,E-MINI日经225指数1712,0.0,19170.0,19170.0
2017-03-22,NS1712,0.0,0.0,0.0,18775.0,0.0,,E-MINI日经225指数1712,0.0,18775.0,18775.0
2017-03-23,NS1712,0.0,0.0,0.0,18795.0,0.0,,E-MINI日经225指数1712,0.0,18795.0,18795.0
2017-03-24,NS1712,0.0,0.0,0.0,19020.0,0.0,,E-MINI日经225指数1712,0.0,19020.0,19020.0
2017-03-27,NS1712,0.0,0.0,0.0,18630.0,0.0,,E-MINI日经225指数1712,0.0,18630.0,18630.0
2017-03-28,NS1712,0.0,0.0,0.0,18895.0,0.0,,E-MINI日经225指数1712,0.0,18895.0,18895.0
2017-03-29,NS1712,0.0,0.0,0.0,19060.0,0.0,,E-MINI日经225指数1712,0.0,19060.0,19060.0
2017-03-30,NS1712,0.0,0.0,0.0,18920.0,0.0,,E-MINI日经225指数1712,0.0,18920.0,18920.0
2017-03-31,NS1712,0.0,0.0,0.0,18755.0,0.0,,E-MINI日经225指数1712,0.0,18755.0,18755.0
2017-04-03,NS1712,0.0,0.0,0.0,18920.0,0.0,,E-MINI日经225指数1712,0.0,18920.0,18920.0
2017-04-04,NS1712,0.0,0.0,0.0,18670.0,0.0,,E-MINI日经225指数1712,0.0,18670.0,18670.0
2017-04-05,NS1712,0.0,0.0,0.0,18720.0,0.0,,E-MINI日经225指数1712,0.0,18720.0,18720.0
2017-04-06,NS1712,0.0,0.0,0.0,18495.0,0.0,,E-MINI日经225指数1712,0.0,18495.0,18495.0
2017-04-07,NS1712,0.0,0.0,0.0,18575.0,0.0,,E-MINI日经225指数1712,0.0,18575.0,18575.0
2017-04-10,NS1712,0.0,0.0,0.0,18645.0,0.0,,E-MINI日经225指数1712,0.0,18645.0,18645.0
2017-04-11,NS1712,0.0,0.0,0.0,18565.0,0.0,,E-MINI日经225指数1712,0.0,18565.0,18565.0
2017-04-12,NS1712,0.0,0.0,0.0,18395.0,0.0,,E-MINI日经225指数1712,0.0,18395.0,18395.0
2017-04-13,NS1712,0.0,0.0,0.0,18250.0,0.0,,E-MINI日经225指数1712,0.0,18250.0,18250.0
2017-04-14,NS1712,0.0,0.0,0.0,18165.0,0.0,,E-MINI日经225指数1712,0.0,18165.0,18165.0
2017-04-17,NS1712,0.0,0.0,0.0,18175.0,0.0,,E-MINI日经225指数1712,0.0,18175.0,18175.0
2017-04-18,NS1712,0.0,0.0,0.0,18280.0,0.0,,E-MINI日经225指数1712,0.0,18280.0,18280.0
2017-04-19,NS1712,0.0,0.0,0.0,18275.0,0.0,,E-MINI日经225指数1712,0.0,18275.0,18275.0
2017-04-20,NS1712,0.0,0.0,0.0,18305.0,0.0,,E-MINI日经225指数1712,0.0,18305.0,18305.0
2017-04-21,NS1712,0.0,0.0,0.0,18500.0,0.0,,E-MINI日经225指数1712,0.0,18500.0,18500.0
2017-04-24,NS1712,0.0,0.0,0.0,18780.0,0.0,,E-MINI日经225指数1712,0.0,18780.0,18780.0
2017-04-25,NS1712,0.0,0.0,0.0,18945.0,0.0,,E-MINI日经225指数1712,0.0,18945.0,18945.0
2017-04-26,NS1712,0.0,0.0,0.0,19135.0,0.0,,E-MINI日经225指数1712,0.0,19135.0,19135.0
2017-04-27,NS1712,0.0,0.0,0.0,19130.0,0.0,,E-MINI日经225指数1712,0.0,19130.0,19130.0
2017-04-28,NS1712,0.0,0.0,0.0,19035.0,0.0,,E-MINI日经225指数1712,0.0,19035.0,19035.0
2017-05-01,NS1712,0.0,0.0,0.0,19170.0,0.0,,E-MINI日经225指数1712,0.0,19170.0,19170.0
2017-05-02,NS1712,0.0,0.0,0.0,19320.0,0.0,,E-MINI日经225指数1712,0.0,19320.0,19320.0
2017-05-03,NS1712,0.0,0.0,0.0,19310.0,0.0,,E-MINI日经225指数1712,0.0,19310.0,19310.0
2017-05-04,NS1712,0.0,0.0,0.0,19420.0,0.0,,E-MINI日经225指数1712,0.0,19420.0,19420.0
2017-05-05,NS1712,0.0,0.0,0.0,19345.0,0.0,,E-MINI日经225指数1712,0.0,19345.0,19345.0
2017-05-08,NS1712,0.0,0.0,0.0,19695.0,0.0,,E-MINI日经225指数1712,0.0,19695.0,19695.0
2017-05-09,NS1712,0.0,0.0,0.0,19735.0,0.0,,E-MINI日经225指数1712,0.0,19735.0,19735.0
2017-05-10,NS1712,0.0,0.0,0.0,19755.0,0.0,,E-MINI日经225指数1712,0.0,19755.0,19755.0
2017-05-11,NS1712,0.0,0.0,0.0,19805.0,0.0,,E-MINI日经225指数1712,0.0,19805.0,19805.0
2017-05-12,NS1712,0.0,0.0,0.0,19710.0,0.0,,E-MINI日经225指数1712,0.0,19710.0,19710.0
2017-05-15,NS1712,0.0,0.0,0.0,19730.0,0.0,,E-MINI日经225指数1712,0.0,19730.0,19730.0
2017-05-16,NS1712,0.0,0.0,0.0,19740.0,0.0,,E-MINI日经225指数1712,0.0,19740.0,19740.0
2017-05-17,NS1712,0.0,0.0,0.0,19615.0,0.0,,E-MINI日经225指数1712,0.0,19615.0,19615.0
2017-05-18,NS1712,0.0,0.0,0.0,19435.0,0.0,,E-MINI日经225指数1712,0.0,19435.0,19435.0
2017-05-19,NS1712,0.0,0.0,0.0,19420.0,0.0,,E-MINI日经225指数1712,0.0,19420.0,19420.0
2017-05-22,NS1712,0.0,0.0,0.0,19520.0,0.0,,E-MINI日经225指数1712,0.0,19520.0,19520.0
2017-05-23,NS1712,0.0,0.0,0.0,19490.0,0.0,,E-MINI日经225指数1712,0.0,19490.0,19490.0
2017-05-24,NS1712,0.0,0.0,0.0,19570.0,0.0,,E-MINI日经225指数1712,0.0,19570.0,19570.0
2017-05-25,NS1712,0.0,0.0,0.0,19655.0,0.0,,E-MINI日经225指数1712,0.0,19655.0,19655.0
2017-05-26,NS1712,0.0,0.0,0.0,19550.0,0.0,,E-MINI日经225指数1712,0.0,19550.0,19550.0
2017-05-29,NS1712,0.0,0.0,0.0,19530.0,0.0,,E-MINI日经225指数1712,0.0,19530.0,19530.0
2017-05-30,NS1712,0.0,0.0,0.0,19505.0,0.0,,E-MINI日经225指数1712,0.0,19505.0,19505.0
2017-05-31,NS1712,0.0,0.0,0.0,19510.0,0.0,,E-MINI日经225指数1712,0.0,19510.0,19510.0
2017-06-01,NS1712,0.0,0.0,0.0,19700.0,0.0,,E-MINI日经225指数1712,0.0,19700.0,19700.0
2017-06-02,NS1712,0.0,0.0,0.0,20010.0,0.0,,E-MINI日经225指数1712,0.0,20010.0,20010.0
2017-06-05,NS1712,0.0,0.0,0.0,20000.0,0.0,,E-MINI日经225指数1712,0.0,20000.0,20000.0
2017-06-06,NS1712,0.0,0.0,0.0,19810.0,0.0,,E-MINI日经225指数1712,0.0,19810.0,19810.0
2017-06-07,NS1712,0.0,0.0,0.0,19785.0,0.0,,E-MINI日经225指数1712,0.0,19785.0,19785.0
2017-06-08,NS1712,0.0,0.0,0.0,19800.0,0.0,,E-MINI日经225指数1712,0.0,19800.0,19800.0
2017-06-09,NS1712,0.0,0.0,0.0,19835.0,0.0,,E-MINI日经225指数1712,0.0,19835.0,19835.0
2017-06-12,NS1712,0.0,0.0,0.0,19740.0,0.0,,E-MINI日经225指数1712,0.0,19740.0,19740.0
2017-06-13,NS1712,0.0,0.0,0.0,19760.0,0.0,,E-MINI日经225指数1712,0.0,19760.0,19760.0
2017-06-14,NS1712,0.0,0.0,0.0,19755.0,0.0,,E-MINI日经225指数1712,0.0,19755.0,19755.0
2017-06-15,NS1712,0.0,0.0,0.0,19700.0,0.0,,E-MINI日经225指数1712,0.0,19700.0,19700.0
2017-06-16,NS1712,0.0,0.0,0.0,19800.0,0.0,,E-MINI日经225指数1712,0.0,19800.0,19800.0
2017-06-19,NS1712,0.0,0.0,0.0,19910.0,0.0,,E-MINI日经225指数1712,0.0,19910.0,19910.0
2017-06-20,NS1712,0.0,0.0,0.0,20075.0,0.0,,E-MINI日经225指数1712,0.0,20075.0,20075.0
2017-06-21,NS1712,0.0,0.0,0.0,19970.0,0.0,,E-MINI日经225指数1712,0.0,19970.0,19970.0
2017-06-22,NS1712,0.0,0.0,0.0,19955.0,0.0,,E-MINI日经225指数1712,0.0,19955.0,19955.0
2017-06-23,NS1712,0.0,0.0,0.0,19955.0,0.0,,E-MINI日经225指数1712,0.0,19955.0,19955.0
2017-06-26,NS1712,0.0,0.0,0.0,20000.0,0.0,,E-MINI日经225指数1712,0.0,20000.0,20000.0
2017-06-27,NS1712,0.0,0.0,0.0,20030.0,0.0,,E-MINI日经225指数1712,0.0,20030.0,20030.0
2017-06-28,NS1712,0.0,0.0,0.0,20020.0,0.0,,E-MINI日经225指数1712,0.0,20020.0,20020.0
2017-06-29,NS1712,0.0,0.0,0.0,20100.0,0.0,,E-MINI日经225指数1712,0.0,20100.0,20100.0
2017-06-30,NS1712,0.0,0.0,0.0,19880.0,0.0,,E-MINI日经225指数1712,0.0,19880.0,19880.0
