date,symbol,open,high,low,close,volume,amount,name,openinterest,settleprice,price
2017-02-10,NS1707,0.0,0.0,0.0,19235.0,0.0,,E-MINI日经225指数1707,0.0,19235.0,19235.0
2017-02-13,NS1707,0.0,0.0,0.0,19270.0,0.0,,E-MINI日经225指数1707,0.0,19270.0,19270.0
2017-02-14,NS1707,0.0,0.0,0.0,19100.0,0.0,,E-MINI日经225指数1707,0.0,19100.0,19100.0
2017-02-15,NS1707,0.0,0.0,0.0,19290.0,0.0,,E-MINI日经225指数1707,0.0,19290.0,19290.0
2017-02-16,NS1707,0.0,0.0,0.0,19180.0,0.0,,E-MINI日经225指数1707,0.0,19180.0,19180.0
2017-02-17,NS1707,0.0,0.0,0.0,19030.0,0.0,,E-MINI日经225指数1707,0.0,19030.0,19030.0
2017-02-20,NS1707,0.0,0.0,0.0,19100.0,0.0,,E-MINI日经225指数1707,0.0,19100.0,19100.0
2017-02-21,NS1707,0.0,0.0,0.0,19235.0,0.0,,E-MINI日经225指数1707,0.0,19235.0,19235.0
2017-02-22,NS1707,0.0,0.0,0.0,19230.0,0.0,,E-MINI日经225指数1707,0.0,19230.0,19230.0
2017-02-23,NS1707,0.0,0.0,0.0,19190.0,0.0,,E-MINI日经225指数1707,0.0,19190.0,19190.0
2017-02-24,NS1707,0.0,0.0,0.0,19125.0,0.0,,E-MINI日经225指数1707,0.0,19125.0,19125.0
2017-02-27,NS1707,0.0,0.0,0.0,18985.0,0.0,,E-MINI日经225指数1707,0.0,18985.0,18985.0
2017-02-28,NS1707,0.0,0.0,0.0,18970.0,0.0,,E-MINI日经225指数1707,0.0,18970.0,18970.0
2017-03-01,NS1707,0.0,0.0,0.0,19245.0,0.0,,E-MINI日经225指数1707,0.0,19245.0,19245.0
2017-03-02,NS1707,0.0,0.0,0.0,19485.0,0.0,,E-MINI日经225指数1707,0.0,19485.0,19485.0
2017-03-03,NS1707,0.0,0.0,0.0,19305.0,0.0,,E-MINI日经225指数1707,0.0,19305.0,19305.0
2017-03-06,NS1707,0.0,0.0,0.0,19195.0,0.0,,E-MINI日经225指数1707,0.0,19195.0,19195.0
2017-03-07,NS1707,0.0,0.0,0.0,19190.0,0.0,,E-MINI日经225指数1707,0.0,19190.0,19190.0
2017-03-08,NS1707,0.0,0.0,0.0,19095.0,0.0,,E-MINI日经225指数1707,0.0,19095.0,19095.0
2017-03-09,NS1707,0.0,0.0,0.0,19150.0,0.0,,E-MINI日经225指数1707,0.0,19150.0,19150.0
2017-03-10,NS1707,0.0,0.0,0.0,19450.0,0.0,,E-MINI日经225指数1707,0.0,19450.0,19450.0
2017-03-13,NS1707,0.0,0.0,0.0,19480.0,0.0,,E-MINI日经225指数1707,0.0,19480.0,19480.0
2017-03-14,NS1707,0.0,0.0,0.0,19455.0,0.0,,E-MINI日经225指数1707,0.0,19455.0,19455.0
2017-03-15,NS1707,0.0,0.0,0.0,19440.0,0.0,,E-MINI日经225指数1707,0.0,19440.0,19440.0
2017-03-16,NS1707,0.0,0.0,0.0,19405.0,0.0,,E-MINI日经225指数1707,0.0,19405.0,19405.0
2017-03-17,NS1707,0.0,0.0,0.0,19325.0,0.0,,E-MINI日经225指数1707,0.0,19325.0,19325.0
2017-03-20,NS1707,0.0,0.0,0.0,19295.0,0.0,,E-MINI日经225指数1707,0.0,19295.0,19295.0
2017-03-21,NS1707,0.0,0.0,0.0,19290.0,0.0,,E-MINI日经225指数1707,0.0,19290.0,19290.0
2017-03-22,NS1707,0.0,0.0,0.0,18895.0,0.0,,E-MINI日经225指数1707,0.0,18895.0,18895.0
2017-03-23,NS1707,0.0,0.0,0.0,18915.0,0.0,,E-MINI日经225指数1707,0.0,18915.0,18915.0
2017-03-24,NS1707,0.0,0.0,0.0,19140.0,0.0,,E-MINI日经225指数1707,0.0,19140.0,19140.0
2017-03-27,NS1707,0.0,0.0,0.0,18750.0,0.0,,E-MINI日经225指数1707,0.0,18750.0,18750.0
2017-03-28,NS1707,0.0,0.0,0.0,19015.0,0.0,,E-MINI日经225指数1707,0.0,19015.0,19015.0
2017-03-29,NS1707,0.0,0.0,0.0,19180.0,0.0,,E-MINI日经225指数1707,0.0,19180.0,19180.0
2017-03-30,NS1707,0.0,0.0,0.0,19040.0,0.0,,E-MINI日经225指数1707,0.0,19040.0,19040.0
2017-03-31,NS1707,0.0,0.0,0.0,18875.0,0.0,,E-MINI日经225指数1707,0.0,18875.0,18875.0
2017-04-03,NS1707,0.0,0.0,0.0,19040.0,0.0,,E-MINI日经225指数1707,0.0,19040.0,19040.0
2017-04-04,NS1707,0.0,0.0,0.0,18790.0,0.0,,E-MINI日经225指数1707,0.0,18790.0,18790.0
2017-04-05,NS1707,0.0,0.0,0.0,18845.0,0.0,,E-MINI日经225指数1707,0.0,18845.0,18845.0
2017-04-06,NS1707,0.0,0.0,0.0,18620.0,0.0,,E-MINI日经225指数1707,0.0,18620.0,18620.0
2017-04-07,NS1707,0.0,0.0,0.0,18695.0,0.0,,E-MINI日经225指数1707,0.0,18695.0,18695.0
2017-04-10,NS1707,0.0,0.0,0.0,18765.0,0.0,,E-MINI日经225指数1707,0.0,18765.0,18765.0
2017-04-11,NS1707,0.0,0.0,0.0,18685.0,0.0,,E-MINI日经225指数1707,0.0,18685.0,18685.0
2017-04-12,NS1707,0.0,0.0,0.0,18520.0,0.0,,E-MINI日经225指数1707,0.0,18520.0,18520.0
2017-04-13,NS1707,0.0,0.0,0.0,18375.0,0.0,,E-MINI日经225指数1707,0.0,18375.0,18375.0
2017-04-14,NS1707,0.0,0.0,0.0,18285.0,0.0,,E-MINI日经225指数1707,0.0,18285.0,18285.0
2017-04-17,NS1707,0.0,0.0,0.0,18295.0,0.0,,E-MINI日经225指数1707,0.0,18295.0,18295.0
2017-04-18,NS1707,0.0,0.0,0.0,18400.0,0.0,,E-MINI日经225指数1707,0.0,18400.0,18400.0
2017-04-19,NS1707,0.0,0.0,0.0,18400.0,0.0,,E-MINI日经225指数1707,0.0,18400.0,18400.0
2017-04-20,NS1707,0.0,0.0,0.0,18425.0,0.0,,E-MINI日经225指数1707,0.0,18425.0,18425.0
2017-04-21,NS1707,0.0,0.0,0.0,18620.0,0.0,,E-MINI日经225指数1707,0.0,18620.0,18620.0
2017-04-24,NS1707,0.0,0.0,0.0,18900.0,0.0,,E-MINI日经225指数1707,0.0,18900.0,18900.0
2017-04-25,NS1707,0.0,0.0,0.0,19065.0,0.0,,E-MINI日经225指数1707,0.0,19065.0,19065.0
2017-04-26,NS1707,0.0,0.0,0.0,19255.0,0.0,,E-MINI日经225指数1707,0.0,19255.0,19255.0
2017-04-27,NS1707,0.0,0.0,0.0,19255.0,0.0,,E-MINI日经225指数1707,0.0,19255.0,19255.0
2017-04-28,NS1707,0.0,0.0,0.0,19160.0,0.0,,E-MINI日经225指数1707,0.0,19160.0,19160.0
2017-05-01,NS1707,0.0,0.0,0.0,19295.0,0.0,,E-MINI日经225指数1707,0.0,19295.0,19295.0
2017-05-02,NS1707,0.0,0.0,0.0,19445.0,0.0,,E-MINI日经225指数1707,0.0,19445.0,19445.0
2017-05-03,NS1707,0.0,0.0,0.0,19435.0,0.0,,E-MINI日经225指数1707,0.0,19435.0,19435.0
2017-05-04,NS1707,0.0,0.0,0.0,19545.0,0.0,,E-MINI日经225指数1707,0.0,19545.0,19545.0
2017-05-05,NS1707,0.0,0.0,0.0,19470.0,0.0,,E-MINI日经225指数1707,0.0,19470.0,19470.0
2017-05-08,NS1707,0.0,0.0,0.0,19820.0,0.0,,E-MINI日经225指数1707,0.0,19820.0,19820.0
2017-05-09,NS1707,0.0,0.0,0.0,19865.0,0.0,,E-MINI日经225指数1707,0.0,19865.0,19865.0
2017-05-10,NS1707,0.0,0.0,0.0,19880.0,0.0,,E-MINI日经225指数1707,0.0,19880.0,19880.0
2017-05-11,NS1707,0.0,0.0,0.0,19930.0,0.0,,E-MINI日经225指数1707,0.0,19930.0,19930.0
2017-05-12,NS1707,0.0,0.0,0.0,19840.0,0.0,,E-MINI日经225指数1707,0.0,19840.0,19840.0
2017-05-15,NS1707,0.0,0.0,0.0,19860.0,0.0,,E-MINI日经225指数1707,0.0,19860.0,19860.0
2017-05-16,NS1707,0.0,0.0,0.0,19870.0,0.0,,E-MINI日经225指数1707,0.0,19870.0,19870.0
2017-05-17,NS1707,0.0,0.0,0.0,19745.0,0.0,,E-MINI日经225指数1707,0.0,19745.0,19745.0
2017-05-18,NS1707,0.0,0.0,0.0,19565.0,0.0,,E-MINI日经225指数1707,0.0,19565.0,19565.0
2017-05-19,NS1707,0.0,0.0,0.0,19550.0,0.0,,E-MINI日经225指数1707,0.0,19550.0,19550.0
2017-05-22,NS1707,0.0,0.0,0.0,19655.0,0.0,,E-MINI日经225指数1707,0.0,19655.0,19655.0
2017-05-23,NS1707,0.0,0.0,0.0,19625.0,0.0,,E-MINI日经225指数1707,0.0,19625.0,19625.0
2017-05-24,NS1707,0.0,0.0,0.0,19705.0,0.0,,E-MINI日经225指数1707,0.0,19705.0,19705.0
2017-05-25,NS1707,0.0,0.0,0.0,19790.0,0.0,,E-MINI日经225指数1707,0.0,19790.0,19790.0
2017-05-26,NS1707,0.0,0.0,0.0,19680.0,0.0,,E-MINI日经225指数1707,0.0,19680.0,19680.0
2017-05-29,NS1707,0.0,0.0,0.0,19660.0,0.0,,E-MINI日经225指数1707,0.0,19660.0,19660.0
2017-05-30,NS1707,0.0,0.0,0.0,19640.0,0.0,,E-MINI日经225指数1707,0.0,19640.0,19640.0
2017-05-31,NS1707,0.0,0.0,0.0,19640.0,0.0,,E-MINI日经225指数1707,0.0,19640.0,19640.0
2017-06-01,NS1707,0.0,0.0,0.0,19830.0,0.0,,E-MINI日经225指数1707,0.0,19830.0,19830.0
2017-06-02,NS1707,0.0,0.0,0.0,20140.0,0.0,,E-MINI日经225指数1707,0.0,20140.0,20140.0
2017-06-05,NS1707,0.0,0.0,0.0,20130.0,0.0,,E-MINI日经225指数1707,0.0,20130.0,20130.0
2017-06-06,NS1707,0.0,0.0,0.0,19940.0,0.0,,E-MINI日经225指数1707,0.0,19940.0,19940.0
2017-06-07,NS1707,0.0,0.0,0.0,19915.0,0.0,,E-MINI日经225指数1707,0.0,19915.0,19915.0
2017-06-08,NS1707,0.0,0.0,0.0,19935.0,0.0,,E-MINI日经225指数1707,0.0,19935.0,19935.0
2017-06-09,NS1707,0.0,0.0,0.0,19970.0,0.0,,E-MINI日经225指数1707,0.0,19970.0,19970.0
2017-06-12,NS1707,0.0,0.0,0.0,19875.0,0.0,,E-MINI日经225指数1707,0.0,19875.0,19875.0
2017-06-13,NS1707,0.0,0.0,0.0,19895.0,0.0,,E-MINI日经225指数1707,0.0,19895.0,19895.0
2017-06-14,NS1707,0.0,0.0,0.0,19890.0,0.0,,E-MINI日经225指数1707,0.0,19890.0,19890.0
2017-06-15,NS1707,0.0,0.0,0.0,19830.0,0.0,,E-MINI日经225指数1707,0.0,19830.0,19830.0
2017-06-16,NS1707,0.0,0.0,0.0,19930.0,0.0,,E-MINI日经225指数1707,0.0,19930.0,19930.0
2017-06-19,NS1707,0.0,0.0,0.0,20040.0,0.0,,E-MINI日经225指数1707,0.0,20040.0,20040.0
2017-06-20,NS1707,0.0,0.0,0.0,20210.0,0.0,,E-MINI日经225指数1707,0.0,20210.0,20210.0
2017-06-21,NS1707,0.0,0.0,0.0,20105.0,0.0,,E-MINI日经225指数1707,0.0,20105.0,20105.0
2017-06-22,NS1707,0.0,0.0,0.0,20090.0,0.0,,E-MINI日经225指数1707,0.0,20090.0,20090.0
2017-06-23,NS1707,0.0,0.0,0.0,20085.0,0.0,,E-MINI日经225指数1707,0.0,20085.0,20085.0
2017-06-26,NS1707,0.0,0.0,0.0,20130.0,0.0,,E-MINI日经225指数1707,0.0,20130.0,20130.0
2017-06-27,NS1707,0.0,0.0,0.0,20165.0,0.0,,E-MINI日经225指数1707,0.0,20165.0,20165.0
2017-06-28,NS1707,0.0,0.0,0.0,20155.0,0.0,,E-MINI日经225指数1707,0.0,20155.0,20155.0
2017-06-29,NS1707,0.0,0.0,0.0,20235.0,0.0,,E-MINI日经225指数1707,0.0,20235.0,20235.0
2017-06-30,NS1707,0.0,0.0,0.0,20015.0,0.0,,E-MINI日经225指数1707,0.0,20015.0,20015.0
