date,symbol,open,high,low,close,volume,amount,name,openinterest,settleprice,price
2016-11-11,NS1704,0.0,0.0,0.0,17280.0,0.0,,E-MINI日经225指数1704,0.0,17280.0,17280.0
2016-11-14,NS1704,0.0,0.0,0.0,17440.0,0.0,,E-MINI日经225指数1704,0.0,17440.0,17440.0
2016-11-15,NS1704,0.0,0.0,0.0,17465.0,0.0,,E-MINI日经225指数1704,0.0,17465.0,17465.0
2016-11-16,NS1704,0.0,0.0,0.0,17695.0,0.0,,E-MINI日经225指数1704,0.0,17695.0,17695.0
2016-11-17,NS1704,0.0,0.0,0.0,17740.0,0.0,,E-MINI日经225指数1704,0.0,17740.0,17740.0
2016-11-18,NS1704,0.0,0.0,0.0,17820.0,0.0,,E-MINI日经225指数1704,0.0,17820.0,17820.0
2016-11-21,NS1704,0.0,0.0,0.0,17935.0,0.0,,E-MINI日经225指数1704,0.0,17935.0,17935.0
2016-11-22,NS1704,0.0,0.0,0.0,18020.0,0.0,,E-MINI日经225指数1704,0.0,18020.0,18020.0
2016-11-23,NS1704,0.0,0.0,0.0,18025.0,0.0,,E-MINI日经225指数1704,0.0,18025.0,18025.0
2016-11-24,NS1704,0.0,0.0,0.0,18215.0,0.0,,E-MINI日经225指数1704,0.0,18215.0,18215.0
2016-11-25,NS1704,0.0,0.0,0.0,18210.0,0.0,,E-MINI日经225指数1704,0.0,18210.0,18210.0
2016-11-28,NS1704,0.0,0.0,0.0,18145.0,0.0,,E-MINI日经225指数1704,0.0,18145.0,18145.0
2016-11-29,NS1704,18150.0,18300.0,18150.0,18300.0,2.0,,E-MINI日经225指数1704,0.0,18115.0,18300.0
2016-11-30,NS1704,0.0,0.0,0.0,18205.0,0.0,,E-MINI日经225指数1704,0.0,18205.0,18205.0
2016-12-01,NS1704,0.0,0.0,0.0,18250.0,0.0,,E-MINI日经225指数1704,0.0,18250.0,18250.0
2016-12-02,NS1704,0.0,0.0,0.0,18155.0,0.0,,E-MINI日经225指数1704,0.0,18155.0,18155.0
2016-12-05,NS1704,0.0,0.0,0.0,18100.0,0.0,,E-MINI日经225指数1704,0.0,18100.0,18100.0
2016-12-06,NS1704,0.0,0.0,0.0,18265.0,0.0,,E-MINI日经225指数1704,0.0,18265.0,18265.0
2016-12-07,NS1704,0.0,0.0,0.0,18330.0,0.0,,E-MINI日经225指数1704,0.0,18330.0,18330.0
2016-12-08,NS1704,0.0,0.0,0.0,18620.0,0.0,,E-MINI日经225指数1704,0.0,18620.0,18620.0
2016-12-09,NS1704,0.0,0.0,0.0,18860.0,0.0,,E-MINI日经225指数1704,0.0,18860.0,18860.0
2016-12-12,NS1704,0.0,0.0,0.0,19060.0,0.0,,E-MINI日经225指数1704,0.0,19060.0,19060.0
2016-12-13,NS1704,0.0,0.0,0.0,19070.0,0.0,,E-MINI日经225指数1704,0.0,19070.0,19070.0
2016-12-14,NS1704,0.0,0.0,0.0,19055.0,0.0,,E-MINI日经225指数1704,0.0,19055.0,19055.0
2016-12-15,NS1704,0.0,0.0,0.0,19155.0,0.0,,E-MINI日经225指数1704,0.0,19155.0,19155.0
2016-12-16,NS1704,0.0,0.0,0.0,19270.0,0.0,,E-MINI日经225指数1704,0.0,19270.0,19270.0
2016-12-19,NS1704,0.0,0.0,0.0,19275.0,0.0,,E-MINI日经225指数1704,0.0,19275.0,19275.0
2016-12-20,NS1704,0.0,0.0,0.0,19345.0,0.0,,E-MINI日经225指数1704,0.0,19345.0,19345.0
2016-12-21,NS1704,0.0,0.0,0.0,19295.0,0.0,,E-MINI日经225指数1704,0.0,19295.0,19295.0
2016-12-22,NS1704,0.0,0.0,0.0,19220.0,0.0,,E-MINI日经225指数1704,0.0,19220.0,19220.0
2016-12-23,NS1704,0.0,0.0,0.0,19250.0,0.0,,E-MINI日经225指数1704,0.0,19250.0,19250.0
2016-12-26,NS1704,0.0,0.0,0.0,19170.0,0.0,,E-MINI日经225指数1704,0.0,19170.0,19170.0
2016-12-27,NS1704,0.0,0.0,0.0,19215.0,0.0,,E-MINI日经225指数1704,0.0,19215.0,19215.0
2016-12-28,NS1704,0.0,0.0,0.0,19325.0,0.0,,E-MINI日经225指数1704,0.0,19325.0,19325.0
2016-12-29,NS1704,0.0,0.0,0.0,18935.0,0.0,,E-MINI日经225指数1704,0.0,18935.0,18935.0
2016-12-30,NS1704,0.0,0.0,0.0,18940.0,0.0,,E-MINI日经225指数1704,0.0,18940.0,18940.0
2017-01-11,NS1704,0.0,0.0,0.0,19235.0,0.0,,E-MINI日经225指数1704,0.0,19235.0,19235.0
2017-01-12,NS1704,0.0,0.0,0.0,18990.0,0.0,,E-MINI日经225指数1704,0.0,18990.0,18990.0
2017-01-13,NS1704,0.0,0.0,0.0,19135.0,0.0,,E-MINI日经225指数1704,0.0,19135.0,19135.0
2017-01-16,NS1704,0.0,0.0,0.0,18930.0,0.0,,E-MINI日经225指数1704,0.0,18930.0,18930.0
2017-01-17,NS1704,0.0,0.0,0.0,18645.0,0.0,,E-MINI日经225指数1704,0.0,18645.0,18645.0
2017-01-18,NS1704,0.0,0.0,0.0,18690.0,0.0,,E-MINI日经225指数1704,0.0,18690.0,18690.0
2017-01-19,NS1704,0.0,0.0,0.0,18985.0,0.0,,E-MINI日经225指数1704,0.0,18985.0,18985.0
2017-01-20,NS1704,0.0,0.0,0.0,19015.0,0.0,,E-MINI日经225指数1704,0.0,19015.0,19015.0
2017-01-23,NS1704,0.0,0.0,0.0,18760.0,0.0,,E-MINI日经225指数1704,0.0,18760.0,18760.0
2017-01-24,NS1704,0.0,0.0,0.0,18710.0,0.0,,E-MINI日经225指数1704,0.0,18710.0,18710.0
2017-01-25,NS1704,0.0,0.0,0.0,18945.0,0.0,,E-MINI日经225指数1704,0.0,18945.0,18945.0
2017-01-26,NS1704,0.0,0.0,0.0,19345.0,0.0,,E-MINI日经225指数1704,0.0,19345.0,19345.0
2017-01-27,NS1704,0.0,0.0,0.0,19345.0,0.0,,E-MINI日经225指数1704,0.0,19345.0,19345.0
2017-01-30,NS1704,0.0,0.0,0.0,19195.0,0.0,,E-MINI日经225指数1704,0.0,19195.0,19195.0
2017-01-31,NS1704,0.0,0.0,0.0,18860.0,0.0,,E-MINI日经225指数1704,0.0,18860.0,18860.0
2017-02-01,NS1704,0.0,0.0,0.0,19075.0,0.0,,E-MINI日经225指数1704,0.0,19075.0,19075.0
2017-02-02,NS1704,0.0,0.0,0.0,18815.0,0.0,,E-MINI日经225指数1704,0.0,18815.0,18815.0
2017-02-03,NS1704,0.0,0.0,0.0,18825.0,0.0,,E-MINI日经225指数1704,0.0,18825.0,18825.0
2017-02-06,NS1704,0.0,0.0,0.0,18820.0,0.0,,E-MINI日经225指数1704,0.0,18820.0,18820.0
2017-02-07,NS1704,0.0,0.0,0.0,18740.0,0.0,,E-MINI日经225指数1704,0.0,18740.0,18740.0
2017-02-08,NS1704,0.0,0.0,0.0,18860.0,0.0,,E-MINI日经225指数1704,0.0,18860.0,18860.0
2017-02-09,NS1704,0.0,0.0,0.0,18775.0,0.0,,E-MINI日经225指数1704,0.0,18775.0,18775.0
2017-02-10,NS1704,0.0,0.0,0.0,19255.0,0.0,,E-MINI日经225指数1704,0.0,19255.0,19255.0
2017-02-13,NS1704,0.0,0.0,0.0,19290.0,0.0,,E-MINI日经225指数1704,0.0,19290.0,19290.0
2017-02-14,NS1704,0.0,0.0,0.0,19120.0,0.0,,E-MINI日经225指数1704,0.0,19120.0,19120.0
2017-02-15,NS1704,0.0,0.0,0.0,19310.0,0.0,,E-MINI日经225指数1704,0.0,19310.0,19310.0
2017-02-16,NS1704,0.0,0.0,0.0,19200.0,0.0,,E-MINI日经225指数1704,0.0,19200.0,19200.0
2017-02-17,NS1704,0.0,0.0,0.0,19050.0,0.0,,E-MINI日经225指数1704,0.0,19050.0,19050.0
2017-02-20,NS1704,0.0,0.0,0.0,19120.0,0.0,,E-MINI日经225指数1704,0.0,19120.0,19120.0
2017-02-21,NS1704,0.0,0.0,0.0,19250.0,0.0,,E-MINI日经225指数1704,0.0,19250.0,19250.0
2017-02-22,NS1704,0.0,0.0,0.0,19250.0,0.0,,E-MINI日经225指数1704,0.0,19250.0,19250.0
2017-02-23,NS1704,0.0,0.0,0.0,19210.0,0.0,,E-MINI日经225指数1704,0.0,19210.0,19210.0
2017-02-24,NS1704,0.0,0.0,0.0,19145.0,0.0,,E-MINI日经225指数1704,0.0,19145.0,19145.0
2017-02-27,NS1704,0.0,0.0,0.0,19005.0,0.0,,E-MINI日经225指数1704,0.0,19005.0,19005.0
2017-02-28,NS1704,0.0,0.0,0.0,18990.0,0.0,,E-MINI日经225指数1704,0.0,18990.0,18990.0
2017-03-01,NS1704,0.0,0.0,0.0,19265.0,0.0,,E-MINI日经225指数1704,0.0,19265.0,19265.0
2017-03-02,NS1704,0.0,0.0,0.0,19505.0,0.0,,E-MINI日经225指数1704,0.0,19505.0,19505.0
2017-03-03,NS1704,0.0,0.0,0.0,19325.0,0.0,,E-MINI日经225指数1704,0.0,19325.0,19325.0
2017-03-06,NS1704,0.0,0.0,0.0,19215.0,0.0,,E-MINI日经225指数1704,0.0,19215.0,19215.0
2017-03-07,NS1704,0.0,0.0,0.0,19210.0,0.0,,E-MINI日经225指数1704,0.0,19210.0,19210.0
2017-03-08,NS1704,0.0,0.0,0.0,19115.0,0.0,,E-MINI日经225指数1704,0.0,19115.0,19115.0
2017-03-09,NS1704,0.0,0.0,0.0,19170.0,0.0,,E-MINI日经225指数1704,0.0,19170.0,19170.0
2017-03-10,NS1704,0.0,0.0,0.0,19470.0,0.0,,E-MINI日经225指数1704,0.0,19470.0,19470.0
2017-03-13,NS1704,0.0,0.0,0.0,19500.0,0.0,,E-MINI日经225指数1704,0.0,19500.0,19500.0
2017-03-14,NS1704,0.0,0.0,0.0,19475.0,0.0,,E-MINI日经225指数1704,0.0,19475.0,19475.0
2017-03-15,NS1704,0.0,0.0,0.0,19455.0,0.0,,E-MINI日经225指数1704,0.0,19455.0,19455.0
2017-03-16,NS1704,0.0,0.0,0.0,19425.0,0.0,,E-MINI日经225指数1704,0.0,19425.0,19425.0
2017-03-17,NS1704,0.0,0.0,0.0,19345.0,0.0,,E-MINI日经225指数1704,0.0,19345.0,19345.0
2017-03-20,NS1704,0.0,0.0,0.0,19315.0,0.0,,E-MINI日经225指数1704,0.0,19315.0,19315.0
2017-03-21,NS1704,0.0,0.0,0.0,19310.0,0.0,,E-MINI日经225指数1704,0.0,19310.0,19310.0
2017-03-22,NS1704,0.0,0.0,0.0,18915.0,0.0,,E-MINI日经225指数1704,0.0,18915.0,18915.0
2017-03-23,NS1704,0.0,0.0,0.0,18935.0,0.0,,E-MINI日经225指数1704,0.0,18935.0,18935.0
2017-03-24,NS1704,0.0,0.0,0.0,19155.0,0.0,,E-MINI日经225指数1704,0.0,19155.0,19155.0
2017-03-27,NS1704,0.0,0.0,0.0,18765.0,0.0,,E-MINI日经225指数1704,0.0,18765.0,18765.0
2017-03-28,NS1704,0.0,0.0,0.0,19035.0,0.0,,E-MINI日经225指数1704,0.0,19035.0,19035.0
2017-03-29,NS1704,0.0,0.0,0.0,19205.0,0.0,,E-MINI日经225指数1704,0.0,19205.0,19205.0
2017-03-30,NS1704,0.0,0.0,0.0,19065.0,0.0,,E-MINI日经225指数1704,0.0,19065.0,19065.0
2017-03-31,NS1704,0.0,0.0,0.0,18900.0,0.0,,E-MINI日经225指数1704,0.0,18900.0,18900.0
2017-04-03,NS1704,0.0,0.0,0.0,19065.0,0.0,,E-MINI日经225指数1704,0.0,19065.0,19065.0
2017-04-04,NS1704,0.0,0.0,0.0,18815.0,0.0,,E-MINI日经225指数1704,0.0,18815.0,18815.0
2017-04-05,NS1704,0.0,0.0,0.0,18865.0,0.0,,E-MINI日经225指数1704,0.0,18865.0,18865.0
2017-04-06,NS1704,0.0,0.0,0.0,18640.0,0.0,,E-MINI日经225指数1704,0.0,18640.0,18640.0
2017-04-07,NS1704,0.0,0.0,0.0,18720.0,0.0,,E-MINI日经225指数1704,0.0,18720.0,18720.0
2017-04-10,NS1704,0.0,0.0,0.0,18790.0,0.0,,E-MINI日经225指数1704,0.0,18790.0,18790.0
2017-04-11,NS1704,0.0,0.0,0.0,18710.0,0.0,,E-MINI日经225指数1704,0.0,18710.0,18710.0
2017-04-12,NS1704,0.0,0.0,0.0,18545.0,0.0,,E-MINI日经225指数1704,0.0,18545.0,18545.0
2017-04-13,NS1704,0.0,0.0,0.0,18400.0,0.0,,E-MINI日经225指数1704,0.0,18400.0,18400.0
