date,symbol,open,high,low,close,volume,amount,name,openinterest,settleprice,price
2016-10-14,NS1702,0.0,0.0,0.0,16815.0,0.0,,E-MINI日经225指数1702,0.0,16815.0,16815.0
2016-10-17,NS1702,0.0,0.0,0.0,16845.0,0.0,,E-MINI日经225指数1702,0.0,16845.0,16845.0
2016-10-18,NS1702,0.0,0.0,0.0,16905.0,0.0,,E-MINI日经225指数1702,0.0,16905.0,16905.0
2016-10-19,NS1702,0.0,0.0,0.0,16965.0,0.0,,E-MINI日经225指数1702,0.0,16965.0,16965.0
2016-10-20,NS1702,0.0,0.0,0.0,17140.0,0.0,,E-MINI日经225指数1702,0.0,17140.0,17140.0
2016-10-21,NS1702,0.0,0.0,0.0,17195.0,0.0,,E-MINI日经225指数1702,0.0,17195.0,17195.0
2016-10-24,NS1702,0.0,0.0,0.0,17205.0,0.0,,E-MINI日经225指数1702,0.0,17205.0,17205.0
2016-10-25,NS1702,0.0,0.0,0.0,17350.0,0.0,,E-MINI日经225指数1702,0.0,17350.0,17350.0
2016-10-26,NS1702,0.0,0.0,0.0,17330.0,0.0,,E-MINI日经225指数1702,0.0,17330.0,17330.0
2016-10-27,NS1702,0.0,0.0,0.0,17340.0,0.0,,E-MINI日经225指数1702,0.0,17340.0,17340.0
2016-10-28,NS1702,0.0,0.0,0.0,17425.0,0.0,,E-MINI日经225指数1702,0.0,17425.0,17425.0
2016-10-31,NS1702,0.0,0.0,0.0,17405.0,0.0,,E-MINI日经225指数1702,0.0,17405.0,17405.0
2016-11-01,NS1702,0.0,0.0,0.0,17400.0,0.0,,E-MINI日经225指数1702,0.0,17400.0,17400.0
2016-11-02,NS1702,0.0,0.0,0.0,17055.0,0.0,,E-MINI日经225指数1702,0.0,17055.0,17055.0
2016-11-03,NS1702,0.0,0.0,0.0,16955.0,0.0,,E-MINI日经225指数1702,0.0,16955.0,16955.0
2016-11-04,NS1702,0.0,0.0,0.0,16865.0,0.0,,E-MINI日经225指数1702,0.0,16865.0,16865.0
2016-11-07,NS1702,0.0,0.0,0.0,17195.0,0.0,,E-MINI日经225指数1702,0.0,17195.0,17195.0
2016-11-08,NS1702,0.0,0.0,0.0,17175.0,0.0,,E-MINI日经225指数1702,0.0,17175.0,17175.0
2016-11-09,NS1702,0.0,0.0,0.0,16370.0,0.0,,E-MINI日经225指数1702,0.0,16370.0,16370.0
2016-11-10,NS1702,0.0,0.0,0.0,17295.0,0.0,,E-MINI日经225指数1702,0.0,17295.0,17295.0
2016-11-11,NS1702,0.0,0.0,0.0,17420.0,0.0,,E-MINI日经225指数1702,0.0,17420.0,17420.0
2016-11-14,NS1702,0.0,0.0,0.0,17580.0,0.0,,E-MINI日经225指数1702,0.0,17580.0,17580.0
2016-11-15,NS1702,0.0,0.0,0.0,17605.0,0.0,,E-MINI日经225指数1702,0.0,17605.0,17605.0
2016-11-16,NS1702,0.0,0.0,0.0,17835.0,0.0,,E-MINI日经225指数1702,0.0,17835.0,17835.0
2016-11-17,NS1702,0.0,0.0,0.0,17880.0,0.0,,E-MINI日经225指数1702,0.0,17880.0,17880.0
2016-11-18,NS1702,0.0,0.0,0.0,17960.0,0.0,,E-MINI日经225指数1702,0.0,17960.0,17960.0
2016-11-21,NS1702,0.0,0.0,0.0,18075.0,0.0,,E-MINI日经225指数1702,0.0,18075.0,18075.0
2016-11-22,NS1702,0.0,0.0,0.0,18160.0,0.0,,E-MINI日经225指数1702,0.0,18160.0,18160.0
2016-11-23,NS1702,0.0,0.0,0.0,18165.0,0.0,,E-MINI日经225指数1702,0.0,18165.0,18165.0
2016-11-24,NS1702,0.0,0.0,0.0,18355.0,0.0,,E-MINI日经225指数1702,0.0,18355.0,18355.0
2016-11-25,NS1702,0.0,0.0,0.0,18350.0,0.0,,E-MINI日经225指数1702,0.0,18350.0,18350.0
2016-11-28,NS1702,0.0,0.0,0.0,18285.0,0.0,,E-MINI日经225指数1702,0.0,18285.0,18285.0
2016-11-29,NS1702,0.0,0.0,0.0,18255.0,0.0,,E-MINI日经225指数1702,0.0,18255.0,18255.0
2016-11-30,NS1702,0.0,0.0,0.0,18345.0,0.0,,E-MINI日经225指数1702,0.0,18345.0,18345.0
2016-12-01,NS1702,0.0,0.0,0.0,18390.0,0.0,,E-MINI日经225指数1702,0.0,18390.0,18390.0
2016-12-02,NS1702,0.0,0.0,0.0,18295.0,0.0,,E-MINI日经225指数1702,0.0,18295.0,18295.0
2016-12-05,NS1702,0.0,0.0,0.0,18235.0,0.0,,E-MINI日经225指数1702,0.0,18235.0,18235.0
2016-12-06,NS1702,0.0,0.0,0.0,18405.0,0.0,,E-MINI日经225指数1702,0.0,18405.0,18405.0
2016-12-07,NS1702,18330.0,18330.0,18330.0,18330.0,7.0,,E-MINI日经225指数1702,7.0,18470.0,18330.0
2016-12-08,NS1702,18538.0,18738.0,18538.0,18738.0,3.0,,E-MINI日经225指数1702,9.0,18755.0,18738.0
2016-12-09,NS1702,0.0,0.0,0.0,19000.0,0.0,,E-MINI日经225指数1702,9.0,19000.0,19000.0
2016-12-12,NS1702,0.0,0.0,0.0,19195.0,0.0,,E-MINI日经225指数1702,9.0,19195.0,19195.0
2016-12-13,NS1702,0.0,0.0,0.0,19205.0,0.0,,E-MINI日经225指数1702,9.0,19205.0,19205.0
2016-12-14,NS1702,19265.0,19265.0,19258.0,19258.0,9.0,,E-MINI日经225指数1702,0.0,19195.0,19258.0
2016-12-15,NS1702,0.0,0.0,0.0,19295.0,0.0,,E-MINI日经225指数1702,0.0,19295.0,19295.0
2016-12-16,NS1702,0.0,0.0,0.0,19410.0,0.0,,E-MINI日经225指数1702,0.0,19410.0,19410.0
2016-12-19,NS1702,0.0,0.0,0.0,19415.0,0.0,,E-MINI日经225指数1702,0.0,19415.0,19415.0
2016-12-20,NS1702,0.0,0.0,0.0,19485.0,0.0,,E-MINI日经225指数1702,0.0,19485.0,19485.0
2016-12-21,NS1702,0.0,0.0,0.0,19435.0,0.0,,E-MINI日经225指数1702,0.0,19435.0,19435.0
2016-12-22,NS1702,0.0,0.0,0.0,19360.0,0.0,,E-MINI日经225指数1702,0.0,19360.0,19360.0
2016-12-23,NS1702,0.0,0.0,0.0,19390.0,0.0,,E-MINI日经225指数1702,0.0,19390.0,19390.0
2016-12-26,NS1702,0.0,0.0,0.0,19310.0,0.0,,E-MINI日经225指数1702,0.0,19310.0,19310.0
2016-12-27,NS1702,0.0,0.0,0.0,19355.0,0.0,,E-MINI日经225指数1702,0.0,19355.0,19355.0
2016-12-28,NS1702,0.0,0.0,0.0,19465.0,0.0,,E-MINI日经225指数1702,0.0,19465.0,19465.0
2016-12-29,NS1702,0.0,0.0,0.0,19075.0,0.0,,E-MINI日经225指数1702,0.0,19075.0,19075.0
2016-12-30,NS1702,0.0,0.0,0.0,19080.0,0.0,,E-MINI日经225指数1702,0.0,19080.0,19080.0
2017-01-11,NS1702,0.0,0.0,0.0,19375.0,0.0,,E-MINI日经225指数1702,0.0,19375.0,19375.0
2017-01-12,NS1702,0.0,0.0,0.0,19130.0,0.0,,E-MINI日经225指数1702,0.0,19130.0,19130.0
2017-01-13,NS1702,0.0,0.0,0.0,19275.0,0.0,,E-MINI日经225指数1702,0.0,19275.0,19275.0
2017-01-16,NS1702,0.0,0.0,0.0,19070.0,0.0,,E-MINI日经225指数1702,0.0,19070.0,19070.0
2017-01-17,NS1702,0.0,0.0,0.0,18785.0,0.0,,E-MINI日经225指数1702,0.0,18785.0,18785.0
2017-01-18,NS1702,0.0,0.0,0.0,18835.0,0.0,,E-MINI日经225指数1702,0.0,18835.0,18835.0
2017-01-19,NS1702,0.0,0.0,0.0,19125.0,0.0,,E-MINI日经225指数1702,0.0,19125.0,19125.0
2017-01-20,NS1702,0.0,0.0,0.0,19155.0,0.0,,E-MINI日经225指数1702,0.0,19155.0,19155.0
2017-01-23,NS1702,0.0,0.0,0.0,18900.0,0.0,,E-MINI日经225指数1702,0.0,18900.0,18900.0
2017-01-24,NS1702,0.0,0.0,0.0,18850.0,0.0,,E-MINI日经225指数1702,0.0,18850.0,18850.0
2017-01-25,NS1702,0.0,0.0,0.0,19085.0,0.0,,E-MINI日经225指数1702,0.0,19085.0,19085.0
2017-01-26,NS1702,0.0,0.0,0.0,19485.0,0.0,,E-MINI日经225指数1702,0.0,19485.0,19485.0
2017-01-27,NS1702,0.0,0.0,0.0,19490.0,0.0,,E-MINI日经225指数1702,0.0,19490.0,19490.0
2017-01-30,NS1702,0.0,0.0,0.0,19335.0,0.0,,E-MINI日经225指数1702,0.0,19335.0,19335.0
2017-01-31,NS1702,0.0,0.0,0.0,19000.0,0.0,,E-MINI日经225指数1702,0.0,19000.0,19000.0
2017-02-01,NS1702,0.0,0.0,0.0,19220.0,0.0,,E-MINI日经225指数1702,0.0,19220.0,19220.0
2017-02-02,NS1702,0.0,0.0,0.0,18955.0,0.0,,E-MINI日经225指数1702,0.0,18955.0,18955.0
2017-02-03,NS1702,0.0,0.0,0.0,18970.0,0.0,,E-MINI日经225指数1702,0.0,18970.0,18970.0
2017-02-06,NS1702,0.0,0.0,0.0,18960.0,0.0,,E-MINI日经225指数1702,0.0,18960.0,18960.0
2017-02-07,NS1702,0.0,0.0,0.0,18885.0,0.0,,E-MINI日经225指数1702,0.0,18885.0,18885.0
2017-02-08,NS1702,0.0,0.0,0.0,19005.0,0.0,,E-MINI日经225指数1702,0.0,19005.0,19005.0
2017-02-09,NS1702,0.0,0.0,0.0,18920.0,0.0,,E-MINI日经225指数1702,0.0,18920.0,18920.0
