date,symbol,open,high,low,close,volume,amount,name,openinterest,settleprice,price
2017-05-12,NS1710,0.0,0.0,0.0,19705.0,0.0,,E-MINI日经225指数1710,0.0,19705.0,19705.0
2017-05-15,NS1710,0.0,0.0,0.0,19725.0,0.0,,E-MINI日经225指数1710,0.0,19725.0,19725.0
2017-05-16,NS1710,0.0,0.0,0.0,19735.0,0.0,,E-MINI日经225指数1710,0.0,19735.0,19735.0
2017-05-17,NS1710,0.0,0.0,0.0,19610.0,0.0,,E-MINI日经225指数1710,0.0,19610.0,19610.0
2017-05-18,NS1710,0.0,0.0,0.0,19430.0,0.0,,E-MINI日经225指数1710,0.0,19430.0,19430.0
2017-05-19,NS1710,0.0,0.0,0.0,19415.0,0.0,,E-MINI日经225指数1710,0.0,19415.0,19415.0
2017-05-22,NS1710,0.0,0.0,0.0,19515.0,0.0,,E-MINI日经225指数1710,0.0,19515.0,19515.0
2017-05-23,NS1710,0.0,0.0,0.0,19485.0,0.0,,E-MINI日经225指数1710,0.0,19485.0,19485.0
2017-05-24,NS1710,0.0,0.0,0.0,19565.0,0.0,,E-MINI日经225指数1710,0.0,19565.0,19565.0
2017-05-25,NS1710,0.0,0.0,0.0,19650.0,0.0,,E-MINI日经225指数1710,0.0,19650.0,19650.0
2017-05-26,NS1710,0.0,0.0,0.0,19545.0,0.0,,E-MINI日经225指数1710,0.0,19545.0,19545.0
2017-05-29,NS1710,0.0,0.0,0.0,19525.0,0.0,,E-MINI日经225指数1710,0.0,19525.0,19525.0
2017-05-30,NS1710,0.0,0.0,0.0,19500.0,0.0,,E-MINI日经225指数1710,0.0,19500.0,19500.0
2017-05-31,NS1710,0.0,0.0,0.0,19505.0,0.0,,E-MINI日经225指数1710,0.0,19505.0,19505.0
2017-06-01,NS1710,0.0,0.0,0.0,19695.0,0.0,,E-MINI日经225指数1710,0.0,19695.0,19695.0
2017-06-02,NS1710,0.0,0.0,0.0,20005.0,0.0,,E-MINI日经225指数1710,0.0,20005.0,20005.0
2017-06-05,NS1710,0.0,0.0,0.0,19995.0,0.0,,E-MINI日经225指数1710,0.0,19995.0,19995.0
2017-06-06,NS1710,0.0,0.0,0.0,19800.0,0.0,,E-MINI日经225指数1710,0.0,19800.0,19800.0
2017-06-07,NS1710,0.0,0.0,0.0,19775.0,0.0,,E-MINI日经225指数1710,0.0,19775.0,19775.0
2017-06-08,NS1710,0.0,0.0,0.0,19795.0,0.0,,E-MINI日经225指数1710,0.0,19795.0,19795.0
2017-06-09,NS1710,0.0,0.0,0.0,19830.0,0.0,,E-MINI日经225指数1710,0.0,19830.0,19830.0
2017-06-12,NS1710,0.0,0.0,0.0,19735.0,0.0,,E-MINI日经225指数1710,0.0,19735.0,19735.0
2017-06-13,NS1710,0.0,0.0,0.0,19755.0,0.0,,E-MINI日经225指数1710,0.0,19755.0,19755.0
2017-06-14,NS1710,0.0,0.0,0.0,19750.0,0.0,,E-MINI日经225指数1710,0.0,19750.0,19750.0
2017-06-15,NS1710,0.0,0.0,0.0,19695.0,0.0,,E-MINI日经225指数1710,0.0,19695.0,19695.0
2017-06-16,NS1710,0.0,0.0,0.0,19795.0,0.0,,E-MINI日经225指数1710,0.0,19795.0,19795.0
2017-06-19,NS1710,0.0,0.0,0.0,19905.0,0.0,,E-MINI日经225指数1710,0.0,19905.0,19905.0
2017-06-20,NS1710,0.0,0.0,0.0,20070.0,0.0,,E-MINI日经225指数1710,0.0,20070.0,20070.0
2017-06-21,NS1710,0.0,0.0,0.0,19965.0,0.0,,E-MINI日经225指数1710,0.0,19965.0,19965.0
2017-06-22,NS1710,0.0,0.0,0.0,19950.0,0.0,,E-MINI日经225指数1710,0.0,19950.0,19950.0
2017-06-23,NS1710,0.0,0.0,0.0,19950.0,0.0,,E-MINI日经225指数1710,0.0,19950.0,19950.0
2017-06-26,NS1710,0.0,0.0,0.0,19995.0,0.0,,E-MINI日经225指数1710,0.0,19995.0,19995.0
2017-06-27,NS1710,0.0,0.0,0.0,20025.0,0.0,,E-MINI日经225指数1710,0.0,20025.0,20025.0
2017-06-28,NS1710,0.0,0.0,0.0,20015.0,0.0,,E-MINI日经225指数1710,0.0,20015.0,20015.0
2017-06-29,NS1710,0.0,0.0,0.0,20095.0,0.0,,E-MINI日经225指数1710,0.0,20095.0,20095.0
2017-06-30,NS1710,0.0,0.0,0.0,19875.0,0.0,,E-MINI日经225指数1710,0.0,19875.0,19875.0
