date,symbol,open,high,low,close,volume,amount,name,openinterest,settleprice,price
2016-08-11,NS1701,0.0,0.0,0.0,16605.0,0.0,,E-MINI日经225指数1701,0.0,16605.0,16605.0
2016-08-12,NS1701,0.0,0.0,0.0,16770.0,0.0,,E-MINI日经225指数1701,0.0,16770.0,16770.0
2016-08-15,NS1701,0.0,0.0,0.0,16705.0,0.0,,E-MINI日经225指数1701,0.0,16705.0,16705.0
2016-08-16,NS1701,0.0,0.0,0.0,16475.0,0.0,,E-MINI日经225指数1701,0.0,16475.0,16475.0
2016-08-17,NS1701,0.0,0.0,0.0,16600.0,0.0,,E-MINI日经225指数1701,0.0,16600.0,16600.0
2016-08-18,NS1701,0.0,0.0,0.0,16380.0,0.0,,E-MINI日经225指数1701,0.0,16380.0,16380.0
2016-08-19,NS1701,0.0,0.0,0.0,16395.0,0.0,,E-MINI日经225指数1701,0.0,16395.0,16395.0
2016-08-22,NS1701,0.0,0.0,0.0,16415.0,0.0,,E-MINI日经225指数1701,0.0,16415.0,16415.0
2016-08-23,NS1701,0.0,0.0,0.0,16350.0,0.0,,E-MINI日经225指数1701,0.0,16350.0,16350.0
2016-08-24,NS1701,0.0,0.0,0.0,16400.0,0.0,,E-MINI日经225指数1701,0.0,16400.0,16400.0
2016-08-25,NS1701,0.0,0.0,0.0,16380.0,0.0,,E-MINI日经225指数1701,0.0,16380.0,16380.0
2016-08-26,NS1701,0.0,0.0,0.0,16270.0,0.0,,E-MINI日经225指数1701,0.0,16270.0,16270.0
2016-08-29,NS1701,0.0,0.0,0.0,16590.0,0.0,,E-MINI日经225指数1701,0.0,16590.0,16590.0
2016-08-30,NS1701,0.0,0.0,0.0,16605.0,0.0,,E-MINI日经225指数1701,0.0,16605.0,16605.0
2016-08-31,NS1701,0.0,0.0,0.0,16750.0,0.0,,E-MINI日经225指数1701,0.0,16750.0,16750.0
2016-09-01,NS1701,0.0,0.0,0.0,16795.0,0.0,,E-MINI日经225指数1701,0.0,16795.0,16795.0
2016-09-02,NS1701,0.0,0.0,0.0,16790.0,0.0,,E-MINI日经225指数1701,0.0,16790.0,16790.0
2016-09-05,NS1701,0.0,0.0,0.0,16895.0,0.0,,E-MINI日经225指数1701,0.0,16895.0,16895.0
2016-09-06,NS1701,0.0,0.0,0.0,16940.0,0.0,,E-MINI日经225指数1701,0.0,16940.0,16940.0
2016-09-07,NS1701,0.0,0.0,0.0,16840.0,0.0,,E-MINI日经225指数1701,0.0,16840.0,16840.0
2016-09-08,NS1701,0.0,0.0,0.0,16805.0,0.0,,E-MINI日经225指数1701,0.0,16805.0,16805.0
2016-09-09,NS1701,0.0,0.0,0.0,16825.0,0.0,,E-MINI日经225指数1701,0.0,16825.0,16825.0
2016-09-12,NS1701,0.0,0.0,0.0,16515.0,0.0,,E-MINI日经225指数1701,0.0,16515.0,16515.0
2016-09-13,NS1701,0.0,0.0,0.0,16580.0,0.0,,E-MINI日经225指数1701,0.0,16580.0,16580.0
2016-09-14,NS1701,0.0,0.0,0.0,16495.0,0.0,,E-MINI日经225指数1701,0.0,16495.0,16495.0
2016-09-15,NS1701,0.0,0.0,0.0,16240.0,0.0,,E-MINI日经225指数1701,0.0,16240.0,16240.0
2016-09-16,NS1701,0.0,0.0,0.0,16325.0,0.0,,E-MINI日经225指数1701,0.0,16325.0,16325.0
2016-09-19,NS1701,0.0,0.0,0.0,16275.0,0.0,,E-MINI日经225指数1701,0.0,16275.0,16275.0
2016-09-20,NS1701,0.0,0.0,0.0,16280.0,0.0,,E-MINI日经225指数1701,0.0,16280.0,16280.0
2016-09-21,NS1701,0.0,0.0,0.0,16680.0,0.0,,E-MINI日经225指数1701,0.0,16680.0,16680.0
2016-09-22,NS1701,0.0,0.0,0.0,16525.0,0.0,,E-MINI日经225指数1701,0.0,16525.0,16525.0
2016-09-23,NS1701,0.0,0.0,0.0,16530.0,0.0,,E-MINI日经225指数1701,0.0,16530.0,16530.0
2016-09-26,NS1701,0.0,0.0,0.0,16360.0,0.0,,E-MINI日经225指数1701,0.0,16360.0,16360.0
2016-09-27,NS1701,0.0,0.0,0.0,16515.0,0.0,,E-MINI日经225指数1701,0.0,16515.0,16515.0
2016-09-28,NS1701,0.0,0.0,0.0,16420.0,0.0,,E-MINI日经225指数1701,0.0,16420.0,16420.0
2016-09-29,NS1701,0.0,0.0,0.0,16660.0,0.0,,E-MINI日经225指数1701,0.0,16660.0,16660.0
2016-09-30,NS1701,0.0,0.0,0.0,16345.0,0.0,,E-MINI日经225指数1701,0.0,16345.0,16345.0
2016-10-03,NS1701,0.0,0.0,0.0,16560.0,0.0,,E-MINI日经225指数1701,0.0,16560.0,16560.0
2016-10-04,NS1701,0.0,0.0,0.0,16690.0,0.0,,E-MINI日经225指数1701,0.0,16690.0,16690.0
2016-10-05,NS1701,0.0,0.0,0.0,16750.0,0.0,,E-MINI日经225指数1701,0.0,16750.0,16750.0
2016-10-06,NS1701,0.0,0.0,0.0,16865.0,0.0,,E-MINI日经225指数1701,0.0,16865.0,16865.0
2016-10-07,NS1701,0.0,0.0,0.0,16850.0,0.0,,E-MINI日经225指数1701,0.0,16850.0,16850.0
2016-10-10,NS1701,0.0,0.0,0.0,16785.0,0.0,,E-MINI日经225指数1701,0.0,16785.0,16785.0
2016-10-11,NS1701,0.0,0.0,0.0,16960.0,0.0,,E-MINI日经225指数1701,0.0,16960.0,16960.0
2016-10-12,NS1701,0.0,0.0,0.0,16860.0,0.0,,E-MINI日经225指数1701,0.0,16860.0,16860.0
2016-10-13,NS1701,0.0,0.0,0.0,16755.0,0.0,,E-MINI日经225指数1701,0.0,16755.0,16755.0
2016-10-14,NS1701,0.0,0.0,0.0,16815.0,0.0,,E-MINI日经225指数1701,0.0,16815.0,16815.0
2016-10-17,NS1701,0.0,0.0,0.0,16845.0,0.0,,E-MINI日经225指数1701,0.0,16845.0,16845.0
2016-10-18,NS1701,0.0,0.0,0.0,16905.0,0.0,,E-MINI日经225指数1701,0.0,16905.0,16905.0
2016-10-19,NS1701,0.0,0.0,0.0,16965.0,0.0,,E-MINI日经225指数1701,0.0,16965.0,16965.0
2016-10-20,NS1701,0.0,0.0,0.0,17140.0,0.0,,E-MINI日经225指数1701,0.0,17140.0,17140.0
2016-10-21,NS1701,0.0,0.0,0.0,17195.0,0.0,,E-MINI日经225指数1701,0.0,17195.0,17195.0
2016-10-24,NS1701,0.0,0.0,0.0,17205.0,0.0,,E-MINI日经225指数1701,0.0,17205.0,17205.0
2016-10-25,NS1701,0.0,0.0,0.0,17350.0,0.0,,E-MINI日经225指数1701,0.0,17350.0,17350.0
2016-10-26,NS1701,0.0,0.0,0.0,17330.0,0.0,,E-MINI日经225指数1701,0.0,17330.0,17330.0
2016-10-27,NS1701,0.0,0.0,0.0,17340.0,0.0,,E-MINI日经225指数1701,0.0,17340.0,17340.0
2016-10-28,NS1701,0.0,0.0,0.0,17425.0,0.0,,E-MINI日经225指数1701,0.0,17425.0,17425.0
2016-10-31,NS1701,0.0,0.0,0.0,17405.0,0.0,,E-MINI日经225指数1701,0.0,17405.0,17405.0
2016-11-01,NS1701,0.0,0.0,0.0,17400.0,0.0,,E-MINI日经225指数1701,0.0,17400.0,17400.0
2016-11-02,NS1701,0.0,0.0,0.0,17055.0,0.0,,E-MINI日经225指数1701,0.0,17055.0,17055.0
2016-11-03,NS1701,0.0,0.0,0.0,16955.0,0.0,,E-MINI日经225指数1701,0.0,16955.0,16955.0
2016-11-04,NS1701,0.0,0.0,0.0,16865.0,0.0,,E-MINI日经225指数1701,0.0,16865.0,16865.0
2016-11-07,NS1701,0.0,0.0,0.0,17195.0,0.0,,E-MINI日经225指数1701,0.0,17195.0,17195.0
2016-11-08,NS1701,0.0,0.0,0.0,17175.0,0.0,,E-MINI日经225指数1701,0.0,17175.0,17175.0
2016-11-09,NS1701,0.0,0.0,0.0,16370.0,0.0,,E-MINI日经225指数1701,0.0,16370.0,16370.0
2016-11-10,NS1701,0.0,0.0,0.0,17300.0,0.0,,E-MINI日经225指数1701,0.0,17300.0,17300.0
2016-11-11,NS1701,0.0,0.0,0.0,17420.0,0.0,,E-MINI日经225指数1701,0.0,17420.0,17420.0
2016-11-14,NS1701,0.0,0.0,0.0,17580.0,0.0,,E-MINI日经225指数1701,0.0,17580.0,17580.0
2016-11-15,NS1701,0.0,0.0,0.0,17605.0,0.0,,E-MINI日经225指数1701,0.0,17605.0,17605.0
2016-11-16,NS1701,0.0,0.0,0.0,17835.0,0.0,,E-MINI日经225指数1701,0.0,17835.0,17835.0
2016-11-17,NS1701,0.0,0.0,0.0,17880.0,0.0,,E-MINI日经225指数1701,0.0,17880.0,17880.0
2016-11-18,NS1701,0.0,0.0,0.0,17960.0,0.0,,E-MINI日经225指数1701,0.0,17960.0,17960.0
2016-11-21,NS1701,0.0,0.0,0.0,18075.0,0.0,,E-MINI日经225指数1701,0.0,18075.0,18075.0
2016-11-22,NS1701,0.0,0.0,0.0,18160.0,0.0,,E-MINI日经225指数1701,0.0,18160.0,18160.0
2016-11-23,NS1701,0.0,0.0,0.0,18165.0,0.0,,E-MINI日经225指数1701,0.0,18165.0,18165.0
2016-11-24,NS1701,0.0,0.0,0.0,18355.0,0.0,,E-MINI日经225指数1701,0.0,18355.0,18355.0
2016-11-25,NS1701,0.0,0.0,0.0,18350.0,0.0,,E-MINI日经225指数1701,0.0,18350.0,18350.0
2016-11-28,NS1701,0.0,0.0,0.0,18285.0,0.0,,E-MINI日经225指数1701,0.0,18285.0,18285.0
2016-11-29,NS1701,0.0,0.0,0.0,18255.0,0.0,,E-MINI日经225指数1701,0.0,18255.0,18255.0
2016-11-30,NS1701,0.0,0.0,0.0,18345.0,0.0,,E-MINI日经225指数1701,0.0,18345.0,18345.0
2016-12-01,NS1701,0.0,0.0,0.0,18390.0,0.0,,E-MINI日经225指数1701,0.0,18390.0,18390.0
2016-12-02,NS1701,0.0,0.0,0.0,18295.0,0.0,,E-MINI日经225指数1701,0.0,18295.0,18295.0
2016-12-05,NS1701,0.0,0.0,0.0,18235.0,0.0,,E-MINI日经225指数1701,0.0,18235.0,18235.0
2016-12-06,NS1701,0.0,0.0,0.0,18405.0,0.0,,E-MINI日经225指数1701,0.0,18405.0,18405.0
2016-12-07,NS1701,0.0,0.0,0.0,18470.0,0.0,,E-MINI日经225指数1701,0.0,18470.0,18470.0
2016-12-08,NS1701,0.0,0.0,0.0,18760.0,0.0,,E-MINI日经225指数1701,0.0,18760.0,18760.0
2016-12-09,NS1701,0.0,0.0,0.0,19000.0,0.0,,E-MINI日经225指数1701,0.0,19000.0,19000.0
2016-12-12,NS1701,18711.0,19121.0,18711.0,19121.0,3.0,,E-MINI日经225指数1701,3.0,19195.0,19121.0
2016-12-13,NS1701,0.0,0.0,0.0,19210.0,0.0,,E-MINI日经225指数1701,3.0,19210.0,19210.0
2016-12-14,NS1701,19208.0,19208.0,19208.0,19208.0,1.0,,E-MINI日经225指数1701,2.0,19195.0,19208.0
2016-12-15,NS1701,19140.0,19330.0,19140.0,19330.0,3.0,,E-MINI日经225指数1701,5.0,19295.0,19330.0
2016-12-16,NS1701,19420.0,19420.0,19420.0,19420.0,2.0,,E-MINI日经225指数1701,5.0,19410.0,19420.0
2016-12-19,NS1701,0.0,0.0,0.0,19415.0,0.0,,E-MINI日经225指数1701,5.0,19415.0,19415.0
2016-12-20,NS1701,19445.0,19445.0,19445.0,19445.0,2.0,,E-MINI日经225指数1701,3.0,19485.0,19445.0
2016-12-21,NS1701,0.0,0.0,0.0,19435.0,0.0,,E-MINI日经225指数1701,3.0,19435.0,19435.0
2016-12-22,NS1701,0.0,0.0,0.0,19360.0,0.0,,E-MINI日经225指数1701,3.0,19360.0,19360.0
2016-12-23,NS1701,0.0,0.0,0.0,19390.0,0.0,,E-MINI日经225指数1701,3.0,19390.0,19390.0
2016-12-26,NS1701,0.0,0.0,0.0,19310.0,0.0,,E-MINI日经225指数1701,3.0,19310.0,19310.0
2016-12-27,NS1701,0.0,0.0,0.0,19355.0,0.0,,E-MINI日经225指数1701,3.0,19355.0,19355.0
2016-12-28,NS1701,0.0,0.0,0.0,19465.0,0.0,,E-MINI日经225指数1701,3.0,19465.0,19465.0
2016-12-29,NS1701,19195.0,19195.0,19195.0,19195.0,1.0,,E-MINI日经225指数1701,2.0,19075.0,19195.0
2016-12-30,NS1701,0.0,0.0,0.0,19080.0,0.0,,E-MINI日经225指数1701,2.0,19080.0,19080.0
2017-01-11,NS1701,0.0,0.0,0.0,19375.0,0.0,,E-MINI日经225指数1701,2.0,19375.0,19375.0
2017-01-12,NS1701,0.0,0.0,0.0,19130.0,0.0,,E-MINI日经225指数1701,2.0,19130.0,19130.0
