date,symbol,open,high,low,close,volume,amount,name,openinterest,settleprice,price
2016-09-09,NS1803,0.0,0.0,0.0,16515.0,0.0,,E-MINI日经225指数1803,0.0,16515.0,16515.0
2016-09-12,NS1803,0.0,0.0,0.0,16205.0,0.0,,E-MINI日经225指数1803,0.0,16205.0,16205.0
2016-09-13,NS1803,0.0,0.0,0.0,16270.0,0.0,,E-MINI日经225指数1803,0.0,16270.0,16270.0
2016-09-14,NS1803,0.0,0.0,0.0,16185.0,0.0,,E-MINI日经225指数1803,0.0,16185.0,16185.0
2016-09-15,NS1803,0.0,0.0,0.0,15930.0,0.0,,E-MINI日经225指数1803,0.0,15930.0,15930.0
2016-09-16,NS1803,0.0,0.0,0.0,16015.0,0.0,,E-MINI日经225指数1803,0.0,16015.0,16015.0
2016-09-19,NS1803,0.0,0.0,0.0,15965.0,0.0,,E-MINI日经225指数1803,0.0,15965.0,15965.0
2016-09-20,NS1803,0.0,0.0,0.0,15970.0,0.0,,E-MINI日经225指数1803,0.0,15970.0,15970.0
2016-09-21,NS1803,0.0,0.0,0.0,16370.0,0.0,,E-MINI日经225指数1803,0.0,16370.0,16370.0
2016-09-22,NS1803,0.0,0.0,0.0,16210.0,0.0,,E-MINI日经225指数1803,0.0,16210.0,16210.0
2016-09-23,NS1803,0.0,0.0,0.0,16220.0,0.0,,E-MINI日经225指数1803,0.0,16220.0,16220.0
2016-09-26,NS1803,0.0,0.0,0.0,16050.0,0.0,,E-MINI日经225指数1803,0.0,16050.0,16050.0
2016-09-27,NS1803,0.0,0.0,0.0,16205.0,0.0,,E-MINI日经225指数1803,0.0,16205.0,16205.0
2016-09-28,NS1803,0.0,0.0,0.0,16085.0,0.0,,E-MINI日经225指数1803,0.0,16085.0,16085.0
2016-09-29,NS1803,0.0,0.0,0.0,16345.0,0.0,,E-MINI日经225指数1803,0.0,16345.0,16345.0
2016-09-30,NS1803,0.0,0.0,0.0,16030.0,0.0,,E-MINI日经225指数1803,0.0,16030.0,16030.0
2016-10-03,NS1803,0.0,0.0,0.0,16245.0,0.0,,E-MINI日经225指数1803,0.0,16245.0,16245.0
2016-10-04,NS1803,0.0,0.0,0.0,16375.0,0.0,,E-MINI日经225指数1803,0.0,16375.0,16375.0
2016-10-05,NS1803,0.0,0.0,0.0,16435.0,0.0,,E-MINI日经225指数1803,0.0,16435.0,16435.0
2016-10-06,NS1803,0.0,0.0,0.0,16550.0,0.0,,E-MINI日经225指数1803,0.0,16550.0,16550.0
2016-10-07,NS1803,0.0,0.0,0.0,16535.0,0.0,,E-MINI日经225指数1803,0.0,16535.0,16535.0
2016-10-10,NS1803,0.0,0.0,0.0,16470.0,0.0,,E-MINI日经225指数1803,0.0,16470.0,16470.0
2016-10-11,NS1803,0.0,0.0,0.0,16645.0,0.0,,E-MINI日经225指数1803,0.0,16645.0,16645.0
2016-10-12,NS1803,0.0,0.0,0.0,16545.0,0.0,,E-MINI日经225指数1803,0.0,16545.0,16545.0
2016-10-13,NS1803,0.0,0.0,0.0,16440.0,0.0,,E-MINI日经225指数1803,0.0,16440.0,16440.0
2016-10-14,NS1803,0.0,0.0,0.0,16500.0,0.0,,E-MINI日经225指数1803,0.0,16500.0,16500.0
2016-10-17,NS1803,0.0,0.0,0.0,16530.0,0.0,,E-MINI日经225指数1803,0.0,16530.0,16530.0
2016-10-18,NS1803,0.0,0.0,0.0,16590.0,0.0,,E-MINI日经225指数1803,0.0,16590.0,16590.0
2016-10-19,NS1803,0.0,0.0,0.0,16650.0,0.0,,E-MINI日经225指数1803,0.0,16650.0,16650.0
2016-10-20,NS1803,0.0,0.0,0.0,16825.0,0.0,,E-MINI日经225指数1803,0.0,16825.0,16825.0
2016-10-21,NS1803,0.0,0.0,0.0,16880.0,0.0,,E-MINI日经225指数1803,0.0,16880.0,16880.0
2016-10-24,NS1803,0.0,0.0,0.0,16890.0,0.0,,E-MINI日经225指数1803,0.0,16890.0,16890.0
2016-10-25,NS1803,0.0,0.0,0.0,17035.0,0.0,,E-MINI日经225指数1803,0.0,17035.0,17035.0
2016-10-26,NS1803,0.0,0.0,0.0,17020.0,0.0,,E-MINI日经225指数1803,0.0,17020.0,17020.0
2016-10-27,NS1803,0.0,0.0,0.0,17025.0,0.0,,E-MINI日经225指数1803,0.0,17025.0,17025.0
2016-10-28,NS1803,0.0,0.0,0.0,17115.0,0.0,,E-MINI日经225指数1803,0.0,17115.0,17115.0
2016-10-31,NS1803,0.0,0.0,0.0,17090.0,0.0,,E-MINI日经225指数1803,0.0,17090.0,17090.0
2016-11-01,NS1803,0.0,0.0,0.0,17090.0,0.0,,E-MINI日经225指数1803,0.0,17090.0,17090.0
2016-11-02,NS1803,0.0,0.0,0.0,16740.0,0.0,,E-MINI日经225指数1803,0.0,16740.0,16740.0
2016-11-03,NS1803,0.0,0.0,0.0,16640.0,0.0,,E-MINI日经225指数1803,0.0,16640.0,16640.0
2016-11-04,NS1803,0.0,0.0,0.0,16550.0,0.0,,E-MINI日经225指数1803,0.0,16550.0,16550.0
2016-11-07,NS1803,0.0,0.0,0.0,16880.0,0.0,,E-MINI日经225指数1803,0.0,16880.0,16880.0
2016-11-08,NS1803,0.0,0.0,0.0,16860.0,0.0,,E-MINI日经225指数1803,0.0,16860.0,16860.0
2016-11-09,NS1803,0.0,0.0,0.0,16055.0,0.0,,E-MINI日经225指数1803,0.0,16055.0,16055.0
2016-11-10,NS1803,0.0,0.0,0.0,16985.0,0.0,,E-MINI日经225指数1803,0.0,16985.0,16985.0
2016-11-11,NS1803,0.0,0.0,0.0,17105.0,0.0,,E-MINI日经225指数1803,0.0,17105.0,17105.0
2016-11-14,NS1803,0.0,0.0,0.0,17265.0,0.0,,E-MINI日经225指数1803,0.0,17265.0,17265.0
2016-11-15,NS1803,0.0,0.0,0.0,17295.0,0.0,,E-MINI日经225指数1803,0.0,17295.0,17295.0
2016-11-16,NS1803,0.0,0.0,0.0,17520.0,0.0,,E-MINI日经225指数1803,0.0,17520.0,17520.0
2016-11-17,NS1803,0.0,0.0,0.0,17565.0,0.0,,E-MINI日经225指数1803,0.0,17565.0,17565.0
2016-11-18,NS1803,0.0,0.0,0.0,17645.0,0.0,,E-MINI日经225指数1803,0.0,17645.0,17645.0
2016-11-21,NS1803,0.0,0.0,0.0,17760.0,0.0,,E-MINI日经225指数1803,0.0,17760.0,17760.0
2016-11-22,NS1803,0.0,0.0,0.0,17850.0,0.0,,E-MINI日经225指数1803,0.0,17850.0,17850.0
2016-11-23,NS1803,0.0,0.0,0.0,17855.0,0.0,,E-MINI日经225指数1803,0.0,17855.0,17855.0
2016-11-24,NS1803,0.0,0.0,0.0,18045.0,0.0,,E-MINI日经225指数1803,0.0,18045.0,18045.0
2016-11-25,NS1803,0.0,0.0,0.0,18035.0,0.0,,E-MINI日经225指数1803,0.0,18035.0,18035.0
2016-11-28,NS1803,0.0,0.0,0.0,17970.0,0.0,,E-MINI日经225指数1803,0.0,17970.0,17970.0
2016-11-29,NS1803,0.0,0.0,0.0,17940.0,0.0,,E-MINI日经225指数1803,0.0,17940.0,17940.0
2016-11-30,NS1803,0.0,0.0,0.0,18035.0,0.0,,E-MINI日经225指数1803,0.0,18035.0,18035.0
2016-12-01,NS1803,0.0,0.0,0.0,18080.0,0.0,,E-MINI日经225指数1803,0.0,18080.0,18080.0
2016-12-02,NS1803,0.0,0.0,0.0,17980.0,0.0,,E-MINI日经225指数1803,0.0,17980.0,17980.0
2016-12-05,NS1803,0.0,0.0,0.0,17925.0,0.0,,E-MINI日经225指数1803,0.0,17925.0,17925.0
2016-12-06,NS1803,0.0,0.0,0.0,18090.0,0.0,,E-MINI日经225指数1803,0.0,18090.0,18090.0
2016-12-07,NS1803,0.0,0.0,0.0,18155.0,0.0,,E-MINI日经225指数1803,0.0,18155.0,18155.0
2016-12-08,NS1803,0.0,0.0,0.0,18445.0,0.0,,E-MINI日经225指数1803,0.0,18445.0,18445.0
2016-12-09,NS1803,0.0,0.0,0.0,18685.0,0.0,,E-MINI日经225指数1803,0.0,18685.0,18685.0
2016-12-12,NS1803,0.0,0.0,0.0,18885.0,0.0,,E-MINI日经225指数1803,0.0,18885.0,18885.0
2016-12-13,NS1803,0.0,0.0,0.0,18895.0,0.0,,E-MINI日经225指数1803,0.0,18895.0,18895.0
2016-12-14,NS1803,0.0,0.0,0.0,18885.0,0.0,,E-MINI日经225指数1803,0.0,18885.0,18885.0
2016-12-15,NS1803,0.0,0.0,0.0,18985.0,0.0,,E-MINI日经225指数1803,0.0,18985.0,18985.0
2016-12-16,NS1803,0.0,0.0,0.0,19095.0,0.0,,E-MINI日经225指数1803,0.0,19095.0,19095.0
2016-12-19,NS1803,0.0,0.0,0.0,19100.0,0.0,,E-MINI日经225指数1803,0.0,19100.0,19100.0
2016-12-20,NS1803,0.0,0.0,0.0,19175.0,0.0,,E-MINI日经225指数1803,0.0,19175.0,19175.0
2016-12-21,NS1803,0.0,0.0,0.0,19125.0,0.0,,E-MINI日经225指数1803,0.0,19125.0,19125.0
2016-12-22,NS1803,0.0,0.0,0.0,19050.0,0.0,,E-MINI日经225指数1803,0.0,19050.0,19050.0
2016-12-23,NS1803,0.0,0.0,0.0,19075.0,0.0,,E-MINI日经225指数1803,0.0,19075.0,19075.0
2016-12-26,NS1803,0.0,0.0,0.0,18995.0,0.0,,E-MINI日经225指数1803,0.0,18995.0,18995.0
2016-12-27,NS1803,0.0,0.0,0.0,19040.0,0.0,,E-MINI日经225指数1803,0.0,19040.0,19040.0
2016-12-28,NS1803,0.0,0.0,0.0,19155.0,0.0,,E-MINI日经225指数1803,0.0,19155.0,19155.0
2016-12-29,NS1803,0.0,0.0,0.0,18760.0,0.0,,E-MINI日经225指数1803,0.0,18760.0,18760.0
2016-12-30,NS1803,0.0,0.0,0.0,18765.0,0.0,,E-MINI日经225指数1803,0.0,18765.0,18765.0
2017-01-11,NS1803,0.0,0.0,0.0,19060.0,0.0,,E-MINI日经225指数1803,0.0,19060.0,19060.0
2017-01-12,NS1803,0.0,0.0,0.0,18815.0,0.0,,E-MINI日经225指数1803,0.0,18815.0,18815.0
2017-01-13,NS1803,0.0,0.0,0.0,18965.0,0.0,,E-MINI日经225指数1803,0.0,18965.0,18965.0
2017-01-16,NS1803,0.0,0.0,0.0,18755.0,0.0,,E-MINI日经225指数1803,0.0,18755.0,18755.0
2017-01-17,NS1803,0.0,0.0,0.0,18475.0,0.0,,E-MINI日经225指数1803,0.0,18475.0,18475.0
2017-01-18,NS1803,0.0,0.0,0.0,18520.0,0.0,,E-MINI日经225指数1803,0.0,18520.0,18520.0
2017-01-19,NS1803,0.0,0.0,0.0,18810.0,0.0,,E-MINI日经225指数1803,0.0,18810.0,18810.0
2017-01-20,NS1803,0.0,0.0,0.0,18845.0,0.0,,E-MINI日经225指数1803,0.0,18845.0,18845.0
2017-01-23,NS1803,0.0,0.0,0.0,18585.0,0.0,,E-MINI日经225指数1803,0.0,18585.0,18585.0
2017-01-24,NS1803,0.0,0.0,0.0,18535.0,0.0,,E-MINI日经225指数1803,0.0,18535.0,18535.0
2017-01-25,NS1803,0.0,0.0,0.0,18770.0,0.0,,E-MINI日经225指数1803,0.0,18770.0,18770.0
2017-01-26,NS1803,0.0,0.0,0.0,19170.0,0.0,,E-MINI日经225指数1803,0.0,19170.0,19170.0
2017-01-27,NS1803,0.0,0.0,0.0,19170.0,0.0,,E-MINI日经225指数1803,0.0,19170.0,19170.0
2017-01-30,NS1803,0.0,0.0,0.0,19020.0,0.0,,E-MINI日经225指数1803,0.0,19020.0,19020.0
2017-01-31,NS1803,0.0,0.0,0.0,18685.0,0.0,,E-MINI日经225指数1803,0.0,18685.0,18685.0
2017-02-01,NS1803,0.0,0.0,0.0,18900.0,0.0,,E-MINI日经225指数1803,0.0,18900.0,18900.0
2017-02-02,NS1803,0.0,0.0,0.0,18640.0,0.0,,E-MINI日经225指数1803,0.0,18640.0,18640.0
2017-02-03,NS1803,0.0,0.0,0.0,18650.0,0.0,,E-MINI日经225指数1803,0.0,18650.0,18650.0
2017-02-06,NS1803,0.0,0.0,0.0,18645.0,0.0,,E-MINI日经225指数1803,0.0,18645.0,18645.0
2017-02-07,NS1803,0.0,0.0,0.0,18565.0,0.0,,E-MINI日经225指数1803,0.0,18565.0,18565.0
2017-02-08,NS1803,0.0,0.0,0.0,18685.0,0.0,,E-MINI日经225指数1803,0.0,18685.0,18685.0
2017-02-09,NS1803,0.0,0.0,0.0,18600.0,0.0,,E-MINI日经225指数1803,0.0,18600.0,18600.0
2017-02-10,NS1803,0.0,0.0,0.0,19080.0,0.0,,E-MINI日经225指数1803,0.0,19080.0,19080.0
2017-02-13,NS1803,0.0,0.0,0.0,19115.0,0.0,,E-MINI日经225指数1803,0.0,19115.0,19115.0
2017-02-14,NS1803,0.0,0.0,0.0,18945.0,0.0,,E-MINI日经225指数1803,0.0,18945.0,18945.0
2017-02-15,NS1803,0.0,0.0,0.0,19135.0,0.0,,E-MINI日经225指数1803,0.0,19135.0,19135.0
2017-02-16,NS1803,0.0,0.0,0.0,19020.0,0.0,,E-MINI日经225指数1803,0.0,19020.0,19020.0
2017-02-17,NS1803,0.0,0.0,0.0,18875.0,0.0,,E-MINI日经225指数1803,0.0,18875.0,18875.0
2017-02-20,NS1803,0.0,0.0,0.0,18945.0,0.0,,E-MINI日经225指数1803,0.0,18945.0,18945.0
2017-02-21,NS1803,0.0,0.0,0.0,19075.0,0.0,,E-MINI日经225指数1803,0.0,19075.0,19075.0
2017-02-22,NS1803,0.0,0.0,0.0,19075.0,0.0,,E-MINI日经225指数1803,0.0,19075.0,19075.0
2017-02-23,NS1803,0.0,0.0,0.0,19035.0,0.0,,E-MINI日经225指数1803,0.0,19035.0,19035.0
2017-02-24,NS1803,0.0,0.0,0.0,18970.0,0.0,,E-MINI日经225指数1803,0.0,18970.0,18970.0
2017-02-27,NS1803,0.0,0.0,0.0,18825.0,0.0,,E-MINI日经225指数1803,0.0,18825.0,18825.0
2017-02-28,NS1803,0.0,0.0,0.0,18815.0,0.0,,E-MINI日经225指数1803,0.0,18815.0,18815.0
2017-03-01,NS1803,0.0,0.0,0.0,19090.0,0.0,,E-MINI日经225指数1803,0.0,19090.0,19090.0
2017-03-02,NS1803,0.0,0.0,0.0,19330.0,0.0,,E-MINI日经225指数1803,0.0,19330.0,19330.0
2017-03-03,NS1803,0.0,0.0,0.0,19150.0,0.0,,E-MINI日经225指数1803,0.0,19150.0,19150.0
2017-03-06,NS1803,0.0,0.0,0.0,19040.0,0.0,,E-MINI日经225指数1803,0.0,19040.0,19040.0
2017-03-07,NS1803,0.0,0.0,0.0,19035.0,0.0,,E-MINI日经225指数1803,0.0,19035.0,19035.0
2017-03-08,NS1803,0.0,0.0,0.0,18940.0,0.0,,E-MINI日经225指数1803,0.0,18940.0,18940.0
2017-03-09,NS1803,0.0,0.0,0.0,18995.0,0.0,,E-MINI日经225指数1803,0.0,18995.0,18995.0
2017-03-10,NS1803,0.0,0.0,0.0,19295.0,0.0,,E-MINI日经225指数1803,0.0,19295.0,19295.0
2017-03-13,NS1803,0.0,0.0,0.0,19325.0,0.0,,E-MINI日经225指数1803,0.0,19325.0,19325.0
2017-03-14,NS1803,0.0,0.0,0.0,19300.0,0.0,,E-MINI日经225指数1803,0.0,19300.0,19300.0
2017-03-15,NS1803,0.0,0.0,0.0,19280.0,0.0,,E-MINI日经225指数1803,0.0,19280.0,19280.0
2017-03-16,NS1803,0.0,0.0,0.0,19250.0,0.0,,E-MINI日经225指数1803,0.0,19250.0,19250.0
2017-03-17,NS1803,0.0,0.0,0.0,19170.0,0.0,,E-MINI日经225指数1803,0.0,19170.0,19170.0
2017-03-20,NS1803,0.0,0.0,0.0,19140.0,0.0,,E-MINI日经225指数1803,0.0,19140.0,19140.0
2017-03-21,NS1803,0.0,0.0,0.0,19135.0,0.0,,E-MINI日经225指数1803,0.0,19135.0,19135.0
2017-03-22,NS1803,0.0,0.0,0.0,18740.0,0.0,,E-MINI日经225指数1803,0.0,18740.0,18740.0
2017-03-23,NS1803,0.0,0.0,0.0,18760.0,0.0,,E-MINI日经225指数1803,0.0,18760.0,18760.0
2017-03-24,NS1803,0.0,0.0,0.0,18980.0,0.0,,E-MINI日经225指数1803,0.0,18980.0,18980.0
2017-03-27,NS1803,0.0,0.0,0.0,18590.0,0.0,,E-MINI日经225指数1803,0.0,18590.0,18590.0
2017-03-28,NS1803,0.0,0.0,0.0,18860.0,0.0,,E-MINI日经225指数1803,0.0,18860.0,18860.0
2017-03-29,NS1803,0.0,0.0,0.0,19020.0,0.0,,E-MINI日经225指数1803,0.0,19020.0,19020.0
2017-03-30,NS1803,0.0,0.0,0.0,18880.0,0.0,,E-MINI日经225指数1803,0.0,18880.0,18880.0
2017-03-31,NS1803,0.0,0.0,0.0,18715.0,0.0,,E-MINI日经225指数1803,0.0,18715.0,18715.0
2017-04-03,NS1803,0.0,0.0,0.0,18880.0,0.0,,E-MINI日经225指数1803,0.0,18880.0,18880.0
2017-04-04,NS1803,0.0,0.0,0.0,18630.0,0.0,,E-MINI日经225指数1803,0.0,18630.0,18630.0
2017-04-05,NS1803,0.0,0.0,0.0,18685.0,0.0,,E-MINI日经225指数1803,0.0,18685.0,18685.0
2017-04-06,NS1803,0.0,0.0,0.0,18460.0,0.0,,E-MINI日经225指数1803,0.0,18460.0,18460.0
2017-04-07,NS1803,0.0,0.0,0.0,18535.0,0.0,,E-MINI日经225指数1803,0.0,18535.0,18535.0
2017-04-10,NS1803,0.0,0.0,0.0,18605.0,0.0,,E-MINI日经225指数1803,0.0,18605.0,18605.0
2017-04-11,NS1803,0.0,0.0,0.0,18525.0,0.0,,E-MINI日经225指数1803,0.0,18525.0,18525.0
2017-04-12,NS1803,0.0,0.0,0.0,18360.0,0.0,,E-MINI日经225指数1803,0.0,18360.0,18360.0
2017-04-13,NS1803,0.0,0.0,0.0,18215.0,0.0,,E-MINI日经225指数1803,0.0,18215.0,18215.0
2017-04-14,NS1803,0.0,0.0,0.0,18125.0,0.0,,E-MINI日经225指数1803,0.0,18125.0,18125.0
2017-04-17,NS1803,0.0,0.0,0.0,18125.0,0.0,,E-MINI日经225指数1803,0.0,18125.0,18125.0
2017-04-18,NS1803,0.0,0.0,0.0,18240.0,0.0,,E-MINI日经225指数1803,0.0,18240.0,18240.0
2017-04-19,NS1803,0.0,0.0,0.0,18240.0,0.0,,E-MINI日经225指数1803,0.0,18240.0,18240.0
2017-04-20,NS1803,0.0,0.0,0.0,18265.0,0.0,,E-MINI日经225指数1803,0.0,18265.0,18265.0
2017-04-21,NS1803,0.0,0.0,0.0,18460.0,0.0,,E-MINI日经225指数1803,0.0,18460.0,18460.0
2017-04-24,NS1803,0.0,0.0,0.0,18740.0,0.0,,E-MINI日经225指数1803,0.0,18740.0,18740.0
2017-04-25,NS1803,0.0,0.0,0.0,18905.0,0.0,,E-MINI日经225指数1803,0.0,18905.0,18905.0
2017-04-26,NS1803,0.0,0.0,0.0,19095.0,0.0,,E-MINI日经225指数1803,0.0,19095.0,19095.0
2017-04-27,NS1803,0.0,0.0,0.0,19090.0,0.0,,E-MINI日经225指数1803,0.0,19090.0,19090.0
2017-04-28,NS1803,0.0,0.0,0.0,18995.0,0.0,,E-MINI日经225指数1803,0.0,18995.0,18995.0
2017-05-01,NS1803,0.0,0.0,0.0,19130.0,0.0,,E-MINI日经225指数1803,0.0,19130.0,19130.0
2017-05-02,NS1803,0.0,0.0,0.0,19280.0,0.0,,E-MINI日经225指数1803,0.0,19280.0,19280.0
2017-05-03,NS1803,0.0,0.0,0.0,19270.0,0.0,,E-MINI日经225指数1803,0.0,19270.0,19270.0
2017-05-04,NS1803,0.0,0.0,0.0,19380.0,0.0,,E-MINI日经225指数1803,0.0,19380.0,19380.0
2017-05-05,NS1803,0.0,0.0,0.0,19305.0,0.0,,E-MINI日经225指数1803,0.0,19305.0,19305.0
2017-05-08,NS1803,0.0,0.0,0.0,19655.0,0.0,,E-MINI日经225指数1803,0.0,19655.0,19655.0
2017-05-09,NS1803,0.0,0.0,0.0,19695.0,0.0,,E-MINI日经225指数1803,0.0,19695.0,19695.0
2017-05-10,NS1803,0.0,0.0,0.0,19710.0,0.0,,E-MINI日经225指数1803,0.0,19710.0,19710.0
2017-05-11,NS1803,0.0,0.0,0.0,19765.0,0.0,,E-MINI日经225指数1803,0.0,19765.0,19765.0
2017-05-12,NS1803,0.0,0.0,0.0,19670.0,0.0,,E-MINI日经225指数1803,0.0,19670.0,19670.0
2017-05-15,NS1803,0.0,0.0,0.0,19690.0,0.0,,E-MINI日经225指数1803,0.0,19690.0,19690.0
2017-05-16,NS1803,0.0,0.0,0.0,19700.0,0.0,,E-MINI日经225指数1803,0.0,19700.0,19700.0
2017-05-17,NS1803,0.0,0.0,0.0,19575.0,0.0,,E-MINI日经225指数1803,0.0,19575.0,19575.0
2017-05-18,NS1803,0.0,0.0,0.0,19395.0,0.0,,E-MINI日经225指数1803,0.0,19395.0,19395.0
2017-05-19,NS1803,0.0,0.0,0.0,19380.0,0.0,,E-MINI日经225指数1803,0.0,19380.0,19380.0
2017-05-22,NS1803,0.0,0.0,0.0,19485.0,0.0,,E-MINI日经225指数1803,0.0,19485.0,19485.0
2017-05-23,NS1803,0.0,0.0,0.0,19455.0,0.0,,E-MINI日经225指数1803,0.0,19455.0,19455.0
2017-05-24,NS1803,0.0,0.0,0.0,19535.0,0.0,,E-MINI日经225指数1803,0.0,19535.0,19535.0
2017-05-25,NS1803,0.0,0.0,0.0,19620.0,0.0,,E-MINI日经225指数1803,0.0,19620.0,19620.0
2017-05-26,NS1803,0.0,0.0,0.0,19510.0,0.0,,E-MINI日经225指数1803,0.0,19510.0,19510.0
2017-05-29,NS1803,0.0,0.0,0.0,19490.0,0.0,,E-MINI日经225指数1803,0.0,19490.0,19490.0
2017-05-30,NS1803,0.0,0.0,0.0,19465.0,0.0,,E-MINI日经225指数1803,0.0,19465.0,19465.0
2017-05-31,NS1803,0.0,0.0,0.0,19470.0,0.0,,E-MINI日经225指数1803,0.0,19470.0,19470.0
2017-06-01,NS1803,0.0,0.0,0.0,19660.0,0.0,,E-MINI日经225指数1803,0.0,19660.0,19660.0
2017-06-02,NS1803,0.0,0.0,0.0,19970.0,0.0,,E-MINI日经225指数1803,0.0,19970.0,19970.0
2017-06-05,NS1803,0.0,0.0,0.0,19960.0,0.0,,E-MINI日经225指数1803,0.0,19960.0,19960.0
2017-06-06,NS1803,0.0,0.0,0.0,19770.0,0.0,,E-MINI日经225指数1803,0.0,19770.0,19770.0
2017-06-07,NS1803,0.0,0.0,0.0,19745.0,0.0,,E-MINI日经225指数1803,0.0,19745.0,19745.0
2017-06-08,NS1803,0.0,0.0,0.0,19765.0,0.0,,E-MINI日经225指数1803,0.0,19765.0,19765.0
2017-06-09,NS1803,0.0,0.0,0.0,19795.0,0.0,,E-MINI日经225指数1803,0.0,19795.0,19795.0
2017-06-12,NS1803,0.0,0.0,0.0,19700.0,0.0,,E-MINI日经225指数1803,0.0,19700.0,19700.0
2017-06-13,NS1803,0.0,0.0,0.0,19720.0,0.0,,E-MINI日经225指数1803,0.0,19720.0,19720.0
2017-06-14,NS1803,0.0,0.0,0.0,19715.0,0.0,,E-MINI日经225指数1803,0.0,19715.0,19715.0
2017-06-15,NS1803,0.0,0.0,0.0,19660.0,0.0,,E-MINI日经225指数1803,0.0,19660.0,19660.0
2017-06-16,NS1803,0.0,0.0,0.0,19760.0,0.0,,E-MINI日经225指数1803,0.0,19760.0,19760.0
2017-06-19,NS1803,0.0,0.0,0.0,19870.0,0.0,,E-MINI日经225指数1803,0.0,19870.0,19870.0
2017-06-20,NS1803,0.0,0.0,0.0,20040.0,0.0,,E-MINI日经225指数1803,0.0,20040.0,20040.0
2017-06-21,NS1803,0.0,0.0,0.0,19930.0,0.0,,E-MINI日经225指数1803,0.0,19930.0,19930.0
2017-06-22,NS1803,0.0,0.0,0.0,19920.0,0.0,,E-MINI日经225指数1803,0.0,19920.0,19920.0
2017-06-23,NS1803,0.0,0.0,0.0,19915.0,0.0,,E-MINI日经225指数1803,0.0,19915.0,19915.0
2017-06-26,NS1803,0.0,0.0,0.0,19960.0,0.0,,E-MINI日经225指数1803,0.0,19960.0,19960.0
2017-06-27,NS1803,0.0,0.0,0.0,19990.0,0.0,,E-MINI日经225指数1803,0.0,19990.0,19990.0
2017-06-28,NS1803,0.0,0.0,0.0,19985.0,0.0,,E-MINI日经225指数1803,0.0,19985.0,19985.0
2017-06-29,NS1803,0.0,0.0,0.0,20065.0,0.0,,E-MINI日经225指数1803,0.0,20065.0,20065.0
2017-06-30,NS1803,0.0,0.0,0.0,19840.0,0.0,,E-MINI日经225指数1803,0.0,19840.0,19840.0
2017-07-03,NS1803,0.0,0.0,0.0,19900.0,0.0,,E-MINI日经225指数1803,0.0,19900.0,19900.0
