date,symbol,open,high,low,close,volume,amount,name,openinterest,settleprice,price
2016-12-09,NS1806,0.0,0.0,0.0,18555.0,0.0,,E-MINI日经225指数1806,0.0,18555.0,18555.0
2016-12-12,NS1806,0.0,0.0,0.0,18755.0,0.0,,E-MINI日经225指数1806,0.0,18755.0,18755.0
2016-12-13,NS1806,0.0,0.0,0.0,18765.0,0.0,,E-MINI日经225指数1806,0.0,18765.0,18765.0
2016-12-14,NS1806,0.0,0.0,0.0,18755.0,0.0,,E-MINI日经225指数1806,0.0,18755.0,18755.0
2016-12-15,NS1806,0.0,0.0,0.0,18855.0,0.0,,E-MINI日经225指数1806,0.0,18855.0,18855.0
2016-12-16,NS1806,0.0,0.0,0.0,18965.0,0.0,,E-MINI日经225指数1806,0.0,18965.0,18965.0
2016-12-19,NS1806,0.0,0.0,0.0,18970.0,0.0,,E-MINI日经225指数1806,0.0,18970.0,18970.0
2016-12-20,NS1806,0.0,0.0,0.0,19045.0,0.0,,E-MINI日经225指数1806,0.0,19045.0,19045.0
2016-12-21,NS1806,0.0,0.0,0.0,18995.0,0.0,,E-MINI日经225指数1806,0.0,18995.0,18995.0
2016-12-22,NS1806,0.0,0.0,0.0,18915.0,0.0,,E-MINI日经225指数1806,0.0,18915.0,18915.0
2016-12-23,NS1806,0.0,0.0,0.0,18945.0,0.0,,E-MINI日经225指数1806,0.0,18945.0,18945.0
2016-12-26,NS1806,0.0,0.0,0.0,18865.0,0.0,,E-MINI日经225指数1806,0.0,18865.0,18865.0
2016-12-27,NS1806,0.0,0.0,0.0,18910.0,0.0,,E-MINI日经225指数1806,0.0,18910.0,18910.0
2016-12-28,NS1806,0.0,0.0,0.0,19025.0,0.0,,E-MINI日经225指数1806,0.0,19025.0,19025.0
2016-12-29,NS1806,0.0,0.0,0.0,18630.0,0.0,,E-MINI日经225指数1806,0.0,18630.0,18630.0
2016-12-30,NS1806,0.0,0.0,0.0,18635.0,0.0,,E-MINI日经225指数1806,0.0,18635.0,18635.0
2017-01-11,NS1806,0.0,0.0,0.0,18930.0,0.0,,E-MINI日经225指数1806,0.0,18930.0,18930.0
2017-01-12,NS1806,0.0,0.0,0.0,18685.0,0.0,,E-MINI日经225指数1806,0.0,18685.0,18685.0
2017-01-13,NS1806,0.0,0.0,0.0,18830.0,0.0,,E-MINI日经225指数1806,0.0,18830.0,18830.0
2017-01-16,NS1806,0.0,0.0,0.0,18625.0,0.0,,E-MINI日经225指数1806,0.0,18625.0,18625.0
2017-01-17,NS1806,0.0,0.0,0.0,18340.0,0.0,,E-MINI日经225指数1806,0.0,18340.0,18340.0
2017-01-18,NS1806,0.0,0.0,0.0,18390.0,0.0,,E-MINI日经225指数1806,0.0,18390.0,18390.0
2017-01-19,NS1806,0.0,0.0,0.0,18680.0,0.0,,E-MINI日经225指数1806,0.0,18680.0,18680.0
2017-01-20,NS1806,0.0,0.0,0.0,18710.0,0.0,,E-MINI日经225指数1806,0.0,18710.0,18710.0
2017-01-23,NS1806,0.0,0.0,0.0,18455.0,0.0,,E-MINI日经225指数1806,0.0,18455.0,18455.0
2017-01-24,NS1806,0.0,0.0,0.0,18405.0,0.0,,E-MINI日经225指数1806,0.0,18405.0,18405.0
2017-01-25,NS1806,0.0,0.0,0.0,18640.0,0.0,,E-MINI日经225指数1806,0.0,18640.0,18640.0
2017-01-26,NS1806,0.0,0.0,0.0,19040.0,0.0,,E-MINI日经225指数1806,0.0,19040.0,19040.0
2017-01-27,NS1806,0.0,0.0,0.0,19045.0,0.0,,E-MINI日经225指数1806,0.0,19045.0,19045.0
2017-01-30,NS1806,0.0,0.0,0.0,18890.0,0.0,,E-MINI日经225指数1806,0.0,18890.0,18890.0
2017-01-31,NS1806,0.0,0.0,0.0,18555.0,0.0,,E-MINI日经225指数1806,0.0,18555.0,18555.0
2017-02-01,NS1806,0.0,0.0,0.0,18770.0,0.0,,E-MINI日经225指数1806,0.0,18770.0,18770.0
2017-02-02,NS1806,0.0,0.0,0.0,18510.0,0.0,,E-MINI日经225指数1806,0.0,18510.0,18510.0
2017-02-03,NS1806,0.0,0.0,0.0,18520.0,0.0,,E-MINI日经225指数1806,0.0,18520.0,18520.0
2017-02-06,NS1806,0.0,0.0,0.0,18515.0,0.0,,E-MINI日经225指数1806,0.0,18515.0,18515.0
2017-02-07,NS1806,0.0,0.0,0.0,18435.0,0.0,,E-MINI日经225指数1806,0.0,18435.0,18435.0
2017-02-08,NS1806,0.0,0.0,0.0,18550.0,0.0,,E-MINI日经225指数1806,0.0,18550.0,18550.0
2017-02-09,NS1806,0.0,0.0,0.0,18465.0,0.0,,E-MINI日经225指数1806,0.0,18465.0,18465.0
2017-02-10,NS1806,0.0,0.0,0.0,18950.0,0.0,,E-MINI日经225指数1806,0.0,18950.0,18950.0
2017-02-13,NS1806,0.0,0.0,0.0,18985.0,0.0,,E-MINI日经225指数1806,0.0,18985.0,18985.0
2017-02-14,NS1806,0.0,0.0,0.0,18815.0,0.0,,E-MINI日经225指数1806,0.0,18815.0,18815.0
2017-02-15,NS1806,0.0,0.0,0.0,19000.0,0.0,,E-MINI日经225指数1806,0.0,19000.0,19000.0
2017-02-16,NS1806,0.0,0.0,0.0,18890.0,0.0,,E-MINI日经225指数1806,0.0,18890.0,18890.0
2017-02-17,NS1806,0.0,0.0,0.0,18745.0,0.0,,E-MINI日经225指数1806,0.0,18745.0,18745.0
2017-02-20,NS1806,0.0,0.0,0.0,18815.0,0.0,,E-MINI日经225指数1806,0.0,18815.0,18815.0
2017-02-21,NS1806,0.0,0.0,0.0,18945.0,0.0,,E-MINI日经225指数1806,0.0,18945.0,18945.0
2017-02-22,NS1806,0.0,0.0,0.0,18945.0,0.0,,E-MINI日经225指数1806,0.0,18945.0,18945.0
2017-02-23,NS1806,0.0,0.0,0.0,18905.0,0.0,,E-MINI日经225指数1806,0.0,18905.0,18905.0
2017-02-24,NS1806,0.0,0.0,0.0,18840.0,0.0,,E-MINI日经225指数1806,0.0,18840.0,18840.0
2017-02-27,NS1806,0.0,0.0,0.0,18695.0,0.0,,E-MINI日经225指数1806,0.0,18695.0,18695.0
2017-02-28,NS1806,0.0,0.0,0.0,18685.0,0.0,,E-MINI日经225指数1806,0.0,18685.0,18685.0
2017-03-01,NS1806,0.0,0.0,0.0,18960.0,0.0,,E-MINI日经225指数1806,0.0,18960.0,18960.0
2017-03-02,NS1806,0.0,0.0,0.0,19200.0,0.0,,E-MINI日经225指数1806,0.0,19200.0,19200.0
2017-03-03,NS1806,0.0,0.0,0.0,19020.0,0.0,,E-MINI日经225指数1806,0.0,19020.0,19020.0
2017-03-06,NS1806,0.0,0.0,0.0,18910.0,0.0,,E-MINI日经225指数1806,0.0,18910.0,18910.0
2017-03-07,NS1806,0.0,0.0,0.0,18905.0,0.0,,E-MINI日经225指数1806,0.0,18905.0,18905.0
2017-03-08,NS1806,0.0,0.0,0.0,18805.0,0.0,,E-MINI日经225指数1806,0.0,18805.0,18805.0
2017-03-09,NS1806,0.0,0.0,0.0,18860.0,0.0,,E-MINI日经225指数1806,0.0,18860.0,18860.0
2017-03-10,NS1806,0.0,0.0,0.0,19165.0,0.0,,E-MINI日经225指数1806,0.0,19165.0,19165.0
2017-03-13,NS1806,0.0,0.0,0.0,19190.0,0.0,,E-MINI日经225指数1806,0.0,19190.0,19190.0
2017-03-14,NS1806,0.0,0.0,0.0,19170.0,0.0,,E-MINI日经225指数1806,0.0,19170.0,19170.0
2017-03-15,NS1806,0.0,0.0,0.0,19150.0,0.0,,E-MINI日经225指数1806,0.0,19150.0,19150.0
2017-03-16,NS1806,0.0,0.0,0.0,19120.0,0.0,,E-MINI日经225指数1806,0.0,19120.0,19120.0
2017-03-17,NS1806,0.0,0.0,0.0,19040.0,0.0,,E-MINI日经225指数1806,0.0,19040.0,19040.0
2017-03-20,NS1806,0.0,0.0,0.0,19010.0,0.0,,E-MINI日经225指数1806,0.0,19010.0,19010.0
2017-03-21,NS1806,0.0,0.0,0.0,19005.0,0.0,,E-MINI日经225指数1806,0.0,19005.0,19005.0
2017-03-22,NS1806,0.0,0.0,0.0,18610.0,0.0,,E-MINI日经225指数1806,0.0,18610.0,18610.0
2017-03-23,NS1806,0.0,0.0,0.0,18625.0,0.0,,E-MINI日经225指数1806,0.0,18625.0,18625.0
2017-03-24,NS1806,0.0,0.0,0.0,18850.0,0.0,,E-MINI日经225指数1806,0.0,18850.0,18850.0
2017-03-27,NS1806,0.0,0.0,0.0,18460.0,0.0,,E-MINI日经225指数1806,0.0,18460.0,18460.0
2017-03-28,NS1806,0.0,0.0,0.0,18730.0,0.0,,E-MINI日经225指数1806,0.0,18730.0,18730.0
2017-03-29,NS1806,0.0,0.0,0.0,18890.0,0.0,,E-MINI日经225指数1806,0.0,18890.0,18890.0
2017-03-30,NS1806,0.0,0.0,0.0,18750.0,0.0,,E-MINI日经225指数1806,0.0,18750.0,18750.0
2017-03-31,NS1806,0.0,0.0,0.0,18585.0,0.0,,E-MINI日经225指数1806,0.0,18585.0,18585.0
2017-04-03,NS1806,0.0,0.0,0.0,18750.0,0.0,,E-MINI日经225指数1806,0.0,18750.0,18750.0
2017-04-04,NS1806,0.0,0.0,0.0,18500.0,0.0,,E-MINI日经225指数1806,0.0,18500.0,18500.0
2017-04-05,NS1806,0.0,0.0,0.0,18550.0,0.0,,E-MINI日经225指数1806,0.0,18550.0,18550.0
2017-04-06,NS1806,0.0,0.0,0.0,18325.0,0.0,,E-MINI日经225指数1806,0.0,18325.0,18325.0
2017-04-07,NS1806,0.0,0.0,0.0,18405.0,0.0,,E-MINI日经225指数1806,0.0,18405.0,18405.0
2017-04-10,NS1806,0.0,0.0,0.0,18470.0,0.0,,E-MINI日经225指数1806,0.0,18470.0,18470.0
2017-04-11,NS1806,0.0,0.0,0.0,18390.0,0.0,,E-MINI日经225指数1806,0.0,18390.0,18390.0
2017-04-12,NS1806,0.0,0.0,0.0,18225.0,0.0,,E-MINI日经225指数1806,0.0,18225.0,18225.0
2017-04-13,NS1806,0.0,0.0,0.0,18080.0,0.0,,E-MINI日经225指数1806,0.0,18080.0,18080.0
2017-04-14,NS1806,0.0,0.0,0.0,17995.0,0.0,,E-MINI日经225指数1806,0.0,17995.0,17995.0
2017-04-17,NS1806,0.0,0.0,0.0,18005.0,0.0,,E-MINI日经225指数1806,0.0,18005.0,18005.0
2017-04-18,NS1806,0.0,0.0,0.0,18105.0,0.0,,E-MINI日经225指数1806,0.0,18105.0,18105.0
2017-04-19,NS1806,0.0,0.0,0.0,18105.0,0.0,,E-MINI日经225指数1806,0.0,18105.0,18105.0
2017-04-20,NS1806,0.0,0.0,0.0,18135.0,0.0,,E-MINI日经225指数1806,0.0,18135.0,18135.0
2017-04-21,NS1806,0.0,0.0,0.0,18330.0,0.0,,E-MINI日经225指数1806,0.0,18330.0,18330.0
2017-04-24,NS1806,0.0,0.0,0.0,18610.0,0.0,,E-MINI日经225指数1806,0.0,18610.0,18610.0
2017-04-25,NS1806,0.0,0.0,0.0,18770.0,0.0,,E-MINI日经225指数1806,0.0,18770.0,18770.0
2017-04-26,NS1806,0.0,0.0,0.0,18965.0,0.0,,E-MINI日经225指数1806,0.0,18965.0,18965.0
2017-04-27,NS1806,0.0,0.0,0.0,18960.0,0.0,,E-MINI日经225指数1806,0.0,18960.0,18960.0
2017-04-28,NS1806,0.0,0.0,0.0,18865.0,0.0,,E-MINI日经225指数1806,0.0,18865.0,18865.0
2017-05-01,NS1806,0.0,0.0,0.0,18995.0,0.0,,E-MINI日经225指数1806,0.0,18995.0,18995.0
2017-05-02,NS1806,0.0,0.0,0.0,19145.0,0.0,,E-MINI日经225指数1806,0.0,19145.0,19145.0
2017-05-03,NS1806,0.0,0.0,0.0,19135.0,0.0,,E-MINI日经225指数1806,0.0,19135.0,19135.0
2017-05-04,NS1806,0.0,0.0,0.0,19245.0,0.0,,E-MINI日经225指数1806,0.0,19245.0,19245.0
2017-05-05,NS1806,0.0,0.0,0.0,19170.0,0.0,,E-MINI日经225指数1806,0.0,19170.0,19170.0
2017-05-08,NS1806,0.0,0.0,0.0,19520.0,0.0,,E-MINI日经225指数1806,0.0,19520.0,19520.0
2017-05-09,NS1806,0.0,0.0,0.0,19560.0,0.0,,E-MINI日经225指数1806,0.0,19560.0,19560.0
2017-05-10,NS1806,0.0,0.0,0.0,19575.0,0.0,,E-MINI日经225指数1806,0.0,19575.0,19575.0
2017-05-11,NS1806,0.0,0.0,0.0,19625.0,0.0,,E-MINI日经225指数1806,0.0,19625.0,19625.0
2017-05-12,NS1806,0.0,0.0,0.0,19535.0,0.0,,E-MINI日经225指数1806,0.0,19535.0,19535.0
2017-05-15,NS1806,0.0,0.0,0.0,19555.0,0.0,,E-MINI日经225指数1806,0.0,19555.0,19555.0
2017-05-16,NS1806,0.0,0.0,0.0,19565.0,0.0,,E-MINI日经225指数1806,0.0,19565.0,19565.0
2017-05-17,NS1806,0.0,0.0,0.0,19440.0,0.0,,E-MINI日经225指数1806,0.0,19440.0,19440.0
2017-05-18,NS1806,0.0,0.0,0.0,19255.0,0.0,,E-MINI日经225指数1806,0.0,19255.0,19255.0
2017-05-19,NS1806,0.0,0.0,0.0,19245.0,0.0,,E-MINI日经225指数1806,0.0,19245.0,19245.0
2017-05-22,NS1806,0.0,0.0,0.0,19350.0,0.0,,E-MINI日经225指数1806,0.0,19350.0,19350.0
2017-05-23,NS1806,0.0,0.0,0.0,19315.0,0.0,,E-MINI日经225指数1806,0.0,19315.0,19315.0
2017-05-24,NS1806,0.0,0.0,0.0,19395.0,0.0,,E-MINI日经225指数1806,0.0,19395.0,19395.0
2017-05-25,NS1806,0.0,0.0,0.0,19480.0,0.0,,E-MINI日经225指数1806,0.0,19480.0,19480.0
2017-05-26,NS1806,0.0,0.0,0.0,19375.0,0.0,,E-MINI日经225指数1806,0.0,19375.0,19375.0
2017-05-29,NS1806,0.0,0.0,0.0,19355.0,0.0,,E-MINI日经225指数1806,0.0,19355.0,19355.0
2017-05-30,NS1806,0.0,0.0,0.0,19330.0,0.0,,E-MINI日经225指数1806,0.0,19330.0,19330.0
2017-05-31,NS1806,0.0,0.0,0.0,19335.0,0.0,,E-MINI日经225指数1806,0.0,19335.0,19335.0
2017-06-01,NS1806,0.0,0.0,0.0,19525.0,0.0,,E-MINI日经225指数1806,0.0,19525.0,19525.0
2017-06-02,NS1806,0.0,0.0,0.0,19835.0,0.0,,E-MINI日经225指数1806,0.0,19835.0,19835.0
2017-06-05,NS1806,0.0,0.0,0.0,19825.0,0.0,,E-MINI日经225指数1806,0.0,19825.0,19825.0
2017-06-06,NS1806,0.0,0.0,0.0,19635.0,0.0,,E-MINI日经225指数1806,0.0,19635.0,19635.0
2017-06-07,NS1806,0.0,0.0,0.0,19610.0,0.0,,E-MINI日经225指数1806,0.0,19610.0,19610.0
2017-06-08,NS1806,0.0,0.0,0.0,19630.0,0.0,,E-MINI日经225指数1806,0.0,19630.0,19630.0
2017-06-09,NS1806,0.0,0.0,0.0,19660.0,0.0,,E-MINI日经225指数1806,0.0,19660.0,19660.0
2017-06-12,NS1806,0.0,0.0,0.0,19565.0,0.0,,E-MINI日经225指数1806,0.0,19565.0,19565.0
2017-06-13,NS1806,0.0,0.0,0.0,19585.0,0.0,,E-MINI日经225指数1806,0.0,19585.0,19585.0
2017-06-14,NS1806,0.0,0.0,0.0,19580.0,0.0,,E-MINI日经225指数1806,0.0,19580.0,19580.0
2017-06-15,NS1806,0.0,0.0,0.0,19525.0,0.0,,E-MINI日经225指数1806,0.0,19525.0,19525.0
2017-06-16,NS1806,0.0,0.0,0.0,19625.0,0.0,,E-MINI日经225指数1806,0.0,19625.0,19625.0
2017-06-19,NS1806,0.0,0.0,0.0,19735.0,0.0,,E-MINI日经225指数1806,0.0,19735.0,19735.0
2017-06-20,NS1806,0.0,0.0,0.0,19905.0,0.0,,E-MINI日经225指数1806,0.0,19905.0,19905.0
2017-06-21,NS1806,0.0,0.0,0.0,19795.0,0.0,,E-MINI日经225指数1806,0.0,19795.0,19795.0
2017-06-22,NS1806,0.0,0.0,0.0,19785.0,0.0,,E-MINI日经225指数1806,0.0,19785.0,19785.0
2017-06-23,NS1806,0.0,0.0,0.0,19780.0,0.0,,E-MINI日经225指数1806,0.0,19780.0,19780.0
2017-06-26,NS1806,0.0,0.0,0.0,19825.0,0.0,,E-MINI日经225指数1806,0.0,19825.0,19825.0
2017-06-27,NS1806,0.0,0.0,0.0,19855.0,0.0,,E-MINI日经225指数1806,0.0,19855.0,19855.0
2017-06-28,NS1806,0.0,0.0,0.0,19850.0,0.0,,E-MINI日经225指数1806,0.0,19850.0,19850.0
2017-06-29,NS1806,0.0,0.0,0.0,19930.0,0.0,,E-MINI日经225指数1806,0.0,19930.0,19930.0
2017-06-30,NS1806,0.0,0.0,0.0,19705.0,0.0,,E-MINI日经225指数1806,0.0,19705.0,19705.0
