date,symbol,open,high,low,close,volume,amount,name,openinterest,settleprice,price
2005-08-02,SB0707,,,,9.12,,,NO.11糖0707,,9.12,9.12
2005-08-03,SB0707,9.2,9.2,9.15,9.2,4.0,,NO.11糖0707,,9.2,9.2
2005-08-04,SB0707,9.23,9.32,9.23,9.32,4.0,,NO.11糖0707,4.0,9.32,9.32
2005-08-05,SB0707,9.3,9.35,9.3,9.3,22.0,,NO.11糖0707,26.0,9.3,9.3
2005-08-08,SB0707,,,,9.38,,,NO.11糖0707,26.0,9.38,9.38
2005-08-09,SB0707,,,,9.18,,,NO.11糖0707,26.0,9.18,9.18
2005-08-10,SB0707,,,,9.21,,,NO.11糖0707,26.0,9.21,9.21
2005-08-11,SB0707,9.3,9.3,9.26,9.26,1.0,,NO.11糖0707,27.0,9.26,9.26
2005-08-12,SB0707,9.33,9.35,9.25,9.25,20.0,,NO.11糖0707,47.0,9.25,9.25
2005-08-15,SB0707,9.3,9.3,9.28,9.28,20.0,,NO.11糖0707,67.0,9.28,9.28
2005-08-16,SB0707,9.27,9.27,9.2,9.2,50.0,,NO.11糖0707,117.0,9.2,9.2
2005-08-17,SB0707,9.3,9.33,9.3,9.33,71.0,,NO.11糖0707,167.0,9.33,9.33
2005-08-18,SB0707,9.28,9.3,9.28,9.3,1.0,,NO.11糖0707,166.0,9.3,9.3
2005-08-19,SB0707,9.4,9.4,9.4,9.4,,,NO.11糖0707,166.0,9.4,9.4
2005-08-22,SB0707,9.4,9.4,9.35,9.39,6.0,,NO.11糖0707,171.0,9.39,9.39
2005-08-23,SB0707,9.33,9.38,9.33,9.36,3.0,,NO.11糖0707,175.0,9.36,9.36
2005-08-24,SB0707,9.4,9.44,9.4,9.41,5.0,,NO.11糖0707,170.0,9.41,9.41
2005-08-25,SB0707,9.45,9.46,9.44,9.46,195.0,,NO.11糖0707,339.0,9.46,9.46
2005-08-26,SB0707,9.5,9.5,9.42,9.42,44.0,,NO.11糖0707,372.0,9.42,9.42
2005-08-29,SB0707,9.5,9.5,9.41,9.41,1.0,,NO.11糖0707,372.0,9.41,9.41
2005-08-30,SB0707,9.48,9.58,9.48,9.58,98.0,,NO.11糖0707,348.0,9.58,9.58
2005-08-31,SB0707,9.59,9.63,9.56,9.63,368.0,,NO.11糖0707,563.0,9.63,9.63
2005-09-01,SB0707,9.65,9.67,9.65,9.67,25.0,,NO.11糖0707,563.0,9.67,9.67
2005-09-02,SB0707,9.64,9.65,9.6,9.63,115.0,,NO.11糖0707,644.0,9.63,9.63
2005-09-06,SB0707,9.65,9.75,9.65,9.75,87.0,,NO.11糖0707,689.0,9.75,9.75
2005-09-07,SB0707,9.75,9.76,9.75,9.76,196.0,,NO.11糖0707,850.0,9.76,9.76
2005-09-08,SB0707,9.74,9.8,9.74,9.78,249.0,,NO.11糖0707,1059.0,9.78,9.78
2005-09-09,SB0707,9.82,9.84,9.82,9.84,1.0,,NO.11糖0707,1060.0,9.84,9.84
2005-09-12,SB0707,9.85,9.92,9.85,9.92,70.0,,NO.11糖0707,1116.0,9.92,9.92
2005-09-13,SB0707,9.9,9.93,9.9,9.93,32.0,,NO.11糖0707,1123.0,9.93,9.93
2005-09-14,SB0707,9.98,10.05,9.98,10.02,10.0,,NO.11糖0707,1133.0,10.02,10.02
2005-09-15,SB0707,10.0,10.07,9.98,10.07,395.0,,NO.11糖0707,1505.0,10.07,10.07
2005-09-16,SB0707,10.08,10.3,10.08,10.3,989.0,,NO.11糖0707,1964.0,10.3,10.3
2005-09-19,SB0707,10.25,10.28,10.23,10.25,53.0,,NO.11糖0707,1995.0,10.25,10.25
2005-09-20,SB0707,10.24,10.24,10.23,10.23,21.0,,NO.11糖0707,2039.0,10.23,10.23
2005-09-21,SB0707,10.2,10.2,10.09,10.2,402.0,,NO.11糖0707,2027.0,10.2,10.2
2005-09-22,SB0707,10.2,10.22,10.14,10.19,1483.0,,NO.11糖0707,2741.0,10.19,10.19
2005-09-23,SB0707,10.19,10.19,10.15,10.15,212.0,,NO.11糖0707,2942.0,10.15,10.15
2005-09-26,SB0707,10.13,10.2,10.13,10.2,126.0,,NO.11糖0707,3005.0,10.2,10.2
2005-09-27,SB0707,10.25,10.5,10.25,10.5,303.0,,NO.11糖0707,3242.0,10.5,10.5
2005-09-28,SB0707,10.43,10.85,10.42,10.85,1504.0,,NO.11糖0707,4027.0,10.85,10.85
2005-09-29,SB0707,10.88,10.9,10.85,10.85,318.0,,NO.11糖0707,4294.0,10.85,10.85
2005-09-30,SB0707,10.9,10.98,10.9,10.95,472.0,,NO.11糖0707,4443.0,10.95,10.95
2005-10-03,SB0707,10.9,11.38,10.9,11.35,496.0,,NO.11糖0707,4598.0,11.35,11.35
2005-10-04,SB0707,11.7,11.7,11.1,11.28,1639.0,,NO.11糖0707,5471.0,11.28,11.28
2005-10-05,SB0707,11.23,11.4,11.23,11.25,426.0,,NO.11糖0707,5814.0,11.25,11.25
2005-10-06,SB0707,11.15,11.15,11.03,11.08,374.0,,NO.11糖0707,5832.0,11.08,11.08
2005-10-07,SB0707,11.05,11.15,11.04,11.12,359.0,,NO.11糖0707,5949.0,11.12,11.12
2005-10-10,SB0707,11.14,11.3,11.14,11.28,37.0,,NO.11糖0707,5984.0,11.28,11.28
2005-10-11,SB0707,11.43,11.47,11.4,11.42,818.0,,NO.11糖0707,6397.0,11.42,11.42
2005-10-12,SB0707,11.37,11.38,11.28,11.29,173.0,,NO.11糖0707,6483.0,11.29,11.29
2005-10-13,SB0707,11.22,11.32,11.18,11.3,1038.0,,NO.11糖0707,7861.0,11.3,11.3
2005-10-14,SB0707,11.17,11.17,11.16,11.17,370.0,,NO.11糖0707,8045.0,11.17,11.17
2005-10-17,SB0707,11.13,11.15,10.98,11.0,1136.0,,NO.11糖0707,8740.0,11.0,11.0
2005-10-18,SB0707,11.05,11.24,11.05,11.24,601.0,,NO.11糖0707,9006.0,11.24,11.24
2005-10-19,SB0707,11.23,11.33,11.23,11.23,474.0,,NO.11糖0707,9095.0,11.23,11.23
2005-10-20,SB0707,11.16,11.16,11.14,11.14,120.0,,NO.11糖0707,8634.0,11.14,11.14
2005-10-21,SB0707,,,,11.24,171.0,,NO.11糖0707,8254.0,11.24,11.24
2005-10-24,SB0707,11.31,11.31,11.18,11.18,183.0,,NO.11糖0707,8072.0,11.18,11.18
2005-10-25,SB0707,11.35,11.35,11.3,11.3,37.0,,NO.11糖0707,8072.0,11.3,11.3
2005-10-26,SB0707,11.25,11.31,11.22,11.28,36.0,,NO.11糖0707,8047.0,11.28,11.28
2005-10-27,SB0707,11.25,11.29,11.25,11.29,55.0,,NO.11糖0707,8022.0,11.29,11.29
2005-10-28,SB0707,11.3,11.3,11.25,11.25,152.0,,NO.11糖0707,8067.0,11.25,11.25
2005-10-31,SB0707,11.2,11.2,11.1,11.1,414.0,,NO.11糖0707,8185.0,11.1,11.1
2005-11-01,SB0707,11.02,11.05,11.0,11.03,348.0,,NO.11糖0707,8261.0,11.03,11.03
2005-11-02,SB0707,11.13,11.16,11.13,11.13,245.0,,NO.11糖0707,8374.0,11.13,11.13
2005-11-03,SB0707,11.14,11.15,11.14,11.14,173.0,,NO.11糖0707,8416.0,11.14,11.14
2005-11-04,SB0707,11.14,11.14,11.05,11.05,47.0,,NO.11糖0707,8420.0,11.05,11.05
2005-11-07,SB0707,11.05,11.05,11.0,11.0,53.0,,NO.11糖0707,8441.0,11.0,11.0
2005-11-08,SB0707,10.93,10.94,10.88,10.9,306.0,,NO.11糖0707,8614.0,10.9,10.9
2005-11-09,SB0707,,,,10.87,,,NO.11糖0707,8614.0,10.87,10.87
2005-11-10,SB0707,10.86,11.02,10.86,11.02,212.0,,NO.11糖0707,8698.0,11.02,11.02
2005-11-11,SB0707,10.99,10.99,10.95,10.97,129.0,,NO.11糖0707,8659.0,10.97,10.97
2005-11-14,SB0707,10.98,11.05,10.96,11.05,142.0,,NO.11糖0707,8656.0,11.05,11.05
2005-11-15,SB0707,11.05,11.22,11.05,11.22,309.0,,NO.11糖0707,8783.0,11.22,11.22
2005-11-16,SB0707,11.23,11.24,11.13,11.13,433.0,,NO.11糖0707,8775.0,11.13,11.13
2005-11-17,SB0707,11.17,11.24,11.13,11.13,207.0,,NO.11糖0707,8789.0,11.13,11.13
2005-11-18,SB0707,11.12,11.21,11.12,11.21,162.0,,NO.11糖0707,8788.0,11.21,11.21
2005-11-21,SB0707,11.25,11.29,11.2,11.28,189.0,,NO.11糖0707,8764.0,11.28,11.28
2005-11-22,SB0707,11.33,11.33,11.29,11.29,122.0,,NO.11糖0707,8821.0,11.29,11.29
2005-11-23,SB0707,11.3,11.31,11.28,11.31,26.0,,NO.11糖0707,8834.0,11.31,11.31
2005-11-28,SB0707,11.41,11.58,11.4,11.58,557.0,,NO.11糖0707,8951.0,11.58,11.58
2005-11-29,SB0707,11.62,11.73,11.61,11.71,565.0,,NO.11糖0707,9076.0,11.71,11.71
2005-11-30,SB0707,11.65,12.0,11.62,11.68,232.0,,NO.11糖0707,9230.0,11.68,11.68
2005-12-01,SB0707,11.95,12.2,11.95,12.2,633.0,,NO.11糖0707,9344.0,12.2,12.2
2005-12-02,SB0707,12.23,12.23,12.01,12.1,306.0,,NO.11糖0707,9431.0,12.1,12.1
2005-12-05,SB0707,12.2,12.44,12.2,12.44,124.0,,NO.11糖0707,9361.0,12.44,12.44
2005-12-06,SB0707,12.43,12.43,12.3,12.31,268.0,,NO.11糖0707,9328.0,12.31,12.31
2005-12-07,SB0707,12.5,12.6,12.5,12.56,112.0,,NO.11糖0707,9348.0,12.56,12.56
2005-12-08,SB0707,12.48,12.75,12.4,12.75,183.0,,NO.11糖0707,9337.0,12.75,12.75
2005-12-09,SB0707,12.82,12.82,12.75,12.78,57.0,,NO.11糖0707,9325.0,12.78,12.78
2005-12-12,SB0707,13.15,13.2,13.1,13.15,97.0,,NO.11糖0707,9358.0,13.15,13.15
2005-12-13,SB0707,13.05,13.09,13.0,13.09,400.0,,NO.11糖0707,9541.0,13.09,13.09
2005-12-14,SB0707,13.1,13.1,12.85,12.86,275.0,,NO.11糖0707,9717.0,12.86,12.86
2005-12-15,SB0707,12.8,13.0,12.8,12.98,70.0,,NO.11糖0707,9749.0,12.98,12.98
2005-12-16,SB0707,13.2,13.2,13.12,13.18,157.0,,NO.11糖0707,9877.0,13.18,13.18
2005-12-19,SB0707,13.35,13.36,13.32,13.33,201.0,,NO.11糖0707,9815.0,13.33,13.33
2005-12-20,SB0707,13.33,13.33,13.28,13.28,15.0,,NO.11糖0707,9822.0,13.28,13.28
2005-12-21,SB0707,13.2,13.2,13.1,13.13,187.0,,NO.11糖0707,9847.0,13.13,13.13
2005-12-22,SB0707,13.3,13.6,13.3,13.54,242.0,,NO.11糖0707,9971.0,13.54,13.54
2005-12-23,SB0707,13.7,13.7,13.61,13.61,,,NO.11糖0707,,13.61,13.61
2005-12-27,SB0707,13.55,13.59,13.5,13.57,165.0,,NO.11糖0707,10131.0,13.57,13.57
2005-12-28,SB0707,13.51,13.6,13.5,13.55,25.0,,NO.11糖0707,10155.0,13.55,13.55
2005-12-29,SB0707,13.65,13.7,13.65,13.7,80.0,,NO.11糖0707,10151.0,13.7,13.7
2005-12-30,SB0707,13.68,13.72,13.65,13.65,264.0,,NO.11糖0707,10282.0,13.65,13.65
2006-01-03,SB0707,13.14,13.32,13.14,13.31,123.0,,NO.11糖0707,10275.0,13.31,13.31
2006-01-04,SB0707,13.7,13.85,13.67,13.85,75.0,,NO.11糖0707,10318.0,13.85,13.85
2006-01-05,SB0707,14.15,14.25,13.94,13.94,726.0,,NO.11糖0707,10687.0,13.94,13.94
2006-01-06,SB0707,14.13,14.13,14.01,14.01,409.0,,NO.11糖0707,10604.0,14.01,14.01
2006-01-09,SB0707,13.75,13.87,13.55,13.62,682.0,,NO.11糖0707,10951.0,13.62,13.62
2006-01-10,SB0707,13.81,13.81,13.7,13.7,78.0,,NO.11糖0707,10921.0,13.7,13.7
2006-01-11,SB0707,13.8,13.8,13.7,13.73,651.0,,NO.11糖0707,10696.0,13.73,13.73
2006-01-12,SB0707,13.75,13.75,13.69,13.69,143.0,,NO.11糖0707,10709.0,13.69,13.69
2006-01-13,SB0707,13.9,14.1,13.9,14.03,481.0,,NO.11糖0707,10851.0,14.03,14.03
2006-01-17,SB0707,14.2,14.24,14.15,14.24,378.0,,NO.11糖0707,10757.0,14.24,14.24
2006-01-18,SB0707,14.29,14.3,14.27,14.27,233.0,,NO.11糖0707,10474.0,14.27,14.27
2006-01-19,SB0707,14.25,14.4,14.2,14.4,468.0,,NO.11糖0707,10535.0,14.4,14.4
2006-01-20,SB0707,14.47,15.0,14.47,14.93,1785.0,,NO.11糖0707,11380.0,14.93,14.93
2006-01-23,SB0707,16.2,16.2,15.55,15.55,488.0,,NO.11糖0707,11559.0,15.55,15.55
2006-01-24,SB0707,15.12,15.85,15.12,15.85,475.0,,NO.11糖0707,11778.0,15.85,15.85
2006-01-25,SB0707,15.65,15.9,15.65,15.8,159.0,,NO.11糖0707,11814.0,15.8,15.8
2006-01-26,SB0707,15.75,16.0,15.75,16.0,398.0,,NO.11糖0707,11917.0,16.0,16.0
2006-01-27,SB0707,15.95,15.98,15.95,15.95,256.0,,NO.11糖0707,11924.0,15.95,15.95
2006-01-30,SB0707,15.9,15.9,15.65,15.7,234.0,,NO.11糖0707,12060.0,15.7,15.7
2006-01-31,SB0707,15.45,15.76,15.45,15.6,328.0,,NO.11糖0707,12158.0,15.6,15.6
2006-02-01,SB0707,15.5,16.03,15.4,16.03,226.0,,NO.11糖0707,12275.0,16.03,16.03
2006-02-02,SB0707,16.5,16.52,16.2,16.52,544.0,,NO.11糖0707,12250.0,16.52,16.52
2006-02-03,SB0707,17.1,17.2,16.88,16.88,332.0,,NO.11糖0707,12417.0,16.88,16.88
2006-02-06,SB0707,17.25,17.25,16.8,16.89,501.0,,NO.11糖0707,12402.0,16.89,16.89
2006-02-07,SB0707,16.59,16.59,16.2,16.34,837.0,,NO.11糖0707,12781.0,16.34,16.34
2006-02-08,SB0707,16.4,16.96,16.4,16.96,2121.0,,NO.11糖0707,12502.0,16.96,16.96
2006-02-09,SB0707,17.1,17.2,16.55,16.55,667.0,,NO.11糖0707,12607.0,16.55,16.55
2006-02-10,SB0707,16.2,16.4,15.7,16.2,497.0,,NO.11糖0707,12403.0,16.2,16.2
2006-02-13,SB0707,15.75,16.45,15.65,16.25,365.0,,NO.11糖0707,12423.0,16.25,16.25
2006-02-14,SB0707,15.9,16.16,15.8,16.16,460.0,,NO.11糖0707,12555.0,16.16,16.16
2006-02-15,SB0707,16.15,16.3,16.1,16.3,469.0,,NO.11糖0707,12648.0,16.3,16.3
2006-02-16,SB0707,15.92,16.0,15.2,15.95,806.0,,NO.11糖0707,12750.0,15.95,15.95
2006-02-17,SB0707,16.05,16.1,15.7,15.95,421.0,,NO.11糖0707,12892.0,15.95,15.95
2006-02-21,SB0707,15.85,16.18,15.85,16.18,410.0,,NO.11糖0707,12916.0,16.18,16.18
2006-02-22,SB0707,16.25,16.63,16.25,16.63,49.0,,NO.11糖0707,12916.0,16.63,16.63
2006-02-23,SB0707,16.7,16.75,16.05,16.05,223.0,,NO.11糖0707,12966.0,16.05,16.05
2006-02-24,SB0707,16.1,16.15,16.0,16.15,29.0,,NO.11糖0707,12974.0,16.15,16.15
2006-02-27,SB0707,15.6,15.7,15.25,15.25,30.0,,NO.11糖0707,12974.0,15.25,15.25
2006-02-28,SB0707,15.05,15.95,14.9,15.77,1609.0,,NO.11糖0707,13557.0,15.77,15.77
2006-03-01,SB0707,15.85,15.85,15.57,15.57,304.0,,NO.11糖0707,13540.0,15.57,15.57
2006-03-02,SB0707,15.63,15.76,15.6,15.76,816.0,,NO.11糖0707,13594.0,15.76,15.76
2006-03-03,SB0707,15.9,16.25,15.8,16.09,522.0,,NO.11糖0707,13780.0,16.09,16.09
2006-03-06,SB0707,16.19,16.58,16.19,16.54,597.0,,NO.11糖0707,14175.0,16.54,16.54
2006-03-07,SB0707,16.27,16.29,16.08,16.08,451.0,,NO.11糖0707,14318.0,16.08,16.08
2006-03-08,SB0707,15.6,15.8,15.6,15.6,478.0,,NO.11糖0707,14405.0,15.6,15.6
2006-03-09,SB0707,,,,15.34,198.0,,NO.11糖0707,14568.0,15.34,15.34
2006-03-10,SB0707,15.4,15.85,15.35,15.7,1410.0,,NO.11糖0707,15427.0,15.7,15.7
2006-03-13,SB0707,15.5,15.9,15.5,15.85,1152.0,,NO.11糖0707,15845.0,15.85,15.85
2006-03-14,SB0707,15.84,15.84,15.53,15.53,230.0,,NO.11糖0707,15891.0,15.53,15.53
2006-03-15,SB0707,15.43,15.81,15.43,15.81,194.0,,NO.11糖0707,15755.0,15.81,15.81
2006-03-16,SB0707,15.78,15.85,15.7,15.72,393.0,,NO.11糖0707,15600.0,15.72,15.72
2006-03-17,SB0707,15.6,15.68,15.5,15.66,476.0,,NO.11糖0707,15408.0,15.66,15.66
2006-03-20,SB0707,15.9,16.0,15.8,15.94,150.0,,NO.11糖0707,15450.0,15.94,15.94
2006-03-21,SB0707,16.15,16.45,16.0,16.21,454.0,,NO.11糖0707,15798.0,16.21,16.21
2006-03-22,SB0707,16.35,16.35,16.2,16.2,486.0,,NO.11糖0707,15784.0,16.2,16.2
2006-03-23,SB0707,16.15,16.25,16.15,16.25,103.0,,NO.11糖0707,15862.0,16.25,16.25
2006-03-24,SB0707,16.2,16.51,16.2,16.51,616.0,,NO.11糖0707,16149.0,16.51,16.51
2006-03-27,SB0707,16.6,16.75,16.55,16.7,607.0,,NO.11糖0707,16478.0,16.7,16.7
2006-03-28,SB0707,16.8,17.75,16.8,17.59,1773.0,,NO.11糖0707,17357.0,17.59,17.59
2006-03-29,SB0707,17.6,17.6,17.55,17.6,572.0,,NO.11糖0707,17434.0,17.6,17.6
2006-03-30,SB0707,17.63,17.69,17.6,17.6,695.0,,NO.11糖0707,17766.0,17.6,17.6
2006-03-31,SB0707,17.52,17.65,17.3,17.44,597.0,,NO.11糖0707,17916.0,17.44,17.44
2006-04-03,SB0707,17.62,17.71,17.6,17.71,1678.0,,NO.11糖0707,18234.0,17.71,17.71
2006-04-04,SB0707,17.61,17.63,17.43,17.43,377.0,,NO.11糖0707,18103.0,17.43,17.43
2006-04-05,SB0707,17.39,17.4,17.2,17.39,638.0,,NO.11糖0707,18279.0,17.39,17.39
2006-04-06,SB0707,17.55,17.58,17.25,17.3,699.0,,NO.11糖0707,18345.0,17.3,17.3
2006-04-07,SB0707,17.11,17.15,16.9,16.9,1800.0,,NO.11糖0707,18879.0,16.9,16.9
2006-04-10,SB0707,17.03,17.03,16.6,16.86,264.0,,NO.11糖0707,18753.0,16.86,16.86
2006-04-11,SB0707,17.1,17.1,16.94,16.94,93.0,,NO.11糖0707,18765.0,16.94,16.94
2006-04-12,SB0707,16.9,16.95,16.77,16.94,205.0,,NO.11糖0707,18696.0,16.94,16.94
2006-04-13,SB0707,16.7,16.8,16.55,16.79,509.0,,NO.11糖0707,18833.0,16.79,16.79
2006-04-17,SB0707,17.09,17.15,17.0,17.15,308.0,,NO.11糖0707,18849.0,17.15,17.15
2006-04-18,SB0707,17.5,17.79,17.41,17.79,519.0,,NO.11糖0707,18969.0,17.79,17.79
2006-04-19,SB0707,17.75,17.95,17.68,17.75,914.0,,NO.11糖0707,19462.0,17.75,17.75
2006-04-20,SB0707,17.7,17.95,17.6,17.85,2854.0,,NO.11糖0707,20681.0,17.85,17.85
2006-04-21,SB0707,17.72,17.9,17.55,17.89,933.0,,NO.11糖0707,20892.0,17.89,17.89
2006-04-24,SB0707,17.95,17.95,17.63,17.71,54.0,,NO.11糖0707,20829.0,17.71,17.71
2006-04-25,SB0707,17.75,17.75,17.3,17.4,1477.0,,NO.11糖0707,20886.0,17.4,17.4
2006-04-26,SB0707,17.4,17.42,17.3,17.42,588.0,,NO.11糖0707,21226.0,17.42,17.42
2006-04-27,SB0707,17.1,17.4,17.05,17.36,666.0,,NO.11糖0707,21138.0,17.36,17.36
2006-04-28,SB0707,17.35,17.6,17.3,17.6,1952.0,,NO.11糖0707,21774.0,17.6,17.6
2006-05-01,SB0707,17.8,17.83,17.75,17.82,397.0,,NO.11糖0707,21678.0,17.82,17.82
2006-05-02,SB0707,17.89,18.01,17.88,18.01,541.0,,NO.11糖0707,21585.0,18.01,18.01
2006-05-03,SB0707,18.05,18.1,17.85,17.95,796.0,,NO.11糖0707,21421.0,17.95,17.95
2006-05-04,SB0707,17.7,17.7,17.48,17.5,963.0,,NO.11糖0707,21405.0,17.5,17.5
2006-05-05,SB0707,17.62,17.9,17.62,17.83,787.0,,NO.11糖0707,21319.0,17.83,17.83
2006-05-08,SB0707,17.77,17.82,17.7,17.77,579.0,,NO.11糖0707,21311.0,17.77,17.77
2006-05-09,SB0707,17.84,17.95,17.6,17.95,1599.0,,NO.11糖0707,22445.0,17.95,17.95
2006-05-10,SB0707,17.98,17.98,17.85,17.89,582.0,,NO.11糖0707,22256.0,17.89,17.89
2006-05-11,SB0707,18.1,18.15,17.9,18.15,1404.0,,NO.11糖0707,22870.0,18.15,18.15
2006-05-12,SB0707,18.16,18.16,18.09,18.09,536.0,,NO.11糖0707,22943.0,18.09,18.09
2006-05-15,SB0707,17.75,17.77,17.55,17.6,839.0,,NO.11糖0707,22938.0,17.6,17.6
2006-05-16,SB0707,17.32,17.46,17.25,17.46,1163.0,,NO.11糖0707,23118.0,17.46,17.46
2006-05-17,SB0707,17.52,17.55,17.35,17.35,776.0,,NO.11糖0707,23420.0,17.35,17.35
2006-05-18,SB0707,17.15,17.15,16.8,16.81,1185.0,,NO.11糖0707,23969.0,16.81,16.81
2006-05-19,SB0707,16.65,16.81,16.35,16.81,422.0,,NO.11糖0707,23915.0,16.81,16.81
2006-05-22,SB0707,16.55,16.74,16.55,16.74,706.0,,NO.11糖0707,24404.0,16.74,16.74
2006-05-23,SB0707,16.92,17.01,16.92,17.0,1687.0,,NO.11糖0707,25197.0,17.0,17.0
2006-05-24,SB0707,16.5,16.59,16.45,16.49,1953.0,,NO.11糖0707,25802.0,16.49,16.49
2006-05-25,SB0707,16.5,16.5,16.46,16.46,87.0,,NO.11糖0707,25803.0,16.46,16.46
2006-05-26,SB0707,16.23,16.4,16.1,16.17,349.0,,NO.11糖0707,25815.0,16.17,16.17
2006-05-30,SB0707,16.05,16.17,16.0,16.17,197.0,,NO.11糖0707,25820.0,16.17,16.17
2006-05-31,SB0707,16.15,16.15,15.79,15.79,827.0,,NO.11糖0707,26076.0,15.79,15.79
2006-06-01,SB0707,15.05,15.65,15.05,15.51,1024.0,,NO.11糖0707,26212.0,15.51,15.51
2006-06-02,SB0707,15.61,15.8,15.61,15.72,129.0,,NO.11糖0707,26212.0,15.72,15.72
2006-06-05,SB0707,15.94,16.04,15.92,15.92,1583.0,,NO.11糖0707,26132.0,15.92,15.92
2006-06-06,SB0707,15.68,15.68,15.66,15.66,563.0,,NO.11糖0707,26339.0,15.66,15.66
2006-06-07,SB0707,15.42,15.78,15.42,15.78,445.0,,NO.11糖0707,26594.0,15.78,15.78
2006-06-08,SB0707,15.65,15.7,15.62,15.64,1792.0,,NO.11糖0707,26723.0,15.64,15.64
2006-06-09,SB0707,15.73,15.73,15.65,15.65,1582.0,,NO.11糖0707,27012.0,15.65,15.65
2006-06-12,SB0707,15.6,15.6,15.47,15.47,16.0,,NO.11糖0707,27028.0,15.47,15.47
2006-06-13,SB0707,15.25,15.33,15.25,15.3,1782.0,,NO.11糖0707,27063.0,15.3,15.3
2006-06-14,SB0707,15.27,15.31,15.22,15.22,1217.0,,NO.11糖0707,26797.0,15.22,15.22
2006-06-15,SB0707,15.5,15.5,15.45,15.48,544.0,,NO.11糖0707,26932.0,15.48,15.48
2006-06-16,SB0707,15.53,15.53,15.45,15.47,798.0,,NO.11糖0707,26895.0,15.47,15.47
2006-06-19,SB0707,15.4,15.45,15.22,15.22,1105.0,,NO.11糖0707,26868.0,15.22,15.22
2006-06-20,SB0707,15.22,15.45,15.22,15.44,1333.0,,NO.11糖0707,27015.0,15.44,15.44
2006-06-21,SB0707,15.65,16.06,15.63,16.06,650.0,,NO.11糖0707,26549.0,16.06,16.06
2006-06-22,SB0707,16.06,16.38,16.06,16.18,778.0,,NO.11糖0707,27102.0,16.18,16.18
2006-06-23,SB0707,16.2,16.2,16.05,16.05,3082.0,,NO.11糖0707,27660.0,16.05,16.05
2006-06-26,SB0707,16.02,16.35,15.99,16.3,939.0,,NO.11糖0707,27779.0,16.3,16.3
2006-06-27,SB0707,16.3,16.3,16.22,16.22,212.0,,NO.11糖0707,27713.0,16.22,16.22
2006-06-28,SB0707,16.25,16.33,16.25,16.33,680.0,,NO.11糖0707,27844.0,16.33,16.33
2006-06-29,SB0707,16.37,16.38,16.2,16.31,154.0,,NO.11糖0707,27791.0,16.31,16.31
2006-06-30,SB0707,16.4,16.49,16.4,16.49,837.0,,NO.11糖0707,28151.0,16.49,16.49
2006-07-03,SB0707,16.68,16.77,16.68,16.71,655.0,,NO.11糖0707,28309.0,16.71,16.71
2006-07-05,SB0707,17.05,17.05,16.86,17.03,2585.0,,NO.11糖0707,29478.0,17.03,17.03
2006-07-06,SB0707,17.16,17.2,17.1,17.13,1967.0,,NO.11糖0707,29887.0,17.13,17.13
2006-07-07,SB0707,16.98,17.0,16.87,16.89,1203.0,,NO.11糖0707,30110.0,16.89,16.89
2006-07-10,SB0707,16.78,16.78,16.57,16.57,1000.0,,NO.11糖0707,29952.0,16.57,16.57
2006-07-11,SB0707,16.6,16.74,16.6,16.62,1056.0,,NO.11糖0707,29968.0,16.62,16.62
2006-07-12,SB0707,16.7,16.76,16.44,16.44,862.0,,NO.11糖0707,29892.0,16.44,16.44
2006-07-13,SB0707,16.54,16.57,16.45,16.54,1807.0,,NO.11糖0707,29768.0,16.54,16.54
2006-07-14,SB0707,16.53,16.53,16.15,16.15,1252.0,,NO.11糖0707,29922.0,16.15,16.15
2006-07-17,SB0707,16.0,16.1,15.85,15.92,4379.0,,NO.11糖0707,29397.0,15.92,15.92
2006-07-18,SB0707,15.85,16.07,15.8,15.83,1321.0,,NO.11糖0707,29137.0,15.83,15.83
2006-07-19,SB0707,15.58,15.64,15.42,15.47,4087.0,,NO.11糖0707,28625.0,15.47,15.47
2006-07-20,SB0707,15.58,15.58,15.4,15.42,3318.0,,NO.11糖0707,28204.0,15.42,15.42
2006-07-21,SB0707,15.25,15.42,15.25,15.42,2038.0,,NO.11糖0707,27633.0,15.42,15.42
2006-07-24,SB0707,15.4,15.75,15.4,15.64,386.0,,NO.11糖0707,27712.0,15.64,15.64
2006-07-25,SB0707,15.56,15.56,15.35,15.41,811.0,,NO.11糖0707,27463.0,15.41,15.41
2006-07-26,SB0707,15.47,15.53,15.2,15.22,2775.0,,NO.11糖0707,27206.0,15.22,15.22
2006-07-27,SB0707,15.18,15.25,15.04,15.04,1634.0,,NO.11糖0707,27892.0,15.04,15.04
2006-07-28,SB0707,15.25,15.25,15.06,15.06,2009.0,,NO.11糖0707,28303.0,15.06,15.06
2006-07-31,SB0707,15.08,15.26,15.08,15.26,926.0,,NO.11糖0707,27809.0,15.26,15.26
2006-08-01,SB0707,15.27,15.29,15.25,15.29,1667.0,,NO.11糖0707,28160.0,15.29,15.29
2006-08-02,SB0707,15.32,15.37,14.98,14.98,1359.0,,NO.11糖0707,28279.0,14.98,14.98
2006-08-03,SB0707,14.71,14.78,14.62,14.73,1881.0,,NO.11糖0707,28487.0,14.73,14.73
2006-08-04,SB0707,14.77,14.93,14.77,14.88,1753.0,,NO.11糖0707,28651.0,14.88,14.88
2006-08-07,SB0707,14.95,14.97,14.77,14.83,1972.0,,NO.11糖0707,28767.0,14.83,14.83
2006-08-08,SB0707,14.5,14.57,14.48,14.53,3338.0,,NO.11糖0707,30042.0,14.53,14.53
2006-08-09,SB0707,14.62,14.78,14.55,14.66,4541.0,,NO.11糖0707,31617.0,14.66,14.66
2006-08-10,SB0707,14.74,14.76,14.59,14.59,3915.0,,NO.11糖0707,32614.0,14.59,14.59
2006-08-11,SB0707,14.25,14.25,14.1,14.11,3793.0,,NO.11糖0707,32386.0,14.11,14.11
2006-08-14,SB0707,13.6,13.63,13.36,13.36,3548.0,,NO.11糖0707,33653.0,13.36,13.36
2006-08-15,SB0707,13.54,13.62,13.49,13.62,1057.0,,NO.11糖0707,34004.0,13.62,13.62
2006-08-16,SB0707,13.62,13.65,13.43,13.44,1451.0,,NO.11糖0707,34329.0,13.44,13.44
2006-08-17,SB0707,13.1,13.18,12.9,13.01,3595.0,,NO.11糖0707,34957.0,13.01,13.01
2006-08-18,SB0707,13.17,13.17,12.95,13.01,1809.0,,NO.11糖0707,34954.0,13.01,13.01
2006-08-21,SB0707,13.09,13.11,12.94,13.03,2232.0,,NO.11糖0707,34939.0,13.03,13.03
2006-08-22,SB0707,12.93,13.1,12.92,12.96,1952.0,,NO.11糖0707,35281.0,12.96,12.96
2006-08-23,SB0707,13.03,13.36,13.03,13.31,1851.0,,NO.11糖0707,35992.0,13.31,13.31
2006-08-24,SB0707,13.55,13.58,13.25,13.27,2901.0,,NO.11糖0707,36832.0,13.27,13.27
2006-08-25,SB0707,13.22,13.4,13.22,13.27,1196.0,,NO.11糖0707,37126.0,13.27,13.27
2006-08-28,SB0707,13.28,13.32,13.17,13.19,2606.0,,NO.11糖0707,37678.0,13.19,13.19
2006-08-29,SB0707,12.88,13.0,12.75,12.97,4974.0,,NO.11糖0707,37976.0,12.97,12.97
2006-08-30,SB0707,12.81,12.86,12.65,12.73,4446.0,,NO.11糖0707,39698.0,12.73,12.73
2006-08-31,SB0707,12.89,13.07,12.69,13.07,5526.0,,NO.11糖0707,41436.0,13.07,13.07
2006-09-01,SB0707,13.02,13.05,12.6,12.64,1076.0,,NO.11糖0707,41666.0,12.64,12.64
2006-09-05,SB0707,12.58,12.82,12.55,12.64,3779.0,,NO.11糖0707,41971.0,12.64,12.64
2006-09-06,SB0707,12.64,12.85,12.64,12.74,2545.0,,NO.11糖0707,41766.0,12.74,12.74
2006-09-07,SB0707,12.66,12.84,12.63,12.82,1916.0,,NO.11糖0707,41945.0,12.82,12.82
2006-09-08,SB0707,12.97,13.1,12.95,13.03,1352.0,,NO.11糖0707,42021.0,13.03,13.03
2006-09-11,SB0707,12.85,12.9,12.7,12.7,1999.0,,NO.11糖0707,41642.0,12.7,12.7
2006-09-12,SB0707,12.85,12.92,12.81,12.9,2849.0,,NO.11糖0707,41495.0,12.9,12.9
2006-09-13,SB0707,13.3,13.7,13.2,13.52,3477.0,,NO.11糖0707,41641.0,13.52,13.52
2006-09-14,SB0707,13.47,13.58,13.24,13.29,2216.0,,NO.11糖0707,41599.0,13.29,13.29
2006-09-15,SB0707,13.37,13.5,13.18,13.5,1469.0,,NO.11糖0707,41360.0,13.5,13.5
2006-09-18,SB0707,13.43,13.43,13.32,13.4,2831.0,,NO.11糖0707,42494.0,13.4,13.4
2006-09-19,SB0707,13.43,13.43,13.2,13.22,2208.0,,NO.11糖0707,42971.0,13.22,13.22
2006-09-20,SB0707,13.15,13.15,12.75,13.0,3423.0,,NO.11糖0707,43279.0,13.0,13.0
2006-09-21,SB0707,13.1,13.1,12.5,12.51,3877.0,,NO.11糖0707,43788.0,12.51,12.51
2006-09-22,SB0707,12.4,12.45,11.5,11.55,15208.0,,NO.11糖0707,40994.0,11.55,11.55
2006-09-25,SB0707,11.0,11.29,10.9,10.99,4686.0,,NO.11糖0707,41732.0,10.99,10.99
2006-09-26,SB0707,11.2,11.29,11.1,11.21,2925.0,,NO.11糖0707,41338.0,11.21,11.21
2006-09-27,SB0707,11.45,11.68,11.27,11.27,2646.0,,NO.11糖0707,41871.0,11.27,11.27
2006-09-28,SB0707,11.38,11.65,11.15,11.64,2658.0,,NO.11糖0707,41926.0,11.64,11.64
2006-09-29,SB0707,11.64,11.98,11.63,11.83,2388.0,,NO.11糖0707,42302.0,11.83,11.83
2006-10-02,SB0707,11.79,11.85,11.48,11.53,5241.0,,NO.11糖0707,42573.0,11.53,11.53
2006-10-03,SB0707,11.33,11.34,11.2,11.21,5671.0,,NO.11糖0707,43976.0,11.21,11.21
2006-10-04,SB0707,11.12,11.43,10.98,11.43,6472.0,,NO.11糖0707,42126.0,11.43,11.43
2006-10-05,SB0707,11.5,11.54,11.36,11.48,3265.0,,NO.11糖0707,42976.0,11.48,11.48
2006-10-06,SB0707,11.43,11.53,11.38,11.51,3037.0,,NO.11糖0707,43139.0,11.51,11.51
2006-10-09,SB0707,11.85,11.85,11.53,11.83,6822.0,,NO.11糖0707,45487.0,11.83,11.83
2006-10-10,SB0707,11.95,12.06,11.85,11.89,8145.0,,NO.11糖0707,47473.0,11.89,11.89
2006-10-11,SB0707,11.6,11.6,11.46,11.46,5620.0,,NO.11糖0707,47117.0,11.46,11.46
2006-10-12,SB0707,11.5,11.58,11.42,11.45,2387.0,,NO.11糖0707,47254.0,11.45,11.45
2006-10-13,SB0707,11.6,11.6,11.44,11.48,3940.0,,NO.11糖0707,47186.0,11.48,11.48
2006-10-16,SB0707,11.6,11.92,11.56,11.92,11126.0,,NO.11糖0707,47741.0,11.92,11.92
2006-10-17,SB0707,12.2,12.58,12.14,12.56,23498.0,,NO.11糖0707,53935.0,12.56,12.56
2006-10-18,SB0707,12.0,12.17,11.74,11.76,8732.0,,NO.11糖0707,55040.0,11.76,11.76
2006-10-19,SB0707,12.1,12.1,11.65,11.76,6345.0,,NO.11糖0707,55079.0,11.76,11.76
2006-10-20,SB0707,11.75,11.86,11.68,11.86,2884.0,,NO.11糖0707,55308.0,11.86,11.86
2006-10-23,SB0707,11.75,11.98,11.68,11.97,5611.0,,NO.11糖0707,56783.0,11.97,11.97
2006-10-24,SB0707,12.1,12.1,11.78,11.87,3574.0,,NO.11糖0707,57263.0,11.87,11.87
2006-10-25,SB0707,11.93,12.07,11.85,12.04,4727.0,,NO.11糖0707,58921.0,12.04,12.04
2006-10-26,SB0707,12.06,12.18,11.95,11.96,3436.0,,NO.11糖0707,59484.0,11.96,11.96
2006-10-27,SB0707,11.9,12.05,11.84,11.89,6158.0,,NO.11糖0707,61861.0,11.89,11.89
2006-10-30,SB0707,11.8,11.82,11.61,11.61,3586.0,,NO.11糖0707,61867.0,11.61,11.61
2006-10-31,SB0707,11.47,11.7,11.45,11.7,5096.0,,NO.11糖0707,61935.0,11.7,11.7
2006-11-01,SB0707,11.65,11.85,11.65,11.69,3186.0,,NO.11糖0707,62346.0,11.69,11.69
2006-11-02,SB0707,11.6,11.76,11.6,11.71,1872.0,,NO.11糖0707,62164.0,11.71,11.71
2006-11-03,SB0707,11.7,11.77,11.51,11.52,4391.0,,NO.11糖0707,62534.0,11.52,11.52
2006-11-06,SB0707,11.55,11.93,11.55,11.92,4974.0,,NO.11糖0707,63155.0,11.92,11.92
2006-11-07,SB0707,11.77,11.86,11.75,11.78,2134.0,,NO.11糖0707,63245.0,11.78,11.78
2006-11-08,SB0707,11.76,12.08,11.75,12.06,5006.0,,NO.11糖0707,64874.0,12.06,12.06
2006-11-09,SB0707,12.05,12.22,11.99,12.22,7800.0,,NO.11糖0707,65784.0,12.22,12.22
2006-11-10,SB0707,12.35,12.35,11.83,11.91,7582.0,,NO.11糖0707,66402.0,11.91,11.91
2006-11-13,SB0707,11.92,12.0,11.78,11.81,3617.0,,NO.11糖0707,66404.0,11.81,11.81
2006-11-14,SB0707,11.77,11.89,11.72,11.77,2563.0,,NO.11糖0707,66768.0,11.77,11.77
2006-11-15,SB0707,11.92,11.92,11.73,11.88,3353.0,,NO.11糖0707,67991.0,11.88,11.88
2006-11-16,SB0707,11.77,11.82,11.68,11.69,2578.0,,NO.11糖0707,68698.0,11.69,11.69
2006-11-17,SB0707,11.5,11.54,11.43,11.5,2814.0,,NO.11糖0707,68931.0,11.5,11.5
2006-11-20,SB0707,11.66,11.75,11.56,11.61,3449.0,,NO.11糖0707,69647.0,11.61,11.61
2006-11-21,SB0707,11.56,11.61,11.54,11.61,4902.0,,NO.11糖0707,70532.0,11.61,11.61
2006-11-22,SB0707,11.65,11.65,11.53,11.57,1978.0,,NO.11糖0707,71151.0,11.57,11.57
2006-11-27,SB0707,11.72,11.85,11.7,11.81,5385.0,,NO.11糖0707,71623.0,11.81,11.81
2006-11-28,SB0707,11.79,11.9,11.78,11.9,5541.0,,NO.11糖0707,72357.0,11.9,11.9
2006-11-29,SB0707,11.9,12.05,11.88,12.03,10495.0,,NO.11糖0707,73819.0,12.03,12.03
2006-11-30,SB0707,12.08,12.09,11.95,11.98,7919.0,,NO.11糖0707,74349.0,11.98,11.98
2006-12-01,SB0707,11.99,12.02,11.9,11.94,5320.0,,NO.11糖0707,75048.0,11.94,11.94
2006-12-04,SB0707,11.78,11.9,11.6,11.62,5899.0,,NO.11糖0707,75311.0,11.62,11.62
2006-12-05,SB0707,11.68,11.76,11.58,11.65,3888.0,,NO.11糖0707,74911.0,11.65,11.65
2006-12-06,SB0707,11.58,11.58,11.46,11.47,2655.0,,NO.11糖0707,74969.0,11.47,11.47
2006-12-07,SB0707,11.48,11.5,11.18,11.24,5221.0,,NO.11糖0707,74562.0,11.24,11.24
2006-12-08,SB0707,11.34,11.45,11.32,11.32,3247.0,,NO.11糖0707,74419.0,11.32,11.32
2006-12-11,SB0707,11.31,11.33,11.11,11.29,5525.0,,NO.11糖0707,75302.0,11.29,11.29
2006-12-12,SB0707,11.34,11.35,11.03,11.07,8408.0,,NO.11糖0707,76017.0,11.07,11.07
2006-12-13,SB0707,11.02,11.12,11.0,11.01,4733.0,,NO.11糖0707,75696.0,11.01,11.01
2006-12-14,SB0707,11.01,11.03,10.89,10.9,3808.0,,NO.11糖0707,77112.0,10.9,10.9
2006-12-15,SB0707,11.02,11.03,10.88,10.92,10915.0,,NO.11糖0707,79783.0,10.92,10.92
2006-12-18,SB0707,11.05,11.44,11.05,11.44,8733.0,,NO.11糖0707,80180.0,11.44,11.44
2006-12-19,SB0707,11.33,11.46,11.32,11.46,9335.0,,NO.11糖0707,79064.0,11.46,11.46
2006-12-20,SB0707,11.4,11.45,11.38,11.45,5178.0,,NO.11糖0707,77744.0,11.45,11.45
2006-12-21,SB0707,11.5,11.5,11.33,11.39,3302.0,,NO.11糖0707,78333.0,11.39,11.39
2006-12-22,SB0707,11.38,11.42,11.38,11.4,4237.0,,NO.11糖0707,79099.0,11.4,11.4
2006-12-26,SB0707,11.38,11.48,11.32,11.38,4542.0,,NO.11糖0707,79121.0,11.38,11.38
2006-12-27,SB0707,11.36,11.43,11.35,11.36,4926.0,,NO.11糖0707,80761.0,11.36,11.36
2006-12-28,SB0707,11.38,11.5,11.38,11.43,4975.0,,NO.11糖0707,81781.0,11.43,11.43
2006-12-29,SB0707,11.48,11.51,11.4,11.42,4082.0,,NO.11糖0707,82325.0,11.42,11.42
2007-01-03,SB0707,11.25,11.3,11.15,11.25,9951.0,,NO.11糖0707,84829.0,11.25,11.25
2007-01-04,SB0707,11.1,11.24,11.08,11.14,10530.0,,NO.11糖0707,86326.0,11.14,11.14
2007-01-05,SB0707,11.18,11.25,10.94,10.97,4997.0,,NO.11糖0707,86400.0,10.97,10.97
2007-01-08,SB0707,11.11,11.19,10.98,11.05,5510.0,,NO.11糖0707,87715.0,11.05,11.05
2007-01-09,SB0707,10.99,11.12,10.85,11.08,9937.0,,NO.11糖0707,89489.0,11.08,11.08
2007-01-10,SB0707,11.03,11.14,10.93,11.12,7435.0,,NO.11糖0707,89577.0,11.12,11.12
2007-01-11,SB0707,11.03,11.15,10.99,11.04,8007.0,,NO.11糖0707,90860.0,11.04,11.04
2007-01-12,SB0707,10.93,11.04,10.92,11.0,12749.0,,NO.11糖0707,95123.0,11.0,11.0
2007-01-16,SB0707,11.06,11.09,10.78,10.95,9418.0,,NO.11糖0707,95898.0,10.95,10.95
2007-01-17,SB0707,10.93,10.96,10.68,10.76,12494.0,,NO.11糖0707,98060.0,10.76,10.76
2007-01-18,SB0707,10.78,10.85,10.68,10.77,14221.0,,NO.11糖0707,104010.0,10.77,10.77
2007-01-19,SB0707,10.85,10.88,10.78,10.86,6921.0,,NO.11糖0707,105745.0,10.86,10.86
2007-01-22,SB0707,10.92,10.99,10.88,10.94,7946.0,,NO.11糖0707,106993.0,10.94,10.94
2007-01-23,SB0707,10.95,10.96,10.82,10.84,4272.0,,NO.11糖0707,107036.0,10.84,10.84
2007-01-24,SB0707,10.85,10.98,10.8,10.82,5568.0,,NO.11糖0707,108240.0,10.82,10.82
2007-01-25,SB0707,10.98,10.98,10.75,10.77,5915.0,,NO.11糖0707,109666.0,10.77,10.77
2007-01-26,SB0707,10.77,10.8,10.64,10.79,3962.0,,NO.11糖0707,110756.0,10.79,10.79
2007-01-29,SB0707,10.7,10.8,10.7,10.74,4455.0,,NO.11糖0707,111024.0,10.74,10.74
2007-01-30,SB0707,10.73,10.74,10.5,10.69,9866.0,,NO.11糖0707,111455.0,10.69,10.69
2007-01-31,SB0707,10.71,10.73,10.65,10.72,12714.0,,NO.11糖0707,114762.0,10.72,10.72
2007-02-01,SB0707,10.76,10.77,10.55,10.72,18324.0,,NO.11糖0707,121797.0,10.72,10.72
2007-02-02,SB0707,10.69,10.69,10.57,10.6,6706.0,,NO.11糖0707,123794.0,10.6,10.6
2007-02-05,SB0707,10.65,10.7,10.57,10.64,8194.0,,NO.11糖0707,125034.0,10.64,10.64
2007-02-06,SB0707,10.61,10.64,10.33,10.37,26229.0,,NO.11糖0707,125016.0,10.37,10.37
2007-02-07,SB0707,10.38,10.41,10.13,10.28,13385.0,,NO.11糖0707,126014.0,10.28,10.28
2007-02-08,SB0707,10.21,10.42,10.18,10.4,14906.0,,NO.11糖0707,128534.0,10.4,10.4
2007-02-09,SB0707,10.4,10.49,10.26,10.46,17588.0,,NO.11糖0707,130288.0,10.46,10.46
2007-02-12,SB0707,10.46,10.56,10.3,10.39,20187.0,,NO.11糖0707,135325.0,10.39,10.39
2007-02-13,SB0707,10.32,10.35,10.21,10.3,10445.0,,NO.11糖0707,138256.0,10.3,10.3
2007-02-14,SB0707,10.34,10.43,10.34,10.35,8755.0,,NO.11糖0707,140035.0,10.35,10.35
2007-02-15,SB0707,10.35,10.7,10.35,10.68,18389.0,,NO.11糖0707,144922.0,10.68,10.68
2007-02-16,SB0707,10.86,10.9,10.66,10.69,10072.0,,NO.11糖0707,144571.0,10.69,10.69
2007-02-20,SB0707,10.69,10.72,10.41,10.46,11143.0,,NO.11糖0707,146015.0,10.46,10.46
2007-02-21,SB0707,10.45,10.5,10.3,10.32,7155.0,,NO.11糖0707,146427.0,10.32,10.32
2007-02-22,SB0707,10.42,10.56,10.4,10.54,15554.0,,NO.11糖0707,147639.0,10.54,10.54
2007-02-23,SB0707,10.57,10.7,10.49,10.51,15246.0,,NO.11糖0707,151293.0,10.51,10.51
2007-02-26,SB0707,10.55,10.62,10.5,10.57,5646.0,,NO.11糖0707,152761.0,10.57,10.57
2007-02-27,SB0707,10.57,10.66,10.53,10.65,15166.0,,NO.11糖0707,157069.0,10.65,10.65
2007-02-28,SB0707,10.61,10.61,10.42,10.47,15361.0,,NO.11糖0707,156965.0,10.47,10.47
2007-03-01,SB0707,10.58,10.84,10.47,10.81,29926.0,,NO.11糖0707,160408.0,10.81,10.81
2007-03-02,SB0707,10.84,11.24,10.82,11.02,31768.0,,NO.11糖0707,164612.0,11.02,11.02
2007-03-05,SB0707,10.65,11.0,10.54,10.56,16820.0,,NO.11糖0707,162528.0,10.56,10.56
2007-03-06,SB0707,10.66,10.74,10.6,10.64,9059.0,,NO.11糖0707,163578.0,10.64,10.64
2007-03-07,SB0707,10.69,10.77,10.55,10.58,7747.0,,NO.11糖0707,165046.0,10.58,10.58
2007-03-08,SB0707,10.6,10.67,10.48,10.51,11333.0,,NO.11糖0707,164721.0,10.51,10.51
2007-03-09,SB0707,10.45,10.57,10.35,10.38,35187.0,,NO.11糖0707,165671.0,10.38,10.38
2007-03-12,SB0707,10.39,10.45,10.26,10.28,15214.0,,NO.11糖0707,167553.0,10.28,10.28
2007-03-13,SB0707,10.3,10.47,10.25,10.31,14185.0,,NO.11糖0707,166404.0,10.31,10.31
2007-03-14,SB0707,10.24,10.36,10.19,10.28,14409.0,,NO.11糖0707,167392.0,10.28,10.28
2007-03-15,SB0707,10.23,10.34,10.05,10.13,18298.0,,NO.11糖0707,168627.0,10.13,10.13
2007-03-16,SB0707,10.14,10.19,10.01,10.17,34221.0,,NO.11糖0707,168995.0,10.17,10.17
2007-03-19,SB0707,10.17,10.21,10.05,10.15,23506.0,,NO.11糖0707,167332.0,10.15,10.15
2007-03-20,SB0707,10.2,10.22,10.12,10.18,22056.0,,NO.11糖0707,166730.0,10.18,10.18
2007-03-21,SB0707,10.2,10.22,10.14,10.17,23084.0,,NO.11糖0707,167072.0,10.17,10.17
2007-03-22,SB0707,10.2,10.28,10.14,10.23,24310.0,,NO.11糖0707,167988.0,10.23,10.23
2007-03-23,SB0707,10.23,10.27,10.18,10.22,17141.0,,NO.11糖0707,170588.0,10.22,10.22
2007-03-26,SB0707,10.2,10.22,10.02,10.05,24388.0,,NO.11糖0707,172276.0,10.05,10.05
2007-03-27,SB0707,10.02,10.23,10.0,10.17,26591.0,,NO.11糖0707,173441.0,10.17,10.17
2007-03-28,SB0707,10.22,10.31,10.15,10.2,18776.0,,NO.11糖0707,176805.0,10.2,10.2
2007-03-29,SB0707,10.23,10.23,9.94,9.96,34420.0,,NO.11糖0707,184411.0,9.96,9.96
2007-03-30,SB0707,9.99,10.02,9.9,10.0,28645.0,,NO.11糖0707,191310.0,10.0,10.0
2007-04-02,SB0707,9.99,10.0,9.85,9.87,20800.0,,NO.11糖0707,194304.0,9.87,9.87
2007-04-03,SB0707,9.9,9.98,9.85,9.88,30246.0,,NO.11糖0707,201533.0,9.88,9.88
2007-04-04,SB0707,9.85,9.9,9.79,9.84,22693.0,,NO.11糖0707,208568.0,9.84,9.84
2007-04-05,SB0707,9.83,9.9,9.77,9.9,26642.0,,NO.11糖0707,215651.0,9.9,9.9
2007-04-09,SB0707,9.9,10.01,9.87,10.01,46495.0,,NO.11糖0707,230765.0,10.01,10.01
2007-04-10,SB0707,9.98,9.99,9.74,9.78,59546.0,,NO.11糖0707,256254.0,9.78,9.78
2007-04-11,SB0707,9.78,9.94,9.77,9.89,62044.0,,NO.11糖0707,289373.0,9.89,9.89
2007-04-12,SB0707,9.89,9.95,9.83,9.88,54778.0,,NO.11糖0707,313982.0,9.88,9.88
2007-04-13,SB0707,9.9,9.97,9.84,9.87,59869.0,,NO.11糖0707,342808.0,9.87,9.87
2007-04-16,SB0707,9.87,9.99,9.55,9.59,71922.0,,NO.11糖0707,358220.0,9.59,9.59
2007-04-17,SB0707,9.68,9.79,9.58,9.62,54638.0,,NO.11糖0707,361613.0,9.62,9.62
2007-04-18,SB0707,9.7,9.73,9.35,9.42,50354.0,,NO.11糖0707,370155.0,9.42,9.42
2007-04-19,SB0707,9.45,9.61,9.37,9.53,27246.0,,NO.11糖0707,375452.0,9.53,9.53
2007-04-20,SB0707,9.54,9.64,9.45,9.49,25613.0,,NO.11糖0707,381188.0,9.49,9.49
2007-04-23,SB0707,9.49,9.51,9.2,9.24,39758.0,,NO.11糖0707,384945.0,9.24,9.24
2007-04-24,SB0707,9.25,9.34,9.11,9.16,50166.0,,NO.11糖0707,388438.0,9.16,9.16
2007-04-25,SB0707,9.25,9.32,9.15,9.25,42657.0,,NO.11糖0707,392771.0,9.25,9.25
2007-04-26,SB0707,9.29,9.42,9.22,9.36,56913.0,,NO.11糖0707,399505.0,9.36,9.36
2007-04-27,SB0707,9.36,9.37,9.11,9.2,48233.0,,NO.11糖0707,406740.0,9.2,9.2
2007-04-30,SB0707,9.2,9.3,9.05,9.1,43389.0,,NO.11糖0707,411611.0,9.1,9.1
2007-05-01,SB0707,9.1,9.21,8.87,9.14,45663.0,,NO.11糖0707,416477.0,9.14,9.14
2007-05-02,SB0707,9.18,9.22,9.06,9.14,23616.0,,NO.11糖0707,417614.0,9.14,9.14
2007-05-03,SB0707,9.19,9.29,9.14,9.29,32412.0,,NO.11糖0707,417296.0,9.29,9.29
2007-05-04,SB0707,9.29,9.43,9.25,9.34,24702.0,,NO.11糖0707,412754.0,9.34,9.34
2007-05-07,SB0707,9.34,9.37,9.11,9.32,35164.0,,NO.11糖0707,409542.0,9.32,9.32
2007-05-08,SB0707,9.36,9.37,9.17,9.22,26942.0,,NO.11糖0707,412567.0,9.22,9.22
2007-05-09,SB0707,9.27,9.33,9.19,9.31,30351.0,,NO.11糖0707,409882.0,9.31,9.31
2007-05-10,SB0707,9.33,9.38,9.15,9.26,29407.0,,NO.11糖0707,409681.0,9.26,9.26
2007-05-11,SB0707,9.26,9.3,9.18,9.29,30345.0,,NO.11糖0707,407547.0,9.29,9.29
2007-05-14,SB0707,9.27,9.3,9.04,9.11,44485.0,,NO.11糖0707,405889.0,9.11,9.11
2007-05-15,SB0707,9.11,9.13,8.62,8.65,103645.0,,NO.11糖0707,391355.0,8.65,8.65
2007-05-16,SB0707,8.64,8.78,8.63,8.68,39982.0,,NO.11糖0707,382607.0,8.68,8.68
2007-05-17,SB0707,8.68,8.78,8.65,8.68,28294.0,,NO.11糖0707,384242.0,8.68,8.68
2007-05-18,SB0707,8.68,8.75,8.63,8.63,29798.0,,NO.11糖0707,388083.0,8.63,8.63
2007-05-21,SB0707,8.63,8.94,8.62,8.87,68162.0,,NO.11糖0707,385635.0,8.87,8.87
2007-05-22,SB0707,8.81,8.87,8.75,8.76,28054.0,,NO.11糖0707,384000.0,8.76,8.76
2007-05-23,SB0707,8.76,8.86,8.74,8.77,41770.0,,NO.11糖0707,376517.0,8.77,8.77
2007-05-24,SB0707,8.74,8.99,8.74,8.93,43025.0,,NO.11糖0707,374331.0,8.93,8.93
2007-05-25,SB0707,8.96,9.45,8.95,9.42,125961.0,,NO.11糖0707,374314.0,9.42,9.42
2007-05-29,SB0707,9.4,9.56,9.25,9.38,64172.0,,NO.11糖0707,366899.0,9.38,9.38
2007-05-30,SB0707,9.32,9.48,9.25,9.37,66225.0,,NO.11糖0707,363671.0,9.37,9.37
2007-05-31,SB0707,9.42,9.47,9.25,9.34,71984.0,,NO.11糖0707,361954.0,9.34,9.34
2007-06-01,SB0707,9.25,9.32,9.08,9.24,67023.0,,NO.11糖0707,344126.0,9.24,9.24
2007-06-04,SB0707,9.23,9.29,8.86,8.92,69466.0,,NO.11糖0707,331151.0,8.92,8.92
2007-06-05,SB0707,8.9,8.96,8.52,8.56,109147.0,,NO.11糖0707,298963.0,8.56,8.56
2007-06-06,SB0707,8.58,8.72,8.54,8.69,47342.0,,NO.11糖0707,287795.0,8.69,8.69
2007-06-07,SB0707,8.69,8.72,8.56,8.58,56286.0,,NO.11糖0707,270728.0,8.58,8.58
2007-06-08,SB0707,8.57,8.76,8.55,8.61,70466.0,,NO.11糖0707,230718.0,8.61,8.61
2007-06-11,SB0707,8.63,8.8,8.46,8.76,96269.0,,NO.11糖0707,193186.0,8.76,8.76
2007-06-12,SB0707,8.76,8.78,8.52,8.56,68903.0,,NO.11糖0707,166174.0,8.56,8.56
2007-06-13,SB0707,8.53,8.56,8.36,8.45,97636.0,,NO.11糖0707,129306.0,8.45,8.45
2007-06-14,SB0707,8.46,8.69,8.36,8.47,45456.0,,NO.11糖0707,119795.0,8.47,8.47
2007-06-15,SB0707,8.47,8.6,8.45,8.56,41785.0,,NO.11糖0707,110142.0,8.56,8.56
2007-06-18,SB0707,8.47,9.09,8.47,9.02,51255.0,,NO.11糖0707,94473.0,9.02,9.02
2007-06-19,SB0707,8.8,9.05,8.64,9.0,39063.0,,NO.11糖0707,84941.0,9.0,9.0
2007-06-20,SB0707,9.05,9.2,8.86,8.93,27211.0,,NO.11糖0707,80253.0,8.93,8.93
2007-06-21,SB0707,8.9,9.23,8.88,9.13,29631.0,,NO.11糖0707,65910.0,9.13,9.13
2007-06-22,SB0707,9.13,9.3,9.05,9.16,27193.0,,NO.11糖0707,59397.0,9.16,9.16
2007-06-25,SB0707,9.12,9.12,8.86,8.93,29537.0,,NO.11糖0707,50418.0,8.93,8.93
2007-06-26,SB0707,8.91,9.25,8.85,9.15,30444.0,,NO.11糖0707,43277.0,9.15,9.15
2007-06-27,SB0707,9.09,9.17,8.97,9.13,21061.0,,NO.11糖0707,35500.0,9.13,9.13
2007-06-28,SB0707,9.04,9.24,9.03,9.06,24610.0,,NO.11糖0707,21128.0,9.06,9.06
2007-06-29,SB0707,9.06,9.45,9.03,9.07,8454.0,,NO.11糖0707,,9.07,9.07
