date,symbol,open,high,low,close,volume,amount,name,openinterest,settleprice,price
2006-04-03,SB0803,17.5,17.6,17.41,17.41,1.0,,NO.11糖0803,1.0,17.41,17.41
2006-04-04,SB0803,,,,17.13,,,NO.11糖0803,1.0,17.13,17.13
2006-04-05,SB0803,17.11,17.11,17.07,17.07,4.0,,NO.11糖0803,5.0,17.07,17.07
2006-04-06,SB0803,17.18,17.18,16.85,16.85,28.0,,NO.11糖0803,33.0,16.85,16.85
2006-04-07,SB0803,16.75,16.75,16.35,16.5,12.0,,NO.11糖0803,35.0,16.5,16.5
2006-04-10,SB0803,16.65,16.65,16.4,16.5,6.0,,NO.11糖0803,40.0,16.5,16.5
2006-04-11,SB0803,16.65,16.75,16.64,16.64,69.0,,NO.11糖0803,99.0,16.64,16.64
2006-04-12,SB0803,16.65,16.7,16.5,16.67,36.0,,NO.11糖0803,135.0,16.67,16.67
2006-04-13,SB0803,16.5,16.6,16.45,16.6,11.0,,NO.11糖0803,146.0,16.6,16.6
2006-04-17,SB0803,16.8,16.9,16.8,16.87,7.0,,NO.11糖0803,153.0,16.87,16.87
2006-04-18,SB0803,17.05,17.45,16.95,17.45,281.0,,NO.11糖0803,408.0,17.45,17.45
2006-04-19,SB0803,17.4,17.45,17.35,17.45,31.0,,NO.11糖0803,419.0,17.45,17.45
2006-04-20,SB0803,17.4,17.55,17.2,17.55,111.0,,NO.11糖0803,460.0,17.55,17.55
2006-04-21,SB0803,17.4,17.58,17.3,17.58,151.0,,NO.11糖0803,521.0,17.58,17.58
2006-04-24,SB0803,17.6,17.6,17.25,17.35,55.0,,NO.11糖0803,572.0,17.35,17.35
2006-04-25,SB0803,17.4,17.45,16.9,17.15,45.0,,NO.11糖0803,588.0,17.15,17.15
2006-04-26,SB0803,17.0,17.15,17.0,17.15,235.0,,NO.11糖0803,598.0,17.15,17.15
2006-04-27,SB0803,17.0,17.12,17.0,17.12,95.0,,NO.11糖0803,658.0,17.12,17.12
2006-04-28,SB0803,17.05,17.29,17.05,17.29,154.0,,NO.11糖0803,716.0,17.29,17.29
2006-05-01,SB0803,17.35,17.49,17.35,17.49,30.0,,NO.11糖0803,746.0,17.49,17.49
2006-05-02,SB0803,17.5,17.65,17.5,17.65,78.0,,NO.11糖0803,788.0,17.65,17.65
2006-05-03,SB0803,17.65,17.65,17.5,17.6,119.0,,NO.11糖0803,863.0,17.6,17.6
2006-05-04,SB0803,17.2,17.2,17.15,17.15,266.0,,NO.11糖0803,1065.0,17.15,17.15
2006-05-05,SB0803,17.19,17.55,17.19,17.51,277.0,,NO.11糖0803,1215.0,17.51,17.51
2006-05-08,SB0803,17.4,17.5,17.4,17.43,298.0,,NO.11糖0803,1453.0,17.43,17.43
2006-05-09,SB0803,17.43,17.6,17.43,17.59,436.0,,NO.11糖0803,1732.0,17.59,17.59
2006-05-10,SB0803,17.6,17.65,17.58,17.58,703.0,,NO.11糖0803,2021.0,17.58,17.58
2006-05-11,SB0803,17.73,17.82,17.65,17.82,595.0,,NO.11糖0803,2359.0,17.82,17.82
2006-05-12,SB0803,17.84,17.85,17.78,17.8,403.0,,NO.11糖0803,2512.0,17.8,17.8
2006-05-15,SB0803,17.5,17.5,17.33,17.33,375.0,,NO.11糖0803,2733.0,17.33,17.33
2006-05-16,SB0803,17.0,17.21,17.0,17.21,229.0,,NO.11糖0803,2817.0,17.21,17.21
2006-05-17,SB0803,17.25,17.25,17.1,17.15,96.0,,NO.11糖0803,2832.0,17.15,17.15
2006-05-18,SB0803,16.9,16.9,16.6,16.6,53.0,,NO.11糖0803,2840.0,16.6,16.6
2006-05-19,SB0803,16.47,16.65,16.2,16.6,178.0,,NO.11糖0803,2932.0,16.6,16.6
2006-05-22,SB0803,16.36,16.5,16.36,16.5,1.0,,NO.11糖0803,2952.0,16.5,16.5
2006-05-23,SB0803,16.75,16.75,16.74,16.74,170.0,,NO.11糖0803,2963.0,16.74,16.74
2006-05-24,SB0803,16.2,16.3,16.2,16.25,42.0,,NO.11糖0803,2983.0,16.25,16.25
2006-05-25,SB0803,16.25,16.25,16.19,16.19,2.0,,NO.11糖0803,2983.0,16.19,16.19
2006-05-26,SB0803,16.05,16.05,15.9,15.92,75.0,,NO.11糖0803,3005.0,15.92,15.92
2006-05-30,SB0803,15.8,15.95,15.8,15.92,29.0,,NO.11糖0803,3023.0,15.92,15.92
2006-05-31,SB0803,15.85,15.85,15.57,15.57,144.0,,NO.11糖0803,2974.0,15.57,15.57
2006-06-01,SB0803,15.0,15.32,14.95,15.27,652.0,,NO.11糖0803,3322.0,15.27,15.27
2006-06-02,SB0803,15.5,15.5,15.45,15.48,53.0,,NO.11糖0803,3319.0,15.48,15.48
2006-06-05,SB0803,15.73,15.77,15.67,15.67,481.0,,NO.11糖0803,3519.0,15.67,15.67
2006-06-06,SB0803,15.5,15.5,15.4,15.41,912.0,,NO.11糖0803,4212.0,15.41,15.41
2006-06-07,SB0803,15.2,15.47,15.2,15.47,72.0,,NO.11糖0803,4212.0,15.47,15.47
2006-06-08,SB0803,15.4,15.4,15.38,15.38,101.0,,NO.11糖0803,4212.0,15.38,15.38
2006-06-09,SB0803,15.47,15.47,15.41,15.41,155.0,,NO.11糖0803,4282.0,15.41,15.41
2006-06-12,SB0803,,,,15.23,100.0,,NO.11糖0803,4282.0,15.23,15.23
2006-06-13,SB0803,14.9,15.07,14.9,15.07,138.0,,NO.11糖0803,4281.0,15.07,15.07
2006-06-14,SB0803,14.95,15.07,14.95,15.01,225.0,,NO.11糖0803,4382.0,15.01,15.01
2006-06-15,SB0803,15.2,15.25,15.15,15.22,722.0,,NO.11糖0803,4583.0,15.22,15.22
2006-06-16,SB0803,15.1,15.18,15.1,15.18,679.0,,NO.11糖0803,4973.0,15.18,15.18
2006-06-19,SB0803,15.0,15.0,14.88,14.88,145.0,,NO.11糖0803,5052.0,14.88,14.88
2006-06-20,SB0803,14.92,15.1,14.9,15.03,1691.0,,NO.11糖0803,5103.0,15.03,15.03
2006-06-21,SB0803,15.15,15.6,15.15,15.6,1114.0,,NO.11糖0803,5643.0,15.6,15.6
2006-06-22,SB0803,15.55,15.73,15.55,15.73,389.0,,NO.11糖0803,5978.0,15.73,15.73
2006-06-23,SB0803,15.7,15.7,15.6,15.64,585.0,,NO.11糖0803,6243.0,15.64,15.64
2006-06-26,SB0803,15.6,15.8,15.6,15.8,758.0,,NO.11糖0803,6525.0,15.8,15.8
2006-06-27,SB0803,15.7,15.85,15.69,15.69,639.0,,NO.11糖0803,6633.0,15.69,15.69
2006-06-28,SB0803,15.72,15.88,15.72,15.88,370.0,,NO.11糖0803,6575.0,15.88,15.88
2006-06-29,SB0803,15.84,15.85,15.84,15.85,32.0,,NO.11糖0803,6565.0,15.85,15.85
2006-06-30,SB0803,15.85,16.05,15.85,16.02,357.0,,NO.11糖0803,6665.0,16.02,16.02
2006-07-03,SB0803,16.25,16.3,16.25,16.26,178.0,,NO.11糖0803,6734.0,16.26,16.26
2006-07-05,SB0803,16.47,16.5,16.35,16.5,549.0,,NO.11糖0803,6919.0,16.5,16.5
2006-07-06,SB0803,16.59,16.65,16.5,16.58,644.0,,NO.11糖0803,6888.0,16.58,16.58
2006-07-07,SB0803,16.44,16.44,16.38,16.41,93.0,,NO.11糖0803,6956.0,16.41,16.41
2006-07-10,SB0803,16.3,16.3,16.17,16.17,372.0,,NO.11糖0803,7174.0,16.17,16.17
2006-07-11,SB0803,,,,16.2,706.0,,NO.11糖0803,7802.0,16.2,16.2
2006-07-12,SB0803,16.33,16.38,16.0,16.08,1318.0,,NO.11糖0803,8987.0,16.08,16.08
2006-07-13,SB0803,16.1,16.25,16.1,16.25,1817.0,,NO.11糖0803,9856.0,16.25,16.25
2006-07-14,SB0803,16.25,16.25,15.9,15.9,702.0,,NO.11糖0803,10393.0,15.9,15.9
2006-07-17,SB0803,15.72,15.8,15.7,15.78,2307.0,,NO.11糖0803,11765.0,15.78,15.78
2006-07-18,SB0803,15.8,15.8,15.76,15.76,762.0,,NO.11糖0803,12229.0,15.76,15.76
2006-07-19,SB0803,15.5,15.61,15.49,15.49,1638.0,,NO.11糖0803,12627.0,15.49,15.49
2006-07-20,SB0803,15.6,15.6,15.47,15.47,1382.0,,NO.11糖0803,13142.0,15.47,15.47
2006-07-21,SB0803,15.42,15.5,15.38,15.44,1952.0,,NO.11糖0803,13045.0,15.44,15.44
2006-07-24,SB0803,15.65,15.65,15.62,15.62,350.0,,NO.11糖0803,12924.0,15.62,15.62
2006-07-25,SB0803,15.65,15.65,15.39,15.39,16.0,,NO.11糖0803,12930.0,15.39,15.39
2006-07-26,SB0803,15.44,15.52,15.25,15.3,652.0,,NO.11糖0803,13252.0,15.3,15.3
2006-07-27,SB0803,15.3,15.35,15.11,15.12,646.0,,NO.11糖0803,13504.0,15.12,15.12
2006-07-28,SB0803,15.19,15.25,15.17,15.17,782.0,,NO.11糖0803,13686.0,15.17,15.17
2006-07-31,SB0803,15.31,15.37,15.24,15.36,560.0,,NO.11糖0803,13856.0,15.36,15.36
2006-08-01,SB0803,15.35,15.39,15.35,15.39,1105.0,,NO.11糖0803,14240.0,15.39,15.39
2006-08-02,SB0803,15.33,15.33,15.05,15.05,321.0,,NO.11糖0803,14370.0,15.05,15.05
2006-08-03,SB0803,14.9,14.9,14.7,14.83,1203.0,,NO.11糖0803,14614.0,14.83,14.83
2006-08-04,SB0803,14.85,14.93,14.83,14.93,1032.0,,NO.11糖0803,14694.0,14.93,14.93
2006-08-07,SB0803,14.96,14.97,14.85,14.89,338.0,,NO.11糖0803,14679.0,14.89,14.89
2006-08-08,SB0803,14.58,14.63,14.51,14.63,981.0,,NO.11糖0803,14696.0,14.63,14.63
2006-08-09,SB0803,14.7,14.83,14.66,14.77,1872.0,,NO.11糖0803,15247.0,14.77,14.77
2006-08-10,SB0803,14.85,14.85,14.7,14.72,1652.0,,NO.11糖0803,15520.0,14.72,14.72
2006-08-11,SB0803,14.37,14.55,14.25,14.3,2144.0,,NO.11糖0803,15567.0,14.3,14.3
2006-08-14,SB0803,13.9,13.9,13.62,13.62,2442.0,,NO.11糖0803,15640.0,13.62,13.62
2006-08-15,SB0803,13.8,13.81,13.75,13.81,430.0,,NO.11糖0803,15679.0,13.81,13.81
2006-08-16,SB0803,13.83,13.83,13.6,13.6,887.0,,NO.11糖0803,15745.0,13.6,13.6
2006-08-17,SB0803,13.35,13.38,13.14,13.22,2682.0,,NO.11糖0803,17055.0,13.22,13.22
2006-08-18,SB0803,13.36,13.36,13.2,13.24,1060.0,,NO.11糖0803,17366.0,13.24,13.24
2006-08-21,SB0803,13.3,13.3,13.15,13.29,2455.0,,NO.11糖0803,18355.0,13.29,13.29
2006-08-22,SB0803,13.21,13.27,13.19,13.19,2773.0,,NO.11糖0803,18228.0,13.19,13.19
2006-08-23,SB0803,13.24,13.56,13.24,13.5,1789.0,,NO.11糖0803,18319.0,13.5,13.5
2006-08-24,SB0803,13.7,13.7,13.4,13.45,1389.0,,NO.11糖0803,19230.0,13.45,13.45
2006-08-25,SB0803,13.54,13.59,13.42,13.43,355.0,,NO.11糖0803,19316.0,13.43,13.43
2006-08-28,SB0803,13.45,13.45,13.3,13.37,281.0,,NO.11糖0803,19270.0,13.37,13.37
2006-08-29,SB0803,13.1,13.25,12.9,13.2,412.0,,NO.11糖0803,19392.0,13.2,13.2
2006-08-30,SB0803,13.1,13.1,12.94,13.01,1364.0,,NO.11糖0803,19851.0,13.01,13.01
2006-08-31,SB0803,13.14,13.3,13.0,13.3,864.0,,NO.11糖0803,20065.0,13.3,13.3
2006-09-01,SB0803,13.2,13.28,12.81,12.81,491.0,,NO.11糖0803,20231.0,12.81,12.81
2006-09-05,SB0803,12.73,12.96,12.73,12.82,1958.0,,NO.11糖0803,20528.0,12.82,12.82
2006-09-06,SB0803,12.85,12.98,12.85,12.9,1159.0,,NO.11糖0803,20804.0,12.9,12.9
2006-09-07,SB0803,12.85,13.0,12.85,12.97,586.0,,NO.11糖0803,20691.0,12.97,12.97
2006-09-08,SB0803,13.1,13.13,13.1,13.13,227.0,,NO.11糖0803,20672.0,13.13,13.13
2006-09-11,SB0803,13.0,13.0,12.86,12.86,594.0,,NO.11糖0803,21129.0,12.86,12.86
2006-09-12,SB0803,13.02,13.07,13.0,13.05,1022.0,,NO.11糖0803,21226.0,13.05,13.05
2006-09-13,SB0803,13.4,13.8,13.4,13.64,1090.0,,NO.11糖0803,21594.0,13.64,13.64
2006-09-14,SB0803,13.5,13.55,13.37,13.37,2073.0,,NO.11糖0803,21041.0,13.37,13.37
2006-09-15,SB0803,13.3,13.57,13.3,13.57,203.0,,NO.11糖0803,21018.0,13.57,13.57
2006-09-18,SB0803,13.5,13.5,13.38,13.46,776.0,,NO.11糖0803,20848.0,13.46,13.46
2006-09-19,SB0803,13.46,13.46,13.21,13.22,893.0,,NO.11糖0803,21070.0,13.22,13.22
2006-09-20,SB0803,13.1,13.1,12.95,13.06,946.0,,NO.11糖0803,21336.0,13.06,13.06
2006-09-21,SB0803,13.1,13.1,12.6,12.65,1651.0,,NO.11糖0803,21580.0,12.65,12.65
2006-09-22,SB0803,12.52,12.55,11.7,11.72,1752.0,,NO.11糖0803,20886.0,11.72,11.72
2006-09-25,SB0803,11.3,11.35,11.03,11.08,2135.0,,NO.11糖0803,20724.0,11.08,11.08
2006-09-26,SB0803,11.23,11.35,11.2,11.3,3691.0,,NO.11糖0803,21325.0,11.3,11.3
2006-09-27,SB0803,11.5,11.76,11.4,11.41,880.0,,NO.11糖0803,21453.0,11.41,11.41
2006-09-28,SB0803,11.52,11.85,11.38,11.81,921.0,,NO.11糖0803,21504.0,11.81,11.81
2006-09-29,SB0803,11.83,12.1,11.81,12.1,1296.0,,NO.11糖0803,21899.0,12.1,12.1
2006-10-02,SB0803,12.05,12.08,11.9,11.92,1361.0,,NO.11糖0803,22476.0,11.92,11.92
2006-10-03,SB0803,11.78,11.78,11.65,11.65,2425.0,,NO.11糖0803,22866.0,11.65,11.65
2006-10-04,SB0803,11.5,11.9,11.5,11.86,3052.0,,NO.11糖0803,23319.0,11.86,11.86
2006-10-05,SB0803,11.86,11.92,11.84,11.9,636.0,,NO.11糖0803,23708.0,11.9,11.9
2006-10-06,SB0803,11.8,11.94,11.8,11.94,1797.0,,NO.11糖0803,24171.0,11.94,11.94
2006-10-09,SB0803,12.05,12.22,12.04,12.22,904.0,,NO.11糖0803,24622.0,12.22,12.22
2006-10-10,SB0803,12.3,12.42,12.26,12.26,1625.0,,NO.11糖0803,25005.0,12.26,12.26
2006-10-11,SB0803,11.95,11.96,11.93,11.93,670.0,,NO.11糖0803,25081.0,11.93,11.93
2006-10-12,SB0803,12.03,12.03,11.92,11.96,209.0,,NO.11糖0803,25006.0,11.96,11.96
2006-10-13,SB0803,12.0,12.02,11.95,12.0,491.0,,NO.11糖0803,25239.0,12.0,12.0
2006-10-16,SB0803,12.08,12.34,12.05,12.3,2064.0,,NO.11糖0803,25271.0,12.3,12.3
2006-10-17,SB0803,12.42,12.85,12.38,12.82,3779.0,,NO.11糖0803,25624.0,12.82,12.82
2006-10-18,SB0803,12.23,12.3,12.17,12.17,2066.0,,NO.11糖0803,26633.0,12.17,12.17
2006-10-19,SB0803,12.45,12.47,12.15,12.19,1301.0,,NO.11糖0803,26599.0,12.19,12.19
2006-10-20,SB0803,12.19,12.4,12.19,12.37,1430.0,,NO.11糖0803,27402.0,12.37,12.37
2006-10-23,SB0803,12.28,12.47,12.25,12.47,140.0,,NO.11糖0803,27346.0,12.47,12.47
2006-10-24,SB0803,12.48,12.48,12.3,12.37,698.0,,NO.11糖0803,27493.0,12.37,12.37
2006-10-25,SB0803,12.4,12.58,12.4,12.54,1713.0,,NO.11糖0803,28517.0,12.54,12.54
2006-10-26,SB0803,12.56,12.62,12.45,12.46,1420.0,,NO.11糖0803,29101.0,12.46,12.46
2006-10-27,SB0803,12.38,12.5,12.37,12.41,2052.0,,NO.11糖0803,29993.0,12.41,12.41
2006-10-30,SB0803,12.34,12.34,12.16,12.16,400.0,,NO.11糖0803,30150.0,12.16,12.16
2006-10-31,SB0803,12.07,12.25,12.07,12.25,723.0,,NO.11糖0803,30308.0,12.25,12.25
2006-11-01,SB0803,12.23,12.37,12.22,12.28,2282.0,,NO.11糖0803,31569.0,12.28,12.28
2006-11-02,SB0803,12.3,12.32,12.21,12.29,660.0,,NO.11糖0803,31829.0,12.29,12.29
2006-11-03,SB0803,12.28,12.36,12.14,12.14,1337.0,,NO.11糖0803,32420.0,12.14,12.14
2006-11-06,SB0803,12.28,12.52,12.25,12.52,693.0,,NO.11糖0803,32568.0,12.52,12.52
2006-11-07,SB0803,12.36,12.44,12.36,12.39,361.0,,NO.11糖0803,32621.0,12.39,12.39
2006-11-08,SB0803,12.55,12.65,12.5,12.61,1433.0,,NO.11糖0803,33208.0,12.61,12.61
2006-11-09,SB0803,12.59,12.75,12.54,12.72,2302.0,,NO.11糖0803,34382.0,12.72,12.72
2006-11-10,SB0803,12.72,12.76,12.4,12.41,2880.0,,NO.11糖0803,35400.0,12.41,12.41
2006-11-13,SB0803,12.42,12.49,12.35,12.35,1060.0,,NO.11糖0803,35898.0,12.35,12.35
2006-11-14,SB0803,12.3,12.43,12.3,12.33,1398.0,,NO.11糖0803,36601.0,12.33,12.33
2006-11-15,SB0803,12.41,12.44,12.32,12.42,713.0,,NO.11糖0803,36878.0,12.42,12.42
2006-11-16,SB0803,12.33,12.38,12.25,12.29,1448.0,,NO.11糖0803,37328.0,12.29,12.29
2006-11-17,SB0803,12.12,12.12,12.07,12.09,1040.0,,NO.11糖0803,37745.0,12.09,12.09
2006-11-20,SB0803,12.2,12.38,12.2,12.22,1030.0,,NO.11糖0803,37811.0,12.22,12.22
2006-11-21,SB0803,12.16,12.22,12.14,12.2,1522.0,,NO.11糖0803,37140.0,12.2,12.2
2006-11-22,SB0803,12.18,12.2,12.15,12.17,950.0,,NO.11糖0803,37239.0,12.17,12.17
2006-11-27,SB0803,12.25,12.38,12.25,12.37,1173.0,,NO.11糖0803,37769.0,12.37,12.37
2006-11-28,SB0803,12.35,12.42,12.35,12.4,874.0,,NO.11糖0803,37575.0,12.4,12.4
2006-11-29,SB0803,12.37,12.42,12.34,12.39,1578.0,,NO.11糖0803,38014.0,12.39,12.39
2006-11-30,SB0803,12.4,12.55,12.39,12.48,2344.0,,NO.11糖0803,39126.0,12.48,12.48
2006-12-01,SB0803,12.49,12.5,12.4,12.48,1497.0,,NO.11糖0803,39585.0,12.48,12.48
2006-12-04,SB0803,12.32,12.47,12.3,12.32,2329.0,,NO.11糖0803,40659.0,12.32,12.32
2006-12-05,SB0803,12.39,12.4,12.3,12.3,2235.0,,NO.11糖0803,41048.0,12.3,12.3
2006-12-06,SB0803,12.22,12.22,12.1,12.17,1844.0,,NO.11糖0803,41756.0,12.17,12.17
2006-12-07,SB0803,12.16,12.17,11.88,11.93,3406.0,,NO.11糖0803,42807.0,11.93,11.93
2006-12-08,SB0803,12.0,12.05,11.93,11.97,651.0,,NO.11糖0803,42853.0,11.97,11.97
2006-12-11,SB0803,11.94,11.96,11.77,11.96,1194.0,,NO.11糖0803,43281.0,11.96,11.96
2006-12-12,SB0803,11.98,11.99,11.74,11.74,1973.0,,NO.11糖0803,44113.0,11.74,11.74
2006-12-13,SB0803,11.7,11.74,11.66,11.66,2300.0,,NO.11糖0803,44009.0,11.66,11.66
2006-12-14,SB0803,11.6,11.65,11.55,11.55,996.0,,NO.11糖0803,43952.0,11.55,11.55
2006-12-15,SB0803,11.62,11.63,11.5,11.56,3155.0,,NO.11糖0803,44470.0,11.56,11.56
2006-12-18,SB0803,11.67,12.05,11.67,12.05,1892.0,,NO.11糖0803,45157.0,12.05,12.05
2006-12-19,SB0803,11.95,12.0,11.93,12.0,1807.0,,NO.11糖0803,45760.0,12.0,12.0
2006-12-20,SB0803,11.96,12.02,11.96,12.02,1503.0,,NO.11糖0803,46441.0,12.02,12.02
2006-12-21,SB0803,11.99,12.0,11.92,11.98,1272.0,,NO.11糖0803,46961.0,11.98,11.98
2006-12-22,SB0803,11.99,12.0,11.97,12.0,999.0,,NO.11糖0803,47315.0,12.0,12.0
2006-12-26,SB0803,12.0,12.03,11.9,11.91,848.0,,NO.11糖0803,47410.0,11.91,11.91
2006-12-27,SB0803,11.94,11.97,11.88,11.9,1669.0,,NO.11糖0803,47707.0,11.9,11.9
2006-12-28,SB0803,11.93,11.99,11.92,11.97,1647.0,,NO.11糖0803,48108.0,11.97,11.97
2006-12-29,SB0803,12.01,12.02,11.95,12.02,1846.0,,NO.11糖0803,48703.0,12.02,12.02
2007-01-03,SB0803,11.9,11.91,11.73,11.82,2792.0,,NO.11糖0803,48739.0,11.82,11.82
2007-01-04,SB0803,11.73,11.78,11.68,11.72,806.0,,NO.11糖0803,49078.0,11.72,11.72
2007-01-05,SB0803,11.72,11.76,11.52,11.56,1858.0,,NO.11糖0803,49581.0,11.56,11.56
2007-01-08,SB0803,11.68,11.69,11.55,11.59,4407.0,,NO.11糖0803,51184.0,11.59,11.59
2007-01-09,SB0803,11.54,11.62,11.37,11.62,6412.0,,NO.11糖0803,52464.0,11.62,11.62
2007-01-10,SB0803,11.54,11.63,11.45,11.63,3812.0,,NO.11糖0803,52590.0,11.63,11.63
2007-01-11,SB0803,11.54,11.6,11.52,11.54,1331.0,,NO.11糖0803,52784.0,11.54,11.54
2007-01-12,SB0803,11.45,11.54,11.41,11.53,2155.0,,NO.11糖0803,53099.0,11.53,11.53
2007-01-16,SB0803,11.58,11.65,11.38,11.55,2617.0,,NO.11糖0803,54075.0,11.55,11.55
2007-01-17,SB0803,11.55,11.55,11.25,11.31,2732.0,,NO.11糖0803,54375.0,11.31,11.31
2007-01-18,SB0803,11.36,11.36,11.24,11.3,2048.0,,NO.11糖0803,53797.0,11.3,11.3
2007-01-19,SB0803,11.35,11.37,11.3,11.37,1320.0,,NO.11糖0803,53623.0,11.37,11.37
2007-01-22,SB0803,11.4,11.53,11.36,11.51,2724.0,,NO.11糖0803,54045.0,11.51,11.51
2007-01-23,SB0803,11.52,11.55,11.48,11.53,1843.0,,NO.11糖0803,54007.0,11.53,11.53
2007-01-24,SB0803,11.51,11.61,11.48,11.5,1418.0,,NO.11糖0803,53908.0,11.5,11.5
2007-01-25,SB0803,11.56,11.59,11.4,11.44,881.0,,NO.11糖0803,53852.0,11.44,11.44
2007-01-26,SB0803,11.42,11.46,11.38,11.46,553.0,,NO.11糖0803,54048.0,11.46,11.46
2007-01-29,SB0803,11.44,11.45,11.39,11.41,825.0,,NO.11糖0803,53621.0,11.41,11.41
2007-01-30,SB0803,11.33,11.36,11.21,11.36,2134.0,,NO.11糖0803,54109.0,11.36,11.36
2007-01-31,SB0803,11.39,11.39,11.32,11.39,2285.0,,NO.11糖0803,54117.0,11.39,11.39
2007-02-01,SB0803,11.4,11.42,11.28,11.39,1278.0,,NO.11糖0803,54335.0,11.39,11.39
2007-02-02,SB0803,11.39,11.39,11.12,11.27,1093.0,,NO.11糖0803,54243.0,11.27,11.27
2007-02-05,SB0803,11.4,11.4,11.27,11.33,2725.0,,NO.11糖0803,54119.0,11.33,11.33
2007-02-06,SB0803,11.25,11.25,11.1,11.1,3114.0,,NO.11糖0803,53866.0,11.1,11.1
2007-02-07,SB0803,11.11,11.11,10.9,10.99,4510.0,,NO.11糖0803,53243.0,10.99,10.99
2007-02-08,SB0803,10.95,11.09,10.84,11.09,2035.0,,NO.11糖0803,53324.0,11.09,11.09
2007-02-09,SB0803,11.09,11.15,11.04,11.13,1422.0,,NO.11糖0803,53584.0,11.13,11.13
2007-02-12,SB0803,11.15,11.18,11.0,11.07,919.0,,NO.11糖0803,53671.0,11.07,11.07
2007-02-13,SB0803,11.05,11.05,10.9,10.99,2177.0,,NO.11糖0803,54284.0,10.99,10.99
2007-02-14,SB0803,11.0,11.1,11.0,11.04,1182.0,,NO.11糖0803,54678.0,11.04,11.04
2007-02-15,SB0803,11.16,11.34,11.13,11.33,3313.0,,NO.11糖0803,55835.0,11.33,11.33
2007-02-16,SB0803,11.4,11.43,11.31,11.38,1633.0,,NO.11糖0803,55685.0,11.38,11.38
2007-02-20,SB0803,11.38,11.39,11.17,11.22,1232.0,,NO.11糖0803,55787.0,11.22,11.22
2007-02-21,SB0803,11.17,11.19,11.05,11.08,1649.0,,NO.11糖0803,56611.0,11.08,11.08
2007-02-22,SB0803,11.19,11.27,11.15,11.27,2988.0,,NO.11糖0803,57475.0,11.27,11.27
2007-02-23,SB0803,11.26,11.38,11.23,11.28,3076.0,,NO.11糖0803,58746.0,11.28,11.28
2007-02-26,SB0803,11.28,11.37,11.27,11.35,2044.0,,NO.11糖0803,59387.0,11.35,11.35
2007-02-27,SB0803,11.37,11.4,11.32,11.4,1582.0,,NO.11糖0803,60013.0,11.4,11.4
2007-02-28,SB0803,11.28,11.37,11.22,11.31,2299.0,,NO.11糖0803,60448.0,11.31,11.31
2007-03-01,SB0803,11.3,11.62,11.25,11.62,2508.0,,NO.11糖0803,60930.0,11.62,11.62
2007-03-02,SB0803,11.61,11.9,11.61,11.77,4755.0,,NO.11糖0803,61432.0,11.77,11.77
2007-03-05,SB0803,11.63,11.63,11.28,11.33,2955.0,,NO.11糖0803,62015.0,11.33,11.33
2007-03-06,SB0803,11.3,11.4,11.28,11.36,1891.0,,NO.11糖0803,62307.0,11.36,11.36
2007-03-07,SB0803,11.34,11.42,11.28,11.3,5193.0,,NO.11糖0803,63952.0,11.3,11.3
2007-03-08,SB0803,11.31,11.36,11.23,11.25,1910.0,,NO.11糖0803,64211.0,11.25,11.25
2007-03-09,SB0803,11.25,11.25,11.16,11.21,2608.0,,NO.11糖0803,64636.0,11.21,11.21
2007-03-12,SB0803,11.18,11.23,11.08,11.1,2531.0,,NO.11糖0803,65016.0,11.1,11.1
2007-03-13,SB0803,11.1,11.2,11.09,11.18,2441.0,,NO.11糖0803,65456.0,11.18,11.18
2007-03-14,SB0803,11.1,11.18,11.06,11.16,4355.0,,NO.11糖0803,66203.0,11.16,11.16
2007-03-15,SB0803,11.1,11.11,10.99,11.03,4567.0,,NO.11糖0803,67420.0,11.03,11.03
2007-03-16,SB0803,11.1,11.1,10.9,11.07,7150.0,,NO.11糖0803,69098.0,11.07,11.07
2007-03-19,SB0803,11.06,11.09,10.96,11.06,3093.0,,NO.11糖0803,68834.0,11.06,11.06
2007-03-20,SB0803,11.05,11.1,11.03,11.07,1525.0,,NO.11糖0803,70333.0,11.07,11.07
2007-03-21,SB0803,11.08,11.1,11.03,11.09,1629.0,,NO.11糖0803,71001.0,11.09,11.09
2007-03-22,SB0803,11.08,11.16,11.08,11.15,2262.0,,NO.11糖0803,71232.0,11.15,11.15
2007-03-23,SB0803,11.14,11.16,11.09,11.12,1340.0,,NO.11糖0803,71409.0,11.12,11.12
2007-03-26,SB0803,11.1,11.1,10.95,11.01,3477.0,,NO.11糖0803,72370.0,11.01,11.01
2007-03-27,SB0803,10.97,11.17,10.97,11.14,3542.0,,NO.11糖0803,72921.0,11.14,11.14
2007-03-28,SB0803,11.15,11.25,11.11,11.16,3323.0,,NO.11糖0803,72778.0,11.16,11.16
2007-03-29,SB0803,11.15,11.15,10.95,10.97,3863.0,,NO.11糖0803,73608.0,10.97,10.97
2007-03-30,SB0803,10.95,11.01,10.9,11.01,2693.0,,NO.11糖0803,73550.0,11.01,11.01
2007-04-02,SB0803,10.97,10.98,10.88,10.89,2402.0,,NO.11糖0803,73690.0,10.89,10.89
2007-04-03,SB0803,10.88,10.97,10.85,10.89,1511.0,,NO.11糖0803,73739.0,10.89,10.89
2007-04-04,SB0803,10.87,10.88,10.79,10.84,4162.0,,NO.11糖0803,74085.0,10.84,10.84
2007-04-05,SB0803,10.8,10.88,10.77,10.87,3191.0,,NO.11糖0803,74740.0,10.87,10.87
2007-04-09,SB0803,10.89,10.99,10.87,10.99,2423.0,,NO.11糖0803,75463.0,10.99,10.99
2007-04-10,SB0803,10.95,10.96,10.77,10.8,2776.0,,NO.11糖0803,76105.0,10.8,10.8
2007-04-11,SB0803,10.8,10.93,10.8,10.91,2216.0,,NO.11糖0803,76168.0,10.91,10.91
2007-04-12,SB0803,10.91,10.94,10.85,10.91,3112.0,,NO.11糖0803,76752.0,10.91,10.91
2007-04-13,SB0803,10.9,10.92,10.81,10.87,2544.0,,NO.11糖0803,77186.0,10.87,10.87
2007-04-16,SB0803,10.87,10.92,10.58,10.63,3279.0,,NO.11糖0803,76307.0,10.63,10.63
2007-04-17,SB0803,10.7,10.78,10.59,10.64,1225.0,,NO.11糖0803,76450.0,10.64,10.64
2007-04-18,SB0803,10.64,10.69,10.38,10.45,4912.0,,NO.11糖0803,76589.0,10.45,10.45
2007-04-19,SB0803,10.5,10.6,10.4,10.54,2441.0,,NO.11糖0803,76209.0,10.54,10.54
2007-04-20,SB0803,10.5,10.61,10.45,10.48,2480.0,,NO.11糖0803,76581.0,10.48,10.48
2007-04-23,SB0803,10.46,10.46,10.18,10.23,3708.0,,NO.11糖0803,77075.0,10.23,10.23
2007-04-24,SB0803,10.23,10.23,10.1,10.14,7238.0,,NO.11糖0803,78476.0,10.14,10.14
2007-04-25,SB0803,10.14,10.24,10.11,10.16,3354.0,,NO.11糖0803,79515.0,10.16,10.16
2007-04-26,SB0803,10.16,10.24,10.14,10.23,4965.0,,NO.11糖0803,80986.0,10.23,10.23
2007-04-27,SB0803,10.2,10.2,10.08,10.16,3988.0,,NO.11糖0803,80523.0,10.16,10.16
2007-04-30,SB0803,10.12,10.19,10.04,10.09,3177.0,,NO.11糖0803,80162.0,10.09,10.09
2007-05-01,SB0803,10.0,10.15,9.87,10.07,5393.0,,NO.11糖0803,81706.0,10.07,10.07
2007-05-02,SB0803,10.1,10.12,9.99,10.04,3145.0,,NO.11糖0803,81441.0,10.04,10.04
2007-05-03,SB0803,10.07,10.12,10.06,10.12,2117.0,,NO.11糖0803,81236.0,10.12,10.12
2007-05-04,SB0803,10.15,10.23,10.12,10.23,3911.0,,NO.11糖0803,81993.0,10.23,10.23
2007-05-07,SB0803,10.21,10.22,10.05,10.19,2661.0,,NO.11糖0803,81052.0,10.19,10.19
2007-05-08,SB0803,10.2,10.2,10.07,10.12,2866.0,,NO.11糖0803,81417.0,10.12,10.12
2007-05-09,SB0803,10.16,10.17,10.11,10.15,4750.0,,NO.11糖0803,80771.0,10.15,10.15
2007-05-10,SB0803,10.16,10.2,10.03,10.11,5183.0,,NO.11糖0803,79974.0,10.11,10.11
2007-05-11,SB0803,10.09,10.17,10.03,10.16,8456.0,,NO.11糖0803,80386.0,10.16,10.16
2007-05-14,SB0803,10.13,10.13,9.95,10.01,7715.0,,NO.11糖0803,79820.0,10.01,10.01
2007-05-15,SB0803,10.03,10.03,9.55,9.58,10077.0,,NO.11糖0803,79956.0,9.58,9.58
2007-05-16,SB0803,9.58,9.64,9.55,9.58,5813.0,,NO.11糖0803,80564.0,9.58,9.58
2007-05-17,SB0803,9.57,9.64,9.53,9.57,4384.0,,NO.11糖0803,80407.0,9.57,9.57
2007-05-18,SB0803,9.54,9.6,9.42,9.46,9037.0,,NO.11糖0803,79945.0,9.46,9.46
2007-05-21,SB0803,9.47,9.67,9.42,9.62,8638.0,,NO.11糖0803,81069.0,9.62,9.62
2007-05-22,SB0803,9.57,9.6,9.52,9.55,3745.0,,NO.11糖0803,81344.0,9.55,9.55
2007-05-23,SB0803,9.56,9.61,9.5,9.52,6445.0,,NO.11糖0803,80156.0,9.52,9.52
2007-05-24,SB0803,9.55,9.66,9.55,9.64,5468.0,,NO.11糖0803,80309.0,9.64,9.64
2007-05-25,SB0803,9.67,9.91,9.63,9.91,14297.0,,NO.11糖0803,80111.0,9.91,9.91
2007-05-29,SB0803,9.88,9.99,9.74,9.78,6724.0,,NO.11糖0803,81133.0,9.78,9.78
2007-05-30,SB0803,9.75,9.83,9.67,9.79,4096.0,,NO.11糖0803,81568.0,9.79,9.79
2007-05-31,SB0803,9.79,9.87,9.79,9.87,7098.0,,NO.11糖0803,84234.0,9.87,9.87
2007-06-01,SB0803,9.87,9.97,9.72,9.97,10236.0,,NO.11糖0803,87936.0,9.97,9.97
2007-06-04,SB0803,9.96,9.96,9.68,9.76,8908.0,,NO.11糖0803,90308.0,9.76,9.76
2007-06-05,SB0803,9.72,9.76,9.4,9.45,13643.0,,NO.11糖0803,92927.0,9.45,9.45
2007-06-06,SB0803,9.51,9.56,9.47,9.55,7238.0,,NO.11糖0803,91461.0,9.55,9.55
2007-06-07,SB0803,9.55,9.57,9.39,9.43,7301.0,,NO.11糖0803,91664.0,9.43,9.43
2007-06-08,SB0803,9.39,9.51,9.37,9.42,6453.0,,NO.11糖0803,92983.0,9.42,9.42
2007-06-11,SB0803,9.41,9.56,9.34,9.55,4616.0,,NO.11糖0803,91794.0,9.55,9.55
2007-06-12,SB0803,9.53,9.53,9.34,9.43,4777.0,,NO.11糖0803,92209.0,9.43,9.43
2007-06-13,SB0803,9.4,9.41,9.28,9.37,10655.0,,NO.11糖0803,92291.0,9.37,9.37
2007-06-14,SB0803,9.36,9.53,9.22,9.33,16572.0,,NO.11糖0803,93431.0,9.33,9.33
2007-06-15,SB0803,9.33,9.51,9.33,9.49,4110.0,,NO.11糖0803,93212.0,9.49,9.49
2007-06-18,SB0803,9.49,10.05,9.45,10.04,16778.0,,NO.11糖0803,92285.0,10.04,10.04
2007-06-19,SB0803,10.0,10.01,9.64,9.98,12174.0,,NO.11糖0803,92844.0,9.98,9.98
2007-06-20,SB0803,9.92,10.2,9.88,9.97,16698.0,,NO.11糖0803,92991.0,9.97,9.97
2007-06-21,SB0803,9.9,10.14,9.9,10.09,14051.0,,NO.11糖0803,92030.0,10.09,10.09
2007-06-22,SB0803,10.1,10.28,10.06,10.15,13104.0,,NO.11糖0803,94210.0,10.15,10.15
2007-06-25,SB0803,10.1,10.13,9.82,9.92,10500.0,,NO.11糖0803,96055.0,9.92,9.92
2007-06-26,SB0803,10.03,10.21,9.86,10.12,19471.0,,NO.11糖0803,101767.0,10.12,10.12
2007-06-27,SB0803,9.98,10.07,9.98,10.07,9464.0,,NO.11糖0803,101287.0,10.07,10.07
2007-06-28,SB0803,9.9,10.15,9.9,10.07,7446.0,,NO.11糖0803,100771.0,10.07,10.07
2007-06-29,SB0803,10.1,10.15,9.96,10.0,5640.0,,NO.11糖0803,99762.0,10.0,10.0
2007-07-02,SB0803,10.1,10.1,9.67,9.72,11442.0,,NO.11糖0803,101913.0,9.72,9.72
2007-07-03,SB0803,9.71,9.94,9.71,9.92,15194.0,,NO.11糖0803,102567.0,9.92,9.92
2007-07-05,SB0803,9.96,10.12,9.74,10.0,9933.0,,NO.11糖0803,103091.0,10.0,10.0
2007-07-06,SB0803,10.02,10.2,9.94,10.0,8660.0,,NO.11糖0803,104326.0,10.0,10.0
2007-07-09,SB0803,10.08,10.16,9.95,10.09,11743.0,,NO.11糖0803,110379.0,10.09,10.09
2007-07-10,SB0803,10.1,10.28,10.07,10.1,12980.0,,NO.11糖0803,110084.0,10.1,10.1
2007-07-11,SB0803,10.13,10.2,10.05,10.2,10563.0,,NO.11糖0803,112994.0,10.2,10.2
2007-07-12,SB0803,10.08,10.14,10.06,10.12,9897.0,,NO.11糖0803,114181.0,10.12,10.12
2007-07-13,SB0803,10.15,10.54,10.1,10.29,31039.0,,NO.11糖0803,112625.0,10.29,10.29
2007-07-16,SB0803,10.3,10.41,10.19,10.25,10189.0,,NO.11糖0803,111176.0,10.25,10.25
2007-07-17,SB0803,10.23,10.37,10.2,10.32,8364.0,,NO.11糖0803,112282.0,10.32,10.32
2007-07-18,SB0803,10.31,10.57,10.3,10.52,22629.0,,NO.11糖0803,119401.0,10.52,10.52
2007-07-19,SB0803,10.5,10.85,10.5,10.7,36846.0,,NO.11糖0803,126043.0,10.7,10.7
2007-07-20,SB0803,10.67,10.82,10.67,10.75,15968.0,,NO.11糖0803,132837.0,10.75,10.75
2007-07-23,SB0803,10.75,10.79,10.35,10.49,37290.0,,NO.11糖0803,142389.0,10.49,10.49
2007-07-24,SB0803,10.5,10.62,10.45,10.53,17750.0,,NO.11糖0803,149055.0,10.53,10.53
2007-07-25,SB0803,10.5,10.54,10.37,10.47,15194.0,,NO.11糖0803,149371.0,10.47,10.47
2007-07-26,SB0803,10.5,10.62,10.47,10.51,17916.0,,NO.11糖0803,148362.0,10.51,10.51
2007-07-27,SB0803,10.46,10.5,10.27,10.29,14926.0,,NO.11糖0803,146457.0,10.29,10.29
2007-07-30,SB0803,10.28,10.4,10.2,10.28,15218.0,,NO.11糖0803,144883.0,10.28,10.28
2007-07-31,SB0803,10.25,10.45,10.23,10.42,35801.0,,NO.11糖0803,142960.0,10.42,10.42
2007-08-01,SB0803,10.4,10.42,10.21,10.33,14192.0,,NO.11糖0803,142597.0,10.33,10.33
2007-08-02,SB0803,10.31,10.55,10.3,10.34,29752.0,,NO.11糖0803,150225.0,10.34,10.34
2007-08-03,SB0803,10.35,10.4,10.27,10.37,11562.0,,NO.11糖0803,149866.0,10.37,10.37
2007-08-06,SB0803,10.34,10.36,10.04,10.12,11418.0,,NO.11糖0803,149787.0,10.12,10.12
2007-08-07,SB0803,10.09,10.23,10.05,10.12,14468.0,,NO.11糖0803,152385.0,10.12,10.12
2007-08-08,SB0803,10.1,10.15,10.05,10.11,11900.0,,NO.11糖0803,153493.0,10.11,10.11
2007-08-09,SB0803,10.09,10.18,10.05,10.09,18828.0,,NO.11糖0803,156973.0,10.09,10.09
2007-08-10,SB0803,10.11,10.14,9.81,9.84,19108.0,,NO.11糖0803,161675.0,9.84,9.84
2007-08-13,SB0803,9.84,9.96,9.73,9.74,12359.0,,NO.11糖0803,162955.0,9.74,9.74
2007-08-14,SB0803,9.75,9.84,9.71,9.75,9006.0,,NO.11糖0803,162386.0,9.75,9.75
2007-08-15,SB0803,9.76,9.77,9.68,9.7,12771.0,,NO.11糖0803,163577.0,9.7,9.7
2007-08-16,SB0803,9.66,9.72,9.35,9.37,22421.0,,NO.11糖0803,160984.0,9.37,9.37
2007-08-17,SB0803,9.35,9.78,9.35,9.64,19197.0,,NO.11糖0803,159742.0,9.64,9.64
2007-08-20,SB0803,9.6,9.73,9.56,9.68,11447.0,,NO.11糖0803,162078.0,9.68,9.68
2007-08-21,SB0803,9.7,9.71,9.54,9.59,11275.0,,NO.11糖0803,162330.0,9.59,9.59
2007-08-22,SB0803,9.58,9.84,9.55,9.8,12712.0,,NO.11糖0803,162215.0,9.8,9.8
2007-08-23,SB0803,9.81,9.98,9.8,9.82,11934.0,,NO.11糖0803,162376.0,9.82,9.82
2007-08-24,SB0803,9.8,9.92,9.66,9.69,13098.0,,NO.11糖0803,163647.0,9.69,9.69
2007-08-27,SB0803,9.72,9.75,9.67,9.75,6256.0,,NO.11糖0803,165088.0,9.75,9.75
2007-08-28,SB0803,9.75,9.79,9.7,9.73,6268.0,,NO.11糖0803,166868.0,9.73,9.73
2007-08-29,SB0803,9.73,9.73,9.58,9.68,12607.0,,NO.11糖0803,170003.0,9.68,9.68
2007-08-30,SB0803,9.67,9.81,9.65,9.8,15456.0,,NO.11糖0803,173526.0,9.8,9.8
2007-08-31,SB0803,9.75,9.82,9.72,9.78,22805.0,,NO.11糖0803,178960.0,9.78,9.78
2007-09-04,SB0803,9.77,9.83,9.65,9.78,25159.0,,NO.11糖0803,186263.0,9.78,9.78
2007-09-05,SB0803,9.75,9.77,9.55,9.73,35539.0,,NO.11糖0803,193677.0,9.73,9.73
2007-09-06,SB0803,9.74,9.84,9.59,9.74,38312.0,,NO.11糖0803,196028.0,9.74,9.74
2007-09-07,SB0803,9.74,9.81,9.55,9.76,51516.0,,NO.11糖0803,205152.0,9.76,9.76
2007-09-10,SB0803,9.74,9.87,9.64,9.69,74120.0,,NO.11糖0803,220641.0,9.69,9.69
2007-09-11,SB0803,9.71,9.82,9.56,9.66,70161.0,,NO.11糖0803,247419.0,9.66,9.66
2007-09-12,SB0803,9.64,9.75,9.58,9.63,50423.0,,NO.11糖0803,266227.0,9.63,9.63
2007-09-13,SB0803,9.67,9.73,9.48,9.54,83121.0,,NO.11糖0803,277224.0,9.54,9.54
2007-09-14,SB0803,9.53,9.71,9.46,9.69,61462.0,,NO.11糖0803,303414.0,9.69,9.69
2007-09-17,SB0803,9.71,9.75,9.59,9.62,40323.0,,NO.11糖0803,312793.0,9.62,9.62
2007-09-18,SB0803,9.62,9.67,9.56,9.61,26763.0,,NO.11糖0803,317223.0,9.61,9.61
2007-09-19,SB0803,9.64,10.01,9.64,9.99,83133.0,,NO.11糖0803,335902.0,9.99,9.99
2007-09-20,SB0803,10.01,10.24,9.99,10.14,85262.0,,NO.11糖0803,350389.0,10.14,10.14
2007-09-21,SB0803,10.14,10.2,10.02,10.08,41587.0,,NO.11糖0803,356229.0,10.08,10.08
2007-09-24,SB0803,10.08,10.21,10.05,10.14,35743.0,,NO.11糖0803,363420.0,10.14,10.14
2007-09-25,SB0803,10.12,10.22,10.06,10.1,39298.0,,NO.11糖0803,372619.0,10.1,10.1
2007-09-26,SB0803,10.07,10.16,9.99,10.02,40441.0,,NO.11糖0803,377235.0,10.02,10.02
2007-09-27,SB0803,10.03,10.31,9.91,10.1,95668.0,,NO.11糖0803,398258.0,10.1,10.1
2007-09-28,SB0803,10.13,10.17,9.98,10.15,40050.0,,NO.11糖0803,394290.0,10.15,10.15
2007-10-01,SB0803,10.14,10.14,9.86,9.93,59725.0,,NO.11糖0803,390062.0,9.93,9.93
2007-10-02,SB0803,9.92,10.09,9.79,10.02,32872.0,,NO.11糖0803,384646.0,10.02,10.02
2007-10-03,SB0803,10.1,10.18,9.81,9.84,45363.0,,NO.11糖0803,386938.0,9.84,9.84
2007-10-04,SB0803,9.81,9.94,9.77,9.79,37055.0,,NO.11糖0803,387245.0,9.79,9.79
2007-10-05,SB0803,9.84,9.92,9.76,9.79,28210.0,,NO.11糖0803,389145.0,9.79,9.79
2007-10-08,SB0803,9.77,9.84,9.59,9.75,56236.0,,NO.11糖0803,388307.0,9.75,9.75
2007-10-09,SB0803,9.77,9.96,9.68,9.91,37906.0,,NO.11糖0803,386280.0,9.91,9.91
2007-10-10,SB0803,9.93,9.98,9.73,9.74,42602.0,,NO.11糖0803,397094.0,9.74,9.74
2007-10-11,SB0803,9.74,9.89,9.72,9.81,46115.0,,NO.11糖0803,411905.0,9.81,9.81
2007-10-12,SB0803,9.8,9.92,9.73,9.8,46297.0,,NO.11糖0803,427354.0,9.8,9.8
2007-10-15,SB0803,9.8,10.0,9.77,9.95,30442.0,,NO.11糖0803,432670.0,9.95,9.95
2007-10-16,SB0803,9.95,10.18,9.95,10.15,45881.0,,NO.11糖0803,435004.0,10.15,10.15
2007-10-17,SB0803,10.12,10.23,10.03,10.13,50664.0,,NO.11糖0803,440888.0,10.13,10.13
2007-10-18,SB0803,10.07,10.16,10.0,10.09,34716.0,,NO.11糖0803,446577.0,10.09,10.09
2007-10-19,SB0803,10.08,10.25,10.08,10.21,42359.0,,NO.11糖0803,448755.0,10.21,10.21
2007-10-22,SB0803,10.22,10.25,10.09,10.17,31119.0,,NO.11糖0803,444703.0,10.17,10.17
2007-10-23,SB0803,10.19,10.33,10.13,10.17,67961.0,,NO.11糖0803,449688.0,10.17,10.17
2007-10-24,SB0803,10.17,10.26,10.13,10.14,35213.0,,NO.11糖0803,447700.0,10.14,10.14
2007-10-25,SB0803,10.16,10.3,10.16,10.22,34609.0,,NO.11糖0803,442971.0,10.22,10.22
2007-10-26,SB0803,10.3,10.5,10.08,10.15,99204.0,,NO.11糖0803,457839.0,10.15,10.15
2007-10-29,SB0803,10.15,10.23,10.06,10.07,55336.0,,NO.11糖0803,459942.0,10.07,10.07
2007-10-30,SB0803,10.09,10.11,9.99,10.07,37016.0,,NO.11糖0803,456255.0,10.07,10.07
2007-10-31,SB0803,10.0,10.05,9.93,9.98,64556.0,,NO.11糖0803,437980.0,9.98,9.98
2007-11-01,SB0803,10.0,10.22,9.83,9.91,100561.0,,NO.11糖0803,437141.0,9.91,9.91
2007-11-02,SB0803,9.87,9.97,9.83,9.94,46839.0,,NO.11糖0803,434931.0,9.94,9.94
2007-11-05,SB0803,9.92,9.97,9.88,9.9,37764.0,,NO.11糖0803,439975.0,9.9,9.9
2007-11-06,SB0803,9.9,10.11,9.89,10.05,55634.0,,NO.11糖0803,438485.0,10.05,10.05
2007-11-07,SB0803,10.11,10.19,10.07,10.15,38243.0,,NO.11糖0803,435624.0,10.15,10.15
2007-11-08,SB0803,10.1,10.2,10.07,10.15,32739.0,,NO.11糖0803,436786.0,10.15,10.15
2007-11-09,SB0803,10.12,10.17,10.0,10.03,42042.0,,NO.11糖0803,431561.0,10.03,10.03
2007-11-12,SB0803,10.01,10.03,9.93,9.96,34216.0,,NO.11糖0803,424730.0,9.96,9.96
2007-11-13,SB0803,9.95,10.02,9.85,9.9,55875.0,,NO.11糖0803,418532.0,9.9,9.9
2007-11-14,SB0803,9.92,9.99,9.86,9.94,39437.0,,NO.11糖0803,417270.0,9.94,9.94
2007-11-15,SB0803,9.96,9.96,9.87,9.9,31847.0,,NO.11糖0803,418026.0,9.9,9.9
2007-11-16,SB0803,9.88,9.95,9.81,9.84,44215.0,,NO.11糖0803,420942.0,9.84,9.84
2007-11-19,SB0803,9.84,9.87,9.76,9.8,37349.0,,NO.11糖0803,423583.0,9.8,9.8
2007-11-20,SB0803,9.83,9.84,9.73,9.75,36683.0,,NO.11糖0803,425691.0,9.75,9.75
2007-11-21,SB0803,9.81,9.82,9.74,9.78,19141.0,,NO.11糖0803,425988.0,9.78,9.78
2007-11-26,SB0803,9.79,9.86,9.72,9.74,28930.0,,NO.11糖0803,424909.0,9.74,9.74
2007-11-27,SB0803,9.74,9.9,9.63,9.7,67263.0,,NO.11糖0803,422929.0,9.7,9.7
2007-11-28,SB0803,9.85,9.97,9.8,9.94,62961.0,,NO.11糖0803,423311.0,9.94,9.94
2007-11-29,SB0803,9.87,9.95,9.75,9.79,44150.0,,NO.11糖0803,426943.0,9.79,9.79
2007-11-30,SB0803,9.77,9.82,9.73,9.75,29135.0,,NO.11糖0803,428564.0,9.75,9.75
2007-12-03,SB0803,9.73,9.79,9.66,9.71,41366.0,,NO.11糖0803,431725.0,9.71,9.71
2007-12-04,SB0803,9.72,9.78,9.71,9.74,21406.0,,NO.11糖0803,432855.0,9.74,9.74
2007-12-05,SB0803,9.76,9.9,9.73,9.85,43568.0,,NO.11糖0803,436640.0,9.85,9.85
2007-12-06,SB0803,9.85,9.93,9.83,9.88,29693.0,,NO.11糖0803,440934.0,9.88,9.88
2007-12-07,SB0803,9.9,9.95,9.82,9.9,31099.0,,NO.11糖0803,445697.0,9.9,9.9
2007-12-10,SB0803,9.93,10.15,9.89,10.12,74329.0,,NO.11糖0803,444464.0,10.12,10.12
2007-12-11,SB0803,10.14,10.35,10.12,10.3,97119.0,,NO.11糖0803,440324.0,10.3,10.3
2007-12-12,SB0803,10.3,10.39,10.25,10.3,45432.0,,NO.11糖0803,443404.0,10.3,10.3
2007-12-13,SB0803,10.33,10.35,10.28,10.31,20858.0,,NO.11糖0803,441955.0,10.31,10.31
2007-12-14,SB0803,10.31,10.64,10.26,10.48,68605.0,,NO.11糖0803,448954.0,10.48,10.48
2007-12-17,SB0803,10.57,10.79,10.55,10.76,66299.0,,NO.11糖0803,453482.0,10.76,10.76
2007-12-18,SB0803,10.76,10.78,10.59,10.64,41611.0,,NO.11糖0803,447125.0,10.64,10.64
2007-12-19,SB0803,10.57,10.8,10.56,10.74,37363.0,,NO.11糖0803,448748.0,10.74,10.74
2007-12-20,SB0803,10.78,11.14,10.75,11.07,85237.0,,NO.11糖0803,447888.0,11.07,11.07
2007-12-21,SB0803,11.02,11.12,10.94,11.05,28675.0,,NO.11糖0803,446099.0,11.05,11.05
2007-12-26,SB0803,11.07,11.19,10.89,10.9,43980.0,,NO.11糖0803,452735.0,10.9,10.9
2007-12-27,SB0803,10.9,11.04,10.88,10.97,30614.0,,NO.11糖0803,458366.0,10.97,10.97
2007-12-28,SB0803,10.98,11.13,10.91,10.94,48003.0,,NO.11糖0803,462625.0,10.94,10.94
2007-12-31,SB0803,10.93,11.02,10.79,10.82,47986.0,,NO.11糖0803,473584.0,10.82,10.82
2008-01-02,SB0803,10.89,11.0,10.62,10.73,108171.0,,NO.11糖0803,499936.0,10.73,10.73
2008-01-03,SB0803,10.73,11.28,10.73,11.14,64217.0,,NO.11糖0803,502095.0,11.14,11.14
2008-01-04,SB0803,11.26,11.44,11.1,11.32,70470.0,,NO.11糖0803,491824.0,11.32,11.32
2008-01-07,SB0803,11.32,11.47,11.29,11.37,48435.0,,NO.11糖0803,491040.0,11.37,11.37
2008-01-08,SB0803,11.37,11.78,11.3,11.37,112324.0,,NO.11糖0803,501187.0,11.37,11.37
2008-01-09,SB0803,11.37,11.52,11.33,11.45,80287.0,,NO.11糖0803,512411.0,11.45,11.45
2008-01-10,SB0803,11.46,11.6,11.27,11.39,97416.0,,NO.11糖0803,522063.0,11.39,11.39
2008-01-11,SB0803,11.46,11.72,11.29,11.32,107859.0,,NO.11糖0803,530617.0,11.32,11.32
2008-01-14,SB0803,11.35,11.54,11.32,11.47,51996.0,,NO.11糖0803,535454.0,11.47,11.47
2008-01-15,SB0803,11.5,11.56,11.36,11.47,44807.0,,NO.11糖0803,532707.0,11.47,11.47
2008-01-16,SB0803,11.47,11.94,11.3,11.77,129485.0,,NO.11糖0803,525906.0,11.77,11.77
2008-01-17,SB0803,11.75,13.09,11.74,12.45,173837.0,,NO.11糖0803,524780.0,12.45,12.45
2008-01-18,SB0803,13.0,13.03,11.8,11.99,232949.0,,NO.11糖0803,514932.0,11.99,11.99
2008-01-22,SB0803,11.88,11.9,11.17,11.55,178674.0,,NO.11糖0803,492324.0,11.55,11.55
2008-01-23,SB0803,11.49,11.65,11.28,11.43,68050.0,,NO.11糖0803,466703.0,11.43,11.43
2008-01-24,SB0803,11.37,11.56,11.31,11.47,54214.0,,NO.11糖0803,454296.0,11.47,11.47
2008-01-25,SB0803,11.41,12.1,11.41,11.94,71500.0,,NO.11糖0803,445449.0,11.94,11.94
2008-01-28,SB0803,11.87,12.44,11.87,12.24,54084.0,,NO.11糖0803,436607.0,12.24,12.24
2008-01-29,SB0803,12.33,12.73,12.09,12.2,72709.0,,NO.11糖0803,425704.0,12.2,12.2
2008-01-30,SB0803,12.2,12.57,12.17,12.42,66147.0,,NO.11糖0803,414590.0,12.42,12.42
2008-01-31,SB0803,12.46,12.53,12.21,12.36,66398.0,,NO.11糖0803,402714.0,12.36,12.36
2008-02-01,SB0803,12.4,12.53,12.3,12.35,47763.0,,NO.11糖0803,391930.0,12.35,12.35
2008-02-04,SB0803,12.35,12.47,12.01,12.17,59872.0,,NO.11糖0803,384586.0,12.17,12.17
2008-02-05,SB0803,12.15,12.17,11.82,11.86,65360.0,,NO.11糖0803,377338.0,11.86,11.86
2008-02-06,SB0803,11.88,12.27,11.74,12.11,72036.0,,NO.11糖0803,367619.0,12.11,12.11
2008-02-07,SB0803,12.11,12.17,11.97,11.98,75264.0,,NO.11糖0803,343698.0,11.98,11.98
2008-02-08,SB0803,12.07,12.83,12.04,12.71,126915.0,,NO.11糖0803,277028.0,12.71,12.71
2008-02-11,SB0803,12.71,12.85,12.56,12.66,102693.0,,NO.11糖0803,227948.0,12.66,12.66
2008-02-12,SB0803,12.62,12.65,12.3,12.36,96869.0,,NO.11糖0803,196222.0,12.36,12.36
2008-02-13,SB0803,12.39,12.84,12.33,12.75,93339.0,,NO.11糖0803,159847.0,12.75,12.75
2008-02-14,SB0803,12.8,13.33,12.67,13.1,66919.0,,NO.11糖0803,135326.0,13.1,13.1
2008-02-15,SB0803,13.1,13.73,13.0,13.26,38420.0,,NO.11糖0803,118846.0,13.26,13.26
2008-02-19,SB0803,13.33,13.75,13.3,13.62,48107.0,,NO.11糖0803,99411.0,13.62,13.62
2008-02-20,SB0803,13.62,13.82,13.47,13.64,37127.0,,NO.11糖0803,87842.0,13.64,13.64
2008-02-21,SB0803,13.73,14.13,13.72,14.0,31860.0,,NO.11糖0803,75890.0,14.0,14.0
2008-02-22,SB0803,13.91,13.95,13.55,13.78,22179.0,,NO.11糖0803,68524.0,13.78,13.78
2008-02-25,SB0803,13.62,13.9,13.6,13.71,31157.0,,NO.11糖0803,56292.0,13.71,13.71
2008-02-26,SB0803,13.95,14.2,13.72,14.05,23161.0,,NO.11糖0803,47454.0,14.05,14.05
2008-02-27,SB0803,14.05,14.51,13.87,14.11,26046.0,,NO.11糖0803,30232.0,14.11,14.11
2008-02-28,SB0803,14.02,14.18,13.84,14.08,17934.0,,NO.11糖0803,17822.0,14.08,14.08
2008-02-29,SB0803,14.15,14.42,14.1,14.27,10697.0,,NO.11糖0803,,14.27,14.27
