date,symbol,open,high,low,close,volume,amount,name,openinterest,settleprice,price
2006-06-06,SB0805,15.55,15.55,15.3,15.36,45.0,,NO.11糖0805,20.0,15.36,15.36
2006-06-07,SB0805,15.05,15.37,15.0,15.37,60.0,,NO.11糖0805,80.0,15.37,15.37
2006-06-08,SB0805,15.15,15.28,15.15,15.28,40.0,,NO.11糖0805,120.0,15.28,15.28
2006-06-09,SB0805,15.25,15.26,15.15,15.26,52.0,,NO.11糖0805,172.0,15.26,15.26
2006-06-12,SB0805,15.25,15.25,15.13,15.13,30.0,,NO.11糖0805,172.0,15.13,15.13
2006-06-13,SB0805,14.95,14.97,14.85,14.97,159.0,,NO.11糖0805,229.0,14.97,14.97
2006-06-14,SB0805,14.92,14.95,14.91,14.91,86.0,,NO.11糖0805,275.0,14.91,14.91
2006-06-15,SB0805,15.1,15.12,15.08,15.12,198.0,,NO.11糖0805,354.0,15.12,15.12
2006-06-16,SB0805,15.0,15.06,15.0,15.06,144.0,,NO.11糖0805,456.0,15.06,15.06
2006-06-19,SB0805,14.9,14.95,14.76,14.76,7.0,,NO.11糖0805,463.0,14.76,14.76
2006-06-20,SB0805,14.78,14.88,14.75,14.88,21.0,,NO.11糖0805,484.0,14.88,14.88
2006-06-21,SB0805,15.0,15.5,15.0,15.45,165.0,,NO.11糖0805,557.0,15.45,15.45
2006-06-22,SB0805,15.4,15.58,15.4,15.58,91.0,,NO.11糖0805,640.0,15.58,15.58
2006-06-23,SB0805,15.5,15.5,15.49,15.49,90.0,,NO.11糖0805,720.0,15.49,15.49
2006-06-26,SB0805,15.5,15.65,15.5,15.65,66.0,,NO.11糖0805,772.0,15.65,15.65
2006-06-27,SB0805,15.6,15.7,15.54,15.54,430.0,,NO.11糖0805,972.0,15.54,15.54
2006-06-28,SB0805,15.5,15.7,15.5,15.7,153.0,,NO.11糖0805,1090.0,15.7,15.7
2006-06-29,SB0805,15.7,15.7,15.67,15.67,1.0,,NO.11糖0805,1090.0,15.67,15.67
2006-06-30,SB0805,15.65,15.85,15.65,15.85,118.0,,NO.11糖0805,1156.0,15.85,15.85
2006-07-03,SB0805,16.1,16.13,16.08,16.09,29.0,,NO.11糖0805,1131.0,16.09,16.09
2006-07-05,SB0805,16.29,16.3,16.25,16.3,35.0,,NO.11糖0805,1156.0,16.3,16.3
2006-07-06,SB0805,16.4,16.4,16.3,16.35,166.0,,NO.11糖0805,1316.0,16.35,16.35
2006-07-07,SB0805,16.2,16.25,16.17,16.17,2.0,,NO.11糖0805,1315.0,16.17,16.17
2006-07-10,SB0805,,,,16.02,50.0,,NO.11糖0805,1365.0,16.02,16.02
2006-07-11,SB0805,16.1,16.2,16.03,16.03,84.0,,NO.11糖0805,1416.0,16.03,16.03
2006-07-12,SB0805,16.05,16.05,15.91,15.91,2.0,,NO.11糖0805,1416.0,15.91,15.91
2006-07-13,SB0805,16.05,16.05,16.05,16.05,51.0,,NO.11糖0805,1466.0,16.05,16.05
2006-07-14,SB0805,16.0,16.03,15.75,15.75,827.0,,NO.11糖0805,1805.0,15.75,15.75
2006-07-17,SB0805,15.6,15.64,15.6,15.64,960.0,,NO.11糖0805,2439.0,15.64,15.64
2006-07-18,SB0805,15.55,15.64,15.55,15.64,149.0,,NO.11糖0805,2484.0,15.64,15.64
2006-07-19,SB0805,15.55,15.55,15.35,15.37,13.0,,NO.11糖0805,2906.0,15.37,15.37
2006-07-20,SB0805,15.35,15.35,15.3,15.32,796.0,,NO.11糖0805,3231.0,15.32,15.32
2006-07-21,SB0805,15.0,15.4,15.0,15.32,1286.0,,NO.11糖0805,3014.0,15.32,15.32
2006-07-24,SB0805,15.31,15.42,15.31,15.42,42.0,,NO.11糖0805,3026.0,15.42,15.42
2006-07-25,SB0805,15.5,15.5,15.22,15.22,28.0,,NO.11糖0805,3045.0,15.22,15.22
2006-07-26,SB0805,15.15,15.2,15.13,15.13,281.0,,NO.11糖0805,3209.0,15.13,15.13
2006-07-27,SB0805,15.05,15.1,14.9,14.93,292.0,,NO.11糖0805,3217.0,14.93,14.93
2006-07-28,SB0805,14.98,15.0,14.97,14.97,37.0,,NO.11糖0805,3223.0,14.97,14.97
2006-07-31,SB0805,,,,15.19,20.0,,NO.11糖0805,3236.0,15.19,15.19
2006-08-01,SB0805,15.2,15.23,15.2,15.23,257.0,,NO.11糖0805,3357.0,15.23,15.23
2006-08-02,SB0805,15.25,15.25,14.8,14.85,307.0,,NO.11糖0805,3585.0,14.85,14.85
2006-08-03,SB0805,14.8,14.8,14.62,14.73,1207.0,,NO.11糖0805,3876.0,14.73,14.73
2006-08-04,SB0805,14.78,14.9,14.75,14.83,524.0,,NO.11糖0805,4241.0,14.83,14.83
2006-08-07,SB0805,14.84,14.84,14.79,14.79,302.0,,NO.11糖0805,4391.0,14.79,14.79
2006-08-08,SB0805,14.49,14.54,14.49,14.54,1355.0,,NO.11糖0805,5139.0,14.54,14.54
2006-08-09,SB0805,14.6,14.72,14.57,14.72,909.0,,NO.11糖0805,5676.0,14.72,14.72
2006-08-10,SB0805,,,,14.67,1118.0,,NO.11糖0805,6224.0,14.67,14.67
2006-08-11,SB0805,14.5,14.5,14.29,14.29,1996.0,,NO.11糖0805,7105.0,14.29,14.29
2006-08-14,SB0805,13.89,13.89,13.64,13.64,535.0,,NO.11糖0805,7434.0,13.64,13.64
2006-08-15,SB0805,13.74,13.8,13.74,13.8,50.0,,NO.11糖0805,7445.0,13.8,13.8
2006-08-16,SB0805,13.8,13.8,13.58,13.58,522.0,,NO.11糖0805,7635.0,13.58,13.58
2006-08-17,SB0805,13.35,13.35,13.18,13.18,440.0,,NO.11糖0805,7877.0,13.18,13.18
2006-08-18,SB0805,13.2,13.35,13.2,13.22,357.0,,NO.11糖0805,7814.0,13.22,13.22
2006-08-21,SB0805,,,,13.24,247.0,,NO.11糖0805,7879.0,13.24,13.24
2006-08-22,SB0805,13.16,13.17,13.16,13.17,122.0,,NO.11糖0805,7909.0,13.17,13.17
2006-08-23,SB0805,13.25,13.55,13.25,13.47,469.0,,NO.11糖0805,8146.0,13.47,13.47
2006-08-24,SB0805,13.7,13.7,13.42,13.42,11.0,,NO.11糖0805,8046.0,13.42,13.42
2006-08-25,SB0805,13.56,13.56,13.4,13.41,31.0,,NO.11糖0805,8061.0,13.41,13.41
2006-08-28,SB0805,13.35,13.37,13.34,13.34,162.0,,NO.11糖0805,8139.0,13.34,13.34
2006-08-29,SB0805,13.05,13.22,12.95,13.17,287.0,,NO.11糖0805,8247.0,13.17,13.17
2006-08-30,SB0805,13.02,13.1,12.9,12.99,419.0,,NO.11糖0805,8346.0,12.99,12.99
2006-08-31,SB0805,13.03,13.27,13.0,13.27,369.0,,NO.11糖0805,8655.0,13.27,13.27
2006-09-01,SB0805,13.0,13.0,12.77,12.77,249.0,,NO.11糖0805,8703.0,12.77,12.77
2006-09-05,SB0805,12.75,12.8,12.75,12.78,120.0,,NO.11糖0805,8693.0,12.78,12.78
2006-09-06,SB0805,12.86,12.96,12.86,12.87,1331.0,,NO.11糖0805,9647.0,12.87,12.87
2006-09-07,SB0805,12.82,13.0,12.82,12.94,564.0,,NO.11糖0805,9898.0,12.94,12.94
2006-09-08,SB0805,13.08,13.09,13.08,13.09,145.0,,NO.11糖0805,9948.0,13.09,13.09
2006-09-11,SB0805,12.92,12.92,12.84,12.84,134.0,,NO.11糖0805,9970.0,12.84,12.84
2006-09-12,SB0805,13.05,13.05,12.98,13.02,522.0,,NO.11糖0805,10007.0,13.02,13.02
2006-09-13,SB0805,13.4,13.7,13.4,13.6,106.0,,NO.11糖0805,10078.0,13.6,13.6
2006-09-14,SB0805,13.5,13.53,13.33,13.33,137.0,,NO.11糖0805,10050.0,13.33,13.33
2006-09-15,SB0805,13.38,13.53,13.3,13.53,32.0,,NO.11糖0805,10050.0,13.53,13.53
2006-09-18,SB0805,13.42,13.43,13.42,13.43,163.0,,NO.11糖0805,10131.0,13.43,13.43
2006-09-19,SB0805,13.28,13.28,13.14,13.14,211.0,,NO.11糖0805,9978.0,13.14,13.14
2006-09-20,SB0805,13.02,13.04,13.01,13.01,100.0,,NO.11糖0805,10010.0,13.01,13.01
2006-09-21,SB0805,12.87,12.97,12.6,12.61,793.0,,NO.11糖0805,10237.0,12.61,12.61
2006-09-22,SB0805,12.22,12.22,11.7,11.7,350.0,,NO.11糖0805,10188.0,11.7,11.7
2006-09-25,SB0805,11.3,11.35,11.0,11.06,73.0,,NO.11糖0805,10217.0,11.06,11.06
2006-09-26,SB0805,11.21,11.35,11.2,11.28,1391.0,,NO.11糖0805,10194.0,11.28,11.28
2006-09-27,SB0805,11.73,11.73,11.38,11.38,444.0,,NO.11糖0805,10247.0,11.38,11.38
2006-09-28,SB0805,11.53,11.85,11.35,11.79,573.0,,NO.11糖0805,10483.0,11.79,11.79
2006-09-29,SB0805,11.92,12.2,11.78,12.1,600.0,,NO.11糖0805,10455.0,12.1,12.1
2006-10-02,SB0805,12.05,12.05,11.92,11.92,106.0,,NO.11糖0805,10442.0,11.92,11.92
2006-10-03,SB0805,11.78,11.78,11.7,11.7,2971.0,,NO.11糖0805,10634.0,11.7,11.7
2006-10-04,SB0805,11.63,11.95,11.55,11.91,679.0,,NO.11糖0805,10853.0,11.91,11.91
2006-10-05,SB0805,11.95,11.95,11.9,11.95,351.0,,NO.11糖0805,10833.0,11.95,11.95
2006-10-06,SB0805,11.8,11.99,11.8,11.99,218.0,,NO.11糖0805,10928.0,11.99,11.99
2006-10-09,SB0805,12.0,12.29,12.0,12.27,1218.0,,NO.11糖0805,11604.0,12.27,12.27
2006-10-10,SB0805,12.3,12.4,12.29,12.29,204.0,,NO.11糖0805,11533.0,12.29,12.29
2006-10-11,SB0805,11.98,11.99,11.9,11.96,272.0,,NO.11糖0805,11445.0,11.96,11.96
2006-10-12,SB0805,11.97,11.98,11.97,11.98,10.0,,NO.11糖0805,11445.0,11.98,11.98
2006-10-13,SB0805,12.03,12.03,12.01,12.01,175.0,,NO.11糖0805,11445.0,12.01,12.01
2006-10-16,SB0805,12.18,12.35,12.04,12.28,854.0,,NO.11糖0805,11930.0,12.28,12.28
2006-10-17,SB0805,12.5,12.82,12.5,12.75,469.0,,NO.11糖0805,12040.0,12.75,12.75
2006-10-18,SB0805,12.15,12.2,12.1,12.15,799.0,,NO.11糖0805,11753.0,12.15,12.15
2006-10-19,SB0805,12.26,12.3,12.15,12.17,42.0,,NO.11糖0805,11777.0,12.17,12.17
2006-10-20,SB0805,12.15,12.4,12.15,12.36,52.0,,NO.11糖0805,11803.0,12.36,12.36
2006-10-23,SB0805,12.25,12.46,12.25,12.46,61.0,,NO.11糖0805,11846.0,12.46,12.46
2006-10-24,SB0805,,,,12.37,300.0,,NO.11糖0805,11838.0,12.37,12.37
2006-10-25,SB0805,12.46,12.52,12.46,12.52,84.0,,NO.11糖0805,11902.0,12.52,12.52
2006-10-26,SB0805,12.53,12.57,12.35,12.43,831.0,,NO.11糖0805,12104.0,12.43,12.43
2006-10-27,SB0805,12.33,12.48,12.33,12.36,594.0,,NO.11糖0805,11990.0,12.36,12.36
2006-10-30,SB0805,12.2,12.25,12.14,12.14,48.0,,NO.11糖0805,12013.0,12.14,12.14
2006-10-31,SB0805,12.05,12.23,12.05,12.23,55.0,,NO.11糖0805,12011.0,12.23,12.23
2006-11-01,SB0805,12.25,12.35,12.25,12.26,220.0,,NO.11糖0805,12051.0,12.26,12.26
2006-11-02,SB0805,12.23,12.3,12.22,12.26,63.0,,NO.11糖0805,12089.0,12.26,12.26
2006-11-03,SB0805,12.27,12.31,12.14,12.14,247.0,,NO.11糖0805,12213.0,12.14,12.14
2006-11-06,SB0805,12.26,12.51,12.26,12.51,206.0,,NO.11糖0805,12233.0,12.51,12.51
2006-11-07,SB0805,12.36,12.4,12.36,12.39,50.0,,NO.11糖0805,12256.0,12.39,12.39
2006-11-08,SB0805,12.54,12.65,12.5,12.6,203.0,,NO.11糖0805,12286.0,12.6,12.6
2006-11-09,SB0805,12.57,12.75,12.56,12.71,468.0,,NO.11糖0805,12327.0,12.71,12.71
2006-11-10,SB0805,12.73,12.73,12.37,12.37,717.0,,NO.11糖0805,12497.0,12.37,12.37
2006-11-13,SB0805,12.4,12.45,12.3,12.33,315.0,,NO.11糖0805,12580.0,12.33,12.33
2006-11-14,SB0805,12.31,12.4,12.31,12.31,186.0,,NO.11糖0805,12689.0,12.31,12.31
2006-11-15,SB0805,12.38,12.41,12.36,12.4,65.0,,NO.11糖0805,12689.0,12.4,12.4
2006-11-16,SB0805,12.3,12.35,12.27,12.29,545.0,,NO.11糖0805,12881.0,12.29,12.29
2006-11-17,SB0805,12.1,12.12,12.08,12.09,585.0,,NO.11糖0805,13346.0,12.09,12.09
2006-11-20,SB0805,12.19,12.36,12.18,12.22,375.0,,NO.11糖0805,13470.0,12.22,12.22
2006-11-21,SB0805,12.15,12.19,12.1,12.19,520.0,,NO.11糖0805,13580.0,12.19,12.19
2006-11-22,SB0805,12.17,12.18,12.13,12.15,200.0,,NO.11糖0805,13580.0,12.15,12.15
2006-11-27,SB0805,12.18,12.3,12.18,12.3,356.0,,NO.11糖0805,13619.0,12.3,12.3
2006-11-28,SB0805,12.29,12.35,12.28,12.34,421.0,,NO.11糖0805,13670.0,12.34,12.34
2006-11-29,SB0805,12.3,12.35,12.25,12.33,279.0,,NO.11糖0805,13810.0,12.33,12.33
2006-11-30,SB0805,12.32,12.38,12.32,12.38,1648.0,,NO.11糖0805,14545.0,12.38,12.38
2006-12-01,SB0805,12.38,12.38,12.3,12.38,538.0,,NO.11糖0805,14391.0,12.38,12.38
2006-12-04,SB0805,12.3,12.33,12.25,12.25,758.0,,NO.11糖0805,14692.0,12.25,12.25
2006-12-05,SB0805,12.3,12.32,12.24,12.24,420.0,,NO.11糖0805,14784.0,12.24,12.24
2006-12-06,SB0805,12.12,12.14,12.1,12.14,600.0,,NO.11糖0805,14726.0,12.14,12.14
2006-12-07,SB0805,12.14,12.14,11.87,11.91,615.0,,NO.11糖0805,14921.0,11.91,11.91
2006-12-08,SB0805,11.92,12.0,11.92,11.95,524.0,,NO.11糖0805,15189.0,11.95,11.95
2006-12-11,SB0805,11.81,11.94,11.78,11.94,624.0,,NO.11糖0805,15426.0,11.94,11.94
2006-12-12,SB0805,11.99,11.99,11.73,11.73,547.0,,NO.11糖0805,15701.0,11.73,11.73
2006-12-13,SB0805,11.72,11.75,11.65,11.65,921.0,,NO.11糖0805,16215.0,11.65,11.65
2006-12-14,SB0805,11.6,11.65,11.52,11.52,934.0,,NO.11糖0805,16226.0,11.52,11.52
2006-12-15,SB0805,11.6,11.6,11.51,11.56,839.0,,NO.11糖0805,16565.0,11.56,11.56
2006-12-18,SB0805,11.65,12.05,11.65,12.05,379.0,,NO.11糖0805,16753.0,12.05,12.05
2006-12-19,SB0805,11.95,11.98,11.93,11.98,478.0,,NO.11糖0805,16890.0,11.98,11.98
2006-12-20,SB0805,11.98,12.0,11.96,12.0,752.0,,NO.11糖0805,16995.0,12.0,12.0
2006-12-21,SB0805,11.99,11.99,11.88,11.97,250.0,,NO.11糖0805,17061.0,11.97,11.97
2006-12-22,SB0805,11.92,11.99,11.92,11.98,153.0,,NO.11糖0805,17166.0,11.98,11.98
2006-12-26,SB0805,11.88,11.92,11.88,11.89,13.0,,NO.11糖0805,17171.0,11.89,11.89
2006-12-27,SB0805,11.89,11.95,11.88,11.88,297.0,,NO.11糖0805,17269.0,11.88,11.88
2006-12-28,SB0805,11.95,11.98,11.95,11.95,364.0,,NO.11糖0805,17449.0,11.95,11.95
2006-12-29,SB0805,11.98,12.0,11.98,12.0,1280.0,,NO.11糖0805,17696.0,12.0,12.0
2007-01-03,SB0805,11.73,11.82,11.73,11.8,1030.0,,NO.11糖0805,18140.0,11.8,11.8
2007-01-04,SB0805,11.7,11.72,11.7,11.7,1028.0,,NO.11糖0805,18548.0,11.7,11.7
2007-01-05,SB0805,11.7,11.73,11.52,11.53,362.0,,NO.11糖0805,18376.0,11.53,11.53
2007-01-08,SB0805,11.67,11.67,11.5,11.58,1047.0,,NO.11糖0805,19109.0,11.58,11.58
2007-01-09,SB0805,11.45,11.61,11.4,11.61,1495.0,,NO.11糖0805,19818.0,11.61,11.61
2007-01-10,SB0805,11.53,11.62,11.42,11.62,557.0,,NO.11糖0805,20030.0,11.62,11.62
2007-01-11,SB0805,11.52,11.6,11.51,11.52,719.0,,NO.11糖0805,20319.0,11.52,11.52
2007-01-12,SB0805,11.45,11.52,11.43,11.52,428.0,,NO.11糖0805,20431.0,11.52,11.52
2007-01-16,SB0805,11.58,11.58,11.35,11.55,563.0,,NO.11糖0805,20664.0,11.55,11.55
2007-01-17,SB0805,11.4,11.46,11.26,11.3,435.0,,NO.11糖0805,20580.0,11.3,11.3
2007-01-18,SB0805,11.35,11.35,11.21,11.28,752.0,,NO.11糖0805,20645.0,11.28,11.28
2007-01-19,SB0805,11.33,11.36,11.27,11.36,1285.0,,NO.11糖0805,21035.0,11.36,11.36
2007-01-22,SB0805,11.39,11.53,11.36,11.49,326.0,,NO.11糖0805,21077.0,11.49,11.49
2007-01-23,SB0805,11.48,11.54,11.47,11.52,310.0,,NO.11糖0805,21145.0,11.52,11.52
2007-01-24,SB0805,11.51,11.58,11.49,11.49,200.0,,NO.11糖0805,21165.0,11.49,11.49
2007-01-25,SB0805,11.56,11.56,11.43,11.43,157.0,,NO.11糖0805,21169.0,11.43,11.43
2007-01-26,SB0805,11.38,11.46,11.38,11.46,125.0,,NO.11糖0805,21183.0,11.46,11.46
2007-01-29,SB0805,11.45,11.45,11.39,11.41,407.0,,NO.11糖0805,21339.0,11.41,11.41
2007-01-30,SB0805,11.36,11.38,11.32,11.38,618.0,,NO.11糖0805,21551.0,11.38,11.38
2007-01-31,SB0805,11.39,11.39,11.39,11.39,1840.0,,NO.11糖0805,20600.0,11.39,11.39
2007-02-01,SB0805,11.44,11.44,11.36,11.4,1153.0,,NO.11糖0805,20433.0,11.4,11.4
2007-02-02,SB0805,11.37,11.37,11.27,11.27,328.0,,NO.11糖0805,20433.0,11.27,11.27
2007-02-05,SB0805,11.3,11.35,11.3,11.34,674.0,,NO.11糖0805,20428.0,11.34,11.34
2007-02-06,SB0805,11.25,11.3,11.12,11.12,1372.0,,NO.11糖0805,20901.0,11.12,11.12
2007-02-07,SB0805,11.1,11.1,10.96,10.99,2030.0,,NO.11糖0805,21075.0,10.99,10.99
2007-02-08,SB0805,10.95,11.1,10.85,11.1,1424.0,,NO.11糖0805,21307.0,11.1,11.1
2007-02-09,SB0805,11.17,11.17,11.03,11.15,723.0,,NO.11糖0805,21394.0,11.15,11.15
2007-02-12,SB0805,11.15,11.17,11.09,11.09,402.0,,NO.11糖0805,21545.0,11.09,11.09
2007-02-13,SB0805,11.03,11.09,10.91,11.01,842.0,,NO.11糖0805,21678.0,11.01,11.01
2007-02-14,SB0805,11.05,11.1,11.03,11.06,544.0,,NO.11糖0805,21807.0,11.06,11.06
2007-02-15,SB0805,11.1,11.35,11.1,11.35,407.0,,NO.11糖0805,21942.0,11.35,11.35
2007-02-16,SB0805,11.41,11.45,11.31,11.39,469.0,,NO.11糖0805,22097.0,11.39,11.39
2007-02-20,SB0805,11.4,11.4,11.2,11.22,460.0,,NO.11糖0805,22316.0,11.22,11.22
2007-02-21,SB0805,11.2,11.2,11.07,11.08,289.0,,NO.11糖0805,22491.0,11.08,11.08
2007-02-22,SB0805,11.17,11.27,11.15,11.27,243.0,,NO.11糖0805,22526.0,11.27,11.27
2007-02-23,SB0805,11.22,11.34,11.22,11.28,444.0,,NO.11糖0805,22455.0,11.28,11.28
2007-02-26,SB0805,11.32,11.35,11.27,11.35,167.0,,NO.11糖0805,22541.0,11.35,11.35
2007-02-27,SB0805,11.34,11.38,11.3,11.38,495.0,,NO.11糖0805,22419.0,11.38,11.38
2007-02-28,SB0805,11.29,11.36,11.23,11.29,1382.0,,NO.11糖0805,22204.0,11.29,11.29
2007-03-01,SB0805,11.3,11.58,11.27,11.58,667.0,,NO.11糖0805,22130.0,11.58,11.58
2007-03-02,SB0805,11.62,11.88,11.62,11.75,640.0,,NO.11糖0805,22478.0,11.75,11.75
2007-03-05,SB0805,11.38,11.38,11.33,11.33,385.0,,NO.11糖0805,22446.0,11.33,11.33
2007-03-06,SB0805,11.4,11.41,11.32,11.38,123.0,,NO.11糖0805,22436.0,11.38,11.38
2007-03-07,SB0805,11.35,11.4,11.31,11.33,993.0,,NO.11糖0805,22736.0,11.33,11.33
2007-03-08,SB0805,11.4,11.4,11.28,11.29,400.0,,NO.11糖0805,22621.0,11.29,11.29
2007-03-09,SB0805,11.27,11.27,11.17,11.25,178.0,,NO.11糖0805,22717.0,11.25,11.25
2007-03-12,SB0805,11.23,11.23,11.14,11.14,209.0,,NO.11糖0805,22763.0,11.14,11.14
2007-03-13,SB0805,11.2,11.21,11.14,11.2,582.0,,NO.11糖0805,23219.0,11.2,11.2
2007-03-14,SB0805,11.13,11.2,11.1,11.2,1328.0,,NO.11糖0805,23360.0,11.2,11.2
2007-03-15,SB0805,11.15,11.15,11.01,11.07,2796.0,,NO.11糖0805,22654.0,11.07,11.07
2007-03-16,SB0805,11.1,11.1,10.95,11.1,1811.0,,NO.11糖0805,22721.0,11.1,11.1
2007-03-19,SB0805,11.1,11.11,11.01,11.11,1478.0,,NO.11糖0805,22794.0,11.11,11.11
2007-03-20,SB0805,11.11,11.13,11.06,11.12,660.0,,NO.11糖0805,22686.0,11.12,11.12
2007-03-21,SB0805,11.14,11.15,11.1,11.13,863.0,,NO.11糖0805,22709.0,11.13,11.13
2007-03-22,SB0805,11.1,11.21,11.1,11.21,1265.0,,NO.11糖0805,22694.0,11.21,11.21
2007-03-23,SB0805,11.19,11.21,11.15,11.17,564.0,,NO.11糖0805,22636.0,11.17,11.17
2007-03-26,SB0805,11.11,11.11,11.0,11.07,1023.0,,NO.11糖0805,22709.0,11.07,11.07
2007-03-27,SB0805,11.03,11.23,11.01,11.22,1249.0,,NO.11糖0805,22711.0,11.22,11.22
2007-03-28,SB0805,11.21,11.22,11.19,11.21,626.0,,NO.11糖0805,22753.0,11.21,11.21
2007-03-29,SB0805,11.1,11.18,11.0,11.03,609.0,,NO.11糖0805,22620.0,11.03,11.03
2007-03-30,SB0805,11.0,11.1,11.0,11.06,850.0,,NO.11糖0805,22818.0,11.06,11.06
2007-04-02,SB0805,11.02,11.02,10.95,10.96,1289.0,,NO.11糖0805,22495.0,10.96,10.96
2007-04-03,SB0805,10.95,11.04,10.95,10.97,321.0,,NO.11糖0805,22416.0,10.97,10.97
2007-04-04,SB0805,10.94,10.94,10.89,10.91,1737.0,,NO.11糖0805,21766.0,10.91,10.91
2007-04-05,SB0805,10.91,10.95,10.88,10.93,740.0,,NO.11糖0805,22180.0,10.93,10.93
2007-04-09,SB0805,10.95,11.07,10.95,11.07,943.0,,NO.11糖0805,22040.0,11.07,11.07
2007-04-10,SB0805,11.0,11.0,10.86,10.87,266.0,,NO.11糖0805,21967.0,10.87,10.87
2007-04-11,SB0805,10.88,11.0,10.88,10.99,596.0,,NO.11糖0805,22051.0,10.99,10.99
2007-04-12,SB0805,11.0,11.01,10.93,11.01,1292.0,,NO.11糖0805,21533.0,11.01,11.01
2007-04-13,SB0805,10.97,11.0,10.95,10.97,744.0,,NO.11糖0805,21451.0,10.97,10.97
2007-04-16,SB0805,10.96,10.98,10.74,10.74,1185.0,,NO.11糖0805,21840.0,10.74,10.74
2007-04-17,SB0805,10.78,10.84,10.71,10.75,902.0,,NO.11糖0805,21819.0,10.75,10.75
2007-04-18,SB0805,10.79,10.79,10.55,10.55,1091.0,,NO.11糖0805,21947.0,10.55,10.55
2007-04-19,SB0805,10.55,10.7,10.52,10.65,698.0,,NO.11糖0805,22144.0,10.65,10.65
2007-04-20,SB0805,10.65,10.68,10.58,10.58,1118.0,,NO.11糖0805,22512.0,10.58,10.58
2007-04-23,SB0805,10.58,10.58,10.33,10.36,1760.0,,NO.11糖0805,22749.0,10.36,10.36
2007-04-24,SB0805,10.35,10.35,10.16,10.25,2390.0,,NO.11糖0805,23137.0,10.25,10.25
2007-04-25,SB0805,10.25,10.34,10.19,10.28,1960.0,,NO.11糖0805,23552.0,10.28,10.28
2007-04-26,SB0805,10.27,10.33,10.25,10.33,2315.0,,NO.11糖0805,24318.0,10.33,10.33
2007-04-27,SB0805,10.31,10.31,10.19,10.27,882.0,,NO.11糖0805,24405.0,10.27,10.27
2007-04-30,SB0805,10.23,10.29,10.13,10.21,1136.0,,NO.11糖0805,24307.0,10.21,10.21
2007-05-01,SB0805,10.13,10.24,10.01,10.19,1595.0,,NO.11糖0805,24217.0,10.19,10.19
2007-05-02,SB0805,10.19,10.21,10.11,10.16,968.0,,NO.11糖0805,24180.0,10.16,10.16
2007-05-03,SB0805,10.2,10.23,10.17,10.22,649.0,,NO.11糖0805,24060.0,10.22,10.22
2007-05-04,SB0805,10.25,10.35,10.24,10.34,949.0,,NO.11糖0805,24267.0,10.34,10.34
2007-05-07,SB0805,10.29,10.32,10.23,10.29,890.0,,NO.11糖0805,24427.0,10.29,10.29
2007-05-08,SB0805,10.3,10.32,10.19,10.23,1204.0,,NO.11糖0805,24615.0,10.23,10.23
2007-05-09,SB0805,10.25,10.3,10.25,10.28,917.0,,NO.11糖0805,24722.0,10.28,10.28
2007-05-10,SB0805,10.3,10.3,10.2,10.23,1148.0,,NO.11糖0805,24520.0,10.23,10.23
2007-05-11,SB0805,10.21,10.25,10.13,10.24,3817.0,,NO.11糖0805,23794.0,10.24,10.24
2007-05-14,SB0805,10.23,10.23,10.07,10.11,4680.0,,NO.11糖0805,23615.0,10.11,10.11
2007-05-15,SB0805,10.11,10.11,9.69,9.69,1563.0,,NO.11糖0805,23462.0,9.69,9.69
2007-05-16,SB0805,9.71,9.72,9.65,9.68,1592.0,,NO.11糖0805,23782.0,9.68,9.68
2007-05-17,SB0805,9.67,9.74,9.64,9.67,1350.0,,NO.11糖0805,23541.0,9.67,9.67
2007-05-18,SB0805,9.62,9.69,9.56,9.56,3864.0,,NO.11糖0805,23915.0,9.56,9.56
2007-05-21,SB0805,9.6,9.75,9.53,9.74,2484.0,,NO.11糖0805,23838.0,9.74,9.74
2007-05-22,SB0805,9.68,9.7,9.65,9.66,1157.0,,NO.11糖0805,24005.0,9.66,9.66
2007-05-23,SB0805,9.66,9.72,9.62,9.65,1514.0,,NO.11糖0805,23688.0,9.65,9.65
2007-05-24,SB0805,9.67,9.79,9.67,9.75,3070.0,,NO.11糖0805,24467.0,9.75,9.75
2007-05-25,SB0805,9.79,9.99,9.75,9.99,2256.0,,NO.11糖0805,24954.0,9.99,9.99
2007-05-29,SB0805,9.96,10.06,9.87,9.89,2529.0,,NO.11糖0805,24017.0,9.89,9.89
2007-05-30,SB0805,9.86,9.94,9.83,9.91,1014.0,,NO.11糖0805,23789.0,9.91,9.91
2007-05-31,SB0805,9.9,9.98,9.9,9.98,925.0,,NO.11糖0805,23469.0,9.98,9.98
2007-06-01,SB0805,9.98,10.06,9.9,10.06,1401.0,,NO.11糖0805,23246.0,10.06,10.06
2007-06-04,SB0805,10.05,10.08,9.85,9.89,3083.0,,NO.11糖0805,23757.0,9.89,9.89
2007-06-05,SB0805,9.89,9.89,9.63,9.69,5494.0,,NO.11糖0805,24091.0,9.69,9.69
2007-06-06,SB0805,9.75,9.82,9.71,9.8,3979.0,,NO.11糖0805,24210.0,9.8,9.8
2007-06-07,SB0805,9.79,9.81,9.68,9.71,3859.0,,NO.11糖0805,25678.0,9.71,9.71
2007-06-08,SB0805,9.69,9.79,9.66,9.67,3467.0,,NO.11糖0805,25937.0,9.67,9.67
2007-06-11,SB0805,9.63,9.8,9.58,9.79,1107.0,,NO.11糖0805,26095.0,9.79,9.79
2007-06-12,SB0805,9.75,9.75,9.58,9.65,737.0,,NO.11糖0805,26025.0,9.65,9.65
2007-06-13,SB0805,9.64,9.64,9.55,9.6,1435.0,,NO.11糖0805,26111.0,9.6,9.6
2007-06-14,SB0805,9.57,9.71,9.47,9.56,1151.0,,NO.11糖0805,26142.0,9.56,9.56
2007-06-15,SB0805,9.57,9.73,9.57,9.71,571.0,,NO.11糖0805,26334.0,9.71,9.71
2007-06-18,SB0805,9.71,10.18,9.71,10.18,2831.0,,NO.11糖0805,26190.0,10.18,10.18
2007-06-19,SB0805,10.12,10.15,9.84,10.13,1865.0,,NO.11糖0805,26137.0,10.13,10.13
2007-06-20,SB0805,10.0,10.29,10.0,10.12,3488.0,,NO.11糖0805,27366.0,10.12,10.12
2007-06-21,SB0805,10.04,10.27,10.04,10.23,2084.0,,NO.11糖0805,27739.0,10.23,10.23
2007-06-22,SB0805,10.2,10.24,10.19,10.24,2559.0,,NO.11糖0805,27417.0,10.24,10.24
2007-06-25,SB0805,10.18,10.18,10.02,10.03,1262.0,,NO.11糖0805,27343.0,10.03,10.03
2007-06-26,SB0805,10.05,10.24,10.05,10.23,1784.0,,NO.11糖0805,27711.0,10.23,10.23
2007-06-27,SB0805,10.2,10.2,10.11,10.18,1231.0,,NO.11糖0805,27920.0,10.18,10.18
2007-06-28,SB0805,10.17,10.28,10.13,10.21,1496.0,,NO.11糖0805,27532.0,10.21,10.21
2007-06-29,SB0805,10.23,10.27,10.17,10.17,1321.0,,NO.11糖0805,27846.0,10.17,10.17
2007-07-02,SB0805,10.27,10.27,9.9,9.93,1440.0,,NO.11糖0805,27983.0,9.93,9.93
2007-07-03,SB0805,9.94,10.15,9.86,10.1,2345.0,,NO.11糖0805,28383.0,10.1,10.1
2007-07-05,SB0805,10.16,10.23,10.03,10.14,3397.0,,NO.11糖0805,28500.0,10.14,10.14
2007-07-06,SB0805,10.15,10.26,10.13,10.18,1491.0,,NO.11糖0805,28710.0,10.18,10.18
2007-07-09,SB0805,10.19,10.28,10.11,10.23,1238.0,,NO.11糖0805,28548.0,10.23,10.23
2007-07-10,SB0805,10.23,10.38,10.19,10.22,2638.0,,NO.11糖0805,27793.0,10.22,10.22
2007-07-11,SB0805,10.27,10.32,10.18,10.32,2090.0,,NO.11糖0805,27400.0,10.32,10.32
2007-07-12,SB0805,10.25,10.27,10.2,10.25,1000.0,,NO.11糖0805,27570.0,10.25,10.25
2007-07-13,SB0805,10.26,10.54,10.26,10.35,8700.0,,NO.11糖0805,28495.0,10.35,10.35
2007-07-16,SB0805,10.37,10.43,10.3,10.32,3557.0,,NO.11糖0805,28559.0,10.32,10.32
2007-07-17,SB0805,10.33,10.45,10.31,10.41,3293.0,,NO.11糖0805,28219.0,10.41,10.41
2007-07-18,SB0805,10.45,10.64,10.4,10.59,3247.0,,NO.11糖0805,28831.0,10.59,10.59
2007-07-19,SB0805,10.61,10.89,10.61,10.74,8574.0,,NO.11糖0805,28980.0,10.74,10.74
2007-07-20,SB0805,10.75,10.77,10.7,10.77,3160.0,,NO.11糖0805,29217.0,10.77,10.77
2007-07-23,SB0805,10.77,10.81,10.4,10.48,5828.0,,NO.11糖0805,31811.0,10.48,10.48
2007-07-24,SB0805,10.51,10.64,10.48,10.54,2937.0,,NO.11糖0805,32145.0,10.54,10.54
2007-07-25,SB0805,10.53,10.54,10.42,10.51,1755.0,,NO.11糖0805,32035.0,10.51,10.51
2007-07-26,SB0805,10.54,10.65,10.5,10.55,1570.0,,NO.11糖0805,32578.0,10.55,10.55
2007-07-27,SB0805,10.5,10.5,10.34,10.36,4872.0,,NO.11糖0805,31072.0,10.36,10.36
2007-07-30,SB0805,10.35,10.49,10.28,10.34,2722.0,,NO.11糖0805,30981.0,10.34,10.34
2007-07-31,SB0805,10.3,10.46,10.29,10.42,9800.0,,NO.11糖0805,37760.0,10.42,10.42
2007-08-01,SB0805,10.4,10.42,10.27,10.36,4052.0,,NO.11糖0805,37176.0,10.36,10.36
2007-08-02,SB0805,10.35,10.53,10.34,10.36,3621.0,,NO.11糖0805,38705.0,10.36,10.36
2007-08-03,SB0805,10.36,10.42,10.33,10.4,2591.0,,NO.11糖0805,38989.0,10.4,10.4
2007-08-06,SB0805,10.4,10.4,10.1,10.17,2219.0,,NO.11糖0805,39243.0,10.17,10.17
2007-08-07,SB0805,10.17,10.25,10.1,10.17,2440.0,,NO.11糖0805,39705.0,10.17,10.17
2007-08-08,SB0805,10.16,10.2,10.1,10.15,2644.0,,NO.11糖0805,39747.0,10.15,10.15
2007-08-09,SB0805,10.15,10.2,10.11,10.13,2476.0,,NO.11糖0805,40378.0,10.13,10.13
2007-08-10,SB0805,10.15,10.18,9.89,9.93,6455.0,,NO.11糖0805,42219.0,9.93,9.93
2007-08-13,SB0805,9.97,10.02,9.83,9.84,2523.0,,NO.11糖0805,42563.0,9.84,9.84
2007-08-14,SB0805,9.87,9.94,9.81,9.84,2503.0,,NO.11糖0805,42823.0,9.84,9.84
2007-08-15,SB0805,9.87,9.87,9.77,9.78,1935.0,,NO.11糖0805,42799.0,9.78,9.78
2007-08-16,SB0805,9.75,9.8,9.42,9.45,4524.0,,NO.11糖0805,41972.0,9.45,9.45
2007-08-17,SB0805,9.45,9.83,9.44,9.68,3250.0,,NO.11糖0805,42746.0,9.68,9.68
2007-08-20,SB0805,9.61,9.76,9.6,9.71,1833.0,,NO.11糖0805,42831.0,9.71,9.71
2007-08-21,SB0805,9.73,9.73,9.62,9.65,1405.0,,NO.11糖0805,42397.0,9.65,9.65
2007-08-22,SB0805,9.64,9.89,9.62,9.86,2305.0,,NO.11糖0805,42536.0,9.86,9.86
2007-08-23,SB0805,9.87,10.01,9.85,9.87,1596.0,,NO.11糖0805,42353.0,9.87,9.87
2007-08-24,SB0805,9.85,9.96,9.72,9.74,2136.0,,NO.11糖0805,42734.0,9.74,9.74
2007-08-27,SB0805,9.76,9.81,9.74,9.81,1252.0,,NO.11糖0805,42741.0,9.81,9.81
2007-08-28,SB0805,9.81,9.84,9.76,9.79,1330.0,,NO.11糖0805,42656.0,9.79,9.79
2007-08-29,SB0805,9.75,9.75,9.63,9.72,2516.0,,NO.11糖0805,43432.0,9.72,9.72
2007-08-30,SB0805,9.73,9.82,9.69,9.82,3419.0,,NO.11糖0805,43941.0,9.82,9.82
2007-08-31,SB0805,9.77,9.85,9.74,9.8,4049.0,,NO.11糖0805,44217.0,9.8,9.8
2007-09-04,SB0805,9.8,9.84,9.7,9.81,2501.0,,NO.11糖0805,45406.0,9.81,9.81
2007-09-05,SB0805,9.78,9.81,9.61,9.76,3210.0,,NO.11糖0805,47179.0,9.76,9.76
2007-09-06,SB0805,9.79,9.85,9.63,9.77,3995.0,,NO.11糖0805,48908.0,9.77,9.77
2007-09-07,SB0805,9.77,9.84,9.62,9.8,2914.0,,NO.11糖0805,49261.0,9.8,9.8
2007-09-10,SB0805,9.81,9.89,9.69,9.72,5244.0,,NO.11糖0805,51045.0,9.72,9.72
2007-09-11,SB0805,9.75,9.83,9.63,9.71,5074.0,,NO.11糖0805,52710.0,9.71,9.71
2007-09-12,SB0805,9.68,9.77,9.64,9.67,4191.0,,NO.11糖0805,54770.0,9.67,9.67
2007-09-13,SB0805,9.69,9.75,9.56,9.61,11662.0,,NO.11糖0805,56834.0,9.61,9.61
2007-09-14,SB0805,9.6,9.77,9.56,9.77,2808.0,,NO.11糖0805,57053.0,9.77,9.77
2007-09-17,SB0805,9.78,9.81,9.66,9.68,2482.0,,NO.11糖0805,56887.0,9.68,9.68
2007-09-18,SB0805,9.79,9.79,9.63,9.66,2427.0,,NO.11糖0805,57136.0,9.66,9.66
2007-09-19,SB0805,9.71,10.02,9.7,9.99,9312.0,,NO.11糖0805,58479.0,9.99,9.99
2007-09-20,SB0805,10.03,10.22,10.03,10.18,17561.0,,NO.11糖0805,59595.0,10.18,10.18
2007-09-21,SB0805,10.17,10.2,10.07,10.12,7253.0,,NO.11糖0805,60962.0,10.12,10.12
2007-09-24,SB0805,10.14,10.23,10.08,10.18,9658.0,,NO.11糖0805,59757.0,10.18,10.18
2007-09-25,SB0805,10.18,10.23,10.12,10.14,4154.0,,NO.11糖0805,61516.0,10.14,10.14
2007-09-26,SB0805,10.17,10.19,10.06,10.09,4801.0,,NO.11糖0805,61029.0,10.09,10.09
2007-09-27,SB0805,10.08,10.3,9.99,10.15,9448.0,,NO.11糖0805,62578.0,10.15,10.15
2007-09-28,SB0805,10.16,10.21,10.05,10.19,5232.0,,NO.11糖0805,62885.0,10.19,10.19
2007-10-01,SB0805,10.15,10.17,9.93,9.99,5690.0,,NO.11糖0805,63450.0,9.99,9.99
2007-10-02,SB0805,9.96,10.13,9.86,10.06,6952.0,,NO.11糖0805,64964.0,10.06,10.06
2007-10-03,SB0805,10.13,10.19,9.86,9.88,10578.0,,NO.11糖0805,63204.0,9.88,9.88
2007-10-04,SB0805,9.87,9.97,9.83,9.84,7434.0,,NO.11糖0805,62765.0,9.84,9.84
2007-10-05,SB0805,9.92,9.95,9.82,9.85,4263.0,,NO.11糖0805,62905.0,9.85,9.85
2007-10-08,SB0805,9.82,9.88,9.65,9.79,8370.0,,NO.11糖0805,61637.0,9.79,9.79
2007-10-09,SB0805,9.78,9.95,9.74,9.92,10987.0,,NO.11糖0805,60202.0,9.92,9.92
2007-10-10,SB0805,9.96,9.96,9.77,9.77,6226.0,,NO.11糖0805,60629.0,9.77,9.77
2007-10-11,SB0805,9.82,9.92,9.78,9.85,6546.0,,NO.11糖0805,60300.0,9.85,9.85
2007-10-12,SB0805,9.86,9.95,9.79,9.84,6880.0,,NO.11糖0805,59838.0,9.84,9.84
2007-10-15,SB0805,9.83,10.03,9.81,9.97,6418.0,,NO.11糖0805,59689.0,9.97,9.97
2007-10-16,SB0805,10.02,10.18,10.02,10.15,13177.0,,NO.11糖0805,58872.0,10.15,10.15
2007-10-17,SB0805,10.1,10.22,10.03,10.12,20391.0,,NO.11糖0805,63461.0,10.12,10.12
2007-10-18,SB0805,10.08,10.16,10.02,10.09,7995.0,,NO.11糖0805,64395.0,10.09,10.09
2007-10-19,SB0805,10.14,10.23,10.09,10.21,12092.0,,NO.11糖0805,64290.0,10.21,10.21
2007-10-22,SB0805,10.21,10.24,10.11,10.18,9368.0,,NO.11糖0805,67121.0,10.18,10.18
2007-10-23,SB0805,10.2,10.32,10.18,10.21,17196.0,,NO.11糖0805,70460.0,10.21,10.21
2007-10-24,SB0805,10.21,10.26,10.14,10.15,13588.0,,NO.11糖0805,71540.0,10.15,10.15
2007-10-25,SB0805,10.2,10.27,10.18,10.21,10609.0,,NO.11糖0805,74005.0,10.21,10.21
2007-10-26,SB0805,10.27,10.46,10.13,10.2,26681.0,,NO.11糖0805,74296.0,10.2,10.2
2007-10-29,SB0805,10.2,10.25,10.12,10.15,12082.0,,NO.11糖0805,75898.0,10.15,10.15
2007-10-30,SB0805,10.14,10.16,10.08,10.14,8312.0,,NO.11糖0805,77530.0,10.14,10.14
2007-10-31,SB0805,10.09,10.13,10.03,10.08,18022.0,,NO.11糖0805,82683.0,10.08,10.08
2007-11-01,SB0805,10.12,10.27,9.96,10.03,18624.0,,NO.11糖0805,85393.0,10.03,10.03
2007-11-02,SB0805,10.09,10.12,9.97,10.1,14819.0,,NO.11糖0805,84386.0,10.1,10.1
2007-11-05,SB0805,10.09,10.15,10.09,10.1,16562.0,,NO.11糖0805,87677.0,10.1,10.1
2007-11-06,SB0805,10.11,10.26,10.1,10.23,12885.0,,NO.11糖0805,91216.0,10.23,10.23
2007-11-07,SB0805,10.27,10.37,10.26,10.34,8803.0,,NO.11糖0805,92742.0,10.34,10.34
2007-11-08,SB0805,10.27,10.37,10.25,10.33,10641.0,,NO.11糖0805,94193.0,10.33,10.33
2007-11-09,SB0805,10.3,10.33,10.19,10.23,11822.0,,NO.11糖0805,93375.0,10.23,10.23
2007-11-12,SB0805,10.21,10.21,10.14,10.18,10366.0,,NO.11糖0805,94289.0,10.18,10.18
2007-11-13,SB0805,10.17,10.22,10.1,10.15,18168.0,,NO.11糖0805,94441.0,10.15,10.15
2007-11-14,SB0805,10.14,10.21,10.13,10.17,8465.0,,NO.11糖0805,94456.0,10.17,10.17
2007-11-15,SB0805,10.19,10.19,10.11,10.14,13349.0,,NO.11糖0805,90367.0,10.14,10.14
2007-11-16,SB0805,10.12,10.19,10.11,10.14,13740.0,,NO.11糖0805,87589.0,10.14,10.14
2007-11-19,SB0805,10.14,10.15,10.07,10.11,7227.0,,NO.11糖0805,88042.0,10.11,10.11
2007-11-20,SB0805,10.11,10.12,10.05,10.06,8640.0,,NO.11糖0805,86213.0,10.06,10.06
2007-11-21,SB0805,10.06,10.09,10.05,10.09,4897.0,,NO.11糖0805,86708.0,10.09,10.09
2007-11-26,SB0805,10.1,10.16,10.05,10.06,5560.0,,NO.11糖0805,86953.0,10.06,10.06
2007-11-27,SB0805,10.06,10.16,9.94,9.99,14750.0,,NO.11糖0805,87873.0,9.99,9.99
2007-11-28,SB0805,10.16,10.24,10.09,10.23,16445.0,,NO.11糖0805,87467.0,10.23,10.23
2007-11-29,SB0805,10.14,10.21,10.07,10.09,7479.0,,NO.11糖0805,87880.0,10.09,10.09
2007-11-30,SB0805,10.09,10.09,10.03,10.05,3638.0,,NO.11糖0805,88215.0,10.05,10.05
2007-12-03,SB0805,10.05,10.08,9.97,10.02,7323.0,,NO.11糖0805,89975.0,10.02,10.02
2007-12-04,SB0805,10.03,10.07,10.02,10.04,5045.0,,NO.11糖0805,90195.0,10.04,10.04
2007-12-05,SB0805,10.07,10.18,10.03,10.14,8010.0,,NO.11糖0805,90681.0,10.14,10.14
2007-12-06,SB0805,10.14,10.17,10.09,10.14,13015.0,,NO.11糖0805,90677.0,10.14,10.14
2007-12-07,SB0805,10.17,10.2,10.11,10.19,6442.0,,NO.11糖0805,90557.0,10.19,10.19
2007-12-10,SB0805,10.2,10.39,10.16,10.36,10847.0,,NO.11糖0805,90499.0,10.36,10.36
2007-12-11,SB0805,10.35,10.55,10.35,10.51,27336.0,,NO.11糖0805,95776.0,10.51,10.51
2007-12-12,SB0805,10.52,10.6,10.47,10.54,12675.0,,NO.11糖0805,96984.0,10.54,10.54
2007-12-13,SB0805,10.57,10.58,10.53,10.56,5305.0,,NO.11糖0805,97606.0,10.56,10.56
2007-12-14,SB0805,10.57,10.84,10.53,10.69,15594.0,,NO.11糖0805,100528.0,10.69,10.69
2007-12-17,SB0805,10.71,11.0,10.71,10.96,13331.0,,NO.11糖0805,100635.0,10.96,10.96
2007-12-18,SB0805,10.98,10.98,10.87,10.89,10218.0,,NO.11糖0805,100727.0,10.89,10.89
2007-12-19,SB0805,10.87,11.06,10.83,10.99,10116.0,,NO.11糖0805,101166.0,10.99,10.99
2007-12-20,SB0805,11.03,11.4,11.03,11.35,25164.0,,NO.11糖0805,104432.0,11.35,11.35
2007-12-21,SB0805,11.3,11.37,11.24,11.31,11210.0,,NO.11糖0805,105820.0,11.31,11.31
2007-12-26,SB0805,11.33,11.43,11.17,11.18,11187.0,,NO.11糖0805,108972.0,11.18,11.18
2007-12-27,SB0805,11.2,11.32,11.17,11.25,10211.0,,NO.11糖0805,113382.0,11.25,11.25
2007-12-28,SB0805,11.25,11.38,11.23,11.25,17046.0,,NO.11糖0805,118502.0,11.25,11.25
2007-12-31,SB0805,11.24,11.29,11.11,11.12,7922.0,,NO.11糖0805,120198.0,11.12,11.12
2008-01-02,SB0805,11.2,11.28,10.93,11.03,18019.0,,NO.11糖0805,123483.0,11.03,11.03
2008-01-03,SB0805,11.08,11.54,11.04,11.4,24664.0,,NO.11糖0805,127435.0,11.4,11.4
2008-01-04,SB0805,11.52,11.7,11.39,11.6,20998.0,,NO.11糖0805,130765.0,11.6,11.6
2008-01-07,SB0805,11.6,11.77,11.6,11.68,24663.0,,NO.11糖0805,132007.0,11.68,11.68
2008-01-08,SB0805,11.67,12.06,11.62,11.68,33727.0,,NO.11糖0805,132269.0,11.68,11.68
2008-01-09,SB0805,11.68,11.85,11.64,11.8,29181.0,,NO.11糖0805,137329.0,11.8,11.8
2008-01-10,SB0805,11.82,11.93,11.65,11.8,39035.0,,NO.11糖0805,144272.0,11.8,11.8
2008-01-11,SB0805,11.87,12.09,11.7,11.73,32214.0,,NO.11糖0805,150288.0,11.73,11.73
2008-01-14,SB0805,11.73,11.97,11.73,11.92,16044.0,,NO.11糖0805,151491.0,11.92,11.92
2008-01-15,SB0805,11.92,11.99,11.82,11.92,20317.0,,NO.11糖0805,154617.0,11.92,11.92
2008-01-16,SB0805,11.9,12.28,11.75,12.14,46975.0,,NO.11糖0805,152002.0,12.14,12.14
2008-01-17,SB0805,12.14,13.4,12.11,12.83,59571.0,,NO.11糖0805,163790.0,12.83,12.83
2008-01-18,SB0805,13.03,13.35,12.2,12.41,86479.0,,NO.11糖0805,180728.0,12.41,12.41
2008-01-22,SB0805,12.3,12.33,11.65,12.0,60382.0,,NO.11糖0805,172700.0,12.0,12.0
2008-01-23,SB0805,11.91,12.1,11.71,11.87,18071.0,,NO.11糖0805,168306.0,11.87,11.87
2008-01-24,SB0805,11.76,11.98,11.75,11.88,30738.0,,NO.11糖0805,167998.0,11.88,11.88
2008-01-25,SB0805,11.88,12.45,11.88,12.34,27673.0,,NO.11糖0805,169098.0,12.34,12.34
2008-01-28,SB0805,12.28,12.83,12.26,12.64,18157.0,,NO.11糖0805,171006.0,12.64,12.64
2008-01-29,SB0805,12.78,13.1,12.51,12.61,31749.0,,NO.11糖0805,177299.0,12.61,12.61
2008-01-30,SB0805,12.64,12.98,12.57,12.85,36861.0,,NO.11糖0805,181558.0,12.85,12.85
2008-01-31,SB0805,12.89,12.97,12.69,12.86,34419.0,,NO.11糖0805,189693.0,12.86,12.86
2008-02-01,SB0805,12.85,13.02,12.83,12.86,29939.0,,NO.11糖0805,200028.0,12.86,12.86
2008-02-04,SB0805,12.86,12.97,12.52,12.7,30951.0,,NO.11糖0805,210301.0,12.7,12.7
2008-02-05,SB0805,12.71,12.71,12.3,12.34,32537.0,,NO.11糖0805,215288.0,12.34,12.34
2008-02-06,SB0805,12.3,12.7,12.23,12.59,33687.0,,NO.11糖0805,224605.0,12.59,12.59
2008-02-07,SB0805,12.59,12.64,12.43,12.45,54916.0,,NO.11糖0805,241466.0,12.45,12.45
2008-02-08,SB0805,12.59,13.19,12.45,13.12,91028.0,,NO.11糖0805,256958.0,13.12,13.12
2008-02-11,SB0805,13.01,13.22,12.97,13.09,74271.0,,NO.11糖0805,285896.0,13.09,13.09
2008-02-12,SB0805,13.07,13.12,12.73,12.85,79310.0,,NO.11糖0805,306113.0,12.85,12.85
2008-02-13,SB0805,12.89,13.32,12.81,13.26,92188.0,,NO.11糖0805,331810.0,13.26,13.26
2008-02-14,SB0805,13.3,13.84,13.19,13.63,90644.0,,NO.11糖0805,346015.0,13.63,13.63
2008-02-15,SB0805,13.7,14.14,13.49,13.77,71178.0,,NO.11糖0805,360276.0,13.77,13.77
2008-02-19,SB0805,13.77,14.23,13.77,14.11,97807.0,,NO.11糖0805,372709.0,14.11,14.11
2008-02-20,SB0805,14.2,14.28,13.93,14.1,59471.0,,NO.11糖0805,388652.0,14.1,14.1
2008-02-21,SB0805,14.25,14.56,14.12,14.42,80581.0,,NO.11糖0805,395274.0,14.42,14.42
2008-02-22,SB0805,14.3,14.38,14.1,14.24,48793.0,,NO.11糖0805,411335.0,14.24,14.24
2008-02-25,SB0805,14.2,14.42,14.11,14.22,52736.0,,NO.11糖0805,423422.0,14.22,14.22
2008-02-26,SB0805,14.34,14.7,14.21,14.54,61495.0,,NO.11糖0805,428397.0,14.54,14.54
2008-02-27,SB0805,14.67,14.99,14.31,14.63,87138.0,,NO.11糖0805,432173.0,14.63,14.63
2008-02-28,SB0805,14.5,14.7,14.35,14.61,55877.0,,NO.11糖0805,434671.0,14.61,14.61
2008-02-29,SB0805,14.63,14.83,14.52,14.62,50079.0,,NO.11糖0805,437567.0,14.62,14.62
2008-03-03,SB0805,14.65,15.07,14.64,15.02,46765.0,,NO.11糖0805,442374.0,15.02,15.02
2008-03-04,SB0805,14.95,15.0,14.08,14.36,88516.0,,NO.11糖0805,438947.0,14.36,14.36
2008-03-05,SB0805,14.18,14.78,14.13,14.55,56029.0,,NO.11糖0805,437716.0,14.55,14.55
2008-03-06,SB0805,14.5,14.62,13.5,13.6,78240.0,,NO.11糖0805,424266.0,13.6,13.6
2008-03-07,SB0805,13.65,13.83,12.77,13.36,107011.0,,NO.11糖0805,407870.0,13.36,13.36
2008-03-10,SB0805,13.16,13.29,12.81,13.04,48949.0,,NO.11糖0805,401573.0,13.04,13.04
2008-03-11,SB0805,13.1,13.64,13.06,13.45,58508.0,,NO.11糖0805,399878.0,13.45,13.45
2008-03-12,SB0805,13.45,13.47,13.01,13.16,40169.0,,NO.11糖0805,395479.0,13.16,13.16
2008-03-13,SB0805,13.13,13.63,13.1,13.59,48613.0,,NO.11糖0805,400387.0,13.59,13.59
2008-03-14,SB0805,13.62,13.76,13.15,13.54,61343.0,,NO.11糖0805,391134.0,13.54,13.54
2008-03-17,SB0805,13.32,13.35,11.83,12.09,121443.0,,NO.11糖0805,370593.0,12.09,12.09
2008-03-18,SB0805,12.14,12.45,12.04,12.28,43816.0,,NO.11糖0805,365476.0,12.28,12.28
2008-03-19,SB0805,12.3,12.3,11.52,11.75,80838.0,,NO.11糖0805,349019.0,11.75,11.75
2008-03-20,SB0805,11.74,11.97,11.25,11.89,65290.0,,NO.11糖0805,351464.0,11.89,11.89
2008-03-24,SB0805,11.89,12.06,11.63,11.92,33201.0,,NO.11糖0805,346848.0,11.92,11.92
2008-03-25,SB0805,11.92,12.55,11.9,12.14,55847.0,,NO.11糖0805,348747.0,12.14,12.14
2008-03-26,SB0805,12.2,12.45,12.17,12.24,43360.0,,NO.11糖0805,347898.0,12.24,12.24
2008-03-27,SB0805,12.25,12.3,11.97,12.13,33079.0,,NO.11糖0805,342744.0,12.13,12.13
2008-03-28,SB0805,12.13,12.13,11.65,11.73,47330.0,,NO.11糖0805,334143.0,11.73,11.73
2008-03-31,SB0805,11.73,12.08,11.56,11.69,56795.0,,NO.11糖0805,321410.0,11.69,11.69
2008-04-01,SB0805,11.69,11.77,11.28,11.52,64458.0,,NO.11糖0805,312371.0,11.52,11.52
2008-04-02,SB0805,11.42,11.86,11.41,11.77,44424.0,,NO.11糖0805,304322.0,11.77,11.77
2008-04-03,SB0805,11.88,11.92,11.67,11.81,32691.0,,NO.11糖0805,295840.0,11.81,11.81
2008-04-04,SB0805,11.81,11.95,11.53,11.57,45823.0,,NO.11糖0805,291175.0,11.57,11.57
2008-04-07,SB0805,11.63,12.25,11.6,12.12,79299.0,,NO.11糖0805,270939.0,12.12,12.12
2008-04-08,SB0805,12.12,12.26,11.82,11.88,78584.0,,NO.11糖0805,246079.0,11.88,11.88
2008-04-09,SB0805,11.88,12.55,11.82,12.4,104642.0,,NO.11糖0805,220740.0,12.4,12.4
2008-04-10,SB0805,12.46,12.8,12.24,12.52,101554.0,,NO.11糖0805,188052.0,12.52,12.52
2008-04-11,SB0805,12.5,12.56,12.3,12.34,72968.0,,NO.11糖0805,156101.0,12.34,12.34
2008-04-14,SB0805,12.34,12.62,12.27,12.37,66505.0,,NO.11糖0805,135611.0,12.37,12.37
2008-04-15,SB0805,12.45,12.73,12.45,12.67,64766.0,,NO.11糖0805,104735.0,12.67,12.67
2008-04-16,SB0805,12.63,12.94,12.51,12.65,21213.0,,NO.11糖0805,98824.0,12.65,12.65
2008-04-17,SB0805,12.55,12.83,12.54,12.57,18526.0,,NO.11糖0805,90943.0,12.57,12.57
2008-04-18,SB0805,12.65,12.65,12.09,12.45,24828.0,,NO.11糖0805,83554.0,12.45,12.45
2008-04-21,SB0805,12.36,12.47,11.79,11.83,19508.0,,NO.11糖0805,75352.0,11.83,11.83
2008-04-22,SB0805,11.84,12.15,11.79,12.13,13243.0,,NO.11糖0805,67346.0,12.13,12.13
2008-04-23,SB0805,12.1,12.18,11.79,11.89,19286.0,,NO.11糖0805,57707.0,11.89,11.89
2008-04-24,SB0805,11.9,11.93,11.43,11.5,17931.0,,NO.11糖0805,51454.0,11.5,11.5
2008-04-25,SB0805,11.47,11.58,11.24,11.37,22002.0,,NO.11糖0805,47448.0,11.37,11.37
2008-04-28,SB0805,11.45,11.59,10.3,10.58,34831.0,,NO.11糖0805,29705.0,10.58,10.58
2008-04-29,SB0805,10.58,10.92,10.1,10.16,24235.0,,NO.11糖0805,22237.0,10.16,10.16
2008-04-30,SB0805,10.28,10.75,10.26,10.65,14562.0,,NO.11糖0805,,10.65,10.65
