date,symbol,open,high,low,close,volume,amount,name,openinterest,settleprice,price
2008-06-02,SB1105,,,,14.89,,,NO.11糖1105,,14.89,14.89
2008-06-03,SB1105,,,,14.79,,,NO.11糖1105,,14.79,14.79
2008-06-04,SB1105,14.75,14.84,14.75,14.78,152.0,,NO.11糖1105,151.0,14.78,14.78
2008-06-05,SB1105,,,,14.7,,,NO.11糖1105,151.0,14.7,14.7
2008-06-06,SB1105,,,,14.79,,,NO.11糖1105,151.0,14.79,14.79
2008-06-09,SB1105,14.8,14.89,14.8,14.82,40.0,,NO.11糖1105,191.0,14.82,14.82
2008-06-10,SB1105,14.82,14.87,14.82,14.84,32.0,,NO.11糖1105,223.0,14.84,14.84
2008-06-11,SB1105,15.0,15.0,14.98,14.98,31.0,,NO.11糖1105,254.0,14.98,14.98
2008-06-12,SB1105,14.8,14.82,14.8,14.82,30.0,,NO.11糖1105,284.0,14.82,14.82
2008-06-13,SB1105,15.0,15.0,15.0,15.0,5005.0,,NO.11糖1105,5289.0,15.0,15.0
2008-06-16,SB1105,15.11,15.11,15.02,15.11,4.0,,NO.11糖1105,5282.0,15.11,15.11
2008-06-17,SB1105,,,,15.17,590.0,,NO.11糖1105,5577.0,15.17,15.17
2008-06-18,SB1105,,,,15.26,,,NO.11糖1105,5577.0,15.26,15.26
2008-06-19,SB1105,,,,15.13,,,NO.11糖1105,5577.0,15.13,15.13
2008-06-20,SB1105,15.42,15.43,15.41,15.42,30.0,,NO.11糖1105,5584.0,15.42,15.42
2008-06-23,SB1105,15.55,15.55,15.52,15.52,10.0,,NO.11糖1105,5594.0,15.52,15.52
2008-06-24,SB1105,15.41,15.41,15.3,15.33,36.0,,NO.11糖1105,5599.0,15.33,15.33
2008-06-25,SB1105,15.48,15.49,15.48,15.49,2.0,,NO.11糖1105,5599.0,15.49,15.49
2008-06-26,SB1105,15.55,15.69,15.55,15.63,98.0,,NO.11糖1105,5609.0,15.63,15.63
2008-06-27,SB1105,15.42,15.5,15.41,15.5,16.0,,NO.11糖1105,5610.0,15.5,15.5
2008-06-30,SB1105,15.5,15.8,15.5,15.71,521.0,,NO.11糖1105,6077.0,15.71,15.71
2008-07-01,SB1105,15.9,15.99,15.9,15.99,40.0,,NO.11糖1105,6107.0,15.99,15.99
2008-07-02,SB1105,16.05,16.13,16.05,16.13,100.0,,NO.11糖1105,6190.0,16.13,16.13
2008-07-03,SB1105,16.45,16.45,16.24,16.24,51.0,,NO.11糖1105,6240.0,16.24,16.24
2008-07-07,SB1105,,,,15.93,5.0,,NO.11糖1105,6245.0,15.93,15.93
2008-07-08,SB1105,16.09,16.25,16.09,16.25,9.0,,NO.11糖1105,6253.0,16.25,16.25
2008-07-09,SB1105,16.26,16.35,16.26,16.32,69.0,,NO.11糖1105,6285.0,16.32,16.32
2008-07-10,SB1105,16.35,16.37,16.18,16.37,52.0,,NO.11糖1105,6288.0,16.37,16.37
2008-07-11,SB1105,16.49,16.85,16.49,16.81,178.0,,NO.11糖1105,6429.0,16.81,16.81
2008-07-14,SB1105,16.73,16.73,16.55,16.56,12.0,,NO.11糖1105,6438.0,16.56,16.56
2008-07-15,SB1105,16.5,16.85,16.5,16.84,25.0,,NO.11糖1105,6463.0,16.84,16.84
2008-07-16,SB1105,16.57,16.6,16.43,16.56,53.0,,NO.11糖1105,6493.0,16.56,16.56
2008-07-17,SB1105,15.84,15.87,15.7,15.7,11.0,,NO.11糖1105,6504.0,15.7,15.7
2008-07-18,SB1105,15.63,15.63,15.61,15.63,15.0,,NO.11糖1105,6514.0,15.63,15.63
2008-07-21,SB1105,15.63,15.64,15.63,15.64,21.0,,NO.11糖1105,6535.0,15.64,15.64
2008-07-22,SB1105,15.26,15.26,15.0,15.12,76.0,,NO.11糖1105,6577.0,15.12,15.12
2008-07-23,SB1105,15.2,15.2,15.16,15.16,10.0,,NO.11糖1105,6587.0,15.16,15.16
2008-07-24,SB1105,15.08,15.21,15.07,15.21,32.0,,NO.11糖1105,6599.0,15.21,15.21
2008-07-25,SB1105,,,,15.31,,,NO.11糖1105,6599.0,15.31,15.31
2008-07-28,SB1105,0.0,0.0,0.0,15.21,0.0,,NO.11糖1105,6599.0,15.21,15.21
2008-07-29,SB1105,15.3,15.6,15.3,15.6,67.0,,NO.11糖1105,6649.0,15.6,15.6
2008-07-30,SB1105,15.65,15.65,15.65,15.65,50.0,,NO.11糖1105,6676.0,15.94,15.65
2008-07-31,SB1105,16.25,16.25,16.25,16.25,10.0,,NO.11糖1105,6686.0,16.33,16.25
2008-08-01,SB1105,16.25,16.25,16.25,16.25,23.0,,NO.11糖1105,6709.0,16.26,16.25
2008-08-04,SB1105,15.49,15.6,15.49,15.6,32.0,,NO.11糖1105,6721.0,15.66,15.6
2008-08-05,SB1105,15.93,15.96,15.93,15.96,16.0,,NO.11糖1105,6737.0,16.13,15.96
2008-08-06,SB1105,16.32,16.32,16.19,16.19,15.0,,NO.11糖1105,6752.0,16.26,16.19
2008-08-07,SB1105,16.32,16.32,16.2,16.2,10.0,,NO.11糖1105,6762.0,15.84,16.2
2008-08-08,SB1105,0.0,0.0,0.0,15.65,0.0,,NO.11糖1105,6762.0,15.65,15.65
2008-08-11,SB1105,15.77,15.77,15.52,15.52,11.0,,NO.11糖1105,6773.0,15.54,15.52
2008-08-12,SB1105,15.56,15.69,15.56,15.69,30.0,,NO.11糖1105,6798.0,15.73,15.69
2008-08-13,SB1105,15.7,15.85,15.7,15.83,69.0,,NO.11糖1105,6842.0,15.98,15.83
2008-08-14,SB1105,15.57,15.57,15.57,15.57,1.0,,NO.11糖1105,6843.0,15.45,15.57
2008-08-15,SB1105,15.28,15.28,15.14,15.25,39.0,,NO.11糖1105,6842.0,15.27,15.25
2008-08-18,SB1105,15.69,15.83,15.69,15.83,25.0,,NO.11糖1105,6860.0,15.82,15.83
2008-08-19,SB1105,15.69,15.97,15.69,15.97,10.0,,NO.11糖1105,6868.0,15.79,15.97
2008-08-20,SB1105,15.85,15.86,15.85,15.86,4.0,,NO.11糖1105,6870.0,15.83,15.86
2008-08-21,SB1105,16.1,16.18,16.04,16.18,11.0,,NO.11糖1105,6880.0,16.22,16.18
2008-08-22,SB1105,0.0,0.0,0.0,16.3,6.0,,NO.11糖1105,6884.0,16.3,16.3
2008-08-25,SB1105,16.18,16.18,16.18,16.18,5.0,,NO.11糖1105,6884.0,16.21,16.18
2008-08-26,SB1105,16.19,16.3,16.18,16.3,80.0,,NO.11糖1105,6896.0,16.22,16.3
2008-08-27,SB1105,16.32,16.32,15.74,15.74,13.0,,NO.11糖1105,6902.0,15.76,15.74
2008-08-28,SB1105,0.0,0.0,0.0,15.53,5.0,,NO.11糖1105,6887.0,15.53,15.53
2008-08-29,SB1105,15.59,15.59,15.21,15.37,112.0,,NO.11糖1105,6996.0,15.41,15.37
2008-09-02,SB1105,15.2,15.5,15.2,15.5,37.0,,NO.11糖1105,7027.0,15.44,15.5
2008-09-03,SB1105,0.0,0.0,0.0,15.23,5.0,,NO.11糖1105,7032.0,15.23,15.23
2008-09-04,SB1105,0.0,0.0,0.0,15.3,0.0,,NO.11糖1105,7032.0,15.3,15.3
2008-09-05,SB1105,15.05,15.05,15.05,15.05,7.0,,NO.11糖1105,7032.0,15.05,15.05
2008-09-08,SB1105,15.3,15.3,14.94,14.96,22.0,,NO.11糖1105,7052.0,14.99,14.96
2008-09-09,SB1105,15.0,15.02,14.88,14.95,40.0,,NO.11糖1105,7073.0,14.96,14.95
2008-09-10,SB1105,15.04,15.05,15.04,15.04,53.0,,NO.11糖1105,7126.0,15.04,15.04
2008-09-11,SB1105,14.88,14.88,14.79,14.87,25.0,,NO.11糖1105,7151.0,14.87,14.87
2008-09-12,SB1105,15.34,15.34,15.29,15.29,10.0,,NO.11糖1105,7161.0,15.29,15.29
2008-09-15,SB1105,15.28,15.29,15.19,15.19,67.0,,NO.11糖1105,7171.0,15.19,15.19
2008-09-16,SB1105,15.01,15.05,15.0,15.0,28.0,,NO.11糖1105,7173.0,15.0,15.0
2008-09-17,SB1105,15.28,15.32,14.96,15.21,75.0,,NO.11糖1105,7194.0,15.21,15.21
2008-09-18,SB1105,15.39,15.39,14.53,14.6,5108.0,,NO.11糖1105,6620.0,14.6,14.6
2008-09-19,SB1105,14.75,14.84,14.49,14.84,257.0,,NO.11糖1105,6727.0,14.84,14.84
2008-09-22,SB1105,15.2,15.4,15.2,15.32,50.0,,NO.11糖1105,6685.0,15.32,15.32
2008-09-23,SB1105,15.21,15.22,15.08,15.16,42.0,,NO.11糖1105,6693.0,15.16,15.16
2008-09-24,SB1105,15.35,15.39,15.25,15.31,115.0,,NO.11糖1105,6687.0,15.31,15.31
2008-09-25,SB1105,15.34,15.7,15.34,15.7,34.0,,NO.11糖1105,6702.0,15.7,15.7
2008-09-26,SB1105,15.56,15.56,15.54,15.54,44.0,,NO.11糖1105,6719.0,15.54,15.54
2008-09-29,SB1105,15.22,15.22,14.94,15.05,35.0,,NO.11糖1105,6717.0,15.05,15.05
2008-09-30,SB1105,14.73,14.85,14.73,14.79,91.0,,NO.11糖1105,6721.0,14.79,14.79
2008-10-01,SB1105,14.8,14.9,14.8,14.9,47.0,,NO.11糖1105,6718.0,14.9,14.9
2008-10-02,SB1105,14.44,14.44,14.02,14.02,91.0,,NO.11糖1105,6784.0,14.02,14.02
2008-10-03,SB1105,13.76,13.76,13.64,13.7,91.0,,NO.11糖1105,6844.0,13.7,13.7
2008-10-06,SB1105,13.25,13.25,12.92,12.92,315.0,,NO.11糖1105,6999.0,12.92,12.92
2008-10-07,SB1105,13.26,13.28,13.17,13.17,42.0,,NO.11糖1105,7009.0,13.17,13.17
2008-10-08,SB1105,12.75,13.07,12.7,13.01,332.0,,NO.11糖1105,7009.0,13.01,13.01
2008-10-09,SB1105,13.06,13.06,12.94,12.94,84.0,,NO.11糖1105,7009.0,12.94,12.94
2008-10-10,SB1105,12.53,12.65,12.38,12.39,129.0,,NO.11糖1105,6925.0,12.39,12.39
2008-10-13,SB1105,12.78,12.87,12.78,12.8,162.0,,NO.11糖1105,6955.0,12.8,12.8
2008-10-14,SB1105,13.08,13.11,12.83,12.84,168.0,,NO.11糖1105,6970.0,12.84,12.84
2008-10-15,SB1105,12.71,12.71,12.29,12.29,545.0,,NO.11糖1105,6979.0,12.29,12.29
2008-10-16,SB1105,12.35,12.38,12.08,12.27,142.0,,NO.11糖1105,7062.0,12.27,12.27
2008-10-17,SB1105,12.44,12.71,12.44,12.63,40.0,,NO.11糖1105,7027.0,12.63,12.63
2008-10-20,SB1105,12.61,12.65,12.55,12.57,326.0,,NO.11糖1105,7175.0,12.57,12.57
2008-10-21,SB1105,12.55,12.55,12.35,12.46,768.0,,NO.11糖1105,7145.0,12.46,12.46
2008-10-22,SB1105,12.35,12.36,12.26,12.26,1606.0,,NO.11糖1105,6287.0,12.26,12.26
2008-10-23,SB1105,12.18,12.42,12.09,12.18,1023.0,,NO.11糖1105,5689.0,12.18,12.18
2008-10-24,SB1105,12.06,12.28,11.84,12.16,962.0,,NO.11糖1105,5270.0,12.16,12.16
2008-10-27,SB1105,12.22,12.39,12.22,12.38,848.0,,NO.11糖1105,4581.0,12.38,12.38
2008-10-28,SB1105,,,,12.51,47.0,,NO.11糖1105,4589.0,12.51,12.51
2008-10-29,SB1105,13.18,13.38,13.17,13.28,81.0,,NO.11糖1105,4641.0,13.28,13.28
2008-10-30,SB1105,13.12,13.12,12.99,12.99,147.0,,NO.11糖1105,4672.0,12.99,12.99
2008-10-31,SB1105,13.05,13.2,13.05,13.19,56.0,,NO.11糖1105,4704.0,13.19,13.19
2008-11-03,SB1105,,,,13.38,24.0,,NO.11糖1105,4699.0,13.38,13.38
2008-11-04,SB1105,13.58,13.86,13.58,13.86,17.0,,NO.11糖1105,4692.0,13.86,13.86
2008-11-05,SB1105,13.9,13.9,13.57,13.86,85.0,,NO.11糖1105,4715.0,13.86,13.86
2008-11-06,SB1105,13.53,13.53,13.05,13.14,156.0,,NO.11糖1105,4803.0,13.14,13.14
2008-11-07,SB1105,,,,13.36,127.0,,NO.11糖1105,4865.0,13.36,13.36
2008-11-10,SB1105,,,,13.28,7.0,,NO.11糖1105,4865.0,13.28,13.28
2008-11-11,SB1105,12.97,13.12,12.97,13.12,97.0,,NO.11糖1105,4943.0,13.12,13.12
2008-11-12,SB1105,13.12,13.12,12.77,12.95,84.0,,NO.11糖1105,4974.0,12.95,12.95
2008-11-13,SB1105,12.74,12.74,12.72,12.72,131.0,,NO.11糖1105,4978.0,12.72,12.72
2008-11-14,SB1105,12.97,12.99,12.91,12.99,118.0,,NO.11糖1105,4927.0,12.99,12.99
2008-11-17,SB1105,12.59,13.02,12.59,13.02,21.0,,NO.11糖1105,4935.0,13.02,13.02
2008-11-18,SB1105,12.96,12.96,12.9,12.9,6.0,,NO.11糖1105,4924.0,12.9,12.9
2008-11-19,SB1105,13.07,13.07,12.99,12.99,25.0,,NO.11糖1105,4931.0,12.99,12.99
2008-11-20,SB1105,12.86,12.98,12.84,12.84,131.0,,NO.11糖1105,4966.0,12.84,12.84
2008-11-21,SB1105,12.82,12.82,12.63,12.63,103.0,,NO.11糖1105,4980.0,12.63,12.63
2008-11-24,SB1105,,,,13.02,41.0,,NO.11糖1105,4999.0,13.02,13.02
2008-11-25,SB1105,13.21,13.21,13.02,13.02,381.0,,NO.11糖1105,4814.0,13.02,13.02
2008-11-26,SB1105,13.06,13.43,13.06,13.3,20.0,,NO.11糖1105,4814.0,13.3,13.3
2008-11-28,SB1105,13.34,13.41,13.34,13.41,69.0,,NO.11糖1105,4814.0,13.41,13.41
2008-12-01,SB1105,13.25,13.26,13.21,13.24,185.0,,NO.11糖1105,4814.0,13.24,13.24
2008-12-02,SB1105,13.3,13.36,13.3,13.36,219.0,,NO.11糖1105,4937.0,13.36,13.36
2008-12-03,SB1105,,,,12.92,43.0,,NO.11糖1105,4952.0,12.92,12.92
2008-12-04,SB1105,12.75,12.75,12.58,12.58,71.0,,NO.11糖1105,4934.0,12.58,12.58
2008-12-05,SB1105,12.57,12.57,12.41,12.41,98.0,,NO.11糖1105,4952.0,12.41,12.41
2008-12-08,SB1105,,,,13.07,1.0,,NO.11糖1105,4952.0,13.07,13.07
2008-12-09,SB1105,12.92,13.13,12.92,13.0,250.0,,NO.11糖1105,4917.0,13.0,13.0
2008-12-10,SB1105,13.24,13.39,13.24,13.38,203.0,,NO.11糖1105,4999.0,13.38,13.38
2008-12-11,SB1105,13.65,13.69,13.61,13.61,72.0,,NO.11糖1105,5016.0,13.61,13.61
2008-12-12,SB1105,13.51,13.52,13.41,13.41,119.0,,NO.11糖1105,5058.0,13.41,13.41
2008-12-15,SB1105,13.59,13.59,13.29,13.29,16.0,,NO.11糖1105,5050.0,13.29,13.29
2008-12-16,SB1105,13.41,13.41,13.4,13.4,165.0,,NO.11糖1105,5152.0,13.4,13.4
2008-12-17,SB1105,13.52,13.59,13.34,13.52,112.0,,NO.11糖1105,5205.0,13.52,13.52
2008-12-18,SB1105,13.6,13.67,13.58,13.67,49.0,,NO.11糖1105,5216.0,13.67,13.67
2008-12-19,SB1105,13.27,13.27,12.97,12.98,429.0,,NO.11糖1105,5359.0,12.98,12.98
2008-12-22,SB1105,13.27,13.27,13.15,13.15,62.0,,NO.11糖1105,5382.0,13.15,13.15
2008-12-23,SB1105,13.14,13.28,13.14,13.23,121.0,,NO.11糖1105,5390.0,13.23,13.23
2008-12-24,SB1105,13.27,13.27,13.23,13.27,3.0,,NO.11糖1105,5387.0,13.4,13.27
2008-12-26,SB1105,,,,13.36,46.0,,NO.11糖1105,5425.0,13.36,13.36
2008-12-29,SB1105,13.43,13.44,13.4,13.41,296.0,,NO.11糖1105,5368.0,13.41,13.41
2008-12-30,SB1105,13.42,13.49,13.42,13.49,79.0,,NO.11糖1105,5384.0,13.49,13.49
2008-12-31,SB1105,13.72,13.89,13.72,13.88,537.0,,NO.11糖1105,5684.0,13.69,13.88
2009-01-02,SB1105,13.73,13.78,13.7,13.73,80.0,,NO.11糖1105,5697.0,13.73,13.73
2009-01-05,SB1105,13.81,14.05,13.8,13.82,568.0,,NO.11糖1105,5719.0,13.82,13.82
2009-01-06,SB1105,14.16,14.37,14.13,14.25,435.0,,NO.11糖1105,5812.0,14.25,14.25
2009-01-07,SB1105,14.19,14.29,14.12,14.14,208.0,,NO.11糖1105,5848.0,14.14,14.14
2009-01-08,SB1105,14.2,14.23,14.1,14.1,58.0,,NO.11糖1105,5882.0,14.1,14.1
2009-01-09,SB1105,,,,14.03,111.0,,NO.11糖1105,6375.0,14.03,14.03
2009-01-12,SB1105,14.05,14.05,13.54,13.54,82.0,,NO.11糖1105,5940.0,13.54,13.54
2009-01-13,SB1105,13.62,13.72,13.58,13.58,131.0,,NO.11糖1105,5916.0,13.58,13.58
2009-01-14,SB1105,13.72,13.74,13.45,13.45,278.0,,NO.11糖1105,6099.0,13.45,13.45
2009-01-15,SB1105,13.66,13.86,13.59,13.78,403.0,,NO.11糖1105,6225.0,13.78,13.78
2009-01-16,SB1105,13.98,14.23,13.98,14.07,403.0,,NO.11糖1105,6292.0,14.07,14.07
2009-01-20,SB1105,13.98,14.14,13.98,14.14,136.0,,NO.11糖1105,6339.0,14.14,14.14
2009-01-21,SB1105,13.97,13.98,13.8,13.86,299.0,,NO.11糖1105,6265.0,13.86,13.86
2009-01-22,SB1105,13.74,13.82,13.74,13.82,136.0,,NO.11糖1105,6251.0,13.82,13.82
2009-01-23,SB1105,13.87,13.99,13.87,13.94,101.0,,NO.11糖1105,6290.0,13.94,13.94
2009-01-26,SB1105,13.96,14.01,13.95,13.98,65.0,,NO.11糖1105,6287.0,13.98,13.98
2009-01-27,SB1105,13.99,14.01,13.94,13.96,102.0,,NO.11糖1105,6278.0,13.96,13.96
2009-01-28,SB1105,14.0,14.1,13.99,14.06,162.0,,NO.11糖1105,6319.0,14.06,14.06
2009-01-29,SB1105,14.08,14.09,13.93,13.96,73.0,,NO.11糖1105,6317.0,13.96,13.96
2009-01-30,SB1105,14.07,14.07,13.95,13.96,31.0,,NO.11糖1105,6301.0,13.96,13.96
2009-02-02,SB1105,13.8,14.01,13.78,13.87,136.0,,NO.11糖1105,6276.0,13.87,13.87
2009-02-03,SB1105,13.99,14.0,13.73,13.77,153.0,,NO.11糖1105,6274.0,13.77,13.77
2009-02-04,SB1105,13.76,13.76,13.55,13.64,90.0,,NO.11糖1105,6317.0,13.64,13.64
2009-02-05,SB1105,13.57,13.96,13.57,13.96,74.0,,NO.11糖1105,6337.0,13.96,13.96
2009-02-06,SB1105,13.98,14.11,13.98,14.1,167.0,,NO.11糖1105,6330.0,14.1,14.1
2009-02-09,SB1105,14.15,14.16,14.09,14.11,39.0,,NO.11糖1105,6359.0,14.11,14.11
2009-02-10,SB1105,14.15,14.16,14.15,14.16,22.0,,NO.11糖1105,6377.0,14.16,14.16
2009-02-11,SB1105,14.1,14.2,14.1,14.2,34.0,,NO.11糖1105,6405.0,14.2,14.2
2009-02-12,SB1105,14.06,14.22,14.06,14.22,274.0,,NO.11糖1105,6403.0,14.22,14.22
2009-02-13,SB1105,,,,14.23,14.0,,NO.11糖1105,6404.0,14.23,14.23
2009-02-17,SB1105,14.0,14.05,14.0,14.05,83.0,,NO.11糖1105,6409.0,14.05,14.05
2009-02-18,SB1105,13.81,13.81,13.68,13.68,57.0,,NO.11糖1105,6461.0,13.68,13.68
2009-02-19,SB1105,13.84,13.9,13.8,13.86,254.0,,NO.11糖1105,6442.0,13.86,13.86
2009-02-20,SB1105,13.66,13.76,13.66,13.76,2.0,,NO.11糖1105,6442.0,13.76,13.76
2009-02-23,SB1105,13.89,13.89,13.73,13.73,27.0,,NO.11糖1105,6429.0,13.73,13.73
2009-02-24,SB1105,13.75,13.83,13.75,13.83,28.0,,NO.11糖1105,6425.0,13.83,13.83
2009-02-25,SB1105,13.83,13.98,13.83,13.96,269.0,,NO.11糖1105,6565.0,13.96,13.96
2009-02-26,SB1105,13.96,14.2,13.95,14.14,355.0,,NO.11糖1105,6628.0,14.14,14.14
2009-02-27,SB1105,13.99,14.02,13.94,13.97,1277.0,,NO.11糖1105,7626.0,14.01,13.97
2009-03-02,SB1105,13.82,13.9,13.1,13.1,2850.0,,NO.11糖1105,7260.0,13.1,13.1
2009-03-03,SB1105,13.19,13.2,13.03,13.12,295.0,,NO.11糖1105,6712.0,13.12,13.12
2009-03-04,SB1105,13.64,13.66,13.64,13.66,38.0,,NO.11糖1105,6712.0,13.66,13.66
2009-03-05,SB1105,13.54,13.54,13.25,13.44,151.0,,NO.11糖1105,6736.0,13.44,13.44
2009-03-06,SB1105,13.52,13.52,13.37,13.44,120.0,,NO.11糖1105,6771.0,13.44,13.44
2009-03-09,SB1105,13.07,13.25,13.07,13.24,48.0,,NO.11糖1105,6809.0,13.24,13.24
2009-03-10,SB1105,13.24,13.4,13.24,13.35,260.0,,NO.11糖1105,6875.0,13.35,13.35
2009-03-11,SB1105,13.53,13.7,13.53,13.7,55.0,,NO.11糖1105,6904.0,13.7,13.7
2009-03-12,SB1105,13.75,13.95,13.75,13.95,12.0,,NO.11糖1105,6900.0,13.95,13.95
2009-03-13,SB1105,13.94,13.94,13.81,13.86,498.0,,NO.11糖1105,6895.0,13.86,13.86
2009-03-16,SB1105,13.84,13.98,13.84,13.98,250.0,,NO.11糖1105,6795.0,13.98,13.98
2009-03-17,SB1105,13.82,14.09,13.82,14.09,110.0,,NO.11糖1105,6693.0,14.09,14.09
2009-03-18,SB1105,14.15,14.2,14.08,14.18,23.0,,NO.11糖1105,6647.0,14.18,14.18
2009-03-19,SB1105,14.39,14.5,14.37,14.5,145.0,,NO.11糖1105,6672.0,14.5,14.5
2009-03-20,SB1105,14.5,14.53,14.41,14.53,139.0,,NO.11糖1105,6715.0,14.53,14.53
2009-03-23,SB1105,14.55,14.55,14.47,14.52,81.0,,NO.11糖1105,6743.0,14.52,14.52
2009-03-24,SB1105,14.52,14.57,14.25,14.42,994.0,,NO.11糖1105,7022.0,14.42,14.42
2009-03-25,SB1105,,,,14.43,87.0,,NO.11糖1105,7043.0,14.43,14.43
2009-03-26,SB1105,14.52,14.52,14.38,14.48,233.0,,NO.11糖1105,7258.0,14.48,14.48
2009-03-27,SB1105,14.29,14.43,14.29,14.43,541.0,,NO.11糖1105,7538.0,14.43,14.43
2009-03-30,SB1105,,,,14.33,39.0,,NO.11糖1105,7557.0,14.33,14.33
2009-03-31,SB1105,14.36,14.45,14.36,14.45,22.0,,NO.11糖1105,7551.0,14.45,14.45
2009-04-01,SB1105,,,,14.32,32.0,,NO.11糖1105,7558.0,14.32,14.32
2009-04-02,SB1105,14.45,14.53,14.45,14.53,109.0,,NO.11糖1105,7526.0,14.53,14.53
2009-04-03,SB1105,14.4,14.4,14.27,14.27,148.0,,NO.11糖1105,7508.0,14.27,14.27
2009-04-06,SB1105,14.12,14.12,14.02,14.02,156.0,,NO.11糖1105,7514.0,14.02,14.02
2009-04-07,SB1105,14.02,14.05,14.02,14.05,147.0,,NO.11糖1105,7442.0,14.05,14.05
2009-04-08,SB1105,,,,14.18,69.0,,NO.11糖1105,7486.0,14.18,14.18
2009-04-09,SB1105,,,,14.54,8591.0,,NO.11糖1105,8658.0,14.54,14.54
2009-04-13,SB1105,,,,14.66,104.0,,NO.11糖1105,8704.0,14.66,14.66
2009-04-14,SB1105,14.48,14.6,14.48,14.49,104.0,,NO.11糖1105,6909.0,14.49,14.49
2009-04-15,SB1105,14.51,14.51,14.4,14.46,257.0,,NO.11糖1105,7019.0,14.46,14.46
2009-04-16,SB1105,,,,14.21,46.0,,NO.11糖1105,7023.0,14.21,14.21
2009-04-17,SB1105,14.27,14.38,14.27,14.38,91.0,,NO.11糖1105,7073.0,14.38,14.38
2009-04-20,SB1105,14.18,14.18,14.15,14.15,99.0,,NO.11糖1105,7143.0,14.15,14.15
2009-04-21,SB1105,14.1,14.17,14.02,14.17,248.0,,NO.11糖1105,7251.0,14.17,14.17
2009-04-22,SB1105,,,,14.12,1490.0,,NO.11糖1105,6963.0,14.12,14.12
2009-04-23,SB1105,14.18,14.18,14.12,14.12,492.0,,NO.11糖1105,6984.0,14.12,14.12
2009-04-24,SB1105,14.18,14.35,14.18,14.35,833.0,,NO.11糖1105,6928.0,14.35,14.35
2009-04-27,SB1105,14.26,14.26,14.16,14.16,1417.0,,NO.11糖1105,6815.0,14.16,14.16
2009-04-28,SB1105,14.23,14.34,14.23,14.34,800.0,,NO.11糖1105,6873.0,14.34,14.34
2009-04-29,SB1105,,,,14.38,472.0,,NO.11糖1105,6928.0,14.38,14.38
2009-04-30,SB1105,14.58,14.58,14.52,14.52,128.0,,NO.11糖1105,6997.0,14.55,14.52
2009-05-01,SB1105,14.89,14.91,14.89,14.91,767.0,,NO.11糖1105,7000.0,14.91,14.91
2009-05-04,SB1105,14.89,14.89,14.88,14.88,4.0,,NO.11糖1105,7000.0,14.88,14.88
2009-05-05,SB1105,,,,14.81,128.0,,NO.11糖1105,7025.0,14.81,14.81
2009-05-06,SB1105,,,,14.87,19.0,,NO.11糖1105,7023.0,14.87,14.87
2009-05-07,SB1105,14.82,14.87,14.82,14.87,165.0,,NO.11糖1105,6925.0,14.87,14.87
2009-05-08,SB1105,,,,14.69,61.0,,NO.11糖1105,6944.0,14.69,14.69
2009-05-11,SB1105,14.74,15.04,14.74,15.04,214.0,,NO.11糖1105,6938.0,15.04,15.04
2009-05-12,SB1105,15.05,15.28,15.05,15.28,243.0,,NO.11糖1105,7015.0,15.28,15.28
2009-05-13,SB1105,15.23,15.3,15.23,15.25,124.0,,NO.11糖1105,7061.0,15.25,15.25
2009-05-14,SB1105,15.25,15.5,15.25,15.49,934.0,,NO.11糖1105,7002.0,15.49,15.49
2009-05-15,SB1105,15.46,15.46,15.32,15.32,91.0,,NO.11糖1105,7018.0,15.32,15.32
2009-05-18,SB1105,15.42,15.87,15.42,15.87,603.0,,NO.11糖1105,7214.0,15.87,15.87
2009-05-19,SB1105,15.7,15.99,15.7,15.99,215.0,,NO.11糖1105,7255.0,15.99,15.99
2009-05-20,SB1105,,,,15.88,311.0,,NO.11糖1105,7248.0,15.88,15.88
2009-05-21,SB1105,,,,16.11,289.0,,NO.11糖1105,7401.0,16.11,16.11
2009-05-22,SB1105,,,,16.07,59.0,,NO.11糖1105,7442.0,16.07,16.07
2009-05-26,SB1105,16.05,16.1,15.94,16.1,446.0,,NO.11糖1105,7516.0,16.1,16.1
2009-05-27,SB1105,,,,16.19,304.0,,NO.11糖1105,7565.0,16.19,16.19
2009-05-28,SB1105,16.09,16.09,16.05,16.08,609.0,,NO.11糖1105,7688.0,16.08,16.08
2009-05-29,SB1105,16.05,16.15,16.01,16.01,699.0,,NO.11糖1105,7764.0,16.01,16.01
2009-06-01,SB1105,,,,16.25,627.0,,NO.11糖1105,7844.0,16.25,16.25
2009-06-02,SB1105,16.24,16.26,16.15,16.26,931.0,,NO.11糖1105,8249.0,16.26,16.26
2009-06-03,SB1105,,,,16.11,455.0,,NO.11糖1105,8504.0,16.11,16.11
2009-06-04,SB1105,16.09,16.41,16.09,16.24,1234.0,,NO.11糖1105,8839.0,16.24,16.24
2009-06-05,SB1105,16.24,16.36,16.24,16.36,235.0,,NO.11糖1105,8909.0,16.36,16.36
2009-06-08,SB1105,16.24,16.28,16.24,16.27,609.0,,NO.11糖1105,9182.0,16.27,16.27
2009-06-09,SB1105,16.3,16.36,16.3,16.36,126.0,,NO.11糖1105,9231.0,16.36,16.36
2009-06-10,SB1105,16.29,16.29,16.22,16.22,503.0,,NO.11糖1105,9305.0,16.22,16.22
2009-06-11,SB1105,16.22,16.35,16.22,16.35,977.0,,NO.11糖1105,9302.0,16.35,16.35
2009-06-12,SB1105,16.27,16.32,16.27,16.32,305.0,,NO.11糖1105,9313.0,16.32,16.32
2009-06-15,SB1105,15.85,15.85,15.84,15.84,228.0,,NO.11糖1105,9167.0,15.84,15.84
2009-06-16,SB1105,15.65,15.69,15.65,15.69,117.0,,NO.11糖1105,9227.0,15.69,15.69
2009-06-17,SB1105,15.5,15.78,15.5,15.78,224.0,,NO.11糖1105,9232.0,15.78,15.78
2009-06-18,SB1105,,,,15.64,184.0,,NO.11糖1105,9149.0,15.64,15.64
2009-06-19,SB1105,,,,15.87,8.0,,NO.11糖1105,9149.0,15.87,15.87
2009-06-22,SB1105,,,,15.99,199.0,,NO.11糖1105,9120.0,15.99,15.99
2009-06-23,SB1105,16.13,16.47,16.13,16.47,290.0,,NO.11糖1105,9113.0,16.47,16.47
2009-06-24,SB1105,16.43,16.57,16.43,16.57,252.0,,NO.11糖1105,9109.0,16.57,16.57
2009-06-25,SB1105,16.65,17.04,16.65,17.04,903.0,,NO.11糖1105,8998.0,17.04,17.04
2009-06-26,SB1105,16.73,16.85,16.6,16.6,230.0,,NO.11糖1105,8986.0,16.6,16.6
2009-06-29,SB1105,16.83,17.1,16.83,17.1,249.0,,NO.11糖1105,8935.0,17.1,17.1
2009-06-30,SB1105,17.1,17.15,17.1,17.15,348.0,,NO.11糖1105,8917.0,17.18,17.15
2009-07-01,SB1105,,,,17.16,114.0,,NO.11糖1105,8915.0,17.16,17.16
2009-07-02,SB1105,16.92,16.97,16.92,16.97,226.0,,NO.11糖1105,8926.0,16.97,16.97
2009-07-06,SB1105,16.5,16.73,16.5,16.73,222.0,,NO.11糖1105,8954.0,16.73,16.73
2009-07-07,SB1105,,,,16.5,124.0,,NO.11糖1105,8978.0,16.5,16.5
2009-07-08,SB1105,16.6,16.7,16.58,16.7,394.0,,NO.11糖1105,9069.0,16.7,16.7
2009-07-09,SB1105,16.47,16.57,16.45,16.57,296.0,,NO.11糖1105,9048.0,16.57,16.57
2009-07-10,SB1105,16.5,16.7,16.5,16.6,793.0,,NO.11糖1105,9223.0,16.6,16.6
2009-07-13,SB1105,16.62,16.81,16.62,16.81,238.0,,NO.11糖1105,9310.0,16.81,16.81
2009-07-14,SB1105,16.86,17.01,16.86,16.95,927.0,,NO.11糖1105,9468.0,16.95,16.95
2009-07-15,SB1105,16.96,17.05,16.84,16.99,557.0,,NO.11糖1105,9444.0,16.99,16.99
2009-07-16,SB1105,17.1,17.1,16.68,16.68,32.0,,NO.11糖1105,9451.0,16.68,16.68
2009-07-17,SB1105,16.75,16.75,16.62,16.62,58.0,,NO.11糖1105,9445.0,16.58,16.62
2009-07-20,SB1105,16.65,16.98,16.65,16.98,205.0,,NO.11糖1105,9518.0,16.95,16.98
2009-07-21,SB1105,17.01,17.04,17.01,17.01,225.0,,NO.11糖1105,9609.0,17.01,17.01
2009-07-22,SB1105,,,,17.13,102.0,,NO.11糖1105,9642.0,17.13,17.13
2009-07-23,SB1105,17.05,17.1,17.02,17.02,175.0,,NO.11糖1105,9652.0,17.02,17.02
2009-07-24,SB1105,,,,17.11,153.0,,NO.11糖1105,9657.0,17.11,17.11
2009-07-27,SB1105,17.2,17.24,17.18,17.18,100.0,,NO.11糖1105,9660.0,17.18,17.18
2009-07-28,SB1105,17.26,17.26,17.16,17.26,556.0,,NO.11糖1105,10022.0,17.26,17.26
2009-07-29,SB1105,17.2,17.21,17.2,17.21,188.0,,NO.11糖1105,10020.0,17.21,17.21
2009-07-30,SB1105,17.22,17.34,17.22,17.34,345.0,,NO.11糖1105,10099.0,17.34,17.34
2009-07-31,SB1105,17.34,17.41,17.18,17.3,685.0,,NO.11糖1105,10282.0,17.3,17.3
2009-08-03,SB1105,17.48,17.48,17.48,17.48,633.0,,NO.11糖1105,10330.0,17.48,17.48
2009-08-04,SB1105,17.65,17.75,17.65,17.74,680.0,,NO.11糖1105,10259.0,17.74,17.74
2009-08-05,SB1105,17.81,17.83,17.73,17.83,633.0,,NO.11糖1105,10329.0,17.83,17.83
2009-08-06,SB1105,18.1,18.15,18.02,18.1,759.0,,NO.11糖1105,10439.0,18.1,18.1
2009-08-07,SB1105,18.39,18.6,18.39,18.57,1799.0,,NO.11糖1105,10663.0,18.57,18.57
2009-08-10,SB1105,18.75,19.05,18.73,18.73,1388.0,,NO.11糖1105,10859.0,18.73,18.73
2009-08-11,SB1105,18.4,18.4,18.36,18.36,572.0,,NO.11糖1105,10927.0,18.36,18.36
2009-08-12,SB1105,18.1,18.31,17.86,18.25,1274.0,,NO.11糖1105,11346.0,18.25,18.25
2009-08-13,SB1105,17.96,18.5,17.96,18.37,990.0,,NO.11糖1105,11536.0,18.37,18.37
2009-08-14,SB1105,18.38,18.38,18.37,18.37,294.0,,NO.11糖1105,11550.0,18.37,18.37
2009-08-17,SB1105,18.19,18.61,17.97,18.61,460.0,,NO.11糖1105,11469.0,18.61,18.61
2009-08-18,SB1105,18.63,18.63,18.57,18.57,291.0,,NO.11糖1105,11456.0,18.57,18.57
2009-08-19,SB1105,18.61,18.91,18.59,18.91,747.0,,NO.11糖1105,11402.0,18.91,18.91
2009-08-20,SB1105,18.96,18.96,18.13,18.32,443.0,,NO.11糖1105,11331.0,18.32,18.32
2009-08-21,SB1105,18.25,18.25,18.25,18.25,306.0,,NO.11糖1105,11343.0,18.25,18.25
2009-08-24,SB1105,18.34,18.34,18.26,18.26,319.0,,NO.11糖1105,11267.0,18.26,18.26
2009-08-25,SB1105,18.39,18.45,18.35,18.35,218.0,,NO.11糖1105,11288.0,18.35,18.35
2009-08-26,SB1105,,,,18.59,183.0,,NO.11糖1105,11320.0,18.59,18.59
2009-08-27,SB1105,,,,18.57,165.0,,NO.11糖1105,11334.0,18.57,18.57
2009-08-28,SB1105,18.68,18.82,18.68,18.82,768.0,,NO.11糖1105,11638.0,18.82,18.82
2009-08-31,SB1105,18.82,19.05,18.79,19.05,601.0,,NO.11糖1105,11750.0,19.05,19.05
2009-09-01,SB1105,19.05,19.05,18.48,18.97,185.0,,NO.11糖1105,11742.0,18.97,18.97
2009-09-02,SB1105,18.95,18.95,18.32,18.69,446.0,,NO.11糖1105,11807.0,18.69,18.69
2009-09-03,SB1105,18.58,18.62,18.25,18.35,1356.0,,NO.11糖1105,11686.0,18.35,18.35
2009-09-04,SB1105,18.45,18.45,17.55,17.55,1086.0,,NO.11糖1105,11504.0,17.55,17.55
2009-09-08,SB1105,17.63,17.63,17.58,17.58,362.0,,NO.11糖1105,11449.0,17.58,17.58
2009-09-09,SB1105,18.16,18.2,17.98,17.98,222.0,,NO.11糖1105,11491.0,17.98,17.98
2009-09-10,SB1105,18.29,18.77,18.29,18.77,737.0,,NO.11糖1105,11487.0,18.77,18.77
2009-09-11,SB1105,18.75,18.75,18.42,18.42,884.0,,NO.11糖1105,11509.0,18.42,18.42
2009-09-14,SB1105,18.61,19.06,18.59,19.05,268.0,,NO.11糖1105,11462.0,19.05,19.05
2009-09-15,SB1105,,,,18.83,114.0,,NO.11糖1105,11540.0,18.83,18.83
2009-09-16,SB1105,18.84,19.0,18.75,18.92,504.0,,NO.11糖1105,11436.0,18.92,18.92
2009-09-17,SB1105,,,,18.62,334.0,,NO.11糖1105,11381.0,18.62,18.62
2009-09-18,SB1105,18.28,18.42,18.25,18.25,454.0,,NO.11糖1105,11213.0,18.25,18.25
2009-09-21,SB1105,,,,18.44,112.0,,NO.11糖1105,11171.0,18.44,18.44
2009-09-22,SB1105,18.54,18.66,18.54,18.66,280.0,,NO.11糖1105,11158.0,18.66,18.66
2009-09-23,SB1105,18.6,18.63,18.15,18.15,189.0,,NO.11糖1105,11167.0,18.15,18.15
2009-09-24,SB1105,18.26,18.26,18.22,18.22,277.0,,NO.11糖1105,11024.0,18.22,18.22
2009-09-25,SB1105,18.35,18.4,18.35,18.4,207.0,,NO.11糖1105,11024.0,18.4,18.4
2009-09-28,SB1105,18.5,18.79,18.5,18.78,536.0,,NO.11糖1105,11157.0,18.78,18.78
2009-09-29,SB1105,18.9,19.02,18.84,19.01,1103.0,,NO.11糖1105,11489.0,19.01,19.01
2009-09-30,SB1105,19.1,19.2,19.1,19.2,466.0,,NO.11糖1105,11575.0,19.21,19.2
2009-10-01,SB1105,18.87,18.88,18.82,18.86,1114.0,,NO.11糖1105,11411.0,18.86,18.86
2009-10-02,SB1105,,,,18.47,275.0,,NO.11糖1105,11355.0,18.47,18.47
2009-10-05,SB1105,18.76,18.76,18.6,18.75,373.0,,NO.11糖1105,11446.0,18.75,18.75
2009-10-06,SB1105,18.79,18.79,18.64,18.64,106.0,,NO.11糖1105,11443.0,18.64,18.64
2009-10-07,SB1105,18.47,18.47,18.22,18.22,1716.0,,NO.11糖1105,11499.0,18.22,18.22
2009-10-08,SB1105,17.6,18.22,17.45,18.22,799.0,,NO.11糖1105,11682.0,18.22,18.22
2009-10-09,SB1105,18.47,18.53,17.43,17.56,482.0,,NO.11糖1105,11493.0,17.56,17.56
2009-10-12,SB1105,17.95,17.95,17.7,17.93,502.0,,NO.11糖1105,11625.0,17.93,17.93
2009-10-13,SB1105,17.95,18.51,17.95,18.51,808.0,,NO.11糖1105,11568.0,18.51,18.51
2009-10-14,SB1105,18.8,18.85,18.45,18.58,187.0,,NO.11糖1105,11479.0,18.58,18.58
2009-10-15,SB1105,19.04,19.33,19.04,19.22,628.0,,NO.11糖1105,11713.0,19.22,19.22
2009-10-16,SB1105,19.22,19.22,18.89,18.93,662.0,,NO.11糖1105,11889.0,18.93,18.93
2009-10-19,SB1105,19.15,19.15,18.7,18.71,248.0,,NO.11糖1105,11833.0,18.71,18.71
2009-10-20,SB1105,18.19,18.32,18.19,18.32,292.0,,NO.11糖1105,11699.0,18.32,18.32
2009-10-21,SB1105,18.4,18.63,18.4,18.63,271.0,,NO.11糖1105,11676.0,18.63,18.63
2009-10-22,SB1105,18.28,18.28,18.19,18.19,155.0,,NO.11糖1105,11678.0,18.19,18.19
2009-10-23,SB1105,18.0,18.23,18.0,18.22,416.0,,NO.11糖1105,11859.0,18.22,18.22
2009-10-26,SB1105,18.34,18.54,18.09,18.28,753.0,,NO.11糖1105,11706.0,18.28,18.28
2009-10-27,SB1105,18.47,18.48,18.19,18.19,486.0,,NO.11糖1105,11815.0,18.19,18.19
2009-10-28,SB1105,17.83,18.02,17.58,17.58,525.0,,NO.11糖1105,11888.0,17.58,17.58
2009-10-29,SB1105,17.6,17.92,17.6,17.92,446.0,,NO.11糖1105,11980.0,17.92,17.92
2009-10-30,SB1105,17.67,18.04,17.67,18.04,811.0,,NO.11糖1105,12286.0,18.04,18.04
2009-11-02,SB1105,18.15,18.36,18.15,18.36,310.0,,NO.11糖1105,12276.0,18.36,18.36
2009-11-03,SB1105,18.22,18.63,18.22,18.63,231.0,,NO.11糖1105,12345.0,18.63,18.63
2009-11-04,SB1105,18.53,18.6,18.53,18.6,151.0,,NO.11糖1105,12381.0,18.6,18.6
2009-11-05,SB1105,18.08,18.08,17.64,17.92,258.0,,NO.11糖1105,12523.0,17.92,17.92
2009-11-06,SB1105,18.1,18.1,17.83,17.83,208.0,,NO.11糖1105,12543.0,17.83,17.83
2009-11-09,SB1105,18.03,18.03,17.58,17.58,159.0,,NO.11糖1105,12555.0,17.58,17.58
2009-11-10,SB1105,17.08,17.22,17.08,17.22,142.0,,NO.11糖1105,12561.0,17.22,17.22
2009-11-11,SB1105,17.6,17.77,17.59,17.71,1809.0,,NO.11糖1105,12252.0,17.71,17.71
2009-11-12,SB1105,17.6,17.73,17.6,17.73,215.0,,NO.11糖1105,12190.0,17.73,17.73
2009-11-13,SB1105,17.8,18.0,17.8,18.0,151.0,,NO.11糖1105,12187.0,18.0,18.0
2009-11-16,SB1105,18.1,18.23,18.1,18.18,436.0,,NO.11糖1105,12176.0,18.18,18.18
2009-11-17,SB1105,18.11,18.15,18.11,18.15,289.0,,NO.11糖1105,12316.0,18.15,18.15
2009-11-18,SB1105,18.3,18.45,18.28,18.32,343.0,,NO.11糖1105,12245.0,18.32,18.32
2009-11-19,SB1105,18.05,18.15,18.05,18.12,1239.0,,NO.11糖1105,11894.0,18.12,18.12
2009-11-20,SB1105,18.29,18.29,17.9,18.07,800.0,,NO.11糖1105,12000.0,18.07,18.07
2009-11-23,SB1105,18.34,18.37,18.0,18.17,1150.0,,NO.11糖1105,12026.0,18.17,18.17
2009-11-24,SB1105,18.24,18.45,18.17,18.18,990.0,,NO.11糖1105,12177.0,18.18,18.18
2009-11-25,SB1105,18.16,18.5,18.14,18.31,205.0,,NO.11糖1105,12259.0,18.31,18.31
2009-11-27,SB1105,18.27,18.5,18.19,18.5,39.0,,NO.11糖1105,12247.0,18.5,18.5
2009-11-30,SB1105,18.5,18.53,18.24,18.53,483.0,,NO.11糖1105,12335.0,18.53,18.53
2009-12-01,SB1105,18.72,18.95,18.72,18.73,951.0,,NO.11糖1105,12205.0,18.73,18.73
2009-12-02,SB1105,18.87,19.06,18.74,19.05,1860.0,,NO.11糖1105,12450.0,19.05,19.05
2009-12-03,SB1105,19.33,19.33,18.97,19.17,647.0,,NO.11糖1105,12352.0,19.17,19.17
2009-12-04,SB1105,19.12,19.12,18.55,19.0,270.0,,NO.11糖1105,12396.0,19.0,19.0
2009-12-07,SB1105,18.9,19.0,18.9,18.98,580.0,,NO.11糖1105,12460.0,18.98,18.98
2009-12-08,SB1105,18.93,18.93,18.85,18.85,198.0,,NO.11糖1105,12402.0,18.85,18.85
2009-12-09,SB1105,18.85,19.0,18.85,18.89,516.0,,NO.11糖1105,12353.0,18.89,18.89
2009-12-10,SB1105,19.05,19.27,19.05,19.27,1772.0,,NO.11糖1105,12306.0,19.27,19.27
2009-12-11,SB1105,19.3,19.5,19.08,19.5,669.0,,NO.11糖1105,12380.0,19.5,19.5
2009-12-14,SB1105,19.4,19.82,19.4,19.82,476.0,,NO.11糖1105,12313.0,19.82,19.82
2009-12-15,SB1105,19.51,19.54,19.0,19.19,294.0,,NO.11糖1105,12302.0,19.19,19.19
2009-12-16,SB1105,19.21,19.61,19.21,19.61,1516.0,,NO.11糖1105,12126.0,19.61,19.61
2009-12-17,SB1105,19.45,19.45,19.0,19.37,1650.0,,NO.11糖1105,12563.0,19.37,19.37
2009-12-18,SB1105,19.2,19.22,19.11,19.11,1045.0,,NO.11糖1105,12720.0,19.11,19.11
2009-12-21,SB1105,19.0,19.12,18.93,19.12,870.0,,NO.11糖1105,12979.0,19.12,19.12
2009-12-22,SB1105,19.1,19.27,19.0,19.27,2129.0,,NO.11糖1105,13691.0,19.27,19.27
2009-12-23,SB1105,19.12,19.22,19.12,19.21,910.0,,NO.11糖1105,13855.0,19.21,19.21
2009-12-24,SB1105,19.22,19.33,19.22,19.33,602.0,,NO.11糖1105,14040.0,19.33,19.33
2009-12-28,SB1105,19.27,19.28,19.09,19.1,216.0,,NO.11糖1105,14078.0,19.1,19.1
2009-12-29,SB1105,19.28,19.28,19.19,19.19,154.0,,NO.11糖1105,14089.0,19.19,19.19
2009-12-30,SB1105,19.19,19.3,19.03,19.27,568.0,,NO.11糖1105,14161.0,19.27,19.27
2009-12-31,SB1105,19.3,19.42,19.3,19.42,520.0,,NO.11糖1105,14311.0,19.42,19.42
2010-01-04,SB1105,19.4,19.68,19.4,19.67,1457.0,,NO.11糖1105,14320.0,19.67,19.67
2010-01-05,SB1105,19.7,19.86,19.51,19.68,1118.0,,NO.11糖1105,14359.0,19.68,19.68
2010-01-06,SB1105,19.42,19.81,19.2,19.6,1433.0,,NO.11糖1105,14642.0,19.6,19.6
2010-01-07,SB1105,19.55,19.55,19.01,19.18,591.0,,NO.11糖1105,14749.0,19.18,19.18
2010-01-08,SB1105,19.0,19.02,18.57,18.57,454.0,,NO.11糖1105,14903.0,18.57,18.57
2010-01-11,SB1105,18.6,18.75,18.36,18.36,182.0,,NO.11糖1105,14906.0,18.36,18.36
2010-01-12,SB1105,18.67,18.7,18.2,18.37,908.0,,NO.11糖1105,15019.0,18.37,18.37
2010-01-13,SB1105,18.4,18.67,18.3,18.67,921.0,,NO.11糖1105,15315.0,18.67,18.67
2010-01-14,SB1105,18.67,18.7,18.39,18.39,589.0,,NO.11糖1105,15378.0,18.39,18.39
2010-01-15,SB1105,18.5,18.5,18.4,18.5,357.0,,NO.11糖1105,15431.0,18.42,18.5
2010-01-19,SB1105,18.7,18.86,18.6,18.85,905.0,,NO.11糖1105,15399.0,18.83,18.85
2010-01-20,SB1105,18.85,18.92,18.37,18.43,1062.0,,NO.11糖1105,15504.0,18.43,18.43
2010-01-21,SB1105,18.25,18.75,18.24,18.69,1676.0,,NO.11糖1105,15333.0,18.69,18.69
2010-01-22,SB1105,18.44,18.66,18.4,18.48,94.0,,NO.11糖1105,15329.0,18.48,18.48
2010-01-25,SB1105,18.6,18.95,18.6,18.9,730.0,,NO.11糖1105,15407.0,18.9,18.9
2010-01-26,SB1105,18.8,18.95,18.71,18.71,632.0,,NO.11糖1105,15445.0,18.71,18.71
2010-01-27,SB1105,18.51,18.51,18.2,18.44,258.0,,NO.11糖1105,15421.0,18.44,18.44
2010-01-28,SB1105,18.6,18.91,18.6,18.91,671.0,,NO.11糖1105,15466.0,18.91,18.91
2010-01-29,SB1105,18.95,19.03,18.92,19.03,1772.0,,NO.11糖1105,16077.0,19.03,19.03
2010-02-01,SB1105,18.8,19.05,18.8,19.05,256.0,,NO.11糖1105,16091.0,19.05,19.05
2010-02-02,SB1105,19.0,19.21,19.0,19.21,1290.0,,NO.11糖1105,16331.0,19.21,19.21
2010-02-03,SB1105,19.11,19.57,19.06,19.48,1024.0,,NO.11糖1105,16460.0,19.48,19.48
2010-02-04,SB1105,19.4,19.51,19.35,19.37,859.0,,NO.11糖1105,16713.0,19.37,19.37
2010-02-05,SB1105,19.32,19.37,18.89,19.05,1169.0,,NO.11糖1105,16981.0,19.05,19.05
2010-02-08,SB1105,19.11,19.14,18.92,19.14,302.0,,NO.11糖1105,17092.0,19.14,19.14
2010-02-09,SB1105,19.15,19.15,18.9,19.11,934.0,,NO.11糖1105,17393.0,19.11,19.11
2010-02-10,SB1105,19.1,19.17,18.9,19.11,96.0,,NO.11糖1105,17404.0,19.11,19.11
2010-02-11,SB1105,19.12,19.27,19.05,19.18,191.0,,NO.11糖1105,17408.0,19.18,19.18
2010-02-12,SB1105,19.25,19.25,19.0,19.01,552.0,,NO.11糖1105,17430.0,19.01,19.01
2010-02-16,SB1105,19.01,19.34,19.01,19.33,402.0,,NO.11糖1105,17458.0,19.33,19.33
2010-02-17,SB1105,19.3,19.3,18.88,19.01,500.0,,NO.11糖1105,17476.0,19.01,19.01
2010-02-18,SB1105,18.83,19.25,18.75,19.11,331.0,,NO.11糖1105,17452.0,19.11,19.11
2010-02-19,SB1105,19.06,19.23,18.91,19.23,237.0,,NO.11糖1105,17448.0,19.23,19.23
2010-02-22,SB1105,18.99,19.2,18.69,18.69,711.0,,NO.11糖1105,17353.0,18.69,18.69
2010-02-23,SB1105,18.7,18.9,18.55,18.56,578.0,,NO.11糖1105,17346.0,18.56,18.56
2010-02-24,SB1105,18.55,18.55,18.55,18.55,1145.0,,NO.11糖1105,17749.0,18.55,18.55
2010-02-25,SB1105,19.0,19.02,18.48,18.68,717.0,,NO.11糖1105,17790.0,18.68,18.68
2010-02-26,SB1105,18.6,18.91,18.6,18.78,759.0,,NO.11糖1105,17797.0,18.78,18.78
2010-03-01,SB1105,19.06,19.06,18.2,18.3,1336.0,,NO.11糖1105,17997.0,18.3,18.3
2010-03-02,SB1105,18.33,18.45,17.8,18.43,1255.0,,NO.11糖1105,17697.0,18.43,18.43
2010-03-03,SB1105,18.31,18.45,18.02,18.07,1065.0,,NO.11糖1105,18002.0,18.07,18.07
2010-03-04,SB1105,18.28,18.28,17.61,18.08,896.0,,NO.11糖1105,17959.0,18.08,18.08
2010-03-05,SB1105,18.07,18.45,18.02,18.37,828.0,,NO.11糖1105,18089.0,18.37,18.37
2010-03-08,SB1105,18.35,18.35,17.95,18.13,1300.0,,NO.11糖1105,18092.0,18.13,18.13
2010-03-09,SB1105,18.0,18.0,17.31,17.34,2098.0,,NO.11糖1105,18458.0,17.34,17.34
2010-03-10,SB1105,17.35,17.35,16.37,16.79,2172.0,,NO.11糖1105,18067.0,16.79,16.79
2010-03-11,SB1105,17.29,17.29,16.67,16.77,2347.0,,NO.11糖1105,17937.0,16.77,16.77
2010-03-12,SB1105,16.88,17.18,16.88,17.16,799.0,,NO.11糖1105,18212.0,17.16,17.16
2010-03-15,SB1105,17.16,17.16,16.98,17.06,468.0,,NO.11糖1105,18345.0,17.06,17.06
2010-03-16,SB1105,17.05,17.11,16.45,16.59,1335.0,,NO.11糖1105,18498.0,16.59,16.59
2010-03-17,SB1105,16.71,16.84,16.41,16.77,1768.0,,NO.11糖1105,18572.0,16.77,16.77
2010-03-18,SB1105,17.26,17.26,16.8,17.25,578.0,,NO.11糖1105,18602.0,17.25,17.25
2010-03-19,SB1105,17.26,17.54,17.1,17.39,1548.0,,NO.11糖1105,18691.0,17.39,17.39
2010-03-22,SB1105,17.4,17.6,17.05,17.14,1129.0,,NO.11糖1105,18554.0,17.14,17.14
2010-03-23,SB1105,16.9,17.1,16.41,16.45,2131.0,,NO.11糖1105,18493.0,16.5,16.45
2010-03-24,SB1105,16.3,17.07,16.05,17.05,1675.0,,NO.11糖1105,18650.0,17.05,17.05
2010-03-25,SB1105,17.05,17.06,16.58,16.9,2750.0,,NO.11糖1105,18798.0,16.9,16.9
2010-03-26,SB1105,16.5,17.37,16.18,16.53,1072.0,,NO.11糖1105,18688.0,16.53,16.53
2010-03-29,SB1105,16.7,17.0,16.51,16.82,1274.0,,NO.11糖1105,18728.0,16.82,16.82
2010-03-30,SB1105,16.86,17.3,16.7,17.06,1717.0,,NO.11糖1105,18841.0,17.06,17.06
2010-03-31,SB1105,16.9,17.06,16.41,16.53,2411.0,,NO.11糖1105,18900.0,16.53,16.53
2010-04-01,SB1105,16.5,16.71,15.46,16.7,1741.0,,NO.11糖1105,18951.0,16.78,16.7
2010-04-05,SB1105,16.78,16.98,16.66,16.95,1300.0,,NO.11糖1105,18895.0,16.96,16.95
2010-04-06,SB1105,17.02,17.1,16.66,16.84,2423.0,,NO.11糖1105,19168.0,16.84,16.84
2010-04-07,SB1105,16.8,17.14,16.75,17.14,1158.0,,NO.11糖1105,19185.0,17.14,17.14
2010-04-08,SB1105,17.06,17.2,16.9,17.12,2173.0,,NO.11糖1105,19178.0,17.12,17.12
2010-04-09,SB1105,17.28,17.51,16.88,17.46,1932.0,,NO.11糖1105,19298.0,17.46,17.46
2010-04-12,SB1105,17.3,17.92,17.3,17.55,3064.0,,NO.11糖1105,19666.0,17.55,17.55
2010-04-13,SB1105,17.55,17.96,17.5,17.91,2749.0,,NO.11糖1105,19936.0,17.91,17.91
2010-04-14,SB1105,17.96,18.06,17.85,18.02,4445.0,,NO.11糖1105,20091.0,18.02,18.02
2010-04-15,SB1105,18.0,18.09,17.48,17.85,1390.0,,NO.11糖1105,20273.0,17.85,17.85
2010-04-16,SB1105,17.85,18.05,17.33,17.38,2516.0,,NO.11糖1105,20028.0,17.38,17.38
2010-04-19,SB1105,17.35,18.12,17.35,18.12,1728.0,,NO.11糖1105,20366.0,18.12,18.12
2010-04-20,SB1105,18.09,18.2,17.41,17.41,1739.0,,NO.11糖1105,20693.0,17.41,17.41
2010-04-21,SB1105,17.79,17.8,17.4,17.53,1906.0,,NO.11糖1105,20800.0,17.53,17.53
2010-04-22,SB1105,17.65,17.65,17.24,17.26,1016.0,,NO.11糖1105,20984.0,17.26,17.26
2010-04-23,SB1105,17.26,17.27,16.74,16.87,1836.0,,NO.11糖1105,21258.0,16.87,16.87
2010-04-26,SB1105,16.89,17.1,16.87,16.99,982.0,,NO.11糖1105,21414.0,16.99,16.99
2010-04-27,SB1105,16.98,16.98,16.57,16.69,2008.0,,NO.11糖1105,21682.0,16.69,16.69
2010-04-28,SB1105,16.55,16.7,16.2,16.22,2460.0,,NO.11糖1105,22192.0,16.22,16.22
2010-04-29,SB1105,16.38,16.51,16.11,16.47,1519.0,,NO.11糖1105,23288.0,16.47,16.47
2010-04-30,SB1105,16.58,16.6,16.37,16.47,721.0,,NO.11糖1105,23487.0,16.47,16.47
2010-05-03,SB1105,16.46,16.46,16.24,16.33,890.0,,NO.11糖1105,23502.0,16.33,16.33
2010-05-04,SB1105,16.17,16.17,15.84,15.9,4427.0,,NO.11糖1105,23511.0,15.9,15.9
2010-05-05,SB1105,15.86,15.86,15.27,15.74,3126.0,,NO.11糖1105,23542.0,15.74,15.74
2010-05-06,SB1105,15.75,15.76,14.87,14.99,4424.0,,NO.11糖1105,23907.0,14.99,14.99
2010-05-07,SB1105,15.0,15.18,14.5,15.04,3743.0,,NO.11糖1105,24622.0,15.04,15.04
2010-05-10,SB1105,15.19,15.55,15.16,15.41,3796.0,,NO.11糖1105,24641.0,15.41,15.41
2010-05-11,SB1105,15.25,15.49,15.09,15.25,1433.0,,NO.11糖1105,24728.0,15.25,15.25
2010-05-12,SB1105,15.17,15.86,15.17,15.86,1496.0,,NO.11糖1105,24859.0,15.86,15.86
2010-05-13,SB1105,15.8,15.95,15.62,15.93,808.0,,NO.11糖1105,24677.0,15.9,15.93
2010-05-14,SB1105,15.9,15.9,15.2,15.43,2389.0,,NO.11糖1105,24926.0,15.43,15.43
2010-05-17,SB1105,15.24,15.68,15.15,15.23,2251.0,,NO.11糖1105,24826.0,15.23,15.23
2010-05-18,SB1105,15.38,16.07,15.38,16.07,3124.0,,NO.11糖1105,24841.0,16.07,16.07
2010-05-19,SB1105,15.67,16.07,15.65,16.02,1932.0,,NO.11糖1105,24911.0,16.02,16.02
2010-05-20,SB1105,16.0,16.12,15.7,15.95,2421.0,,NO.11糖1105,24788.0,15.95,15.95
2010-05-21,SB1105,15.99,16.28,15.95,16.26,1594.0,,NO.11糖1105,24884.0,16.26,16.26
2010-05-24,SB1105,16.28,16.28,15.95,16.14,1283.0,,NO.11糖1105,24987.0,16.14,16.14
2010-05-25,SB1105,16.0,16.36,15.67,16.16,2351.0,,NO.11糖1105,24980.0,16.16,16.16
2010-05-26,SB1105,16.16,16.33,15.99,16.24,1141.0,,NO.11糖1105,24900.0,16.24,16.24
2010-05-27,SB1105,16.24,16.27,15.97,16.03,1467.0,,NO.11糖1105,24804.0,16.03,16.03
2010-05-28,SB1105,16.07,16.07,15.53,15.67,4410.0,,NO.11糖1105,24838.0,15.67,15.67
2010-06-01,SB1105,15.78,16.06,15.69,15.95,2290.0,,NO.11糖1105,24576.0,15.95,15.95
2010-06-02,SB1105,15.91,15.99,15.45,15.74,6129.0,,NO.11糖1105,25314.0,15.74,15.74
2010-06-03,SB1105,15.79,15.98,15.56,15.69,2754.0,,NO.11糖1105,25577.0,15.69,15.69
2010-06-04,SB1105,15.7,16.07,15.55,15.94,2067.0,,NO.11糖1105,25469.0,15.94,15.94
2010-06-07,SB1105,15.93,16.2,15.73,15.95,5143.0,,NO.11糖1105,26603.0,15.95,15.95
2010-06-08,SB1105,15.95,16.37,15.91,16.33,3173.0,,NO.11糖1105,27201.0,16.33,16.33
2010-06-09,SB1105,16.34,16.65,16.34,16.57,2816.0,,NO.11糖1105,27346.0,16.57,16.57
2010-06-10,SB1105,16.41,16.77,16.41,16.58,3882.0,,NO.11糖1105,27980.0,16.58,16.58
2010-06-11,SB1105,16.47,16.81,16.43,16.71,4257.0,,NO.11糖1105,28268.0,16.71,16.71
2010-06-14,SB1105,16.75,16.85,16.61,16.73,3591.0,,NO.11糖1105,27954.0,16.73,16.73
2010-06-15,SB1105,16.75,16.82,16.49,16.67,1635.0,,NO.11糖1105,28062.0,16.67,16.67
2010-06-16,SB1105,16.84,16.85,16.56,16.72,2361.0,,NO.11糖1105,27599.0,16.72,16.72
2010-06-17,SB1105,16.55,16.65,16.3,16.32,1438.0,,NO.11糖1105,27520.0,16.32,16.32
2010-06-18,SB1105,16.32,16.4,15.7,16.07,1515.0,,NO.11糖1105,27396.0,16.07,16.07
2010-06-21,SB1105,16.3,16.7,15.98,16.62,2601.0,,NO.11糖1105,27558.0,16.62,16.62
2010-06-22,SB1105,16.53,16.61,16.29,16.44,3773.0,,NO.11糖1105,27931.0,16.44,16.44
2010-06-23,SB1105,16.38,16.72,16.14,16.22,3463.0,,NO.11糖1105,28021.0,16.22,16.22
2010-06-24,SB1105,16.18,16.49,16.18,16.46,3650.0,,NO.11糖1105,27732.0,16.46,16.46
2010-06-25,SB1105,16.51,16.67,16.32,16.59,2270.0,,NO.11糖1105,27562.0,16.59,16.59
2010-06-28,SB1105,16.7,16.7,16.12,16.14,2708.0,,NO.11糖1105,26894.0,16.14,16.14
2010-06-29,SB1105,15.93,16.26,15.66,15.68,3100.0,,NO.11糖1105,27168.0,15.68,15.68
2010-06-30,SB1105,15.73,16.22,15.73,16.2,4139.0,,NO.11糖1105,27514.0,16.2,16.2
2010-07-01,SB1105,16.17,16.39,15.83,16.37,3790.0,,NO.11糖1105,27733.0,16.37,16.37
2010-07-02,SB1105,16.2,16.67,16.2,16.59,4780.0,,NO.11糖1105,27276.0,16.59,16.59
2010-07-06,SB1105,16.6,16.73,16.36,16.54,5221.0,,NO.11糖1105,25685.0,16.54,16.54
2010-07-07,SB1105,16.52,16.86,16.34,16.82,4539.0,,NO.11糖1105,26056.0,16.82,16.82
2010-07-08,SB1105,16.72,16.9,16.65,16.82,4755.0,,NO.11糖1105,26518.0,16.82,16.82
2010-07-09,SB1105,16.8,17.0,16.34,16.38,7124.0,,NO.11糖1105,27685.0,16.38,16.38
2010-07-12,SB1105,16.54,16.99,16.38,16.96,2422.0,,NO.11糖1105,27822.0,16.96,16.96
2010-07-13,SB1105,16.9,17.19,16.82,17.16,6167.0,,NO.11糖1105,27869.0,17.16,17.16
2010-07-14,SB1105,17.09,17.18,16.89,17.0,3721.0,,NO.11糖1105,28945.0,17.0,17.0
2010-07-15,SB1105,17.0,17.28,17.0,17.26,4164.0,,NO.11糖1105,28492.0,17.26,17.26
2010-07-16,SB1105,17.25,17.34,16.8,16.98,3434.0,,NO.11糖1105,28899.0,16.98,16.98
2010-07-19,SB1105,16.95,17.34,16.95,17.33,6489.0,,NO.11糖1105,28650.0,17.33,17.33
2010-07-20,SB1105,17.33,17.34,16.99,16.99,2403.0,,NO.11糖1105,29004.0,16.99,16.99
2010-07-21,SB1105,17.09,17.28,17.09,17.18,2312.0,,NO.11糖1105,29268.0,17.18,17.18
2010-07-22,SB1105,17.18,17.5,17.18,17.27,14583.0,,NO.11糖1105,30171.0,17.27,17.27
2010-07-23,SB1105,17.25,17.48,17.02,17.28,5589.0,,NO.11糖1105,30452.0,17.28,17.28
2010-07-26,SB1105,17.3,17.54,17.29,17.51,6115.0,,NO.11糖1105,30962.0,17.51,17.51
2010-07-27,SB1105,17.54,17.68,17.29,17.37,16100.0,,NO.11糖1105,33592.0,17.37,17.37
2010-07-28,SB1105,17.32,17.61,17.24,17.54,4682.0,,NO.11糖1105,33453.0,17.54,17.54
2010-07-29,SB1105,17.57,17.79,17.53,17.58,10997.0,,NO.11糖1105,37736.0,17.58,17.58
2010-07-30,SB1105,17.64,17.77,17.51,17.68,11359.0,,NO.11糖1105,38958.0,17.68,17.68
2010-08-02,SB1105,17.78,17.95,17.7,17.79,6939.0,,NO.11糖1105,38507.0,17.79,17.79
2010-08-03,SB1105,17.72,17.72,17.16,17.27,10846.0,,NO.11糖1105,40143.0,17.27,17.27
2010-08-04,SB1105,17.25,17.85,16.8,17.49,15713.0,,NO.11糖1105,41482.0,17.49,17.49
2010-08-05,SB1105,17.49,17.65,16.93,16.98,4736.0,,NO.11糖1105,41390.0,16.98,16.98
2010-08-06,SB1105,17.23,17.34,17.0,17.18,6617.0,,NO.11糖1105,42815.0,17.18,17.18
2010-08-09,SB1105,17.25,17.57,16.87,16.99,8178.0,,NO.11糖1105,43725.0,16.99,16.99
2010-08-10,SB1105,17.08,17.6,16.85,17.41,5967.0,,NO.11糖1105,43998.0,17.41,17.41
2010-08-11,SB1105,17.27,17.44,17.1,17.16,3159.0,,NO.11糖1105,44635.0,17.16,17.16
2010-08-12,SB1105,17.29,17.62,17.21,17.44,9555.0,,NO.11糖1105,44942.0,17.44,17.44
2010-08-13,SB1105,17.51,17.8,17.35,17.77,5811.0,,NO.11糖1105,45635.0,17.77,17.77
2010-08-16,SB1105,17.78,17.98,17.57,17.65,7708.0,,NO.11糖1105,45042.0,17.65,17.65
2010-08-17,SB1105,17.58,18.04,17.48,17.99,9267.0,,NO.11糖1105,46786.0,17.99,17.99
2010-08-18,SB1105,17.91,18.0,17.51,17.81,8972.0,,NO.11糖1105,48777.0,17.81,17.81
2010-08-19,SB1105,17.8,17.83,17.59,17.76,8315.0,,NO.11糖1105,49496.0,17.76,17.76
2010-08-20,SB1105,17.6,18.02,17.56,17.85,11672.0,,NO.11糖1105,50418.0,17.85,17.85
2010-08-23,SB1105,17.89,18.08,17.84,18.05,8197.0,,NO.11糖1105,51450.0,18.05,18.05
2010-08-24,SB1105,18.05,18.3,17.59,18.26,13716.0,,NO.11糖1105,51365.0,18.26,18.26
2010-08-25,SB1105,18.17,18.44,18.0,18.27,6502.0,,NO.11糖1105,51097.0,18.27,18.27
2010-08-26,SB1105,18.25,18.3,17.82,17.85,11407.0,,NO.11糖1105,50764.0,17.85,17.85
2010-08-27,SB1105,17.85,18.44,17.8,18.29,7815.0,,NO.11糖1105,50995.0,18.29,18.29
2010-08-30,SB1105,18.38,18.5,18.03,18.34,7126.0,,NO.11糖1105,51092.0,18.34,18.34
2010-08-31,SB1105,18.28,18.67,18.0,18.26,12273.0,,NO.11糖1105,52890.0,18.26,18.26
2010-09-01,SB1105,18.24,18.9,18.24,18.89,13090.0,,NO.11糖1105,51942.0,18.89,18.89
2010-09-02,SB1105,18.8,19.3,18.75,19.21,10599.0,,NO.11糖1105,52364.0,19.21,19.21
2010-09-03,SB1105,19.2,19.33,19.06,19.17,7166.0,,NO.11糖1105,53109.0,19.17,19.17
2010-09-07,SB1105,19.34,19.86,19.34,19.85,13066.0,,NO.11糖1105,53880.0,19.85,19.85
2010-09-08,SB1105,19.85,19.93,19.56,19.74,10628.0,,NO.11糖1105,54349.0,19.74,19.74
2010-09-09,SB1105,19.73,20.42,19.64,20.28,12871.0,,NO.11糖1105,55735.0,20.28,20.28
2010-09-10,SB1105,20.31,20.84,20.13,20.48,14372.0,,NO.11糖1105,57105.0,20.48,20.48
2010-09-13,SB1105,20.48,21.2,20.46,21.15,13586.0,,NO.11糖1105,58099.0,21.15,21.15
2010-09-14,SB1105,21.15,21.73,21.02,21.6,25969.0,,NO.11糖1105,59885.0,21.6,21.6
2010-09-15,SB1105,21.6,21.89,20.84,21.08,18065.0,,NO.11糖1105,60368.0,21.08,21.08
2010-09-16,SB1105,20.96,21.65,20.76,21.59,14601.0,,NO.11糖1105,60757.0,21.59,21.59
2010-09-17,SB1105,21.58,21.8,21.21,21.55,15764.0,,NO.11糖1105,62424.0,21.55,21.55
2010-09-20,SB1105,21.79,22.02,21.25,21.37,16607.0,,NO.11糖1105,64451.0,21.37,21.37
2010-09-21,SB1105,21.37,21.6,20.9,21.19,18680.0,,NO.11糖1105,67432.0,21.19,21.19
2010-09-22,SB1105,21.19,21.61,21.13,21.51,15524.0,,NO.11糖1105,66542.0,21.51,21.51
2010-09-23,SB1105,21.51,21.85,21.43,21.78,18185.0,,NO.11糖1105,69623.0,21.78,21.78
2010-09-24,SB1105,21.7,22.6,21.68,22.59,19550.0,,NO.11糖1105,69810.0,22.59,22.59
2010-09-27,SB1105,22.6,23.12,22.59,23.08,16272.0,,NO.11糖1105,69920.0,23.08,23.08
2010-09-28,SB1105,23.08,23.36,22.78,23.32,16330.0,,NO.11糖1105,70774.0,23.32,23.32
2010-09-29,SB1105,23.35,23.35,22.6,23.08,13521.0,,NO.11糖1105,71047.0,23.08,23.08
2010-09-30,SB1105,23.07,23.07,21.64,21.78,28541.0,,NO.11糖1105,71378.0,21.78,21.78
2010-10-01,SB1105,21.97,21.97,21.1,21.56,24233.0,,NO.11糖1105,72696.0,21.56,21.56
2010-10-04,SB1105,21.47,21.7,20.96,21.41,18967.0,,NO.11糖1105,74180.0,21.41,21.41
2010-10-05,SB1105,21.29,22.04,21.29,21.96,13815.0,,NO.11糖1105,74389.0,21.96,21.96
2010-10-06,SB1105,22.05,22.05,21.61,21.84,9690.0,,NO.11糖1105,74839.0,21.84,21.84
2010-10-07,SB1105,21.97,23.25,21.91,23.04,27485.0,,NO.11糖1105,74433.0,23.04,23.04
2010-10-08,SB1105,23.09,24.23,23.07,23.97,25645.0,,NO.11糖1105,75847.0,23.97,23.97
2010-10-11,SB1105,24.1,24.79,23.95,24.34,23297.0,,NO.11糖1105,76455.0,24.34,24.34
2010-10-12,SB1105,24.4,25.02,23.68,24.82,31903.0,,NO.11糖1105,76624.0,24.82,24.82
2010-10-13,SB1105,25.05,25.31,24.44,24.91,22407.0,,NO.11糖1105,80181.0,24.91,24.91
2010-10-14,SB1105,24.85,25.5,24.34,25.23,26214.0,,NO.11糖1105,83788.0,25.23,25.23
2010-10-15,SB1105,25.13,25.45,24.44,24.61,17010.0,,NO.11糖1105,84868.0,24.61,24.61
2010-10-18,SB1105,24.5,24.94,24.09,24.9,16447.0,,NO.11糖1105,85988.0,24.9,24.9
2010-10-19,SB1105,24.8,25.84,24.6,25.47,20771.0,,NO.11糖1105,86458.0,25.47,25.47
2010-10-20,SB1105,25.3,26.28,25.27,26.06,15651.0,,NO.11糖1105,86399.0,26.06,26.06
2010-10-21,SB1105,26.05,26.4,25.61,25.74,15025.0,,NO.11糖1105,86499.0,25.74,25.74
2010-10-22,SB1105,25.85,26.11,25.49,25.6,15027.0,,NO.11糖1105,88623.0,25.6,25.6
2010-10-25,SB1105,25.79,26.34,25.79,26.11,12636.0,,NO.11糖1105,90605.0,26.11,26.11
2010-10-26,SB1105,26.2,26.24,25.45,25.83,13800.0,,NO.11糖1105,92406.0,25.83,25.83
2010-10-27,SB1105,25.62,26.53,25.3,26.28,18381.0,,NO.11糖1105,93051.0,26.28,26.28
2010-10-28,SB1105,26.4,27.06,26.4,26.63,22144.0,,NO.11糖1105,94040.0,26.63,26.63
2010-10-29,SB1105,26.5,27.37,26.13,26.85,12328.0,,NO.11糖1105,94833.0,26.85,26.85
2010-11-01,SB1105,26.9,27.38,26.64,27.25,15894.0,,NO.11糖1105,96196.0,27.25,27.25
2010-11-02,SB1105,27.27,28.25,27.27,27.92,17479.0,,NO.11糖1105,95965.0,27.92,27.92
2010-11-03,SB1105,28.07,28.22,27.48,27.86,18917.0,,NO.11糖1105,96297.0,27.86,27.86
2010-11-04,SB1105,28.0,29.37,27.99,29.24,38508.0,,NO.11糖1105,103932.0,29.24,29.24
2010-11-05,SB1105,29.49,29.75,28.25,29.29,35629.0,,NO.11糖1105,102514.0,29.29,29.29
2010-11-08,SB1105,29.14,29.55,28.84,29.24,26084.0,,NO.11糖1105,102662.0,29.24,29.24
2010-11-09,SB1105,29.33,30.49,29.26,30.3,31719.0,,NO.11糖1105,104546.0,30.3,30.3
2010-11-10,SB1105,30.4,30.4,29.23,30.16,24963.0,,NO.11糖1105,106096.0,30.16,30.16
2010-11-11,SB1105,30.16,30.49,26.68,27.26,39088.0,,NO.11糖1105,104478.0,27.26,27.26
2010-11-12,SB1105,26.51,26.68,23.41,23.89,58559.0,,NO.11糖1105,102955.0,23.89,23.89
2010-11-15,SB1105,24.0,24.71,23.26,24.5,34119.0,,NO.11糖1105,101809.0,24.5,24.5
2010-11-16,SB1105,24.27,25.03,23.29,23.68,29517.0,,NO.11糖1105,99998.0,23.68,23.68
2010-11-17,SB1105,23.46,24.59,22.89,23.91,23397.0,,NO.11糖1105,98616.0,23.91,23.91
2010-11-18,SB1105,24.09,26.25,24.09,25.62,19841.0,,NO.11糖1105,98602.0,25.62,25.62
2010-11-19,SB1105,25.7,26.5,23.69,23.71,23890.0,,NO.11糖1105,97747.0,23.71,23.71
2010-11-22,SB1105,24.29,24.69,23.67,24.15,19871.0,,NO.11糖1105,97614.0,24.15,24.15
2010-11-23,SB1105,24.5,25.0,23.17,24.93,19545.0,,NO.11糖1105,97792.0,24.93,24.93
2010-11-24,SB1105,24.99,25.65,24.6,25.43,14950.0,,NO.11糖1105,98570.0,25.43,25.43
2010-11-26,SB1105,25.35,25.78,24.8,25.72,5973.0,,NO.11糖1105,99077.0,25.72,25.72
2010-11-29,SB1105,25.81,26.0,25.57,25.78,12182.0,,NO.11糖1105,100646.0,25.78,25.78
2010-11-30,SB1105,25.85,26.17,24.49,24.99,17000.0,,NO.11糖1105,101220.0,24.99,24.99
2010-12-01,SB1105,25.12,26.01,25.12,25.71,12628.0,,NO.11糖1105,100968.0,25.71,25.71
2010-12-02,SB1105,25.99,26.19,25.2,25.85,10580.0,,NO.11糖1105,101969.0,25.85,25.85
2010-12-03,SB1105,25.9,26.89,25.78,26.71,19773.0,,NO.11糖1105,101020.0,26.71,26.71
2010-12-06,SB1105,26.89,26.89,26.11,26.23,8712.0,,NO.11糖1105,101498.0,26.23,26.23
2010-12-07,SB1105,26.4,26.95,25.5,25.67,11525.0,,NO.11糖1105,102208.0,25.67,25.67
2010-12-08,SB1105,25.67,26.43,25.18,26.26,13130.0,,NO.11糖1105,102960.0,26.26,26.26
2010-12-09,SB1105,26.38,26.66,25.83,26.01,9416.0,,NO.11糖1105,104430.0,26.01,26.01
2010-12-10,SB1105,26.24,26.49,25.32,26.43,11950.0,,NO.11糖1105,105207.0,26.43,26.43
2010-12-13,SB1105,26.51,27.64,26.51,27.56,22495.0,,NO.11糖1105,107008.0,27.56,27.56
2010-12-14,SB1105,27.7,28.19,27.44,27.71,17549.0,,NO.11糖1105,107459.0,27.71,27.71
2010-12-15,SB1105,27.44,28.15,27.21,28.07,13612.0,,NO.11糖1105,109176.0,28.07,28.07
2010-12-16,SB1105,28.2,28.29,27.81,27.94,9858.0,,NO.11糖1105,111086.0,27.94,27.94
2010-12-17,SB1105,28.15,29.6,28.15,29.19,18422.0,,NO.11糖1105,113104.0,29.19,29.19
2010-12-20,SB1105,29.53,30.04,29.22,29.57,12498.0,,NO.11糖1105,113603.0,29.57,29.57
2010-12-21,SB1105,29.56,30.16,29.14,29.55,16191.0,,NO.11糖1105,112360.0,29.55,29.55
2010-12-22,SB1105,29.34,29.91,28.76,29.77,16763.0,,NO.11糖1105,111941.0,29.77,29.77
2010-12-23,SB1105,29.88,30.5,29.81,30.45,23663.0,,NO.11糖1105,111130.0,30.45,30.45
2010-12-27,SB1105,30.44,30.44,29.78,30.04,4388.0,,NO.11糖1105,111182.0,30.04,30.04
2010-12-28,SB1105,30.27,30.96,30.27,30.77,10205.0,,NO.11糖1105,111946.0,30.77,30.77
2010-12-29,SB1105,30.9,31.08,30.16,30.41,8295.0,,NO.11糖1105,111473.0,30.41,30.41
2010-12-30,SB1105,30.41,30.83,26.8,27.68,29793.0,,NO.11糖1105,116346.0,27.68,27.68
2010-12-31,SB1105,27.79,29.44,27.56,29.21,16584.0,,NO.11糖1105,116384.0,29.32,29.21
2011-01-04,SB1105,29.55,30.25,27.59,28.39,32473.0,,NO.11糖1105,117688.0,28.3,28.39
2011-01-05,SB1105,28.44,29.46,27.88,29.18,24820.0,,NO.11糖1105,118212.0,29.29,29.18
2011-01-06,SB1105,29.15,29.25,27.5,27.74,23263.0,,NO.11糖1105,118034.0,27.68,27.74
2011-01-07,SB1105,27.77,29.39,27.06,29.0,36325.0,,NO.11糖1105,116780.0,29.15,29.0
2011-01-10,SB1105,29.15,29.69,28.5,29.52,26661.0,,NO.11糖1105,116163.0,29.5,29.52
2011-01-11,SB1105,29.62,30.44,29.44,30.34,34557.0,,NO.11糖1105,114906.0,30.38,30.34
2011-01-12,SB1105,30.28,30.94,28.7,29.85,30104.0,,NO.11糖1105,115627.0,29.89,29.85
2011-01-13,SB1105,29.9,29.99,29.18,29.89,19643.0,,NO.11糖1105,115935.0,29.85,29.89
2011-01-14,SB1105,30.0,30.0,28.4,28.88,30032.0,,NO.11糖1105,116520.0,28.93,28.88
2011-01-18,SB1105,28.93,29.6,28.74,29.17,20437.0,,NO.11糖1105,117303.0,29.3,29.17
2011-01-19,SB1105,29.5,29.77,28.97,29.18,26610.0,,NO.11糖1105,116760.0,29.26,29.18
2011-01-20,SB1105,29.22,29.38,28.09,29.38,24915.0,,NO.11糖1105,117537.0,29.28,29.38
2011-01-21,SB1105,29.28,30.02,29.04,30.0,23471.0,,NO.11糖1105,119098.0,29.98,30.0
2011-01-24,SB1105,30.0,30.23,29.72,29.92,12535.0,,NO.11糖1105,120431.0,30.0,29.92
2011-01-25,SB1105,29.91,29.92,28.87,29.55,20849.0,,NO.11糖1105,119779.0,29.54,29.55
2011-01-26,SB1105,29.66,30.59,29.37,30.55,27191.0,,NO.11糖1105,121897.0,30.58,30.55
2011-01-27,SB1105,30.52,31.5,30.25,31.36,41718.0,,NO.11糖1105,125888.0,31.31,31.36
2011-01-28,SB1105,31.3,31.54,30.65,31.32,27703.0,,NO.11糖1105,128331.0,31.29,31.32
2011-01-31,SB1105,31.25,31.52,30.15,31.4,32577.0,,NO.11糖1105,131895.0,31.49,31.4
2011-02-01,SB1105,31.38,31.75,31.03,31.55,33191.0,,NO.11糖1105,137041.0,31.51,31.55
2011-02-02,SB1105,31.63,33.11,31.43,32.7,56118.0,,NO.11糖1105,137601.0,32.76,32.7
2011-02-03,SB1105,32.87,33.01,29.56,29.92,64089.0,,NO.11糖1105,140004.0,29.77,29.92
2011-02-04,SB1105,29.99,30.87,29.5,30.7,45344.0,,NO.11糖1105,142576.0,30.39,30.7
2011-02-07,SB1105,30.65,31.19,30.52,30.55,50758.0,,NO.11糖1105,151377.0,30.63,30.55
2011-02-08,SB1105,30.6,30.82,29.06,29.31,73911.0,,NO.11糖1105,155825.0,29.39,29.31
2011-02-09,SB1105,29.45,30.01,28.64,29.9,79631.0,,NO.11糖1105,161353.0,29.73,29.9
2011-02-10,SB1105,29.88,31.1,29.88,30.16,72467.0,,NO.11糖1105,177613.0,30.19,30.16
2011-02-11,SB1105,30.19,30.71,28.86,29.22,66797.0,,NO.11糖1105,188439.0,29.39,29.22
2011-02-14,SB1105,29.26,29.44,28.05,28.53,65919.0,,NO.11糖1105,196799.0,28.78,28.53
2011-02-15,SB1105,28.76,28.78,27.85,28.39,69976.0,,NO.11糖1105,205225.0,28.21,28.39
2011-02-16,SB1105,28.39,29.61,28.35,29.03,66425.0,,NO.11糖1105,208180.0,29.22,29.03
2011-02-17,SB1105,29.12,29.56,28.46,28.98,51127.0,,NO.11糖1105,210098.0,28.86,28.98
2011-02-18,SB1105,28.87,28.94,28.08,28.52,48784.0,,NO.11糖1105,213522.0,28.42,28.52
2011-02-22,SB1105,28.81,29.23,28.24,28.4,54130.0,,NO.11糖1105,218675.0,28.38,28.4
2011-02-23,SB1105,28.5,28.53,27.0,27.28,71012.0,,NO.11糖1105,227524.0,27.36,27.28
2011-02-24,SB1105,27.36,27.97,26.9,27.79,59605.0,,NO.11糖1105,228355.0,27.83,27.79
2011-02-25,SB1105,27.95,28.92,27.26,28.85,72169.0,,NO.11糖1105,232682.0,28.74,28.85
2011-02-28,SB1105,28.8,29.55,28.75,29.55,56409.0,,NO.11糖1105,235653.0,29.45,29.55
2011-03-01,SB1105,29.42,29.45,28.58,29.39,32276.0,,NO.11糖1105,237279.0,29.26,29.39
2011-03-02,SB1105,29.26,30.61,29.21,30.43,57661.0,,NO.11糖1105,238203.0,30.38,30.43
2011-03-03,SB1105,30.47,30.74,29.88,30.55,35068.0,,NO.11糖1105,237724.0,30.59,30.55
2011-03-04,SB1105,30.6,30.76,29.0,29.89,47629.0,,NO.11糖1105,238000.0,29.88,29.89
2011-03-07,SB1105,30.0,30.39,29.69,30.15,29737.0,,NO.11糖1105,238594.0,29.99,30.15
2011-03-08,SB1105,30.07,31.05,29.75,30.84,42857.0,,NO.11糖1105,237678.0,30.7,30.84
2011-03-09,SB1105,30.83,30.97,29.83,30.42,33517.0,,NO.11糖1105,234461.0,30.42,30.42
2011-03-10,SB1105,30.27,30.38,28.56,28.7,56902.0,,NO.11糖1105,231818.0,28.71,28.7
2011-03-11,SB1105,28.65,29.11,27.83,28.91,35786.0,,NO.11糖1105,230172.0,28.86,28.91
2011-03-14,SB1105,28.61,28.79,27.41,27.9,38939.0,,NO.11糖1105,227355.0,27.79,27.9
2011-03-15,SB1105,27.79,27.79,25.47,25.72,78890.0,,NO.11糖1105,226052.0,25.65,25.72
2011-03-16,SB1105,26.0,26.62,25.79,25.85,49280.0,,NO.11糖1105,219518.0,25.85,25.85
2011-03-17,SB1105,26.09,27.0,25.98,26.71,34756.0,,NO.11糖1105,217433.0,26.74,26.71
2011-03-18,SB1105,27.02,27.75,26.95,27.68,30351.0,,NO.11糖1105,215000.0,27.71,27.68
2011-03-21,SB1105,27.78,28.2,27.24,27.55,30155.0,,NO.11糖1105,215704.0,27.48,27.55
2011-03-22,SB1105,27.41,27.51,26.37,27.32,48082.0,,NO.11糖1105,213813.0,27.16,27.32
2011-03-23,SB1105,27.44,27.5,26.5,26.5,24404.0,,NO.11糖1105,214840.0,26.58,26.5
2011-03-24,SB1105,26.58,27.8,26.32,27.4,47504.0,,NO.11糖1105,215285.0,27.45,27.4
2011-03-25,SB1105,27.45,28.0,27.05,27.97,33426.0,,NO.11糖1105,212132.0,27.86,27.97
2011-03-28,SB1105,27.8,28.0,26.8,27.2,33524.0,,NO.11糖1105,209426.0,27.05,27.2
2011-03-29,SB1105,27.18,27.68,26.82,26.91,30970.0,,NO.11糖1105,207071.0,27.02,26.91
2011-03-30,SB1105,27.0,27.38,26.28,27.33,53882.0,,NO.11糖1105,199537.0,27.21,27.33
2011-03-31,SB1105,27.36,27.65,26.71,27.08,45636.0,,NO.11糖1105,194814.0,27.11,27.08
2011-04-01,SB1105,27.11,27.76,26.95,27.45,42761.0,,NO.11糖1105,197434.0,27.44,27.45
2011-04-04,SB1105,27.55,28.13,27.49,27.97,30077.0,,NO.11糖1105,197085.0,28.0,27.97
2011-04-05,SB1105,27.86,28.07,27.43,27.51,32636.0,,NO.11糖1105,194256.0,27.55,27.51
2011-04-06,SB1105,27.55,27.74,26.57,26.79,54549.0,,NO.11糖1105,191505.0,26.71,26.79
2011-04-07,SB1105,26.71,26.97,26.2,26.48,75064.0,,NO.11糖1105,178102.0,26.5,26.48
2011-04-08,SB1105,26.55,26.78,25.51,25.78,81010.0,,NO.11糖1105,158898.0,25.66,25.78
2011-04-11,SB1105,25.8,26.26,25.78,25.98,64619.0,,NO.11糖1105,142124.0,26.04,25.98
2011-04-12,SB1105,25.98,26.39,25.47,25.51,64262.0,,NO.11糖1105,133259.0,25.58,25.51
2011-04-13,SB1105,25.66,25.92,24.7,24.79,73986.0,,NO.11糖1105,114860.0,24.79,24.79
2011-04-14,SB1105,24.85,25.05,24.35,24.41,38760.0,,NO.11糖1105,111163.0,24.44,24.41
2011-04-15,SB1105,24.5,25.09,24.38,24.52,82739.0,,NO.11糖1105,90906.0,24.59,24.52
2011-04-18,SB1105,24.7,24.88,24.0,24.39,32539.0,,NO.11糖1105,82846.0,24.4,24.39
2011-04-19,SB1105,24.4,24.71,24.15,24.37,20353.0,,NO.11糖1105,75834.0,24.27,24.37
2011-04-20,SB1105,24.48,25.3,24.47,25.07,27055.0,,NO.11糖1105,71975.0,25.2,25.07
2011-04-21,SB1105,25.25,25.52,24.8,25.47,30656.0,,NO.11糖1105,64266.0,25.48,25.47
2011-04-25,SB1105,25.6,25.6,25.0,25.07,10910.0,,NO.11糖1105,59412.0,25.07,25.07
2011-04-26,SB1105,25.12,25.25,24.68,24.96,29692.0,,NO.11糖1105,50648.0,24.94,24.96
2011-04-27,SB1105,24.92,24.94,24.28,24.34,52125.0,,NO.11糖1105,30314.0,24.55,24.34
2011-04-28,SB1105,24.42,24.55,23.6,24.21,27793.0,,NO.11糖1105,19306.0,23.92,24.21
2011-04-29,SB1105,24.12,24.15,22.81,23.46,6656.0,,NO.11糖1105,17603.0,23.38,23.46
