date,symbol,open,high,low,close,volume,amount,name,openinterest,settleprice,price
2008-04-01,SB1103,13.79,13.79,13.6,13.6,8132.0,,NO.11糖1103,3669.0,13.6,13.6
2008-04-02,SB1103,13.85,14.02,13.85,14.02,850.0,,NO.11糖1103,3819.0,14.02,14.02
2008-04-03,SB1103,14.1,14.12,14.02,14.12,110.0,,NO.11糖1103,3699.0,14.12,14.12
2008-04-04,SB1103,14.21,14.21,13.97,13.97,1.0,,NO.11糖1103,3699.0,13.97,13.97
2008-04-07,SB1103,14.1,14.51,14.1,14.51,250.0,,NO.11糖1103,3749.0,14.51,14.51
2008-04-08,SB1103,14.5,14.6,14.37,14.37,95.0,,NO.11糖1103,3799.0,14.37,14.37
2008-04-09,SB1103,14.45,14.7,14.45,14.63,270.0,,NO.11糖1103,4004.0,14.63,14.63
2008-04-10,SB1103,14.75,14.95,14.75,14.91,80.0,,NO.11糖1103,4024.0,14.91,14.91
2008-04-11,SB1103,,,,14.9,,,NO.11糖1103,4024.0,14.9,14.9
2008-04-14,SB1103,15.1,15.1,15.01,15.01,2.0,,NO.11糖1103,4024.0,15.01,15.01
2008-04-15,SB1103,15.15,15.2,15.15,15.2,10.0,,NO.11糖1103,4024.0,15.2,15.2
2008-04-16,SB1103,15.22,15.4,15.14,15.17,54.0,,NO.11糖1103,4049.0,15.17,15.17
2008-04-17,SB1103,15.17,15.17,15.14,15.14,1.0,,NO.11糖1103,4049.0,15.14,15.14
2008-04-18,SB1103,14.8,15.13,14.8,15.13,120.0,,NO.11糖1103,4124.0,15.13,15.13
2008-04-21,SB1103,14.8,14.8,14.65,14.75,123.0,,NO.11糖1103,4124.0,14.75,14.75
2008-04-22,SB1103,14.7,14.97,14.7,14.97,7.0,,NO.11糖1103,4124.0,14.97,14.97
2008-04-23,SB1103,14.85,14.85,14.83,14.83,5.0,,NO.11糖1103,4124.0,14.83,14.83
2008-04-24,SB1103,14.72,14.89,14.6,14.64,216.0,,NO.11糖1103,4224.0,14.64,14.64
2008-04-25,SB1103,14.89,14.96,14.83,14.83,63.0,,NO.11糖1103,4279.0,14.83,14.83
2008-04-28,SB1103,15.0,15.1,14.83,15.04,136.0,,NO.11糖1103,4275.0,15.04,15.04
2008-04-29,SB1103,15.04,15.04,14.89,15.01,101.0,,NO.11糖1103,4275.0,15.01,15.01
2008-04-30,SB1103,15.1,15.25,15.1,15.22,23.0,,NO.11糖1103,4282.0,15.22,15.22
2008-05-01,SB1103,15.25,15.28,14.85,14.91,313.0,,NO.11糖1103,4317.0,14.91,14.91
2008-05-02,SB1103,14.8,14.9,14.78,14.86,43.0,,NO.11糖1103,4333.0,14.86,14.86
2008-05-05,SB1103,14.88,14.92,14.88,14.92,7.0,,NO.11糖1103,4333.0,14.92,14.92
2008-05-06,SB1103,15.22,15.25,15.21,15.21,97.0,,NO.11糖1103,4334.0,15.21,15.21
2008-05-07,SB1103,,,,15.24,,,NO.11糖1103,4334.0,15.24,15.24
2008-05-08,SB1103,15.2,15.2,15.1,15.12,200.0,,NO.11糖1103,4534.0,15.12,15.12
2008-05-09,SB1103,,,,15.29,,,NO.11糖1103,4534.0,15.29,15.29
2008-05-12,SB1103,15.33,15.4,15.33,15.35,225.0,,NO.11糖1103,4734.0,15.35,15.35
2008-05-13,SB1103,15.25,15.29,15.06,15.06,309.0,,NO.11糖1103,4840.0,15.06,15.06
2008-05-14,SB1103,15.0,15.04,14.94,14.94,51.0,,NO.11糖1103,4880.0,14.94,14.94
2008-05-15,SB1103,,,,14.97,1.0,,NO.11糖1103,4880.0,14.97,14.97
2008-05-16,SB1103,15.09,15.15,14.97,14.97,153.0,,NO.11糖1103,4906.0,14.97,14.97
2008-05-19,SB1103,14.94,14.95,14.83,14.83,32.0,,NO.11糖1103,4918.0,14.83,14.83
2008-05-20,SB1103,14.7,14.75,14.61,14.75,85.0,,NO.11糖1103,4876.0,14.75,14.75
2008-05-21,SB1103,15.14,15.35,15.11,15.32,195.0,,NO.11糖1103,4954.0,15.32,15.32
2008-05-22,SB1103,15.42,15.45,15.2,15.32,480.0,,NO.11糖1103,5132.0,15.32,15.32
2008-05-23,SB1103,15.41,15.41,15.19,15.19,159.0,,NO.11糖1103,5272.0,15.19,15.19
2008-05-27,SB1103,15.16,15.16,15.0,15.0,527.0,,NO.11糖1103,5712.0,15.0,15.0
2008-05-28,SB1103,15.0,15.0,14.75,14.75,236.0,,NO.11糖1103,5809.0,14.75,14.75
2008-05-29,SB1103,14.75,14.82,14.75,14.82,7.0,,NO.11糖1103,5811.0,14.82,14.82
2008-05-30,SB1103,14.85,14.85,14.7,14.81,74.0,,NO.11糖1103,5806.0,14.81,14.81
2008-06-02,SB1103,14.75,14.95,14.75,14.89,200.0,,NO.11糖1103,5856.0,14.89,14.89
2008-06-03,SB1103,14.65,14.88,14.65,14.88,730.0,,NO.11糖1103,6376.0,14.88,14.88
2008-06-04,SB1103,14.82,14.83,14.6,14.69,266.0,,NO.11糖1103,6642.0,14.69,14.69
2008-06-05,SB1103,14.5,14.61,14.45,14.61,227.0,,NO.11糖1103,6858.0,14.61,14.61
2008-06-06,SB1103,,,,14.72,,,NO.11糖1103,6858.0,14.72,14.72
2008-06-09,SB1103,14.72,14.85,14.7,14.75,533.0,,NO.11糖1103,7356.0,14.75,14.75
2008-06-10,SB1103,14.75,14.8,14.75,14.78,102.0,,NO.11糖1103,7458.0,14.78,14.78
2008-06-11,SB1103,14.8,14.94,14.8,14.92,445.0,,NO.11糖1103,7832.0,14.92,14.92
2008-06-12,SB1103,14.73,14.76,14.73,14.76,33.0,,NO.11糖1103,7868.0,14.76,14.76
2008-06-13,SB1103,14.82,14.94,14.8,14.94,100.0,,NO.11糖1103,7894.0,14.94,14.94
2008-06-16,SB1103,15.0,15.05,14.99,15.05,49.0,,NO.11糖1103,7894.0,15.05,15.05
2008-06-17,SB1103,15.08,15.11,15.08,15.11,75.0,,NO.11糖1103,7969.0,15.11,15.11
2008-06-18,SB1103,15.2,15.22,15.11,15.2,47.0,,NO.11糖1103,7981.0,15.2,15.2
2008-06-19,SB1103,15.22,15.22,15.1,15.1,90.0,,NO.11糖1103,8056.0,15.1,15.1
2008-06-20,SB1103,15.3,15.42,15.3,15.37,334.0,,NO.11糖1103,8167.0,15.37,15.37
2008-06-23,SB1103,15.47,15.52,15.21,15.3,109.0,,NO.11糖1103,8261.0,15.3,15.3
2008-06-24,SB1103,15.21,15.38,15.13,15.26,120.0,,NO.11糖1103,8343.0,15.26,15.26
2008-06-25,SB1103,15.26,15.44,15.14,15.44,49.0,,NO.11糖1103,8351.0,15.44,15.44
2008-06-26,SB1103,15.45,15.6,15.45,15.59,209.0,,NO.11糖1103,8496.0,15.59,15.59
2008-06-27,SB1103,15.62,15.62,15.1,15.45,291.0,,NO.11糖1103,8600.0,15.45,15.45
2008-06-30,SB1103,15.47,15.75,15.36,15.67,325.0,,NO.11糖1103,8693.0,15.67,15.67
2008-07-01,SB1103,15.85,15.97,15.85,15.92,165.0,,NO.11糖1103,8732.0,15.92,15.92
2008-07-02,SB1103,16.0,16.09,15.86,16.09,89.0,,NO.11糖1103,8751.0,16.09,16.09
2008-07-03,SB1103,16.21,16.27,16.0,16.14,113.0,,NO.11糖1103,8776.0,16.14,16.14
2008-07-07,SB1103,16.09,16.09,15.72,15.83,81.0,,NO.11糖1103,8842.0,15.83,15.83
2008-07-08,SB1103,15.99,16.15,15.76,16.15,19.0,,NO.11糖1103,8845.0,16.15,16.15
2008-07-09,SB1103,16.11,16.32,16.1,16.28,330.0,,NO.11糖1103,9143.0,16.28,16.28
2008-07-10,SB1103,16.1,16.32,16.1,16.31,271.0,,NO.11糖1103,9320.0,16.31,16.31
2008-07-11,SB1103,16.4,16.77,16.4,16.71,401.0,,NO.11糖1103,9409.0,16.71,16.71
2008-07-14,SB1103,16.64,16.67,16.21,16.41,62.0,,NO.11糖1103,9443.0,16.41,16.41
2008-07-15,SB1103,16.4,16.75,16.4,16.74,89.0,,NO.11糖1103,9445.0,16.74,16.74
2008-07-16,SB1103,16.42,16.5,16.28,16.46,73.0,,NO.11糖1103,9477.0,16.46,16.46
2008-07-17,SB1103,15.8,16.08,15.55,15.56,80.0,,NO.11糖1103,9519.0,15.56,15.56
2008-07-18,SB1103,15.52,15.55,15.45,15.53,169.0,,NO.11糖1103,9639.0,15.53,15.53
2008-07-21,SB1103,15.3,15.56,15.3,15.49,48.0,,NO.11糖1103,9634.0,15.49,15.49
2008-07-22,SB1103,15.3,15.3,14.94,15.02,136.0,,NO.11糖1103,9710.0,15.02,15.02
2008-07-23,SB1103,14.9,15.05,14.85,15.03,54.0,,NO.11糖1103,9707.0,15.03,15.03
2008-07-24,SB1103,15.02,15.07,14.9,15.07,355.0,,NO.11糖1103,9661.0,15.07,15.07
2008-07-25,SB1103,15.14,15.21,15.1,15.2,240.0,,NO.11糖1103,9792.0,15.2,15.2
2008-07-28,SB1103,15.01,15.01,15.01,15.01,37.0,,NO.11糖1103,9807.0,15.1,15.01
2008-07-29,SB1103,15.13,15.44,15.13,15.38,228.0,,NO.11糖1103,9846.0,15.46,15.38
2008-07-30,SB1103,15.52,15.86,15.52,15.86,267.0,,NO.11糖1103,10071.0,15.84,15.86
2008-07-31,SB1103,15.93,16.2,15.82,16.2,162.0,,NO.11糖1103,10051.0,16.22,16.2
2008-08-01,SB1103,16.02,16.54,16.02,16.15,249.0,,NO.11糖1103,10112.0,16.16,16.15
2008-08-04,SB1103,16.15,16.22,15.36,15.53,146.0,,NO.11糖1103,10125.0,15.56,15.53
2008-08-05,SB1103,15.66,15.99,15.58,15.99,36.0,,NO.11糖1103,10095.0,16.08,15.99
2008-08-06,SB1103,16.25,16.3,16.0,16.0,68.0,,NO.11糖1103,10143.0,16.19,16.0
2008-08-07,SB1103,16.19,16.3,15.85,15.85,39.0,,NO.11糖1103,10107.0,15.79,15.85
2008-08-08,SB1103,0.0,0.0,0.0,15.6,31.0,,NO.11糖1103,10111.0,15.6,15.6
2008-08-11,SB1103,15.67,15.67,15.3,15.47,22.0,,NO.11糖1103,10101.0,15.44,15.47
2008-08-12,SB1103,15.46,15.58,15.46,15.58,62.0,,NO.11糖1103,10101.0,15.63,15.58
2008-08-13,SB1103,15.75,15.9,15.73,15.88,61.0,,NO.11糖1103,10082.0,15.88,15.88
2008-08-14,SB1103,15.47,15.47,15.33,15.39,12.0,,NO.11糖1103,10087.0,15.38,15.39
2008-08-15,SB1103,15.28,15.3,15.08,15.3,324.0,,NO.11糖1103,9925.0,15.32,15.3
2008-08-18,SB1103,15.59,15.75,15.59,15.75,38.0,,NO.11糖1103,9933.0,15.74,15.75
2008-08-19,SB1103,15.62,15.9,15.62,15.76,228.0,,NO.11糖1103,10042.0,15.74,15.76
2008-08-20,SB1103,15.75,15.8,15.58,15.8,232.0,,NO.11糖1103,10052.0,15.77,15.8
2008-08-21,SB1103,16.05,16.17,15.98,16.17,175.0,,NO.11糖1103,10166.0,16.16,16.17
2008-08-22,SB1103,16.1,16.21,16.07,16.21,48.0,,NO.11糖1103,10190.0,16.3,16.21
2008-08-25,SB1103,16.04,16.2,16.04,16.2,15.0,,NO.11糖1103,10201.0,16.2,16.2
2008-08-26,SB1103,16.14,16.25,16.07,16.2,103.0,,NO.11糖1103,10184.0,16.21,16.2
2008-08-27,SB1103,15.69,15.69,15.69,15.69,144.0,,NO.11糖1103,10193.0,15.75,15.69
2008-08-28,SB1103,15.85,15.85,15.48,15.48,112.0,,NO.11糖1103,10294.0,15.53,15.48
2008-08-29,SB1103,15.69,15.69,15.21,15.3,119.0,,NO.11糖1103,10364.0,15.36,15.3
2008-09-02,SB1103,15.19,15.46,15.14,15.4,223.0,,NO.11糖1103,10354.0,15.4,15.4
2008-09-03,SB1103,15.23,15.25,15.22,15.22,15.0,,NO.11糖1103,10354.0,15.22,15.22
2008-09-04,SB1103,15.34,15.42,15.2,15.2,295.0,,NO.11糖1103,10562.0,15.29,15.2
2008-09-05,SB1103,15.23,15.23,15.02,15.07,96.0,,NO.11糖1103,10601.0,15.07,15.07
2008-09-08,SB1103,15.02,15.02,14.9,14.95,51.0,,NO.11糖1103,10493.0,15.0,14.95
2008-09-09,SB1103,14.96,14.98,14.86,14.88,190.0,,NO.11糖1103,10637.0,14.95,14.88
2008-09-10,SB1103,14.83,15.01,14.82,14.99,107.0,,NO.11糖1103,10674.0,14.99,14.99
2008-09-11,SB1103,14.97,14.97,14.73,14.86,137.0,,NO.11糖1103,10713.0,14.86,14.86
2008-09-12,SB1103,15.21,15.3,15.16,15.25,23.0,,NO.11糖1103,10717.0,15.25,15.25
2008-09-15,SB1103,14.7,15.23,14.65,15.13,409.0,,NO.11糖1103,11203.0,15.13,15.13
2008-09-16,SB1103,14.73,15.0,14.7,14.94,3652.0,,NO.11糖1103,12036.0,14.94,14.94
2008-09-17,SB1103,15.25,15.25,14.94,15.14,96.0,,NO.11糖1103,12025.0,15.14,15.14
2008-09-18,SB1103,15.3,15.38,14.49,14.6,359.0,,NO.11糖1103,12183.0,14.6,14.6
2008-09-19,SB1103,14.38,14.76,14.35,14.75,1173.0,,NO.11糖1103,11917.0,14.75,14.75
2008-09-22,SB1103,15.0,15.37,15.0,15.28,160.0,,NO.11糖1103,11945.0,15.28,15.28
2008-09-23,SB1103,15.06,15.28,15.05,15.18,341.0,,NO.11糖1103,11959.0,15.18,15.18
2008-09-24,SB1103,15.38,15.39,15.28,15.35,129.0,,NO.11糖1103,11926.0,15.35,15.35
2008-09-25,SB1103,15.38,15.69,15.38,15.69,62.0,,NO.11糖1103,11912.0,15.69,15.69
2008-09-26,SB1103,15.7,15.7,15.55,15.58,26.0,,NO.11糖1103,11886.0,15.58,15.58
2008-09-29,SB1103,15.27,15.27,14.95,15.06,172.0,,NO.11糖1103,11776.0,15.06,15.06
2008-09-30,SB1103,14.8,14.95,14.7,14.81,417.0,,NO.11糖1103,11897.0,14.81,14.81
2008-10-01,SB1103,14.64,15.0,14.64,14.93,58.0,,NO.11糖1103,11865.0,14.93,14.93
2008-10-02,SB1103,14.63,14.63,14.06,14.06,190.0,,NO.11糖1103,11806.0,14.06,14.06
2008-10-03,SB1103,13.98,14.05,13.55,13.74,397.0,,NO.11糖1103,11839.0,13.74,13.74
2008-10-06,SB1103,13.6,13.6,12.92,12.97,838.0,,NO.11糖1103,12218.0,12.97,12.97
2008-10-07,SB1103,13.31,13.34,13.04,13.23,148.0,,NO.11糖1103,12293.0,13.23,13.23
2008-10-08,SB1103,12.81,13.2,12.74,13.06,369.0,,NO.11糖1103,12355.0,13.06,13.06
2008-10-09,SB1103,13.23,13.35,12.93,13.0,134.0,,NO.11糖1103,12355.0,13.0,13.0
2008-10-10,SB1103,12.73,12.73,12.38,12.44,215.0,,NO.11糖1103,12230.0,12.44,12.44
2008-10-13,SB1103,12.82,12.94,12.82,12.85,175.0,,NO.11糖1103,12292.0,12.85,12.85
2008-10-14,SB1103,13.14,13.19,12.91,12.92,333.0,,NO.11糖1103,12387.0,12.92,12.92
2008-10-15,SB1103,12.77,12.77,12.39,12.39,728.0,,NO.11糖1103,12460.0,12.39,12.39
2008-10-16,SB1103,12.45,12.45,12.22,12.35,424.0,,NO.11糖1103,12814.0,12.35,12.35
2008-10-17,SB1103,12.47,12.79,12.4,12.7,989.0,,NO.11糖1103,12089.0,12.7,12.7
2008-10-20,SB1103,12.7,12.74,12.54,12.63,773.0,,NO.11糖1103,12759.0,12.63,12.63
2008-10-21,SB1103,12.45,12.58,12.37,12.49,472.0,,NO.11糖1103,12900.0,12.49,12.49
2008-10-22,SB1103,12.37,12.38,12.24,12.27,325.0,,NO.11糖1103,12949.0,12.27,12.27
2008-10-23,SB1103,12.21,12.49,12.11,12.24,317.0,,NO.11糖1103,13090.0,12.24,12.24
2008-10-24,SB1103,12.13,12.21,11.9,12.21,170.0,,NO.11糖1103,13048.0,12.21,12.21
2008-10-27,SB1103,12.0,12.45,12.0,12.43,218.0,,NO.11糖1103,13147.0,12.43,12.43
2008-10-28,SB1103,12.71,12.77,12.56,12.56,138.0,,NO.11糖1103,13140.0,12.56,12.56
2008-10-29,SB1103,12.86,13.4,12.86,13.34,236.0,,NO.11糖1103,13080.0,13.34,13.34
2008-10-30,SB1103,13.11,13.16,13.06,13.06,87.0,,NO.11糖1103,13084.0,13.06,13.06
2008-10-31,SB1103,13.12,13.29,13.12,13.26,130.0,,NO.11糖1103,13154.0,13.26,13.26
2008-11-03,SB1103,13.49,13.5,13.32,13.45,105.0,,NO.11糖1103,13194.0,13.45,13.45
2008-11-04,SB1103,13.59,14.05,13.59,13.94,402.0,,NO.11糖1103,13144.0,13.94,13.94
2008-11-05,SB1103,13.96,13.96,13.63,13.94,103.0,,NO.11糖1103,13219.0,13.94,13.94
2008-11-06,SB1103,13.61,13.63,13.12,13.22,267.0,,NO.11糖1103,13403.0,13.22,13.22
2008-11-07,SB1103,13.35,13.54,13.35,13.41,58.0,,NO.11糖1103,13441.0,13.41,13.41
2008-11-10,SB1103,,,,13.35,117.0,,NO.11糖1103,13404.0,13.35,13.35
2008-11-11,SB1103,13.11,13.19,13.03,13.19,191.0,,NO.11糖1103,13532.0,13.19,13.19
2008-11-12,SB1103,13.11,13.11,12.9,13.05,78.0,,NO.11糖1103,13595.0,13.05,13.05
2008-11-13,SB1103,12.84,12.85,12.8,12.85,75.0,,NO.11糖1103,13626.0,12.85,12.85
2008-11-14,SB1103,13.08,13.11,13.08,13.11,104.0,,NO.11糖1103,13626.0,13.11,13.11
2008-11-17,SB1103,12.74,13.13,12.69,13.13,52.0,,NO.11糖1103,13576.0,13.13,13.13
2008-11-18,SB1103,,,,13.02,59.0,,NO.11糖1103,13606.0,13.02,13.02
2008-11-19,SB1103,13.19,13.4,13.12,13.12,27.0,,NO.11糖1103,13621.0,13.12,13.12
2008-11-20,SB1103,12.96,13.04,12.96,12.96,45.0,,NO.11糖1103,13642.0,12.96,12.96
2008-11-21,SB1103,12.96,13.03,12.76,12.76,387.0,,NO.11糖1103,13845.0,12.76,12.76
2008-11-24,SB1103,13.06,13.26,12.96,13.14,42.0,,NO.11糖1103,13848.0,13.14,13.14
2008-11-25,SB1103,13.35,13.35,13.14,13.14,158.0,,NO.11糖1103,13951.0,13.14,13.14
2008-11-26,SB1103,13.2,13.55,13.2,13.45,66.0,,NO.11糖1103,13959.0,13.45,13.45
2008-11-28,SB1103,13.53,13.58,13.49,13.55,165.0,,NO.11糖1103,14120.0,13.55,13.55
2008-12-01,SB1103,13.41,13.42,13.33,13.41,186.0,,NO.11糖1103,14121.0,13.41,13.41
2008-12-02,SB1103,13.47,13.55,13.47,13.55,163.0,,NO.11糖1103,14183.0,13.55,13.55
2008-12-03,SB1103,13.52,13.52,13.09,13.09,135.0,,NO.11糖1103,14208.0,13.09,13.09
2008-12-04,SB1103,13.0,13.0,12.75,12.75,148.0,,NO.11糖1103,14228.0,12.75,12.75
2008-12-05,SB1103,12.73,12.73,12.56,12.56,231.0,,NO.11糖1103,14375.0,12.56,12.56
2008-12-08,SB1103,12.77,13.23,12.77,13.23,294.0,,NO.11糖1103,14276.0,13.23,13.23
2008-12-09,SB1103,13.21,13.31,13.09,13.12,1210.0,,NO.11糖1103,14246.0,13.12,13.12
2008-12-10,SB1103,13.36,13.79,13.35,13.57,226.0,,NO.11糖1103,14313.0,13.57,13.57
2008-12-11,SB1103,13.8,13.9,13.79,13.79,168.0,,NO.11糖1103,14381.0,13.79,13.79
2008-12-12,SB1103,13.69,13.69,13.6,13.6,263.0,,NO.11糖1103,14583.0,13.6,13.6
2008-12-15,SB1103,13.78,13.8,13.48,13.48,229.0,,NO.11糖1103,14762.0,13.48,13.48
2008-12-16,SB1103,13.7,13.71,13.57,13.6,382.0,,NO.11糖1103,15087.0,13.6,13.6
2008-12-17,SB1103,13.63,13.76,13.54,13.72,1310.0,,NO.11糖1103,16275.0,13.72,13.72
2008-12-18,SB1103,13.77,13.87,13.7,13.85,233.0,,NO.11糖1103,16363.0,13.85,13.85
2008-12-19,SB1103,13.69,13.7,13.17,13.17,512.0,,NO.11糖1103,16615.0,13.17,13.17
2008-12-22,SB1103,13.37,13.45,13.36,13.36,45.0,,NO.11糖1103,16682.0,13.36,13.36
2008-12-23,SB1103,13.32,13.45,13.32,13.38,31.0,,NO.11糖1103,16682.0,13.38,13.38
2008-12-24,SB1103,13.42,13.42,13.38,13.38,7.0,,NO.11糖1103,16676.0,13.55,13.38
2008-12-26,SB1103,,,,13.55,4.0,,NO.11糖1103,16677.0,13.55,13.55
2008-12-29,SB1103,13.65,13.66,13.58,13.63,142.0,,NO.11糖1103,16719.0,13.63,13.63
2008-12-30,SB1103,13.63,13.79,13.63,13.69,453.0,,NO.11糖1103,16403.0,13.69,13.69
2008-12-31,SB1103,13.97,14.04,13.9,14.04,491.0,,NO.11糖1103,16648.0,13.9,14.04
2009-01-02,SB1103,14.0,14.0,13.93,13.93,29.0,,NO.11糖1103,16648.0,13.93,13.93
2009-01-05,SB1103,13.97,14.2,13.97,14.02,204.0,,NO.11糖1103,16672.0,14.02,14.02
2009-01-06,SB1103,14.33,14.52,14.3,14.45,361.0,,NO.11糖1103,16744.0,14.45,14.45
2009-01-07,SB1103,14.31,14.44,14.3,14.33,406.0,,NO.11糖1103,17063.0,14.33,14.33
2009-01-08,SB1103,14.35,14.38,14.3,14.3,157.0,,NO.11糖1103,17158.0,14.3,14.3
2009-01-09,SB1103,14.47,14.47,14.22,14.22,237.0,,NO.11糖1103,18007.0,14.22,14.22
2009-01-12,SB1103,14.2,14.2,13.73,13.73,171.0,,NO.11糖1103,17298.0,13.73,13.73
2009-01-13,SB1103,13.82,13.87,13.75,13.75,154.0,,NO.11糖1103,17325.0,13.75,13.75
2009-01-14,SB1103,13.88,13.9,13.63,13.63,276.0,,NO.11糖1103,17452.0,13.63,13.63
2009-01-15,SB1103,13.81,14.02,13.75,13.9,1242.0,,NO.11糖1103,18348.0,13.9,13.9
2009-01-16,SB1103,14.08,14.3,14.08,14.18,372.0,,NO.11糖1103,18546.0,14.18,14.18
2009-01-20,SB1103,14.06,14.26,14.06,14.23,18.0,,NO.11糖1103,18547.0,14.23,14.23
2009-01-21,SB1103,14.16,14.16,13.88,13.98,294.0,,NO.11糖1103,18398.0,13.98,13.98
2009-01-22,SB1103,13.89,13.89,13.69,13.89,214.0,,NO.11糖1103,18383.0,13.89,13.89
2009-01-23,SB1103,13.99,14.06,13.93,14.02,169.0,,NO.11糖1103,18336.0,14.02,14.02
2009-01-26,SB1103,14.06,14.09,14.0,14.09,1318.0,,NO.11糖1103,18594.0,14.09,14.09
2009-01-27,SB1103,14.06,14.14,13.93,14.13,1910.0,,NO.11糖1103,17221.0,14.13,14.13
2009-01-28,SB1103,14.0,14.28,14.0,14.24,306.0,,NO.11糖1103,17330.0,14.24,14.24
2009-01-29,SB1103,14.16,14.24,14.1,14.14,621.0,,NO.11糖1103,17738.0,14.14,14.14
2009-01-30,SB1103,14.23,14.24,14.03,14.14,327.0,,NO.11糖1103,17778.0,14.14,14.14
2009-02-02,SB1103,14.01,14.17,13.94,14.05,385.0,,NO.11糖1103,17694.0,14.05,14.05
2009-02-03,SB1103,13.94,13.96,13.89,13.95,364.0,,NO.11糖1103,17740.0,13.95,13.95
2009-02-04,SB1103,13.92,13.92,13.75,13.81,184.0,,NO.11糖1103,17757.0,13.81,13.81
2009-02-05,SB1103,13.82,14.15,13.67,14.15,442.0,,NO.11糖1103,18002.0,14.15,14.15
2009-02-06,SB1103,14.15,14.3,14.14,14.29,576.0,,NO.11糖1103,17939.0,14.29,14.29
2009-02-09,SB1103,14.28,14.33,14.26,14.3,102.0,,NO.11糖1103,18004.0,14.3,14.3
2009-02-10,SB1103,14.32,14.35,14.26,14.34,283.0,,NO.11糖1103,18037.0,14.34,14.34
2009-02-11,SB1103,14.28,14.38,14.28,14.38,160.0,,NO.11糖1103,18086.0,14.38,14.38
2009-02-12,SB1103,14.25,14.4,14.25,14.4,778.0,,NO.11糖1103,18553.0,14.4,14.4
2009-02-13,SB1103,,,,14.42,270.0,,NO.11糖1103,18769.0,14.42,14.42
2009-02-17,SB1103,14.1,14.25,13.98,14.24,314.0,,NO.11糖1103,18986.0,14.24,14.24
2009-02-18,SB1103,14.04,14.05,13.85,13.91,2287.0,,NO.11糖1103,19175.0,13.91,13.91
2009-02-19,SB1103,14.03,14.15,13.99,14.08,305.0,,NO.11糖1103,19345.0,14.08,14.08
2009-02-20,SB1103,13.89,13.99,13.89,13.98,10.0,,NO.11糖1103,19338.0,13.98,13.98
2009-02-23,SB1103,14.07,14.07,13.94,13.94,60.0,,NO.11糖1103,19377.0,13.94,13.94
2009-02-24,SB1103,13.95,14.1,13.94,14.05,247.0,,NO.11糖1103,19298.0,14.05,14.05
2009-02-25,SB1103,14.11,14.2,13.99,14.18,291.0,,NO.11糖1103,19418.0,14.18,14.18
2009-02-26,SB1103,14.18,14.42,14.14,14.39,1031.0,,NO.11糖1103,19643.0,14.39,14.39
2009-02-27,SB1103,14.25,14.28,14.2,14.2,546.0,,NO.11糖1103,19862.0,14.27,14.2
2009-03-02,SB1103,14.11,14.2,13.3,13.35,837.0,,NO.11糖1103,20042.0,13.35,13.35
2009-03-03,SB1103,13.45,13.46,13.26,13.37,1373.0,,NO.11糖1103,19594.0,13.37,13.37
2009-03-04,SB1103,13.49,13.97,13.48,13.88,1023.0,,NO.11糖1103,19946.0,13.88,13.88
2009-03-05,SB1103,13.75,13.75,13.47,13.69,304.0,,NO.11糖1103,19994.0,13.69,13.69
2009-03-06,SB1103,13.78,13.81,13.67,13.71,333.0,,NO.11糖1103,20233.0,13.71,13.71
2009-03-09,SB1103,13.44,13.56,13.35,13.51,97.0,,NO.11糖1103,20279.0,13.51,13.51
2009-03-10,SB1103,13.51,13.72,13.51,13.67,332.0,,NO.11糖1103,20463.0,13.67,13.67
2009-03-11,SB1103,13.82,14.0,13.82,14.0,247.0,,NO.11糖1103,20691.0,14.0,14.0
2009-03-12,SB1103,14.03,14.23,14.03,14.23,65.0,,NO.11糖1103,20743.0,14.23,14.23
2009-03-13,SB1103,14.28,14.28,14.11,14.17,227.0,,NO.11糖1103,20884.0,14.17,14.17
2009-03-16,SB1103,14.12,14.3,14.12,14.29,758.0,,NO.11糖1103,21566.0,14.29,14.29
2009-03-17,SB1103,14.21,14.42,14.21,14.4,519.0,,NO.11糖1103,21850.0,14.4,14.4
2009-03-18,SB1103,14.42,14.49,14.38,14.47,508.0,,NO.11糖1103,21926.0,14.47,14.47
2009-03-19,SB1103,14.49,14.85,14.49,14.85,397.0,,NO.11糖1103,22185.0,14.85,14.85
2009-03-20,SB1103,14.82,14.88,14.77,14.88,1702.0,,NO.11糖1103,22341.0,14.88,14.88
2009-03-23,SB1103,14.88,14.9,14.82,14.88,163.0,,NO.11糖1103,22407.0,14.88,14.88
2009-03-24,SB1103,14.92,14.92,14.58,14.79,997.0,,NO.11糖1103,22814.0,14.79,14.79
2009-03-25,SB1103,14.65,14.85,14.62,14.83,651.0,,NO.11糖1103,23277.0,14.83,14.83
2009-03-26,SB1103,14.9,14.9,14.79,14.89,295.0,,NO.11糖1103,23343.0,14.89,14.89
2009-03-27,SB1103,14.91,14.93,14.64,14.83,790.0,,NO.11糖1103,23646.0,14.83,14.83
2009-03-30,SB1103,14.69,14.73,14.69,14.73,113.0,,NO.11糖1103,23711.0,14.73,14.73
2009-03-31,SB1103,14.83,14.85,14.65,14.8,454.0,,NO.11糖1103,23772.0,14.8,14.8
2009-04-01,SB1103,14.65,14.84,14.61,14.68,4866.0,,NO.11糖1103,24979.0,14.68,14.68
2009-04-02,SB1103,14.61,14.85,14.61,14.85,634.0,,NO.11糖1103,25228.0,14.85,14.85
2009-04-03,SB1103,14.85,14.9,14.56,14.59,683.0,,NO.11糖1103,25075.0,14.59,14.59
2009-04-06,SB1103,14.68,14.68,14.25,14.36,659.0,,NO.11糖1103,25165.0,14.36,14.36
2009-04-07,SB1103,14.38,14.41,14.37,14.37,287.0,,NO.11糖1103,25208.0,14.37,14.37
2009-04-08,SB1103,14.35,14.54,14.35,14.54,502.0,,NO.11糖1103,25365.0,14.54,14.54
2009-04-09,SB1103,14.6,14.92,14.53,14.92,1197.0,,NO.11糖1103,26106.0,14.92,14.92
2009-04-13,SB1103,14.94,15.05,14.94,15.05,1223.0,,NO.11糖1103,27188.0,15.05,15.05
2009-04-14,SB1103,14.92,14.96,14.81,14.89,853.0,,NO.11糖1103,27120.0,14.89,14.89
2009-04-15,SB1103,14.84,14.91,14.66,14.84,1247.0,,NO.11糖1103,27083.0,14.84,14.84
2009-04-16,SB1103,14.73,14.73,14.42,14.56,743.0,,NO.11糖1103,27078.0,14.56,14.56
2009-04-17,SB1103,14.43,14.81,14.42,14.77,711.0,,NO.11糖1103,27176.0,14.77,14.77
2009-04-20,SB1103,14.54,14.54,14.52,14.52,329.0,,NO.11糖1103,27295.0,14.52,14.52
2009-04-21,SB1103,14.28,14.61,14.0,14.54,877.0,,NO.11糖1103,27480.0,14.54,14.54
2009-04-22,SB1103,14.56,14.57,14.5,14.54,644.0,,NO.11糖1103,27378.0,14.54,14.54
2009-04-23,SB1103,14.6,14.6,14.47,14.57,2179.0,,NO.11糖1103,27816.0,14.57,14.57
2009-04-24,SB1103,14.51,14.77,14.44,14.77,2600.0,,NO.11糖1103,27397.0,14.77,14.77
2009-04-27,SB1103,14.66,14.66,14.53,14.6,2038.0,,NO.11糖1103,27568.0,14.6,14.6
2009-04-28,SB1103,,,,14.74,1393.0,,NO.11糖1103,27249.0,14.74,14.74
2009-04-29,SB1103,14.73,14.83,14.73,14.83,706.0,,NO.11糖1103,27445.0,14.83,14.83
2009-04-30,SB1103,14.93,14.99,14.91,14.96,200.0,,NO.11糖1103,27441.0,15.0,14.96
2009-05-01,SB1103,14.98,15.4,14.98,15.36,1660.0,,NO.11糖1103,27649.0,15.36,15.36
2009-05-04,SB1103,15.23,15.36,15.23,15.36,1076.0,,NO.11糖1103,27692.0,15.36,15.36
2009-05-05,SB1103,15.29,15.5,15.09,15.29,858.0,,NO.11糖1103,27787.0,15.29,15.29
2009-05-06,SB1103,15.24,15.33,15.16,15.33,354.0,,NO.11糖1103,27811.0,15.33,15.33
2009-05-07,SB1103,15.25,15.4,15.2,15.35,1026.0,,NO.11糖1103,28086.0,15.35,15.35
2009-05-08,SB1103,15.33,15.33,15.12,15.19,716.0,,NO.11糖1103,28044.0,15.19,15.19
2009-05-11,SB1103,15.09,15.47,14.94,15.47,1559.0,,NO.11糖1103,28039.0,15.47,15.47
2009-05-12,SB1103,15.44,15.9,15.44,15.81,2575.0,,NO.11糖1103,28079.0,15.81,15.81
2009-05-13,SB1103,15.75,15.87,15.75,15.82,1247.0,,NO.11糖1103,28314.0,15.82,15.82
2009-05-14,SB1103,15.76,16.0,15.76,15.99,2896.0,,NO.11糖1103,28304.0,15.99,15.99
2009-05-15,SB1103,15.79,16.01,15.7,15.79,1061.0,,NO.11糖1103,28338.0,15.79,15.79
2009-05-18,SB1103,15.95,16.37,15.9,16.37,1330.0,,NO.11糖1103,28582.0,16.37,16.37
2009-05-19,SB1103,16.2,16.47,16.1,16.47,2322.0,,NO.11糖1103,29985.0,16.47,16.47
2009-05-20,SB1103,16.4,16.49,16.23,16.34,5668.0,,NO.11糖1103,29964.0,16.34,16.34
2009-05-21,SB1103,16.34,16.61,16.34,16.61,3400.0,,NO.11糖1103,30793.0,16.61,16.61
2009-05-22,SB1103,16.49,16.57,16.49,16.57,44.0,,NO.11糖1103,30788.0,16.57,16.57
2009-05-26,SB1103,16.46,16.62,16.44,16.59,894.0,,NO.11糖1103,30706.0,16.59,16.59
2009-05-27,SB1103,16.59,16.68,16.54,16.68,1474.0,,NO.11糖1103,30337.0,16.68,16.68
2009-05-28,SB1103,16.64,16.64,16.61,16.61,1660.0,,NO.11糖1103,29793.0,16.61,16.61
2009-05-29,SB1103,16.64,16.7,16.4,16.54,1919.0,,NO.11糖1103,30155.0,16.54,16.54
2009-06-01,SB1103,16.7,16.78,16.65,16.78,602.0,,NO.11糖1103,30373.0,16.78,16.78
2009-06-02,SB1103,16.75,16.89,16.65,16.87,1414.0,,NO.11糖1103,30915.0,16.87,16.87
2009-06-03,SB1103,16.67,16.69,16.52,16.66,2957.0,,NO.11糖1103,32017.0,16.66,16.66
2009-06-04,SB1103,16.8,16.95,16.6,16.89,2232.0,,NO.11糖1103,32868.0,16.89,16.89
2009-06-05,SB1103,16.89,17.04,16.89,17.04,813.0,,NO.11糖1103,33043.0,17.04,17.04
2009-06-08,SB1103,16.74,17.0,16.73,16.97,1789.0,,NO.11糖1103,33001.0,16.97,16.97
2009-06-09,SB1103,17.0,17.03,16.87,17.02,2377.0,,NO.11糖1103,33484.0,17.02,17.02
2009-06-10,SB1103,16.66,16.97,16.66,16.88,1765.0,,NO.11糖1103,33485.0,16.88,16.88
2009-06-11,SB1103,16.84,17.0,16.68,16.95,2630.0,,NO.11糖1103,32599.0,16.95,16.95
2009-06-12,SB1103,16.66,16.89,16.66,16.89,2025.0,,NO.11糖1103,32243.0,16.89,16.89
2009-06-15,SB1103,16.55,16.55,16.28,16.4,529.0,,NO.11糖1103,32190.0,16.4,16.4
2009-06-16,SB1103,16.48,16.49,16.18,16.24,776.0,,NO.11糖1103,32109.0,16.24,16.24
2009-06-17,SB1103,16.24,16.33,16.0,16.31,901.0,,NO.11糖1103,32124.0,16.31,16.31
2009-06-18,SB1103,16.3,16.38,16.09,16.16,647.0,,NO.11糖1103,32043.0,16.16,16.16
2009-06-19,SB1103,16.25,16.36,16.18,16.36,872.0,,NO.11糖1103,31955.0,16.36,16.36
2009-06-22,SB1103,16.2,16.51,16.2,16.51,492.0,,NO.11糖1103,32026.0,16.51,16.51
2009-06-23,SB1103,16.47,17.02,16.36,17.02,2779.0,,NO.11糖1103,32298.0,17.02,17.02
2009-06-24,SB1103,16.9,17.22,16.89,17.13,2609.0,,NO.11糖1103,32882.0,17.13,17.13
2009-06-25,SB1103,17.14,17.62,17.14,17.62,6114.0,,NO.11糖1103,33008.0,17.62,17.62
2009-06-26,SB1103,17.27,17.4,17.14,17.14,1766.0,,NO.11糖1103,33246.0,17.14,17.14
2009-06-29,SB1103,17.35,17.62,17.35,17.61,1543.0,,NO.11糖1103,33554.0,17.61,17.61
2009-06-30,SB1103,17.65,17.75,17.36,17.59,3616.0,,NO.11糖1103,34292.0,17.74,17.59
2009-07-01,SB1103,17.7,17.74,17.56,17.72,746.0,,NO.11糖1103,34500.0,17.72,17.72
2009-07-02,SB1103,17.6,17.6,17.4,17.55,1511.0,,NO.11糖1103,34428.0,17.55,17.55
2009-07-06,SB1103,17.1,17.35,17.05,17.35,1209.0,,NO.11糖1103,34243.0,17.35,17.35
2009-07-07,SB1103,17.56,17.56,17.06,17.09,864.0,,NO.11糖1103,34415.0,17.09,17.09
2009-07-08,SB1103,17.13,17.34,17.07,17.31,1076.0,,NO.11糖1103,34699.0,17.31,17.31
2009-07-09,SB1103,17.25,17.32,17.09,17.2,1232.0,,NO.11糖1103,35120.0,17.2,17.2
2009-07-10,SB1103,17.02,17.37,17.02,17.24,1473.0,,NO.11糖1103,35278.0,17.24,17.24
2009-07-13,SB1103,17.25,17.47,17.16,17.47,1677.0,,NO.11糖1103,35997.0,17.47,17.47
2009-07-14,SB1103,17.5,17.72,17.5,17.68,1597.0,,NO.11糖1103,36337.0,17.68,17.68
2009-07-15,SB1103,17.7,17.75,17.62,17.66,1749.0,,NO.11糖1103,36329.0,17.66,17.66
2009-07-16,SB1103,17.32,17.35,17.28,17.32,383.0,,NO.11糖1103,36184.0,17.32,17.32
2009-07-17,SB1103,17.35,17.4,17.21,17.21,1522.0,,NO.11糖1103,35728.0,17.22,17.21
2009-07-20,SB1103,17.61,17.67,17.58,17.63,1183.0,,NO.11糖1103,36110.0,17.63,17.63
2009-07-21,SB1103,17.69,17.75,17.6,17.68,1038.0,,NO.11糖1103,36193.0,17.68,17.68
2009-07-22,SB1103,17.65,17.8,17.65,17.8,752.0,,NO.11糖1103,36297.0,17.8,17.8
2009-07-23,SB1103,17.8,17.82,17.67,17.71,2401.0,,NO.11糖1103,36691.0,17.71,17.71
2009-07-24,SB1103,17.77,17.85,17.71,17.83,1402.0,,NO.11糖1103,36649.0,17.83,17.83
2009-07-27,SB1103,17.85,17.92,17.85,17.91,854.0,,NO.11糖1103,36715.0,17.91,17.91
2009-07-28,SB1103,17.92,18.0,17.7,17.97,1712.0,,NO.11糖1103,36725.0,17.97,17.97
2009-07-29,SB1103,17.83,17.93,17.83,17.93,439.0,,NO.11糖1103,36767.0,17.93,17.93
2009-07-30,SB1103,18.0,18.1,17.94,18.06,2324.0,,NO.11糖1103,37064.0,18.06,18.06
2009-07-31,SB1103,18.1,18.1,17.85,18.04,1084.0,,NO.11糖1103,37310.0,18.04,18.04
2009-08-03,SB1103,18.15,18.4,18.15,18.32,1698.0,,NO.11糖1103,37848.0,18.32,18.32
2009-08-04,SB1103,18.3,18.63,18.3,18.57,2311.0,,NO.11糖1103,38111.0,18.57,18.57
2009-08-05,SB1103,18.65,18.69,18.5,18.64,1640.0,,NO.11糖1103,38498.0,18.64,18.64
2009-08-06,SB1103,18.7,18.95,18.7,18.91,3075.0,,NO.11糖1103,37941.0,18.91,18.91
2009-08-07,SB1103,18.99,19.39,18.99,19.35,4046.0,,NO.11糖1103,38135.0,19.35,19.35
2009-08-10,SB1103,19.4,19.95,19.4,19.66,2639.0,,NO.11糖1103,38349.0,19.66,19.66
2009-08-11,SB1103,19.57,19.6,19.1,19.42,2396.0,,NO.11糖1103,38665.0,19.42,19.42
2009-08-12,SB1103,19.16,19.55,19.0,19.42,2948.0,,NO.11糖1103,39255.0,19.42,19.42
2009-08-13,SB1103,19.36,19.92,19.22,19.7,2940.0,,NO.11糖1103,39873.0,19.7,19.7
2009-08-14,SB1103,19.25,19.6,19.25,19.56,4130.0,,NO.11糖1103,39799.0,19.56,19.56
2009-08-17,SB1103,19.35,19.73,19.07,19.73,1447.0,,NO.11糖1103,39777.0,19.73,19.73
2009-08-18,SB1103,19.5,19.8,19.5,19.68,965.0,,NO.11糖1103,39994.0,19.68,19.68
2009-08-19,SB1103,19.72,20.1,19.59,20.1,2198.0,,NO.11糖1103,40413.0,20.1,20.1
2009-08-20,SB1103,20.05,20.15,19.35,19.49,1550.0,,NO.11糖1103,40296.0,19.49,19.49
2009-08-21,SB1103,19.36,19.77,18.88,19.37,2056.0,,NO.11糖1103,40820.0,19.37,19.37
2009-08-24,SB1103,19.4,19.56,19.25,19.39,1556.0,,NO.11糖1103,41027.0,19.39,19.39
2009-08-25,SB1103,19.65,19.67,19.41,19.48,848.0,,NO.11糖1103,40795.0,19.48,19.48
2009-08-26,SB1103,19.5,19.73,19.36,19.73,1122.0,,NO.11糖1103,40528.0,19.73,19.73
2009-08-27,SB1103,19.6,19.95,19.6,19.71,1844.0,,NO.11糖1103,41099.0,19.71,19.71
2009-08-28,SB1103,19.79,20.09,19.75,20.09,4245.0,,NO.11糖1103,41735.0,20.09,20.09
2009-08-31,SB1103,20.0,20.41,19.9,20.41,2260.0,,NO.11糖1103,42239.0,20.41,20.41
2009-09-01,SB1103,20.35,20.4,19.74,20.26,1614.0,,NO.11糖1103,42768.0,20.26,20.26
2009-09-02,SB1103,20.2,20.3,19.62,19.97,2269.0,,NO.11糖1103,42907.0,19.97,19.97
2009-09-03,SB1103,19.96,19.96,19.58,19.7,3175.0,,NO.11糖1103,43218.0,19.7,19.7
2009-09-04,SB1103,19.7,19.96,18.6,18.71,3236.0,,NO.11糖1103,43007.0,18.71,18.71
2009-09-08,SB1103,18.4,18.93,18.12,18.64,2102.0,,NO.11糖1103,43214.0,18.64,18.64
2009-09-09,SB1103,18.74,19.29,18.74,19.01,1743.0,,NO.11糖1103,43182.0,19.01,19.01
2009-09-10,SB1103,19.1,20.05,19.1,19.95,4105.0,,NO.11糖1103,43965.0,19.95,19.95
2009-09-11,SB1103,19.95,20.3,19.41,19.54,3117.0,,NO.11糖1103,44057.0,19.54,19.54
2009-09-14,SB1103,19.69,20.2,19.5,20.18,1266.0,,NO.11糖1103,44257.0,20.18,20.18
2009-09-15,SB1103,20.01,20.09,19.69,19.95,1064.0,,NO.11糖1103,44505.0,19.95,19.95
2009-09-16,SB1103,19.95,20.2,19.91,20.11,1902.0,,NO.11糖1103,44666.0,20.11,20.11
2009-09-17,SB1103,20.2,20.2,19.6,19.82,977.0,,NO.11糖1103,44568.0,19.82,19.82
2009-09-18,SB1103,19.49,19.77,19.3,19.4,1791.0,,NO.11糖1103,44716.0,19.4,19.4
2009-09-21,SB1103,19.75,19.75,19.37,19.58,615.0,,NO.11糖1103,44716.0,19.58,19.58
2009-09-22,SB1103,19.68,19.87,19.65,19.8,318.0,,NO.11糖1103,44773.0,19.8,19.8
2009-09-23,SB1103,19.73,19.9,19.03,19.32,914.0,,NO.11糖1103,44849.0,19.32,19.32
2009-09-24,SB1103,19.48,19.7,19.25,19.37,434.0,,NO.11糖1103,44791.0,19.37,19.37
2009-09-25,SB1103,19.43,19.7,19.43,19.58,843.0,,NO.11糖1103,44872.0,19.58,19.58
2009-09-28,SB1103,19.7,20.1,19.7,20.06,1749.0,,NO.11糖1103,45481.0,20.06,20.06
2009-09-29,SB1103,20.19,20.55,20.18,20.42,1867.0,,NO.11糖1103,45855.0,20.42,20.42
2009-09-30,SB1103,20.37,20.7,20.23,20.55,1189.0,,NO.11糖1103,46141.0,20.73,20.55
2009-10-01,SB1103,20.4,20.62,20.13,20.3,1468.0,,NO.11糖1103,46366.0,20.3,20.3
2009-10-02,SB1103,19.89,20.45,19.56,19.86,771.0,,NO.11糖1103,46125.0,19.86,19.86
2009-10-05,SB1103,19.95,20.35,19.95,20.15,975.0,,NO.11糖1103,46257.0,20.15,20.15
2009-10-06,SB1103,20.2,20.37,19.54,20.04,758.0,,NO.11糖1103,46346.0,20.04,20.04
2009-10-07,SB1103,20.0,20.0,19.38,19.57,2098.0,,NO.11糖1103,46376.0,19.57,19.57
2009-10-08,SB1103,18.99,19.5,18.64,19.45,3829.0,,NO.11糖1103,47213.0,19.45,19.45
2009-10-09,SB1103,19.75,19.75,18.52,18.64,2726.0,,NO.11糖1103,46912.0,18.64,18.64
2009-10-12,SB1103,18.91,19.07,18.65,19.0,1878.0,,NO.11糖1103,46872.0,19.0,19.0
2009-10-13,SB1103,19.14,19.72,19.14,19.69,2090.0,,NO.11糖1103,47055.0,19.69,19.69
2009-10-14,SB1103,19.73,19.91,19.6,19.77,939.0,,NO.11糖1103,46891.0,19.77,19.77
2009-10-15,SB1103,19.9,20.56,19.9,20.51,1869.0,,NO.11糖1103,47023.0,20.51,20.51
2009-10-16,SB1103,20.5,20.6,20.1,20.22,1861.0,,NO.11糖1103,47574.0,20.22,20.22
2009-10-19,SB1103,20.45,20.62,19.95,19.99,1937.0,,NO.11糖1103,48142.0,19.99,19.99
2009-10-20,SB1103,20.25,20.25,19.33,19.62,1030.0,,NO.11糖1103,48256.0,19.62,19.62
2009-10-21,SB1103,19.66,20.0,19.66,19.93,975.0,,NO.11糖1103,48185.0,19.93,19.93
2009-10-22,SB1103,19.65,19.81,19.36,19.41,386.0,,NO.11糖1103,48339.0,19.41,19.41
2009-10-23,SB1103,19.63,19.7,19.34,19.49,510.0,,NO.11糖1103,48398.0,19.49,19.49
2009-10-26,SB1103,19.58,19.94,19.35,19.52,1324.0,,NO.11糖1103,48275.0,19.52,19.52
2009-10-27,SB1103,19.7,19.7,19.4,19.45,1208.0,,NO.11糖1103,48269.0,19.45,19.45
2009-10-28,SB1103,19.4,19.4,18.65,18.78,1753.0,,NO.11糖1103,48205.0,18.78,18.78
2009-10-29,SB1103,19.0,19.35,18.96,19.27,1571.0,,NO.11糖1103,48841.0,19.27,19.27
2009-10-30,SB1103,19.25,19.39,19.01,19.39,1218.0,,NO.11糖1103,48684.0,19.39,19.39
2009-11-02,SB1103,19.5,19.75,19.5,19.75,1421.0,,NO.11糖1103,48827.0,19.75,19.75
2009-11-03,SB1103,19.75,20.03,19.4,20.03,3372.0,,NO.11糖1103,48472.0,20.03,20.03
2009-11-04,SB1103,19.93,20.0,19.75,19.97,2299.0,,NO.11糖1103,49373.0,19.97,19.97
2009-11-05,SB1103,19.81,20.0,18.99,19.26,1399.0,,NO.11糖1103,49666.0,19.26,19.26
2009-11-06,SB1103,19.48,19.48,19.1,19.14,3437.0,,NO.11糖1103,48096.0,19.14,19.14
2009-11-09,SB1103,20.25,20.25,18.88,18.93,1781.0,,NO.11糖1103,47910.0,18.93,18.93
2009-11-10,SB1103,19.06,19.15,18.4,18.57,1765.0,,NO.11糖1103,47736.0,18.57,18.57
2009-11-11,SB1103,18.9,19.19,18.75,19.11,3040.0,,NO.11糖1103,47283.0,19.11,19.11
2009-11-12,SB1103,19.3,19.35,19.01,19.09,715.0,,NO.11糖1103,47231.0,19.09,19.09
2009-11-13,SB1103,19.17,19.35,19.17,19.35,982.0,,NO.11糖1103,47383.0,19.35,19.35
2009-11-16,SB1103,19.35,19.6,19.35,19.54,2853.0,,NO.11糖1103,47857.0,19.54,19.54
2009-11-17,SB1103,19.35,19.51,19.35,19.48,524.0,,NO.11糖1103,47928.0,19.48,19.48
2009-11-18,SB1103,19.65,19.87,19.53,19.67,1855.0,,NO.11糖1103,48309.0,19.67,19.67
2009-11-19,SB1103,19.5,19.53,19.17,19.33,2614.0,,NO.11糖1103,47693.0,19.33,19.33
2009-11-20,SB1103,19.48,19.5,19.0,19.22,2264.0,,NO.11糖1103,47393.0,19.22,19.22
2009-11-23,SB1103,19.47,19.49,19.09,19.17,2668.0,,NO.11糖1103,47249.0,19.17,19.17
2009-11-24,SB1103,19.05,19.45,19.05,19.13,2229.0,,NO.11糖1103,46845.0,19.13,19.13
2009-11-25,SB1103,19.34,19.44,19.02,19.27,2128.0,,NO.11糖1103,47113.0,19.27,19.27
2009-11-27,SB1103,19.21,19.54,18.61,19.51,418.0,,NO.11糖1103,47138.0,19.51,19.51
2009-11-30,SB1103,19.5,19.6,19.2,19.54,1761.0,,NO.11糖1103,47039.0,19.54,19.54
2009-12-01,SB1103,19.6,19.9,19.55,19.72,3062.0,,NO.11糖1103,46667.0,19.72,19.72
2009-12-02,SB1103,19.84,20.07,19.72,20.03,4778.0,,NO.11糖1103,47846.0,20.03,20.03
2009-12-03,SB1103,20.16,20.29,19.73,20.15,1980.0,,NO.11糖1103,48268.0,20.15,20.15
2009-12-04,SB1103,20.15,20.2,19.53,19.96,1875.0,,NO.11糖1103,48294.0,19.96,19.96
2009-12-07,SB1103,19.96,20.0,19.85,19.93,1416.0,,NO.11糖1103,48307.0,19.93,19.93
2009-12-08,SB1103,19.93,20.0,19.75,19.77,998.0,,NO.11糖1103,48286.0,19.77,19.77
2009-12-09,SB1103,19.84,19.98,19.64,19.73,2875.0,,NO.11糖1103,47760.0,19.73,19.73
2009-12-10,SB1103,19.76,20.3,19.74,20.28,4611.0,,NO.11糖1103,48962.0,20.28,20.28
2009-12-11,SB1103,20.26,20.56,20.0,20.55,3580.0,,NO.11糖1103,49401.0,20.55,20.55
2009-12-14,SB1103,20.52,20.98,20.4,20.97,6474.0,,NO.11糖1103,49759.0,20.97,20.97
2009-12-15,SB1103,20.83,20.9,19.98,20.33,3929.0,,NO.11糖1103,50016.0,20.33,20.33
2009-12-16,SB1103,20.4,20.89,20.4,20.89,4694.0,,NO.11糖1103,50108.0,20.89,20.89
2009-12-17,SB1103,20.87,21.0,20.28,20.99,3782.0,,NO.11糖1103,50930.0,20.99,20.99
2009-12-18,SB1103,20.88,21.0,20.35,20.74,2027.0,,NO.11糖1103,51420.0,20.74,20.74
2009-12-21,SB1103,20.4,20.85,20.4,20.81,2967.0,,NO.11糖1103,51594.0,20.81,20.81
2009-12-22,SB1103,20.75,20.98,20.62,20.97,3376.0,,NO.11糖1103,51421.0,20.97,20.97
2009-12-23,SB1103,20.9,20.99,20.52,20.91,1374.0,,NO.11糖1103,51479.0,20.91,20.91
2009-12-24,SB1103,20.99,21.05,20.86,21.05,983.0,,NO.11糖1103,51570.0,21.05,21.05
2009-12-28,SB1103,21.0,21.0,20.7,20.78,976.0,,NO.11糖1103,51691.0,20.78,20.78
2009-12-29,SB1103,20.7,20.95,20.7,20.84,1508.0,,NO.11糖1103,52040.0,20.84,20.84
2009-12-30,SB1103,20.9,20.99,20.57,20.89,1815.0,,NO.11糖1103,51650.0,20.89,20.89
2009-12-31,SB1103,20.95,21.05,20.75,21.05,701.0,,NO.11糖1103,51592.0,21.05,21.05
2010-01-04,SB1103,21.04,21.39,21.03,21.34,4041.0,,NO.11糖1103,51132.0,21.34,21.34
2010-01-05,SB1103,21.34,21.56,21.09,21.31,3495.0,,NO.11糖1103,51722.0,21.31,21.31
2010-01-06,SB1103,21.4,21.45,21.04,21.24,3121.0,,NO.11糖1103,51693.0,21.24,21.24
2010-01-07,SB1103,21.1,21.28,20.66,20.81,3490.0,,NO.11糖1103,51854.0,20.81,20.81
2010-01-08,SB1103,20.8,20.8,19.92,20.16,2427.0,,NO.11糖1103,51867.0,20.16,20.16
2010-01-11,SB1103,20.24,20.26,19.8,19.85,2496.0,,NO.11糖1103,51489.0,19.85,19.85
2010-01-12,SB1103,20.09,20.15,19.6,19.71,4661.0,,NO.11糖1103,51017.0,19.71,19.71
2010-01-13,SB1103,19.9,20.35,19.67,20.04,3434.0,,NO.11糖1103,50985.0,20.04,20.04
2010-01-14,SB1103,20.0,20.1,19.71,19.77,2723.0,,NO.11糖1103,50987.0,19.77,19.77
2010-01-15,SB1103,19.76,19.92,19.57,19.63,2206.0,,NO.11糖1103,51500.0,19.7,19.63
2010-01-19,SB1103,20.0,20.3,19.96,20.19,4326.0,,NO.11糖1103,51252.0,20.24,20.19
2010-01-20,SB1103,20.19,20.42,19.65,19.82,5523.0,,NO.11糖1103,51490.0,19.82,19.82
2010-01-21,SB1103,19.95,20.2,19.55,20.1,5195.0,,NO.11糖1103,51840.0,20.1,20.1
2010-01-22,SB1103,19.89,20.0,19.64,19.86,3254.0,,NO.11糖1103,52567.0,19.86,19.86
2010-01-25,SB1103,19.74,20.55,19.61,20.48,4172.0,,NO.11糖1103,51964.0,20.48,20.48
2010-01-26,SB1103,20.28,20.5,20.05,20.17,3112.0,,NO.11糖1103,51004.0,20.17,20.17
2010-01-27,SB1103,20.08,20.33,19.55,19.86,3367.0,,NO.11糖1103,51199.0,19.86,19.86
2010-01-28,SB1103,19.84,20.41,19.84,20.41,3078.0,,NO.11糖1103,52529.0,20.41,20.41
2010-01-29,SB1103,20.3,20.62,20.3,20.54,4952.0,,NO.11糖1103,53836.0,20.54,20.54
2010-02-01,SB1103,20.5,20.55,20.05,20.55,1672.0,,NO.11糖1103,53850.0,20.55,20.55
2010-02-02,SB1103,20.49,20.8,20.49,20.8,4103.0,,NO.11糖1103,54648.0,20.8,20.8
2010-02-03,SB1103,20.8,21.01,20.5,21.01,5982.0,,NO.11糖1103,55282.0,21.01,21.01
2010-02-04,SB1103,21.01,21.05,20.61,20.96,4734.0,,NO.11糖1103,55877.0,20.96,20.96
2010-02-05,SB1103,20.85,21.0,20.04,20.53,3494.0,,NO.11糖1103,55892.0,20.53,20.53
2010-02-08,SB1103,21.0,21.05,20.4,20.71,3445.0,,NO.11糖1103,56387.0,20.71,20.71
2010-02-09,SB1103,20.71,20.84,20.46,20.75,2422.0,,NO.11糖1103,56819.0,20.75,20.75
2010-02-10,SB1103,20.58,20.75,20.4,20.65,2142.0,,NO.11糖1103,57339.0,20.65,20.65
2010-02-11,SB1103,20.57,20.85,20.55,20.72,3333.0,,NO.11糖1103,58090.0,20.72,20.72
2010-02-12,SB1103,20.71,20.8,20.07,20.46,2238.0,,NO.11糖1103,57963.0,20.46,20.46
2010-02-16,SB1103,20.39,20.85,20.39,20.84,3398.0,,NO.11糖1103,57930.0,20.85,20.84
2010-02-17,SB1103,20.7,20.7,20.24,20.44,2485.0,,NO.11糖1103,58278.0,20.44,20.44
2010-02-18,SB1103,20.45,20.66,20.02,20.55,3987.0,,NO.11糖1103,58275.0,20.55,20.55
2010-02-19,SB1103,20.25,20.72,20.2,20.66,1502.0,,NO.11糖1103,57825.0,20.66,20.66
2010-02-22,SB1103,20.66,20.68,19.85,19.89,3168.0,,NO.11糖1103,57945.0,19.89,19.89
2010-02-23,SB1103,19.89,20.2,19.54,19.73,3321.0,,NO.11糖1103,57722.0,19.73,19.73
2010-02-24,SB1103,19.73,20.27,19.73,20.19,3218.0,,NO.11糖1103,58248.0,20.19,20.19
2010-02-25,SB1103,20.18,20.18,19.5,19.78,3332.0,,NO.11糖1103,58356.0,19.78,19.78
2010-02-26,SB1103,19.78,20.08,19.55,19.88,4507.0,,NO.11糖1103,58686.0,19.88,19.88
2010-03-01,SB1103,19.99,20.45,19.28,19.32,4433.0,,NO.11糖1103,57997.0,19.32,19.32
2010-03-02,SB1103,19.33,19.5,18.7,19.41,7375.0,,NO.11糖1103,58846.0,19.41,19.41
2010-03-03,SB1103,19.41,19.46,18.95,18.99,2982.0,,NO.11糖1103,59226.0,18.99,18.99
2010-03-04,SB1103,19.0,19.23,18.45,18.98,4681.0,,NO.11糖1103,59609.0,18.98,18.98
2010-03-05,SB1103,19.0,19.46,18.9,19.32,1947.0,,NO.11糖1103,60060.0,19.32,19.32
2010-03-08,SB1103,19.25,19.42,18.85,19.08,2773.0,,NO.11糖1103,59728.0,19.08,19.08
2010-03-09,SB1103,19.08,19.08,18.0,18.14,4171.0,,NO.11糖1103,60153.0,18.14,18.14
2010-03-10,SB1103,18.48,18.48,16.9,17.66,7190.0,,NO.11糖1103,60272.0,17.66,17.66
2010-03-11,SB1103,17.76,18.02,17.27,17.47,4933.0,,NO.11糖1103,59694.0,17.47,17.47
2010-03-12,SB1103,17.56,18.0,17.55,17.94,3524.0,,NO.11糖1103,59413.0,17.94,17.94
2010-03-15,SB1103,17.94,18.11,17.68,17.81,1653.0,,NO.11糖1103,59454.0,17.81,17.81
2010-03-16,SB1103,17.8,17.85,17.15,17.27,4075.0,,NO.11糖1103,59347.0,17.27,17.27
2010-03-17,SB1103,17.27,17.5,16.99,17.43,5997.0,,NO.11糖1103,58850.0,17.43,17.43
2010-03-18,SB1103,17.48,17.95,17.43,17.94,5659.0,,NO.11糖1103,59713.0,17.94,17.94
2010-03-19,SB1103,17.94,18.33,17.61,17.99,6377.0,,NO.11糖1103,58876.0,17.99,17.99
2010-03-22,SB1103,18.0,18.24,17.5,17.58,3517.0,,NO.11糖1103,58347.0,17.58,17.58
2010-03-23,SB1103,17.5,17.5,16.7,16.77,7323.0,,NO.11糖1103,58006.0,16.78,16.77
2010-03-24,SB1103,16.85,17.55,16.41,17.54,5974.0,,NO.11糖1103,57713.0,17.54,17.54
2010-03-25,SB1103,17.5,17.55,16.94,17.2,6195.0,,NO.11糖1103,58281.0,17.2,17.2
2010-03-26,SB1103,17.34,17.5,16.42,16.8,6694.0,,NO.11糖1103,60442.0,16.8,16.8
2010-03-29,SB1103,16.9,17.12,16.88,17.09,3419.0,,NO.11糖1103,60854.0,17.09,17.09
2010-03-30,SB1103,17.1,17.67,17.0,17.37,6169.0,,NO.11糖1103,62352.0,17.37,17.37
2010-03-31,SB1103,17.41,17.43,16.5,16.7,8045.0,,NO.11糖1103,63254.0,16.7,16.7
2010-04-01,SB1103,16.9,17.17,15.7,17.02,11174.0,,NO.11糖1103,65061.0,17.08,17.02
2010-04-05,SB1103,17.05,17.3,17.0,17.28,3646.0,,NO.11糖1103,65033.0,17.26,17.28
2010-04-06,SB1103,17.26,17.4,16.91,17.07,5531.0,,NO.11糖1103,65098.0,17.07,17.07
2010-04-07,SB1103,17.13,17.4,16.89,17.33,4584.0,,NO.11糖1103,64806.0,17.33,17.33
2010-04-08,SB1103,17.3,17.4,17.11,17.31,5571.0,,NO.11糖1103,65592.0,17.31,17.31
2010-04-09,SB1103,17.21,17.7,17.11,17.69,5446.0,,NO.11糖1103,65908.0,17.69,17.69
2010-04-12,SB1103,17.5,18.24,17.45,17.84,8888.0,,NO.11糖1103,67669.0,17.84,17.84
2010-04-13,SB1103,17.84,18.34,17.84,18.19,8305.0,,NO.11糖1103,68145.0,18.19,18.19
2010-04-14,SB1103,18.3,18.45,18.19,18.42,8037.0,,NO.11糖1103,69406.0,18.42,18.42
2010-04-15,SB1103,18.42,18.42,17.7,18.1,4623.0,,NO.11糖1103,69861.0,18.1,18.1
2010-04-16,SB1103,18.05,18.34,17.5,17.59,10110.0,,NO.11糖1103,70348.0,17.59,17.59
2010-04-19,SB1103,17.52,18.5,17.52,18.39,8665.0,,NO.11糖1103,69695.0,18.39,18.39
2010-04-20,SB1103,18.32,18.5,17.71,17.71,7298.0,,NO.11糖1103,70289.0,17.71,17.71
2010-04-21,SB1103,17.75,18.07,17.68,17.81,6246.0,,NO.11糖1103,70440.0,17.81,17.81
2010-04-22,SB1103,17.85,18.0,17.47,17.54,3980.0,,NO.11糖1103,70826.0,17.54,17.54
2010-04-23,SB1103,17.54,17.79,16.95,17.13,5052.0,,NO.11糖1103,71605.0,17.13,17.13
2010-04-26,SB1103,17.28,17.41,17.07,17.22,3134.0,,NO.11糖1103,72360.0,17.22,17.22
2010-04-27,SB1103,17.22,17.25,16.76,16.89,6809.0,,NO.11糖1103,72522.0,16.89,16.89
2010-04-28,SB1103,16.86,16.92,16.3,16.34,8358.0,,NO.11糖1103,73299.0,16.34,16.34
2010-04-29,SB1103,16.5,16.69,16.38,16.67,8433.0,,NO.11糖1103,74347.0,16.67,16.67
2010-04-30,SB1103,16.67,16.84,16.51,16.61,3880.0,,NO.11糖1103,74814.0,16.61,16.61
2010-05-03,SB1103,16.51,16.65,16.36,16.45,3347.0,,NO.11糖1103,75792.0,16.45,16.45
2010-05-04,SB1103,16.45,16.45,15.93,15.97,8250.0,,NO.11糖1103,76720.0,15.97,15.97
2010-05-05,SB1103,16.01,16.1,15.32,15.82,11838.0,,NO.11糖1103,77531.0,15.82,15.82
2010-05-06,SB1103,15.79,15.83,15.01,15.13,8604.0,,NO.11糖1103,77707.0,15.13,15.13
2010-05-07,SB1103,15.0,15.38,14.56,15.21,13089.0,,NO.11糖1103,77875.0,15.21,15.21
2010-05-10,SB1103,15.4,15.85,15.32,15.59,7184.0,,NO.11糖1103,77103.0,15.59,15.59
2010-05-11,SB1103,15.53,15.61,15.16,15.38,4883.0,,NO.11糖1103,78047.0,15.38,15.38
2010-05-12,SB1103,15.35,16.03,15.25,16.01,9622.0,,NO.11糖1103,80055.0,16.01,16.01
2010-05-13,SB1103,16.01,16.1,15.73,16.03,5681.0,,NO.11糖1103,79835.0,16.0,16.03
2010-05-14,SB1103,16.0,16.05,15.28,15.52,7272.0,,NO.11糖1103,80700.0,15.52,15.52
2010-05-17,SB1103,15.26,15.84,15.2,15.26,4624.0,,NO.11糖1103,81286.0,15.26,15.26
2010-05-18,SB1103,15.4,16.18,15.33,16.15,17634.0,,NO.11糖1103,86508.0,16.15,16.15
2010-05-19,SB1103,15.75,16.15,15.71,16.11,8679.0,,NO.11糖1103,86453.0,16.11,16.11
2010-05-20,SB1103,16.01,16.29,15.82,16.07,9159.0,,NO.11糖1103,87664.0,16.07,16.07
2010-05-21,SB1103,16.03,16.47,16.0,16.46,9871.0,,NO.11糖1103,89996.0,16.46,16.46
2010-05-24,SB1103,16.4,16.52,16.12,16.28,3811.0,,NO.11糖1103,90363.0,16.28,16.28
2010-05-25,SB1103,16.14,16.55,15.8,16.3,7015.0,,NO.11糖1103,90265.0,16.3,16.3
2010-05-26,SB1103,16.31,16.5,16.09,16.39,4047.0,,NO.11糖1103,91138.0,16.39,16.39
2010-05-27,SB1103,16.45,16.48,16.09,16.15,6672.0,,NO.11糖1103,91486.0,16.15,16.15
2010-05-28,SB1103,16.2,16.25,15.5,15.65,13670.0,,NO.11糖1103,93255.0,15.65,15.65
2010-06-01,SB1103,15.66,16.0,15.6,15.89,7477.0,,NO.11糖1103,94614.0,15.89,15.89
2010-06-02,SB1103,15.88,15.95,15.36,15.55,15257.0,,NO.11糖1103,95497.0,15.55,15.55
2010-06-03,SB1103,15.65,15.87,15.39,15.54,8769.0,,NO.11糖1103,96979.0,15.54,15.54
2010-06-04,SB1103,15.55,15.98,15.39,15.77,15988.0,,NO.11糖1103,101204.0,15.77,15.77
2010-06-07,SB1103,15.72,15.97,15.52,15.72,14964.0,,NO.11糖1103,103478.0,15.72,15.72
2010-06-08,SB1103,15.77,16.2,15.76,16.12,12988.0,,NO.11糖1103,106151.0,16.12,16.12
2010-06-09,SB1103,16.15,16.48,16.15,16.37,15472.0,,NO.11糖1103,111545.0,16.37,16.37
2010-06-10,SB1103,16.37,16.67,16.18,16.48,17259.0,,NO.11糖1103,115207.0,16.48,16.48
2010-06-11,SB1103,16.33,16.75,16.32,16.64,22807.0,,NO.11糖1103,119584.0,16.64,16.64
2010-06-14,SB1103,16.65,16.86,16.55,16.7,13294.0,,NO.11糖1103,120960.0,16.7,16.7
2010-06-15,SB1103,16.72,16.85,16.44,16.7,12222.0,,NO.11糖1103,121978.0,16.7,16.7
2010-06-16,SB1103,16.75,16.91,16.46,16.72,8125.0,,NO.11糖1103,122905.0,16.72,16.72
2010-06-17,SB1103,16.54,16.66,16.26,16.35,14158.0,,NO.11糖1103,122357.0,16.35,16.35
2010-06-18,SB1103,16.33,16.45,15.78,16.07,10745.0,,NO.11糖1103,119742.0,16.07,16.07
2010-06-21,SB1103,16.2,16.75,15.8,16.7,15256.0,,NO.11糖1103,120587.0,16.7,16.7
2010-06-22,SB1103,16.6,16.73,16.37,16.61,14782.0,,NO.11糖1103,121980.0,16.61,16.61
2010-06-23,SB1103,16.61,16.94,16.27,16.37,23241.0,,NO.11糖1103,124343.0,16.37,16.37
2010-06-24,SB1103,16.37,16.7,16.28,16.67,19091.0,,NO.11糖1103,126085.0,16.67,16.67
2010-06-25,SB1103,16.67,16.9,16.52,16.84,13395.0,,NO.11糖1103,126745.0,16.84,16.84
2010-06-28,SB1103,16.84,17.07,16.27,16.35,18051.0,,NO.11糖1103,126538.0,16.35,16.35
2010-06-29,SB1103,16.28,16.45,15.8,15.87,18953.0,,NO.11糖1103,128080.0,15.87,15.87
2010-06-30,SB1103,15.98,16.62,15.91,16.57,22452.0,,NO.11糖1103,130406.0,16.57,16.57
2010-07-01,SB1103,16.44,16.79,16.14,16.77,15095.0,,NO.11糖1103,132254.0,16.77,16.77
2010-07-02,SB1103,16.71,17.11,16.61,17.1,22669.0,,NO.11糖1103,132093.0,17.1,17.1
2010-07-06,SB1103,17.02,17.32,16.91,17.09,22009.0,,NO.11糖1103,130509.0,17.09,17.09
2010-07-07,SB1103,16.9,17.4,16.76,17.37,16583.0,,NO.11糖1103,134458.0,17.37,17.37
2010-07-08,SB1103,17.3,17.52,17.21,17.4,23358.0,,NO.11糖1103,136444.0,17.4,17.4
2010-07-09,SB1103,17.3,17.65,16.95,16.99,21624.0,,NO.11糖1103,138824.0,16.99,16.99
2010-07-12,SB1103,16.91,17.6,16.91,17.55,12725.0,,NO.11糖1103,141023.0,17.55,17.55
2010-07-13,SB1103,17.49,17.7,17.3,17.68,18950.0,,NO.11糖1103,143359.0,17.68,17.68
2010-07-14,SB1103,17.64,17.68,17.3,17.45,17149.0,,NO.11糖1103,143539.0,17.45,17.45
2010-07-15,SB1103,17.4,17.8,17.4,17.78,20681.0,,NO.11糖1103,146918.0,17.78,17.78
2010-07-16,SB1103,17.78,17.9,17.3,17.47,17464.0,,NO.11糖1103,147281.0,17.47,17.47
2010-07-19,SB1103,17.5,17.94,17.47,17.84,23632.0,,NO.11糖1103,148068.0,17.84,17.84
2010-07-20,SB1103,17.85,17.86,17.46,17.48,14369.0,,NO.11糖1103,149961.0,17.48,17.48
2010-07-21,SB1103,17.5,17.8,17.5,17.68,10790.0,,NO.11糖1103,151685.0,17.68,17.68
2010-07-22,SB1103,17.69,18.19,17.69,18.02,57446.0,,NO.11糖1103,155052.0,18.02,18.02
2010-07-23,SB1103,18.06,18.31,17.75,18.05,22818.0,,NO.11糖1103,153154.0,18.05,18.05
2010-07-26,SB1103,18.05,18.27,18.01,18.26,23751.0,,NO.11糖1103,150510.0,18.26,18.26
2010-07-27,SB1103,18.26,18.5,18.01,18.09,40875.0,,NO.11糖1103,149362.0,18.09,18.09
2010-07-28,SB1103,18.09,18.35,17.92,18.31,21300.0,,NO.11糖1103,148751.0,18.31,18.31
2010-07-29,SB1103,18.32,18.68,18.3,18.51,38896.0,,NO.11糖1103,147537.0,18.51,18.51
2010-07-30,SB1103,18.52,18.69,18.38,18.6,24511.0,,NO.11糖1103,148122.0,18.6,18.6
2010-08-02,SB1103,18.6,18.94,18.4,18.62,22712.0,,NO.11糖1103,148140.0,18.62,18.62
2010-08-03,SB1103,18.59,18.59,17.82,18.03,43062.0,,NO.11糖1103,145757.0,18.03,18.03
2010-08-04,SB1103,18.05,18.47,17.48,18.26,35763.0,,NO.11糖1103,146804.0,18.26,18.26
2010-08-05,SB1103,18.27,18.49,17.7,17.77,21585.0,,NO.11糖1103,145183.0,17.77,17.77
2010-08-06,SB1103,17.98,18.12,17.75,17.95,19990.0,,NO.11糖1103,145086.0,17.95,17.95
2010-08-09,SB1103,18.1,18.34,17.43,17.62,32628.0,,NO.11糖1103,147006.0,17.62,17.62
2010-08-10,SB1103,17.64,18.33,17.4,18.18,25642.0,,NO.11糖1103,146619.0,18.18,18.18
2010-08-11,SB1103,18.14,18.19,17.85,17.92,16472.0,,NO.11糖1103,147972.0,17.92,17.92
2010-08-12,SB1103,17.88,18.5,17.88,18.34,30388.0,,NO.11糖1103,148253.0,18.34,18.34
2010-08-13,SB1103,18.35,18.74,18.15,18.71,19943.0,,NO.11糖1103,148945.0,18.71,18.71
2010-08-16,SB1103,18.72,18.95,18.35,18.47,23720.0,,NO.11糖1103,148317.0,18.47,18.47
2010-08-17,SB1103,18.42,18.85,18.27,18.78,19681.0,,NO.11糖1103,150002.0,18.78,18.78
2010-08-18,SB1103,18.78,18.9,18.32,18.72,28119.0,,NO.11糖1103,149707.0,18.72,18.72
2010-08-19,SB1103,18.6,18.73,18.44,18.62,26276.0,,NO.11糖1103,152720.0,18.62,18.62
2010-08-20,SB1103,18.46,18.92,18.42,18.79,34401.0,,NO.11糖1103,153674.0,18.79,18.79
2010-08-23,SB1103,18.78,19.1,18.75,19.08,27397.0,,NO.11糖1103,155500.0,19.08,19.08
2010-08-24,SB1103,19.04,19.3,18.4,19.25,50425.0,,NO.11糖1103,167720.0,19.25,19.25
2010-08-25,SB1103,19.3,19.5,18.99,19.3,27673.0,,NO.11糖1103,171134.0,19.3,19.3
2010-08-26,SB1103,19.3,19.34,18.79,18.81,36546.0,,NO.11糖1103,175923.0,18.81,18.81
2010-08-27,SB1103,18.81,19.52,18.72,19.37,36308.0,,NO.11糖1103,177777.0,19.37,19.37
2010-08-30,SB1103,19.39,19.57,19.05,19.37,28495.0,,NO.11糖1103,179892.0,19.37,19.37
2010-08-31,SB1103,19.21,19.75,19.14,19.32,35907.0,,NO.11糖1103,184662.0,19.32,19.32
2010-09-01,SB1103,19.36,19.98,19.32,19.96,40898.0,,NO.11糖1103,189312.0,19.96,19.96
2010-09-02,SB1103,19.94,20.35,19.76,20.22,38796.0,,NO.11糖1103,193508.0,20.22,20.22
2010-09-03,SB1103,20.21,20.34,20.06,20.13,36562.0,,NO.11糖1103,198111.0,20.13,20.13
2010-09-07,SB1103,20.27,21.0,20.25,20.96,48254.0,,NO.11糖1103,205669.0,20.96,20.96
2010-09-08,SB1103,20.97,21.12,20.67,20.78,57208.0,,NO.11糖1103,210562.0,20.78,20.78
2010-09-09,SB1103,20.79,21.58,20.7,21.38,72682.0,,NO.11糖1103,225699.0,21.38,21.38
2010-09-10,SB1103,21.5,22.15,21.24,21.71,72296.0,,NO.11糖1103,238731.0,21.71,21.71
2010-09-13,SB1103,21.71,22.69,21.7,22.55,66468.0,,NO.11糖1103,254283.0,22.55,22.55
2010-09-14,SB1103,22.55,23.52,22.53,23.41,85844.0,,NO.11糖1103,269178.0,23.41,23.41
2010-09-15,SB1103,23.35,23.71,22.37,22.73,82584.0,,NO.11糖1103,274040.0,22.73,22.73
2010-09-16,SB1103,22.7,23.43,22.33,23.24,68757.0,,NO.11糖1103,275543.0,23.24,23.24
2010-09-17,SB1103,23.25,23.6,22.92,23.25,58172.0,,NO.11糖1103,275909.0,23.25,23.25
2010-09-20,SB1103,23.4,23.95,22.93,23.08,62232.0,,NO.11糖1103,282617.0,23.08,23.08
2010-09-21,SB1103,23.2,23.27,22.42,22.77,78355.0,,NO.11糖1103,292010.0,22.77,22.77
2010-09-22,SB1103,22.83,23.32,22.66,23.19,56264.0,,NO.11糖1103,294620.0,23.19,23.19
2010-09-23,SB1103,23.11,23.71,23.08,23.62,66157.0,,NO.11糖1103,303117.0,23.62,23.62
2010-09-24,SB1103,23.61,24.47,23.45,24.4,70850.0,,NO.11糖1103,302488.0,24.4,24.4
2010-09-27,SB1103,24.3,25.11,24.29,24.98,70549.0,,NO.11糖1103,304882.0,24.98,24.98
2010-09-28,SB1103,24.95,25.35,24.59,25.29,65088.0,,NO.11糖1103,307612.0,25.29,25.29
2010-09-29,SB1103,25.29,25.29,24.52,24.93,72712.0,,NO.11糖1103,313782.0,24.93,24.93
2010-09-30,SB1103,24.99,24.99,23.25,23.48,86313.0,,NO.11糖1103,308862.0,23.48,23.48
2010-10-01,SB1103,23.73,23.81,22.78,23.36,54452.0,,NO.11糖1103,304972.0,23.36,23.36
2010-10-04,SB1103,23.3,23.38,22.49,22.99,48589.0,,NO.11糖1103,299552.0,22.99,22.99
2010-10-05,SB1103,22.89,23.83,22.86,23.74,37559.0,,NO.11糖1103,299564.0,23.74,23.74
2010-10-06,SB1103,23.64,23.85,23.3,23.54,30623.0,,NO.11糖1103,296319.0,23.54,23.54
2010-10-07,SB1103,23.56,25.41,23.54,25.16,73535.0,,NO.11糖1103,298351.0,25.16,25.16
2010-10-08,SB1103,25.16,26.68,25.11,26.32,67479.0,,NO.11糖1103,300574.0,26.32,26.32
2010-10-11,SB1103,26.37,27.24,26.28,26.59,55587.0,,NO.11糖1103,297920.0,26.59,26.59
2010-10-12,SB1103,26.6,27.7,25.89,27.45,74229.0,,NO.11糖1103,293169.0,27.45,27.45
2010-10-13,SB1103,27.8,28.04,27.02,27.5,56173.0,,NO.11糖1103,289094.0,27.5,27.5
2010-10-14,SB1103,27.52,28.36,26.89,27.94,54862.0,,NO.11糖1103,288209.0,27.94,27.94
2010-10-15,SB1103,27.9,28.07,26.88,27.06,41850.0,,NO.11糖1103,285070.0,27.06,27.06
2010-10-18,SB1103,26.91,27.68,26.5,27.58,43173.0,,NO.11糖1103,287013.0,27.58,27.58
2010-10-19,SB1103,27.33,28.7,27.18,28.33,56653.0,,NO.11糖1103,289712.0,28.33,28.33
2010-10-20,SB1103,28.3,29.15,28.2,28.81,41557.0,,NO.11糖1103,288257.0,28.81,28.81
2010-10-21,SB1103,28.81,29.23,28.16,28.35,44933.0,,NO.11糖1103,286172.0,28.35,28.35
2010-10-22,SB1103,28.47,28.78,27.82,28.22,45350.0,,NO.11糖1103,281543.0,28.22,28.22
2010-10-25,SB1103,28.44,28.95,28.4,28.5,32784.0,,NO.11糖1103,278511.0,28.5,28.5
2010-10-26,SB1103,28.5,28.6,27.56,27.96,41902.0,,NO.11糖1103,275374.0,27.96,27.96
2010-10-27,SB1103,27.78,28.94,27.41,28.59,48220.0,,NO.11糖1103,274920.0,28.59,28.59
2010-10-28,SB1103,28.82,29.59,28.63,28.71,49776.0,,NO.11糖1103,272315.0,28.71,28.71
2010-10-29,SB1103,28.5,29.8,28.23,29.12,43038.0,,NO.11糖1103,272555.0,29.12,29.12
2010-11-01,SB1103,29.3,29.64,28.92,29.45,32622.0,,NO.11糖1103,270899.0,29.45,29.45
2010-11-02,SB1103,29.57,30.64,29.56,30.12,49054.0,,NO.11糖1103,271203.0,30.12,30.12
2010-11-03,SB1103,30.33,30.53,29.58,30.15,83546.0,,NO.11糖1103,250413.0,30.15,30.15
2010-11-04,SB1103,30.35,31.81,30.35,31.66,63974.0,,NO.11糖1103,255863.0,31.66,31.66
2010-11-05,SB1103,31.95,32.3,30.68,31.76,77226.0,,NO.11糖1103,250651.0,31.76,31.76
2010-11-08,SB1103,31.7,32.3,31.38,31.88,40610.0,,NO.11糖1103,250586.0,31.88,31.88
2010-11-09,SB1103,32.0,33.32,32.0,33.11,77412.0,,NO.11糖1103,255992.0,33.11,33.11
2010-11-10,SB1103,33.12,33.16,31.96,32.81,58228.0,,NO.11糖1103,252437.0,32.81,32.81
2010-11-11,SB1103,32.85,33.39,29.05,29.66,107848.0,,NO.11糖1103,247165.0,29.66,29.66
2010-11-12,SB1103,29.15,29.2,25.56,26.21,140353.0,,NO.11糖1103,245323.0,26.21,26.21
2010-11-15,SB1103,26.3,27.24,25.67,27.03,72513.0,,NO.11糖1103,236844.0,27.03,27.03
2010-11-16,SB1103,26.69,27.79,25.92,26.31,72551.0,,NO.11糖1103,238776.0,26.31,26.31
2010-11-17,SB1103,26.02,27.23,25.3,26.47,56259.0,,NO.11糖1103,233342.0,26.47,26.47
2010-11-18,SB1103,26.92,28.9,26.92,28.15,63995.0,,NO.11糖1103,235986.0,28.15,28.15
2010-11-19,SB1103,28.35,29.3,25.98,26.15,65512.0,,NO.11糖1103,237882.0,26.15,26.15
2010-11-22,SB1103,27.0,27.5,25.9,26.5,48284.0,,NO.11糖1103,235160.0,26.5,26.5
2010-11-23,SB1103,26.82,27.44,25.45,27.33,64472.0,,NO.11糖1103,235294.0,27.33,27.33
2010-11-24,SB1103,27.37,28.2,27.0,27.95,42393.0,,NO.11糖1103,230998.0,27.95,27.95
2010-11-26,SB1103,27.6,28.45,27.25,28.25,23033.0,,NO.11糖1103,231104.0,28.25,28.25
2010-11-29,SB1103,28.51,28.7,28.15,28.35,32438.0,,NO.11糖1103,231190.0,28.35,28.35
2010-11-30,SB1103,28.65,28.84,27.03,27.55,55805.0,,NO.11糖1103,229208.0,27.55,27.55
2010-12-01,SB1103,27.78,28.7,27.7,28.37,33958.0,,NO.11糖1103,228702.0,28.37,28.37
2010-12-02,SB1103,28.61,28.93,27.76,28.45,30695.0,,NO.11糖1103,228799.0,28.45,28.45
2010-12-03,SB1103,28.5,29.67,28.38,29.5,49501.0,,NO.11糖1103,231786.0,29.5,29.5
2010-12-06,SB1103,29.5,29.59,28.8,29.01,24650.0,,NO.11糖1103,232047.0,29.01,29.01
2010-12-07,SB1103,29.38,29.75,28.27,28.41,38421.0,,NO.11糖1103,230224.0,28.41,28.41
2010-12-08,SB1103,28.41,29.21,27.88,28.98,37298.0,,NO.11糖1103,229488.0,28.98,28.98
2010-12-09,SB1103,29.0,29.47,28.51,28.71,26725.0,,NO.11糖1103,230127.0,28.71,28.71
2010-12-10,SB1103,28.66,29.19,28.0,29.13,33201.0,,NO.11糖1103,228891.0,29.13,29.13
2010-12-13,SB1103,29.2,30.53,29.17,30.49,54682.0,,NO.11糖1103,231763.0,30.49,30.49
2010-12-14,SB1103,30.65,31.27,30.48,30.78,43868.0,,NO.11糖1103,234305.0,30.78,30.78
2010-12-15,SB1103,30.5,31.23,30.1,31.11,56938.0,,NO.11糖1103,239666.0,31.11,31.11
2010-12-16,SB1103,31.24,31.4,30.84,31.0,27336.0,,NO.11糖1103,238975.0,31.0,31.0
2010-12-17,SB1103,31.31,32.97,31.25,32.5,48638.0,,NO.11糖1103,244082.0,32.5,32.5
2010-12-20,SB1103,32.88,33.5,32.62,32.96,33328.0,,NO.11糖1103,244115.0,32.96,32.96
2010-12-21,SB1103,32.89,33.65,32.5,33.02,39627.0,,NO.11糖1103,244238.0,33.02,33.02
2010-12-22,SB1103,32.67,33.3,32.05,33.13,43926.0,,NO.11糖1103,244306.0,33.13,33.13
2010-12-23,SB1103,33.23,34.06,33.19,33.98,37195.0,,NO.11糖1103,239896.0,33.98,33.98
2010-12-27,SB1103,33.98,33.98,33.23,33.64,10710.0,,NO.11糖1103,239949.0,33.64,33.64
2010-12-28,SB1103,33.84,34.6,33.8,34.39,18012.0,,NO.11糖1103,240840.0,34.39,34.39
2010-12-29,SB1103,34.5,34.77,33.56,33.83,24699.0,,NO.11糖1103,239931.0,33.83,33.83
2010-12-30,SB1103,33.85,34.35,29.5,30.38,68588.0,,NO.11糖1103,237027.0,30.38,30.38
2010-12-31,SB1103,30.63,32.25,30.25,31.97,37860.0,,NO.11糖1103,233496.0,32.12,31.97
2011-01-04,SB1103,32.27,33.45,30.35,31.08,79210.0,,NO.11糖1103,228837.0,31.0,31.08
2011-01-05,SB1103,31.08,32.41,30.45,32.08,51819.0,,NO.11糖1103,225818.0,32.2,32.08
2011-01-06,SB1103,32.2,32.2,30.07,30.36,61238.0,,NO.11糖1103,221972.0,30.24,30.36
2011-01-07,SB1103,30.35,32.1,29.58,31.52,75983.0,,NO.11糖1103,222367.0,31.53,31.52
2011-01-10,SB1103,31.55,31.97,30.82,31.74,52019.0,,NO.11糖1103,227141.0,31.74,31.74
2011-01-11,SB1103,31.78,32.93,31.67,32.64,54607.0,,NO.11糖1103,227330.0,32.75,32.64
2011-01-12,SB1103,32.75,33.35,30.92,31.98,69292.0,,NO.11糖1103,223607.0,32.02,31.98
2011-01-13,SB1103,32.09,32.28,31.22,32.12,45709.0,,NO.11糖1103,220387.0,32.06,32.12
2011-01-14,SB1103,32.2,32.25,30.35,30.8,59442.0,,NO.11糖1103,221446.0,30.89,30.8
2011-01-18,SB1103,31.09,31.55,30.52,30.93,43706.0,,NO.11糖1103,220220.0,31.12,30.93
2011-01-19,SB1103,31.1,31.8,30.88,31.18,53049.0,,NO.11糖1103,219959.0,31.18,31.18
2011-01-20,SB1103,31.18,31.4,30.04,31.4,61059.0,,NO.11糖1103,215963.0,31.31,31.4
2011-01-21,SB1103,31.4,32.39,31.11,32.36,49039.0,,NO.11糖1103,215474.0,32.33,32.36
2011-01-24,SB1103,32.36,32.65,32.04,32.26,27053.0,,NO.11糖1103,214513.0,32.31,32.26
2011-01-25,SB1103,32.17,32.24,31.15,31.9,37899.0,,NO.11糖1103,211299.0,31.84,31.9
2011-01-26,SB1103,32.0,33.19,31.71,33.11,52172.0,,NO.11糖1103,211925.0,33.13,33.11
2011-01-27,SB1103,33.0,34.54,32.77,34.24,72747.0,,NO.11糖1103,216522.0,34.18,34.24
2011-01-28,SB1103,34.18,34.51,33.54,33.93,45641.0,,NO.11糖1103,215163.0,33.94,33.93
2011-01-31,SB1103,33.98,34.1,32.59,33.85,61455.0,,NO.11糖1103,211558.0,33.97,33.85
2011-02-01,SB1103,33.9,34.4,33.47,33.95,56613.0,,NO.11糖1103,209039.0,33.96,33.95
2011-02-02,SB1103,34.09,36.08,34.01,35.28,83086.0,,NO.11糖1103,208746.0,35.31,35.28
2011-02-03,SB1103,35.49,35.62,31.8,32.12,114356.0,,NO.11糖1103,196018.0,32.04,32.12
2011-02-04,SB1103,32.12,33.24,31.85,32.98,79473.0,,NO.11糖1103,187885.0,32.64,32.98
2011-02-07,SB1103,32.99,33.4,32.56,32.58,65276.0,,NO.11糖1103,178419.0,32.68,32.58
2011-02-08,SB1103,32.65,32.86,31.02,31.08,111067.0,,NO.11糖1103,171313.0,31.16,31.08
2011-02-09,SB1103,31.22,31.93,30.43,31.78,119498.0,,NO.11糖1103,160452.0,31.5,31.78
2011-02-10,SB1103,31.78,33.09,31.75,32.17,92592.0,,NO.11糖1103,156970.0,32.05,32.17
2011-02-11,SB1103,32.17,32.65,30.83,31.16,73897.0,,NO.11糖1103,147289.0,31.3,31.16
2011-02-14,SB1103,31.2,31.65,29.95,30.62,78417.0,,NO.11糖1103,140411.0,30.91,30.62
2011-02-15,SB1103,30.8,31.1,30.2,30.98,102928.0,,NO.11糖1103,104324.0,30.82,30.98
2011-02-16,SB1103,31.1,32.35,31.05,31.54,68893.0,,NO.11糖1103,89305.0,31.77,31.54
2011-02-17,SB1103,31.62,31.94,30.84,31.24,40427.0,,NO.11糖1103,81402.0,31.26,31.24
2011-02-18,SB1103,31.24,31.49,30.8,31.12,35232.0,,NO.11糖1103,71615.0,31.02,31.12
2011-02-22,SB1103,31.39,31.9,30.83,31.0,52423.0,,NO.11糖1103,59380.0,30.96,31.0
2011-02-23,SB1103,31.0,31.19,29.79,29.87,53634.0,,NO.11糖1103,44272.0,29.94,29.87
2011-02-24,SB1103,30.07,30.6,29.6,30.24,43361.0,,NO.11糖1103,33548.0,30.22,30.24
2011-02-25,SB1103,30.24,31.71,29.89,31.68,33428.0,,NO.11糖1103,20483.0,31.52,31.68
2011-02-28,SB1103,31.65,32.99,31.52,32.75,20158.0,,NO.11糖1103,18748.0,32.51,32.75
