date,symbol,open,high,low,close,volume,amount,name,openinterest,settleprice,price
2010-06-01,SB1305,15.1,15.14,15.08,15.14,60.0,,NO.11糖1305,39.0,15.14,15.14
2010-06-02,SB1305,15.14,15.14,15.05,15.14,21.0,,NO.11糖1305,52.0,15.14,15.14
2010-06-03,SB1305,15.2,15.2,15.08,15.08,45.0,,NO.11糖1305,86.0,15.08,15.08
2010-06-04,SB1305,15.15,15.21,14.94,15.21,145.0,,NO.11糖1305,176.0,15.21,15.21
2010-06-07,SB1305,15.21,15.27,15.15,15.27,177.0,,NO.11糖1305,267.0,15.27,15.27
2010-06-08,SB1305,15.1,15.2,15.0,15.2,302.0,,NO.11糖1305,476.0,15.2,15.2
2010-06-09,SB1305,15.24,15.24,15.22,15.22,303.0,,NO.11糖1305,778.0,15.22,15.22
2010-06-10,SB1305,,,,15.18,200.0,,NO.11糖1305,976.0,15.18,15.18
2010-06-11,SB1305,15.18,15.23,15.18,15.23,26.0,,NO.11糖1305,997.0,15.23,15.23
2010-06-14,SB1305,15.26,15.27,15.26,15.27,8.0,,NO.11糖1305,1002.0,15.27,15.27
2010-06-15,SB1305,15.24,15.27,15.24,15.27,12.0,,NO.11糖1305,1013.0,15.27,15.27
2010-06-16,SB1305,15.27,15.3,15.26,15.27,24.0,,NO.11糖1305,1025.0,15.27,15.27
2010-06-17,SB1305,15.12,15.12,14.95,15.06,75.0,,NO.11糖1305,1062.0,15.06,15.06
2010-06-18,SB1305,14.95,15.08,14.85,15.08,88.0,,NO.11糖1305,1106.0,15.08,15.08
2010-06-21,SB1305,15.4,15.4,15.2,15.28,20.0,,NO.11糖1305,1110.0,15.28,15.28
2010-06-22,SB1305,,,,15.12,4.0,,NO.11糖1305,1114.0,15.12,15.12
2010-06-23,SB1305,,,,15.1,16.0,,NO.11糖1305,1125.0,15.1,15.1
2010-06-24,SB1305,,,,15.33,11.0,,NO.11糖1305,1133.0,15.33,15.33
2010-06-25,SB1305,,,,15.41,2.0,,NO.11糖1305,1135.0,15.41,15.41
2010-06-28,SB1305,15.25,15.25,15.15,15.15,10.0,,NO.11糖1305,1140.0,15.15,15.15
2010-06-29,SB1305,15.05,15.05,14.85,14.88,73.0,,NO.11糖1305,1177.0,14.88,14.88
2010-06-30,SB1305,14.97,14.98,14.89,14.98,89.0,,NO.11糖1305,1196.0,14.98,14.98
2010-07-01,SB1305,14.85,15.0,14.7,14.98,99.0,,NO.11糖1305,1244.0,14.98,14.98
2010-07-02,SB1305,15.0,15.0,14.8,14.96,74.0,,NO.11糖1305,1256.0,14.96,14.96
2010-07-06,SB1305,14.8,14.94,14.8,14.94,42.0,,NO.11糖1305,1276.0,14.94,14.94
2010-07-07,SB1305,14.99,15.2,14.84,15.02,71.0,,NO.11糖1305,1280.0,15.02,15.02
2010-07-08,SB1305,14.85,14.9,14.7,14.85,98.0,,NO.11糖1305,1318.0,14.85,14.85
2010-07-09,SB1305,14.7,14.7,14.59,14.6,112.0,,NO.11糖1305,1366.0,14.6,14.6
2010-07-12,SB1305,14.55,15.0,14.55,15.0,12.0,,NO.11糖1305,1372.0,15.0,15.0
2010-07-13,SB1305,,,,15.26,10.0,,NO.11糖1305,1375.0,15.26,15.26
2010-07-14,SB1305,,,,15.14,0.0,,NO.11糖1305,1375.0,15.14,15.14
2010-07-15,SB1305,15.25,15.26,15.24,15.26,27.0,,NO.11糖1305,1400.0,15.26,15.26
2010-07-16,SB1305,15.25,15.25,14.95,15.04,23.0,,NO.11糖1305,1411.0,15.04,15.04
2010-07-19,SB1305,15.2,15.25,15.2,15.25,63.0,,NO.11糖1305,1459.0,15.25,15.25
2010-07-20,SB1305,15.1,15.1,15.04,15.04,23.0,,NO.11糖1305,1469.0,15.04,15.04
2010-07-21,SB1305,15.31,15.31,15.21,15.21,5.0,,NO.11糖1305,1472.0,15.21,15.21
2010-07-22,SB1305,15.3,15.34,15.14,15.18,62.0,,NO.11糖1305,1509.0,15.18,15.18
2010-07-23,SB1305,15.0,15.31,14.95,15.17,89.0,,NO.11糖1305,1545.0,15.17,15.17
2010-07-26,SB1305,15.25,15.33,15.25,15.33,38.0,,NO.11糖1305,1582.0,15.33,15.33
2010-07-27,SB1305,15.25,15.25,15.11,15.11,45.0,,NO.11糖1305,1601.0,15.11,15.11
2010-07-28,SB1305,15.25,15.36,15.25,15.36,43.0,,NO.11糖1305,1590.0,15.36,15.36
2010-07-29,SB1305,15.28,15.4,15.26,15.27,31.0,,NO.11糖1305,1594.0,15.27,15.27
2010-07-30,SB1305,15.17,15.4,15.17,15.33,18.0,,NO.11糖1305,1602.0,15.33,15.33
2010-08-02,SB1305,15.42,15.42,15.37,15.4,27.0,,NO.11糖1305,1627.0,15.4,15.4
2010-08-03,SB1305,,,,15.23,0.0,,NO.11糖1305,1627.0,15.23,15.23
2010-08-04,SB1305,15.23,15.4,15.23,15.4,31.0,,NO.11糖1305,1642.0,15.4,15.4
2010-08-05,SB1305,15.25,15.25,15.11,15.11,6.0,,NO.11糖1305,1643.0,15.11,15.11
2010-08-06,SB1305,,,,15.33,0.0,,NO.11糖1305,1643.0,15.33,15.33
2010-08-09,SB1305,15.41,15.41,15.35,15.35,6.0,,NO.11糖1305,1645.0,15.35,15.35
2010-08-10,SB1305,15.65,15.65,15.57,15.61,18.0,,NO.11糖1305,1645.0,15.61,15.61
2010-08-11,SB1305,15.43,15.46,15.43,15.46,14.0,,NO.11糖1305,1648.0,15.46,15.46
2010-08-12,SB1305,15.55,15.55,15.3,15.3,9.0,,NO.11糖1305,1652.0,15.3,15.3
2010-08-13,SB1305,,,,15.23,55.0,,NO.11糖1305,1597.0,15.23,15.23
2010-08-16,SB1305,,,,15.25,0.0,,NO.11糖1305,1597.0,15.25,15.25
2010-08-17,SB1305,,,,15.52,11.0,,NO.11糖1305,1597.0,15.52,15.52
2010-08-18,SB1305,,,,15.47,0.0,,NO.11糖1305,1597.0,15.47,15.47
2010-08-19,SB1305,15.3,15.3,15.28,15.28,32.0,,NO.11糖1305,1597.0,15.28,15.28
2010-08-20,SB1305,15.2,15.27,15.2,15.27,6.0,,NO.11糖1305,1598.0,15.27,15.27
2010-08-23,SB1305,15.35,15.45,15.35,15.39,4.0,,NO.11糖1305,1599.0,15.39,15.39
2010-08-24,SB1305,15.16,15.56,15.15,15.56,7.0,,NO.11糖1305,1599.0,15.56,15.56
2010-08-25,SB1305,15.39,15.42,15.38,15.4,43.0,,NO.11糖1305,1620.0,15.4,15.4
2010-08-26,SB1305,15.4,15.4,15.2,15.38,83.0,,NO.11糖1305,1630.0,15.38,15.38
2010-08-27,SB1305,15.5,15.5,15.4,15.42,4.0,,NO.11糖1305,1632.0,15.42,15.42
2010-08-30,SB1305,15.38,15.49,15.32,15.49,43.0,,NO.11糖1305,1647.0,15.49,15.49
2010-08-31,SB1305,15.5,15.5,15.3,15.43,15.0,,NO.11糖1305,1649.0,15.43,15.43
2010-09-01,SB1305,15.47,15.47,15.45,15.45,3.0,,NO.11糖1305,1648.0,15.45,15.45
2010-09-02,SB1305,15.5,15.7,15.5,15.56,50.0,,NO.11糖1305,1663.0,15.56,15.56
2010-09-03,SB1305,,,,15.47,1.0,,NO.11糖1305,1662.0,15.47,15.47
2010-09-07,SB1305,15.47,15.65,15.47,15.64,60.0,,NO.11糖1305,1716.0,15.64,15.64
2010-09-08,SB1305,15.55,15.55,15.45,15.46,32.0,,NO.11糖1305,1726.0,15.46,15.46
2010-09-09,SB1305,15.7,15.84,15.7,15.84,28.0,,NO.11糖1305,1701.0,15.84,15.84
2010-09-10,SB1305,15.84,15.84,15.66,15.66,7.0,,NO.11糖1305,1703.0,15.66,15.66
2010-09-13,SB1305,15.75,15.84,15.56,15.84,34.0,,NO.11糖1305,1683.0,15.84,15.84
2010-09-14,SB1305,15.84,15.99,15.84,15.93,116.0,,NO.11糖1305,1761.0,15.93,15.93
2010-09-15,SB1305,15.95,15.95,15.85,15.85,45.0,,NO.11糖1305,1776.0,15.85,15.85
2010-09-16,SB1305,15.9,16.01,15.9,16.01,62.0,,NO.11糖1305,1791.0,16.01,16.01
2010-09-17,SB1305,15.95,16.0,15.95,16.0,26.0,,NO.11糖1305,1788.0,16.0,16.0
2010-09-20,SB1305,16.03,16.03,15.9,15.9,21.0,,NO.11糖1305,1785.0,15.9,15.9
2010-09-21,SB1305,15.8,15.93,15.8,15.93,9.0,,NO.11糖1305,1788.0,15.93,15.93
2010-09-22,SB1305,16.04,16.04,16.03,16.03,6.0,,NO.11糖1305,1786.0,16.03,16.03
2010-09-23,SB1305,16.0,16.1,16.0,16.07,14.0,,NO.11糖1305,1788.0,16.07,16.07
2010-09-24,SB1305,16.18,16.35,16.18,16.35,84.0,,NO.11糖1305,1814.0,16.35,16.35
2010-09-27,SB1305,,,,16.49,19.0,,NO.11糖1305,1813.0,16.49,16.49
2010-09-28,SB1305,,,,16.4,0.0,,NO.11糖1305,1813.0,16.4,16.4
2010-09-29,SB1305,,,,16.4,0.0,,NO.11糖1305,1813.0,16.4,16.4
2010-09-30,SB1305,16.36,16.4,15.97,15.97,36.0,,NO.11糖1305,1813.0,15.97,15.97
2010-10-01,SB1305,16.0,16.0,15.81,15.81,16.0,,NO.11糖1305,1819.0,15.81,15.81
2010-10-04,SB1305,15.85,16.06,15.85,16.06,56.0,,NO.11糖1305,1836.0,16.06,16.06
2010-10-05,SB1305,16.03,16.3,16.02,16.3,15.0,,NO.11糖1305,1837.0,16.3,16.3
2010-10-06,SB1305,16.3,16.37,16.3,16.37,11.0,,NO.11糖1305,1839.0,16.37,16.37
2010-10-07,SB1305,16.4,16.75,16.4,16.72,28.0,,NO.11糖1305,1832.0,16.72,16.72
2010-10-08,SB1305,17.15,17.26,17.0,17.2,308.0,,NO.11糖1305,1837.0,17.2,17.2
2010-10-11,SB1305,17.3,17.3,17.15,17.24,34.0,,NO.11糖1305,1826.0,17.24,17.24
2010-10-12,SB1305,17.0,17.29,17.0,17.13,45.0,,NO.11糖1305,1823.0,17.13,17.13
2010-10-13,SB1305,16.9,16.9,16.89,16.89,227.0,,NO.11糖1305,1876.0,16.89,16.89
2010-10-14,SB1305,17.08,17.11,17.08,17.11,26.0,,NO.11糖1305,1888.0,17.11,17.11
2010-10-15,SB1305,17.0,17.0,16.91,16.91,53.0,,NO.11糖1305,1894.0,16.91,16.91
2010-10-18,SB1305,,,,17.01,26.0,,NO.11糖1305,1881.0,17.01,17.01
2010-10-19,SB1305,16.95,17.2,16.93,17.05,17.0,,NO.11糖1305,1885.0,17.05,17.05
2010-10-20,SB1305,17.2,17.2,17.15,17.18,91.0,,NO.11糖1305,1928.0,17.18,17.18
2010-10-21,SB1305,17.26,17.26,17.26,17.26,59.0,,NO.11糖1305,1951.0,17.26,17.26
2010-10-22,SB1305,17.15,17.24,17.13,17.24,16.0,,NO.11糖1305,1947.0,17.24,17.24
2010-10-25,SB1305,17.28,17.3,17.23,17.29,102.0,,NO.11糖1305,1972.0,17.29,17.29
2010-10-26,SB1305,17.05,17.2,17.05,17.14,109.0,,NO.11糖1305,2008.0,17.14,17.14
2010-10-27,SB1305,17.05,17.25,17.04,17.14,66.0,,NO.11糖1305,2015.0,17.14,17.14
2010-10-28,SB1305,17.05,17.44,17.05,17.44,30.0,,NO.11糖1305,2015.0,17.44,17.44
2010-10-29,SB1305,17.37,17.45,17.2,17.39,32.0,,NO.11糖1305,2026.0,17.39,17.39
2010-11-01,SB1305,,,,17.44,22.0,,NO.11糖1305,2037.0,17.44,17.44
2010-11-02,SB1305,17.45,17.45,17.33,17.33,70.0,,NO.11糖1305,2018.0,17.33,17.33
2010-11-03,SB1305,17.31,17.34,17.31,17.34,36.0,,NO.11糖1305,2022.0,17.34,17.34
2010-11-04,SB1305,17.52,17.67,17.51,17.65,20.0,,NO.11糖1305,2014.0,17.65,17.65
2010-11-05,SB1305,17.36,17.51,17.35,17.47,57.0,,NO.11糖1305,2012.0,17.47,17.47
2010-11-08,SB1305,17.45,17.45,17.34,17.34,41.0,,NO.11糖1305,2007.0,17.34,17.34
2010-11-09,SB1305,17.35,17.38,17.35,17.38,84.0,,NO.11糖1305,2047.0,17.38,17.38
2010-11-10,SB1305,17.2,17.47,17.2,17.47,261.0,,NO.11糖1305,2068.0,17.47,17.47
2010-11-11,SB1305,17.25,17.25,16.38,16.38,384.0,,NO.11糖1305,2065.0,16.38,16.38
2010-11-12,SB1305,16.4,16.84,16.4,16.5,243.0,,NO.11糖1305,2136.0,16.5,16.5
2010-11-15,SB1305,,,,16.87,125.0,,NO.11糖1305,2110.0,16.87,16.87
2010-11-16,SB1305,16.99,17.05,16.64,16.92,316.0,,NO.11糖1305,2122.0,16.92,16.92
2010-11-17,SB1305,16.85,17.56,16.85,17.1,78.0,,NO.11糖1305,2132.0,17.1,17.1
2010-11-18,SB1305,17.5,17.51,17.31,17.31,151.0,,NO.11糖1305,2139.0,17.31,17.31
2010-11-19,SB1305,17.35,17.41,17.16,17.16,149.0,,NO.11糖1305,2183.0,17.16,17.16
2010-11-22,SB1305,17.89,17.89,17.54,17.54,127.0,,NO.11糖1305,2227.0,17.54,17.54
2010-11-23,SB1305,17.4,17.7,17.3,17.7,54.0,,NO.11糖1305,2253.0,17.7,17.7
2010-11-24,SB1305,17.72,17.76,17.72,17.76,136.0,,NO.11糖1305,2310.0,17.76,17.76
2010-11-26,SB1305,17.66,17.79,17.66,17.67,73.0,,NO.11糖1305,2314.0,17.67,17.67
2010-11-29,SB1305,17.65,17.88,17.65,17.88,57.0,,NO.11糖1305,2305.0,17.88,17.88
2010-11-30,SB1305,17.88,17.89,17.35,17.61,730.0,,NO.11糖1305,2368.0,17.61,17.61
2010-12-01,SB1305,18.0,18.14,17.88,18.05,73.0,,NO.11糖1305,2379.0,18.05,18.05
2010-12-02,SB1305,18.16,18.16,17.9,18.07,65.0,,NO.11糖1305,2389.0,18.07,18.07
2010-12-03,SB1305,18.05,18.26,18.05,18.26,37.0,,NO.11糖1305,2393.0,18.26,18.26
2010-12-06,SB1305,18.15,18.4,17.81,18.39,33.0,,NO.11糖1305,2405.0,18.39,18.39
2010-12-07,SB1305,18.5,18.5,17.8,17.83,135.0,,NO.11糖1305,2439.0,17.83,17.83
2010-12-08,SB1305,17.81,18.25,17.81,18.1,22.0,,NO.11糖1305,2453.0,18.1,18.1
2010-12-09,SB1305,17.96,18.18,17.96,18.18,17.0,,NO.11糖1305,2447.0,18.18,18.18
2010-12-10,SB1305,17.92,18.53,17.92,18.53,27.0,,NO.11糖1305,2449.0,18.53,18.53
2010-12-13,SB1305,18.48,18.77,18.42,18.7,39.0,,NO.11糖1305,2451.0,18.7,18.7
2010-12-14,SB1305,18.74,18.74,18.5,18.57,64.0,,NO.11糖1305,2459.0,18.57,18.57
2010-12-15,SB1305,18.67,18.73,18.37,18.68,109.0,,NO.11糖1305,2463.0,18.68,18.68
2010-12-16,SB1305,18.61,18.61,18.46,18.51,115.0,,NO.11糖1305,2461.0,18.51,18.51
2010-12-17,SB1305,18.8,18.82,18.8,18.82,217.0,,NO.11糖1305,2520.0,18.82,18.82
2010-12-20,SB1305,19.14,19.14,19.04,19.04,13.0,,NO.11糖1305,2516.0,19.04,19.04
2010-12-21,SB1305,19.06,19.38,19.05,19.08,86.0,,NO.11糖1305,2478.0,19.08,19.08
2010-12-22,SB1305,,,,19.06,59.0,,NO.11糖1305,2491.0,19.06,19.06
2010-12-23,SB1305,,,,19.38,43.0,,NO.11糖1305,2519.0,19.38,19.38
2010-12-27,SB1305,,,,19.19,11.0,,NO.11糖1305,2520.0,19.19,19.19
2010-12-28,SB1305,19.39,19.42,19.39,19.42,48.0,,NO.11糖1305,2539.0,19.42,19.42
2010-12-29,SB1305,19.5,19.5,19.41,19.41,352.0,,NO.11糖1305,2871.0,19.41,19.41
2010-12-30,SB1305,19.5,19.5,17.81,18.94,417.0,,NO.11糖1305,2768.0,18.94,18.94
2010-12-31,SB1305,19.63,19.74,19.25,19.65,660.0,,NO.11糖1305,2746.0,19.87,19.65
2011-01-04,SB1305,19.91,19.91,19.1,19.1,463.0,,NO.11糖1305,2803.0,19.43,19.1
2011-01-05,SB1305,19.41,19.96,19.41,19.8,140.0,,NO.11糖1305,2805.0,19.9,19.8
2011-01-06,SB1305,19.7,19.7,19.3,19.3,225.0,,NO.11糖1305,2807.0,19.15,19.3
2011-01-07,SB1305,19.1,19.51,19.1,19.47,73.0,,NO.11糖1305,2825.0,19.5,19.47
2011-01-10,SB1305,19.5,19.5,19.0,19.45,27.0,,NO.11糖1305,2830.0,19.57,19.45
2011-01-11,SB1305,19.21,19.34,19.12,19.34,31.0,,NO.11糖1305,2832.0,19.51,19.34
2011-01-12,SB1305,19.1,19.5,19.1,19.5,179.0,,NO.11糖1305,2802.0,19.53,19.5
2011-01-13,SB1305,19.35,19.35,19.35,19.35,9.0,,NO.11糖1305,2799.0,19.43,19.35
2011-01-14,SB1305,,,,19.5,2.0,,NO.11糖1305,2799.0,19.5,19.5
2011-01-18,SB1305,19.51,19.51,19.51,19.51,29.0,,NO.11糖1305,2813.0,19.55,19.51
2011-01-19,SB1305,,,,19.62,19.0,,NO.11糖1305,2820.0,19.62,19.62
2011-01-20,SB1305,19.12,19.52,19.12,19.51,357.0,,NO.11糖1305,2877.0,19.61,19.51
2011-01-21,SB1305,19.64,19.7,19.62,19.62,139.0,,NO.11糖1305,2929.0,19.61,19.62
2011-01-24,SB1305,19.8,19.9,19.8,19.9,35.0,,NO.11糖1305,2920.0,19.76,19.9
2011-01-25,SB1305,19.3,19.7,19.3,19.7,17.0,,NO.11糖1305,2922.0,19.9,19.7
2011-01-26,SB1305,19.8,20.05,19.8,20.05,23.0,,NO.11糖1305,2911.0,20.07,20.05
2011-01-27,SB1305,20.11,20.11,20.05,20.05,70.0,,NO.11糖1305,2941.0,20.03,20.05
2011-01-28,SB1305,20.04,20.1,19.84,20.1,79.0,,NO.11糖1305,2942.0,20.13,20.1
2011-01-31,SB1305,20.02,20.02,19.92,19.92,36.0,,NO.11糖1305,2934.0,20.14,19.92
2011-02-01,SB1305,20.25,20.31,20.25,20.31,77.0,,NO.11糖1305,2949.0,20.38,20.31
2011-02-02,SB1305,20.54,20.6,20.4,20.4,153.0,,NO.11糖1305,2937.0,20.54,20.4
2011-02-03,SB1305,20.3,20.6,19.52,19.6,393.0,,NO.11糖1305,2918.0,19.61,19.6
2011-02-04,SB1305,20.06,20.5,19.94,20.5,123.0,,NO.11糖1305,2965.0,20.31,20.5
2011-02-07,SB1305,,,,20.72,14.0,,NO.11糖1305,2963.0,20.72,20.72
2011-02-08,SB1305,20.59,20.59,20.16,20.2,99.0,,NO.11糖1305,2977.0,20.22,20.2
2011-02-09,SB1305,20.12,20.12,20.11,20.11,185.0,,NO.11糖1305,2973.0,20.26,20.11
2011-02-10,SB1305,20.2,20.25,20.0,20.0,137.0,,NO.11糖1305,2957.0,20.2,20.0
2011-02-11,SB1305,20.0,20.16,19.5,19.5,225.0,,NO.11糖1305,2937.0,19.77,19.5
2011-02-14,SB1305,19.3,19.7,19.25,19.55,42.0,,NO.11糖1305,2943.0,19.69,19.55
2011-02-15,SB1305,19.4,19.4,19.4,19.4,110.0,,NO.11糖1305,2946.0,19.61,19.4
2011-02-16,SB1305,19.74,20.17,19.74,20.1,47.0,,NO.11糖1305,2952.0,20.29,20.1
2011-02-17,SB1305,,,,20.0,18.0,,NO.11糖1305,2957.0,20.0,20.0
2011-02-18,SB1305,20.0,20.0,20.0,20.0,43.0,,NO.11糖1305,2955.0,19.8,20.0
2011-02-22,SB1305,19.92,19.92,19.9,19.9,67.0,,NO.11糖1305,2954.0,19.95,19.9
2011-02-23,SB1305,19.9,19.9,19.4,19.59,73.0,,NO.11糖1305,2925.0,19.64,19.59
2011-02-24,SB1305,20.29,20.32,20.05,20.16,59.0,,NO.11糖1305,2925.0,20.21,20.16
2011-02-25,SB1305,20.69,20.69,20.64,20.64,29.0,,NO.11糖1305,2925.0,20.68,20.64
2011-02-28,SB1305,,,,20.85,95.0,,NO.11糖1305,2874.0,20.85,20.85
2011-03-01,SB1305,20.8,20.8,20.66,20.66,18.0,,NO.11糖1305,2890.0,20.74,20.66
2011-03-02,SB1305,20.91,21.02,20.86,20.97,36.0,,NO.11糖1305,2874.0,21.0,20.97
2011-03-03,SB1305,20.84,21.19,20.75,20.94,143.0,,NO.11糖1305,2941.0,21.0,20.94
2011-03-04,SB1305,20.88,20.89,20.4,20.75,17.0,,NO.11糖1305,2943.0,20.75,20.75
2011-03-07,SB1305,20.9,20.9,20.9,20.9,36.0,,NO.11糖1305,2935.0,20.94,20.9
2011-03-08,SB1305,20.72,21.02,20.72,21.02,69.0,,NO.11糖1305,2951.0,21.0,21.02
2011-03-09,SB1305,20.7,20.8,20.47,20.8,32.0,,NO.11糖1305,2949.0,20.92,20.8
2011-03-10,SB1305,20.54,20.56,20.2,20.46,82.0,,NO.11糖1305,2925.0,20.4,20.46
2011-03-11,SB1305,20.21,20.65,19.97,20.65,60.0,,NO.11糖1305,2920.0,20.58,20.65
2011-03-14,SB1305,20.26,20.82,20.22,20.71,71.0,,NO.11糖1305,2936.0,20.94,20.71
2011-03-15,SB1305,20.54,20.54,19.52,19.52,146.0,,NO.11糖1305,2888.0,19.63,19.52
2011-03-16,SB1305,19.82,19.84,19.5,19.5,24.0,,NO.11糖1305,2882.0,19.47,19.5
2011-03-17,SB1305,20.26,20.26,20.2,20.2,5.0,,NO.11糖1305,2884.0,20.15,20.2
2011-03-18,SB1305,20.41,20.69,20.41,20.69,83.0,,NO.11糖1305,2863.0,20.67,20.69
2011-03-21,SB1305,20.42,20.74,20.26,20.62,29.0,,NO.11糖1305,2863.0,20.63,20.62
2011-03-22,SB1305,20.57,20.83,20.45,20.81,111.0,,NO.11糖1305,2891.0,20.75,20.81
2011-03-23,SB1305,20.73,20.73,20.73,20.73,1.0,,NO.11糖1305,2891.0,20.3,20.73
2011-03-24,SB1305,20.51,20.98,20.51,20.98,43.0,,NO.11糖1305,2880.0,20.87,20.98
2011-03-25,SB1305,21.0,21.2,21.0,21.2,63.0,,NO.11糖1305,2884.0,21.21,21.2
2011-03-28,SB1305,21.01,21.01,20.85,20.89,22.0,,NO.11糖1305,2902.0,20.61,20.89
2011-03-29,SB1305,20.71,20.93,20.71,20.75,131.0,,NO.11糖1305,2946.0,20.62,20.75
2011-03-30,SB1305,20.65,21.15,20.34,21.15,69.0,,NO.11糖1305,2935.0,21.05,21.15
2011-03-31,SB1305,21.2,21.3,21.2,21.3,69.0,,NO.11糖1305,2872.0,21.28,21.3
2011-04-01,SB1305,21.69,21.73,21.3,21.6,75.0,,NO.11糖1305,2871.0,21.57,21.6
2011-04-04,SB1305,21.63,21.67,21.63,21.63,6.0,,NO.11糖1305,2871.0,21.66,21.63
2011-04-05,SB1305,21.66,21.71,21.66,21.71,28.0,,NO.11糖1305,2859.0,21.71,21.71
2011-04-06,SB1305,21.77,21.77,21.62,21.65,79.0,,NO.11糖1305,2829.0,21.71,21.65
2011-04-07,SB1305,21.73,22.03,21.7,22.03,270.0,,NO.11糖1305,2851.0,22.02,22.03
2011-04-08,SB1305,22.0,22.29,21.8,21.8,180.0,,NO.11糖1305,2840.0,22.13,21.8
2011-04-11,SB1305,22.1,22.2,21.98,21.98,145.0,,NO.11糖1305,2925.0,22.06,21.98
2011-04-12,SB1305,22.02,22.11,21.97,22.06,180.0,,NO.11糖1305,3029.0,22.08,22.06
2011-04-13,SB1305,22.2,22.29,21.67,21.77,107.0,,NO.11糖1305,3037.0,22.17,21.77
2011-04-14,SB1305,21.93,22.29,21.93,22.02,72.0,,NO.11糖1305,3036.0,22.05,22.02
2011-04-15,SB1305,21.84,22.06,21.84,22.0,344.0,,NO.11糖1305,3200.0,21.95,22.0
2011-04-18,SB1305,21.91,21.99,21.91,21.99,122.0,,NO.11糖1305,3210.0,21.99,21.99
2011-04-19,SB1305,21.8,21.98,21.65,21.81,39.0,,NO.11糖1305,3222.0,21.66,21.81
2011-04-20,SB1305,21.86,22.16,21.86,22.08,38.0,,NO.11糖1305,3226.0,22.21,22.08
2011-04-21,SB1305,21.7,21.96,21.57,21.96,62.0,,NO.11糖1305,3249.0,21.9,21.96
2011-04-25,SB1305,,,,21.81,0.0,,NO.11糖1305,3245.0,21.81,21.81
2011-04-26,SB1305,21.83,21.9,21.79,21.9,52.0,,NO.11糖1305,3281.0,21.92,21.9
2011-04-27,SB1305,21.92,22.53,21.92,22.53,240.0,,NO.11糖1305,3304.0,22.49,22.53
2011-04-28,SB1305,22.28,22.5,22.12,22.5,234.0,,NO.11糖1305,3332.0,22.47,22.5
2011-04-29,SB1305,22.0,22.45,21.98,22.42,289.0,,NO.11糖1305,3488.0,22.42,22.42
2011-05-02,SB1305,22.28,22.28,21.8,22.12,136.0,,NO.11糖1305,3518.0,22.08,22.12
2011-05-03,SB1305,22.15,22.28,22.14,22.14,195.0,,NO.11糖1305,3500.0,22.2,22.14
2011-05-04,SB1305,22.01,22.01,21.83,21.94,89.0,,NO.11糖1305,3509.0,21.89,21.94
2011-05-05,SB1305,21.81,21.81,21.23,21.4,91.0,,NO.11糖1305,3537.0,21.48,21.4
2011-05-06,SB1305,21.29,21.6,21.25,21.28,130.0,,NO.11糖1305,3566.0,21.14,21.28
2011-05-09,SB1305,21.31,21.34,21.29,21.34,34.0,,NO.11糖1305,3562.0,21.39,21.34
2011-05-10,SB1305,21.49,22.11,21.45,21.75,81.0,,NO.11糖1305,3566.0,21.93,21.75
2011-05-11,SB1305,21.67,21.72,21.47,21.72,101.0,,NO.11糖1305,3571.0,21.61,21.72
2011-05-12,SB1305,21.46,21.79,21.25,21.79,100.0,,NO.11糖1305,3549.0,21.8,21.79
2011-05-13,SB1305,21.71,22.06,21.53,21.61,241.0,,NO.11糖1305,3486.0,21.7,21.61
2011-05-16,SB1305,21.5,21.56,21.31,21.32,95.0,,NO.11糖1305,3478.0,21.43,21.32
2011-05-17,SB1305,21.36,21.39,21.35,21.36,15.0,,NO.11糖1305,3464.0,21.56,21.36
2011-05-18,SB1305,21.84,21.91,21.63,21.73,541.0,,NO.11糖1305,3778.0,21.86,21.73
2011-05-19,SB1305,21.31,21.66,21.31,21.39,127.0,,NO.11糖1305,3773.0,21.38,21.39
2011-05-20,SB1305,21.31,21.63,21.31,21.46,439.0,,NO.11糖1305,4020.0,21.59,21.46
2011-05-23,SB1305,21.35,21.35,20.97,21.17,157.0,,NO.11糖1305,4068.0,21.01,21.17
2011-05-24,SB1305,21.28,21.7,21.28,21.3,236.0,,NO.11糖1305,4147.0,21.34,21.3
2011-05-25,SB1305,21.3,21.66,21.28,21.62,85.0,,NO.11糖1305,4153.0,21.64,21.62
2011-05-26,SB1305,21.7,21.77,21.51,21.77,48.0,,NO.11糖1305,4170.0,21.74,21.77
2011-05-27,SB1305,21.79,21.87,21.76,21.86,64.0,,NO.11糖1305,4174.0,21.89,21.86
2011-05-31,SB1305,21.92,22.03,21.8,21.92,307.0,,NO.11糖1305,4199.0,21.99,21.92
2011-06-01,SB1305,21.9,22.04,21.4,21.69,84.0,,NO.11糖1305,4190.0,21.42,21.69
2011-06-02,SB1305,21.98,22.47,21.96,22.4,107.0,,NO.11糖1305,4233.0,22.46,22.4
2011-06-03,SB1305,22.35,22.45,22.12,22.4,215.0,,NO.11糖1305,4379.0,22.42,22.4
2011-06-06,SB1305,22.2,22.39,22.2,22.39,58.0,,NO.11糖1305,4359.0,22.31,22.39
2011-06-07,SB1305,22.34,22.53,22.24,22.39,53.0,,NO.11糖1305,4359.0,22.46,22.39
2011-06-08,SB1305,22.2,22.54,22.2,22.49,183.0,,NO.11糖1305,4420.0,22.5,22.49
2011-06-09,SB1305,22.5,22.55,22.49,22.55,27.0,,NO.11糖1305,4427.0,22.52,22.55
2011-06-10,SB1305,22.55,22.63,22.31,22.54,92.0,,NO.11糖1305,4425.0,22.61,22.54
2011-06-13,SB1305,22.59,22.66,22.2,22.54,59.0,,NO.11糖1305,4453.0,22.64,22.54
2011-06-14,SB1305,22.45,22.6,22.23,22.44,63.0,,NO.11糖1305,4477.0,22.47,22.44
2011-06-15,SB1305,22.47,22.7,22.37,22.37,23.0,,NO.11糖1305,4490.0,22.38,22.37
2011-06-16,SB1305,22.29,22.75,22.28,22.66,200.0,,NO.11糖1305,4468.0,22.72,22.66
2011-06-17,SB1305,22.56,22.94,22.56,22.75,74.0,,NO.11糖1305,4448.0,22.88,22.75
2011-06-20,SB1305,22.75,23.0,22.66,23.0,57.0,,NO.11糖1305,4482.0,22.96,23.0
2011-06-21,SB1305,22.84,23.0,22.69,22.75,90.0,,NO.11糖1305,4463.0,22.95,22.75
2011-06-22,SB1305,23.0,23.0,22.66,22.97,156.0,,NO.11糖1305,4510.0,22.93,22.97
2011-06-23,SB1305,22.8,22.93,22.05,22.83,65.0,,NO.11糖1305,4512.0,22.8,22.83
2011-06-24,SB1305,22.76,22.98,22.48,22.98,30.0,,NO.11糖1305,4507.0,22.96,22.98
2011-06-27,SB1305,22.58,22.94,22.43,22.94,26.0,,NO.11糖1305,4517.0,22.94,22.94
2011-06-28,SB1305,22.98,23.13,22.81,22.81,107.0,,NO.11糖1305,4570.0,23.0,22.81
2011-06-29,SB1305,22.97,23.04,22.58,23.04,41.0,,NO.11糖1305,4595.0,22.92,23.04
2011-06-30,SB1305,23.04,23.12,22.26,22.84,108.0,,NO.11糖1305,4627.0,23.02,22.84
2011-07-01,SB1305,22.78,23.33,22.78,23.07,300.0,,NO.11糖1305,4623.0,23.11,23.07
2011-07-05,SB1305,23.1,23.27,23.02,23.27,130.0,,NO.11糖1305,4689.0,23.18,23.27
2011-07-06,SB1305,23.03,23.38,23.02,23.36,32.0,,NO.11糖1305,4668.0,23.36,23.36
2011-07-07,SB1305,23.32,23.63,23.2,23.58,190.0,,NO.11糖1305,4727.0,23.46,23.58
2011-07-08,SB1305,23.49,23.71,23.12,23.5,103.0,,NO.11糖1305,4714.0,23.58,23.5
2011-07-11,SB1305,23.49,23.55,23.2,23.37,95.0,,NO.11糖1305,4700.0,23.41,23.37
2011-07-12,SB1305,23.46,23.65,23.24,23.64,266.0,,NO.11糖1305,4821.0,23.64,23.64
2011-07-13,SB1305,23.37,23.66,23.08,23.08,444.0,,NO.11糖1305,4961.0,23.24,23.08
2011-07-14,SB1305,22.98,23.04,22.58,22.85,82.0,,NO.11糖1305,4940.0,23.05,22.85
2011-07-15,SB1305,22.68,23.38,22.48,22.84,76.0,,NO.11糖1305,4958.0,22.84,22.84
2011-07-18,SB1305,22.88,23.17,22.67,22.87,90.0,,NO.11糖1305,4976.0,23.17,22.87
2011-07-19,SB1305,23.38,23.62,23.04,23.62,193.0,,NO.11糖1305,5011.0,23.56,23.62
2011-07-20,SB1305,23.48,23.72,23.35,23.71,139.0,,NO.11糖1305,5017.0,23.8,23.71
2011-07-21,SB1305,23.78,23.95,23.66,23.92,100.0,,NO.11糖1305,5038.0,23.99,23.92
2011-07-22,SB1305,23.95,24.29,23.72,24.29,220.0,,NO.11糖1305,5093.0,24.26,24.29
2011-07-25,SB1305,24.11,24.16,23.84,24.11,115.0,,NO.11糖1305,5144.0,24.13,24.11
2011-07-26,SB1305,24.26,24.5,23.88,24.43,109.0,,NO.11糖1305,5195.0,24.37,24.43
2011-07-27,SB1305,24.33,24.44,24.08,24.35,271.0,,NO.11糖1305,5154.0,24.35,24.35
2011-07-28,SB1305,24.37,24.47,23.73,23.73,163.0,,NO.11糖1305,5208.0,23.97,23.73
2011-07-29,SB1305,23.72,23.81,23.36,23.52,351.0,,NO.11糖1305,5369.0,23.71,23.52
2011-08-01,SB1305,23.86,24.15,23.4,23.58,55.0,,NO.11糖1305,5339.0,23.53,23.58
2011-08-02,SB1305,23.49,23.65,23.34,23.58,147.0,,NO.11糖1305,5312.0,23.43,23.58
2011-08-03,SB1305,23.36,23.46,23.0,23.44,328.0,,NO.11糖1305,5433.0,23.41,23.44
2011-08-04,SB1305,23.3,23.36,22.96,23.34,64.0,,NO.11糖1305,5435.0,23.32,23.34
2011-08-05,SB1305,22.94,23.32,22.87,23.03,264.0,,NO.11糖1305,5421.0,23.18,23.03
2011-08-08,SB1305,23.05,23.06,22.44,22.75,583.0,,NO.11糖1305,5314.0,22.86,22.75
2011-08-09,SB1305,22.92,23.07,22.52,22.52,141.0,,NO.11糖1305,5310.0,22.68,22.52
2011-08-10,SB1305,22.91,22.98,22.28,22.55,223.0,,NO.11糖1305,5336.0,22.53,22.55
2011-08-11,SB1305,22.75,22.75,22.29,22.4,553.0,,NO.11糖1305,5295.0,22.36,22.4
2011-08-12,SB1305,22.39,22.93,22.22,22.93,272.0,,NO.11糖1305,5275.0,22.9,22.93
2011-08-15,SB1305,22.92,22.97,22.75,22.92,139.0,,NO.11糖1305,5287.0,22.83,22.92
2011-08-16,SB1305,22.83,23.46,22.81,23.28,209.0,,NO.11糖1305,5277.0,23.19,23.28
2011-08-17,SB1305,23.21,23.84,23.16,23.82,204.0,,NO.11糖1305,5390.0,23.85,23.82
2011-08-18,SB1305,23.63,23.83,23.53,23.68,388.0,,NO.11糖1305,5509.0,23.77,23.68
2011-08-19,SB1305,23.9,24.14,23.87,23.96,210.0,,NO.11糖1305,5517.0,24.05,23.96
2011-08-22,SB1305,23.94,24.06,23.73,24.05,189.0,,NO.11糖1305,5518.0,24.0,24.05
2011-08-23,SB1305,23.97,24.18,23.88,24.06,64.0,,NO.11糖1305,5525.0,24.11,24.06
2011-08-24,SB1305,24.1,24.2,23.57,23.63,362.0,,NO.11糖1305,5525.0,23.88,23.63
2011-08-25,SB1305,23.77,23.96,23.38,23.96,341.0,,NO.11糖1305,5545.0,23.97,23.96
2011-08-26,SB1305,23.89,24.4,23.84,24.33,414.0,,NO.11糖1305,5632.0,24.43,24.33
2011-08-29,SB1305,24.25,24.32,24.07,24.32,61.0,,NO.11糖1305,5627.0,24.35,24.32
2011-08-30,SB1305,24.17,24.4,24.06,24.12,194.0,,NO.11糖1305,5661.0,24.16,24.12
2011-08-31,SB1305,24.2,24.36,24.2,24.36,33.0,,NO.11糖1305,5629.0,24.34,24.36
2011-09-01,SB1305,24.26,24.29,24.25,24.25,17.0,,NO.11糖1305,5630.0,24.14,24.25
2011-09-02,SB1305,24.05,24.05,23.62,23.67,40.0,,NO.11糖1305,5630.0,23.94,23.67
2011-09-06,SB1305,23.73,23.75,23.28,23.56,55.0,,NO.11糖1305,5621.0,23.52,23.56
2011-09-07,SB1305,23.55,23.91,23.53,23.73,103.0,,NO.11糖1305,5619.0,23.53,23.73
2011-09-08,SB1305,23.5,23.8,23.4,23.47,122.0,,NO.11糖1305,5665.0,23.5,23.47
2011-09-09,SB1305,23.73,23.74,23.37,23.63,143.0,,NO.11糖1305,5682.0,23.6,23.63
2011-09-12,SB1305,23.41,23.94,23.12,23.94,280.0,,NO.11糖1305,5716.0,23.86,23.94
2011-09-13,SB1305,23.8,23.99,23.74,23.99,113.0,,NO.11糖1305,5711.0,23.84,23.99
2011-09-14,SB1305,23.8,23.93,23.63,23.87,132.0,,NO.11糖1305,5737.0,23.94,23.87
2011-09-15,SB1305,23.9,24.13,23.89,24.01,74.0,,NO.11糖1305,5744.0,24.1,24.01
2011-09-16,SB1305,23.99,24.0,23.08,23.26,1106.0,,NO.11糖1305,5906.0,23.35,23.26
2011-09-19,SB1305,23.26,23.7,23.26,23.65,236.0,,NO.11糖1305,5764.0,23.59,23.65
2011-09-20,SB1305,23.64,23.69,23.14,23.29,333.0,,NO.11糖1305,5828.0,23.36,23.29
2011-09-21,SB1305,23.26,23.32,22.95,22.97,181.0,,NO.11糖1305,5730.0,22.97,22.97
2011-09-22,SB1305,22.95,22.95,22.4,22.43,376.0,,NO.11糖1305,5799.0,22.42,22.43
2011-09-23,SB1305,22.35,22.42,21.86,22.0,490.0,,NO.11糖1305,5883.0,21.96,22.0
2011-09-26,SB1305,22.02,22.44,22.02,22.19,184.0,,NO.11糖1305,5910.0,22.21,22.19
2011-09-27,SB1305,22.51,22.77,22.51,22.74,143.0,,NO.11糖1305,5895.0,22.57,22.74
2011-09-28,SB1305,22.76,23.2,22.63,22.68,250.0,,NO.11糖1305,5891.0,22.69,22.68
2011-09-29,SB1305,22.84,23.85,22.76,23.59,964.0,,NO.11糖1305,5985.0,23.48,23.59
2011-09-30,SB1305,23.35,23.36,22.64,22.95,698.0,,NO.11糖1305,6281.0,22.69,22.95
2011-10-03,SB1305,22.63,22.64,22.12,22.16,512.0,,NO.11糖1305,6308.0,22.22,22.16
2011-10-04,SB1305,22.07,22.4,21.97,22.37,345.0,,NO.11糖1305,6288.0,22.27,22.37
2011-10-05,SB1305,22.63,22.65,22.19,22.41,231.0,,NO.11糖1305,6297.0,22.34,22.41
2011-10-06,SB1305,22.6,22.81,22.23,22.34,49.0,,NO.11糖1305,6296.0,22.35,22.34
2011-10-07,SB1305,22.38,23.1,22.38,22.68,374.0,,NO.11糖1305,6238.0,22.6,22.68
2011-10-10,SB1305,22.69,23.28,22.65,23.28,202.0,,NO.11糖1305,6247.0,23.28,23.28
2011-10-11,SB1305,23.2,23.28,22.79,23.12,281.0,,NO.11糖1305,6330.0,23.11,23.12
2011-10-12,SB1305,23.24,23.31,23.07,23.11,96.0,,NO.11糖1305,6345.0,23.27,23.11
2011-10-13,SB1305,23.23,24.07,23.23,23.98,296.0,,NO.11糖1305,6353.0,24.09,23.98
2011-10-14,SB1305,23.92,24.74,23.88,24.71,1014.0,,NO.11糖1305,5817.0,24.7,24.71
2011-10-17,SB1305,24.64,24.73,24.52,24.53,174.0,,NO.11糖1305,5926.0,24.58,24.53
2011-10-18,SB1305,24.52,24.62,24.25,24.57,130.0,,NO.11糖1305,5970.0,24.59,24.57
2011-10-19,SB1305,24.5,24.71,23.99,24.07,241.0,,NO.11糖1305,6031.0,24.1,24.07
2011-10-20,SB1305,23.7,24.28,23.52,24.23,141.0,,NO.11糖1305,6059.0,24.15,24.23
2011-10-21,SB1305,24.27,24.54,23.77,23.77,528.0,,NO.11糖1305,6066.0,23.83,23.77
2011-10-24,SB1305,23.98,24.4,23.93,24.24,199.0,,NO.11糖1305,6039.0,24.28,24.24
2011-10-25,SB1305,24.48,24.75,24.17,24.24,440.0,,NO.11糖1305,6021.0,24.24,24.24
2011-10-26,SB1305,24.51,24.6,24.04,24.2,454.0,,NO.11糖1305,6130.0,24.14,24.2
2011-10-27,SB1305,24.49,24.7,24.41,24.5,844.0,,NO.11糖1305,6023.0,24.44,24.5
2011-10-28,SB1305,24.6,24.68,24.23,24.23,269.0,,NO.11糖1305,6080.0,24.21,24.23
2011-10-31,SB1305,24.1,24.17,23.9,24.1,163.0,,NO.11糖1305,6061.0,23.98,24.1
2011-11-01,SB1305,23.89,24.09,23.69,23.99,521.0,,NO.11糖1305,6264.0,23.85,23.99
2011-11-02,SB1305,24.05,24.12,23.9,24.12,657.0,,NO.11糖1305,6303.0,23.8,24.12
2011-11-03,SB1305,23.82,24.0,23.8,23.88,307.0,,NO.11糖1305,6570.0,23.89,23.88
2011-11-04,SB1305,23.92,24.0,23.74,23.76,74.0,,NO.11糖1305,6546.0,23.77,23.76
2011-11-07,SB1305,23.85,23.99,23.82,23.82,73.0,,NO.11糖1305,6583.0,23.88,23.82
2011-11-08,SB1305,23.8,24.35,23.79,24.35,331.0,,NO.11糖1305,6703.0,24.31,24.35
2011-11-09,SB1305,24.05,24.08,23.94,23.97,349.0,,NO.11糖1305,6970.0,24.0,23.97
2011-11-10,SB1305,23.86,24.12,23.86,24.03,243.0,,NO.11糖1305,7075.0,24.08,24.03
2011-11-11,SB1305,23.97,24.16,23.67,24.16,203.0,,NO.11糖1305,7137.0,24.05,24.16
2011-11-14,SB1305,24.23,24.23,23.68,23.71,225.0,,NO.11糖1305,7146.0,23.72,23.71
2011-11-15,SB1305,23.72,23.85,23.52,23.69,763.0,,NO.11糖1305,7320.0,23.76,23.69
2011-11-16,SB1305,23.6,23.81,23.5,23.71,835.0,,NO.11糖1305,7332.0,23.71,23.71
2011-11-17,SB1305,23.59,23.64,23.35,23.5,1110.0,,NO.11糖1305,7849.0,23.4,23.5
2011-11-18,SB1305,23.51,23.56,23.21,23.29,347.0,,NO.11糖1305,8078.0,23.23,23.29
2011-11-21,SB1305,23.2,23.43,23.2,23.33,128.0,,NO.11糖1305,8056.0,23.31,23.33
2011-11-22,SB1305,23.31,23.35,22.83,22.9,819.0,,NO.11糖1305,8387.0,22.9,22.9
2011-11-23,SB1305,22.96,22.96,22.64,22.71,490.0,,NO.11糖1305,8682.0,22.65,22.71
2011-11-25,SB1305,22.58,22.67,22.49,22.5,313.0,,NO.11糖1305,8843.0,22.44,22.5
2011-11-28,SB1305,22.69,22.86,22.67,22.7,568.0,,NO.11糖1305,9120.0,22.71,22.7
2011-11-29,SB1305,22.62,23.06,22.62,22.94,2324.0,,NO.11糖1305,9650.0,22.87,22.94
2011-11-30,SB1305,22.64,23.23,22.64,23.23,2552.0,,NO.11糖1305,10612.0,23.17,23.23
2011-12-01,SB1305,23.06,23.3,22.94,23.26,442.0,,NO.11糖1305,10634.0,23.29,23.26
2011-12-02,SB1305,23.26,23.35,23.09,23.09,120.0,,NO.11糖1305,10623.0,23.12,23.09
2011-12-05,SB1305,23.13,23.5,23.13,23.5,621.0,,NO.11糖1305,10669.0,23.5,23.5
2011-12-06,SB1305,23.42,23.54,23.37,23.53,242.0,,NO.11糖1305,10568.0,23.51,23.53
2011-12-07,SB1305,23.32,23.53,22.65,22.76,460.0,,NO.11糖1305,10649.0,22.75,22.76
2011-12-08,SB1305,22.97,23.6,22.96,23.53,731.0,,NO.11糖1305,10334.0,23.54,23.53
2011-12-09,SB1305,23.47,23.51,22.73,22.9,650.0,,NO.11糖1305,9975.0,22.85,22.9
2011-12-12,SB1305,22.78,23.12,22.69,22.85,198.0,,NO.11糖1305,9915.0,22.82,22.85
2011-12-13,SB1305,22.91,23.14,22.88,23.14,303.0,,NO.11糖1305,9979.0,23.11,23.14
2011-12-14,SB1305,23.09,23.09,22.5,22.7,383.0,,NO.11糖1305,9968.0,22.65,22.7
2011-12-15,SB1305,22.8,23.0,22.69,22.76,565.0,,NO.11糖1305,9895.0,22.78,22.76
2011-12-16,SB1305,22.74,23.06,22.74,23.06,645.0,,NO.11糖1305,9974.0,23.01,23.06
2011-12-19,SB1305,22.86,23.09,22.85,23.08,712.0,,NO.11糖1305,9902.0,23.04,23.08
2011-12-20,SB1305,23.08,23.34,23.04,23.2,689.0,,NO.11糖1305,9890.0,23.18,23.2
2011-12-21,SB1305,23.1,23.12,22.91,23.12,94.0,,NO.11糖1305,9924.0,23.22,23.12
2011-12-22,SB1305,23.13,23.2,23.11,23.2,108.0,,NO.11糖1305,9911.0,23.23,23.2
2011-12-23,SB1305,23.21,23.36,23.16,23.3,421.0,,NO.11糖1305,9949.0,23.18,23.3
2011-12-27,SB1305,23.25,23.25,23.16,23.17,158.0,,NO.11糖1305,9914.0,23.14,23.17
2011-12-28,SB1305,23.16,23.3,22.65,22.65,361.0,,NO.11糖1305,9920.0,22.97,22.65
2011-12-29,SB1305,22.91,23.31,22.78,23.2,154.0,,NO.11糖1305,9876.0,23.32,23.2
2011-12-30,SB1305,22.89,23.16,22.84,23.12,149.0,,NO.11糖1305,9889.0,23.1,23.12
2012-01-03,SB1305,23.32,23.82,23.32,23.82,626.0,,NO.11糖1305,9899.0,23.87,23.82
2012-01-04,SB1305,23.72,23.88,23.63,23.87,694.0,,NO.11糖1305,10130.0,23.86,23.87
2012-01-05,SB1305,23.8,23.83,22.65,22.83,716.0,,NO.11糖1305,10300.0,22.82,22.83
2012-01-06,SB1305,23.15,23.16,22.78,22.97,126.0,,NO.11糖1305,10276.0,23.02,22.97
2012-01-09,SB1305,23.03,23.14,22.59,23.03,471.0,,NO.11糖1305,10091.0,23.12,23.03
2012-01-10,SB1305,23.2,23.2,22.78,23.12,386.0,,NO.11糖1305,10146.0,23.13,23.12
2012-01-11,SB1305,23.02,23.45,22.86,23.45,1500.0,,NO.11糖1305,9955.0,23.44,23.45
2012-01-12,SB1305,23.42,23.51,23.07,23.12,336.0,,NO.11糖1305,10037.0,23.11,23.12
2012-01-13,SB1305,23.31,23.63,23.15,23.62,563.0,,NO.11糖1305,9734.0,23.65,23.62
2012-01-17,SB1305,23.62,23.76,23.41,23.65,352.0,,NO.11糖1305,9818.0,23.61,23.65
2012-01-18,SB1305,23.66,23.7,23.56,23.56,205.0,,NO.11糖1305,9837.0,23.65,23.56
2012-01-19,SB1305,23.64,23.8,23.6,23.8,250.0,,NO.11糖1305,9794.0,23.71,23.8
2012-01-20,SB1305,23.72,23.85,23.54,23.83,431.0,,NO.11糖1305,9628.0,23.86,23.83
2012-01-23,SB1305,23.86,23.94,23.82,23.93,646.0,,NO.11糖1305,9579.0,23.94,23.93
2012-01-24,SB1305,23.87,24.0,23.83,23.83,391.0,,NO.11糖1305,9649.0,23.95,23.83
2012-01-25,SB1305,23.86,23.98,23.69,23.98,321.0,,NO.11糖1305,9631.0,23.97,23.98
2012-01-26,SB1305,23.96,24.07,23.82,24.07,634.0,,NO.11糖1305,9755.0,24.06,24.07
2012-01-27,SB1305,24.07,24.09,23.62,23.78,563.0,,NO.11糖1305,9687.0,23.79,23.78
2012-01-30,SB1305,23.8,23.87,23.45,23.51,235.0,,NO.11糖1305,9669.0,23.5,23.51
2012-01-31,SB1305,23.46,23.65,23.39,23.45,805.0,,NO.11糖1305,9673.0,23.44,23.45
2012-02-01,SB1305,23.42,23.68,23.29,23.66,894.0,,NO.11糖1305,9989.0,23.6,23.66
2012-02-02,SB1305,23.59,23.71,23.52,23.52,139.0,,NO.11糖1305,10007.0,23.48,23.52
2012-02-03,SB1305,23.39,23.82,23.38,23.81,219.0,,NO.11糖1305,10081.0,23.79,23.81
2012-02-06,SB1305,23.83,23.98,23.66,23.91,173.0,,NO.11糖1305,10163.0,23.97,23.91
2012-02-07,SB1305,23.84,23.95,23.6,23.79,539.0,,NO.11糖1305,10381.0,23.86,23.79
2012-02-08,SB1305,23.76,23.96,23.74,23.9,182.0,,NO.11糖1305,10422.0,23.88,23.9
2012-02-09,SB1305,23.9,24.02,23.78,23.78,609.0,,NO.11糖1305,10572.0,23.91,23.78
2012-02-10,SB1305,23.79,24.03,23.64,24.0,560.0,,NO.11糖1305,10660.0,24.0,24.0
2012-02-13,SB1305,24.0,24.0,23.84,23.85,313.0,,NO.11糖1305,10702.0,23.94,23.85
2012-02-14,SB1305,23.82,23.85,23.48,23.55,527.0,,NO.11糖1305,10700.0,23.61,23.55
2012-02-15,SB1305,23.65,23.78,23.54,23.77,240.0,,NO.11糖1305,10707.0,23.79,23.77
2012-02-16,SB1305,23.64,23.98,23.64,23.93,759.0,,NO.11糖1305,10884.0,23.98,23.93
2012-02-17,SB1305,23.94,23.99,23.86,23.99,524.0,,NO.11糖1305,10776.0,23.97,23.99
2012-02-21,SB1305,23.96,24.15,23.93,24.1,2863.0,,NO.11糖1305,11715.0,24.13,24.1
2012-02-22,SB1305,24.01,24.28,24.0,24.28,1956.0,,NO.11糖1305,11744.0,24.27,24.28
2012-02-23,SB1305,24.24,24.3,23.98,24.3,1299.0,,NO.11糖1305,11816.0,24.29,24.3
2012-02-24,SB1305,24.28,24.39,24.18,24.39,1807.0,,NO.11糖1305,12362.0,24.36,24.39
2012-02-27,SB1305,24.36,24.48,24.27,24.29,2067.0,,NO.11糖1305,13186.0,24.26,24.29
2012-02-28,SB1305,24.24,24.49,24.16,24.45,2117.0,,NO.11糖1305,13620.0,24.44,24.45
2012-02-29,SB1305,24.4,24.46,24.13,24.46,3907.0,,NO.11糖1305,14493.0,24.44,24.46
2012-03-01,SB1305,24.44,24.46,24.16,24.44,2339.0,,NO.11糖1305,14586.0,24.45,24.44
2012-03-02,SB1305,24.4,24.44,24.13,24.37,1301.0,,NO.11糖1305,14649.0,24.32,24.37
2012-03-05,SB1305,24.31,24.36,24.05,24.05,658.0,,NO.11糖1305,14716.0,24.08,24.05
2012-03-06,SB1305,24.05,24.13,23.55,23.56,1107.0,,NO.11糖1305,14722.0,23.58,23.56
2012-03-07,SB1305,23.58,23.64,23.4,23.52,1503.0,,NO.11糖1305,14788.0,23.54,23.52
2012-03-08,SB1305,23.7,23.7,23.38,23.38,1215.0,,NO.11糖1305,14532.0,23.41,23.38
2012-03-09,SB1305,23.51,23.63,23.21,23.28,1536.0,,NO.11糖1305,14463.0,23.33,23.28
2012-03-12,SB1305,23.28,23.44,23.06,23.4,861.0,,NO.11糖1305,14762.0,23.4,23.4
2012-03-13,SB1305,23.58,23.58,23.16,23.46,586.0,,NO.11糖1305,14807.0,23.6,23.46
2012-03-14,SB1305,23.41,23.74,23.34,23.64,855.0,,NO.11糖1305,15148.0,23.72,23.64
2012-03-15,SB1305,23.67,24.35,23.65,24.21,2525.0,,NO.11糖1305,16107.0,24.31,24.21
2012-03-16,SB1305,23.99,24.41,23.99,24.29,3053.0,,NO.11糖1305,16482.0,24.39,24.29
2012-03-19,SB1305,24.33,24.48,24.22,24.44,3302.0,,NO.11糖1305,17670.0,24.47,24.44
2012-03-20,SB1305,24.43,24.55,24.13,24.23,2524.0,,NO.11糖1305,18183.0,24.36,24.23
2012-03-21,SB1305,24.16,24.47,23.99,24.02,684.0,,NO.11糖1305,18180.0,24.01,24.02
2012-03-22,SB1305,23.95,24.5,23.95,24.28,1147.0,,NO.11糖1305,18499.0,24.35,24.28
2012-03-23,SB1305,24.3,24.47,24.15,24.15,1264.0,,NO.11糖1305,18653.0,24.22,24.15
2012-03-26,SB1305,24.26,24.27,23.93,24.11,2763.0,,NO.11糖1305,19581.0,24.02,24.11
2012-03-27,SB1305,24.01,24.11,23.84,23.97,3101.0,,NO.11糖1305,20489.0,23.94,23.97
2012-03-28,SB1305,23.95,24.0,23.64,23.96,1723.0,,NO.11糖1305,20495.0,23.86,23.96
2012-03-29,SB1305,23.88,24.08,23.79,23.98,1201.0,,NO.11糖1305,20543.0,24.05,23.98
2012-03-30,SB1305,24.05,24.3,23.8,24.17,1824.0,,NO.11糖1305,21521.0,24.25,24.17
2012-04-02,SB1305,24.09,24.31,23.98,24.21,1580.0,,NO.11糖1305,21419.0,24.27,24.21
2012-04-03,SB1305,24.21,24.23,24.05,24.15,1896.0,,NO.11糖1305,22107.0,24.16,24.15
2012-04-04,SB1305,24.05,24.35,24.04,24.18,2117.0,,NO.11糖1305,22378.0,24.22,24.18
2012-04-05,SB1305,24.24,24.47,24.14,24.4,1592.0,,NO.11糖1305,22593.0,24.43,24.4
2012-04-09,SB1305,24.48,24.57,24.3,24.31,860.0,,NO.11糖1305,22818.0,24.34,24.31
2012-04-10,SB1305,24.32,24.4,24.0,24.02,3834.0,,NO.11糖1305,23657.0,24.09,24.02
2012-04-11,SB1305,24.09,24.19,23.92,24.18,2047.0,,NO.11糖1305,23499.0,24.16,24.18
2012-04-12,SB1305,24.26,24.33,23.92,24.27,2531.0,,NO.11糖1305,23123.0,24.31,24.27
2012-04-13,SB1305,24.1,24.32,23.73,23.73,2817.0,,NO.11糖1305,23148.0,23.79,23.73
2012-04-16,SB1305,23.78,23.8,23.29,23.33,2906.0,,NO.11糖1305,23453.0,23.32,23.33
2012-04-17,SB1305,23.38,23.68,23.2,23.46,1298.0,,NO.11糖1305,23390.0,23.49,23.46
2012-04-18,SB1305,23.58,23.71,22.99,23.06,2804.0,,NO.11糖1305,24303.0,23.02,23.06
2012-04-19,SB1305,23.25,23.35,22.86,22.94,2987.0,,NO.11糖1305,24847.0,22.94,22.94
2012-04-20,SB1305,23.1,23.11,22.74,22.91,2094.0,,NO.11糖1305,25066.0,22.85,22.91
2012-04-23,SB1305,22.94,23.12,22.75,22.87,2242.0,,NO.11糖1305,25134.0,22.85,22.87
2012-04-24,SB1305,22.85,22.93,22.73,22.83,1708.0,,NO.11糖1305,25537.0,22.78,22.83
2012-04-25,SB1305,22.91,23.06,22.81,22.91,1165.0,,NO.11糖1305,25374.0,22.85,22.91
2012-04-26,SB1305,23.0,23.0,22.44,22.49,3079.0,,NO.11糖1305,26165.0,22.47,22.49
2012-04-27,SB1305,22.49,22.63,22.2,22.56,2785.0,,NO.11糖1305,26465.0,22.51,22.56
2012-04-30,SB1305,22.57,22.72,22.25,22.28,6187.0,,NO.11糖1305,26202.0,22.31,22.28
2012-05-01,SB1305,22.25,22.42,22.13,22.25,4675.0,,NO.11糖1305,26809.0,22.22,22.25
2012-05-02,SB1305,22.28,22.34,21.84,21.85,4232.0,,NO.11糖1305,27866.0,21.87,21.85
2012-05-03,SB1305,21.96,22.06,21.85,21.92,2511.0,,NO.11糖1305,28390.0,21.89,21.92
2012-05-04,SB1305,21.97,22.12,21.84,22.01,2553.0,,NO.11糖1305,28089.0,21.98,22.01
2012-05-07,SB1305,21.89,22.24,21.88,22.24,1568.0,,NO.11糖1305,28422.0,22.18,22.24
2012-05-08,SB1305,22.18,22.18,21.68,21.73,2598.0,,NO.11糖1305,27955.0,21.77,21.73
2012-05-09,SB1305,21.65,21.91,21.58,21.76,3883.0,,NO.11糖1305,28732.0,21.75,21.76
2012-05-10,SB1305,21.78,21.97,21.68,21.69,1539.0,,NO.11糖1305,28833.0,21.72,21.69
2012-05-11,SB1305,21.61,21.9,21.56,21.65,3524.0,,NO.11糖1305,29329.0,21.63,21.65
2012-05-14,SB1305,21.61,21.65,21.53,21.56,1353.0,,NO.11糖1305,29314.0,21.62,21.56
2012-05-15,SB1305,21.65,21.94,21.65,21.73,1251.0,,NO.11糖1305,29491.0,21.76,21.73
2012-05-16,SB1305,21.83,21.97,21.68,21.96,5700.0,,NO.11糖1305,29525.0,21.92,21.96
2012-05-17,SB1305,21.95,22.05,21.82,22.02,2909.0,,NO.11糖1305,29414.0,22.02,22.02
2012-05-18,SB1305,22.05,22.05,21.7,21.7,3652.0,,NO.11糖1305,29541.0,21.72,21.7
2012-05-21,SB1305,21.79,21.89,21.64,21.71,5314.0,,NO.11糖1305,31859.0,21.72,21.71
2012-05-22,SB1305,21.64,21.72,21.2,21.26,7957.0,,NO.11糖1305,31814.0,21.23,21.26
2012-05-23,SB1305,21.35,21.35,20.85,21.1,11882.0,,NO.11糖1305,35718.0,21.06,21.1
2012-05-24,SB1305,21.01,21.18,20.95,21.0,5126.0,,NO.11糖1305,35740.0,21.05,21.0
2012-05-25,SB1305,20.98,21.16,20.95,21.01,3914.0,,NO.11糖1305,35590.0,21.0,21.01
2012-05-29,SB1305,21.05,21.15,20.8,20.99,5865.0,,NO.11糖1305,36151.0,20.93,20.99
2012-05-30,SB1305,20.98,21.02,20.79,20.85,3854.0,,NO.11糖1305,36666.0,20.82,20.85
2012-05-31,SB1305,20.87,20.96,20.7,20.82,3595.0,,NO.11糖1305,37037.0,20.8,20.82
2012-06-01,SB1305,20.78,20.78,20.37,20.72,8558.0,,NO.11糖1305,39600.0,20.59,20.72
2012-06-04,SB1305,20.57,20.67,20.5,20.58,5999.0,,NO.11糖1305,38420.0,20.52,20.58
2012-06-05,SB1305,20.47,20.66,20.47,20.54,4303.0,,NO.11糖1305,38876.0,20.49,20.54
2012-06-06,SB1305,20.48,21.07,20.48,21.05,8815.0,,NO.11糖1305,40032.0,21.01,21.05
2012-06-07,SB1305,21.06,21.2,20.68,20.84,11244.0,,NO.11糖1305,40249.0,20.88,20.84
2012-06-08,SB1305,20.88,20.96,20.67,20.89,5427.0,,NO.11糖1305,40167.0,20.92,20.89
2012-06-11,SB1305,20.96,21.16,20.87,20.88,3786.0,,NO.11糖1305,41066.0,21.0,20.88
2012-06-12,SB1305,20.8,20.99,20.62,20.79,3756.0,,NO.11糖1305,40987.0,20.83,20.79
2012-06-13,SB1305,20.8,20.8,20.3,20.68,6365.0,,NO.11糖1305,41559.0,20.67,20.68
2012-06-14,SB1305,20.62,20.65,20.43,20.44,4040.0,,NO.11糖1305,41742.0,20.42,20.44
2012-06-15,SB1305,20.42,20.84,20.42,20.8,6851.0,,NO.11糖1305,41133.0,20.79,20.8
2012-06-18,SB1305,20.8,20.84,20.37,20.53,12820.0,,NO.11糖1305,44351.0,20.55,20.53
2012-06-19,SB1305,20.48,21.26,20.45,21.18,8851.0,,NO.11糖1305,45150.0,21.24,21.18
2012-06-20,SB1305,21.15,21.4,21.05,21.3,8035.0,,NO.11糖1305,45235.0,21.39,21.3
2012-06-21,SB1305,21.27,21.46,21.0,21.07,5122.0,,NO.11糖1305,45658.0,21.33,21.07
2012-06-22,SB1305,21.05,21.31,20.45,20.7,8642.0,,NO.11糖1305,46386.0,20.57,20.7
2012-06-25,SB1305,20.62,20.74,20.53,20.57,5669.0,,NO.11糖1305,48031.0,20.61,20.57
2012-06-26,SB1305,20.68,20.87,20.62,20.83,6490.0,,NO.11糖1305,47796.0,20.79,20.83
2012-06-27,SB1305,20.79,21.43,20.71,21.27,11682.0,,NO.11糖1305,47422.0,21.38,21.27
2012-06-28,SB1305,21.26,21.67,20.69,20.87,12236.0,,NO.11糖1305,46363.0,21.0,20.87
2012-06-29,SB1305,21.0,21.4,20.96,21.39,12132.0,,NO.11糖1305,45408.0,21.33,21.39
2012-07-02,SB1305,21.33,21.71,21.28,21.57,11534.0,,NO.11糖1305,44481.0,21.57,21.57
2012-07-03,SB1305,21.57,21.97,21.57,21.95,11006.0,,NO.11糖1305,44393.0,21.92,21.95
2012-07-05,SB1305,21.92,22.55,21.92,22.07,14980.0,,NO.11糖1305,43358.0,22.17,22.07
2012-07-06,SB1305,22.08,22.47,22.05,22.4,11075.0,,NO.11糖1305,42817.0,22.46,22.4
2012-07-09,SB1305,22.46,22.98,22.43,22.88,15912.0,,NO.11糖1305,44562.0,22.96,22.88
2012-07-10,SB1305,22.9,23.19,22.84,22.89,13821.0,,NO.11糖1305,45502.0,22.92,22.89
2012-07-11,SB1305,22.72,23.17,22.72,23.14,11057.0,,NO.11糖1305,46124.0,23.11,23.14
2012-07-12,SB1305,23.07,23.21,22.5,22.76,10420.0,,NO.11糖1305,46861.0,22.76,22.76
2012-07-13,SB1305,22.72,23.03,22.69,22.94,7473.0,,NO.11糖1305,46792.0,22.99,22.94
2012-07-16,SB1305,22.88,23.06,22.63,22.97,9717.0,,NO.11糖1305,47584.0,23.0,22.97
2012-07-17,SB1305,23.01,23.01,22.67,22.99,5725.0,,NO.11糖1305,48355.0,22.96,22.99
2012-07-18,SB1305,22.91,23.09,22.55,22.99,10286.0,,NO.11糖1305,49716.0,23.06,22.99
2012-07-19,SB1305,23.0,23.24,22.78,23.09,9490.0,,NO.11糖1305,49126.0,23.2,23.09
2012-07-20,SB1305,23.12,23.54,23.07,23.32,22281.0,,NO.11糖1305,47714.0,23.29,23.32
2012-07-23,SB1305,23.32,23.38,23.06,23.24,10371.0,,NO.11糖1305,46940.0,23.32,23.24
2012-07-24,SB1305,23.32,23.48,22.99,23.13,9520.0,,NO.11糖1305,47317.0,23.19,23.13
2012-07-25,SB1305,23.19,23.39,23.08,23.21,8047.0,,NO.11糖1305,46498.0,23.36,23.21
2012-07-26,SB1305,23.32,23.32,22.34,22.53,9563.0,,NO.11糖1305,46293.0,22.56,22.53
2012-07-27,SB1305,22.59,22.72,22.37,22.61,5421.0,,NO.11糖1305,46151.0,22.6,22.61
2012-07-30,SB1305,22.6,22.88,22.59,22.78,4187.0,,NO.11糖1305,46457.0,22.73,22.78
2012-07-31,SB1305,22.73,22.85,22.42,22.57,10017.0,,NO.11糖1305,47093.0,22.52,22.57
2012-08-01,SB1305,22.5,22.72,22.16,22.53,7321.0,,NO.11糖1305,46926.0,22.57,22.53
2012-08-02,SB1305,22.62,22.62,22.13,22.13,6616.0,,NO.11糖1305,45617.0,22.2,22.13
2012-08-03,SB1305,22.14,22.2,21.96,22.12,6335.0,,NO.11糖1305,45834.0,22.12,22.12
2012-08-06,SB1305,22.2,22.2,21.83,21.88,3018.0,,NO.11糖1305,46778.0,21.95,21.88
2012-08-07,SB1305,21.94,22.16,21.55,21.66,7282.0,,NO.11糖1305,45801.0,21.64,21.66
2012-08-08,SB1305,21.64,21.71,21.33,21.37,11205.0,,NO.11糖1305,44649.0,21.37,21.37
2012-08-09,SB1305,21.37,21.45,20.96,21.09,13985.0,,NO.11糖1305,48364.0,20.99,21.09
2012-08-10,SB1305,20.75,21.21,20.75,21.01,10569.0,,NO.11糖1305,49442.0,20.9,21.01
2012-08-13,SB1305,21.01,21.02,20.57,20.7,7990.0,,NO.11糖1305,49461.0,20.59,20.7
2012-08-14,SB1305,20.67,20.98,20.56,20.58,9130.0,,NO.11糖1305,49376.0,20.63,20.58
2012-08-15,SB1305,20.81,20.95,20.63,20.84,10100.0,,NO.11糖1305,47067.0,20.8,20.84
2012-08-16,SB1305,20.85,20.92,20.76,20.85,11125.0,,NO.11糖1305,47450.0,20.86,20.85
2012-08-17,SB1305,20.88,21.15,20.79,20.79,6869.0,,NO.11糖1305,45829.0,20.81,20.79
2012-08-20,SB1305,20.84,21.16,20.77,20.97,5895.0,,NO.11糖1305,45910.0,21.01,20.97
2012-08-21,SB1305,21.0,21.01,20.45,20.52,9012.0,,NO.11糖1305,46944.0,20.47,20.52
2012-08-22,SB1305,20.53,20.75,20.5,20.51,4431.0,,NO.11糖1305,47047.0,20.52,20.51
2012-08-23,SB1305,20.5,20.83,20.28,20.39,11343.0,,NO.11糖1305,47264.0,20.3,20.39
2012-08-24,SB1305,20.45,20.45,20.2,20.4,7467.0,,NO.11糖1305,46257.0,20.25,20.4
2012-08-27,SB1305,20.45,20.57,20.18,20.32,6710.0,,NO.11糖1305,46161.0,20.25,20.32
2012-08-28,SB1305,20.32,20.72,20.17,20.7,12075.0,,NO.11糖1305,46743.0,20.69,20.7
2012-08-29,SB1305,20.77,20.91,20.29,20.29,6685.0,,NO.11糖1305,47633.0,20.37,20.29
2012-08-30,SB1305,20.37,20.71,20.28,20.47,9767.0,,NO.11糖1305,47771.0,20.44,20.47
2012-08-31,SB1305,20.55,20.64,20.35,20.45,8669.0,,NO.11糖1305,48369.0,20.5,20.45
2012-09-04,SB1305,20.53,20.69,20.12,20.21,10137.0,,NO.11糖1305,49092.0,20.15,20.21
2012-09-05,SB1305,20.16,20.34,19.82,20.01,13449.0,,NO.11糖1305,52300.0,19.83,20.01
2012-09-06,SB1305,19.96,19.96,19.63,19.7,15277.0,,NO.11糖1305,55426.0,19.67,19.7
2012-09-07,SB1305,19.71,20.22,19.71,19.94,24989.0,,NO.11糖1305,58789.0,19.95,19.94
2012-09-10,SB1305,20.0,20.33,19.89,20.22,11441.0,,NO.11糖1305,60756.0,20.21,20.22
2012-09-11,SB1305,20.22,20.32,20.05,20.17,19828.0,,NO.11糖1305,65172.0,20.2,20.17
2012-09-12,SB1305,20.21,20.64,20.17,20.43,12332.0,,NO.11糖1305,66832.0,20.48,20.43
2012-09-13,SB1305,20.53,20.66,20.42,20.47,11412.0,,NO.11糖1305,67512.0,20.53,20.47
2012-09-14,SB1305,20.6,21.08,20.57,20.83,17562.0,,NO.11糖1305,69257.0,20.85,20.83
2012-09-17,SB1305,20.83,20.92,20.7,20.75,10163.0,,NO.11糖1305,71142.0,20.85,20.75
2012-09-18,SB1305,20.8,20.85,20.16,20.2,13389.0,,NO.11糖1305,72351.0,20.27,20.2
2012-09-19,SB1305,20.27,20.37,19.8,19.95,15687.0,,NO.11糖1305,72206.0,19.83,19.95
2012-09-20,SB1305,20.0,20.19,19.83,20.09,13440.0,,NO.11糖1305,76198.0,20.08,20.09
2012-09-21,SB1305,20.1,20.52,19.99,20.2,9660.0,,NO.11糖1305,77302.0,20.19,20.2
2012-09-24,SB1305,20.18,20.46,20.0,20.29,19844.0,,NO.11糖1305,75867.0,20.36,20.29
2012-09-25,SB1305,20.35,20.77,20.35,20.69,18385.0,,NO.11糖1305,73811.0,20.76,20.69
2012-09-26,SB1305,20.73,20.89,20.16,20.3,11309.0,,NO.11糖1305,73447.0,20.43,20.3
2012-09-27,SB1305,20.38,20.57,20.14,20.4,12771.0,,NO.11糖1305,73694.0,20.43,20.4
2012-09-28,SB1305,20.44,20.53,20.2,20.46,12875.0,,NO.11糖1305,76052.0,20.46,20.46
2012-10-01,SB1305,20.43,21.12,20.42,21.04,16668.0,,NO.11糖1305,77990.0,21.09,21.04
2012-10-02,SB1305,21.0,21.64,21.0,21.4,21354.0,,NO.11糖1305,79507.0,21.5,21.4
2012-10-03,SB1305,21.31,21.58,21.15,21.5,20997.0,,NO.11糖1305,80955.0,21.52,21.5
2012-10-04,SB1305,21.5,21.69,21.11,21.59,18104.0,,NO.11糖1305,81717.0,21.56,21.59
2012-10-05,SB1305,21.59,21.59,21.0,21.45,16567.0,,NO.11糖1305,82027.0,21.48,21.45
2012-10-08,SB1305,21.44,21.51,21.15,21.26,14628.0,,NO.11糖1305,81757.0,21.34,21.26
2012-10-09,SB1305,21.32,21.59,21.28,21.32,20347.0,,NO.11糖1305,81791.0,21.35,21.32
2012-10-10,SB1305,21.33,21.4,20.85,21.04,13932.0,,NO.11糖1305,82849.0,21.23,21.04
2012-10-11,SB1305,21.14,21.14,20.18,20.43,26047.0,,NO.11糖1305,84024.0,20.38,20.43
2012-10-12,SB1305,20.41,20.53,19.84,20.05,13327.0,,NO.11糖1305,83312.0,20.0,20.05
2012-10-15,SB1305,19.99,20.06,19.77,19.79,11606.0,,NO.11糖1305,84539.0,19.79,19.79
2012-10-16,SB1305,19.85,20.13,19.82,20.07,9238.0,,NO.11糖1305,86076.0,20.08,20.07
2012-10-17,SB1305,20.08,20.2,19.94,20.02,9502.0,,NO.11糖1305,86544.0,20.06,20.02
2012-10-18,SB1305,20.06,20.1,19.64,19.87,11630.0,,NO.11糖1305,87886.0,19.73,19.87
2012-10-19,SB1305,19.87,20.38,19.64,20.2,10888.0,,NO.11糖1305,89014.0,20.14,20.2
2012-10-22,SB1305,20.17,20.41,19.86,19.9,10121.0,,NO.11糖1305,89728.0,19.96,19.9
2012-10-23,SB1305,19.89,19.94,19.47,19.59,18021.0,,NO.11糖1305,90372.0,19.55,19.59
2012-10-24,SB1305,19.65,19.74,19.36,19.62,17411.0,,NO.11糖1305,89426.0,19.59,19.62
2012-10-25,SB1305,19.75,19.83,19.39,19.49,9401.0,,NO.11糖1305,89760.0,19.44,19.49
2012-10-26,SB1305,19.43,19.55,19.22,19.35,9630.0,,NO.11糖1305,91335.0,19.29,19.35
2012-10-29,SB1305,19.37,19.41,19.21,19.36,8499.0,,NO.11糖1305,92087.0,19.32,19.36
2012-10-30,SB1305,19.37,19.56,19.34,19.49,6569.0,,NO.11糖1305,91892.0,19.47,19.49
2012-10-31,SB1305,19.5,19.54,19.13,19.42,15763.0,,NO.11糖1305,91837.0,19.4,19.42
2012-11-01,SB1305,19.48,19.48,19.23,19.36,11497.0,,NO.11糖1305,89676.0,19.32,19.36
2012-11-02,SB1305,19.37,19.43,19.28,19.37,15659.0,,NO.11糖1305,90489.0,19.4,19.37
2012-11-05,SB1305,19.41,19.45,19.24,19.35,17115.0,,NO.11糖1305,93593.0,19.32,19.35
2012-11-06,SB1305,19.39,19.76,19.24,19.61,26738.0,,NO.11糖1305,95574.0,19.64,19.61
2012-11-07,SB1305,19.69,19.69,19.06,19.1,27125.0,,NO.11糖1305,96143.0,19.08,19.1
2012-11-08,SB1305,19.13,19.2,18.82,18.97,25986.0,,NO.11糖1305,97358.0,18.96,18.97
2012-11-09,SB1305,19.11,19.32,18.79,19.21,19344.0,,NO.11糖1305,98094.0,19.13,19.21
2012-11-12,SB1305,19.23,19.52,19.08,19.34,20524.0,,NO.11糖1305,101455.0,19.38,19.34
2012-11-13,SB1305,19.39,19.66,19.27,19.38,15568.0,,NO.11糖1305,103381.0,19.42,19.38
2012-11-14,SB1305,19.4,19.63,19.23,19.24,8377.0,,NO.11糖1305,103805.0,19.29,19.24
2012-11-15,SB1305,19.26,19.29,19.03,19.08,15335.0,,NO.11糖1305,104927.0,19.09,19.08
2012-11-16,SB1305,19.09,19.22,18.97,19.14,6878.0,,NO.11糖1305,105976.0,19.18,19.14
2012-11-19,SB1305,19.27,19.91,19.27,19.85,27207.0,,NO.11糖1305,105777.0,19.87,19.85
2012-11-20,SB1305,19.79,19.96,19.69,19.82,9379.0,,NO.11糖1305,105175.0,19.85,19.82
2012-11-21,SB1305,19.82,19.82,19.53,19.6,11399.0,,NO.11糖1305,105343.0,19.6,19.6
2012-11-23,SB1305,19.71,19.84,19.14,19.23,12355.0,,NO.11糖1305,106844.0,19.17,19.23
2012-11-26,SB1305,19.17,19.35,19.09,19.18,10075.0,,NO.11糖1305,107096.0,19.19,19.18
2012-11-27,SB1305,19.29,19.49,19.14,19.31,11954.0,,NO.11糖1305,108588.0,19.28,19.31
2012-11-28,SB1305,19.33,19.39,19.12,19.16,10037.0,,NO.11糖1305,110679.0,19.21,19.16
2012-11-29,SB1305,19.26,19.42,19.2,19.35,8061.0,,NO.11糖1305,111626.0,19.39,19.35
2012-11-30,SB1305,19.36,19.46,19.23,19.34,14550.0,,NO.11糖1305,113565.0,19.38,19.34
2012-12-03,SB1305,19.48,19.91,19.42,19.69,18368.0,,NO.11糖1305,115429.0,19.74,19.69
2012-12-04,SB1305,19.66,19.87,19.33,19.43,13509.0,,NO.11糖1305,116426.0,19.42,19.43
2012-12-05,SB1305,19.44,19.66,19.3,19.56,12020.0,,NO.11糖1305,117915.0,19.59,19.56
2012-12-06,SB1305,19.59,19.61,19.35,19.37,14450.0,,NO.11糖1305,119620.0,19.44,19.37
2012-12-07,SB1305,19.44,19.44,19.12,19.32,24768.0,,NO.11糖1305,121595.0,19.35,19.32
2012-12-10,SB1305,19.25,19.34,18.87,18.93,22685.0,,NO.11糖1305,121999.0,18.91,18.93
2012-12-11,SB1305,19.0,19.06,18.86,19.05,12671.0,,NO.11糖1305,124108.0,19.02,19.05
2012-12-12,SB1305,19.05,19.05,18.68,18.68,19485.0,,NO.11糖1305,125254.0,18.71,18.68
2012-12-13,SB1305,18.74,18.78,18.48,18.77,11801.0,,NO.11糖1305,126588.0,18.7,18.77
2012-12-14,SB1305,18.75,19.16,18.74,19.09,13187.0,,NO.11糖1305,127655.0,19.13,19.09
2012-12-17,SB1305,19.16,19.51,19.16,19.45,13724.0,,NO.11糖1305,128753.0,19.5,19.45
2012-12-18,SB1305,19.51,19.54,19.15,19.44,14081.0,,NO.11糖1305,129450.0,19.52,19.44
2012-12-19,SB1305,19.5,19.57,19.27,19.33,8729.0,,NO.11糖1305,129361.0,19.34,19.33
2012-12-20,SB1305,19.38,19.39,18.95,19.35,12227.0,,NO.11糖1305,129889.0,19.36,19.35
2012-12-21,SB1305,19.4,19.47,19.22,19.22,10145.0,,NO.11糖1305,128249.0,19.4,19.22
2012-12-24,SB1305,19.27,19.42,19.15,19.17,5356.0,,NO.11糖1305,126801.0,19.17,19.17
2012-12-26,SB1305,19.18,19.38,19.18,19.25,2389.0,,NO.11糖1305,126632.0,19.22,19.25
2012-12-27,SB1305,19.23,19.63,19.2,19.62,10288.0,,NO.11糖1305,126636.0,19.58,19.62
2012-12-28,SB1305,19.42,19.67,19.42,19.54,5228.0,,NO.11糖1305,126496.0,19.53,19.54
2012-12-31,SB1305,19.4,19.68,19.39,19.63,5574.0,,NO.11糖1305,125403.0,19.6,19.63
2013-01-02,SB1305,19.7,19.8,19.68,19.76,11717.0,,NO.11糖1305,125682.0,19.76,19.76
2013-01-03,SB1305,19.72,19.78,19.03,19.2,17544.0,,NO.11糖1305,125183.0,19.23,19.2
2013-01-04,SB1305,19.18,19.2,18.94,19.02,13910.0,,NO.11糖1305,125065.0,19.0,19.02
2013-01-07,SB1305,19.15,19.19,18.89,19.12,23143.0,,NO.11糖1305,126078.0,19.08,19.12
2013-01-08,SB1305,19.15,19.23,18.89,18.91,30125.0,,NO.11糖1305,129545.0,18.94,18.91
2013-01-09,SB1305,18.97,19.06,18.78,19.02,24143.0,,NO.11糖1305,130483.0,18.98,19.02
2013-01-10,SB1305,19.08,19.23,18.98,19.22,29034.0,,NO.11糖1305,128734.0,19.21,19.22
2013-01-11,SB1305,19.19,19.38,19.09,19.36,17576.0,,NO.11糖1305,130722.0,19.36,19.36
2013-01-14,SB1305,19.29,19.36,19.02,19.1,16302.0,,NO.11糖1305,131208.0,19.14,19.1
2013-01-15,SB1305,19.05,19.12,18.85,18.95,26714.0,,NO.11糖1305,136850.0,18.87,18.95
2013-01-16,SB1305,18.94,18.98,18.57,18.73,26540.0,,NO.11糖1305,142264.0,18.68,18.73
2013-01-17,SB1305,18.74,18.76,18.56,18.59,21188.0,,NO.11糖1305,148728.0,18.6,18.59
2013-01-18,SB1305,18.67,18.75,18.5,18.59,23928.0,,NO.11糖1305,156808.0,18.52,18.59
2013-01-22,SB1305,18.56,18.58,18.22,18.27,34014.0,,NO.11糖1305,162404.0,18.24,18.27
2013-01-23,SB1305,18.27,18.63,18.19,18.57,24910.0,,NO.11糖1305,167304.0,18.53,18.57
2013-01-24,SB1305,18.59,18.59,18.3,18.51,38240.0,,NO.11糖1305,173621.0,18.46,18.51
2013-01-25,SB1305,18.5,18.5,18.3,18.39,25501.0,,NO.11糖1305,177738.0,18.42,18.39
2013-01-28,SB1305,18.41,18.9,18.36,18.75,34682.0,,NO.11糖1305,178358.0,18.72,18.75
2013-01-29,SB1305,18.72,18.77,18.34,18.42,28357.0,,NO.11糖1305,178813.0,18.44,18.42
2013-01-30,SB1305,18.51,18.77,18.35,18.67,43618.0,,NO.11糖1305,182210.0,18.74,18.67
2013-01-31,SB1305,18.75,18.89,18.52,18.88,41314.0,,NO.11糖1305,191979.0,18.84,18.88
2013-02-01,SB1305,18.9,19.02,18.75,18.76,35693.0,,NO.11糖1305,198518.0,18.93,18.76
2013-02-04,SB1305,18.83,18.98,18.75,18.8,45079.0,,NO.11糖1305,203310.0,18.77,18.8
2013-02-05,SB1305,18.77,18.91,18.61,18.63,35155.0,,NO.11糖1305,210088.0,18.64,18.63
2013-02-06,SB1305,18.67,18.68,18.21,18.24,47302.0,,NO.11糖1305,220637.0,18.22,18.24
2013-02-07,SB1305,18.24,18.31,18.15,18.2,53993.0,,NO.11糖1305,232847.0,18.2,18.2
2013-02-08,SB1305,18.2,18.29,18.06,18.23,43651.0,,NO.11糖1305,245464.0,18.2,18.23
2013-02-11,SB1305,18.28,18.5,18.21,18.48,60677.0,,NO.11糖1305,268667.0,18.46,18.48
2013-02-12,SB1305,18.49,18.49,18.04,18.07,74534.0,,NO.11糖1305,289015.0,18.07,18.07
2013-02-13,SB1305,18.14,18.28,18.06,18.19,70031.0,,NO.11糖1305,307828.0,18.2,18.19
2013-02-14,SB1305,18.27,18.28,17.76,17.86,87255.0,,NO.11糖1305,317594.0,17.77,17.86
2013-02-15,SB1305,17.82,17.94,17.67,17.73,76481.0,,NO.11糖1305,325613.0,17.74,17.73
2013-02-19,SB1305,17.9,18.07,17.8,17.9,66296.0,,NO.11糖1305,331029.0,17.96,17.9
2013-02-20,SB1305,17.95,18.23,17.82,18.06,67047.0,,NO.11糖1305,332944.0,18.13,18.06
2013-02-21,SB1305,18.06,18.11,17.8,17.92,60333.0,,NO.11糖1305,341803.0,17.9,17.92
2013-02-22,SB1305,18.08,18.24,17.96,18.16,58745.0,,NO.11糖1305,338217.0,18.15,18.16
2013-02-25,SB1305,18.3,18.46,18.02,18.05,81688.0,,NO.11糖1305,349820.0,18.09,18.05
2013-02-26,SB1305,17.97,18.11,17.9,18.06,55010.0,,NO.11糖1305,355753.0,18.05,18.06
2013-02-27,SB1305,18.07,18.19,17.97,18.05,43741.0,,NO.11糖1305,356635.0,18.08,18.05
2013-02-28,SB1305,18.08,18.59,17.94,18.37,87212.0,,NO.11糖1305,359699.0,18.39,18.37
2013-03-01,SB1305,18.34,18.39,17.88,17.91,62451.0,,NO.11糖1305,360973.0,17.91,17.91
2013-03-04,SB1305,17.91,18.14,17.91,18.1,29421.0,,NO.11糖1305,359304.0,18.08,18.1
2013-03-05,SB1305,18.15,18.28,18.07,18.18,42230.0,,NO.11糖1305,351995.0,18.19,18.18
2013-03-06,SB1305,18.19,18.24,18.11,18.18,39114.0,,NO.11糖1305,341749.0,18.2,18.18
2013-03-07,SB1305,18.14,18.81,18.12,18.77,94355.0,,NO.11糖1305,339744.0,18.77,18.77
2013-03-08,SB1305,18.74,19.05,18.58,18.69,82188.0,,NO.11糖1305,331701.0,18.75,18.69
2013-03-11,SB1305,18.75,18.96,18.67,18.91,44080.0,,NO.11糖1305,329962.0,18.82,18.91
2013-03-12,SB1305,18.84,18.91,18.48,18.8,45435.0,,NO.11糖1305,326655.0,18.82,18.8
2013-03-13,SB1305,18.82,18.89,18.64,18.77,29375.0,,NO.11糖1305,324168.0,18.8,18.77
2013-03-14,SB1305,18.76,18.88,18.59,18.86,33717.0,,NO.11糖1305,323938.0,18.84,18.86
2013-03-15,SB1305,18.84,19.12,18.72,18.81,60336.0,,NO.11糖1305,324542.0,18.89,18.81
2013-03-18,SB1305,18.71,18.73,18.24,18.27,75737.0,,NO.11糖1305,316929.0,18.29,18.27
2013-03-19,SB1305,18.35,18.4,18.26,18.34,35794.0,,NO.11糖1305,316710.0,18.31,18.34
2013-03-20,SB1305,18.41,18.49,18.32,18.32,32096.0,,NO.11糖1305,316931.0,18.35,18.32
2013-03-21,SB1305,18.4,18.49,18.13,18.2,44367.0,,NO.11糖1305,316701.0,18.21,18.2
2013-03-22,SB1305,18.25,18.38,18.15,18.17,34261.0,,NO.11糖1305,319758.0,18.2,18.17
2013-03-25,SB1305,18.21,18.22,17.93,17.95,45249.0,,NO.11糖1305,322732.0,17.97,17.95
2013-03-26,SB1305,17.97,18.01,17.77,17.85,51930.0,,NO.11糖1305,328177.0,17.78,17.85
2013-03-27,SB1305,17.78,17.95,17.75,17.92,52476.0,,NO.11糖1305,322517.0,17.85,17.92
2013-03-28,SB1305,17.95,17.95,17.56,17.62,64490.0,,NO.11糖1305,0.0,17.66,17.62
2013-04-01,SB1305,17.7,17.79,17.63,17.66,34655.0,,NO.11糖1305,308302.0,17.69,17.66
2013-04-02,SB1305,17.69,17.74,17.5,17.57,52809.0,,NO.11糖1305,305807.0,17.59,17.57
2013-04-03,SB1305,17.59,17.71,17.47,17.51,44331.0,,NO.11糖1305,298353.0,17.5,17.51
2013-04-04,SB1305,17.54,17.74,17.5,17.68,58037.0,,NO.11糖1305,286552.0,17.67,17.68
2013-04-05,SB1305,17.67,17.76,17.61,17.73,58279.0,,NO.11糖1305,279575.0,17.65,17.73
2013-04-08,SB1305,17.84,17.88,17.56,17.7,65259.0,,NO.11糖1305,267367.0,17.7,17.7
2013-04-09,SB1305,17.73,17.79,17.61,17.75,59846.0,,NO.11糖1305,249744.0,17.72,17.75
2013-04-10,SB1305,17.79,17.94,17.76,17.86,72219.0,,NO.11糖1305,229669.0,17.9,17.86
2013-04-11,SB1305,17.89,17.91,17.71,17.82,82933.0,,NO.11糖1305,203351.0,17.84,17.82
2013-04-12,SB1305,17.84,18.15,17.8,18.06,103866.0,,NO.11糖1305,165136.0,18.03,18.06
2013-04-15,SB1305,17.99,18.08,17.74,17.79,88327.0,,NO.11糖1305,143362.0,17.79,17.79
2013-04-16,SB1305,17.77,18.02,17.74,17.9,54361.0,,NO.11糖1305,126154.0,18.01,17.9
2013-04-17,SB1305,17.89,17.98,17.77,17.77,43435.0,,NO.11糖1305,117251.0,17.85,17.77
2013-04-18,SB1305,17.76,17.92,17.55,17.65,48451.0,,NO.11糖1305,104188.0,17.69,17.65
2013-04-19,SB1305,17.62,18.02,17.55,17.95,35855.0,,NO.11糖1305,91395.0,17.97,17.95
2013-04-22,SB1305,17.89,17.91,17.74,17.89,28922.0,,NO.11糖1305,79768.0,17.87,17.89
2013-04-23,SB1305,17.81,17.9,17.71,17.72,40808.0,,NO.11糖1305,73162.0,17.74,17.72
2013-04-24,SB1305,17.8,17.8,17.38,17.38,50578.0,,NO.11糖1305,61954.0,17.4,17.38
2013-04-25,SB1305,17.4,17.47,17.25,17.4,30509.0,,NO.11糖1305,57936.0,17.41,17.4
2013-04-26,SB1305,17.41,17.48,17.26,17.29,45910.0,,NO.11糖1305,39602.0,17.36,17.29
2013-04-29,SB1305,17.33,17.55,17.13,17.5,33807.0,,NO.11糖1305,31817.0,17.49,17.5
2013-04-30,SB1305,17.42,17.77,17.42,17.7,5770.0,,NO.11糖1305,28210.0,17.67,17.7
