date,symbol,open,high,low,close,volume,amount,name,openinterest,settleprice,price
2011-08-01,SB1407,,,,20.9,0.0,,NO.11糖1407,0.0,20.9,20.9
2011-08-02,SB1407,21.17,21.17,21.17,21.17,1.0,,NO.11糖1407,1.0,20.96,21.17
2011-08-03,SB1407,,,,21.01,0.0,,NO.11糖1407,1.0,21.01,21.01
2011-08-04,SB1407,21.25,21.25,21.13,21.25,11.0,,NO.11糖1407,12.0,21.17,21.25
2011-08-05,SB1407,,,,21.21,0.0,,NO.11糖1407,12.0,21.21,21.21
2011-08-08,SB1407,21.15,21.15,21.15,21.15,2.0,,NO.11糖1407,14.0,21.06,21.15
2011-08-09,SB1407,21.17,21.17,21.17,21.17,1.0,,NO.11糖1407,15.0,21.05,21.17
2011-08-10,SB1407,,,,20.96,0.0,,NO.11糖1407,15.0,20.96,20.96
2011-08-11,SB1407,20.84,21.08,20.84,21.08,24.0,,NO.11糖1407,38.0,20.87,21.08
2011-08-12,SB1407,21.07,21.25,21.03,21.25,28.0,,NO.11糖1407,62.0,21.23,21.25
2011-08-15,SB1407,21.4,21.4,21.18,21.25,21.0,,NO.11糖1407,65.0,21.36,21.25
2011-08-16,SB1407,21.4,21.4,21.4,21.4,8.0,,NO.11糖1407,69.0,21.45,21.4
2011-08-17,SB1407,21.3,21.7,21.3,21.7,46.0,,NO.11糖1407,107.0,21.77,21.7
2011-08-18,SB1407,21.65,21.66,21.55,21.6,33.0,,NO.11糖1407,140.0,21.58,21.6
2011-08-19,SB1407,21.55,21.55,21.55,21.55,23.0,,NO.11糖1407,155.0,21.68,21.55
2011-08-22,SB1407,21.62,21.62,21.58,21.58,20.0,,NO.11糖1407,155.0,21.72,21.58
2011-08-23,SB1407,21.53,21.53,21.5,21.5,8.0,,NO.11糖1407,161.0,21.66,21.5
2011-08-24,SB1407,21.82,21.82,21.62,21.62,29.0,,NO.11糖1407,178.0,21.69,21.62
2011-08-25,SB1407,,,,21.8,0.0,,NO.11糖1407,178.0,21.8,21.8
2011-08-26,SB1407,21.78,22.1,21.78,22.1,36.0,,NO.11糖1407,213.0,22.18,22.1
2011-08-29,SB1407,22.05,22.22,22.05,22.22,109.0,,NO.11糖1407,320.0,22.17,22.22
2011-08-30,SB1407,22.08,22.14,22.08,22.14,31.0,,NO.11糖1407,351.0,22.16,22.14
2011-08-31,SB1407,,,,22.39,0.0,,NO.11糖1407,351.0,22.39,22.39
2011-09-01,SB1407,,,,22.23,0.0,,NO.11糖1407,351.0,22.23,22.23
2011-09-02,SB1407,,,,22.51,0.0,,NO.11糖1407,351.0,22.51,22.51
2011-09-06,SB1407,,,,22.1,0.0,,NO.11糖1407,351.0,22.1,22.1
2011-09-07,SB1407,21.95,21.95,21.95,21.95,1.0,,NO.11糖1407,351.0,22.01,21.95
2011-09-08,SB1407,22.17,22.17,22.16,22.16,46.0,,NO.11糖1407,372.0,21.97,22.16
2011-09-09,SB1407,22.01,22.01,22.0,22.0,2.0,,NO.11糖1407,372.0,22.21,22.0
2011-09-12,SB1407,22.04,22.15,22.04,22.08,178.0,,NO.11糖1407,550.0,22.28,22.08
2011-09-13,SB1407,21.97,22.15,21.96,22.03,33.0,,NO.11糖1407,583.0,22.06,22.03
2011-09-14,SB1407,21.97,21.97,21.97,21.97,1.0,,NO.11糖1407,583.0,22.2,21.97
2011-09-15,SB1407,22.06,22.3,22.06,22.28,14.0,,NO.11糖1407,595.0,22.38,22.28
2011-09-16,SB1407,22.18,22.18,22.08,22.09,14.0,,NO.11糖1407,601.0,22.1,22.09
2011-09-19,SB1407,22.06,22.11,21.99,22.0,28.0,,NO.11糖1407,629.0,21.99,22.0
2011-09-20,SB1407,21.93,21.96,21.92,21.93,45.0,,NO.11糖1407,674.0,21.7,21.93
2011-09-21,SB1407,21.7,21.9,21.68,21.8,26.0,,NO.11糖1407,687.0,21.71,21.8
2011-09-22,SB1407,21.42,21.5,21.33,21.47,240.0,,NO.11糖1407,916.0,21.36,21.47
2011-09-23,SB1407,21.31,21.31,21.16,21.16,122.0,,NO.11糖1407,969.0,21.13,21.16
2011-09-26,SB1407,,,,21.2,0.0,,NO.11糖1407,969.0,21.2,21.2
2011-09-27,SB1407,21.4,21.5,21.4,21.5,3.0,,NO.11糖1407,969.0,21.53,21.5
2011-09-28,SB1407,21.78,21.82,21.43,21.6,61.0,,NO.11糖1407,1012.0,21.6,21.6
2011-09-29,SB1407,21.8,22.29,21.8,22.2,237.0,,NO.11糖1407,1228.0,22.07,22.2
2011-09-30,SB1407,21.77,21.77,21.45,21.45,61.0,,NO.11糖1407,1270.0,21.5,21.45
2011-10-03,SB1407,21.35,21.44,21.35,21.44,11.0,,NO.11糖1407,1280.0,21.1,21.44
2011-10-04,SB1407,,,,21.29,0.0,,NO.11糖1407,1280.0,21.29,21.29
2011-10-05,SB1407,,,,21.2,50.0,,NO.11糖1407,1325.0,21.2,21.2
2011-10-06,SB1407,21.38,21.6,21.22,21.44,51.0,,NO.11糖1407,1331.0,21.27,21.44
2011-10-07,SB1407,21.6,21.7,21.6,21.7,2.0,,NO.11糖1407,1331.0,21.51,21.7
2011-10-10,SB1407,21.8,21.95,21.8,21.95,16.0,,NO.11糖1407,1325.0,22.02,21.95
2011-10-11,SB1407,21.77,21.84,21.69,21.84,26.0,,NO.11糖1407,1348.0,21.78,21.84
2011-10-12,SB1407,21.92,22.0,21.92,21.95,30.0,,NO.11糖1407,1348.0,22.0,21.95
2011-10-13,SB1407,22.07,22.72,22.07,22.72,112.0,,NO.11糖1407,1429.0,22.81,22.72
2011-10-14,SB1407,22.81,23.22,22.81,23.22,66.0,,NO.11糖1407,1469.0,23.22,23.22
2011-10-17,SB1407,22.97,23.15,22.97,23.0,68.0,,NO.11糖1407,1524.0,23.11,23.0
2011-10-18,SB1407,22.86,22.86,22.86,22.86,1.0,,NO.11糖1407,1524.0,22.88,22.86
2011-10-19,SB1407,22.71,22.94,22.65,22.72,42.0,,NO.11糖1407,1561.0,22.67,22.72
2011-10-20,SB1407,22.26,22.92,22.19,22.92,16.0,,NO.11糖1407,1564.0,22.91,22.92
2011-10-21,SB1407,23.05,23.12,22.63,22.9,60.0,,NO.11糖1407,1592.0,22.71,22.9
2011-10-24,SB1407,22.83,23.2,22.83,23.07,13.0,,NO.11糖1407,1588.0,23.07,23.07
2011-10-25,SB1407,23.2,23.36,23.16,23.16,12.0,,NO.11糖1407,1588.0,23.0,23.16
2011-10-26,SB1407,23.2,23.2,23.0,23.12,7.0,,NO.11糖1407,1588.0,23.03,23.12
2011-10-27,SB1407,23.2,23.64,23.16,23.64,34.0,,NO.11糖1407,1587.0,23.48,23.64
2011-10-28,SB1407,23.28,23.38,23.25,23.25,4.0,,NO.11糖1407,1587.0,23.24,23.25
2011-10-31,SB1407,23.26,23.26,23.08,23.08,7.0,,NO.11糖1407,1587.0,23.15,23.08
2011-11-01,SB1407,23.1,23.2,23.03,23.2,20.0,,NO.11糖1407,1575.0,23.02,23.2
2011-11-02,SB1407,23.1,23.15,23.01,23.05,14.0,,NO.11糖1407,1580.0,22.99,23.05
2011-11-03,SB1407,23.16,23.17,23.16,23.17,40.0,,NO.11糖1407,1566.0,23.13,23.17
2011-11-04,SB1407,23.15,23.22,23.15,23.15,21.0,,NO.11糖1407,1567.0,23.16,23.15
2011-11-07,SB1407,23.16,23.16,23.09,23.09,12.0,,NO.11糖1407,1575.0,23.1,23.09
2011-11-08,SB1407,23.3,23.5,23.3,23.5,31.0,,NO.11糖1407,1574.0,23.51,23.5
2011-11-09,SB1407,,,,23.25,0.0,,NO.11糖1407,1573.0,23.25,23.25
2011-11-10,SB1407,23.04,23.1,23.04,23.1,20.0,,NO.11糖1407,1593.0,23.21,23.1
2011-11-11,SB1407,23.14,23.21,23.14,23.21,15.0,,NO.11糖1407,1593.0,23.21,23.21
2011-11-14,SB1407,23.15,23.18,22.97,22.97,20.0,,NO.11糖1407,1613.0,22.87,22.97
2011-11-15,SB1407,23.0,23.0,22.9,22.9,37.0,,NO.11糖1407,1576.0,22.97,22.9
2011-11-16,SB1407,22.98,22.98,22.9,22.9,11.0,,NO.11糖1407,1576.0,22.9,22.9
2011-11-17,SB1407,22.8,22.8,22.74,22.74,8.0,,NO.11糖1407,1575.0,22.66,22.74
2011-11-18,SB1407,22.65,22.65,22.65,22.65,27.0,,NO.11糖1407,1586.0,22.61,22.65
2011-11-21,SB1407,22.56,22.79,22.56,22.79,10.0,,NO.11糖1407,1595.0,22.68,22.79
2011-11-22,SB1407,22.69,22.69,22.46,22.67,201.0,,NO.11糖1407,1783.0,22.62,22.67
2011-11-23,SB1407,22.64,22.65,22.45,22.46,40.0,,NO.11糖1407,1812.0,22.47,22.46
2011-11-25,SB1407,22.3,22.3,22.3,22.3,50.0,,NO.11糖1407,1831.0,22.22,22.3
2011-11-28,SB1407,22.35,22.5,22.35,22.5,114.0,,NO.11糖1407,1879.0,22.5,22.5
2011-11-29,SB1407,22.8,22.84,22.74,22.74,473.0,,NO.11糖1407,2090.0,22.7,22.74
2011-11-30,SB1407,22.97,23.08,22.97,23.07,127.0,,NO.11糖1407,2144.0,23.11,23.07
2011-12-01,SB1407,22.98,23.1,22.96,23.1,210.0,,NO.11糖1407,2327.0,23.27,23.1
2011-12-02,SB1407,23.3,23.3,23.3,23.3,15.0,,NO.11糖1407,2342.0,23.1,23.3
2011-12-05,SB1407,22.99,23.18,22.99,23.18,21.0,,NO.11糖1407,2361.0,23.18,23.18
2011-12-06,SB1407,23.0,23.18,23.0,23.18,23.0,,NO.11糖1407,2368.0,23.17,23.18
2011-12-07,SB1407,22.97,23.01,22.97,23.01,16.0,,NO.11糖1407,2374.0,22.53,23.01
2011-12-08,SB1407,23.05,23.23,23.05,23.23,27.0,,NO.11糖1407,2392.0,23.24,23.23
2011-12-09,SB1407,23.11,23.11,23.01,23.01,18.0,,NO.11糖1407,2407.0,22.65,23.01
2011-12-12,SB1407,,,,22.69,65.0,,NO.11糖1407,2471.0,22.69,22.69
2011-12-13,SB1407,22.72,22.92,22.7,22.92,366.0,,NO.11糖1407,2716.0,22.92,22.92
2011-12-14,SB1407,22.68,22.68,22.4,22.4,14.0,,NO.11糖1407,2727.0,22.45,22.4
2011-12-15,SB1407,,,,22.67,34.0,,NO.11糖1407,2728.0,22.67,22.67
2011-12-16,SB1407,22.93,22.95,22.93,22.95,10.0,,NO.11糖1407,2736.0,22.91,22.95
2011-12-19,SB1407,22.75,22.94,22.73,22.93,261.0,,NO.11糖1407,2954.0,22.89,22.93
2011-12-20,SB1407,22.86,23.0,22.75,22.75,103.0,,NO.11糖1407,3012.0,22.99,22.75
2011-12-21,SB1407,22.61,22.61,22.59,22.59,11.0,,NO.11糖1407,3013.0,22.92,22.59
2011-12-22,SB1407,,,,22.97,10.0,,NO.11糖1407,3022.0,22.97,22.97
2011-12-23,SB1407,22.8,22.8,22.8,22.8,23.0,,NO.11糖1407,3031.0,22.83,22.8
2011-12-27,SB1407,,,,22.79,0.0,,NO.11糖1407,3031.0,22.79,22.79
2011-12-28,SB1407,22.77,22.78,22.41,22.72,85.0,,NO.11糖1407,3058.0,22.64,22.72
2011-12-29,SB1407,,,,22.9,0.0,,NO.11糖1407,3058.0,22.9,22.9
2011-12-30,SB1407,22.67,22.67,22.67,22.67,19.0,,NO.11糖1407,3076.0,22.63,22.67
2012-01-03,SB1407,23.04,23.04,23.04,23.04,2.0,,NO.11糖1407,3076.0,23.34,23.04
2012-01-04,SB1407,23.1,23.13,23.08,23.09,57.0,,NO.11糖1407,3099.0,23.18,23.09
2012-01-05,SB1407,23.05,23.05,22.17,22.17,54.0,,NO.11糖1407,3135.0,22.28,22.17
2012-01-06,SB1407,22.5,22.59,22.5,22.59,10.0,,NO.11糖1407,3143.0,22.45,22.59
2012-01-09,SB1407,22.4,22.64,22.17,22.64,41.0,,NO.11糖1407,3179.0,22.63,22.64
2012-01-10,SB1407,22.59,22.66,22.41,22.41,29.0,,NO.11糖1407,3187.0,22.64,22.41
2012-01-11,SB1407,22.77,22.9,22.73,22.9,18.0,,NO.11糖1407,3203.0,22.89,22.9
2012-01-12,SB1407,22.53,22.53,22.53,22.53,3.0,,NO.11糖1407,3206.0,22.56,22.53
2012-01-13,SB1407,22.72,22.98,22.72,22.98,23.0,,NO.11糖1407,3226.0,23.11,22.98
2012-01-17,SB1407,23.18,23.18,23.06,23.06,3.0,,NO.11糖1407,3228.0,23.11,23.06
2012-01-18,SB1407,,,,23.07,1.0,,NO.11糖1407,3229.0,23.07,23.07
2012-01-19,SB1407,,,,22.98,0.0,,NO.11糖1407,3229.0,22.98,22.98
2012-01-20,SB1407,23.0,23.01,23.0,23.0,13.0,,NO.11糖1407,3239.0,23.08,23.0
2012-01-23,SB1407,,,,23.18,8.0,,NO.11糖1407,3246.0,23.18,23.18
2012-01-24,SB1407,23.03,23.03,23.03,23.03,8.0,,NO.11糖1407,3252.0,23.06,23.03
2012-01-25,SB1407,23.05,23.12,23.05,23.11,44.0,,NO.11糖1407,3236.0,23.18,23.11
2012-01-26,SB1407,,,,23.28,49.0,,NO.11糖1407,3216.0,23.28,23.28
2012-01-27,SB1407,,,,23.17,0.0,,NO.11糖1407,3216.0,23.17,23.17
2012-01-30,SB1407,,,,22.86,0.0,,NO.11糖1407,3216.0,22.86,22.86
2012-01-31,SB1407,22.92,23.01,22.92,23.01,9.0,,NO.11糖1407,3219.0,23.04,23.01
2012-02-01,SB1407,23.05,23.2,23.05,23.12,29.0,,NO.11糖1407,3227.0,23.19,23.12
2012-02-02,SB1407,23.09,23.24,23.09,23.2,399.0,,NO.11糖1407,3496.0,23.11,23.2
2012-02-03,SB1407,22.87,23.33,22.85,23.33,73.0,,NO.11糖1407,3530.0,23.31,23.33
2012-02-06,SB1407,23.11,23.34,23.11,23.34,11.0,,NO.11糖1407,3532.0,23.34,23.34
2012-02-07,SB1407,23.15,23.39,23.15,23.34,29.0,,NO.11糖1407,3546.0,23.3,23.34
2012-02-08,SB1407,23.15,23.42,23.15,23.42,5.0,,NO.11糖1407,3542.0,23.38,23.42
2012-02-09,SB1407,23.39,23.43,23.35,23.43,417.0,,NO.11糖1407,3530.0,23.36,23.43
2012-02-10,SB1407,23.17,23.66,23.15,23.64,200.0,,NO.11糖1407,3641.0,23.62,23.64
2012-02-13,SB1407,23.59,23.59,23.56,23.56,398.0,,NO.11糖1407,3913.0,23.68,23.56
2012-02-14,SB1407,23.44,23.46,23.43,23.44,30.0,,NO.11糖1407,3912.0,23.46,23.44
2012-02-15,SB1407,23.45,23.45,23.45,23.45,61.0,,NO.11糖1407,3961.0,23.55,23.45
2012-02-16,SB1407,23.17,23.33,23.17,23.17,16.0,,NO.11糖1407,3957.0,23.65,23.17
2012-02-17,SB1407,23.58,23.7,23.58,23.7,76.0,,NO.11糖1407,3963.0,23.7,23.7
2012-02-21,SB1407,23.57,23.72,23.57,23.72,9.0,,NO.11糖1407,3962.0,23.72,23.72
2012-02-22,SB1407,23.59,23.77,23.55,23.77,87.0,,NO.11糖1407,3969.0,23.8,23.77
2012-02-23,SB1407,23.65,23.82,23.6,23.82,131.0,,NO.11糖1407,3982.0,23.83,23.82
2012-02-24,SB1407,23.4,23.84,23.4,23.84,97.0,,NO.11糖1407,3989.0,23.84,23.84
2012-02-27,SB1407,23.71,23.86,23.71,23.77,27.0,,NO.11糖1407,3990.0,23.71,23.77
2012-02-28,SB1407,23.68,23.88,23.66,23.88,54.0,,NO.11糖1407,4041.0,23.87,23.88
2012-02-29,SB1407,23.74,23.85,23.63,23.85,110.0,,NO.11糖1407,4119.0,23.84,23.85
2012-03-01,SB1407,23.77,23.85,23.77,23.85,31.0,,NO.11糖1407,4147.0,23.85,23.85
2012-03-02,SB1407,23.75,23.78,23.64,23.76,16.0,,NO.11糖1407,4145.0,23.77,23.76
2012-03-05,SB1407,23.59,23.59,23.59,23.59,4.0,,NO.11糖1407,4144.0,23.53,23.59
2012-03-06,SB1407,,,,23.2,6.0,,NO.11糖1407,4146.0,23.2,23.2
2012-03-07,SB1407,23.17,23.41,23.17,23.35,42.0,,NO.11糖1407,4160.0,23.33,23.35
2012-03-08,SB1407,23.2,23.25,23.2,23.25,13.0,,NO.11糖1407,4152.0,23.14,23.25
2012-03-09,SB1407,23.11,23.23,23.11,23.23,31.0,,NO.11糖1407,4164.0,23.0,23.23
2012-03-12,SB1407,22.93,23.1,22.8,23.1,67.0,,NO.11糖1407,4218.0,23.07,23.1
2012-03-13,SB1407,22.95,22.97,22.86,22.93,24.0,,NO.11糖1407,4237.0,23.23,22.93
2012-03-14,SB1407,23.05,23.17,23.0,23.08,77.0,,NO.11糖1407,4276.0,23.16,23.08
2012-03-15,SB1407,23.05,23.5,23.05,23.5,125.0,,NO.11糖1407,4314.0,23.48,23.5
2012-03-16,SB1407,23.23,23.62,23.23,23.58,79.0,,NO.11糖1407,4358.0,23.58,23.58
2012-03-19,SB1407,23.53,23.53,23.53,23.53,7.0,,NO.11糖1407,4363.0,23.66,23.53
2012-03-20,SB1407,23.53,23.62,23.47,23.47,214.0,,NO.11糖1407,4421.0,23.37,23.47
2012-03-21,SB1407,23.07,23.46,23.07,23.18,69.0,,NO.11糖1407,4437.0,23.18,23.18
2012-03-22,SB1407,23.13,23.35,23.13,23.35,97.0,,NO.11糖1407,4518.0,23.39,23.35
2012-03-23,SB1407,23.3,23.3,23.3,23.3,20.0,,NO.11糖1407,4518.0,23.33,23.3
2012-03-26,SB1407,23.33,23.33,23.29,23.29,112.0,,NO.11糖1407,4576.0,23.28,23.29
2012-03-27,SB1407,23.28,23.32,23.1,23.25,51.0,,NO.11糖1407,4594.0,23.21,23.25
2012-03-28,SB1407,23.0,23.07,23.0,23.05,86.0,,NO.11糖1407,4620.0,23.01,23.05
2012-03-29,SB1407,22.99,22.99,22.99,22.99,1.0,,NO.11糖1407,4621.0,23.18,22.99
2012-03-30,SB1407,23.03,23.2,23.02,23.15,221.0,,NO.11糖1407,4711.0,23.16,23.15
2012-04-02,SB1407,23.04,23.04,23.04,23.04,17.0,,NO.11糖1407,4714.0,23.25,23.04
2012-04-03,SB1407,23.17,23.19,23.15,23.15,130.0,,NO.11糖1407,4826.0,23.18,23.15
2012-04-04,SB1407,23.18,23.18,22.91,22.91,45.0,,NO.11糖1407,4860.0,23.03,22.91
2012-04-05,SB1407,23.19,23.24,23.19,23.24,115.0,,NO.11糖1407,4885.0,23.24,23.24
2012-04-09,SB1407,,,,23.19,0.0,,NO.11糖1407,4885.0,23.19,23.19
2012-04-10,SB1407,,,,23.08,0.0,,NO.11糖1407,4885.0,23.08,23.08
2012-04-11,SB1407,23.08,23.12,23.08,23.12,6.0,,NO.11糖1407,4890.0,23.12,23.12
2012-04-12,SB1407,,,,23.23,0.0,,NO.11糖1407,4890.0,23.23,23.23
2012-04-13,SB1407,23.23,23.24,23.23,23.23,4.0,,NO.11糖1407,4891.0,22.79,23.23
2012-04-16,SB1407,22.64,22.64,22.43,22.43,12.0,,NO.11糖1407,4901.0,22.43,22.43
2012-04-17,SB1407,,,,22.65,0.0,,NO.11糖1407,4901.0,22.65,22.65
2012-04-18,SB1407,22.41,22.41,22.17,22.18,6.0,,NO.11糖1407,4899.0,22.24,22.18
2012-04-19,SB1407,22.18,22.37,22.17,22.17,317.0,,NO.11糖1407,4881.0,22.22,22.17
2012-04-20,SB1407,,,,22.12,0.0,,NO.11糖1407,4881.0,22.12,22.12
2012-04-23,SB1407,,,,22.09,4.0,,NO.11糖1407,4880.0,22.09,22.09
2012-04-24,SB1407,22.08,22.09,22.08,22.09,11.0,,NO.11糖1407,4872.0,22.07,22.09
2012-04-25,SB1407,22.22,22.24,22.05,22.05,103.0,,NO.11糖1407,4863.0,22.08,22.05
2012-04-26,SB1407,22.1,22.1,21.98,21.98,125.0,,NO.11糖1407,4814.0,22.01,21.98
2012-04-27,SB1407,21.95,22.34,21.9,22.34,142.0,,NO.11糖1407,4775.0,22.18,22.34
2012-04-30,SB1407,22.29,22.3,22.29,22.3,7.0,,NO.11糖1407,4776.0,21.99,22.3
2012-05-01,SB1407,21.94,22.03,21.94,22.02,83.0,,NO.11糖1407,4732.0,22.05,22.02
2012-05-02,SB1407,21.97,21.98,21.96,21.96,35.0,,NO.11糖1407,4742.0,21.9,21.96
2012-05-03,SB1407,21.93,21.97,21.84,21.87,81.0,,NO.11糖1407,4763.0,21.87,21.87
2012-05-04,SB1407,22.05,22.07,21.9,21.9,34.0,,NO.11糖1407,4753.0,22.02,21.9
2012-05-07,SB1407,22.17,22.17,22.04,22.04,7.0,,NO.11糖1407,4752.0,22.14,22.04
2012-05-08,SB1407,22.03,22.03,21.93,21.93,33.0,,NO.11糖1407,4753.0,21.93,21.93
2012-05-09,SB1407,21.93,21.96,21.88,21.89,37.0,,NO.11糖1407,4739.0,21.88,21.89
2012-05-10,SB1407,22.07,22.09,21.93,21.93,75.0,,NO.11糖1407,4749.0,21.94,21.93
2012-05-11,SB1407,21.72,22.02,21.68,21.85,101.0,,NO.11糖1407,4808.0,21.83,21.85
2012-05-14,SB1407,21.84,21.84,21.79,21.79,21.0,,NO.11糖1407,4820.0,21.87,21.79
2012-05-15,SB1407,22.04,22.11,21.96,21.97,110.0,,NO.11糖1407,4871.0,21.97,21.97
2012-05-16,SB1407,21.94,22.07,21.94,22.07,48.0,,NO.11糖1407,4879.0,22.04,22.07
2012-05-17,SB1407,21.94,22.06,21.87,22.04,77.0,,NO.11糖1407,4917.0,22.04,22.04
2012-05-18,SB1407,21.94,22.03,21.81,21.81,52.0,,NO.11糖1407,4942.0,21.82,21.81
2012-05-21,SB1407,21.88,21.91,21.69,21.69,53.0,,NO.11糖1407,4953.0,21.73,21.69
2012-05-22,SB1407,21.62,21.65,21.55,21.55,65.0,,NO.11糖1407,4985.0,21.56,21.55
2012-05-23,SB1407,21.55,21.55,21.33,21.49,379.0,,NO.11糖1407,5204.0,21.45,21.49
2012-05-24,SB1407,21.31,21.44,21.31,21.4,43.0,,NO.11糖1407,5205.0,21.34,21.4
2012-05-25,SB1407,21.44,21.44,21.26,21.26,8.0,,NO.11糖1407,5207.0,21.33,21.26
2012-05-29,SB1407,21.26,21.29,21.16,21.24,49.0,,NO.11糖1407,5252.0,21.27,21.24
2012-05-30,SB1407,21.21,21.21,21.12,21.18,67.0,,NO.11糖1407,5280.0,21.16,21.18
2012-05-31,SB1407,21.22,21.22,21.1,21.1,40.0,,NO.11糖1407,5302.0,21.12,21.1
2012-06-01,SB1407,21.0,21.03,20.82,20.95,359.0,,NO.11糖1407,5332.0,20.93,20.95
2012-06-04,SB1407,21.02,21.02,20.98,20.98,7.0,,NO.11糖1407,5328.0,21.04,20.98
2012-06-05,SB1407,21.0,21.02,20.99,21.0,61.0,,NO.11糖1407,5314.0,21.01,21.0
2012-06-06,SB1407,21.02,21.08,21.01,21.07,31.0,,NO.11糖1407,5307.0,21.28,21.07
2012-06-07,SB1407,21.18,21.18,20.99,20.99,27.0,,NO.11糖1407,5317.0,21.15,20.99
2012-06-08,SB1407,21.1,21.15,21.02,21.15,117.0,,NO.11糖1407,5361.0,21.13,21.15
2012-06-11,SB1407,21.2,21.2,21.0,21.0,117.0,,NO.11糖1407,5386.0,21.1,21.0
2012-06-12,SB1407,21.06,21.13,20.87,20.95,72.0,,NO.11糖1407,5400.0,21.03,20.95
2012-06-13,SB1407,20.8,20.83,20.6,20.63,75.0,,NO.11糖1407,5436.0,21.02,20.63
2012-06-14,SB1407,20.94,20.94,20.88,20.88,24.0,,NO.11糖1407,5449.0,20.8,20.88
2012-06-15,SB1407,20.92,21.0,20.9,21.0,89.0,,NO.11糖1407,5404.0,21.08,21.0
2012-06-18,SB1407,21.04,21.04,20.58,20.66,233.0,,NO.11糖1407,5487.0,20.68,20.66
2012-06-19,SB1407,20.88,21.0,20.82,21.0,25.0,,NO.11糖1407,5483.0,21.01,21.0
2012-06-20,SB1407,20.95,21.06,20.9,21.04,26.0,,NO.11糖1407,5484.0,21.05,21.04
2012-06-21,SB1407,20.94,21.05,20.92,20.92,8.0,,NO.11糖1407,5483.0,21.05,20.92
2012-06-22,SB1407,20.96,20.96,20.42,20.67,66.0,,NO.11糖1407,5479.0,20.69,20.67
2012-06-25,SB1407,20.74,20.87,20.74,20.74,7.0,,NO.11糖1407,5477.0,20.75,20.74
2012-06-26,SB1407,20.87,20.89,20.87,20.89,6.0,,NO.11糖1407,5478.0,20.86,20.89
2012-06-27,SB1407,21.03,21.22,21.02,21.02,64.0,,NO.11糖1407,5509.0,21.15,21.02
2012-06-28,SB1407,21.25,21.26,20.58,20.58,26.0,,NO.11糖1407,5519.0,20.89,20.58
2012-06-29,SB1407,20.9,21.2,20.85,21.2,234.0,,NO.11糖1407,5455.0,21.16,21.2
2012-07-02,SB1407,21.3,21.34,21.1,21.29,51.0,,NO.11糖1407,5470.0,21.29,21.29
2012-07-03,SB1407,21.36,21.53,21.36,21.49,94.0,,NO.11糖1407,5533.0,21.39,21.49
2012-07-05,SB1407,21.48,21.76,21.48,21.76,275.0,,NO.11糖1407,5469.0,21.72,21.76
2012-07-06,SB1407,21.75,21.82,21.7,21.71,142.0,,NO.11糖1407,5508.0,21.77,21.71
2012-07-09,SB1407,21.8,22.02,21.75,22.02,480.0,,NO.11糖1407,5604.0,22.0,22.02
2012-07-10,SB1407,21.99,22.1,21.99,22.1,181.0,,NO.11糖1407,5667.0,22.01,22.1
2012-07-11,SB1407,22.1,22.11,22.07,22.11,204.0,,NO.11糖1407,5618.0,22.1,22.11
2012-07-12,SB1407,22.11,22.12,22.11,22.12,55.0,,NO.11糖1407,5583.0,21.91,22.12
2012-07-13,SB1407,22.03,22.03,22.0,22.0,4.0,,NO.11糖1407,5579.0,21.99,22.0
2012-07-16,SB1407,21.8,22.09,21.8,22.09,18.0,,NO.11糖1407,5574.0,22.05,22.09
2012-07-17,SB1407,21.99,22.08,21.92,22.08,96.0,,NO.11糖1407,5634.0,22.07,22.08
2012-07-18,SB1407,21.91,22.11,21.85,22.06,58.0,,NO.11糖1407,5625.0,22.1,22.06
2012-07-19,SB1407,22.11,22.13,21.87,22.13,157.0,,NO.11糖1407,5614.0,22.09,22.13
2012-07-20,SB1407,22.04,22.14,22.03,22.14,196.0,,NO.11糖1407,5616.0,21.93,22.14
2012-07-23,SB1407,21.98,22.06,21.93,21.96,25.0,,NO.11糖1407,5617.0,22.04,21.96
2012-07-24,SB1407,22.05,22.09,21.93,22.06,30.0,,NO.11糖1407,5624.0,22.03,22.06
2012-07-25,SB1407,22.04,22.15,21.97,22.15,161.0,,NO.11糖1407,5627.0,22.1,22.15
2012-07-26,SB1407,22.01,22.09,21.5,21.7,113.0,,NO.11糖1407,5673.0,21.73,21.7
2012-07-27,SB1407,21.71,21.93,21.71,21.93,21.0,,NO.11糖1407,5684.0,21.96,21.93
2012-07-30,SB1407,22.02,22.07,22.02,22.05,113.0,,NO.11糖1407,5668.0,21.97,22.05
2012-07-31,SB1407,21.91,21.91,21.86,21.87,29.0,,NO.11糖1407,5686.0,21.88,21.87
2012-08-01,SB1407,21.95,22.03,21.72,22.01,42.0,,NO.11糖1407,5725.0,22.0,22.01
2012-08-02,SB1407,21.9,21.95,21.69,21.95,51.0,,NO.11糖1407,5749.0,21.89,21.95
2012-08-03,SB1407,21.82,21.85,21.69,21.84,42.0,,NO.11糖1407,5764.0,21.87,21.84
2012-08-06,SB1407,21.9,21.93,21.68,21.77,181.0,,NO.11糖1407,5907.0,21.78,21.77
2012-08-07,SB1407,21.77,21.83,21.6,21.6,164.0,,NO.11糖1407,5949.0,21.65,21.6
2012-08-08,SB1407,21.64,21.64,21.47,21.53,132.0,,NO.11糖1407,5986.0,21.49,21.53
2012-08-09,SB1407,21.49,21.49,21.34,21.36,162.0,,NO.11糖1407,5998.0,21.31,21.36
2012-08-10,SB1407,21.2,21.36,21.2,21.28,364.0,,NO.11糖1407,6034.0,21.28,21.28
2012-08-13,SB1407,21.24,21.24,21.02,21.07,481.0,,NO.11糖1407,6188.0,21.04,21.07
2012-08-14,SB1407,21.06,21.08,21.0,21.0,175.0,,NO.11糖1407,6191.0,21.01,21.0
2012-08-15,SB1407,21.2,21.21,21.04,21.12,11.0,,NO.11糖1407,6188.0,21.12,21.12
2012-08-16,SB1407,21.17,21.29,21.17,21.29,49.0,,NO.11糖1407,6147.0,21.27,21.29
2012-08-17,SB1407,,,,21.17,96.0,,NO.11糖1407,6125.0,21.17,21.17
2012-08-20,SB1407,21.19,21.31,21.16,21.31,119.0,,NO.11糖1407,6048.0,21.31,21.31
2012-08-21,SB1407,21.19,21.19,20.93,20.93,171.0,,NO.11糖1407,6096.0,20.92,20.93
2012-08-22,SB1407,20.94,21.01,20.81,20.81,101.0,,NO.11糖1407,6110.0,20.88,20.81
2012-08-23,SB1407,20.86,21.08,20.81,20.91,79.0,,NO.11糖1407,6132.0,20.83,20.91
2012-08-24,SB1407,20.79,20.95,20.78,20.95,76.0,,NO.11糖1407,6150.0,20.89,20.95
2012-08-27,SB1407,21.02,21.02,20.67,20.67,465.0,,NO.11糖1407,6173.0,20.7,20.67
2012-08-28,SB1407,20.89,20.96,20.8,20.8,288.0,,NO.11糖1407,6113.0,20.95,20.8
2012-08-29,SB1407,20.96,21.0,20.6,20.65,266.0,,NO.11糖1407,6058.0,20.66,20.65
2012-08-30,SB1407,20.71,20.98,20.68,20.82,387.0,,NO.11糖1407,5892.0,20.84,20.82
2012-08-31,SB1407,20.85,20.86,20.81,20.86,163.0,,NO.11糖1407,5878.0,20.87,20.86
2012-09-04,SB1407,20.92,20.94,20.7,20.7,162.0,,NO.11糖1407,5814.0,20.68,20.7
2012-09-05,SB1407,20.59,20.7,20.51,20.51,172.0,,NO.11糖1407,5796.0,20.51,20.51
2012-09-06,SB1407,20.54,20.54,20.38,20.38,72.0,,NO.11糖1407,5810.0,20.36,20.38
2012-09-07,SB1407,20.5,20.67,20.45,20.51,96.0,,NO.11糖1407,5815.0,20.53,20.51
2012-09-10,SB1407,20.55,20.85,20.55,20.85,27.0,,NO.11糖1407,5828.0,20.84,20.85
2012-09-11,SB1407,20.83,20.92,20.57,20.57,297.0,,NO.11糖1407,5973.0,20.7,20.57
2012-09-12,SB1407,20.71,20.95,20.71,20.79,185.0,,NO.11糖1407,5988.0,20.8,20.79
2012-09-13,SB1407,20.85,20.93,20.82,20.92,47.0,,NO.11糖1407,6006.0,20.93,20.92
2012-09-14,SB1407,20.95,21.14,20.94,21.13,30.0,,NO.11糖1407,6001.0,21.21,21.13
2012-09-17,SB1407,21.12,21.17,20.97,21.08,158.0,,NO.11糖1407,5971.0,21.07,21.08
2012-09-18,SB1407,20.76,20.8,20.64,20.64,173.0,,NO.11糖1407,6059.0,20.66,20.64
2012-09-19,SB1407,20.48,20.5,20.41,20.49,217.0,,NO.11糖1407,6007.0,20.43,20.49
2012-09-20,SB1407,20.59,20.87,20.51,20.82,497.0,,NO.11糖1407,6174.0,20.81,20.82
2012-09-21,SB1407,20.78,21.05,20.78,20.86,136.0,,NO.11糖1407,6187.0,20.87,20.86
2012-09-24,SB1407,20.95,20.99,20.95,20.97,143.0,,NO.11糖1407,6254.0,20.98,20.97
2012-09-25,SB1407,21.12,21.33,21.12,21.33,213.0,,NO.11糖1407,6262.0,21.33,21.33
2012-09-26,SB1407,21.05,21.39,20.84,20.9,684.0,,NO.11糖1407,6398.0,21.03,20.9
2012-09-27,SB1407,20.87,21.1,20.79,20.95,196.0,,NO.11糖1407,6374.0,20.99,20.95
2012-09-28,SB1407,21.07,21.07,20.8,20.97,203.0,,NO.11糖1407,6341.0,21.0,20.97
2012-10-01,SB1407,20.98,21.42,20.98,21.38,184.0,,NO.11糖1407,6401.0,21.43,21.38
2012-10-02,SB1407,21.37,21.65,21.33,21.65,570.0,,NO.11糖1407,6424.0,21.63,21.65
2012-10-03,SB1407,21.48,21.67,21.42,21.67,155.0,,NO.11糖1407,6487.0,21.67,21.67
2012-10-04,SB1407,21.67,21.72,21.63,21.72,159.0,,NO.11糖1407,6547.0,21.68,21.72
2012-10-05,SB1407,21.63,21.63,21.28,21.62,112.0,,NO.11糖1407,6619.0,21.64,21.62
2012-10-08,SB1407,21.62,21.62,21.62,21.62,63.0,,NO.11糖1407,6652.0,21.49,21.62
2012-10-09,SB1407,21.51,21.51,21.4,21.4,105.0,,NO.11糖1407,6653.0,21.4,21.4
2012-10-10,SB1407,21.28,21.28,21.27,21.27,22.0,,NO.11糖1407,6649.0,21.37,21.27
2012-10-11,SB1407,20.85,20.85,20.67,20.74,383.0,,NO.11糖1407,6743.0,20.73,20.74
2012-10-12,SB1407,20.81,20.81,20.34,20.44,108.0,,NO.11糖1407,6766.0,20.44,20.44
2012-10-15,SB1407,20.32,20.32,20.25,20.25,61.0,,NO.11糖1407,6773.0,20.22,20.25
2012-10-16,SB1407,20.44,20.44,20.3,20.3,56.0,,NO.11糖1407,6759.0,20.33,20.3
2012-10-17,SB1407,20.41,20.42,20.38,20.41,9.0,,NO.11糖1407,6759.0,20.37,20.41
2012-10-18,SB1407,20.35,20.35,20.04,20.06,139.0,,NO.11糖1407,6675.0,20.09,20.06
2012-10-19,SB1407,20.08,20.51,19.98,20.32,68.0,,NO.11糖1407,6662.0,20.36,20.32
2012-10-22,SB1407,20.37,20.37,20.12,20.2,10.0,,NO.11糖1407,6656.0,20.2,20.2
2012-10-23,SB1407,20.07,20.07,19.92,19.98,300.0,,NO.11糖1407,6824.0,19.97,19.98
2012-10-24,SB1407,19.93,20.03,19.85,20.03,244.0,,NO.11糖1407,6834.0,20.04,20.03
2012-10-25,SB1407,20.07,20.08,19.84,19.85,199.0,,NO.11糖1407,6733.0,19.88,19.85
2012-10-26,SB1407,19.84,19.85,19.74,19.79,170.0,,NO.11糖1407,6682.0,19.79,19.79
2012-10-29,SB1407,19.76,19.79,19.7,19.76,67.0,,NO.11糖1407,6657.0,19.76,19.76
2012-10-30,SB1407,19.82,19.88,19.82,19.88,28.0,,NO.11糖1407,6646.0,19.86,19.88
2012-10-31,SB1407,19.69,19.75,19.68,19.74,85.0,,NO.11糖1407,6642.0,19.91,19.74
2012-11-01,SB1407,19.91,19.91,19.79,19.83,37.0,,NO.11糖1407,6659.0,19.8,19.83
2012-11-02,SB1407,19.88,20.01,19.88,20.01,15.0,,NO.11糖1407,6671.0,20.02,20.01
2012-11-05,SB1407,19.97,20.09,19.89,19.97,106.0,,NO.11糖1407,6697.0,19.93,19.97
2012-11-06,SB1407,20.17,20.27,20.17,20.18,116.0,,NO.11糖1407,6658.0,20.21,20.18
2012-11-07,SB1407,20.13,20.15,19.82,19.83,204.0,,NO.11糖1407,6671.0,19.79,19.83
2012-11-08,SB1407,19.79,19.83,19.65,19.66,268.0,,NO.11糖1407,6733.0,19.73,19.66
2012-11-09,SB1407,19.73,19.92,19.59,19.92,102.0,,NO.11糖1407,6757.0,19.9,19.92
2012-11-12,SB1407,19.86,20.16,19.86,20.0,130.0,,NO.11糖1407,6733.0,19.98,20.0
2012-11-13,SB1407,20.0,20.13,19.97,20.0,176.0,,NO.11糖1407,6721.0,20.04,20.0
2012-11-14,SB1407,19.96,20.04,19.94,19.94,47.0,,NO.11糖1407,6733.0,19.94,19.94
2012-11-15,SB1407,19.93,19.93,19.81,19.86,97.0,,NO.11糖1407,6729.0,19.84,19.86
2012-11-16,SB1407,19.88,19.92,19.78,19.92,130.0,,NO.11糖1407,6786.0,19.93,19.92
2012-11-19,SB1407,20.0,20.21,20.0,20.21,1103.0,,NO.11糖1407,6839.0,20.19,20.21
2012-11-20,SB1407,20.05,20.14,19.97,20.11,708.0,,NO.11糖1407,6563.0,20.1,20.11
2012-11-21,SB1407,19.93,20.01,19.9,19.98,40.0,,NO.11糖1407,6567.0,19.92,19.98
2012-11-23,SB1407,20.1,20.12,19.67,19.72,173.0,,NO.11糖1407,6537.0,19.73,19.72
2012-11-26,SB1407,19.75,19.75,19.69,19.72,34.0,,NO.11糖1407,6528.0,19.86,19.72
2012-11-27,SB1407,19.99,20.01,19.75,19.84,88.0,,NO.11糖1407,6498.0,19.9,19.84
2012-11-28,SB1407,19.9,20.0,19.8,19.84,94.0,,NO.11糖1407,6526.0,19.87,19.84
2012-11-29,SB1407,19.88,20.02,19.88,19.95,109.0,,NO.11糖1407,6539.0,19.97,19.95
2012-11-30,SB1407,19.92,20.03,19.87,20.02,441.0,,NO.11糖1407,6604.0,20.05,20.02
2012-12-03,SB1407,20.04,20.24,20.0,20.15,1823.0,,NO.11糖1407,6577.0,20.25,20.15
2012-12-04,SB1407,20.05,20.25,19.9,19.9,257.0,,NO.11糖1407,6618.0,19.97,19.9
2012-12-05,SB1407,19.99,20.0,19.99,20.0,92.0,,NO.11糖1407,6638.0,20.17,20.0
2012-12-06,SB1407,20.14,20.21,20.07,20.07,87.0,,NO.11糖1407,6619.0,20.17,20.07
2012-12-07,SB1407,19.85,20.11,19.85,20.08,54.0,,NO.11糖1407,6621.0,20.12,20.08
2012-12-10,SB1407,20.07,20.15,19.79,19.79,208.0,,NO.11糖1407,6615.0,19.77,19.79
2012-12-11,SB1407,19.81,19.84,19.74,19.81,59.0,,NO.11糖1407,6588.0,19.86,19.81
2012-12-12,SB1407,19.78,19.82,19.69,19.71,396.0,,NO.11糖1407,6321.0,19.7,19.71
2012-12-13,SB1407,19.64,19.76,19.61,19.76,1084.0,,NO.11糖1407,6660.0,19.77,19.76
2012-12-14,SB1407,19.76,20.12,19.75,20.0,367.0,,NO.11糖1407,6618.0,20.03,20.0
2012-12-17,SB1407,20.17,20.24,20.11,20.24,137.0,,NO.11糖1407,6687.0,20.24,20.24
2012-12-18,SB1407,20.2,20.3,20.17,20.24,291.0,,NO.11糖1407,6576.0,20.33,20.24
2012-12-19,SB1407,,,,20.22,35.0,,NO.11糖1407,6552.0,20.22,20.22
2012-12-20,SB1407,19.9,20.19,19.9,20.19,150.0,,NO.11糖1407,6497.0,20.22,20.19
2012-12-21,SB1407,20.2,20.33,20.2,20.33,42.0,,NO.11糖1407,6481.0,20.29,20.33
2012-12-24,SB1407,,,,20.02,0.0,,NO.11糖1407,6481.0,20.02,20.02
2012-12-26,SB1407,,,,20.08,2.0,,NO.11糖1407,6479.0,20.08,20.08
2012-12-27,SB1407,20.32,20.36,20.32,20.36,22.0,,NO.11糖1407,6479.0,20.32,20.36
2012-12-28,SB1407,20.33,20.34,20.28,20.28,107.0,,NO.11糖1407,6497.0,20.26,20.28
2012-12-31,SB1407,20.26,20.26,20.26,20.26,53.0,,NO.11糖1407,6531.0,20.34,20.26
2013-01-02,SB1407,20.34,20.4,20.34,20.4,73.0,,NO.11糖1407,6557.0,20.42,20.4
2013-01-03,SB1407,20.43,20.46,19.88,19.99,151.0,,NO.11糖1407,6613.0,20.09,19.99
2013-01-04,SB1407,19.98,20.03,19.92,19.94,317.0,,NO.11糖1407,6579.0,19.97,19.94
2013-01-07,SB1407,20.04,20.14,20.0,20.14,526.0,,NO.11糖1407,6578.0,20.1,20.14
2013-01-08,SB1407,20.15,20.17,20.02,20.11,145.0,,NO.11糖1407,6610.0,20.05,20.11
2013-01-09,SB1407,20.11,20.14,19.94,20.14,163.0,,NO.11糖1407,6527.0,20.12,20.14
2013-01-10,SB1407,20.17,20.32,20.17,20.32,152.0,,NO.11糖1407,6577.0,20.34,20.32
2013-01-11,SB1407,20.29,20.45,20.24,20.45,207.0,,NO.11糖1407,6635.0,20.43,20.45
2013-01-14,SB1407,20.38,20.38,20.22,20.22,259.0,,NO.11糖1407,6713.0,20.33,20.22
2013-01-15,SB1407,20.22,20.31,20.15,20.19,221.0,,NO.11糖1407,6592.0,20.16,20.19
2013-01-16,SB1407,20.21,20.22,19.92,20.01,1216.0,,NO.11糖1407,7317.0,20.02,20.01
2013-01-17,SB1407,19.97,20.06,19.94,20.06,1340.0,,NO.11糖1407,7889.0,19.98,20.06
2013-01-18,SB1407,19.98,20.01,19.87,19.88,346.0,,NO.11糖1407,8028.0,19.89,19.88
2013-01-22,SB1407,19.88,19.94,19.79,19.87,976.0,,NO.11糖1407,8332.0,19.83,19.87
2013-01-23,SB1407,19.81,20.05,19.79,19.98,499.0,,NO.11糖1407,8338.0,20.0,19.98
2013-01-24,SB1407,19.81,20.03,19.81,20.03,809.0,,NO.11糖1407,8796.0,20.0,20.03
2013-01-25,SB1407,19.95,20.07,19.91,20.07,174.0,,NO.11糖1407,8822.0,20.07,20.07
2013-01-28,SB1407,20.07,20.28,20.05,20.28,603.0,,NO.11糖1407,9081.0,20.28,20.28
2013-01-29,SB1407,20.22,20.24,19.97,20.18,441.0,,NO.11糖1407,9209.0,20.18,20.18
2013-01-30,SB1407,20.2,20.32,20.08,20.32,1089.0,,NO.11糖1407,9599.0,20.32,20.32
2013-01-31,SB1407,20.27,20.37,20.27,20.37,232.0,,NO.11糖1407,9660.0,20.35,20.37
2013-02-01,SB1407,20.32,20.36,20.24,20.24,343.0,,NO.11糖1407,9709.0,20.36,20.24
2013-02-04,SB1407,20.31,20.35,20.21,20.21,26.0,,NO.11糖1407,9705.0,20.21,20.21
2013-02-05,SB1407,20.3,20.34,20.27,20.31,368.0,,NO.11糖1407,9918.0,20.19,20.31
2013-02-06,SB1407,20.17,20.19,19.84,19.84,596.0,,NO.11糖1407,10085.0,19.85,19.84
2013-02-07,SB1407,19.84,19.9,19.83,19.84,210.0,,NO.11糖1407,10073.0,19.91,19.84
2013-02-08,SB1407,19.9,19.9,19.75,19.86,320.0,,NO.11糖1407,10170.0,19.84,19.86
2013-02-11,SB1407,19.86,20.03,19.86,20.0,446.0,,NO.11糖1407,10228.0,19.99,20.0
2013-02-12,SB1407,19.9,19.91,19.67,19.67,434.0,,NO.11糖1407,10407.0,19.71,19.67
2013-02-13,SB1407,19.85,19.85,19.76,19.76,150.0,,NO.11糖1407,10378.0,19.83,19.76
2013-02-14,SB1407,19.79,19.79,19.48,19.51,952.0,,NO.11糖1407,10130.0,19.47,19.51
2013-02-15,SB1407,,,,19.36,220.0,,NO.11糖1407,10181.0,19.37,19.36
2013-02-19,SB1407,19.43,19.52,19.35,19.41,408.0,,NO.11糖1407,10292.0,19.45,19.41
2013-02-20,SB1407,19.43,19.71,19.43,19.71,422.0,,NO.11糖1407,10515.0,19.68,19.71
2013-02-21,SB1407,19.54,19.69,19.47,19.69,2474.0,,NO.11糖1407,12148.0,19.67,19.69
2013-02-22,SB1407,19.73,19.92,19.66,19.89,2123.0,,NO.11糖1407,13224.0,19.88,19.89
2013-02-25,SB1407,19.93,20.03,19.82,19.82,452.0,,NO.11糖1407,13220.0,19.89,19.82
2013-02-26,SB1407,19.76,19.78,19.7,19.7,307.0,,NO.11糖1407,13302.0,19.81,19.7
2013-02-27,SB1407,19.81,19.82,19.69,19.69,543.0,,NO.11糖1407,13488.0,19.74,19.69
2013-02-28,SB1407,19.69,20.01,19.6,19.94,1683.0,,NO.11糖1407,14542.0,19.94,19.94
2013-03-01,SB1407,19.92,19.96,19.52,19.52,352.0,,NO.11糖1407,14572.0,19.53,19.52
2013-03-04,SB1407,19.6,19.64,19.53,19.64,502.0,,NO.11糖1407,14843.0,19.63,19.64
2013-03-05,SB1407,19.69,19.73,19.57,19.65,1381.0,,NO.11糖1407,15783.0,19.66,19.65
2013-03-06,SB1407,19.58,19.61,19.51,19.55,2396.0,,NO.11糖1407,17889.0,19.56,19.55
2013-03-07,SB1407,19.59,19.93,19.59,19.92,1210.0,,NO.11糖1407,18300.0,19.91,19.92
2013-03-08,SB1407,19.8,19.96,19.77,19.92,2901.0,,NO.11糖1407,19278.0,19.91,19.92
2013-03-11,SB1407,19.91,20.07,19.91,20.07,2654.0,,NO.11糖1407,20197.0,20.05,20.07
2013-03-12,SB1407,19.95,20.0,19.74,20.0,477.0,,NO.11糖1407,20191.0,19.98,20.0
2013-03-13,SB1407,19.96,19.97,19.87,19.96,324.0,,NO.11糖1407,20313.0,19.96,19.96
2013-03-14,SB1407,19.93,20.03,19.93,20.03,803.0,,NO.11糖1407,20537.0,19.99,20.03
2013-03-15,SB1407,20.0,20.11,19.99,19.99,1068.0,,NO.11糖1407,20688.0,20.06,19.99
2013-03-18,SB1407,19.9,19.9,19.73,19.82,2075.0,,NO.11糖1407,21510.0,19.83,19.82
2013-03-19,SB1407,19.85,19.91,19.85,19.9,817.0,,NO.11糖1407,21672.0,19.87,19.9
2013-03-20,SB1407,19.96,19.96,19.86,19.89,1146.0,,NO.11糖1407,22437.0,19.91,19.89
2013-03-21,SB1407,19.93,19.96,19.75,19.81,1544.0,,NO.11糖1407,23088.0,19.83,19.81
2013-03-22,SB1407,19.9,19.9,19.69,19.7,669.0,,NO.11糖1407,23240.0,19.72,19.7
2013-03-25,SB1407,19.69,19.72,19.62,19.63,1089.0,,NO.11糖1407,23649.0,19.63,19.63
2013-03-26,SB1407,19.64,19.66,19.51,19.53,876.0,,NO.11糖1407,24016.0,19.53,19.53
2013-03-27,SB1407,19.49,19.49,19.45,19.45,143.0,,NO.11糖1407,24058.0,19.45,19.45
2013-03-28,SB1407,19.43,19.51,19.3,19.38,2378.0,,NO.11糖1407,0.0,19.42,19.38
2013-04-01,SB1407,19.43,19.48,19.36,19.38,1167.0,,NO.11糖1407,23363.0,19.38,19.38
2013-04-02,SB1407,19.39,19.4,19.26,19.34,941.0,,NO.11糖1407,23794.0,19.38,19.34
2013-04-03,SB1407,19.32,19.35,19.23,19.23,969.0,,NO.11糖1407,24001.0,19.26,19.23
2013-04-04,SB1407,19.31,19.34,19.23,19.26,1670.0,,NO.11糖1407,24301.0,19.27,19.26
2013-04-05,SB1407,19.23,19.29,19.18,19.29,434.0,,NO.11糖1407,24378.0,19.26,19.29
2013-04-08,SB1407,19.3,19.36,19.12,19.3,1372.0,,NO.11糖1407,24900.0,19.29,19.3
2013-04-09,SB1407,19.24,19.31,19.14,19.26,689.0,,NO.11糖1407,25102.0,19.25,19.26
2013-04-10,SB1407,19.28,19.34,19.23,19.33,2185.0,,NO.11糖1407,26420.0,19.33,19.33
2013-04-11,SB1407,19.22,19.28,19.16,19.22,1821.0,,NO.11糖1407,27310.0,19.28,19.22
2013-04-12,SB1407,19.24,19.37,19.24,19.32,1686.0,,NO.11糖1407,28244.0,19.32,19.32
2013-04-15,SB1407,19.33,19.33,19.0,19.02,1795.0,,NO.11糖1407,29011.0,19.03,19.02
2013-04-16,SB1407,19.08,19.25,19.07,19.23,2173.0,,NO.11糖1407,29045.0,19.24,19.23
2013-04-17,SB1407,19.15,19.25,19.12,19.12,1876.0,,NO.11糖1407,29696.0,19.2,19.12
2013-04-18,SB1407,19.3,19.3,18.94,19.1,1869.0,,NO.11糖1407,30724.0,19.1,19.1
2013-04-19,SB1407,19.05,19.36,19.01,19.34,1679.0,,NO.11糖1407,31301.0,19.35,19.34
2013-04-22,SB1407,19.15,19.19,19.11,19.18,402.0,,NO.11糖1407,31346.0,19.18,19.18
2013-04-23,SB1407,19.14,19.3,19.13,19.18,3399.0,,NO.11糖1407,33405.0,19.22,19.18
2013-04-24,SB1407,19.19,19.21,18.93,18.93,1177.0,,NO.11糖1407,33938.0,18.98,18.93
2013-04-25,SB1407,18.97,18.97,18.84,18.92,1181.0,,NO.11糖1407,34255.0,18.94,18.92
2013-04-26,SB1407,18.91,19.02,18.9,18.95,839.0,,NO.11糖1407,34364.0,19.01,18.95
2013-04-29,SB1407,19.01,19.11,18.92,19.11,1482.0,,NO.11糖1407,34495.0,19.06,19.11
2013-04-30,SB1407,19.11,19.27,19.04,19.17,980.0,,NO.11糖1407,34765.0,19.14,19.17
2013-05-01,SB1407,19.1,19.16,18.9,18.92,1206.0,,NO.11糖1407,34877.0,18.92,18.92
2013-05-02,SB1407,18.94,19.17,18.81,19.1,1353.0,,NO.11糖1407,34955.0,19.16,19.1
2013-05-03,SB1407,19.1,19.14,18.97,19.14,1362.0,,NO.11糖1407,35282.0,19.05,19.14
2013-05-06,SB1407,19.07,19.33,19.07,19.28,1267.0,,NO.11糖1407,35499.0,19.26,19.28
2013-05-07,SB1407,19.22,19.27,19.05,19.12,1412.0,,NO.11糖1407,35814.0,19.19,19.12
2013-05-08,SB1407,19.12,19.13,19.0,19.03,807.0,,NO.11糖1407,36185.0,19.06,19.03
2013-05-09,SB1407,19.0,19.22,18.99,19.14,1519.0,,NO.11糖1407,36743.0,19.12,19.14
2013-05-10,SB1407,19.18,19.18,18.99,19.0,1166.0,,NO.11糖1407,37269.0,19.02,19.0
2013-05-13,SB1407,18.99,19.08,18.85,18.92,2309.0,,NO.11糖1407,38203.0,18.9,18.92
2013-05-14,SB1407,18.92,18.92,18.7,18.7,2375.0,,NO.11糖1407,37893.0,18.72,18.7
2013-05-15,SB1407,18.7,18.76,18.55,18.58,1171.0,,NO.11糖1407,38271.0,18.55,18.58
2013-05-16,SB1407,18.55,18.61,18.39,18.41,1360.0,,NO.11糖1407,38397.0,18.41,18.41
2013-05-17,SB1407,18.46,18.56,18.37,18.41,934.0,,NO.11糖1407,38321.0,18.42,18.41
2013-05-20,SB1407,18.46,18.51,18.33,18.35,1236.0,,NO.11糖1407,38613.0,18.36,18.35
2013-05-21,SB1407,18.38,18.5,18.29,18.44,1998.0,,NO.11糖1407,39103.0,18.44,18.44
2013-05-22,SB1407,18.47,18.52,18.29,18.29,2205.0,,NO.11糖1407,38945.0,18.33,18.29
2013-05-23,SB1407,18.28,18.48,18.25,18.44,1238.0,,NO.11糖1407,39499.0,18.38,18.44
2013-05-24,SB1407,18.44,18.48,18.37,18.42,1565.0,,NO.11糖1407,0.0,18.44,18.42
2013-05-27,SB1407,,,,18.44,0.0,,NO.11糖1407,0.0,18.44,18.44
2013-05-28,SB1407,18.57,18.57,18.28,18.28,3024.0,,NO.11糖1407,40485.0,18.28,18.28
2013-05-29,SB1407,18.25,18.34,18.03,18.06,7345.0,,NO.11糖1407,43376.0,18.08,18.06
2013-05-30,SB1407,18.07,18.15,18.02,18.11,4274.0,,NO.11糖1407,45793.0,18.03,18.11
2013-05-31,SB1407,18.08,18.15,17.96,18.01,7967.0,,NO.11糖1407,48746.0,18.01,18.01
2013-06-03,SB1407,18.01,18.11,17.92,17.92,11379.0,,NO.11糖1407,48074.0,17.94,17.92
2013-06-04,SB1407,17.93,17.96,17.77,17.82,5242.0,,NO.11糖1407,50236.0,17.84,17.82
2013-06-05,SB1407,17.87,17.92,17.73,17.73,5168.0,,NO.11糖1407,51596.0,17.78,17.73
2013-06-06,SB1407,17.76,17.8,17.66,17.78,3561.0,,NO.11糖1407,52949.0,17.76,17.78
2013-06-07,SB1407,17.82,17.84,17.65,17.82,3865.0,,NO.11糖1407,53680.0,17.81,17.82
2013-06-10,SB1407,17.83,17.87,17.77,17.83,3189.0,,NO.11糖1407,53567.0,17.82,17.83
2013-06-11,SB1407,17.84,17.91,17.69,17.75,4192.0,,NO.11糖1407,53837.0,17.8,17.75
2013-06-12,SB1407,17.73,17.83,17.7,17.71,2146.0,,NO.11糖1407,53774.0,17.71,17.71
2013-06-13,SB1407,17.67,17.76,17.59,17.61,1808.0,,NO.11糖1407,53739.0,17.65,17.61
2013-06-14,SB1407,17.69,18.05,17.64,18.02,6238.0,,NO.11糖1407,55034.0,18.05,18.02
2013-06-17,SB1407,18.03,18.12,17.78,17.98,8585.0,,NO.11糖1407,55909.0,18.09,17.98
2013-06-18,SB1407,18.0,18.0,17.8,17.85,5255.0,,NO.11糖1407,55792.0,17.9,17.85
2013-06-19,SB1407,17.83,18.05,17.75,17.99,10771.0,,NO.11糖1407,54979.0,18.0,17.99
2013-06-20,SB1407,17.89,17.89,17.35,17.35,7177.0,,NO.11糖1407,55662.0,17.38,17.35
2013-06-21,SB1407,17.4,17.63,17.4,17.63,3560.0,,NO.11糖1407,55537.0,17.59,17.63
2013-06-24,SB1407,17.59,17.8,17.48,17.72,4002.0,,NO.11糖1407,55460.0,17.73,17.72
2013-06-25,SB1407,17.74,18.0,17.73,17.83,8012.0,,NO.11糖1407,57171.0,17.94,17.83
2013-06-26,SB1407,17.85,17.94,17.76,17.93,3672.0,,NO.11糖1407,57043.0,17.93,17.93
2013-06-27,SB1407,17.88,17.98,17.62,17.82,9914.0,,NO.11糖1407,58776.0,17.78,17.82
2013-06-28,SB1407,17.84,17.88,17.6,17.67,5509.0,,NO.11糖1407,59949.0,17.69,17.67
2013-07-01,SB1407,17.69,17.77,17.39,17.42,4279.0,,NO.11糖1407,60504.0,17.51,17.42
2013-07-02,SB1407,17.53,17.53,17.28,17.34,10431.0,,NO.11糖1407,60598.0,17.34,17.34
2013-07-03,SB1407,17.35,17.36,17.16,17.16,3468.0,,NO.11糖1407,0.0,17.17,17.16
2013-07-04,SB1407,,,,17.17,0.0,,NO.11糖1407,0.0,17.17,17.17
2013-07-05,SB1407,17.18,17.23,16.98,17.01,3707.0,,NO.11糖1407,61020.0,17.02,17.01
2013-07-08,SB1407,17.03,17.08,16.98,17.02,2882.0,,NO.11糖1407,61594.0,17.06,17.02
2013-07-09,SB1407,17.06,17.08,17.01,17.02,1812.0,,NO.11糖1407,61843.0,17.05,17.02
2013-07-10,SB1407,16.97,17.17,16.93,16.93,5551.0,,NO.11糖1407,62840.0,16.98,16.93
2013-07-11,SB1407,17.01,17.09,16.85,16.91,3759.0,,NO.11糖1407,63641.0,16.88,16.91
2013-07-12,SB1407,16.87,16.94,16.82,16.87,4208.0,,NO.11糖1407,64792.0,16.85,16.87
2013-07-15,SB1407,16.83,16.92,16.8,16.87,2905.0,,NO.11糖1407,64825.0,16.89,16.87
2013-07-16,SB1407,16.88,16.94,16.69,16.73,2663.0,,NO.11糖1407,65352.0,16.75,16.73
2013-07-17,SB1407,16.78,16.8,16.68,16.69,7762.0,,NO.11糖1407,65198.0,16.7,16.69
2013-07-18,SB1407,16.7,16.94,16.7,16.81,8678.0,,NO.11糖1407,66401.0,16.77,16.81
2013-07-19,SB1407,16.8,16.9,16.78,16.88,6849.0,,NO.11糖1407,65713.0,16.84,16.88
2013-07-22,SB1407,16.81,17.01,16.81,16.95,4617.0,,NO.11糖1407,64872.0,16.96,16.95
2013-07-23,SB1407,16.96,17.05,16.86,16.9,3113.0,,NO.11糖1407,65238.0,16.91,16.9
2013-07-24,SB1407,16.92,16.92,16.69,16.71,6911.0,,NO.11糖1407,66278.0,16.73,16.71
2013-07-25,SB1407,16.72,16.93,16.72,16.83,9374.0,,NO.11糖1407,67466.0,16.87,16.83
2013-07-26,SB1407,16.82,16.91,16.77,16.89,4550.0,,NO.11糖1407,67898.0,16.89,16.89
2013-07-29,SB1407,16.84,17.22,16.84,17.21,9061.0,,NO.11糖1407,68678.0,17.21,17.21
2013-07-30,SB1407,17.21,17.23,17.08,17.15,5709.0,,NO.11糖1407,68271.0,17.19,17.15
2013-07-31,SB1407,17.15,17.27,16.98,17.16,7181.0,,NO.11糖1407,69449.0,17.19,17.16
2013-08-01,SB1407,17.14,17.23,17.07,17.13,6506.0,,NO.11糖1407,70701.0,17.14,17.13
2013-08-02,SB1407,17.13,17.24,17.06,17.18,7457.0,,NO.11糖1407,71860.0,17.22,17.18
2013-08-05,SB1407,17.12,17.23,17.0,17.06,0.0,,NO.11糖1407,0.0,17.05,17.06
2013-08-06,SB1407,17.03,17.09,16.99,17.02,2664.0,,NO.11糖1407,72393.0,17.02,17.02
2013-08-07,SB1407,17.02,17.26,16.99,17.24,5571.0,,NO.11糖1407,73015.0,17.25,17.24
2013-08-08,SB1407,17.26,17.26,17.11,17.24,5407.0,,NO.11糖1407,74389.0,17.21,17.24
2013-08-09,SB1407,17.22,17.38,17.21,17.38,6964.0,,NO.11糖1407,75753.0,17.35,17.38
2013-08-12,SB1407,17.36,17.5,17.24,17.45,8577.0,,NO.11糖1407,76904.0,17.45,17.45
2013-08-13,SB1407,17.5,17.53,17.37,17.46,6674.0,,NO.11糖1407,77776.0,17.48,17.46
2013-08-14,SB1407,17.48,17.51,17.41,17.45,4502.0,,NO.11糖1407,78433.0,17.48,17.45
2013-08-15,SB1407,17.45,17.48,17.26,17.44,6091.0,,NO.11糖1407,78150.0,17.43,17.44
2013-08-16,SB1407,17.44,17.44,17.23,17.24,4861.0,,NO.11糖1407,77563.0,17.28,17.24
2013-08-19,SB1407,17.19,17.22,16.9,16.97,5683.0,,NO.11糖1407,78813.0,16.94,16.97
2013-08-20,SB1407,17.06,17.06,16.93,16.95,3198.0,,NO.11糖1407,79518.0,16.93,16.95
2013-08-21,SB1407,16.95,17.0,16.74,16.77,5457.0,,NO.11糖1407,80733.0,16.76,16.77
2013-08-22,SB1407,16.81,16.81,16.62,16.66,8277.0,,NO.11糖1407,82138.0,16.66,16.66
2013-08-23,SB1407,16.76,16.84,16.69,16.8,8811.0,,NO.11糖1407,80799.0,16.83,16.8
2013-08-26,SB1407,16.83,16.98,16.83,16.9,3660.0,,NO.11糖1407,81484.0,16.94,16.9
2013-08-27,SB1407,16.94,16.94,16.68,16.79,7442.0,,NO.11糖1407,81622.0,16.78,16.79
2013-08-28,SB1407,16.78,16.83,16.7,16.78,6754.0,,NO.11糖1407,82910.0,16.76,16.78
2013-08-29,SB1407,16.81,16.82,16.71,16.74,8305.0,,NO.11糖1407,83673.0,16.75,16.74
2013-08-30,SB1407,16.73,16.8,16.72,16.75,5145.0,,NO.11糖1407,83229.0,16.76,16.75
2013-09-03,SB1407,16.78,16.94,16.78,16.85,6720.0,,NO.11糖1407,84934.0,16.86,16.85
2013-09-04,SB1407,16.88,16.92,16.79,16.82,21124.0,,NO.11糖1407,83516.0,16.83,16.82
2013-09-05,SB1407,16.86,16.98,16.85,16.98,14660.0,,NO.11糖1407,86303.0,16.96,16.98
2013-09-06,SB1407,17.0,17.24,16.98,17.13,20249.0,,NO.11糖1407,89148.0,17.16,17.13
2013-09-09,SB1407,17.15,17.31,17.13,17.26,17842.0,,NO.11糖1407,94449.0,17.31,17.26
2013-09-10,SB1407,17.44,17.47,17.23,17.45,25744.0,,NO.11糖1407,96819.0,17.45,17.45
2013-09-11,SB1407,17.38,17.57,17.38,17.44,21418.0,,NO.11糖1407,97562.0,17.5,17.44
2013-09-12,SB1407,17.44,17.6,17.44,17.57,5972.0,,NO.11糖1407,97610.0,17.59,17.57
2013-09-13,SB1407,17.57,17.59,17.4,17.56,3759.0,,NO.11糖1407,97475.0,17.54,17.56
2013-09-16,SB1407,17.41,17.48,17.36,17.39,10279.0,,NO.11糖1407,97851.0,17.37,17.39
2013-09-17,SB1407,17.39,17.39,17.23,17.28,9737.0,,NO.11糖1407,100847.0,17.26,17.28
2013-09-18,SB1407,17.35,17.35,17.23,17.33,7487.0,,NO.11糖1407,101125.0,17.34,17.33
2013-09-19,SB1407,17.39,17.62,17.39,17.6,14001.0,,NO.11糖1407,100832.0,17.58,17.6
2013-09-20,SB1407,17.58,17.71,17.54,17.55,8993.0,,NO.11糖1407,102026.0,17.57,17.55
2013-09-23,SB1407,17.44,17.65,17.37,17.65,5152.0,,NO.11糖1407,101609.0,17.61,17.65
2013-09-24,SB1407,17.61,17.76,17.61,17.71,14704.0,,NO.11糖1407,98813.0,17.75,17.71
2013-09-25,SB1407,17.75,17.98,17.66,17.98,12385.0,,NO.11糖1407,99924.0,17.96,17.98
2013-09-26,SB1407,17.96,18.0,17.85,17.98,14574.0,,NO.11糖1407,100064.0,17.96,17.98
2013-09-27,SB1407,17.94,17.96,17.51,17.53,12667.0,,NO.11糖1407,100491.0,17.59,17.53
2013-09-30,SB1407,17.54,18.0,17.46,17.96,8490.0,,NO.11糖1407,101027.0,17.98,17.96
2013-10-01,SB1407,17.97,18.17,17.91,18.12,11554.0,,NO.11糖1407,102712.0,18.14,18.12
2013-10-02,SB1407,18.14,18.33,18.0,18.23,22038.0,,NO.11糖1407,107693.0,18.26,18.23
2013-10-03,SB1407,18.21,18.34,18.18,18.32,16538.0,,NO.11糖1407,112093.0,18.3,18.32
2013-10-04,SB1407,18.32,18.33,18.16,18.31,5666.0,,NO.11糖1407,113103.0,18.28,18.31
2013-10-07,SB1407,18.28,18.41,18.28,18.4,9415.0,,NO.11糖1407,111126.0,18.39,18.4
2013-10-08,SB1407,18.36,18.46,18.28,18.42,8082.0,,NO.11糖1407,112541.0,18.44,18.42
2013-10-09,SB1407,18.4,18.43,18.29,18.37,8036.0,,NO.11糖1407,112320.0,18.37,18.37
2013-10-10,SB1407,18.33,18.53,18.26,18.53,7729.0,,NO.11糖1407,111769.0,18.51,18.53
2013-10-11,SB1407,18.51,18.7,18.51,18.64,12531.0,,NO.11糖1407,110959.0,18.68,18.64
2013-10-14,SB1407,18.64,18.81,18.61,18.8,7894.0,,NO.11糖1407,112005.0,18.78,18.8
2013-10-15,SB1407,18.75,18.83,18.34,18.51,11032.0,,NO.11糖1407,110454.0,18.47,18.51
2013-10-16,SB1407,18.47,18.74,18.4,18.72,10957.0,,NO.11糖1407,110785.0,18.71,18.72
2013-10-17,SB1407,18.71,18.72,18.6,18.68,14701.0,,NO.11糖1407,112565.0,18.69,18.68
2013-10-18,SB1407,18.65,19.26,18.64,18.95,64525.0,,NO.11糖1407,115231.0,18.96,18.95
2013-10-21,SB1407,18.95,19.04,18.84,18.95,26007.0,,NO.11糖1407,119211.0,18.93,18.95
2013-10-22,SB1407,18.91,18.98,18.76,18.97,10210.0,,NO.11糖1407,120474.0,18.96,18.97
2013-10-23,SB1407,18.96,18.96,18.78,18.84,8745.0,,NO.11糖1407,120617.0,18.87,18.84
2013-10-24,SB1407,18.74,18.83,18.5,18.5,10743.0,,NO.11糖1407,121450.0,18.63,18.5
2013-10-25,SB1407,18.52,18.69,18.51,18.63,9083.0,,NO.11糖1407,122352.0,18.67,18.63
2013-10-28,SB1407,18.6,18.71,18.5,18.6,0.0,,NO.11糖1407,0.0,18.55,18.6
2013-10-29,SB1407,18.52,18.52,18.15,18.23,12090.0,,NO.11糖1407,123105.0,18.16,18.23
2013-10-30,SB1407,18.24,18.26,18.04,18.14,14819.0,,NO.11糖1407,125014.0,18.08,18.14
2013-10-31,SB1407,18.14,18.17,18.01,18.05,12649.0,,NO.11糖1407,124817.0,18.05,18.05
2013-11-01,SB1407,18.07,18.08,17.88,17.9,8436.0,,NO.11糖1407,123548.0,17.93,17.9
2013-11-04,SB1407,17.9,18.04,17.86,18.02,6860.0,,NO.11糖1407,123029.0,17.99,18.02
2013-11-05,SB1407,18.02,18.07,17.88,17.91,9148.0,,NO.11糖1407,123200.0,17.91,17.91
2013-11-06,SB1407,17.95,17.95,17.79,17.81,14783.0,,NO.11糖1407,126018.0,17.82,17.81
2013-11-07,SB1407,17.79,17.84,17.69,17.81,13683.0,,NO.11糖1407,125496.0,17.76,17.81
2013-11-08,SB1407,17.84,17.84,17.65,17.8,12259.0,,NO.11糖1407,128060.0,17.8,17.8
2013-11-11,SB1407,17.75,17.84,17.65,17.69,7120.0,,NO.11糖1407,127971.0,17.68,17.69
2013-11-12,SB1407,17.7,17.73,17.58,17.61,11872.0,,NO.11糖1407,131807.0,17.61,17.61
2013-11-13,SB1407,17.65,17.65,17.51,17.58,13948.0,,NO.11糖1407,133160.0,17.56,17.58
2013-11-14,SB1407,17.56,17.59,17.44,17.49,20755.0,,NO.11糖1407,138272.0,17.46,17.49
2013-11-15,SB1407,17.46,17.53,17.4,17.51,17992.0,,NO.11糖1407,139135.0,17.45,17.51
2013-11-18,SB1407,17.46,17.65,17.46,17.61,8834.0,,NO.11糖1407,138945.0,17.6,17.61
2013-11-19,SB1407,17.6,17.68,17.53,17.57,8606.0,,NO.11糖1407,139299.0,17.55,17.57
2013-11-20,SB1407,17.58,17.66,17.53,17.62,10653.0,,NO.11糖1407,139980.0,17.6,17.62
2013-11-21,SB1407,17.62,17.67,17.56,17.62,19449.0,,NO.11糖1407,139257.0,17.63,17.62
2013-11-22,SB1407,17.63,17.64,17.5,17.59,17295.0,,NO.11糖1407,135102.0,17.52,17.59
2013-11-25,SB1407,17.53,17.59,17.43,17.43,8465.0,,NO.11糖1407,134692.0,17.45,17.43
2013-11-26,SB1407,17.45,17.48,17.4,17.46,9967.0,,NO.11糖1407,133895.0,17.41,17.46
2013-11-27,SB1407,17.48,17.53,17.35,17.37,9370.0,,NO.11糖1407,132156.0,17.38,17.37
2013-11-28,SB1407,,,,17.38,0.0,,NO.11糖1407,0.0,17.38,17.38
2013-11-29,SB1407,17.41,17.43,17.29,17.32,7851.0,,NO.11糖1407,132605.0,17.3,17.32
2013-12-02,SB1407,17.3,17.4,17.15,17.16,10838.0,,NO.11糖1407,132744.0,17.18,17.16
2013-12-03,SB1407,17.22,17.22,17.02,17.04,16776.0,,NO.11糖1407,130382.0,17.06,17.04
2013-12-04,SB1407,17.08,17.1,16.91,16.93,9786.0,,NO.11糖1407,132170.0,16.92,16.93
2013-12-05,SB1407,16.94,16.97,16.8,16.94,7206.0,,NO.11糖1407,131675.0,16.91,16.94
2013-12-06,SB1407,16.93,17.05,16.84,16.87,12355.0,,NO.11糖1407,132207.0,16.87,16.87
2013-12-09,SB1407,16.87,17.03,16.8,16.8,10966.0,,NO.11糖1407,132639.0,16.82,16.8
2013-12-10,SB1407,16.8,17.1,16.75,16.89,13383.0,,NO.11糖1407,133020.0,16.9,16.89
2013-12-11,SB1407,17.0,17.0,16.78,16.78,12281.0,,NO.11糖1407,132883.0,16.78,16.78
2013-12-12,SB1407,16.78,16.79,16.57,16.6,15432.0,,NO.11糖1407,130411.0,16.58,16.6
2013-12-13,SB1407,16.57,16.64,16.49,16.51,8674.0,,NO.11糖1407,129452.0,16.53,16.51
2013-12-16,SB1407,16.58,16.62,16.51,16.53,8829.0,,NO.11糖1407,128039.0,16.53,16.53
2013-12-17,SB1407,16.53,16.53,16.25,16.26,19255.0,,NO.11糖1407,127902.0,16.28,16.26
2013-12-18,SB1407,16.3,16.4,16.21,16.23,13058.0,,NO.11糖1407,129304.0,16.24,16.23
2013-12-19,SB1407,16.25,16.5,16.24,16.48,17201.0,,NO.11糖1407,132587.0,16.45,16.48
2013-12-20,SB1407,16.48,16.74,16.48,16.67,13072.0,,NO.11糖1407,134344.0,16.72,16.67
2013-12-23,SB1407,16.76,16.76,16.53,16.57,5080.0,,NO.11糖1407,135901.0,16.54,16.57
2013-12-24,SB1407,16.65,16.65,16.5,16.55,2693.0,,NO.11糖1407,136664.0,16.52,16.55
2013-12-26,SB1407,16.57,16.68,16.54,16.63,1222.0,,NO.11糖1407,136941.0,16.62,16.63
2013-12-27,SB1407,16.64,16.78,16.62,16.75,2270.0,,NO.11糖1407,137388.0,16.73,16.75
2013-12-30,SB1407,16.73,16.81,16.63,16.67,2287.0,,NO.11糖1407,138178.0,16.69,16.67
2013-12-31,SB1407,16.64,16.85,16.59,16.76,2503.0,,NO.11糖1407,138244.0,16.73,16.76
2014-01-02,SB1407,16.65,16.73,16.59,16.6,6631.0,,NO.11糖1407,139659.0,16.64,16.6
2014-01-03,SB1407,16.63,16.68,16.45,16.48,11248.0,,NO.11糖1407,139628.0,16.46,16.48
2014-01-06,SB1407,16.46,16.53,16.37,16.48,10888.0,,NO.11糖1407,140944.0,16.47,16.48
2014-01-07,SB1407,16.47,16.54,16.34,16.45,13312.0,,NO.11糖1407,139833.0,16.42,16.45
2014-01-08,SB1407,16.42,16.43,16.12,16.17,22851.0,,NO.11糖1407,136399.0,16.17,16.17
2014-01-09,SB1407,16.19,16.19,15.82,15.82,26518.0,,NO.11糖1407,134136.0,15.88,15.82
2014-01-10,SB1407,15.88,15.97,15.82,15.95,11314.0,,NO.11糖1407,135116.0,15.94,15.95
2014-01-13,SB1407,15.96,16.01,15.83,15.99,12552.0,,NO.11糖1407,135545.0,15.96,15.99
2014-01-14,SB1407,16.03,16.03,15.83,15.89,11874.0,,NO.11糖1407,134896.0,15.88,15.89
2014-01-15,SB1407,15.88,15.88,15.6,15.69,21533.0,,NO.11糖1407,135201.0,15.68,15.69
2014-01-16,SB1407,15.68,15.96,15.59,15.92,12550.0,,NO.11糖1407,136409.0,15.86,15.92
2014-01-17,SB1407,15.91,15.91,15.6,15.63,14312.0,,NO.11糖1407,135989.0,15.67,15.63
2014-01-21,SB1407,15.67,15.74,15.6,15.68,12841.0,,NO.11糖1407,135543.0,15.69,15.68
2014-01-22,SB1407,15.68,15.76,15.52,15.59,18250.0,,NO.11糖1407,138988.0,15.58,15.59
2014-01-23,SB1407,15.57,15.72,15.54,15.57,14114.0,,NO.11糖1407,137514.0,15.58,15.57
2014-01-24,SB1407,15.58,15.64,15.5,15.62,12030.0,,NO.11糖1407,138425.0,15.58,15.62
2014-01-27,SB1407,15.6,15.6,15.33,15.36,21106.0,,NO.11糖1407,139353.0,15.37,15.36
2014-01-28,SB1407,15.34,15.6,15.24,15.6,31078.0,,NO.11糖1407,138275.0,15.55,15.6
2014-01-29,SB1407,15.59,15.59,15.26,15.34,17654.0,,NO.11糖1407,139562.0,15.28,15.34
2014-01-30,SB1407,15.35,15.54,15.27,15.52,23685.0,,NO.11糖1407,140585.0,15.53,15.52
2014-01-31,SB1407,15.52,16.19,15.51,16.06,45951.0,,NO.11糖1407,139154.0,16.03,16.06
2014-02-03,SB1407,16.09,16.23,15.95,16.19,25554.0,,NO.11糖1407,140231.0,16.21,16.19
2014-02-04,SB1407,16.2,16.82,16.09,16.5,34070.0,,NO.11糖1407,143269.0,16.62,16.5
2014-02-05,SB1407,16.58,16.77,16.48,16.61,29010.0,,NO.11糖1407,143010.0,16.65,16.61
2014-02-06,SB1407,16.65,16.7,16.29,16.4,25061.0,,NO.11糖1407,148002.0,16.41,16.4
2014-02-07,SB1407,16.4,16.42,16.15,16.28,22471.0,,NO.11糖1407,150969.0,16.32,16.28
2014-02-10,SB1407,16.26,16.28,16.0,16.27,25281.0,,NO.11糖1407,155469.0,16.26,16.27
2014-02-11,SB1407,16.27,16.33,16.03,16.04,24414.0,,NO.11糖1407,156321.0,16.07,16.04
2014-02-12,SB1407,16.06,16.5,15.89,16.5,32339.0,,NO.11糖1407,157190.0,16.42,16.5
2014-02-13,SB1407,16.42,16.5,16.17,16.32,27104.0,,NO.11糖1407,159620.0,16.36,16.32
2014-02-14,SB1407,16.27,16.32,16.2,16.26,17744.0,,NO.11糖1407,161241.0,16.31,16.26
2014-02-18,SB1407,16.33,16.77,16.32,16.77,44279.0,,NO.11糖1407,167955.0,16.73,16.77
2014-02-19,SB1407,16.76,17.09,16.63,16.97,27272.0,,NO.11糖1407,171179.0,17.06,16.97
2014-02-20,SB1407,17.02,17.06,16.86,16.94,20734.0,,NO.11糖1407,171583.0,16.94,16.94
2014-02-21,SB1407,16.95,17.34,16.93,17.32,24971.0,,NO.11糖1407,172819.0,17.29,17.32
2014-02-24,SB1407,17.33,17.81,17.3,17.76,74822.0,,NO.11糖1407,180930.0,17.78,17.76
2014-02-25,SB1407,17.76,18.09,17.69,17.8,54981.0,,NO.11糖1407,181500.0,17.79,17.8
2014-02-26,SB1407,17.74,17.76,17.19,17.74,37290.0,,NO.11糖1407,181901.0,17.73,17.74
2014-02-27,SB1407,17.71,18.13,17.66,18.08,42228.0,,NO.11糖1407,185051.0,18.08,18.08
2014-02-28,SB1407,18.04,18.04,17.6,17.73,44937.0,,NO.11糖1407,183850.0,17.79,17.73
2014-03-03,SB1407,17.72,18.12,17.57,18.0,37089.0,,NO.11糖1407,182256.0,17.98,18.0
2014-03-04,SB1407,17.97,17.97,17.68,17.95,29016.0,,NO.11糖1407,180209.0,17.94,17.95
2014-03-05,SB1407,17.92,18.4,17.92,18.4,37058.0,,NO.11糖1407,182402.0,18.36,18.4
2014-03-06,SB1407,18.4,18.57,18.2,18.49,46469.0,,NO.11糖1407,182979.0,18.5,18.49
2014-03-07,SB1407,18.49,18.56,18.07,18.14,29146.0,,NO.11糖1407,184624.0,18.21,18.14
2014-03-10,SB1407,18.05,18.49,17.64,18.32,28577.0,,NO.11糖1407,182665.0,18.36,18.32
2014-03-11,SB1407,18.32,18.5,18.01,18.18,28531.0,,NO.11糖1407,180224.0,18.22,18.18
2014-03-12,SB1407,18.17,18.21,17.83,17.89,45274.0,,NO.11糖1407,182492.0,17.92,17.89
2014-03-13,SB1407,17.92,18.11,17.8,18.0,26909.0,,NO.11糖1407,182411.0,18.09,18.0
2014-03-14,SB1407,18.0,18.0,17.45,17.62,44278.0,,NO.11糖1407,182535.0,17.61,17.62
2014-03-17,SB1407,17.6,17.66,17.31,17.4,19214.0,,NO.11糖1407,181098.0,17.4,17.4
2014-03-18,SB1407,17.4,17.5,17.29,17.48,14232.0,,NO.11糖1407,180765.0,17.48,17.48
2014-03-19,SB1407,17.5,17.69,17.43,17.69,18726.0,,NO.11糖1407,182636.0,17.65,17.69
2014-03-20,SB1407,17.63,17.67,17.36,17.4,22784.0,,NO.11糖1407,183356.0,17.39,17.4
2014-03-21,SB1407,17.36,17.39,17.08,17.23,22866.0,,NO.11糖1407,183474.0,17.2,17.23
2014-03-24,SB1407,17.16,17.32,17.05,17.19,15912.0,,NO.11糖1407,183539.0,17.21,17.19
2014-03-25,SB1407,17.2,17.38,17.13,17.38,14527.0,,NO.11糖1407,183533.0,17.36,17.38
2014-03-26,SB1407,17.4,17.89,17.36,17.77,25841.0,,NO.11糖1407,186828.0,17.74,17.77
2014-03-27,SB1407,17.9,18.22,17.85,18.18,40773.0,,NO.11糖1407,187963.0,18.21,18.18
2014-03-28,SB1407,18.25,18.42,18.0,18.24,41877.0,,NO.11糖1407,189616.0,18.27,18.24
2014-03-31,SB1407,18.26,18.27,18.03,18.13,26841.0,,NO.11糖1407,192560.0,18.13,18.13
2014-04-01,SB1407,18.15,18.15,17.49,17.51,50713.0,,NO.11糖1407,203321.0,17.61,17.51
2014-04-02,SB1407,17.58,17.58,17.26,17.47,34877.0,,NO.11糖1407,211028.0,17.44,17.47
2014-04-03,SB1407,17.45,17.62,17.34,17.6,27815.0,,NO.11糖1407,217364.0,17.61,17.6
2014-04-04,SB1407,17.61,17.82,17.44,17.73,33993.0,,NO.11糖1407,221811.0,17.79,17.73
2014-04-07,SB1407,17.77,17.8,17.45,17.45,75354.0,,NO.11糖1407,243599.0,17.51,17.45
2014-04-08,SB1407,17.51,17.79,17.39,17.76,67512.0,,NO.11糖1407,264573.0,17.78,17.76
2014-04-09,SB1407,17.76,17.93,17.54,17.65,74241.0,,NO.11糖1407,286980.0,17.63,17.65
2014-04-10,SB1407,17.69,17.86,17.59,17.7,69452.0,,NO.11糖1407,309356.0,17.68,17.7
2014-04-11,SB1407,17.74,17.79,17.42,17.51,70568.0,,NO.11糖1407,334102.0,17.46,17.51
2014-04-14,SB1407,17.51,17.66,17.24,17.32,62157.0,,NO.11糖1407,352544.0,17.32,17.32
2014-04-15,SB1407,17.34,17.53,17.31,17.47,67310.0,,NO.11糖1407,372724.0,17.47,17.47
2014-04-16,SB1407,17.55,17.95,17.44,17.66,79927.0,,NO.11糖1407,390931.0,17.69,17.66
2014-04-17,SB1407,17.68,17.68,17.18,17.38,71853.0,,NO.11糖1407,396087.0,17.33,17.38
2014-04-21,SB1407,17.35,17.6,17.3,17.53,26893.0,,NO.11糖1407,,17.53,17.53
2014-04-22,SB1407,17.5,17.69,17.42,17.6,42792.0,,NO.11糖1407,402306.0,17.62,17.6
2014-04-23,SB1407,17.69,18.03,17.59,17.89,70917.0,,NO.11糖1407,414914.0,17.98,17.89
2014-04-24,SB1407,17.91,18.03,17.68,17.7,61543.0,,NO.11糖1407,422355.0,17.74,17.7
2014-04-25,SB1407,17.7,17.95,17.63,17.8,43608.0,,NO.11糖1407,428763.0,17.85,17.8
2014-04-28,SB1407,17.83,17.86,17.53,17.56,53108.0,,NO.11糖1407,432059.0,17.56,17.56
2014-04-29,SB1407,17.57,17.64,17.34,17.62,50719.0,,NO.11糖1407,431957.0,17.57,17.62
2014-04-30,SB1407,17.62,17.88,17.61,17.77,59495.0,,NO.11糖1407,435018.0,17.72,17.77
2014-05-01,SB1407,17.76,17.85,17.64,17.84,27724.0,,NO.11糖1407,433811.0,17.8,17.84
2014-05-02,SB1407,17.84,17.85,17.4,17.41,45030.0,,NO.11糖1407,435038.0,17.45,17.41
2014-05-05,SB1407,17.41,17.54,17.27,17.49,34713.0,,NO.11糖1407,431062.0,17.47,17.49
2014-05-06,SB1407,17.45,17.55,17.15,17.19,53360.0,,NO.11糖1407,428064.0,17.2,17.19
2014-05-07,SB1407,17.17,17.38,17.11,17.28,47302.0,,NO.11糖1407,425248.0,17.26,17.28
2014-05-08,SB1407,17.27,17.36,17.07,17.23,45343.0,,NO.11糖1407,425167.0,17.24,17.23
2014-05-09,SB1407,17.2,17.3,17.16,17.17,29707.0,,NO.11糖1407,421847.0,17.2,17.17
2014-05-12,SB1407,17.2,17.32,17.13,17.32,22178.0,,NO.11糖1407,419408.0,17.29,17.32
2014-05-13,SB1407,17.31,17.84,17.3,17.83,73509.0,,NO.11糖1407,421663.0,17.8,17.83
2014-05-14,SB1407,17.84,18.28,17.83,18.25,72901.0,,NO.11糖1407,421976.0,18.25,18.25
2014-05-15,SB1407,18.21,18.25,17.81,18.17,78591.0,,NO.11糖1407,412160.0,18.2,18.17
2014-05-16,SB1407,18.15,18.23,17.86,17.87,44833.0,,NO.11糖1407,407698.0,17.91,17.87
2014-05-19,SB1407,17.93,17.99,17.72,17.76,44593.0,,NO.11糖1407,404920.0,17.77,17.76
2014-05-20,SB1407,17.75,17.87,17.53,17.6,52145.0,,NO.11糖1407,399663.0,17.58,17.6
2014-05-21,SB1407,17.59,17.59,17.35,17.45,60904.0,,NO.11糖1407,388023.0,17.44,17.45
2014-05-22,SB1407,17.46,17.54,17.36,17.36,56960.0,,NO.11糖1407,379239.0,17.38,17.36
2014-05-23,SB1407,17.34,17.45,17.26,17.45,37754.0,,NO.11糖1407,,17.37,17.45
2014-05-27,SB1407,17.33,17.34,16.95,17.01,87321.0,,NO.11糖1407,367260.0,17.02,17.01
2014-05-28,SB1407,17.02,17.18,17.01,17.15,45141.0,,NO.11糖1407,366479.0,17.11,17.15
2014-05-29,SB1407,17.17,17.57,17.17,17.5,60818.0,,NO.11糖1407,367769.0,17.48,17.5
2014-05-30,SB1407,17.5,17.54,17.25,17.37,53299.0,,NO.11糖1407,362212.0,17.38,17.37
2014-06-02,SB1407,17.45,17.54,17.12,17.16,66611.0,,NO.11糖1407,342216.0,17.18,17.16
2014-06-03,SB1407,17.16,17.28,17.13,17.17,55662.0,,NO.11糖1407,328514.0,17.19,17.17
2014-06-04,SB1407,17.18,17.26,17.01,17.03,65012.0,,NO.11糖1407,315794.0,17.04,17.03
2014-06-05,SB1407,17.03,17.1,16.81,16.85,79857.0,,NO.11糖1407,295437.0,16.83,16.85
2014-06-06,SB1407,16.85,16.99,16.77,16.98,95724.0,,NO.11糖1407,277239.0,16.92,16.98
2014-06-09,SB1407,16.97,17.17,16.93,17.03,88993.0,,NO.11糖1407,258474.0,16.98,17.03
2014-06-10,SB1407,17.04,17.08,16.84,16.94,108178.0,,NO.11糖1407,224049.0,16.97,16.94
2014-06-11,SB1407,16.95,16.95,16.75,16.83,82689.0,,NO.11糖1407,190637.0,16.81,16.83
2014-06-12,SB1407,16.78,16.87,16.68,16.69,75203.0,,NO.11糖1407,168715.0,16.7,16.69
2014-06-13,SB1407,16.73,17.17,16.67,17.02,65008.0,,NO.11糖1407,160137.0,17.04,17.02
2014-06-16,SB1407,17.15,17.22,17.04,17.13,71731.0,,NO.11糖1407,128996.0,17.1,17.13
2014-06-17,SB1407,17.07,17.1,16.96,17.1,55458.0,,NO.11糖1407,109526.0,17.06,17.1
2014-06-18,SB1407,17.09,17.55,17.04,17.49,86555.0,,NO.11糖1407,95700.0,17.53,17.49
2014-06-19,SB1407,17.48,17.98,17.38,17.93,57595.0,,NO.11糖1407,77947.0,17.94,17.93
2014-06-20,SB1407,17.93,17.96,17.83,17.91,29754.0,,NO.11糖1407,69943.0,17.92,17.91
2014-06-23,SB1407,17.96,17.98,17.72,17.78,36813.0,,NO.11糖1407,57198.0,17.85,17.78
2014-06-24,SB1407,17.8,17.88,17.66,17.84,62602.0,,NO.11糖1407,38189.0,17.81,17.84
2014-06-25,SB1407,17.79,17.84,17.53,17.77,40575.0,,NO.11糖1407,27169.0,17.72,17.77
2014-06-26,SB1407,17.75,17.81,17.52,17.61,37885.0,,NO.11糖1407,11271.0,17.57,17.61
2014-06-27,SB1407,17.69,17.69,16.82,17.0,18339.0,,NO.11糖1407,2092.0,16.85,17.0
2014-06-30,SB1407,16.9,17.21,16.49,16.63,2347.0,,NO.11糖1407,761.0,16.62,16.63
