date,symbol,open,high,low,close,volume,amount,name,openinterest,settleprice,price
2011-04-01,SB1403,20.75,20.75,20.62,20.62,51.0,,NO.11糖1403,51.0,20.75,20.62
2011-04-04,SB1403,20.8,20.96,20.8,20.92,41.0,,NO.11糖1403,92.0,20.96,20.92
2011-04-05,SB1403,,,,20.95,0.0,,NO.11糖1403,92.0,20.95,20.95
2011-04-06,SB1403,,,,20.93,0.0,,NO.11糖1403,92.0,20.93,20.93
2011-04-07,SB1403,21.07,21.07,21.07,21.07,1.0,,NO.11糖1403,93.0,21.24,21.07
2011-04-08,SB1403,,,,21.42,0.0,,NO.11糖1403,93.0,21.42,21.42
2011-04-11,SB1403,21.43,21.5,21.39,21.39,100.0,,NO.11糖1403,190.0,21.4,21.39
2011-04-12,SB1403,21.38,21.38,21.38,21.38,6.0,,NO.11糖1403,196.0,21.39,21.38
2011-04-13,SB1403,,,,21.51,0.0,,NO.11糖1403,196.0,21.51,21.51
2011-04-14,SB1403,21.42,21.42,21.12,21.27,103.0,,NO.11糖1403,297.0,21.35,21.27
2011-04-15,SB1403,21.17,21.17,21.17,21.17,1.0,,NO.11糖1403,298.0,21.26,21.17
2011-04-18,SB1403,21.4,21.4,21.4,21.4,55.0,,NO.11糖1403,350.0,21.4,21.4
2011-04-19,SB1403,21.27,21.51,21.16,21.4,40.0,,NO.11糖1403,391.0,21.04,21.4
2011-04-20,SB1403,21.3,21.5,21.3,21.45,42.0,,NO.11糖1403,431.0,21.5,21.45
2011-04-21,SB1403,21.5,21.5,21.04,21.34,17.0,,NO.11糖1403,444.0,21.17,21.34
2011-04-25,SB1403,21.1,21.21,21.08,21.21,26.0,,NO.11糖1403,470.0,21.19,21.21
2011-04-26,SB1403,,,,21.23,0.0,,NO.11糖1403,470.0,21.23,21.23
2011-04-27,SB1403,21.21,21.75,21.21,21.75,84.0,,NO.11糖1403,548.0,21.73,21.75
2011-04-28,SB1403,21.68,21.84,21.55,21.74,178.0,,NO.11糖1403,714.0,21.84,21.74
2011-04-29,SB1403,21.48,21.8,21.38,21.8,163.0,,NO.11糖1403,870.0,21.81,21.8
2011-05-02,SB1403,21.41,21.45,21.3,21.35,252.0,,NO.11糖1403,1041.0,21.39,21.35
2011-05-03,SB1403,21.5,21.54,21.43,21.43,91.0,,NO.11糖1403,1128.0,21.54,21.43
2011-05-04,SB1403,21.29,21.45,21.29,21.3,35.0,,NO.11糖1403,1148.0,21.4,21.3
2011-05-05,SB1403,21.21,21.21,20.76,20.9,82.0,,NO.11糖1403,1204.0,21.02,20.9
2011-05-06,SB1403,20.8,21.15,20.71,20.71,18.0,,NO.11糖1403,1217.0,20.71,20.71
2011-05-09,SB1403,,,,21.0,0.0,,NO.11糖1403,1217.0,21.0,21.0
2011-05-10,SB1403,21.12,21.55,21.12,21.54,35.0,,NO.11糖1403,1231.0,21.52,21.54
2011-05-11,SB1403,21.38,21.38,21.12,21.12,7.0,,NO.11糖1403,1232.0,21.25,21.12
2011-05-12,SB1403,20.96,21.51,20.9,21.51,60.0,,NO.11糖1403,1254.0,21.52,21.51
2011-05-13,SB1403,21.34,21.65,21.32,21.32,36.0,,NO.11糖1403,1276.0,21.4,21.32
2011-05-16,SB1403,21.2,21.3,21.04,21.15,77.0,,NO.11糖1403,1304.0,21.25,21.15
2011-05-17,SB1403,21.05,21.05,20.88,20.88,25.0,,NO.11糖1403,1318.0,21.33,20.88
2011-05-18,SB1403,21.61,21.66,21.2,21.2,292.0,,NO.11糖1403,1469.0,21.34,21.2
2011-05-19,SB1403,20.79,21.15,20.79,20.91,73.0,,NO.11糖1403,1481.0,20.85,20.91
2011-05-20,SB1403,20.83,21.1,20.78,20.85,187.0,,NO.11糖1403,1643.0,20.98,20.85
2011-05-23,SB1403,20.5,20.68,20.5,20.54,89.0,,NO.11糖1403,1642.0,20.44,20.54
2011-05-24,SB1403,20.85,20.99,20.64,20.64,25.0,,NO.11糖1403,1660.0,20.68,20.64
2011-05-25,SB1403,20.65,20.93,20.61,20.93,82.0,,NO.11糖1403,1690.0,20.9,20.93
2011-05-26,SB1403,20.74,20.74,20.72,20.73,19.0,,NO.11糖1403,1690.0,20.94,20.73
2011-05-27,SB1403,21.1,21.11,21.1,21.1,29.0,,NO.11糖1403,1719.0,21.12,21.1
2011-05-31,SB1403,21.15,21.27,21.13,21.2,147.0,,NO.11糖1403,1804.0,21.35,21.2
2011-06-01,SB1403,21.35,21.35,20.9,21.19,57.0,,NO.11糖1403,1845.0,20.84,21.19
2011-06-02,SB1403,21.31,21.78,21.3,21.64,201.0,,NO.11糖1403,1895.0,21.73,21.64
2011-06-03,SB1403,21.57,21.65,21.5,21.5,66.0,,NO.11糖1403,1940.0,21.58,21.5
2011-06-06,SB1403,21.56,21.56,21.56,21.56,1.0,,NO.11糖1403,1940.0,21.48,21.56
2011-06-07,SB1403,21.41,21.72,21.34,21.63,54.0,,NO.11糖1403,1986.0,21.59,21.63
2011-06-08,SB1403,21.44,21.49,21.44,21.49,40.0,,NO.11糖1403,2005.0,21.59,21.49
2011-06-09,SB1403,21.67,21.67,21.67,21.67,170.0,,NO.11糖1403,2124.0,21.63,21.67
2011-06-10,SB1403,21.42,21.42,21.4,21.4,2.0,,NO.11糖1403,2123.0,21.69,21.4
2011-06-13,SB1403,21.84,21.84,21.35,21.55,8.0,,NO.11糖1403,2129.0,21.64,21.55
2011-06-14,SB1403,21.23,21.55,21.23,21.48,19.0,,NO.11糖1403,2130.0,21.55,21.48
2011-06-15,SB1403,,,,21.42,0.0,,NO.11糖1403,2130.0,21.42,21.42
2011-06-16,SB1403,21.32,21.76,21.32,21.65,26.0,,NO.11糖1403,2143.0,21.73,21.65
2011-06-17,SB1403,21.59,21.83,21.59,21.8,123.0,,NO.11糖1403,2152.0,21.75,21.8
2011-06-20,SB1403,21.7,21.85,21.65,21.85,151.0,,NO.11糖1403,2255.0,21.83,21.85
2011-06-21,SB1403,21.5,21.69,21.41,21.6,47.0,,NO.11糖1403,2282.0,21.64,21.6
2011-06-22,SB1403,21.45,21.5,21.4,21.5,87.0,,NO.11糖1403,2280.0,21.61,21.5
2011-06-23,SB1403,20.82,21.55,20.82,21.5,100.0,,NO.11糖1403,2317.0,21.54,21.5
2011-06-24,SB1403,21.57,21.65,21.3,21.63,64.0,,NO.11糖1403,2330.0,21.62,21.63
2011-06-27,SB1403,21.23,21.57,21.2,21.57,51.0,,NO.11糖1403,2350.0,21.56,21.57
2011-06-28,SB1403,21.57,21.7,21.48,21.48,88.0,,NO.11糖1403,2425.0,21.58,21.48
2011-06-29,SB1403,21.55,21.55,21.25,21.51,15.0,,NO.11糖1403,2430.0,21.45,21.51
2011-06-30,SB1403,21.6,21.6,21.0,21.27,50.0,,NO.11糖1403,2420.0,21.65,21.27
2011-07-01,SB1403,21.84,21.94,21.75,21.75,8.0,,NO.11糖1403,2424.0,21.8,21.75
2011-07-05,SB1403,21.8,21.85,21.7,21.85,77.0,,NO.11糖1403,2494.0,21.8,21.85
2011-07-06,SB1403,21.8,21.9,21.8,21.9,10.0,,NO.11糖1403,2503.0,21.88,21.9
2011-07-07,SB1403,21.84,21.99,21.68,21.92,50.0,,NO.11糖1403,2545.0,21.86,21.92
2011-07-08,SB1403,21.8,21.97,21.5,21.8,115.0,,NO.11糖1403,2591.0,21.92,21.8
2011-07-11,SB1403,21.58,21.77,21.55,21.6,83.0,,NO.11糖1403,2661.0,21.56,21.6
2011-07-12,SB1403,21.59,21.67,21.45,21.55,80.0,,NO.11糖1403,2734.0,21.65,21.55
2011-07-13,SB1403,21.45,21.57,21.19,21.3,101.0,,NO.11糖1403,2741.0,21.33,21.3
2011-07-14,SB1403,21.0,21.15,20.95,20.95,54.0,,NO.11糖1403,2748.0,21.21,20.95
2011-07-15,SB1403,21.0,21.17,20.91,20.91,57.0,,NO.11糖1403,2760.0,20.86,20.91
2011-07-18,SB1403,20.98,21.0,20.8,20.8,82.0,,NO.11糖1403,2782.0,21.14,20.8
2011-07-19,SB1403,21.46,21.55,21.07,21.55,101.0,,NO.11糖1403,2839.0,21.57,21.55
2011-07-20,SB1403,21.45,21.99,21.4,21.99,57.0,,NO.11糖1403,2822.0,22.0,21.99
2011-07-21,SB1403,21.92,22.05,21.91,22.04,179.0,,NO.11糖1403,2992.0,22.1,22.04
2011-07-22,SB1403,22.07,22.2,22.07,22.2,96.0,,NO.11糖1403,3081.0,22.17,22.2
2011-07-25,SB1403,21.96,21.96,21.96,21.96,1.0,,NO.11糖1403,3081.0,22.14,21.96
2011-07-26,SB1403,22.25,22.46,22.14,22.46,90.0,,NO.11糖1403,3167.0,22.39,22.46
2011-07-27,SB1403,22.4,22.5,22.3,22.5,31.0,,NO.11糖1403,3178.0,22.5,22.5
2011-07-28,SB1403,22.5,22.55,22.07,22.12,45.0,,NO.11糖1403,3181.0,22.23,22.12
2011-07-29,SB1403,,,,22.19,120.0,,NO.11糖1403,3182.0,22.19,22.19
2011-08-01,SB1403,22.3,22.48,22.13,22.13,26.0,,NO.11糖1403,3158.0,22.03,22.13
2011-08-02,SB1403,22.1,22.28,22.08,22.28,189.0,,NO.11糖1403,3239.0,22.18,22.28
2011-08-03,SB1403,22.18,22.18,21.95,22.0,68.0,,NO.11糖1403,3276.0,22.05,22.0
2011-08-04,SB1403,22.0,22.13,21.85,22.13,38.0,,NO.11糖1403,3280.0,22.17,22.13
2011-08-05,SB1403,21.85,22.21,21.85,22.16,66.0,,NO.11糖1403,3313.0,22.15,22.16
2011-08-08,SB1403,21.91,22.2,21.85,22.2,108.0,,NO.11糖1403,3265.0,22.11,22.2
2011-08-09,SB1403,22.2,22.2,21.85,21.85,174.0,,NO.11糖1403,3221.0,21.93,21.85
2011-08-10,SB1403,22.0,22.0,21.75,21.87,177.0,,NO.11糖1403,3238.0,21.81,21.87
2011-08-11,SB1403,21.9,22.04,21.73,21.73,291.0,,NO.11糖1403,3456.0,21.7,21.73
2011-08-12,SB1403,21.76,22.45,21.72,22.43,791.0,,NO.11糖1403,4078.0,22.43,22.43
2011-08-15,SB1403,22.52,22.6,22.2,22.6,192.0,,NO.11糖1403,4212.0,22.36,22.6
2011-08-16,SB1403,22.38,22.7,22.37,22.48,116.0,,NO.11糖1403,4142.0,22.5,22.48
2011-08-17,SB1403,22.33,22.95,22.33,22.95,186.0,,NO.11糖1403,4102.0,22.97,22.95
2011-08-18,SB1403,22.69,22.89,22.69,22.84,64.0,,NO.11糖1403,4141.0,22.76,22.84
2011-08-19,SB1403,22.8,23.0,22.8,22.85,60.0,,NO.11糖1403,4152.0,22.86,22.85
2011-08-22,SB1403,22.49,22.73,22.48,22.58,18.0,,NO.11糖1403,4148.0,22.78,22.58
2011-08-23,SB1403,22.65,22.81,22.5,22.62,77.0,,NO.11糖1403,4217.0,22.83,22.62
2011-08-24,SB1403,22.87,23.0,22.45,22.5,136.0,,NO.11糖1403,4334.0,22.83,22.5
2011-08-25,SB1403,22.5,22.8,22.3,22.8,99.0,,NO.11糖1403,4385.0,22.87,22.8
2011-08-26,SB1403,22.51,23.29,22.51,23.25,337.0,,NO.11糖1403,4431.0,23.29,23.25
2011-08-29,SB1403,22.97,23.24,22.97,23.24,45.0,,NO.11糖1403,4469.0,23.3,23.24
2011-08-30,SB1403,23.13,23.42,23.1,23.27,109.0,,NO.11糖1403,4518.0,23.24,23.27
2011-08-31,SB1403,23.25,23.45,23.2,23.44,41.0,,NO.11糖1403,4530.0,23.44,23.44
2011-09-01,SB1403,,,,23.27,4.0,,NO.11糖1403,4534.0,23.27,23.27
2011-09-02,SB1403,23.2,23.2,22.99,23.11,49.0,,NO.11糖1403,4555.0,23.19,23.11
2011-09-06,SB1403,22.98,22.98,22.7,22.8,84.0,,NO.11糖1403,4625.0,22.83,22.8
2011-09-07,SB1403,22.8,22.96,22.8,22.9,32.0,,NO.11糖1403,4653.0,22.79,22.9
2011-09-08,SB1403,23.0,23.0,22.9,22.95,66.0,,NO.11糖1403,4699.0,22.75,22.95
2011-09-09,SB1403,22.9,22.9,22.8,22.82,176.0,,NO.11糖1403,4796.0,22.86,22.82
2011-09-12,SB1403,22.85,23.1,22.85,23.03,87.0,,NO.11糖1403,4866.0,23.11,23.03
2011-09-13,SB1403,22.92,23.18,22.92,23.18,70.0,,NO.11糖1403,4887.0,23.09,23.18
2011-09-14,SB1403,22.99,23.16,22.91,23.09,104.0,,NO.11糖1403,4961.0,23.26,23.09
2011-09-15,SB1403,23.15,23.43,23.08,23.41,172.0,,NO.11糖1403,5061.0,23.49,23.41
2011-09-16,SB1403,23.3,23.32,22.93,22.96,332.0,,NO.11糖1403,5143.0,22.93,22.96
2011-09-19,SB1403,23.07,23.21,23.01,23.06,131.0,,NO.11糖1403,5196.0,23.09,23.06
2011-09-20,SB1403,23.03,23.06,22.7,22.7,95.0,,NO.11糖1403,5265.0,22.81,22.7
2011-09-21,SB1403,22.68,22.85,22.61,22.61,209.0,,NO.11糖1403,5369.0,22.64,22.61
2011-09-22,SB1403,22.53,22.53,22.09,22.22,110.0,,NO.11糖1403,5334.0,22.17,22.22
2011-09-23,SB1403,22.11,22.15,21.8,21.8,487.0,,NO.11糖1403,5370.0,21.81,21.8
2011-09-26,SB1403,21.95,22.1,21.8,22.02,7.0,,NO.11糖1403,5375.0,21.97,22.02
2011-09-27,SB1403,22.35,22.45,22.35,22.45,11.0,,NO.11糖1403,5375.0,22.39,22.45
2011-09-28,SB1403,22.73,22.77,22.43,22.43,108.0,,NO.11糖1403,5415.0,22.49,22.43
2011-09-29,SB1403,22.59,23.25,22.47,22.94,569.0,,NO.11糖1403,5710.0,23.02,22.94
2011-09-30,SB1403,22.66,22.8,22.23,22.27,172.0,,NO.11糖1403,5741.0,22.32,22.27
2011-10-03,SB1403,22.11,22.11,21.85,21.85,201.0,,NO.11糖1403,5816.0,21.85,21.85
2011-10-04,SB1403,21.8,22.07,21.8,22.06,319.0,,NO.11糖1403,5887.0,21.98,22.06
2011-10-05,SB1403,22.23,22.25,22.2,22.2,25.0,,NO.11糖1403,5909.0,22.04,22.2
2011-10-06,SB1403,22.16,22.24,22.01,22.22,22.0,,NO.11糖1403,5912.0,22.09,22.22
2011-10-07,SB1403,22.57,22.67,22.47,22.47,48.0,,NO.11糖1403,5917.0,22.35,22.47
2011-10-10,SB1403,22.35,22.93,22.35,22.73,90.0,,NO.11糖1403,5983.0,22.88,22.73
2011-10-11,SB1403,22.49,22.8,22.44,22.8,93.0,,NO.11糖1403,6000.0,22.72,22.8
2011-10-12,SB1403,22.85,22.94,22.8,22.91,34.0,,NO.11糖1403,6005.0,22.94,22.91
2011-10-13,SB1403,22.98,23.8,22.98,23.74,509.0,,NO.11糖1403,6209.0,23.78,23.74
2011-10-14,SB1403,23.54,24.25,23.54,24.25,552.0,,NO.11糖1403,6516.0,24.25,24.25
2011-10-17,SB1403,24.15,24.2,24.02,24.02,95.0,,NO.11糖1403,6549.0,24.06,24.02
2011-10-18,SB1403,23.93,23.98,23.93,23.93,13.0,,NO.11糖1403,6560.0,23.95,23.93
2011-10-19,SB1403,23.81,24.0,23.52,23.56,90.0,,NO.11糖1403,6535.0,23.64,23.56
2011-10-20,SB1403,23.16,23.85,23.0,23.83,62.0,,NO.11糖1403,6541.0,23.84,23.83
2011-10-21,SB1403,23.96,24.12,23.51,23.66,103.0,,NO.11糖1403,6598.0,23.56,23.66
2011-10-24,SB1403,23.77,24.11,23.75,23.98,27.0,,NO.11糖1403,6603.0,23.98,23.98
2011-10-25,SB1403,24.14,24.36,24.05,24.12,121.0,,NO.11糖1403,6666.0,23.9,24.12
2011-10-26,SB1403,24.19,24.19,23.87,23.92,45.0,,NO.11糖1403,6698.0,23.92,23.92
2011-10-27,SB1403,24.18,24.45,24.1,24.36,202.0,,NO.11糖1403,6759.0,24.33,24.36
2011-10-28,SB1403,24.25,24.27,24.15,24.15,5.0,,NO.11糖1403,6761.0,24.1,24.15
2011-10-31,SB1403,24.0,24.08,23.87,23.87,30.0,,NO.11糖1403,6764.0,23.87,23.87
2011-11-01,SB1403,23.76,23.96,23.67,23.7,240.0,,NO.11糖1403,6843.0,23.74,23.7
2011-11-02,SB1403,23.88,23.92,23.75,23.75,505.0,,NO.11糖1403,6894.0,23.69,23.75
2011-11-03,SB1403,23.71,23.92,23.71,23.75,167.0,,NO.11糖1403,6886.0,23.78,23.75
2011-11-04,SB1403,23.84,23.84,23.7,23.73,35.0,,NO.11糖1403,6897.0,23.72,23.73
2011-11-07,SB1403,23.74,23.74,23.74,23.74,1.0,,NO.11糖1403,6901.0,23.78,23.74
2011-11-08,SB1403,23.8,24.19,23.8,24.19,192.0,,NO.11糖1403,6999.0,24.18,24.19
2011-11-09,SB1403,23.83,23.88,23.83,23.85,233.0,,NO.11糖1403,7202.0,23.89,23.85
2011-11-10,SB1403,23.78,23.92,23.72,23.88,55.0,,NO.11糖1403,7235.0,23.9,23.88
2011-11-11,SB1403,23.68,23.95,23.46,23.94,151.0,,NO.11糖1403,7265.0,23.94,23.94
2011-11-14,SB1403,23.78,23.8,23.49,23.49,41.0,,NO.11糖1403,7274.0,23.55,23.49
2011-11-15,SB1403,23.6,23.66,23.45,23.5,317.0,,NO.11糖1403,7522.0,23.57,23.5
2011-11-16,SB1403,23.5,23.6,23.47,23.47,245.0,,NO.11糖1403,7651.0,23.47,23.47
2011-11-17,SB1403,23.39,23.44,23.23,23.41,758.0,,NO.11糖1403,7864.0,23.23,23.41
2011-11-18,SB1403,23.33,23.4,23.1,23.16,60.0,,NO.11糖1403,7883.0,23.06,23.16
2011-11-21,SB1403,23.12,23.17,23.07,23.16,39.0,,NO.11糖1403,7878.0,23.18,23.16
2011-11-22,SB1403,23.04,23.05,22.8,22.94,195.0,,NO.11糖1403,7867.0,22.9,22.94
2011-11-23,SB1403,22.95,23.0,22.68,22.79,376.0,,NO.11糖1403,7811.0,22.69,22.79
2011-11-25,SB1403,22.49,22.57,22.49,22.54,91.0,,NO.11糖1403,7878.0,22.42,22.54
2011-11-28,SB1403,22.67,22.81,22.67,22.7,216.0,,NO.11糖1403,7719.0,22.7,22.7
2011-11-29,SB1403,22.56,22.94,22.56,22.88,532.0,,NO.11糖1403,7568.0,22.81,22.88
2011-11-30,SB1403,22.8,23.2,22.8,23.19,768.0,,NO.11糖1403,7928.0,23.17,23.19
2011-12-01,SB1403,23.09,23.3,23.01,23.3,415.0,,NO.11糖1403,8060.0,23.3,23.3
2011-12-02,SB1403,23.26,23.34,23.14,23.14,214.0,,NO.11糖1403,8156.0,23.14,23.14
2011-12-05,SB1403,23.1,23.38,23.1,23.38,554.0,,NO.11糖1403,8621.0,23.38,23.38
2011-12-06,SB1403,23.31,23.43,23.31,23.4,29.0,,NO.11糖1403,8618.0,23.45,23.4
2011-12-07,SB1403,23.26,23.41,22.65,22.69,195.0,,NO.11糖1403,8607.0,22.74,22.69
2011-12-08,SB1403,22.94,23.5,22.94,23.47,408.0,,NO.11糖1403,8750.0,23.48,23.47
2011-12-09,SB1403,23.4,23.4,22.65,22.83,100.0,,NO.11糖1403,8741.0,22.87,22.83
2011-12-12,SB1403,22.7,22.82,22.7,22.82,30.0,,NO.11糖1403,8736.0,22.87,22.82
2011-12-13,SB1403,22.92,23.14,22.92,23.14,341.0,,NO.11糖1403,8832.0,23.12,23.14
2011-12-14,SB1403,23.07,23.07,22.53,22.68,72.0,,NO.11糖1403,8880.0,22.63,22.68
2011-12-15,SB1403,22.84,22.84,22.72,22.81,40.0,,NO.11糖1403,8882.0,22.82,22.81
2011-12-16,SB1403,22.9,23.1,22.87,23.1,35.0,,NO.11糖1403,8890.0,23.06,23.1
2011-12-19,SB1403,22.89,23.08,22.87,23.07,199.0,,NO.11糖1403,8987.0,23.03,23.07
2011-12-20,SB1403,23.03,23.2,22.92,23.06,538.0,,NO.11糖1403,9151.0,23.11,23.06
2011-12-21,SB1403,22.79,23.1,22.78,23.1,15.0,,NO.11糖1403,9154.0,23.1,23.1
2011-12-22,SB1403,23.0,23.15,23.0,23.13,156.0,,NO.11糖1403,9249.0,23.13,23.13
2011-12-23,SB1403,23.01,23.1,22.99,22.99,120.0,,NO.11糖1403,9255.0,23.06,22.99
2011-12-27,SB1403,23.15,23.15,23.15,23.15,1.0,,NO.11糖1403,9255.0,23.01,23.15
2011-12-28,SB1403,22.98,23.02,22.53,22.95,72.0,,NO.11糖1403,9301.0,22.83,22.95
2011-12-29,SB1403,22.5,23.1,22.5,23.1,29.0,,NO.11糖1403,9322.0,23.1,23.1
2011-12-30,SB1403,22.9,22.9,22.86,22.86,56.0,,NO.11糖1403,9327.0,22.88,22.86
2012-01-03,SB1403,23.1,23.59,23.1,23.59,328.0,,NO.11糖1403,9565.0,23.59,23.59
2012-01-04,SB1403,23.38,23.5,23.38,23.45,8.0,,NO.11糖1403,9563.0,23.53,23.45
2012-01-05,SB1403,23.48,23.48,22.38,22.59,262.0,,NO.11糖1403,9549.0,22.55,22.59
2012-01-06,SB1403,22.78,22.91,22.56,22.56,82.0,,NO.11糖1403,9550.0,22.77,22.56
2012-01-09,SB1403,22.7,22.94,22.45,22.81,89.0,,NO.11糖1403,9554.0,22.92,22.81
2012-01-10,SB1403,22.95,22.96,22.61,22.76,27.0,,NO.11糖1403,9547.0,22.93,22.76
2012-01-11,SB1403,22.86,23.2,22.83,23.2,101.0,,NO.11糖1403,9606.0,23.19,23.2
2012-01-12,SB1403,23.2,23.25,22.86,22.86,93.0,,NO.11糖1403,9672.0,22.88,22.86
2012-01-13,SB1403,22.97,23.42,22.97,23.42,60.0,,NO.11糖1403,9709.0,23.44,23.42
2012-01-17,SB1403,23.36,23.49,23.17,23.33,150.0,,NO.11糖1403,9665.0,23.4,23.33
2012-01-18,SB1403,23.35,23.37,23.22,23.22,20.0,,NO.11糖1403,9678.0,23.4,23.22
2012-01-19,SB1403,23.48,23.51,23.25,23.27,608.0,,NO.11糖1403,10048.0,23.36,23.27
2012-01-20,SB1403,23.39,23.43,23.3,23.43,508.0,,NO.11糖1403,10422.0,23.42,23.43
2012-01-23,SB1403,23.41,23.41,23.41,23.41,206.0,,NO.11糖1403,10422.0,23.49,23.41
2012-01-24,SB1403,23.45,23.45,23.39,23.39,37.0,,NO.11糖1403,10438.0,23.44,23.39
2012-01-25,SB1403,23.3,23.53,23.26,23.53,125.0,,NO.11糖1403,10430.0,23.54,23.53
2012-01-26,SB1403,23.54,23.55,23.47,23.55,229.0,,NO.11糖1403,10471.0,23.54,23.55
2012-01-27,SB1403,23.5,23.55,23.4,23.4,183.0,,NO.11糖1403,10545.0,23.45,23.4
2012-01-30,SB1403,23.4,23.5,23.15,23.15,119.0,,NO.11糖1403,10584.0,23.17,23.15
2012-01-31,SB1403,23.27,23.47,23.23,23.23,173.0,,NO.11糖1403,10535.0,23.26,23.23
2012-02-01,SB1403,23.3,23.59,23.29,23.53,563.0,,NO.11糖1403,10705.0,23.53,23.53
2012-02-02,SB1403,23.4,23.61,23.4,23.5,258.0,,NO.11糖1403,10852.0,23.43,23.5
2012-02-03,SB1403,23.27,23.75,23.26,23.75,213.0,,NO.11糖1403,10870.0,23.72,23.75
2012-02-06,SB1403,23.62,23.82,23.62,23.78,160.0,,NO.11糖1403,10919.0,23.81,23.78
2012-02-07,SB1403,23.62,23.8,23.57,23.7,443.0,,NO.11糖1403,10714.0,23.73,23.7
2012-02-08,SB1403,23.58,23.85,23.58,23.8,25.0,,NO.11糖1403,10736.0,23.77,23.8
2012-02-09,SB1403,23.77,23.8,23.58,23.66,123.0,,NO.11糖1403,10743.0,23.73,23.66
2012-02-10,SB1403,23.57,23.93,23.51,23.92,208.0,,NO.11糖1403,10811.0,23.92,23.92
2012-02-13,SB1403,23.79,23.87,23.79,23.87,35.0,,NO.11糖1403,10824.0,23.93,23.87
2012-02-14,SB1403,23.74,23.78,23.63,23.69,117.0,,NO.11糖1403,10825.0,23.69,23.69
2012-02-15,SB1403,23.73,23.78,23.65,23.72,183.0,,NO.11糖1403,10892.0,23.81,23.72
2012-02-16,SB1403,23.6,24.0,23.6,23.97,295.0,,NO.11糖1403,11016.0,23.99,23.97
2012-02-17,SB1403,23.96,24.01,23.9,24.01,207.0,,NO.11糖1403,11094.0,24.01,24.01
2012-02-21,SB1403,23.96,24.1,23.92,24.1,544.0,,NO.11糖1403,11138.0,24.1,24.1
2012-02-22,SB1403,23.93,24.21,23.92,24.21,686.0,,NO.11糖1403,11501.0,24.24,24.21
2012-02-23,SB1403,24.1,24.29,23.99,24.29,847.0,,NO.11糖1403,11750.0,24.29,24.29
2012-02-24,SB1403,24.11,24.3,24.09,24.3,509.0,,NO.11糖1403,12170.0,24.33,24.3
2012-02-27,SB1403,24.23,24.39,24.2,24.22,339.0,,NO.11糖1403,12262.0,24.17,24.22
2012-02-28,SB1403,24.15,24.38,24.14,24.37,338.0,,NO.11糖1403,12447.0,24.36,24.37
2012-02-29,SB1403,24.25,24.36,24.07,24.35,415.0,,NO.11糖1403,12645.0,24.35,24.35
2012-03-01,SB1403,24.13,24.4,24.1,24.4,309.0,,NO.11糖1403,12836.0,24.41,24.4
2012-03-02,SB1403,24.25,24.35,24.15,24.34,221.0,,NO.11糖1403,12996.0,24.34,24.34
2012-03-05,SB1403,24.33,24.33,24.01,24.04,141.0,,NO.11糖1403,12994.0,24.03,24.04
2012-03-06,SB1403,23.7,23.95,23.62,23.62,73.0,,NO.11糖1403,13019.0,23.61,23.62
2012-03-07,SB1403,23.59,23.7,23.46,23.65,424.0,,NO.11糖1403,13114.0,23.65,23.65
2012-03-08,SB1403,23.6,23.73,23.57,23.64,89.0,,NO.11糖1403,13112.0,23.53,23.64
2012-03-09,SB1403,23.6,23.7,23.25,23.36,288.0,,NO.11糖1403,13247.0,23.44,23.36
2012-03-12,SB1403,23.21,23.56,23.18,23.5,150.0,,NO.11糖1403,13302.0,23.53,23.5
2012-03-13,SB1403,23.67,23.69,23.33,23.69,98.0,,NO.11糖1403,13362.0,23.74,23.69
2012-03-14,SB1403,23.5,23.77,23.5,23.64,171.0,,NO.11糖1403,13392.0,23.76,23.64
2012-03-15,SB1403,23.66,24.16,23.66,24.11,320.0,,NO.11糖1403,13590.0,24.14,24.11
2012-03-16,SB1403,23.93,24.26,23.93,24.25,479.0,,NO.11糖1403,13875.0,24.24,24.25
2012-03-19,SB1403,24.17,24.27,24.06,24.25,119.0,,NO.11糖1403,13893.0,24.27,24.25
2012-03-20,SB1403,24.22,24.27,23.88,24.08,443.0,,NO.11糖1403,14123.0,24.09,24.08
2012-03-21,SB1403,23.81,24.2,23.81,23.84,240.0,,NO.11糖1403,14232.0,23.87,23.84
2012-03-22,SB1403,23.71,24.15,23.71,24.13,477.0,,NO.11糖1403,14559.0,24.14,24.13
2012-03-23,SB1403,24.05,24.17,23.99,24.01,730.0,,NO.11糖1403,14634.0,24.08,24.01
2012-03-26,SB1403,24.15,24.15,23.9,23.95,198.0,,NO.11糖1403,14728.0,23.95,23.95
2012-03-27,SB1403,23.96,24.02,23.74,24.01,534.0,,NO.11糖1403,15070.0,23.9,24.01
2012-03-28,SB1403,23.9,23.9,23.65,23.84,294.0,,NO.11糖1403,15311.0,23.75,23.84
2012-03-29,SB1403,23.63,24.0,23.63,24.0,194.0,,NO.11糖1403,15425.0,23.95,24.0
2012-03-30,SB1403,24.0,24.1,23.74,24.05,443.0,,NO.11糖1403,15746.0,24.05,24.05
2012-04-02,SB1403,23.92,24.1,23.81,24.1,153.0,,NO.11糖1403,15815.0,24.09,24.1
2012-04-03,SB1403,23.99,24.05,23.91,23.98,386.0,,NO.11糖1403,16025.0,24.01,23.98
2012-04-04,SB1403,24.0,24.06,23.69,24.01,717.0,,NO.11糖1403,16529.0,23.86,24.01
2012-04-05,SB1403,23.91,24.1,23.75,24.05,697.0,,NO.11糖1403,16970.0,24.06,24.05
2012-04-09,SB1403,24.1,24.15,24.0,24.03,247.0,,NO.11糖1403,17130.0,24.0,24.03
2012-04-10,SB1403,24.0,24.03,23.75,23.9,263.0,,NO.11糖1403,17290.0,23.91,23.9
2012-04-11,SB1403,23.89,23.95,23.81,23.95,156.0,,NO.11糖1403,17371.0,23.94,23.95
2012-04-12,SB1403,23.85,24.05,23.85,23.99,171.0,,NO.11糖1403,17467.0,24.04,23.99
2012-04-13,SB1403,23.98,24.05,23.56,23.56,202.0,,NO.11糖1403,17490.0,23.6,23.56
2012-04-16,SB1403,23.6,23.6,23.23,23.24,592.0,,NO.11糖1403,17679.0,23.22,23.24
2012-04-17,SB1403,23.16,23.54,23.15,23.54,737.0,,NO.11糖1403,17867.0,23.44,23.54
2012-04-18,SB1403,23.6,23.63,22.95,22.99,280.0,,NO.11糖1403,17913.0,23.03,22.99
2012-04-19,SB1403,23.25,23.26,22.95,23.12,480.0,,NO.11糖1403,18220.0,22.94,23.12
2012-04-20,SB1403,22.93,23.01,22.8,22.85,101.0,,NO.11糖1403,18272.0,22.84,22.85
2012-04-23,SB1403,23.12,23.12,22.81,22.81,58.0,,NO.11糖1403,18281.0,22.78,22.81
2012-04-24,SB1403,22.75,22.86,22.7,22.7,173.0,,NO.11糖1403,18334.0,22.74,22.7
2012-04-25,SB1403,22.94,22.94,22.8,22.8,80.0,,NO.11糖1403,18344.0,22.84,22.8
2012-04-26,SB1403,22.92,22.97,22.6,22.69,673.0,,NO.11糖1403,18649.0,22.67,22.69
2012-04-27,SB1403,22.67,22.91,22.45,22.91,608.0,,NO.11糖1403,18825.0,22.77,22.91
2012-04-30,SB1403,22.89,22.97,22.87,22.91,72.0,,NO.11糖1403,18853.0,22.6,22.91
2012-05-01,SB1403,22.53,22.65,22.47,22.65,295.0,,NO.11糖1403,18990.0,22.61,22.65
2012-05-02,SB1403,22.6,22.6,22.4,22.4,744.0,,NO.11糖1403,19072.0,22.43,22.4
2012-05-03,SB1403,22.51,22.56,22.32,22.49,403.0,,NO.11糖1403,19066.0,22.38,22.49
2012-05-04,SB1403,22.45,22.5,22.35,22.5,265.0,,NO.11糖1403,19000.0,22.47,22.5
2012-05-07,SB1403,22.38,22.7,22.38,22.66,124.0,,NO.11糖1403,19094.0,22.64,22.66
2012-05-08,SB1403,22.54,22.57,22.21,22.31,254.0,,NO.11糖1403,19128.0,22.3,22.31
2012-05-09,SB1403,22.2,22.47,22.2,22.28,240.0,,NO.11糖1403,19023.0,22.27,22.28
2012-05-10,SB1403,22.23,22.45,22.23,22.26,190.0,,NO.11糖1403,19015.0,22.27,22.26
2012-05-11,SB1403,22.09,22.37,22.08,22.17,211.0,,NO.11糖1403,19106.0,22.18,22.17
2012-05-14,SB1403,22.16,22.2,22.12,22.2,62.0,,NO.11糖1403,19111.0,22.22,22.2
2012-05-15,SB1403,22.2,22.49,22.2,22.25,392.0,,NO.11糖1403,19253.0,22.3,22.25
2012-05-16,SB1403,22.25,22.35,22.15,22.29,276.0,,NO.11糖1403,19369.0,22.35,22.29
2012-05-17,SB1403,22.3,22.4,22.21,22.38,191.0,,NO.11糖1403,19360.0,22.38,22.38
2012-05-18,SB1403,22.28,22.38,22.08,22.08,261.0,,NO.11糖1403,19397.0,22.16,22.08
2012-05-21,SB1403,22.21,22.31,22.03,22.06,610.0,,NO.11糖1403,19687.0,22.11,22.06
2012-05-22,SB1403,22.02,22.06,21.77,21.83,613.0,,NO.11糖1403,19803.0,21.79,21.83
2012-05-23,SB1403,21.75,21.79,21.42,21.67,1163.0,,NO.11糖1403,20012.0,21.63,21.67
2012-05-24,SB1403,21.65,21.69,21.56,21.6,256.0,,NO.11糖1403,20083.0,21.59,21.6
2012-05-25,SB1403,21.54,21.59,21.45,21.53,153.0,,NO.11糖1403,20093.0,21.51,21.53
2012-05-29,SB1403,21.48,21.6,21.31,21.45,362.0,,NO.11糖1403,20072.0,21.42,21.45
2012-05-30,SB1403,21.35,21.49,21.18,21.34,424.0,,NO.11糖1403,20144.0,21.3,21.34
2012-05-31,SB1403,21.37,21.41,21.14,21.24,1376.0,,NO.11糖1403,21151.0,21.27,21.24
2012-06-01,SB1403,21.27,21.3,20.9,21.28,1108.0,,NO.11糖1403,21220.0,21.03,21.28
2012-06-04,SB1403,21.05,21.26,21.03,21.16,1110.0,,NO.11糖1403,21891.0,21.14,21.16
2012-06-05,SB1403,21.12,21.21,21.06,21.09,149.0,,NO.11糖1403,21944.0,21.11,21.09
2012-06-06,SB1403,21.05,21.5,21.05,21.47,1131.0,,NO.11糖1403,22410.0,21.44,21.47
2012-06-07,SB1403,21.45,21.46,21.11,21.23,692.0,,NO.11糖1403,22697.0,21.3,21.23
2012-06-08,SB1403,21.23,21.4,21.14,21.36,508.0,,NO.11糖1403,22892.0,21.38,21.36
2012-06-11,SB1403,21.47,21.51,21.2,21.3,457.0,,NO.11糖1403,23229.0,21.35,21.3
2012-06-12,SB1403,21.24,21.34,21.04,21.23,653.0,,NO.11糖1403,23696.0,21.24,21.23
2012-06-13,SB1403,20.97,21.2,20.75,21.17,745.0,,NO.11糖1403,24098.0,21.21,21.17
2012-06-14,SB1403,21.12,21.17,20.97,20.97,366.0,,NO.11糖1403,24116.0,20.96,20.97
2012-06-15,SB1403,21.08,21.26,21.05,21.25,554.0,,NO.11糖1403,24218.0,21.22,21.25
2012-06-18,SB1403,21.15,21.19,20.71,20.86,1309.0,,NO.11糖1403,25246.0,20.84,20.86
2012-06-19,SB1403,20.83,21.33,20.79,21.3,1549.0,,NO.11糖1403,25079.0,21.32,21.3
2012-06-20,SB1403,21.33,21.43,21.26,21.35,438.0,,NO.11糖1403,25260.0,21.39,21.35
2012-06-21,SB1403,21.33,21.48,21.18,21.19,83.0,,NO.11糖1403,25235.0,21.39,21.19
2012-06-22,SB1403,21.18,21.39,20.61,20.9,1181.0,,NO.11糖1403,25717.0,20.94,20.9
2012-06-25,SB1403,20.96,21.08,20.96,21.03,57.0,,NO.11糖1403,25715.0,20.98,21.03
2012-06-26,SB1403,21.08,21.15,21.03,21.11,320.0,,NO.11糖1403,25862.0,21.06,21.11
2012-06-27,SB1403,21.04,21.5,21.04,21.45,922.0,,NO.11糖1403,25739.0,21.46,21.45
2012-06-28,SB1403,21.28,21.62,20.82,21.11,523.0,,NO.11糖1403,25797.0,21.16,21.11
2012-06-29,SB1403,21.28,21.45,21.05,21.43,2026.0,,NO.11糖1403,25482.0,21.39,21.43
2012-07-02,SB1403,21.27,21.7,21.27,21.59,1010.0,,NO.11糖1403,25224.0,21.55,21.59
2012-07-03,SB1403,21.6,21.86,21.6,21.71,1253.0,,NO.11糖1403,25362.0,21.73,21.71
2012-07-05,SB1403,21.84,22.25,21.84,21.98,1303.0,,NO.11糖1403,25674.0,22.11,21.98
2012-07-06,SB1403,22.05,22.26,22.01,22.19,723.0,,NO.11糖1403,25484.0,22.24,22.19
2012-07-09,SB1403,22.19,22.68,22.19,22.61,1220.0,,NO.11糖1403,25766.0,22.65,22.61
2012-07-10,SB1403,22.66,22.8,22.59,22.62,399.0,,NO.11糖1403,25805.0,22.67,22.62
2012-07-11,SB1403,22.64,22.78,22.63,22.76,1271.0,,NO.11糖1403,25968.0,22.73,22.76
2012-07-12,SB1403,22.76,22.85,22.36,22.5,882.0,,NO.11糖1403,26113.0,22.51,22.5
2012-07-13,SB1403,22.64,22.66,22.48,22.55,1252.0,,NO.11糖1403,25664.0,22.62,22.55
2012-07-16,SB1403,22.62,22.65,22.34,22.59,937.0,,NO.11糖1403,25673.0,22.62,22.59
2012-07-17,SB1403,22.5,22.63,22.4,22.63,375.0,,NO.11糖1403,25486.0,22.61,22.63
2012-07-18,SB1403,22.46,22.67,22.39,22.65,1046.0,,NO.11糖1403,25320.0,22.65,22.65
2012-07-19,SB1403,22.65,22.75,22.41,22.55,779.0,,NO.11糖1403,24981.0,22.68,22.55
2012-07-20,SB1403,22.71,22.84,22.46,22.6,1911.0,,NO.11糖1403,24276.0,22.57,22.6
2012-07-23,SB1403,22.64,22.75,22.5,22.5,965.0,,NO.11糖1403,23892.0,22.64,22.5
2012-07-24,SB1403,22.61,22.75,22.44,22.65,507.0,,NO.11糖1403,23819.0,22.6,22.65
2012-07-25,SB1403,22.72,22.78,22.6,22.71,458.0,,NO.11糖1403,23891.0,22.74,22.71
2012-07-26,SB1403,22.6,22.68,21.99,22.23,812.0,,NO.11糖1403,23670.0,22.24,22.23
2012-07-27,SB1403,22.25,22.41,22.15,22.38,690.0,,NO.11糖1403,23707.0,22.38,22.38
2012-07-30,SB1403,22.47,22.6,22.4,22.41,235.0,,NO.11糖1403,23717.0,22.46,22.41
2012-07-31,SB1403,22.48,22.48,22.22,22.31,577.0,,NO.11糖1403,23811.0,22.26,22.31
2012-08-01,SB1403,22.23,22.45,22.07,22.4,375.0,,NO.11糖1403,23896.0,22.41,22.4
2012-08-02,SB1403,22.3,22.35,22.02,22.25,251.0,,NO.11糖1403,23961.0,22.23,22.25
2012-08-03,SB1403,22.05,22.16,21.95,22.15,472.0,,NO.11糖1403,24138.0,22.14,22.15
2012-08-06,SB1403,22.2,22.2,21.9,21.94,275.0,,NO.11糖1403,24139.0,22.01,21.94
2012-08-07,SB1403,21.99,22.1,21.73,21.85,556.0,,NO.11糖1403,24223.0,21.8,21.85
2012-08-08,SB1403,21.7,21.82,21.57,21.61,1055.0,,NO.11糖1403,24606.0,21.6,21.61
2012-08-09,SB1403,21.62,21.65,21.38,21.44,1494.0,,NO.11糖1403,24537.0,21.39,21.44
2012-08-10,SB1403,21.35,21.44,21.28,21.35,1503.0,,NO.11糖1403,24455.0,21.31,21.35
2012-08-13,SB1403,21.28,21.33,21.01,21.09,885.0,,NO.11糖1403,24535.0,21.03,21.09
2012-08-14,SB1403,21.1,21.26,21.0,21.0,378.0,,NO.11糖1403,24637.0,21.02,21.0
2012-08-15,SB1403,21.24,21.32,21.05,21.32,711.0,,NO.11糖1403,25079.0,21.18,21.32
2012-08-16,SB1403,21.19,21.39,21.16,21.39,1558.0,,NO.11糖1403,25249.0,21.37,21.39
2012-08-17,SB1403,21.39,21.48,21.27,21.3,1001.0,,NO.11糖1403,25816.0,21.29,21.3
2012-08-20,SB1403,21.36,21.48,21.19,21.42,597.0,,NO.11糖1403,26065.0,21.41,21.42
2012-08-21,SB1403,21.3,21.32,20.9,20.91,2265.0,,NO.11糖1403,26120.0,20.93,20.91
2012-08-22,SB1403,21.0,21.17,20.97,20.97,362.0,,NO.11糖1403,26126.0,21.0,20.97
2012-08-23,SB1403,21.06,21.32,20.88,21.01,965.0,,NO.11糖1403,26104.0,20.94,21.01
2012-08-24,SB1403,20.95,21.07,20.85,21.07,393.0,,NO.11糖1403,26149.0,20.93,21.07
2012-08-27,SB1403,21.04,21.11,20.85,20.91,621.0,,NO.11糖1403,26343.0,20.85,20.91
2012-08-28,SB1403,20.87,21.24,20.83,21.17,1707.0,,NO.11糖1403,27088.0,21.26,21.17
2012-08-29,SB1403,21.26,21.4,20.95,20.95,2072.0,,NO.11糖1403,27587.0,20.99,20.95
2012-08-30,SB1403,21.02,21.25,20.98,21.12,2069.0,,NO.11糖1403,27256.0,21.12,21.12
2012-08-31,SB1403,21.14,21.2,21.02,21.16,1751.0,,NO.11糖1403,27377.0,21.16,21.16
2012-09-04,SB1403,21.19,21.32,20.9,20.99,1729.0,,NO.11糖1403,27350.0,20.94,20.99
2012-09-05,SB1403,21.05,21.05,20.7,20.85,1563.0,,NO.11糖1403,27551.0,20.73,20.85
2012-09-06,SB1403,20.82,20.82,20.58,20.64,386.0,,NO.11糖1403,27640.0,20.6,20.64
2012-09-07,SB1403,20.8,21.0,20.66,20.82,966.0,,NO.11糖1403,27939.0,20.79,20.82
2012-09-10,SB1403,20.8,21.15,20.79,21.11,426.0,,NO.11糖1403,27967.0,21.12,21.11
2012-09-11,SB1403,21.07,21.22,20.93,21.0,1313.0,,NO.11糖1403,28070.0,21.02,21.0
2012-09-12,SB1403,21.01,21.42,21.01,21.19,684.0,,NO.11糖1403,28139.0,21.22,21.19
2012-09-13,SB1403,21.2,21.38,21.16,21.27,836.0,,NO.11糖1403,28376.0,21.31,21.27
2012-09-14,SB1403,21.36,21.73,21.3,21.56,982.0,,NO.11糖1403,28583.0,21.58,21.56
2012-09-17,SB1403,21.56,21.56,21.36,21.4,1054.0,,NO.11糖1403,28586.0,21.48,21.4
2012-09-18,SB1403,21.46,21.46,20.94,20.94,1889.0,,NO.11糖1403,28729.0,20.96,20.94
2012-09-19,SB1403,20.92,21.04,20.55,20.67,1533.0,,NO.11糖1403,29186.0,20.58,20.67
2012-09-20,SB1403,20.55,20.98,20.55,20.86,4617.0,,NO.11糖1403,29041.0,20.88,20.86
2012-09-21,SB1403,20.77,21.23,20.77,20.94,1371.0,,NO.11糖1403,29603.0,20.94,20.94
2012-09-24,SB1403,20.85,21.15,20.76,21.04,760.0,,NO.11糖1403,29705.0,21.06,21.04
2012-09-25,SB1403,21.1,21.44,21.1,21.39,2954.0,,NO.11糖1403,31264.0,21.43,21.39
2012-09-26,SB1403,21.33,21.56,20.96,21.03,1963.0,,NO.11糖1403,31627.0,21.17,21.03
2012-09-27,SB1403,21.03,21.3,20.91,21.25,1693.0,,NO.11糖1403,31937.0,21.17,21.25
2012-09-28,SB1403,21.2,21.3,20.96,21.16,1558.0,,NO.11糖1403,32583.0,21.24,21.16
2012-10-01,SB1403,21.22,21.73,21.22,21.66,2442.0,,NO.11糖1403,33133.0,21.71,21.66
2012-10-02,SB1403,21.65,22.08,21.65,21.87,3850.0,,NO.11糖1403,34209.0,21.98,21.87
2012-10-03,SB1403,21.95,22.07,21.68,22.02,2448.0,,NO.11糖1403,34817.0,22.04,22.02
2012-10-04,SB1403,22.0,22.15,21.72,22.05,2690.0,,NO.11糖1403,34913.0,22.07,22.05
2012-10-05,SB1403,22.04,22.06,21.61,22.05,1285.0,,NO.11糖1403,35139.0,22.05,22.05
2012-10-08,SB1403,21.96,22.03,21.71,21.81,771.0,,NO.11糖1403,35287.0,21.89,21.81
2012-10-09,SB1403,21.86,22.0,21.77,21.85,2281.0,,NO.11糖1403,35615.0,21.84,21.85
2012-10-10,SB1403,21.89,21.9,21.43,21.63,915.0,,NO.11糖1403,35558.0,21.77,21.63
2012-10-11,SB1403,21.63,21.66,20.78,20.92,4833.0,,NO.11糖1403,36686.0,20.87,20.92
2012-10-12,SB1403,20.92,20.99,20.49,20.69,2620.0,,NO.11糖1403,36362.0,20.64,20.69
2012-10-15,SB1403,20.58,20.66,20.43,20.43,1633.0,,NO.11糖1403,36493.0,20.45,20.43
2012-10-16,SB1403,20.56,20.76,20.48,20.57,4866.0,,NO.11糖1403,38457.0,20.53,20.57
2012-10-17,SB1403,20.64,20.65,20.45,20.53,1064.0,,NO.11糖1403,38701.0,20.56,20.53
2012-10-18,SB1403,20.5,20.53,20.21,20.4,928.0,,NO.11糖1403,38483.0,20.27,20.4
2012-10-19,SB1403,20.31,20.81,20.16,20.6,1078.0,,NO.11糖1403,38732.0,20.58,20.6
2012-10-22,SB1403,20.77,20.85,20.31,20.33,559.0,,NO.11糖1403,38922.0,20.42,20.33
2012-10-23,SB1403,20.31,20.31,20.05,20.13,1480.0,,NO.11糖1403,39114.0,20.1,20.13
2012-10-24,SB1403,20.05,20.23,19.95,20.22,2369.0,,NO.11糖1403,39288.0,20.17,20.22
2012-10-25,SB1403,20.23,20.34,19.96,20.09,940.0,,NO.11糖1403,39454.0,20.04,20.09
2012-10-26,SB1403,20.03,20.12,19.81,19.92,995.0,,NO.11糖1403,39327.0,19.87,19.92
2012-10-29,SB1403,19.97,19.99,19.79,19.91,749.0,,NO.11糖1403,39541.0,19.89,19.91
2012-10-30,SB1403,19.97,20.08,19.97,20.0,1342.0,,NO.11糖1403,39843.0,20.03,20.0
2012-10-31,SB1403,20.07,20.1,19.78,20.05,1154.0,,NO.11糖1403,40120.0,20.05,20.05
2012-11-01,SB1403,20.0,20.12,19.89,20.0,2661.0,,NO.11糖1403,40854.0,19.94,20.0
2012-11-02,SB1403,20.06,20.13,19.98,20.07,2244.0,,NO.11糖1403,41507.0,20.12,20.07
2012-11-05,SB1403,20.1,20.19,19.99,20.05,2780.0,,NO.11糖1403,42115.0,20.07,20.05
2012-11-06,SB1403,20.04,20.53,19.98,20.45,3185.0,,NO.11糖1403,42540.0,20.41,20.45
2012-11-07,SB1403,20.38,20.4,19.94,20.0,2455.0,,NO.11糖1403,43010.0,19.96,20.0
2012-11-08,SB1403,20.03,20.09,19.73,19.86,5138.0,,NO.11糖1403,44545.0,19.83,19.86
2012-11-09,SB1403,19.9,20.17,19.66,20.07,1958.0,,NO.11糖1403,44245.0,19.99,20.07
2012-11-12,SB1403,20.07,20.34,19.96,20.15,2014.0,,NO.11糖1403,44105.0,20.18,20.15
2012-11-13,SB1403,20.15,20.44,20.09,20.23,2105.0,,NO.11糖1403,44064.0,20.26,20.23
2012-11-14,SB1403,20.33,20.41,20.05,20.05,1112.0,,NO.11糖1403,43685.0,20.11,20.05
2012-11-15,SB1403,20.09,20.09,19.91,19.96,1879.0,,NO.11糖1403,43347.0,19.95,19.96
2012-11-16,SB1403,19.92,20.04,19.84,20.0,2540.0,,NO.11糖1403,42604.0,20.02,20.0
2012-11-19,SB1403,20.08,20.55,20.08,20.47,5594.0,,NO.11糖1403,43618.0,20.51,20.47
2012-11-20,SB1403,20.35,20.56,20.31,20.48,2669.0,,NO.11糖1403,43552.0,20.51,20.48
2012-11-21,SB1403,20.42,20.45,20.24,20.28,1081.0,,NO.11糖1403,43725.0,20.28,20.28
2012-11-23,SB1403,20.37,20.51,19.86,19.97,3151.0,,NO.11糖1403,44377.0,19.91,19.97
2012-11-26,SB1403,19.97,20.06,19.85,20.0,1525.0,,NO.11糖1403,44833.0,20.0,20.0
2012-11-27,SB1403,20.05,20.25,19.92,20.08,2225.0,,NO.11糖1403,44755.0,20.1,20.08
2012-11-28,SB1403,20.14,20.19,19.96,19.99,1005.0,,NO.11糖1403,45169.0,20.04,19.99
2012-11-29,SB1403,20.0,20.23,20.0,20.16,1244.0,,NO.11糖1403,45700.0,20.18,20.16
2012-11-30,SB1403,20.18,20.24,20.04,20.2,3266.0,,NO.11糖1403,46760.0,20.22,20.2
2012-12-03,SB1403,20.21,20.6,20.21,20.37,5601.0,,NO.11糖1403,47828.0,20.48,20.37
2012-12-04,SB1403,20.38,20.54,20.09,20.19,1504.0,,NO.11糖1403,48205.0,20.17,20.19
2012-12-05,SB1403,20.17,20.39,20.12,20.39,2300.0,,NO.11糖1403,47867.0,20.39,20.39
2012-12-06,SB1403,20.39,20.43,20.26,20.27,4549.0,,NO.11糖1403,48973.0,20.37,20.27
2012-12-07,SB1403,20.29,20.34,20.04,20.32,6003.0,,NO.11糖1403,52720.0,20.33,20.32
2012-12-10,SB1403,20.22,20.32,19.93,19.95,4067.0,,NO.11糖1403,54298.0,19.92,19.95
2012-12-11,SB1403,19.96,20.05,19.9,20.03,1037.0,,NO.11糖1403,54277.0,20.04,20.03
2012-12-12,SB1403,19.94,20.02,19.82,19.83,5382.0,,NO.11糖1403,55082.0,19.84,19.83
2012-12-13,SB1403,19.84,19.91,19.7,19.86,3491.0,,NO.11糖1403,52023.0,19.86,19.86
2012-12-14,SB1403,19.85,20.23,19.85,20.16,3944.0,,NO.11糖1403,52609.0,20.21,20.16
2012-12-17,SB1403,20.23,20.51,20.23,20.44,1659.0,,NO.11糖1403,52599.0,20.51,20.44
2012-12-18,SB1403,20.46,20.57,20.19,20.45,3011.0,,NO.11糖1403,52086.0,20.56,20.45
2012-12-19,SB1403,20.48,20.55,20.31,20.41,1395.0,,NO.11糖1403,52149.0,20.4,20.41
2012-12-20,SB1403,20.35,20.46,20.07,20.41,1126.0,,NO.11糖1403,52110.0,20.44,20.41
2012-12-21,SB1403,20.36,20.54,20.31,20.34,1597.0,,NO.11糖1403,52130.0,20.48,20.34
2012-12-24,SB1403,20.37,20.43,20.18,20.21,1068.0,,NO.11糖1403,52619.0,20.23,20.21
2012-12-26,SB1403,20.29,20.41,20.26,20.27,699.0,,NO.11糖1403,52774.0,20.27,20.27
2012-12-27,SB1403,20.3,20.58,20.27,20.58,3497.0,,NO.11糖1403,52243.0,20.54,20.58
2012-12-28,SB1403,20.55,20.6,20.45,20.52,1357.0,,NO.11糖1403,52448.0,20.51,20.52
2012-12-31,SB1403,20.42,20.6,20.35,20.57,463.0,,NO.11糖1403,52535.0,20.58,20.57
2013-01-02,SB1403,20.58,20.72,20.58,20.69,2194.0,,NO.11糖1403,52189.0,20.7,20.69
2013-01-03,SB1403,20.68,20.72,20.06,20.23,2522.0,,NO.11糖1403,52990.0,20.27,20.23
2013-01-04,SB1403,20.18,20.24,20.05,20.16,2635.0,,NO.11糖1403,53151.0,20.11,20.16
2013-01-07,SB1403,20.17,20.29,20.07,20.29,3215.0,,NO.11糖1403,53724.0,20.25,20.29
2013-01-08,SB1403,20.3,20.37,20.17,20.17,4038.0,,NO.11糖1403,53370.0,20.21,20.17
2013-01-09,SB1403,20.25,20.32,20.09,20.31,3459.0,,NO.11糖1403,53367.0,20.29,20.31
2013-01-10,SB1403,20.33,20.53,20.3,20.51,3795.0,,NO.11糖1403,52679.0,20.53,20.51
2013-01-11,SB1403,20.5,20.62,20.41,20.59,3584.0,,NO.11糖1403,51838.0,20.6,20.59
2013-01-14,SB1403,20.57,20.58,20.33,20.43,3350.0,,NO.11糖1403,51981.0,20.49,20.43
2013-01-15,SB1403,20.4,20.48,20.28,20.37,7055.0,,NO.11糖1403,52001.0,20.29,20.37
2013-01-16,SB1403,20.37,20.42,20.03,20.15,5397.0,,NO.11糖1403,52281.0,20.15,20.15
2013-01-17,SB1403,20.09,20.12,19.97,19.97,3161.0,,NO.11糖1403,52994.0,19.99,19.97
2013-01-18,SB1403,20.01,20.07,19.89,19.99,2415.0,,NO.11糖1403,53234.0,19.93,19.99
2013-01-22,SB1403,19.93,19.94,19.64,19.72,4470.0,,NO.11糖1403,53540.0,19.68,19.72
2013-01-23,SB1403,19.73,19.95,19.64,19.9,4353.0,,NO.11糖1403,53449.0,19.88,19.9
2013-01-24,SB1403,19.84,19.93,19.68,19.93,2715.0,,NO.11糖1403,53823.0,19.9,19.93
2013-01-25,SB1403,19.95,20.03,19.72,19.99,6458.0,,NO.11糖1403,55369.0,20.02,19.99
2013-01-28,SB1403,19.99,20.33,19.97,20.3,6303.0,,NO.11糖1403,57233.0,20.32,20.3
2013-01-29,SB1403,20.28,20.29,19.94,20.09,5936.0,,NO.11糖1403,58584.0,20.13,20.09
2013-01-30,SB1403,20.18,20.32,19.95,20.24,10569.0,,NO.11糖1403,61065.0,20.32,20.24
2013-01-31,SB1403,20.29,20.37,20.08,20.37,6679.0,,NO.11糖1403,63316.0,20.34,20.37
2013-02-01,SB1403,20.37,20.37,20.17,20.18,7114.0,,NO.11糖1403,65514.0,20.33,20.18
2013-02-04,SB1403,20.23,20.33,20.13,20.21,2964.0,,NO.11糖1403,66525.0,20.17,20.21
2013-02-05,SB1403,20.17,20.28,20.1,20.12,5721.0,,NO.11糖1403,68463.0,20.14,20.12
2013-02-06,SB1403,20.14,20.15,19.72,19.75,5551.0,,NO.11糖1403,69763.0,19.75,19.75
2013-02-07,SB1403,19.72,19.8,19.67,19.76,4370.0,,NO.11糖1403,70795.0,19.77,19.76
2013-02-08,SB1403,19.77,19.8,19.58,19.73,3200.0,,NO.11糖1403,70738.0,19.73,19.73
2013-02-11,SB1403,19.73,19.93,19.73,19.88,2494.0,,NO.11糖1403,71410.0,19.91,19.88
2013-02-12,SB1403,19.92,19.92,19.55,19.62,3295.0,,NO.11糖1403,71793.0,19.59,19.62
2013-02-13,SB1403,19.63,19.76,19.57,19.71,6604.0,,NO.11糖1403,72217.0,19.71,19.71
2013-02-14,SB1403,19.69,19.73,19.25,19.29,5782.0,,NO.11糖1403,72505.0,19.26,19.29
2013-02-15,SB1403,19.35,19.35,19.12,19.15,3936.0,,NO.11糖1403,72806.0,19.14,19.15
2013-02-19,SB1403,19.24,19.35,19.14,19.17,4234.0,,NO.11糖1403,73043.0,19.26,19.17
2013-02-20,SB1403,19.2,19.5,19.13,19.45,4317.0,,NO.11糖1403,73317.0,19.48,19.45
2013-02-21,SB1403,19.4,19.44,19.26,19.37,6012.0,,NO.11糖1403,73499.0,19.4,19.37
2013-02-22,SB1403,19.35,19.7,19.35,19.65,4916.0,,NO.11糖1403,74875.0,19.65,19.65
2013-02-25,SB1403,19.65,19.86,19.62,19.65,6518.0,,NO.11糖1403,76857.0,19.68,19.65
2013-02-26,SB1403,19.61,19.65,19.5,19.61,3689.0,,NO.11糖1403,76814.0,19.63,19.61
2013-02-27,SB1403,19.67,19.67,19.51,19.52,4207.0,,NO.11糖1403,76228.0,19.56,19.52
2013-02-28,SB1403,19.43,19.81,19.41,19.7,7528.0,,NO.11糖1403,76665.0,19.75,19.7
2013-03-01,SB1403,19.72,19.77,19.31,19.33,5890.0,,NO.11糖1403,77160.0,19.34,19.33
2013-03-04,SB1403,19.35,19.48,19.34,19.43,1978.0,,NO.11糖1403,77093.0,19.44,19.43
2013-03-05,SB1403,19.5,19.57,19.39,19.45,6015.0,,NO.11糖1403,77550.0,19.48,19.45
2013-03-06,SB1403,19.43,19.48,19.34,19.37,6495.0,,NO.11糖1403,77138.0,19.4,19.37
2013-03-07,SB1403,19.32,19.8,19.32,19.79,8190.0,,NO.11糖1403,77369.0,19.79,19.79
2013-03-08,SB1403,19.7,19.85,19.62,19.67,11841.0,,NO.11糖1403,77347.0,19.72,19.67
2013-03-11,SB1403,19.72,19.95,19.72,19.94,5692.0,,NO.11糖1403,77961.0,19.9,19.94
2013-03-12,SB1403,19.82,19.9,19.58,19.84,4391.0,,NO.11糖1403,78517.0,19.84,19.84
2013-03-13,SB1403,19.8,19.87,19.7,19.83,3178.0,,NO.11糖1403,78803.0,19.82,19.83
2013-03-14,SB1403,19.83,19.89,19.68,19.89,3960.0,,NO.11糖1403,79288.0,19.84,19.89
2013-03-15,SB1403,19.86,20.0,19.76,19.89,5911.0,,NO.11糖1403,80641.0,19.91,19.89
2013-03-18,SB1403,19.81,19.81,19.5,19.53,9027.0,,NO.11糖1403,79913.0,19.56,19.53
2013-03-19,SB1403,19.61,19.68,19.59,19.68,7383.0,,NO.11糖1403,79460.0,19.67,19.68
2013-03-20,SB1403,19.7,19.74,19.63,19.67,2256.0,,NO.11糖1403,79947.0,19.69,19.67
2013-03-21,SB1403,19.63,19.74,19.49,19.53,6618.0,,NO.11糖1403,80417.0,19.56,19.53
2013-03-22,SB1403,19.57,19.6,19.44,19.47,4289.0,,NO.11糖1403,80572.0,19.47,19.47
2013-03-25,SB1403,19.5,19.5,19.3,19.32,6316.0,,NO.11糖1403,81623.0,19.33,19.32
2013-03-26,SB1403,19.32,19.35,19.16,19.18,6921.0,,NO.11糖1403,82374.0,19.19,19.18
2013-03-27,SB1403,19.2,19.22,19.13,19.2,6188.0,,NO.11糖1403,84181.0,19.14,19.2
2013-03-28,SB1403,19.17,19.18,18.94,19.01,11931.0,,NO.11糖1403,0.0,19.05,19.01
2013-04-01,SB1403,19.05,19.09,18.99,19.01,3918.0,,NO.11糖1403,89010.0,19.03,19.01
2013-04-02,SB1403,19.03,19.07,18.89,19.02,5719.0,,NO.11糖1403,90280.0,19.01,19.02
2013-04-03,SB1403,19.03,19.1,18.88,18.88,4475.0,,NO.11糖1403,90457.0,18.9,18.88
2013-04-04,SB1403,18.94,19.02,18.87,18.94,6306.0,,NO.11糖1403,91322.0,18.95,18.94
2013-04-05,SB1403,19.01,19.01,18.88,19.0,3397.0,,NO.11糖1403,91202.0,18.94,19.0
2013-04-08,SB1403,18.9,19.09,18.82,18.97,5490.0,,NO.11糖1403,92085.0,18.97,18.97
2013-04-09,SB1403,18.95,19.03,18.86,18.99,2686.0,,NO.11糖1403,92251.0,18.97,18.99
2013-04-10,SB1403,19.01,19.09,18.96,19.04,7368.0,,NO.11糖1403,93247.0,19.07,19.04
2013-04-11,SB1403,19.08,19.08,18.89,18.97,6793.0,,NO.11糖1403,95361.0,19.02,18.97
2013-04-12,SB1403,19.0,19.16,18.95,19.06,5211.0,,NO.11糖1403,95796.0,19.06,19.06
2013-04-15,SB1403,19.07,19.07,18.74,18.75,7329.0,,NO.11糖1403,96499.0,18.76,18.75
2013-04-16,SB1403,18.75,19.03,18.73,18.98,4580.0,,NO.11糖1403,96417.0,19.03,18.98
2013-04-17,SB1403,18.98,19.04,18.89,18.89,6722.0,,NO.11糖1403,98104.0,18.98,18.89
2013-04-18,SB1403,18.95,19.06,18.68,18.83,8091.0,,NO.11糖1403,98243.0,18.84,18.83
2013-04-19,SB1403,18.87,19.14,18.7,19.07,7161.0,,NO.11糖1403,98957.0,19.08,19.07
2013-04-22,SB1403,19.01,19.04,18.82,18.95,3049.0,,NO.11糖1403,98966.0,18.93,18.95
2013-04-23,SB1403,18.89,19.03,18.86,18.9,8336.0,,NO.11糖1403,98029.0,18.94,18.9
2013-04-24,SB1403,18.94,18.97,18.61,18.61,12217.0,,NO.11糖1403,98205.0,18.65,18.61
2013-04-25,SB1403,18.64,18.66,18.53,18.62,8277.0,,NO.11糖1403,98820.0,18.63,18.62
2013-04-26,SB1403,18.65,18.71,18.58,18.64,3173.0,,NO.11糖1403,99109.0,18.68,18.64
2013-04-29,SB1403,18.68,18.79,18.58,18.75,9380.0,,NO.11糖1403,99019.0,18.73,18.75
2013-04-30,SB1403,18.76,18.96,18.74,18.89,8640.0,,NO.11糖1403,99819.0,18.85,18.89
2013-05-01,SB1403,18.87,18.91,18.58,18.59,5757.0,,NO.11糖1403,100558.0,18.62,18.59
2013-05-02,SB1403,18.63,18.86,18.47,18.86,11570.0,,NO.11糖1403,102256.0,18.85,18.86
2013-05-03,SB1403,18.81,18.86,18.67,18.85,14829.0,,NO.11糖1403,102975.0,18.77,18.85
2013-05-06,SB1403,18.85,19.08,18.77,19.03,4217.0,,NO.11糖1403,103069.0,19.01,19.03
2013-05-07,SB1403,18.98,19.02,18.76,18.86,4942.0,,NO.11糖1403,104710.0,18.89,18.86
2013-05-08,SB1403,18.87,18.92,18.69,18.71,4475.0,,NO.11糖1403,105439.0,18.73,18.71
2013-05-09,SB1403,18.7,18.9,18.66,18.77,18806.0,,NO.11糖1403,109433.0,18.77,18.77
2013-05-10,SB1403,18.77,18.88,18.68,18.71,5479.0,,NO.11糖1403,110039.0,18.7,18.71
2013-05-13,SB1403,18.69,18.8,18.54,18.6,6746.0,,NO.11糖1403,111442.0,18.57,18.6
2013-05-14,SB1403,18.51,18.58,18.35,18.35,8913.0,,NO.11糖1403,112589.0,18.37,18.35
2013-05-15,SB1403,18.36,18.44,18.25,18.25,6762.0,,NO.11糖1403,113329.0,18.25,18.25
2013-05-16,SB1403,18.28,18.3,18.1,18.11,7372.0,,NO.11糖1403,114027.0,18.11,18.11
2013-05-17,SB1403,18.11,18.27,18.09,18.14,7734.0,,NO.11糖1403,115936.0,18.13,18.14
2013-05-20,SB1403,18.15,18.24,18.04,18.08,4656.0,,NO.11糖1403,115390.0,18.07,18.08
2013-05-21,SB1403,18.09,18.22,17.98,18.15,7066.0,,NO.11糖1403,116199.0,18.17,18.15
2013-05-22,SB1403,18.16,18.25,17.97,17.97,10839.0,,NO.11糖1403,117744.0,18.01,17.97
2013-05-23,SB1403,17.95,18.2,17.92,18.07,8112.0,,NO.11糖1403,117428.0,18.09,18.07
2013-05-24,SB1403,18.07,18.21,18.06,18.15,5260.0,,NO.11糖1403,0.0,18.16,18.15
2013-05-27,SB1403,,,,18.16,0.0,,NO.11糖1403,0.0,18.16,18.16
2013-05-28,SB1403,18.21,18.31,17.99,18.0,7498.0,,NO.11糖1403,119144.0,18.01,18.0
2013-05-29,SB1403,18.01,18.08,17.87,17.9,14488.0,,NO.11糖1403,118728.0,17.9,17.9
2013-05-30,SB1403,17.92,17.99,17.86,17.94,7402.0,,NO.11糖1403,119013.0,17.87,17.94
2013-05-31,SB1403,17.92,17.97,17.82,17.87,11875.0,,NO.11糖1403,121167.0,17.86,17.87
2013-06-03,SB1403,17.85,17.95,17.75,17.76,18082.0,,NO.11糖1403,124727.0,17.77,17.76
2013-06-04,SB1403,17.75,17.8,17.62,17.68,10302.0,,NO.11糖1403,126653.0,17.69,17.68
2013-06-05,SB1403,17.73,17.81,17.6,17.61,10368.0,,NO.11糖1403,128478.0,17.65,17.61
2013-06-06,SB1403,17.63,17.69,17.55,17.67,20084.0,,NO.11糖1403,129825.0,17.65,17.67
2013-06-07,SB1403,17.7,17.74,17.53,17.71,15687.0,,NO.11糖1403,132355.0,17.7,17.71
2013-06-10,SB1403,17.76,17.76,17.66,17.67,11800.0,,NO.11糖1403,134716.0,17.7,17.67
2013-06-11,SB1403,17.7,17.75,17.5,17.57,16227.0,,NO.11糖1403,137337.0,17.63,17.57
2013-06-12,SB1403,17.57,17.67,17.52,17.52,11033.0,,NO.11糖1403,140406.0,17.53,17.52
2013-06-13,SB1403,17.5,17.6,17.44,17.46,16059.0,,NO.11糖1403,144770.0,17.49,17.46
2013-06-14,SB1403,17.48,17.98,17.46,17.95,27891.0,,NO.11糖1403,149880.0,17.96,17.95
2013-06-17,SB1403,17.95,18.11,17.69,17.98,39376.0,,NO.11糖1403,152668.0,18.08,17.98
2013-06-18,SB1403,18.08,18.08,17.78,17.85,18205.0,,NO.11糖1403,156919.0,17.89,17.85
2013-06-19,SB1403,17.84,18.16,17.75,18.05,34706.0,,NO.11糖1403,156921.0,18.08,18.05
2013-06-20,SB1403,17.96,17.99,17.43,17.43,21087.0,,NO.11糖1403,158677.0,17.46,17.43
2013-06-21,SB1403,17.45,17.74,17.45,17.72,14775.0,,NO.11糖1403,160986.0,17.69,17.72
2013-06-24,SB1403,17.69,17.94,17.55,17.88,22696.0,,NO.11糖1403,162067.0,17.86,17.88
2013-06-25,SB1403,17.86,18.19,17.86,18.0,31482.0,,NO.11糖1403,161900.0,18.08,18.0
2013-06-26,SB1403,17.99,18.1,17.9,18.08,9971.0,,NO.11糖1403,162177.0,18.08,18.08
2013-06-27,SB1403,18.06,18.11,17.7,17.88,27308.0,,NO.11糖1403,164462.0,17.83,17.88
2013-06-28,SB1403,17.83,17.96,17.68,17.71,19845.0,,NO.11糖1403,164888.0,17.74,17.71
2013-07-01,SB1403,17.76,17.86,17.44,17.48,25672.0,,NO.11糖1403,166117.0,17.56,17.48
2013-07-02,SB1403,17.56,17.58,17.31,17.38,22865.0,,NO.11糖1403,168224.0,17.4,17.38
2013-07-03,SB1403,17.35,17.42,17.23,17.24,19724.0,,NO.11糖1403,0.0,17.25,17.24
2013-07-04,SB1403,,,,17.25,0.0,,NO.11糖1403,0.0,17.25,17.25
2013-07-05,SB1403,17.32,17.32,17.06,17.08,15799.0,,NO.11糖1403,170946.0,17.09,17.08
2013-07-08,SB1403,17.09,17.19,17.07,17.13,10364.0,,NO.11糖1403,172600.0,17.15,17.13
2013-07-09,SB1403,17.1,17.2,17.1,17.15,16115.0,,NO.11糖1403,175444.0,17.14,17.15
2013-07-10,SB1403,17.08,17.24,17.0,17.01,24473.0,,NO.11糖1403,180709.0,17.05,17.01
2013-07-11,SB1403,17.05,17.13,16.87,16.92,23302.0,,NO.11糖1403,184437.0,16.9,16.92
2013-07-12,SB1403,16.97,16.98,16.81,16.87,19655.0,,NO.11糖1403,190000.0,16.85,16.87
2013-07-15,SB1403,16.85,16.96,16.81,16.9,15108.0,,NO.11糖1403,189354.0,16.92,16.9
2013-07-16,SB1403,16.9,16.98,16.7,16.75,15167.0,,NO.11糖1403,191250.0,16.76,16.75
2013-07-17,SB1403,16.8,16.85,16.74,16.77,24089.0,,NO.11糖1403,193746.0,16.78,16.77
2013-07-18,SB1403,16.78,17.11,16.78,16.92,27921.0,,NO.11糖1403,192096.0,16.9,16.92
2013-07-19,SB1403,16.91,17.04,16.9,16.98,17123.0,,NO.11糖1403,193358.0,16.98,16.98
2013-07-22,SB1403,17.01,17.16,17.0,17.06,12963.0,,NO.11糖1403,193994.0,17.09,17.06
2013-07-23,SB1403,17.09,17.21,16.97,17.03,16967.0,,NO.11糖1403,195492.0,17.02,17.03
2013-07-24,SB1403,17.02,17.04,16.8,16.85,20183.0,,NO.11糖1403,196560.0,16.84,16.85
2013-07-25,SB1403,16.84,17.11,16.84,16.98,27528.0,,NO.11糖1403,193022.0,17.03,16.98
2013-07-26,SB1403,17.03,17.08,16.93,17.05,21527.0,,NO.11糖1403,193747.0,17.06,17.05
2013-07-29,SB1403,17.01,17.45,16.99,17.45,40868.0,,NO.11糖1403,195396.0,17.43,17.45
2013-07-30,SB1403,17.43,17.48,17.34,17.44,25108.0,,NO.11糖1403,195365.0,17.45,17.44
2013-07-31,SB1403,17.4,17.56,17.18,17.42,40131.0,,NO.11糖1403,197670.0,17.47,17.42
2013-08-01,SB1403,17.42,17.52,17.29,17.36,21142.0,,NO.11糖1403,201657.0,17.36,17.36
2013-08-02,SB1403,17.36,17.45,17.28,17.33,41899.0,,NO.11糖1403,210602.0,17.38,17.33
2013-08-05,SB1403,17.37,17.41,17.14,17.18,0.0,,NO.11糖1403,0.0,17.18,17.18
2013-08-06,SB1403,17.18,17.25,17.13,17.16,12656.0,,NO.11糖1403,215033.0,17.16,17.16
2013-08-07,SB1403,17.16,17.41,17.13,17.4,13050.0,,NO.11糖1403,216845.0,17.39,17.4
2013-08-08,SB1403,17.39,17.43,17.28,17.42,18377.0,,NO.11糖1403,217585.0,17.4,17.42
2013-08-09,SB1403,17.42,17.58,17.39,17.57,20058.0,,NO.11糖1403,218244.0,17.54,17.57
2013-08-12,SB1403,17.56,17.73,17.45,17.67,26431.0,,NO.11糖1403,219182.0,17.68,17.67
2013-08-13,SB1403,17.68,17.78,17.61,17.7,28311.0,,NO.11糖1403,219921.0,17.73,17.7
2013-08-14,SB1403,17.72,17.76,17.64,17.71,15979.0,,NO.11糖1403,218037.0,17.74,17.71
2013-08-15,SB1403,17.71,17.75,17.52,17.68,16040.0,,NO.11糖1403,219398.0,17.68,17.68
2013-08-16,SB1403,17.64,17.73,17.42,17.48,29576.0,,NO.11糖1403,222972.0,17.48,17.48
2013-08-19,SB1403,17.38,17.43,17.02,17.14,27851.0,,NO.11糖1403,229547.0,17.1,17.14
2013-08-20,SB1403,17.14,17.19,17.06,17.09,20424.0,,NO.11糖1403,232637.0,17.07,17.09
2013-08-21,SB1403,17.1,17.14,16.89,16.92,20489.0,,NO.11糖1403,236809.0,16.9,16.92
2013-08-22,SB1403,16.95,16.96,16.79,16.8,43018.0,,NO.11糖1403,239864.0,16.83,16.8
2013-08-23,SB1403,16.94,17.04,16.85,16.96,25957.0,,NO.11糖1403,241204.0,16.99,16.96
2013-08-26,SB1403,17.0,17.15,16.99,17.07,19610.0,,NO.11糖1403,243397.0,17.11,17.07
2013-08-27,SB1403,17.08,17.1,16.84,16.96,34535.0,,NO.11糖1403,246404.0,16.95,16.96
2013-08-28,SB1403,16.94,17.02,16.88,16.95,26626.0,,NO.11糖1403,251050.0,16.93,16.95
2013-08-29,SB1403,16.97,17.0,16.84,16.87,31693.0,,NO.11糖1403,257973.0,16.89,16.87
2013-08-30,SB1403,16.88,16.94,16.85,16.87,22030.0,,NO.11糖1403,261738.0,16.88,16.87
2013-09-03,SB1403,16.92,17.07,16.92,17.03,45463.0,,NO.11糖1403,277526.0,17.03,17.03
2013-09-04,SB1403,17.05,17.07,16.92,16.93,40908.0,,NO.11糖1403,281665.0,16.96,16.93
2013-09-05,SB1403,16.98,17.12,16.96,17.12,30993.0,,NO.11糖1403,290029.0,17.08,17.12
2013-09-06,SB1403,17.13,17.41,17.11,17.29,65954.0,,NO.11糖1403,295804.0,17.3,17.29
2013-09-09,SB1403,17.3,17.5,17.3,17.44,77364.0,,NO.11糖1403,316231.0,17.49,17.44
2013-09-10,SB1403,17.48,17.65,17.41,17.64,94942.0,,NO.11糖1403,333654.0,17.63,17.64
2013-09-11,SB1403,17.59,17.76,17.57,17.62,119586.0,,NO.11糖1403,356432.0,17.64,17.62
2013-09-12,SB1403,17.59,17.75,17.59,17.73,92125.0,,NO.11糖1403,379713.0,17.73,17.73
2013-09-13,SB1403,17.72,17.76,17.55,17.66,85845.0,,NO.11糖1403,407229.0,17.68,17.66
2013-09-16,SB1403,17.56,17.6,17.48,17.53,71701.0,,NO.11糖1403,422922.0,17.53,17.53
2013-09-17,SB1403,17.53,17.54,17.36,17.4,81085.0,,NO.11糖1403,426113.0,17.4,17.4
2013-09-18,SB1403,17.45,17.51,17.35,17.45,57919.0,,NO.11糖1403,440784.0,17.48,17.45
2013-09-19,SB1403,17.55,17.8,17.54,17.8,94936.0,,NO.11糖1403,457275.0,17.74,17.8
2013-09-20,SB1403,17.77,17.9,17.67,17.72,75159.0,,NO.11糖1403,460580.0,17.74,17.72
2013-09-23,SB1403,17.66,17.81,17.52,17.81,67452.0,,NO.11糖1403,470480.0,17.76,17.81
2013-09-24,SB1403,17.79,17.96,17.77,17.93,91101.0,,NO.11糖1403,481102.0,17.93,17.93
2013-09-25,SB1403,17.93,18.22,17.83,18.19,109355.0,,NO.11糖1403,499338.0,18.19,18.19
2013-09-26,SB1403,18.19,18.24,18.09,18.21,72788.0,,NO.11糖1403,501714.0,18.19,18.21
2013-09-27,SB1403,18.14,18.16,17.65,17.68,123142.0,,NO.11糖1403,501991.0,17.74,17.68
2013-09-30,SB1403,17.69,18.17,17.61,18.09,78369.0,,NO.11糖1403,505105.0,18.14,18.09
2013-10-01,SB1403,18.13,18.38,18.06,18.31,60668.0,,NO.11糖1403,500977.0,18.32,18.31
2013-10-02,SB1403,18.3,18.56,18.22,18.48,78550.0,,NO.11糖1403,499561.0,18.51,18.48
2013-10-03,SB1403,18.47,18.54,18.42,18.53,55420.0,,NO.11糖1403,500609.0,18.52,18.53
2013-10-04,SB1403,18.52,18.54,18.36,18.53,34965.0,,NO.11糖1403,500160.0,18.48,18.53
2013-10-07,SB1403,18.5,18.65,18.49,18.63,54173.0,,NO.11糖1403,506757.0,18.59,18.63
2013-10-08,SB1403,18.6,18.67,18.45,18.63,41938.0,,NO.11糖1403,506007.0,18.62,18.63
2013-10-09,SB1403,18.6,18.62,18.47,18.56,42807.0,,NO.11糖1403,508781.0,18.59,18.56
2013-10-10,SB1403,18.55,18.76,18.46,18.74,52149.0,,NO.11糖1403,510996.0,18.72,18.74
2013-10-11,SB1403,18.74,18.95,18.72,18.87,60294.0,,NO.11糖1403,510549.0,18.93,18.87
2013-10-14,SB1403,18.91,19.11,18.84,19.08,51608.0,,NO.11糖1403,507521.0,19.05,19.08
2013-10-15,SB1403,19.04,19.15,18.55,18.73,77269.0,,NO.11糖1403,505042.0,18.7,18.73
2013-10-16,SB1403,18.7,19.04,18.63,19.02,65410.0,,NO.11糖1403,508125.0,19.01,19.02
2013-10-17,SB1403,18.97,19.04,18.87,19.0,37590.0,,NO.11糖1403,506655.0,19.0,19.0
2013-10-18,SB1403,18.98,20.16,18.93,19.48,206685.0,,NO.11糖1403,495504.0,19.5,19.48
2013-10-21,SB1403,19.5,19.69,19.33,19.45,57809.0,,NO.11糖1403,494466.0,19.42,19.45
2013-10-22,SB1403,19.41,19.49,19.25,19.47,43962.0,,NO.11糖1403,494589.0,19.45,19.47
2013-10-23,SB1403,19.42,19.45,19.22,19.25,34187.0,,NO.11糖1403,492125.0,19.28,19.25
2013-10-24,SB1403,19.18,19.22,18.8,18.83,57918.0,,NO.11糖1403,489627.0,18.97,18.83
2013-10-25,SB1403,18.87,19.07,18.8,19.05,44257.0,,NO.11糖1403,489359.0,19.03,19.05
2013-10-28,SB1403,19.03,19.06,18.86,18.94,0.0,,NO.11糖1403,0.0,18.91,18.94
2013-10-29,SB1403,18.85,18.88,18.43,18.5,69868.0,,NO.11糖1403,479137.0,18.45,18.5
2013-10-30,SB1403,18.53,18.55,18.28,18.38,57470.0,,NO.11糖1403,476582.0,18.32,18.38
2013-10-31,SB1403,18.36,18.43,18.26,18.33,40648.0,,NO.11糖1403,474947.0,18.32,18.33
2013-11-01,SB1403,18.33,18.37,18.2,18.23,43582.0,,NO.11糖1403,474411.0,18.25,18.23
2013-11-04,SB1403,18.17,18.38,18.17,18.35,40410.0,,NO.11糖1403,473208.0,18.32,18.35
2013-11-05,SB1403,18.36,18.45,18.23,18.24,44587.0,,NO.11糖1403,467593.0,18.26,18.24
2013-11-06,SB1403,18.27,18.28,18.08,18.1,61171.0,,NO.11糖1403,459409.0,18.1,18.1
2013-11-07,SB1403,18.05,18.14,17.93,18.11,66594.0,,NO.11糖1403,458092.0,18.04,18.11
2013-11-08,SB1403,18.1,18.16,17.95,18.09,42347.0,,NO.11糖1403,456104.0,18.08,18.09
2013-11-11,SB1403,18.05,18.14,17.94,17.97,34323.0,,NO.11糖1403,447595.0,17.97,17.97
2013-11-12,SB1403,17.97,18.02,17.84,17.88,50377.0,,NO.11糖1403,444118.0,17.87,17.88
2013-11-13,SB1403,17.9,17.93,17.79,17.82,36179.0,,NO.11糖1403,443378.0,17.8,17.82
2013-11-14,SB1403,17.85,17.85,17.62,17.65,60156.0,,NO.11糖1403,443932.0,17.64,17.65
2013-11-15,SB1403,17.64,17.68,17.5,17.63,53556.0,,NO.11糖1403,441510.0,17.55,17.63
2013-11-18,SB1403,17.6,17.81,17.6,17.77,45840.0,,NO.11糖1403,436918.0,17.75,17.77
2013-11-19,SB1403,17.75,17.85,17.64,17.67,31555.0,,NO.11糖1403,436502.0,17.65,17.67
2013-11-20,SB1403,17.65,17.75,17.57,17.64,39255.0,,NO.11糖1403,435309.0,17.6,17.64
2013-11-21,SB1403,17.65,17.65,17.5,17.52,51203.0,,NO.11糖1403,432171.0,17.51,17.52
2013-11-22,SB1403,17.51,17.53,17.33,17.48,69475.0,,NO.11糖1403,421071.0,17.4,17.48
2013-11-25,SB1403,17.45,17.48,17.3,17.3,37944.0,,NO.11糖1403,419894.0,17.32,17.3
2013-11-26,SB1403,17.32,17.4,17.26,17.36,43719.0,,NO.11糖1403,416855.0,17.3,17.36
2013-11-27,SB1403,17.37,17.46,17.21,17.21,37831.0,,NO.11糖1403,412398.0,17.22,17.21
2013-11-28,SB1403,,,,17.22,0.0,,NO.11糖1403,0.0,17.22,17.22
2013-11-29,SB1403,17.25,17.29,17.15,17.2,29836.0,,NO.11糖1403,408699.0,17.15,17.2
2013-12-02,SB1403,17.19,17.25,16.92,16.94,63837.0,,NO.11糖1403,408600.0,16.97,16.94
2013-12-03,SB1403,16.96,16.97,16.8,16.82,64020.0,,NO.11糖1403,407053.0,16.81,16.82
2013-12-04,SB1403,16.83,16.87,16.66,16.68,47910.0,,NO.11糖1403,408903.0,16.68,16.68
2013-12-05,SB1403,16.69,16.76,16.55,16.75,48997.0,,NO.11糖1403,414945.0,16.69,16.75
2013-12-06,SB1403,16.78,16.84,16.56,16.58,51721.0,,NO.11糖1403,417364.0,16.59,16.58
2013-12-09,SB1403,16.58,16.77,16.52,16.54,47488.0,,NO.11糖1403,419420.0,16.55,16.54
2013-12-10,SB1403,16.53,16.84,16.45,16.62,74431.0,,NO.11糖1403,425839.0,16.62,16.62
2013-12-11,SB1403,16.64,16.72,16.48,16.49,48782.0,,NO.11糖1403,426053.0,16.51,16.49
2013-12-12,SB1403,16.49,16.54,16.29,16.31,59373.0,,NO.11糖1403,426474.0,16.3,16.31
2013-12-13,SB1403,16.32,16.37,16.22,16.24,52031.0,,NO.11糖1403,426866.0,16.27,16.24
2013-12-16,SB1403,16.32,16.36,16.24,16.25,45974.0,,NO.11糖1403,421770.0,16.27,16.25
2013-12-17,SB1403,16.25,16.27,15.91,15.93,74356.0,,NO.11糖1403,426392.0,15.96,15.93
2013-12-18,SB1403,15.96,16.07,15.86,15.88,46837.0,,NO.11糖1403,424921.0,15.89,15.88
2013-12-19,SB1403,15.9,16.23,15.89,16.18,54674.0,,NO.11糖1403,421495.0,16.15,16.18
2013-12-20,SB1403,16.18,16.48,16.18,16.42,69688.0,,NO.11糖1403,419102.0,16.45,16.42
2013-12-23,SB1403,16.48,16.48,16.22,16.22,32094.0,,NO.11糖1403,420585.0,16.23,16.22
2013-12-24,SB1403,16.25,16.36,16.2,16.27,16455.0,,NO.11糖1403,421405.0,16.21,16.27
2013-12-26,SB1403,16.26,16.37,16.21,16.28,13511.0,,NO.11糖1403,418727.0,16.29,16.28
2013-12-27,SB1403,16.32,16.49,16.29,16.45,31281.0,,NO.11糖1403,415920.0,16.43,16.45
2013-12-30,SB1403,16.42,16.52,16.34,16.35,25080.0,,NO.11糖1403,416454.0,16.38,16.35
2013-12-31,SB1403,16.35,16.58,16.3,16.47,20787.0,,NO.11糖1403,413914.0,16.41,16.47
2014-01-02,SB1403,16.38,16.42,16.25,16.26,33032.0,,NO.11糖1403,412411.0,16.29,16.26
2014-01-03,SB1403,16.28,16.37,16.06,16.08,47282.0,,NO.11糖1403,413762.0,16.08,16.08
2014-01-06,SB1403,16.08,16.16,15.97,16.1,36188.0,,NO.11糖1403,413933.0,16.08,16.1
2014-01-07,SB1403,16.1,16.19,15.98,16.1,42478.0,,NO.11糖1403,413977.0,16.06,16.1
2014-01-08,SB1403,16.08,16.09,15.69,15.73,78271.0,,NO.11糖1403,406794.0,15.74,15.73
2014-01-09,SB1403,15.78,15.78,15.41,15.42,81724.0,,NO.11糖1403,405799.0,15.48,15.42
2014-01-10,SB1403,15.47,15.6,15.43,15.6,49297.0,,NO.11糖1403,400512.0,15.57,15.6
2014-01-13,SB1403,15.59,15.69,15.44,15.63,36008.0,,NO.11糖1403,400354.0,15.6,15.63
2014-01-14,SB1403,15.61,15.67,15.43,15.5,41941.0,,NO.11糖1403,402884.0,15.49,15.5
2014-01-15,SB1403,15.49,15.49,15.13,15.23,75310.0,,NO.11糖1403,403707.0,15.23,15.23
2014-01-16,SB1403,15.22,15.53,15.1,15.52,59885.0,,NO.11糖1403,398986.0,15.45,15.52
2014-01-17,SB1403,15.5,15.51,15.15,15.18,52298.0,,NO.11糖1403,399037.0,15.22,15.18
2014-01-21,SB1403,15.22,15.33,15.14,15.19,50925.0,,NO.11糖1403,399444.0,15.22,15.19
2014-01-22,SB1403,15.2,15.27,14.97,15.03,66901.0,,NO.11糖1403,403895.0,15.03,15.03
2014-01-23,SB1403,15.04,15.21,15.0,15.05,49758.0,,NO.11糖1403,398818.0,15.04,15.05
2014-01-24,SB1403,15.06,15.18,15.01,15.17,50805.0,,NO.11糖1403,394577.0,15.11,15.17
2014-01-27,SB1403,15.15,15.15,14.78,14.8,72241.0,,NO.11糖1403,392503.0,14.8,14.8
2014-01-28,SB1403,14.75,15.1,14.7,15.08,74213.0,,NO.11糖1403,382267.0,15.02,15.08
2014-01-29,SB1403,15.08,15.09,14.72,14.79,59011.0,,NO.11糖1403,381007.0,14.74,14.79
2014-01-30,SB1403,14.8,15.06,14.72,14.99,58145.0,,NO.11糖1403,375928.0,14.99,14.99
2014-01-31,SB1403,14.99,15.72,14.99,15.6,125304.0,,NO.11糖1403,361770.0,15.55,15.6
2014-02-03,SB1403,15.54,15.77,15.47,15.75,81736.0,,NO.11糖1403,349936.0,15.74,15.75
2014-02-04,SB1403,15.76,16.38,15.58,15.95,146171.0,,NO.11糖1403,333407.0,16.06,15.95
2014-02-05,SB1403,16.05,16.24,15.92,16.05,88065.0,,NO.11糖1403,314677.0,16.1,16.05
2014-02-06,SB1403,16.08,16.17,15.75,15.82,86345.0,,NO.11糖1403,300065.0,15.85,15.82
2014-02-07,SB1403,15.84,15.88,15.6,15.69,96438.0,,NO.11糖1403,278298.0,15.73,15.69
2014-02-10,SB1403,15.65,15.68,15.38,15.64,94690.0,,NO.11糖1403,251366.0,15.64,15.64
2014-02-11,SB1403,15.67,15.73,15.43,15.45,112262.0,,NO.11糖1403,213851.0,15.46,15.45
2014-02-12,SB1403,15.46,15.93,15.31,15.87,131963.0,,NO.11糖1403,195747.0,15.81,15.87
2014-02-13,SB1403,15.85,15.89,15.54,15.62,94770.0,,NO.11糖1403,170485.0,15.66,15.62
2014-02-14,SB1403,15.66,15.66,15.52,15.59,52986.0,,NO.11糖1403,147582.0,15.63,15.59
2014-02-18,SB1403,15.66,16.23,15.65,16.22,104495.0,,NO.11糖1403,103167.0,16.16,16.22
2014-02-19,SB1403,16.21,16.5,16.05,16.38,60012.0,,NO.11糖1403,84390.0,16.46,16.38
2014-02-20,SB1403,16.43,16.48,16.25,16.32,34953.0,,NO.11糖1403,70526.0,16.33,16.32
2014-02-21,SB1403,16.35,16.79,16.35,16.76,42244.0,,NO.11糖1403,61530.0,16.72,16.76
2014-02-24,SB1403,16.77,17.67,16.75,17.43,79484.0,,NO.11糖1403,38518.0,17.41,17.43
2014-02-25,SB1403,17.45,17.77,17.25,17.36,37468.0,,NO.11糖1403,20460.0,17.34,17.36
2014-02-26,SB1403,17.3,17.35,16.61,17.35,30523.0,,NO.11糖1403,11825.0,17.29,17.35
2014-02-27,SB1403,17.3,17.68,16.92,17.45,19520.0,,NO.11糖1403,3182.0,17.44,17.45
2014-02-28,SB1403,17.43,17.43,16.6,16.62,3829.0,,NO.11糖1403,349.0,16.47,16.62
