date,symbol,open,high,low,close,volume,amount,name,openinterest,settleprice,price
2012-04-02,SB1503,,,,23.12,57.0,,NO.11糖1503,57.0,23.12,23.12
2012-04-03,SB1503,,,,23.03,30.0,,NO.11糖1503,87.0,23.03,23.03
2012-04-04,SB1503,,,,22.82,7.0,,NO.11糖1503,87.0,22.82,22.82
2012-04-05,SB1503,22.97,22.97,22.97,22.97,16.0,,NO.11糖1503,89.0,22.97,22.97
2012-04-09,SB1503,,,,22.96,0.0,,NO.11糖1503,89.0,22.96,22.96
2012-04-10,SB1503,,,,22.82,10.0,,NO.11糖1503,89.0,22.82,22.82
2012-04-11,SB1503,22.8,22.8,22.8,22.8,1.0,,NO.11糖1503,89.0,22.8,22.8
2012-04-12,SB1503,,,,22.94,0.0,,NO.11糖1503,89.0,22.94,22.94
2012-04-13,SB1503,23.0,23.0,22.35,22.35,9.0,,NO.11糖1503,96.0,22.43,22.35
2012-04-16,SB1503,22.27,22.27,22.27,22.27,1.0,,NO.11糖1503,96.0,22.11,22.27
2012-04-17,SB1503,,,,22.33,0.0,,NO.11糖1503,96.0,22.33,22.33
2012-04-18,SB1503,21.96,21.96,21.96,21.96,1.0,,NO.11糖1503,97.0,21.92,21.96
2012-04-19,SB1503,21.94,21.94,21.93,21.93,58.0,,NO.11糖1503,133.0,21.97,21.93
2012-04-20,SB1503,21.98,21.98,21.92,21.92,6.0,,NO.11糖1503,139.0,21.86,21.92
2012-04-23,SB1503,,,,21.82,4.0,,NO.11糖1503,141.0,21.82,21.82
2012-04-24,SB1503,21.8,21.8,21.72,21.73,13.0,,NO.11糖1503,154.0,21.73,21.73
2012-04-25,SB1503,,,,21.72,11.0,,NO.11糖1503,164.0,21.72,21.72
2012-04-26,SB1503,21.87,21.87,21.66,21.66,58.0,,NO.11糖1503,222.0,21.67,21.66
2012-04-27,SB1503,21.63,21.63,21.6,21.6,77.0,,NO.11糖1503,293.0,21.84,21.6
2012-04-30,SB1503,,,,21.66,0.0,,NO.11糖1503,293.0,21.66,21.66
2012-05-01,SB1503,,,,21.73,28.0,,NO.11糖1503,321.0,21.73,21.73
2012-05-02,SB1503,21.66,21.72,21.66,21.72,31.0,,NO.11糖1503,346.0,21.66,21.72
2012-05-03,SB1503,21.76,21.85,21.7,21.85,129.0,,NO.11糖1503,432.0,21.69,21.85
2012-05-04,SB1503,21.85,21.85,21.82,21.82,142.0,,NO.11糖1503,546.0,21.92,21.82
2012-05-07,SB1503,,,,22.04,7.0,,NO.11糖1503,553.0,22.04,22.04
2012-05-08,SB1503,21.9,21.9,21.9,21.9,21.0,,NO.11糖1503,570.0,21.84,21.9
2012-05-09,SB1503,21.89,21.9,21.81,21.84,94.0,,NO.11糖1503,634.0,21.83,21.84
2012-05-10,SB1503,21.9,22.03,21.89,21.89,151.0,,NO.11糖1503,670.0,21.9,21.89
2012-05-11,SB1503,21.65,21.98,21.65,21.8,108.0,,NO.11糖1503,768.0,21.81,21.8
2012-05-14,SB1503,21.8,21.83,21.77,21.77,34.0,,NO.11糖1503,801.0,21.82,21.77
2012-05-15,SB1503,21.95,22.11,21.86,21.86,104.0,,NO.11糖1503,902.0,21.9,21.86
2012-05-16,SB1503,21.97,22.07,21.95,22.05,49.0,,NO.11糖1503,935.0,22.01,22.05
2012-05-17,SB1503,21.99,22.04,21.88,21.98,149.0,,NO.11糖1503,1056.0,21.99,21.98
2012-05-18,SB1503,21.93,21.98,21.74,21.74,69.0,,NO.11糖1503,1125.0,21.76,21.74
2012-05-21,SB1503,21.8,21.8,21.58,21.65,36.0,,NO.11糖1503,1156.0,21.62,21.65
2012-05-22,SB1503,21.52,21.56,21.49,21.49,77.0,,NO.11糖1503,1212.0,21.51,21.49
2012-05-23,SB1503,21.49,21.51,21.35,21.4,312.0,,NO.11糖1503,1490.0,21.4,21.4
2012-05-24,SB1503,21.5,21.5,21.19,21.3,322.0,,NO.11糖1503,1800.0,21.32,21.3
2012-05-25,SB1503,,,,21.3,0.0,,NO.11糖1503,1800.0,21.3,21.3
2012-05-29,SB1503,21.25,21.36,21.21,21.23,40.0,,NO.11糖1503,1818.0,21.32,21.23
2012-05-30,SB1503,21.22,21.23,21.19,21.22,132.0,,NO.11糖1503,1933.0,21.21,21.22
2012-05-31,SB1503,21.22,21.25,21.11,21.11,56.0,,NO.11糖1503,1959.0,21.21,21.11
2012-06-01,SB1503,21.09,21.11,20.96,21.02,498.0,,NO.11糖1503,2334.0,21.0,21.02
2012-06-04,SB1503,21.19,21.19,21.06,21.09,18.0,,NO.11糖1503,2342.0,21.09,21.09
2012-06-05,SB1503,21.04,21.05,21.02,21.04,119.0,,NO.11糖1503,2405.0,21.06,21.04
2012-06-06,SB1503,21.04,21.28,21.04,21.28,84.0,,NO.11糖1503,2472.0,21.31,21.28
2012-06-07,SB1503,21.1,21.12,21.1,21.1,9.0,,NO.11糖1503,2471.0,21.22,21.1
2012-06-08,SB1503,21.12,21.12,21.12,21.12,46.0,,NO.11糖1503,2506.0,21.15,21.12
2012-06-11,SB1503,,,,21.14,5.0,,NO.11糖1503,2508.0,21.14,21.14
2012-06-12,SB1503,21.03,21.13,21.01,21.13,51.0,,NO.11糖1503,2527.0,21.14,21.13
2012-06-13,SB1503,20.89,20.91,20.76,20.77,16.0,,NO.11糖1503,2527.0,21.13,20.77
2012-06-14,SB1503,21.0,21.05,21.0,21.05,19.0,,NO.11糖1503,2545.0,20.94,21.05
2012-06-15,SB1503,21.06,21.15,21.06,21.15,46.0,,NO.11糖1503,2515.0,21.24,21.15
2012-06-18,SB1503,21.05,21.05,20.85,20.9,76.0,,NO.11糖1503,2495.0,20.93,20.9
2012-06-19,SB1503,21.0,21.1,21.0,21.0,163.0,,NO.11糖1503,2598.0,21.07,21.0
2012-06-20,SB1503,21.13,21.15,21.05,21.05,89.0,,NO.11糖1503,2671.0,21.05,21.05
2012-06-21,SB1503,20.94,21.05,20.94,21.0,18.0,,NO.11糖1503,2679.0,21.05,21.0
2012-06-22,SB1503,21.0,21.0,20.5,20.77,69.0,,NO.11糖1503,2704.0,20.76,20.77
2012-06-25,SB1503,20.82,20.94,20.8,20.8,5.0,,NO.11糖1503,2704.0,20.82,20.8
2012-06-26,SB1503,20.95,20.97,20.95,20.95,5.0,,NO.11糖1503,2706.0,20.94,20.95
2012-06-27,SB1503,21.1,21.25,21.06,21.08,110.0,,NO.11糖1503,2759.0,21.18,21.08
2012-06-28,SB1503,21.25,21.25,20.67,20.97,23.0,,NO.11糖1503,2749.0,20.99,20.97
2012-06-29,SB1503,20.93,21.25,20.93,21.25,39.0,,NO.11糖1503,2748.0,21.22,21.25
2012-07-02,SB1503,21.29,21.38,21.29,21.35,38.0,,NO.11糖1503,2766.0,21.33,21.35
2012-07-03,SB1503,21.5,21.55,21.48,21.55,44.0,,NO.11糖1503,2786.0,21.46,21.55
2012-07-05,SB1503,21.51,21.7,21.51,21.59,216.0,,NO.11糖1503,2996.0,21.72,21.59
2012-07-06,SB1503,21.7,21.7,21.68,21.68,22.0,,NO.11糖1503,3018.0,21.75,21.68
2012-07-09,SB1503,21.7,21.85,21.7,21.85,101.0,,NO.11糖1503,3062.0,21.9,21.85
2012-07-10,SB1503,21.95,22.0,21.92,22.0,51.0,,NO.11糖1503,3050.0,21.9,22.0
2012-07-11,SB1503,21.94,21.94,21.94,21.94,5.0,,NO.11糖1503,3055.0,21.99,21.94
2012-07-12,SB1503,22.0,22.0,22.0,22.0,6.0,,NO.11糖1503,3059.0,21.81,22.0
2012-07-13,SB1503,21.98,21.98,21.9,21.9,4.0,,NO.11糖1503,3059.0,21.89,21.9
2012-07-16,SB1503,21.97,21.97,21.97,21.97,2.0,,NO.11糖1503,3061.0,21.97,21.97
2012-07-17,SB1503,21.9,21.97,21.9,21.97,6.0,,NO.11糖1503,3065.0,21.96,21.97
2012-07-18,SB1503,21.77,22.0,21.77,21.95,20.0,,NO.11糖1503,3084.0,21.99,21.95
2012-07-19,SB1503,21.99,22.0,21.75,22.0,72.0,,NO.11糖1503,3146.0,21.98,22.0
2012-07-20,SB1503,21.94,22.04,21.79,21.85,21.0,,NO.11糖1503,3146.0,21.8,21.85
2012-07-23,SB1503,21.83,21.95,21.78,21.83,27.0,,NO.11糖1503,3157.0,21.95,21.83
2012-07-24,SB1503,21.9,21.97,21.9,21.97,111.0,,NO.11糖1503,3223.0,21.94,21.97
2012-07-25,SB1503,21.97,22.05,21.94,22.05,53.0,,NO.11糖1503,3231.0,22.01,22.05
2012-07-26,SB1503,21.68,21.73,21.41,21.59,210.0,,NO.11糖1503,3259.0,21.7,21.59
2012-07-27,SB1503,21.96,21.96,21.87,21.9,123.0,,NO.11糖1503,3265.0,21.97,21.9
2012-07-30,SB1503,22.05,22.05,22.05,22.05,37.0,,NO.11糖1503,3289.0,21.99,22.05
2012-07-31,SB1503,21.95,21.95,21.95,21.95,31.0,,NO.11糖1503,3316.0,21.96,21.95
2012-08-01,SB1503,21.95,22.0,21.8,22.0,30.0,,NO.11糖1503,3328.0,21.98,22.0
2012-08-02,SB1503,21.8,21.96,21.8,21.96,34.0,,NO.11糖1503,3325.0,21.96,21.96
2012-08-03,SB1503,21.81,21.92,21.81,21.91,12.0,,NO.11糖1503,3335.0,21.97,21.91
2012-08-06,SB1503,22.0,22.01,21.81,21.81,21.0,,NO.11糖1503,3347.0,21.88,21.81
2012-08-07,SB1503,21.87,21.87,21.81,21.81,59.0,,NO.11糖1503,3396.0,21.83,21.81
2012-08-08,SB1503,21.79,21.79,21.66,21.7,170.0,,NO.11糖1503,3416.0,21.72,21.7
2012-08-09,SB1503,21.62,21.7,21.6,21.61,86.0,,NO.11糖1503,3446.0,21.59,21.61
2012-08-10,SB1503,21.57,21.61,21.49,21.54,242.0,,NO.11糖1503,3570.0,21.55,21.54
2012-08-13,SB1503,21.54,21.54,21.4,21.41,179.0,,NO.11糖1503,3719.0,21.32,21.41
2012-08-14,SB1503,21.38,21.4,21.34,21.36,37.0,,NO.11糖1503,3737.0,21.36,21.36
2012-08-15,SB1503,21.48,21.48,21.39,21.39,11.0,,NO.11糖1503,3740.0,21.39,21.39
2012-08-16,SB1503,21.43,21.52,21.43,21.52,11.0,,NO.11糖1503,3741.0,21.5,21.52
2012-08-17,SB1503,,,,21.4,0.0,,NO.11糖1503,3741.0,21.4,21.4
2012-08-20,SB1503,21.47,21.51,21.47,21.51,4.0,,NO.11糖1503,3742.0,21.54,21.51
2012-08-21,SB1503,21.5,21.51,21.23,21.23,146.0,,NO.11糖1503,3801.0,21.21,21.23
2012-08-22,SB1503,21.14,21.18,20.97,20.97,50.0,,NO.11糖1503,3805.0,21.09,20.97
2012-08-23,SB1503,21.1,21.19,20.99,21.08,125.0,,NO.11糖1503,3846.0,21.01,21.08
2012-08-24,SB1503,21.02,21.14,21.02,21.14,17.0,,NO.11糖1503,3860.0,21.12,21.14
2012-08-27,SB1503,20.94,20.94,20.88,20.88,7.0,,NO.11糖1503,3864.0,20.89,20.88
2012-08-28,SB1503,21.06,21.06,20.84,20.84,267.0,,NO.11糖1503,3862.0,21.1,20.84
2012-08-29,SB1503,21.1,21.13,20.76,20.85,133.0,,NO.11糖1503,3863.0,20.79,20.85
2012-08-30,SB1503,20.89,21.0,20.88,20.95,87.0,,NO.11糖1503,3900.0,20.92,20.95
2012-08-31,SB1503,20.76,20.76,20.76,20.76,75.0,,NO.11糖1503,3918.0,20.97,20.76
2012-09-04,SB1503,21.07,21.07,20.82,20.82,140.0,,NO.11糖1503,3959.0,20.8,20.82
2012-09-05,SB1503,20.8,20.8,20.67,20.7,29.0,,NO.11糖1503,3968.0,20.64,20.7
2012-09-06,SB1503,20.62,20.64,20.42,20.47,82.0,,NO.11糖1503,3985.0,20.43,20.47
2012-09-07,SB1503,20.54,20.65,20.43,20.57,91.0,,NO.11糖1503,4027.0,20.57,20.57
2012-09-10,SB1503,20.61,20.83,20.6,20.83,48.0,,NO.11糖1503,4033.0,20.83,20.83
2012-09-11,SB1503,20.83,20.85,20.43,20.43,264.0,,NO.11糖1503,4234.0,20.59,20.43
2012-09-12,SB1503,20.8,20.8,20.65,20.65,116.0,,NO.11糖1503,4324.0,20.64,20.65
2012-09-13,SB1503,20.72,20.78,20.65,20.78,69.0,,NO.11糖1503,4377.0,20.8,20.78
2012-09-14,SB1503,20.84,21.25,20.83,21.25,93.0,,NO.11糖1503,4423.0,21.11,21.25
2012-09-17,SB1503,21.09,21.11,20.84,20.95,101.0,,NO.11糖1503,4469.0,20.94,20.95
2012-09-18,SB1503,20.7,20.7,20.55,20.55,128.0,,NO.11糖1503,4543.0,20.62,20.55
2012-09-19,SB1503,20.49,20.52,20.48,20.5,98.0,,NO.11糖1503,4599.0,20.5,20.5
2012-09-20,SB1503,20.6,21.0,20.6,21.0,296.0,,NO.11糖1503,4722.0,20.96,21.0
2012-09-21,SB1503,21.19,21.2,21.03,21.06,533.0,,NO.11糖1503,5155.0,21.04,21.06
2012-09-24,SB1503,21.2,21.29,21.18,21.29,243.0,,NO.11糖1503,5335.0,21.17,21.29
2012-09-25,SB1503,21.33,21.64,21.33,21.64,334.0,,NO.11糖1503,5535.0,21.61,21.64
2012-09-26,SB1503,21.61,21.66,21.07,21.14,272.0,,NO.11糖1503,5637.0,21.24,21.14
2012-09-27,SB1503,21.02,21.31,20.96,21.21,451.0,,NO.11糖1503,5845.0,21.18,21.21
2012-09-28,SB1503,21.26,21.27,20.98,21.22,156.0,,NO.11糖1503,5967.0,21.19,21.22
2012-10-01,SB1503,21.38,21.52,21.36,21.52,70.0,,NO.11糖1503,6007.0,21.59,21.52
2012-10-02,SB1503,21.47,21.65,21.44,21.6,169.0,,NO.11糖1503,6083.0,21.62,21.6
2012-10-03,SB1503,21.54,21.65,21.54,21.57,11.0,,NO.11糖1503,6080.0,21.66,21.57
2012-10-04,SB1503,21.67,21.72,21.67,21.72,56.0,,NO.11糖1503,6105.0,21.67,21.72
2012-10-05,SB1503,21.37,21.58,21.36,21.54,93.0,,NO.11糖1503,6114.0,21.61,21.54
2012-10-08,SB1503,21.42,21.42,21.42,21.42,1.0,,NO.11糖1503,6115.0,21.46,21.42
2012-10-09,SB1503,21.42,21.42,21.36,21.36,4.0,,NO.11糖1503,6117.0,21.33,21.36
2012-10-10,SB1503,21.27,21.27,21.27,21.27,9.0,,NO.11糖1503,6111.0,21.33,21.27
2012-10-11,SB1503,20.87,20.94,20.79,20.85,144.0,,NO.11糖1503,6157.0,20.87,20.85
2012-10-12,SB1503,20.87,20.87,20.5,20.5,88.0,,NO.11糖1503,6139.0,20.55,20.5
2012-10-15,SB1503,20.41,20.41,20.39,20.39,10.0,,NO.11糖1503,6137.0,20.36,20.39
2012-10-16,SB1503,20.54,20.59,20.46,20.47,44.0,,NO.11糖1503,6174.0,20.49,20.47
2012-10-17,SB1503,20.49,20.49,20.49,20.49,196.0,,NO.11糖1503,6365.0,20.49,20.49
2012-10-18,SB1503,20.31,20.34,20.2,20.2,29.0,,NO.11糖1503,6386.0,20.23,20.2
2012-10-19,SB1503,20.18,20.52,20.18,20.52,10.0,,NO.11糖1503,6390.0,20.51,20.52
2012-10-22,SB1503,20.53,20.53,20.29,20.29,9.0,,NO.11糖1503,6391.0,20.33,20.29
2012-10-23,SB1503,20.25,20.25,20.1,20.14,94.0,,NO.11糖1503,6429.0,20.16,20.14
2012-10-24,SB1503,20.15,20.19,20.05,20.18,44.0,,NO.11糖1503,6429.0,20.24,20.18
2012-10-25,SB1503,20.3,20.3,20.06,20.11,48.0,,NO.11糖1503,6475.0,20.09,20.11
2012-10-26,SB1503,20.08,20.08,19.97,19.97,133.0,,NO.11糖1503,6591.0,20.02,19.97
2012-10-29,SB1503,20.0,20.0,19.94,19.97,28.0,,NO.11糖1503,6618.0,20.0,19.97
2012-10-30,SB1503,20.06,20.13,20.06,20.13,21.0,,NO.11糖1503,6636.0,20.08,20.13
2012-10-31,SB1503,19.94,20.0,19.93,20.0,92.0,,NO.11糖1503,6724.0,20.17,20.0
2012-11-01,SB1503,20.17,20.17,20.0,20.03,9.0,,NO.11糖1503,6728.0,20.03,20.03
2012-11-02,SB1503,20.25,20.26,20.25,20.26,2.0,,NO.11糖1503,6729.0,20.24,20.26
2012-11-05,SB1503,20.21,20.35,20.14,20.35,139.0,,NO.11糖1503,6833.0,20.16,20.35
2012-11-06,SB1503,20.16,20.42,20.16,20.3,138.0,,NO.11糖1503,6944.0,20.34,20.3
2012-11-07,SB1503,20.33,20.33,20.02,20.03,205.0,,NO.11糖1503,7005.0,19.97,20.03
2012-11-08,SB1503,20.01,20.01,19.9,19.9,156.0,,NO.11糖1503,7047.0,19.99,19.9
2012-11-09,SB1503,20.0,20.16,19.88,20.16,84.0,,NO.11糖1503,7030.0,20.15,20.16
2012-11-12,SB1503,,,,20.16,6.0,,NO.11糖1503,7026.0,20.16,20.16
2012-11-13,SB1503,20.16,20.23,20.16,20.23,156.0,,NO.11糖1503,7124.0,20.18,20.23
2012-11-14,SB1503,,,,20.12,8.0,,NO.11糖1503,7135.0,20.12,20.12
2012-11-15,SB1503,20.12,20.15,20.12,20.12,57.0,,NO.11糖1503,7175.0,20.08,20.12
2012-11-16,SB1503,20.15,20.2,20.09,20.2,140.0,,NO.11糖1503,7296.0,20.2,20.2
2012-11-19,SB1503,20.25,20.46,20.25,20.44,344.0,,NO.11糖1503,7353.0,20.41,20.44
2012-11-20,SB1503,20.27,20.41,20.21,20.34,514.0,,NO.11糖1503,7631.0,20.33,20.34
2012-11-21,SB1503,20.21,20.24,20.18,20.18,104.0,,NO.11糖1503,7731.0,20.17,20.18
2012-11-23,SB1503,20.34,20.34,20.0,20.0,33.0,,NO.11糖1503,7756.0,20.0,20.0
2012-11-26,SB1503,20.0,20.0,20.0,20.0,44.0,,NO.11糖1503,7779.0,20.15,20.0
2012-11-27,SB1503,20.2,20.2,20.05,20.1,43.0,,NO.11糖1503,7811.0,20.18,20.1
2012-11-28,SB1503,,,,20.14,14.0,,NO.11糖1503,7813.0,20.14,20.14
2012-11-29,SB1503,20.14,20.14,20.14,20.14,8.0,,NO.11糖1503,7813.0,20.21,20.14
2012-11-30,SB1503,20.2,20.25,20.15,20.25,47.0,,NO.11糖1503,7815.0,20.26,20.25
2012-12-03,SB1503,20.2,20.4,20.2,20.4,313.0,,NO.11糖1503,7940.0,20.44,20.4
2012-12-04,SB1503,20.39,20.45,20.16,20.16,75.0,,NO.11糖1503,7938.0,20.2,20.16
2012-12-05,SB1503,20.2,20.2,20.2,20.2,7.0,,NO.11糖1503,7933.0,20.39,20.2
2012-12-06,SB1503,20.44,20.44,20.44,20.44,4.0,,NO.11糖1503,7933.0,20.4,20.44
2012-12-07,SB1503,20.2,20.2,20.17,20.17,22.0,,NO.11糖1503,7917.0,20.38,20.17
2012-12-10,SB1503,20.32,20.32,20.04,20.06,327.0,,NO.11糖1503,7871.0,20.04,20.06
2012-12-11,SB1503,20.02,20.13,20.02,20.04,44.0,,NO.11糖1503,7862.0,20.09,20.04
2012-12-12,SB1503,20.01,20.08,19.94,19.96,247.0,,NO.11糖1503,7894.0,19.96,19.96
2012-12-13,SB1503,19.95,20.2,19.91,20.2,284.0,,NO.11糖1503,7982.0,20.16,20.2
2012-12-14,SB1503,20.2,20.28,20.2,20.27,113.0,,NO.11糖1503,8058.0,20.26,20.27
2012-12-17,SB1503,20.4,20.4,20.4,20.4,105.0,,NO.11糖1503,8158.0,20.44,20.4
2012-12-18,SB1503,20.35,20.45,20.35,20.45,157.0,,NO.11糖1503,8161.0,20.52,20.45
2012-12-19,SB1503,,,,20.4,0.0,,NO.11糖1503,8161.0,20.4,20.4
2012-12-20,SB1503,20.1,20.34,20.1,20.34,58.0,,NO.11糖1503,8173.0,20.38,20.34
2012-12-21,SB1503,20.5,20.5,20.5,20.5,2.0,,NO.11糖1503,8175.0,20.47,20.5
2012-12-24,SB1503,,,,20.2,0.0,,NO.11糖1503,8175.0,20.2,20.2
2012-12-26,SB1503,,,,20.27,0.0,,NO.11糖1503,8175.0,20.27,20.27
2012-12-27,SB1503,20.5,20.58,20.5,20.56,152.0,,NO.11糖1503,8305.0,20.54,20.56
2012-12-28,SB1503,20.54,20.59,20.5,20.54,129.0,,NO.11糖1503,8348.0,20.5,20.54
2012-12-31,SB1503,20.5,20.57,20.49,20.51,151.0,,NO.11糖1503,8416.0,20.57,20.51
2013-01-02,SB1503,20.57,20.65,20.57,20.65,219.0,,NO.11糖1503,8458.0,20.66,20.65
2013-01-03,SB1503,20.65,20.65,20.15,20.15,63.0,,NO.11糖1503,8497.0,20.34,20.15
2013-01-04,SB1503,20.23,20.26,20.17,20.2,74.0,,NO.11糖1503,8470.0,20.24,20.2
2013-01-07,SB1503,20.3,20.39,20.25,20.39,58.0,,NO.11糖1503,8508.0,20.35,20.39
2013-01-08,SB1503,20.38,20.38,20.33,20.33,8.0,,NO.11糖1503,8513.0,20.29,20.33
2013-01-09,SB1503,20.22,20.35,20.22,20.35,50.0,,NO.11糖1503,8546.0,20.37,20.35
2013-01-10,SB1503,20.42,20.42,20.42,20.42,5.0,,NO.11糖1503,8542.0,20.53,20.42
2013-01-11,SB1503,20.55,20.55,20.55,20.55,61.0,,NO.11糖1503,8545.0,20.63,20.55
2013-01-14,SB1503,20.58,20.58,20.5,20.5,222.0,,NO.11糖1503,8639.0,20.6,20.5
2013-01-15,SB1503,20.56,20.58,20.46,20.47,137.0,,NO.11糖1503,8707.0,20.43,20.47
2013-01-16,SB1503,20.48,20.5,20.23,20.23,348.0,,NO.11糖1503,8820.0,20.31,20.23
2013-01-17,SB1503,20.29,20.29,20.27,20.28,127.0,,NO.11糖1503,8885.0,20.31,20.28
2013-01-18,SB1503,20.33,20.35,20.27,20.27,22.0,,NO.11糖1503,8879.0,20.21,20.27
2013-01-22,SB1503,20.24,20.24,20.16,20.24,223.0,,NO.11糖1503,8942.0,20.24,20.24
2013-01-23,SB1503,20.26,20.45,20.21,20.45,104.0,,NO.11糖1503,8951.0,20.38,20.45
2013-01-24,SB1503,20.25,20.36,20.22,20.36,186.0,,NO.11糖1503,9084.0,20.35,20.36
2013-01-25,SB1503,20.25,20.42,20.25,20.4,106.0,,NO.11糖1503,9137.0,20.4,20.4
2013-01-28,SB1503,20.42,20.55,20.42,20.55,230.0,,NO.11糖1503,9234.0,20.51,20.55
2013-01-29,SB1503,20.42,20.44,20.24,20.44,78.0,,NO.11糖1503,9239.0,20.44,20.44
2013-01-30,SB1503,20.44,20.59,20.33,20.59,267.0,,NO.11糖1503,9301.0,20.57,20.59
2013-01-31,SB1503,20.57,20.6,20.52,20.6,26.0,,NO.11糖1503,9317.0,20.6,20.6
2013-02-01,SB1503,20.58,20.65,20.52,20.53,198.0,,NO.11糖1503,9365.0,20.62,20.53
2013-02-04,SB1503,20.62,20.62,20.45,20.45,7.0,,NO.11糖1503,9371.0,20.47,20.45
2013-02-05,SB1503,20.55,20.56,20.54,20.56,37.0,,NO.11糖1503,9362.0,20.47,20.56
2013-02-06,SB1503,20.4,20.42,20.18,20.18,405.0,,NO.11糖1503,9472.0,20.18,20.18
2013-02-07,SB1503,20.18,20.2,20.18,20.2,113.0,,NO.11糖1503,9379.0,20.25,20.2
2013-02-08,SB1503,20.23,20.23,20.11,20.15,188.0,,NO.11糖1503,9391.0,20.2,20.15
2013-02-11,SB1503,20.2,20.33,20.2,20.33,18.0,,NO.11糖1503,9376.0,20.33,20.33
2013-02-12,SB1503,20.23,20.27,20.12,20.12,323.0,,NO.11糖1503,9489.0,20.14,20.12
2013-02-13,SB1503,20.3,20.3,20.3,20.3,3.0,,NO.11糖1503,9488.0,20.26,20.3
2013-02-14,SB1503,20.07,20.1,20.02,20.1,437.0,,NO.11糖1503,9713.0,20.04,20.1
2013-02-15,SB1503,,,,19.95,48.0,,NO.11糖1503,9710.0,19.95,19.95
2013-02-19,SB1503,19.98,20.09,19.95,20.09,59.0,,NO.11糖1503,9722.0,20.02,20.09
2013-02-20,SB1503,20.1,20.21,20.1,20.21,70.0,,NO.11糖1503,9736.0,20.26,20.21
2013-02-21,SB1503,20.01,20.21,20.01,20.21,299.0,,NO.11糖1503,9628.0,20.19,20.21
2013-02-22,SB1503,20.2,20.32,20.2,20.32,188.0,,NO.11糖1503,9616.0,20.32,20.32
2013-02-25,SB1503,20.32,20.46,20.29,20.29,106.0,,NO.11糖1503,9661.0,20.31,20.29
2013-02-26,SB1503,,,,20.21,85.0,,NO.11糖1503,9746.0,20.21,20.21
2013-02-27,SB1503,20.21,20.22,20.21,20.22,17.0,,NO.11糖1503,9751.0,20.17,20.22
2013-02-28,SB1503,20.22,20.46,20.22,20.33,73.0,,NO.11糖1503,9782.0,20.38,20.33
2013-03-01,SB1503,20.38,20.38,20.02,20.02,33.0,,NO.11糖1503,9777.0,19.98,20.02
2013-03-04,SB1503,20.05,20.07,19.98,20.04,41.0,,NO.11糖1503,9777.0,20.07,20.04
2013-03-05,SB1503,20.12,20.17,20.01,20.12,106.0,,NO.11糖1503,9755.0,20.12,20.12
2013-03-06,SB1503,20.03,20.03,20.02,20.02,246.0,,NO.11糖1503,9931.0,20.03,20.02
2013-03-07,SB1503,20.09,20.3,20.09,20.28,781.0,,NO.11糖1503,10240.0,20.26,20.28
2013-03-08,SB1503,20.11,20.3,20.06,20.3,388.0,,NO.11糖1503,10366.0,20.3,20.3
2013-03-11,SB1503,20.3,20.4,20.3,20.4,241.0,,NO.11糖1503,10548.0,20.4,20.4
2013-03-12,SB1503,20.3,20.35,20.09,20.35,32.0,,NO.11糖1503,10544.0,20.32,20.35
2013-03-13,SB1503,20.3,20.3,20.23,20.24,123.0,,NO.11糖1503,10536.0,20.3,20.24
2013-03-14,SB1503,20.3,20.35,20.3,20.35,208.0,,NO.11糖1503,10537.0,20.33,20.35
2013-03-15,SB1503,20.34,20.43,20.34,20.43,145.0,,NO.11糖1503,10533.0,20.4,20.43
2013-03-18,SB1503,20.21,20.29,20.13,20.27,653.0,,NO.11糖1503,10636.0,20.27,20.27
2013-03-19,SB1503,20.37,20.37,20.3,20.34,159.0,,NO.11糖1503,10687.0,20.27,20.34
2013-03-20,SB1503,20.29,20.35,20.28,20.35,40.0,,NO.11糖1503,10694.0,20.34,20.35
2013-03-21,SB1503,20.36,20.36,20.18,20.18,313.0,,NO.11糖1503,10798.0,20.29,20.18
2013-03-22,SB1503,20.25,20.25,20.12,20.12,98.0,,NO.11糖1503,10823.0,20.16,20.12
2013-03-25,SB1503,20.16,20.16,20.09,20.09,156.0,,NO.11糖1503,10783.0,20.1,20.09
2013-03-26,SB1503,20.14,20.14,20.0,20.0,174.0,,NO.11糖1503,10742.0,20.01,20.0
2013-03-27,SB1503,19.94,19.94,19.92,19.92,46.0,,NO.11糖1503,10765.0,19.91,19.92
2013-03-28,SB1503,19.91,19.98,19.82,19.95,126.0,,NO.11糖1503,0.0,19.95,19.95
2013-04-01,SB1503,19.88,19.88,19.88,19.88,33.0,,NO.11糖1503,10801.0,19.88,19.88
2013-04-02,SB1503,19.83,19.89,19.8,19.89,286.0,,NO.11糖1503,10994.0,19.89,19.89
2013-04-03,SB1503,19.85,19.85,19.8,19.8,147.0,,NO.11糖1503,11005.0,19.78,19.8
2013-04-04,SB1503,19.85,19.86,19.75,19.78,144.0,,NO.11糖1503,10973.0,19.79,19.78
2013-04-05,SB1503,19.75,19.79,19.67,19.67,183.0,,NO.11糖1503,10926.0,19.76,19.67
2013-04-08,SB1503,19.77,19.77,19.64,19.77,330.0,,NO.11糖1503,11070.0,19.77,19.77
2013-04-09,SB1503,19.68,19.7,19.63,19.68,183.0,,NO.11糖1503,11204.0,19.69,19.68
2013-04-10,SB1503,19.7,19.72,19.7,19.7,215.0,,NO.11糖1503,11318.0,19.74,19.7
2013-04-11,SB1503,19.69,19.69,19.57,19.6,386.0,,NO.11糖1503,11493.0,19.66,19.6
2013-04-12,SB1503,19.69,19.73,19.68,19.68,236.0,,NO.11糖1503,11643.0,19.7,19.68
2013-04-15,SB1503,19.59,19.59,19.4,19.43,328.0,,NO.11糖1503,11760.0,19.43,19.43
2013-04-16,SB1503,19.53,19.7,19.53,19.61,611.0,,NO.11糖1503,12016.0,19.62,19.61
2013-04-17,SB1503,19.53,19.6,19.53,19.53,625.0,,NO.11糖1503,12210.0,19.57,19.53
2013-04-18,SB1503,19.47,19.54,19.36,19.54,1031.0,,NO.11糖1503,12705.0,19.48,19.54
2013-04-19,SB1503,19.52,19.77,19.5,19.75,599.0,,NO.11糖1503,13021.0,19.76,19.75
2013-04-22,SB1503,19.55,19.6,19.52,19.59,89.0,,NO.11糖1503,13085.0,19.61,19.59
2013-04-23,SB1503,19.58,19.74,19.56,19.7,339.0,,NO.11糖1503,13302.0,19.71,19.7
2013-04-24,SB1503,19.74,19.74,19.55,19.6,246.0,,NO.11糖1503,13300.0,19.58,19.6
2013-04-25,SB1503,19.57,19.57,19.5,19.55,190.0,,NO.11糖1503,13367.0,19.56,19.55
2013-04-26,SB1503,19.53,19.62,19.53,19.58,152.0,,NO.11糖1503,13408.0,19.64,19.58
2013-04-29,SB1503,19.64,19.72,19.56,19.72,333.0,,NO.11糖1503,13497.0,19.69,19.72
2013-04-30,SB1503,19.74,19.81,19.6,19.69,538.0,,NO.11糖1503,13646.0,19.7,19.69
2013-05-01,SB1503,19.63,19.63,19.52,19.55,599.0,,NO.11糖1503,13563.0,19.56,19.55
2013-05-02,SB1503,19.55,19.83,19.55,19.83,1249.0,,NO.11糖1503,13988.0,19.83,19.83
2013-05-03,SB1503,19.72,19.76,19.65,19.69,925.0,,NO.11糖1503,14456.0,19.66,19.69
2013-05-06,SB1503,19.75,19.85,19.75,19.85,134.0,,NO.11糖1503,14461.0,19.82,19.85
2013-05-07,SB1503,19.76,19.82,19.67,19.68,301.0,,NO.11糖1503,14401.0,19.74,19.68
2013-05-08,SB1503,19.63,19.63,19.62,19.62,34.0,,NO.11糖1503,14393.0,19.63,19.62
2013-05-09,SB1503,19.57,19.77,19.57,19.72,330.0,,NO.11糖1503,14419.0,19.74,19.72
2013-05-10,SB1503,19.74,19.78,19.6,19.6,103.0,,NO.11糖1503,14385.0,19.62,19.6
2013-05-13,SB1503,19.57,19.57,19.51,19.55,443.0,,NO.11糖1503,14406.0,19.54,19.55
2013-05-14,SB1503,19.51,19.51,19.47,19.47,359.0,,NO.11糖1503,14589.0,19.43,19.47
2013-05-15,SB1503,19.39,19.39,19.24,19.24,128.0,,NO.11糖1503,14641.0,19.22,19.24
2013-05-16,SB1503,19.24,19.3,19.1,19.1,142.0,,NO.11糖1503,14678.0,19.11,19.1
2013-05-17,SB1503,19.14,19.2,19.05,19.08,104.0,,NO.11糖1503,14640.0,19.1,19.08
2013-05-20,SB1503,19.11,19.17,18.99,19.02,202.0,,NO.11糖1503,14679.0,18.99,19.02
2013-05-21,SB1503,19.08,19.11,18.95,19.06,267.0,,NO.11糖1503,14702.0,19.07,19.06
2013-05-22,SB1503,19.06,19.18,19.0,19.0,725.0,,NO.11糖1503,14673.0,19.02,19.0
2013-05-23,SB1503,18.97,19.1,18.96,19.06,178.0,,NO.11糖1503,14628.0,19.04,19.06
2013-05-24,SB1503,19.15,19.15,19.06,19.12,42.0,,NO.11糖1503,0.0,19.11,19.12
2013-05-27,SB1503,,,,19.11,0.0,,NO.11糖1503,0.0,19.11,19.11
2013-05-28,SB1503,19.25,19.25,18.99,18.99,478.0,,NO.11糖1503,14759.0,18.98,18.99
2013-05-29,SB1503,18.96,18.96,18.67,18.67,984.0,,NO.11糖1503,14214.0,18.74,18.67
2013-05-30,SB1503,18.8,18.8,18.68,18.75,59.0,,NO.11糖1503,14191.0,18.67,18.75
2013-05-31,SB1503,18.64,18.72,18.62,18.65,174.0,,NO.11糖1503,14199.0,18.68,18.65
2013-06-03,SB1503,18.75,18.81,18.56,18.57,275.0,,NO.11糖1503,14102.0,18.58,18.57
2013-06-04,SB1503,18.52,18.55,18.44,18.49,317.0,,NO.11糖1503,14178.0,18.5,18.49
2013-06-05,SB1503,18.49,18.52,18.37,18.38,153.0,,NO.11糖1503,14164.0,18.42,18.38
2013-06-06,SB1503,18.37,18.4,18.33,18.4,126.0,,NO.11糖1503,14149.0,18.4,18.4
2013-06-07,SB1503,18.45,18.48,18.32,18.47,119.0,,NO.11糖1503,14144.0,18.46,18.47
2013-06-10,SB1503,18.46,18.56,18.45,18.48,171.0,,NO.11糖1503,14189.0,18.47,18.48
2013-06-11,SB1503,18.49,18.54,18.39,18.39,252.0,,NO.11糖1503,14161.0,18.47,18.39
2013-06-12,SB1503,18.44,18.5,18.37,18.37,260.0,,NO.11糖1503,14279.0,18.39,18.37
2013-06-13,SB1503,18.34,18.4,18.27,18.27,135.0,,NO.11糖1503,14293.0,18.29,18.27
2013-06-14,SB1503,18.36,18.68,18.36,18.68,507.0,,NO.11糖1503,14411.0,18.67,18.68
2013-06-17,SB1503,18.62,18.72,18.48,18.66,541.0,,NO.11糖1503,14329.0,18.69,18.66
2013-06-18,SB1503,18.51,18.58,18.42,18.47,319.0,,NO.11糖1503,14316.0,18.5,18.47
2013-06-19,SB1503,18.43,18.63,18.36,18.56,825.0,,NO.11糖1503,14415.0,18.58,18.56
2013-06-20,SB1503,18.4,18.4,18.01,18.01,849.0,,NO.11糖1503,14567.0,18.02,18.01
2013-06-21,SB1503,18.1,18.21,18.09,18.19,306.0,,NO.11糖1503,14692.0,18.18,18.19
2013-06-24,SB1503,18.18,18.35,18.07,18.27,441.0,,NO.11糖1503,14875.0,18.29,18.27
2013-06-25,SB1503,18.42,18.5,18.35,18.4,994.0,,NO.11糖1503,14900.0,18.43,18.4
2013-06-26,SB1503,18.28,18.4,18.23,18.4,264.0,,NO.11糖1503,14959.0,18.41,18.4
2013-06-27,SB1503,18.41,18.41,18.2,18.36,747.0,,NO.11糖1503,15084.0,18.37,18.36
2013-06-28,SB1503,18.37,18.44,18.2,18.27,525.0,,NO.11糖1503,15205.0,18.26,18.27
2013-07-01,SB1503,18.32,18.32,17.96,17.98,1317.0,,NO.11糖1503,15222.0,18.06,17.98
2013-07-02,SB1503,17.96,17.97,17.85,17.91,503.0,,NO.11糖1503,15285.0,17.92,17.91
2013-07-03,SB1503,17.9,17.9,17.75,17.75,158.0,,NO.11糖1503,0.0,17.77,17.75
2013-07-04,SB1503,,,,17.77,0.0,,NO.11糖1503,0.0,17.77,17.77
2013-07-05,SB1503,17.75,17.75,17.57,17.64,298.0,,NO.11糖1503,15397.0,17.61,17.64
2013-07-08,SB1503,17.6,17.64,17.59,17.59,272.0,,NO.11糖1503,15399.0,17.62,17.59
2013-07-09,SB1503,17.58,17.65,17.58,17.61,242.0,,NO.11糖1503,15425.0,17.62,17.61
2013-07-10,SB1503,17.56,17.81,17.55,17.6,1458.0,,NO.11糖1503,15129.0,17.63,17.6
2013-07-11,SB1503,17.73,17.73,17.51,17.56,648.0,,NO.11糖1503,15090.0,17.52,17.56
2013-07-12,SB1503,17.59,17.59,17.49,17.52,575.0,,NO.11糖1503,15007.0,17.53,17.52
2013-07-15,SB1503,17.49,17.58,17.49,17.54,371.0,,NO.11糖1503,14936.0,17.55,17.54
2013-07-16,SB1503,17.55,17.6,17.42,17.5,1566.0,,NO.11糖1503,14889.0,17.5,17.5
2013-07-17,SB1503,17.49,17.49,17.4,17.41,831.0,,NO.11糖1503,15080.0,17.41,17.41
2013-07-18,SB1503,17.45,17.58,17.42,17.43,1419.0,,NO.11糖1503,14990.0,17.43,17.43
2013-07-19,SB1503,17.48,17.5,17.43,17.46,412.0,,NO.11糖1503,15276.0,17.44,17.46
2013-07-22,SB1503,17.48,17.57,17.48,17.54,475.0,,NO.11糖1503,15614.0,17.54,17.54
2013-07-23,SB1503,17.54,17.62,17.51,17.57,466.0,,NO.11糖1503,15629.0,17.55,17.57
2013-07-24,SB1503,17.53,17.53,17.4,17.4,872.0,,NO.11糖1503,15575.0,17.42,17.4
2013-07-25,SB1503,17.4,17.57,17.4,17.48,473.0,,NO.11糖1503,15708.0,17.52,17.48
2013-07-26,SB1503,17.47,17.62,17.41,17.56,863.0,,NO.11糖1503,15618.0,17.57,17.56
2013-07-29,SB1503,17.65,17.87,17.6,17.85,620.0,,NO.11糖1503,15629.0,17.85,17.85
2013-07-30,SB1503,17.83,17.83,17.74,17.78,397.0,,NO.11糖1503,15788.0,17.8,17.78
2013-07-31,SB1503,17.75,17.91,17.71,17.78,560.0,,NO.11糖1503,16021.0,17.84,17.78
2013-08-01,SB1503,17.78,17.85,17.72,17.83,614.0,,NO.11糖1503,16116.0,17.8,17.83
2013-08-02,SB1503,17.8,17.9,17.73,17.85,516.0,,NO.11糖1503,16092.0,17.88,17.85
2013-08-05,SB1503,17.89,17.9,17.71,17.75,0.0,,NO.11糖1503,0.0,17.76,17.75
2013-08-06,SB1503,17.75,17.77,17.69,17.72,104.0,,NO.11糖1503,16609.0,17.73,17.72
2013-08-07,SB1503,17.73,17.93,17.73,17.89,163.0,,NO.11糖1503,16694.0,17.93,17.89
2013-08-08,SB1503,17.87,17.9,17.8,17.85,655.0,,NO.11糖1503,16950.0,17.88,17.85
2013-08-09,SB1503,17.89,18.02,17.88,18.02,344.0,,NO.11糖1503,17084.0,18.02,18.02
2013-08-12,SB1503,18.09,18.13,17.86,18.11,1578.0,,NO.11糖1503,16878.0,18.07,18.11
2013-08-13,SB1503,18.16,18.16,18.0,18.09,191.0,,NO.11糖1503,16871.0,18.11,18.09
2013-08-14,SB1503,18.12,18.16,18.08,18.11,1047.0,,NO.11糖1503,17309.0,18.13,18.11
2013-08-15,SB1503,18.12,18.12,17.93,18.08,218.0,,NO.11糖1503,17268.0,18.09,18.08
2013-08-16,SB1503,18.0,18.04,17.95,17.95,214.0,,NO.11糖1503,17315.0,17.95,17.95
2013-08-19,SB1503,17.85,17.85,17.61,17.64,645.0,,NO.11糖1503,17399.0,17.62,17.64
2013-08-20,SB1503,17.65,17.69,17.58,17.62,280.0,,NO.11糖1503,17487.0,17.6,17.62
2013-08-21,SB1503,17.64,17.64,17.41,17.43,584.0,,NO.11糖1503,17657.0,17.42,17.43
2013-08-22,SB1503,17.43,17.43,17.27,17.3,766.0,,NO.11糖1503,17665.0,17.31,17.3
2013-08-23,SB1503,17.38,17.51,17.38,17.45,243.0,,NO.11糖1503,17620.0,17.5,17.45
2013-08-26,SB1503,17.51,17.63,17.51,17.58,514.0,,NO.11糖1503,17808.0,17.62,17.58
2013-08-27,SB1503,17.57,17.57,17.4,17.49,385.0,,NO.11糖1503,17882.0,17.47,17.49
2013-08-28,SB1503,17.43,17.5,17.42,17.5,384.0,,NO.11糖1503,17736.0,17.47,17.5
2013-08-29,SB1503,17.5,17.55,17.48,17.5,939.0,,NO.11糖1503,17391.0,17.48,17.5
2013-08-30,SB1503,17.48,17.51,17.47,17.51,1898.0,,NO.11糖1503,18676.0,17.5,17.51
2013-09-03,SB1503,17.6,17.63,17.56,17.59,172.0,,NO.11糖1503,18691.0,17.6,17.59
2013-09-04,SB1503,17.59,17.65,17.55,17.57,565.0,,NO.11糖1503,18551.0,17.57,17.57
2013-09-05,SB1503,17.58,17.65,17.57,17.62,1307.0,,NO.11糖1503,18686.0,17.65,17.62
2013-09-06,SB1503,17.66,17.87,17.64,17.77,1409.0,,NO.11糖1503,18687.0,17.84,17.77
2013-09-09,SB1503,17.8,17.94,17.8,17.94,833.0,,NO.11糖1503,19261.0,17.96,17.94
2013-09-10,SB1503,17.94,18.11,17.91,18.11,1534.0,,NO.11糖1503,19818.0,18.14,18.11
2013-09-11,SB1503,18.14,18.26,18.13,18.22,6896.0,,NO.11糖1503,20326.0,18.25,18.22
2013-09-12,SB1503,18.21,18.35,18.18,18.33,459.0,,NO.11糖1503,19287.0,18.36,18.33
2013-09-13,SB1503,18.32,18.35,18.19,18.31,536.0,,NO.11糖1503,19308.0,18.31,18.31
2013-09-16,SB1503,18.19,18.26,18.17,18.17,707.0,,NO.11糖1503,19211.0,18.15,18.17
2013-09-17,SB1503,18.17,18.17,18.03,18.07,1893.0,,NO.11糖1503,19233.0,18.07,18.07
2013-09-18,SB1503,18.07,18.16,18.07,18.16,665.0,,NO.11糖1503,19120.0,18.15,18.16
2013-09-19,SB1503,18.23,18.4,18.23,18.39,599.0,,NO.11糖1503,18993.0,18.4,18.39
2013-09-20,SB1503,18.37,18.51,18.37,18.41,941.0,,NO.11糖1503,19453.0,18.4,18.41
2013-09-23,SB1503,18.11,18.46,18.11,18.46,445.0,,NO.11糖1503,19411.0,18.44,18.46
2013-09-24,SB1503,18.47,18.57,18.46,18.53,560.0,,NO.11糖1503,19458.0,18.57,18.53
2013-09-25,SB1503,18.54,18.75,18.54,18.75,1150.0,,NO.11糖1503,19403.0,18.73,18.75
2013-09-26,SB1503,18.5,18.79,18.5,18.76,1807.0,,NO.11糖1503,19552.0,18.74,18.76
2013-09-27,SB1503,18.65,18.68,18.37,18.37,536.0,,NO.11糖1503,19606.0,18.41,18.37
2013-09-30,SB1503,18.45,18.79,18.45,18.76,663.0,,NO.11糖1503,19547.0,18.78,18.76
2013-10-01,SB1503,18.76,18.89,18.71,18.88,1068.0,,NO.11糖1503,19960.0,18.91,18.88
2013-10-02,SB1503,18.9,19.08,18.78,19.01,1984.0,,NO.11糖1503,20348.0,19.03,19.01
2013-10-03,SB1503,18.94,19.13,18.94,19.11,795.0,,NO.11糖1503,20470.0,19.1,19.11
2013-10-04,SB1503,19.07,19.1,18.96,19.09,491.0,,NO.11糖1503,20540.0,19.09,19.09
2013-10-07,SB1503,19.15,19.21,19.13,19.21,1235.0,,NO.11糖1503,21352.0,19.2,19.21
2013-10-08,SB1503,19.2,19.21,19.1,19.21,2071.0,,NO.11糖1503,21644.0,19.21,19.21
2013-10-09,SB1503,19.17,19.21,19.08,19.1,897.0,,NO.11糖1503,21570.0,19.15,19.1
2013-10-10,SB1503,19.1,19.29,19.06,19.29,1080.0,,NO.11糖1503,21712.0,19.28,19.29
2013-10-11,SB1503,19.31,19.43,19.31,19.41,1922.0,,NO.11糖1503,21990.0,19.43,19.41
2013-10-14,SB1503,19.38,19.55,19.38,19.55,810.0,,NO.11糖1503,22083.0,19.51,19.55
2013-10-15,SB1503,19.49,19.57,19.12,19.32,1191.0,,NO.11糖1503,22268.0,19.27,19.32
2013-10-16,SB1503,19.32,19.52,19.31,19.48,933.0,,NO.11糖1503,22594.0,19.48,19.48
2013-10-17,SB1503,19.45,19.49,19.42,19.48,945.0,,NO.11糖1503,23021.0,19.48,19.48
2013-10-18,SB1503,19.43,19.95,19.43,19.61,5216.0,,NO.11糖1503,24481.0,19.68,19.61
2013-10-21,SB1503,19.63,19.66,19.46,19.57,1413.0,,NO.11糖1503,24285.0,19.58,19.57
2013-10-22,SB1503,19.5,19.61,19.48,19.6,621.0,,NO.11糖1503,24402.0,19.57,19.6
2013-10-23,SB1503,19.48,19.53,19.45,19.45,664.0,,NO.11糖1503,24834.0,19.47,19.45
2013-10-24,SB1503,19.22,19.35,19.18,19.18,2702.0,,NO.11糖1503,25249.0,19.3,19.18
2013-10-25,SB1503,19.22,19.35,19.22,19.3,651.0,,NO.11糖1503,25334.0,19.34,19.3
2013-10-28,SB1503,19.37,19.37,19.19,19.26,0.0,,NO.11糖1503,0.0,19.25,19.26
2013-10-29,SB1503,19.19,19.19,18.91,19.0,2341.0,,NO.11糖1503,25122.0,18.92,19.0
2013-10-30,SB1503,18.99,19.04,18.84,18.9,1709.0,,NO.11糖1503,25000.0,18.88,18.9
2013-10-31,SB1503,18.94,18.94,18.8,18.85,1632.0,,NO.11糖1503,25533.0,18.84,18.85
2013-11-01,SB1503,18.8,18.8,18.69,18.69,1011.0,,NO.11糖1503,25656.0,18.73,18.69
2013-11-04,SB1503,18.73,18.83,18.73,18.83,598.0,,NO.11糖1503,25536.0,18.76,18.83
2013-11-05,SB1503,18.8,18.86,18.66,18.68,1677.0,,NO.11糖1503,25448.0,18.69,18.68
2013-11-06,SB1503,18.67,18.67,18.61,18.62,1032.0,,NO.11糖1503,25351.0,18.63,18.62
2013-11-07,SB1503,18.62,18.62,18.52,18.55,2149.0,,NO.11糖1503,25388.0,18.55,18.55
2013-11-08,SB1503,18.58,18.58,18.44,18.56,4101.0,,NO.11糖1503,26661.0,18.56,18.56
2013-11-11,SB1503,18.58,18.6,18.41,18.47,793.0,,NO.11糖1503,27036.0,18.46,18.47
2013-11-12,SB1503,18.46,18.46,18.4,18.44,592.0,,NO.11糖1503,27084.0,18.41,18.44
2013-11-13,SB1503,18.42,18.42,18.33,18.38,774.0,,NO.11糖1503,27322.0,18.36,18.38
2013-11-14,SB1503,18.37,18.37,18.27,18.29,1943.0,,NO.11糖1503,27474.0,18.27,18.29
2013-11-15,SB1503,18.32,18.35,18.26,18.33,1333.0,,NO.11糖1503,27607.0,18.33,18.33
2013-11-18,SB1503,18.33,18.5,18.33,18.44,717.0,,NO.11糖1503,27603.0,18.46,18.44
2013-11-19,SB1503,18.5,18.51,18.4,18.42,555.0,,NO.11糖1503,27687.0,18.42,18.42
2013-11-20,SB1503,18.42,18.46,18.4,18.43,1371.0,,NO.11糖1503,28151.0,18.49,18.43
2013-11-21,SB1503,18.5,18.57,18.45,18.57,1241.0,,NO.11糖1503,28168.0,18.55,18.57
2013-11-22,SB1503,18.55,18.55,18.45,18.54,1237.0,,NO.11糖1503,28000.0,18.48,18.54
2013-11-25,SB1503,18.52,18.52,18.37,18.38,436.0,,NO.11糖1503,27879.0,18.39,18.38
2013-11-26,SB1503,18.38,18.41,18.31,18.41,717.0,,NO.11糖1503,27975.0,18.35,18.41
2013-11-27,SB1503,18.41,18.41,18.26,18.26,1178.0,,NO.11糖1503,28009.0,18.28,18.26
2013-11-28,SB1503,,,,18.28,0.0,,NO.11糖1503,0.0,18.28,18.28
2013-11-29,SB1503,18.27,18.31,18.23,18.23,264.0,,NO.11糖1503,28054.0,18.23,18.23
2013-12-02,SB1503,18.23,18.28,18.09,18.1,2483.0,,NO.11糖1503,28057.0,18.11,18.1
2013-12-03,SB1503,18.11,18.12,17.98,18.01,1836.0,,NO.11糖1503,27825.0,18.03,18.01
2013-12-04,SB1503,18.02,18.06,17.86,17.87,1242.0,,NO.11糖1503,27816.0,17.88,17.87
2013-12-05,SB1503,17.87,17.92,17.77,17.91,2203.0,,NO.11糖1503,28176.0,17.85,17.91
2013-12-06,SB1503,17.94,17.96,17.82,17.83,997.0,,NO.11糖1503,28453.0,17.83,17.83
2013-12-09,SB1503,17.8,17.98,17.76,17.77,858.0,,NO.11糖1503,28370.0,17.78,17.77
2013-12-10,SB1503,17.77,18.03,17.69,17.84,2145.0,,NO.11糖1503,28695.0,17.85,17.84
2013-12-11,SB1503,18.02,18.02,17.74,17.74,1008.0,,NO.11糖1503,28721.0,17.74,17.74
2013-12-12,SB1503,17.79,17.79,17.57,17.58,3806.0,,NO.11糖1503,28375.0,17.57,17.58
2013-12-13,SB1503,17.6,17.62,17.46,17.5,1701.0,,NO.11糖1503,28283.0,17.51,17.5
2013-12-16,SB1503,17.5,17.55,17.5,17.51,1035.0,,NO.11糖1503,27899.0,17.51,17.51
2013-12-17,SB1503,17.51,17.51,17.29,17.29,1915.0,,NO.11糖1503,28300.0,17.31,17.29
2013-12-18,SB1503,17.41,17.41,17.27,17.3,3345.0,,NO.11糖1503,27838.0,17.31,17.3
2013-12-19,SB1503,17.3,17.5,17.3,17.45,2095.0,,NO.11糖1503,28368.0,17.48,17.45
2013-12-20,SB1503,17.52,17.71,17.5,17.66,1664.0,,NO.11糖1503,28693.0,17.7,17.66
2013-12-23,SB1503,17.83,17.83,17.51,17.54,398.0,,NO.11糖1503,28793.0,17.54,17.54
2013-12-24,SB1503,17.54,17.59,17.48,17.48,193.0,,NO.11糖1503,28770.0,17.52,17.48
2013-12-26,SB1503,17.59,17.67,17.59,17.61,37.0,,NO.11糖1503,28736.0,17.63,17.61
2013-12-27,SB1503,17.63,17.76,17.6,17.71,217.0,,NO.11糖1503,28719.0,17.73,17.71
2013-12-30,SB1503,17.77,17.77,17.66,17.69,155.0,,NO.11糖1503,28700.0,17.69,17.69
2013-12-31,SB1503,17.82,17.82,17.73,17.73,237.0,,NO.11糖1503,28620.0,17.75,17.73
2014-01-02,SB1503,17.67,17.73,17.61,17.63,866.0,,NO.11糖1503,28762.0,17.66,17.63
2014-01-03,SB1503,17.65,17.67,17.49,17.5,1059.0,,NO.11糖1503,28914.0,17.5,17.5
2014-01-06,SB1503,17.46,17.55,17.39,17.52,2199.0,,NO.11糖1503,29391.0,17.51,17.52
2014-01-07,SB1503,17.51,17.52,17.38,17.46,1641.0,,NO.11糖1503,30175.0,17.46,17.46
2014-01-08,SB1503,17.54,17.54,17.22,17.27,3587.0,,NO.11糖1503,31032.0,17.27,17.27
2014-01-09,SB1503,17.35,17.35,16.95,16.95,4393.0,,NO.11糖1503,31884.0,17.02,16.95
2014-01-10,SB1503,17.03,17.08,16.95,17.08,1072.0,,NO.11糖1503,32164.0,17.07,17.08
2014-01-13,SB1503,17.1,17.12,16.97,17.12,1618.0,,NO.11糖1503,31805.0,17.09,17.12
2014-01-14,SB1503,17.09,17.09,16.96,17.02,1280.0,,NO.11糖1503,31904.0,17.02,17.02
2014-01-15,SB1503,17.0,17.0,16.8,16.87,4485.0,,NO.11糖1503,32297.0,16.87,16.87
2014-01-16,SB1503,16.87,17.14,16.79,17.11,2807.0,,NO.11糖1503,33231.0,17.04,17.11
2014-01-17,SB1503,17.1,17.1,16.83,16.83,3034.0,,NO.11糖1503,33289.0,16.86,16.83
2014-01-21,SB1503,16.87,16.91,16.78,16.87,3106.0,,NO.11糖1503,33431.0,16.89,16.87
2014-01-22,SB1503,16.93,16.95,16.75,16.84,3117.0,,NO.11糖1503,34223.0,16.84,16.84
2014-01-23,SB1503,16.83,16.93,16.76,16.8,1767.0,,NO.11糖1503,34777.0,16.83,16.8
2014-01-24,SB1503,16.8,16.86,16.76,16.85,2574.0,,NO.11糖1503,35324.0,16.83,16.85
2014-01-27,SB1503,16.8,16.8,16.63,16.7,10752.0,,NO.11糖1503,37291.0,16.73,16.7
2014-01-28,SB1503,16.64,16.94,16.6,16.93,9327.0,,NO.11糖1503,41053.0,16.91,16.93
2014-01-29,SB1503,16.93,16.93,16.64,16.78,7454.0,,NO.11糖1503,45964.0,16.67,16.78
2014-01-30,SB1503,16.78,16.94,16.72,16.89,9668.0,,NO.11糖1503,50178.0,16.91,16.89
2014-01-31,SB1503,16.9,17.45,16.89,17.3,11510.0,,NO.11糖1503,53536.0,17.29,17.3
2014-02-03,SB1503,17.26,17.43,17.22,17.39,8720.0,,NO.11糖1503,55411.0,17.41,17.39
2014-02-04,SB1503,17.39,17.97,17.36,17.73,10648.0,,NO.11糖1503,56735.0,17.85,17.73
2014-02-05,SB1503,17.8,17.96,17.72,17.81,4583.0,,NO.11糖1503,57299.0,17.85,17.81
2014-02-06,SB1503,17.81,17.87,17.49,17.58,5831.0,,NO.11糖1503,59576.0,17.61,17.58
2014-02-07,SB1503,17.56,17.61,17.36,17.56,4937.0,,NO.11糖1503,61306.0,17.56,17.56
2014-02-10,SB1503,17.41,17.53,17.26,17.53,5031.0,,NO.11糖1503,62029.0,17.52,17.53
2014-02-11,SB1503,17.54,17.57,17.31,17.31,4127.0,,NO.11糖1503,64203.0,17.34,17.31
2014-02-12,SB1503,17.3,17.65,17.17,17.65,9211.0,,NO.11糖1503,66568.0,17.58,17.65
2014-02-13,SB1503,17.6,17.65,17.35,17.53,6312.0,,NO.11糖1503,68104.0,17.54,17.53
2014-02-14,SB1503,17.42,17.47,17.37,17.44,1104.0,,NO.11糖1503,68538.0,17.45,17.44
2014-02-18,SB1503,17.45,17.77,17.4,17.77,6441.0,,NO.11糖1503,69320.0,17.75,17.77
2014-02-19,SB1503,17.73,18.01,17.65,17.9,6578.0,,NO.11糖1503,69309.0,17.99,17.9
2014-02-20,SB1503,17.97,18.01,17.84,17.93,6048.0,,NO.11糖1503,69446.0,17.93,17.93
2014-02-21,SB1503,17.97,18.26,17.93,18.21,10054.0,,NO.11糖1503,69420.0,18.16,18.21
2014-02-24,SB1503,18.21,18.5,18.2,18.43,13939.0,,NO.11糖1503,68776.0,18.48,18.43
2014-02-25,SB1503,18.46,18.76,18.41,18.53,11875.0,,NO.11糖1503,68761.0,18.55,18.53
2014-02-26,SB1503,18.63,18.63,18.05,18.56,5766.0,,NO.11糖1503,68523.0,18.53,18.56
2014-02-27,SB1503,18.51,18.87,18.44,18.83,9316.0,,NO.11糖1503,70319.0,18.81,18.83
2014-02-28,SB1503,18.75,18.77,18.42,18.56,9207.0,,NO.11糖1503,70294.0,18.6,18.56
2014-03-03,SB1503,18.55,18.92,18.46,18.83,6201.0,,NO.11糖1503,70891.0,18.82,18.83
2014-03-04,SB1503,18.82,18.82,18.59,18.77,11985.0,,NO.11糖1503,72271.0,18.75,18.77
2014-03-05,SB1503,18.75,19.12,18.73,19.11,10413.0,,NO.11糖1503,74276.0,19.08,19.11
2014-03-06,SB1503,19.1,19.26,18.96,19.2,11027.0,,NO.11糖1503,76925.0,19.22,19.2
2014-03-07,SB1503,19.2,19.25,18.92,18.98,6903.0,,NO.11糖1503,77120.0,19.02,18.98
2014-03-10,SB1503,18.85,19.16,18.5,19.07,7496.0,,NO.11糖1503,77098.0,19.09,19.07
2014-03-11,SB1503,18.98,19.2,18.83,19.0,8282.0,,NO.11糖1503,77330.0,19.03,19.0
2014-03-12,SB1503,18.89,19.01,18.67,18.76,10123.0,,NO.11糖1503,77077.0,18.8,18.76
2014-03-13,SB1503,18.79,19.02,18.7,18.91,6505.0,,NO.11糖1503,78159.0,18.99,18.91
2014-03-14,SB1503,18.98,18.98,18.48,18.61,13021.0,,NO.11糖1503,77819.0,18.61,18.61
2014-03-17,SB1503,18.54,18.54,18.31,18.43,5465.0,,NO.11糖1503,77397.0,18.42,18.43
2014-03-18,SB1503,18.39,18.53,18.33,18.53,5782.0,,NO.11糖1503,78492.0,18.52,18.53
2014-03-19,SB1503,18.56,18.72,18.49,18.68,4911.0,,NO.11糖1503,79332.0,18.69,18.68
2014-03-20,SB1503,18.65,18.65,18.43,18.48,7434.0,,NO.11糖1503,79138.0,18.47,18.48
2014-03-21,SB1503,18.4,18.47,18.2,18.32,5366.0,,NO.11糖1503,79317.0,18.35,18.32
2014-03-24,SB1503,18.19,18.42,18.19,18.32,2023.0,,NO.11糖1503,78934.0,18.35,18.32
2014-03-25,SB1503,18.31,18.53,18.3,18.53,2383.0,,NO.11糖1503,78763.0,18.52,18.53
2014-03-26,SB1503,18.55,18.96,18.54,18.87,6283.0,,NO.11糖1503,80236.0,18.85,18.87
2014-03-27,SB1503,18.97,19.22,18.91,19.2,8803.0,,NO.11糖1503,81216.0,19.21,19.2
2014-03-28,SB1503,19.22,19.37,19.09,19.23,8443.0,,NO.11糖1503,81446.0,19.24,19.23
2014-03-31,SB1503,19.2,19.24,19.05,19.18,3812.0,,NO.11糖1503,81393.0,19.17,19.18
2014-04-01,SB1503,19.15,19.18,18.65,18.66,7032.0,,NO.11糖1503,82402.0,18.77,18.66
2014-04-02,SB1503,18.69,18.73,18.48,18.67,4277.0,,NO.11糖1503,81874.0,18.64,18.67
2014-04-03,SB1503,18.65,18.77,18.55,18.74,3905.0,,NO.11糖1503,82535.0,18.76,18.74
2014-04-04,SB1503,18.75,18.96,18.64,18.89,3203.0,,NO.11糖1503,83076.0,18.96,18.89
2014-04-07,SB1503,18.91,18.96,18.67,18.69,6589.0,,NO.11糖1503,84982.0,18.71,18.69
2014-04-08,SB1503,18.71,18.97,18.63,18.95,6292.0,,NO.11糖1503,86939.0,18.95,18.95
2014-04-09,SB1503,18.91,19.05,18.8,18.88,6588.0,,NO.11糖1503,88420.0,18.88,18.88
2014-04-10,SB1503,18.88,19.07,18.87,18.93,6299.0,,NO.11糖1503,89442.0,18.94,18.93
2014-04-11,SB1503,18.97,19.03,18.69,18.84,4712.0,,NO.11糖1503,91063.0,18.8,18.84
2014-04-14,SB1503,18.8,18.97,18.62,18.74,11621.0,,NO.11糖1503,92059.0,18.75,18.74
2014-04-15,SB1503,18.75,18.94,18.74,18.89,5626.0,,NO.11糖1503,94110.0,18.88,18.89
2014-04-16,SB1503,18.88,19.33,18.83,19.07,8248.0,,NO.11糖1503,96128.0,19.09,19.07
2014-04-17,SB1503,19.05,19.07,18.72,18.89,7297.0,,NO.11糖1503,96789.0,18.81,18.89
2014-04-21,SB1503,18.85,19.09,18.81,19.04,3862.0,,NO.11糖1503,,19.01,19.04
2014-04-22,SB1503,19.01,19.14,18.95,19.07,6520.0,,NO.11糖1503,97782.0,19.1,19.07
2014-04-23,SB1503,19.1,19.37,19.08,19.26,11126.0,,NO.11糖1503,100288.0,19.35,19.26
2014-04-24,SB1503,19.29,19.42,19.09,19.2,6788.0,,NO.11糖1503,101168.0,19.21,19.2
2014-04-25,SB1503,19.16,19.39,19.16,19.3,5824.0,,NO.11糖1503,101769.0,19.37,19.3
2014-04-28,SB1503,19.31,19.33,19.04,19.05,5179.0,,NO.11糖1503,101597.0,19.07,19.05
2014-04-29,SB1503,19.07,19.1,18.87,19.09,7276.0,,NO.11糖1503,102149.0,19.06,19.09
2014-04-30,SB1503,19.06,19.28,19.06,19.13,10606.0,,NO.11糖1503,102085.0,19.12,19.13
2014-05-01,SB1503,19.17,19.26,19.09,19.26,4488.0,,NO.11糖1503,102417.0,19.21,19.26
2014-05-02,SB1503,19.25,19.25,18.83,18.83,10189.0,,NO.11糖1503,103317.0,18.89,18.83
2014-05-05,SB1503,18.88,18.95,18.74,18.94,2807.0,,NO.11糖1503,103620.0,18.92,18.94
2014-05-06,SB1503,18.92,18.95,18.61,18.67,8540.0,,NO.11糖1503,105053.0,18.68,18.67
2014-05-07,SB1503,18.63,18.86,18.63,18.79,13439.0,,NO.11糖1503,105760.0,18.78,18.79
2014-05-08,SB1503,18.78,18.84,18.63,18.7,11418.0,,NO.11糖1503,104615.0,18.74,18.7
2014-05-09,SB1503,18.73,18.78,18.66,18.69,8250.0,,NO.11糖1503,105065.0,18.71,18.69
2014-05-12,SB1503,18.71,18.81,18.65,18.8,3755.0,,NO.11糖1503,105369.0,18.78,18.8
2014-05-13,SB1503,18.78,19.25,18.78,19.24,16093.0,,NO.11糖1503,108184.0,19.21,19.24
2014-05-14,SB1503,19.25,19.6,19.22,19.59,17102.0,,NO.11糖1503,111257.0,19.58,19.59
2014-05-15,SB1503,19.54,19.62,19.25,19.56,16889.0,,NO.11糖1503,114790.0,19.58,19.56
2014-05-16,SB1503,19.5,19.61,19.33,19.33,8561.0,,NO.11糖1503,114974.0,19.36,19.33
2014-05-19,SB1503,19.36,19.45,19.23,19.32,6484.0,,NO.11糖1503,115073.0,19.31,19.32
2014-05-20,SB1503,19.3,19.41,19.18,19.24,12151.0,,NO.11糖1503,115947.0,19.23,19.24
2014-05-21,SB1503,19.24,19.24,19.09,19.23,14386.0,,NO.11糖1503,115793.0,19.21,19.23
2014-05-22,SB1503,19.22,19.25,19.1,19.1,13765.0,,NO.11糖1503,119931.0,19.13,19.1
2014-05-23,SB1503,19.1,19.14,19.01,19.09,6549.0,,NO.11糖1503,,19.07,19.09
2014-05-27,SB1503,19.01,19.02,18.72,18.8,16484.0,,NO.11糖1503,125034.0,18.8,18.8
2014-05-28,SB1503,18.85,18.94,18.79,18.9,8011.0,,NO.11糖1503,125857.0,18.88,18.9
2014-05-29,SB1503,18.97,19.25,18.92,19.21,12240.0,,NO.11糖1503,128129.0,19.19,19.21
2014-05-30,SB1503,19.22,19.23,18.99,19.06,9016.0,,NO.11糖1503,128988.0,19.07,19.06
2014-06-02,SB1503,19.14,19.2,18.9,18.98,18059.0,,NO.11糖1503,134614.0,19.0,18.98
2014-06-03,SB1503,18.99,19.09,18.96,19.02,21329.0,,NO.11糖1503,137519.0,19.06,19.02
2014-06-04,SB1503,19.02,19.1,18.92,18.96,25778.0,,NO.11糖1503,142517.0,18.98,18.96
2014-06-05,SB1503,18.97,19.02,18.7,18.74,18942.0,,NO.11糖1503,143735.0,18.71,18.74
2014-06-06,SB1503,18.73,18.82,18.59,18.82,20348.0,,NO.11糖1503,147806.0,18.76,18.82
2014-06-09,SB1503,18.76,18.92,18.72,18.8,15217.0,,NO.11糖1503,151668.0,18.78,18.8
2014-06-10,SB1503,18.8,18.87,18.64,18.78,18582.0,,NO.11糖1503,156493.0,18.79,18.78
2014-06-11,SB1503,18.84,18.84,18.58,18.68,18752.0,,NO.11糖1503,160312.0,18.66,18.68
2014-06-12,SB1503,18.66,18.67,18.51,18.55,15273.0,,NO.11糖1503,163337.0,18.55,18.55
2014-06-13,SB1503,18.57,19.03,18.53,18.88,19686.0,,NO.11糖1503,167239.0,18.89,18.88
2014-06-16,SB1503,19.0,19.08,18.85,19.04,19318.0,,NO.11糖1503,168791.0,19.02,19.04
2014-06-17,SB1503,19.0,19.0,18.89,18.97,14688.0,,NO.11糖1503,168754.0,18.96,18.97
2014-06-18,SB1503,19.0,19.35,18.91,19.29,24325.0,,NO.11糖1503,168772.0,19.34,19.29
2014-06-19,SB1503,19.27,19.67,19.18,19.65,36272.0,,NO.11糖1503,175043.0,19.65,19.65
2014-06-20,SB1503,19.6,19.74,19.54,19.69,19852.0,,NO.11糖1503,175490.0,19.71,19.69
2014-06-23,SB1503,19.71,19.77,19.59,19.63,22804.0,,NO.11糖1503,180584.0,19.7,19.63
2014-06-24,SB1503,19.6,19.71,19.46,19.7,14868.0,,NO.11糖1503,181183.0,19.7,19.7
2014-06-25,SB1503,19.65,19.68,19.46,19.68,17180.0,,NO.11糖1503,186488.0,19.66,19.68
2014-06-26,SB1503,19.64,19.83,19.63,19.8,31750.0,,NO.11糖1503,192477.0,19.81,19.8
2014-06-27,SB1503,19.8,19.8,19.38,19.47,27242.0,,NO.11糖1503,193827.0,19.49,19.47
2014-06-30,SB1503,19.35,19.48,19.19,19.25,26007.0,,NO.11糖1503,195920.0,19.22,19.25
2014-07-01,SB1503,19.24,19.28,19.09,19.22,37401.0,,NO.11糖1503,190151.0,19.16,19.22
2014-07-02,SB1503,19.21,19.36,19.06,19.35,28680.0,,NO.11糖1503,190350.0,19.28,19.35
2014-07-03,SB1503,19.32,19.32,19.14,19.2,17607.0,,NO.11糖1503,192501.0,19.21,19.2
2014-07-07,SB1503,19.13,19.13,18.79,19.01,20931.0,,NO.11糖1503,,18.97,19.01
2014-07-08,SB1503,19.01,19.21,18.87,19.18,27164.0,,NO.11糖1503,,19.15,19.18
2014-07-09,SB1503,19.15,19.21,18.78,18.98,21681.0,,NO.11糖1503,,18.93,18.98
2014-07-10,SB1503,18.94,19.02,18.8,18.93,36709.0,,NO.11糖1503,199055.0,18.95,18.93
2014-07-11,SB1503,18.94,18.94,18.78,18.86,35303.0,,NO.11糖1503,197012.0,18.86,18.86
2014-07-14,SB1503,18.95,18.95,18.75,18.79,26632.0,,NO.11糖1503,200803.0,18.77,18.79
2014-07-15,SB1503,18.75,18.78,18.63,18.69,29320.0,,NO.11糖1503,204726.0,18.68,18.69
2014-07-16,SB1503,18.68,18.72,18.48,18.53,30682.0,,NO.11糖1503,209965.0,18.55,18.53
2014-07-17,SB1503,18.56,18.57,18.29,18.35,26868.0,,NO.11糖1503,208300.0,18.32,18.35
2014-07-18,SB1503,18.39,18.55,18.31,18.34,19099.0,,NO.11糖1503,213146.0,18.34,18.34
2014-07-21,SB1503,18.39,18.8,18.36,18.66,23412.0,,NO.11糖1503,217780.0,18.68,18.66
2014-07-22,SB1503,18.73,18.76,18.45,18.7,23049.0,,NO.11糖1503,218498.0,18.67,18.7
2014-07-23,SB1503,18.71,18.75,18.49,18.52,16671.0,,NO.11糖1503,217766.0,18.54,18.52
2014-07-24,SB1503,18.51,18.87,18.51,18.65,17972.0,,NO.11糖1503,219373.0,18.67,18.65
2014-07-25,SB1503,18.66,18.82,18.6,18.75,17235.0,,NO.11糖1503,223349.0,18.77,18.75
2014-07-28,SB1503,18.77,18.8,18.56,18.62,13530.0,,NO.11糖1503,223547.0,18.61,18.62
2014-07-29,SB1503,18.63,18.63,18.3,18.34,21471.0,,NO.11糖1503,227170.0,18.34,18.34
2014-07-30,SB1503,18.32,18.46,18.27,18.38,18611.0,,NO.11糖1503,226901.0,18.37,18.38
2014-07-31,SB1503,18.42,18.44,18.21,18.22,28784.0,,NO.11糖1503,230197.0,18.25,18.22
2014-08-01,SB1503,18.25,18.33,18.02,18.13,25255.0,,NO.11糖1503,231414.0,18.2,18.13
2014-08-04,SB1503,18.48,18.7,18.1,18.12,47010.0,,NO.11糖1503,236946.0,18.13,18.12
2014-08-05,SB1503,18.13,18.17,17.91,17.95,21916.0,,NO.11糖1503,235265.0,17.97,17.95
2014-08-06,SB1503,17.97,18.13,17.88,18.02,33389.0,,NO.11糖1503,241853.0,18.01,18.02
2014-08-07,SB1503,18.01,18.31,17.68,17.71,29272.0,,NO.11糖1503,240983.0,17.7,17.71
2014-08-08,SB1503,17.71,17.84,17.67,17.78,17338.0,,NO.11糖1503,241537.0,17.78,17.78
2014-08-11,SB1503,17.77,17.99,17.67,17.81,19936.0,,NO.11糖1503,244447.0,17.83,17.81
2014-08-12,SB1503,17.85,18.02,17.72,17.75,27767.0,,NO.11糖1503,247193.0,17.74,17.75
2014-08-13,SB1503,17.74,17.94,17.7,17.8,20052.0,,NO.11糖1503,246947.0,17.8,17.8
2014-08-14,SB1503,17.83,17.84,17.67,17.78,17553.0,,NO.11糖1503,247491.0,17.75,17.78
2014-08-15,SB1503,17.8,17.88,17.68,17.78,16489.0,,NO.11糖1503,250551.0,17.77,17.78
2014-08-18,SB1503,17.83,17.84,17.54,17.59,29198.0,,NO.11糖1503,247763.0,17.64,17.59
2014-08-19,SB1503,17.62,17.63,17.32,17.34,33571.0,,NO.11糖1503,246664.0,17.37,17.34
2014-08-20,SB1503,17.37,17.63,17.29,17.62,22427.0,,NO.11糖1503,247613.0,17.6,17.62
2014-08-21,SB1503,17.6,17.87,17.56,17.8,30821.0,,NO.11糖1503,246747.0,17.83,17.8
2014-08-22,SB1503,17.82,17.83,17.43,17.5,23047.0,,NO.11糖1503,248101.0,17.51,17.5
2014-08-25,SB1503,17.51,17.64,17.27,17.31,27740.0,,NO.11糖1503,248402.0,17.33,17.31
2014-08-26,SB1503,17.33,17.66,17.33,17.64,33494.0,,NO.11糖1503,252866.0,17.63,17.64
2014-08-27,SB1503,17.66,17.8,17.49,17.5,34325.0,,NO.11糖1503,255782.0,17.5,17.5
2014-08-28,SB1503,17.45,17.67,17.42,17.57,21987.0,,NO.11糖1503,257770.0,17.54,17.57
2014-08-29,SB1503,17.56,17.64,17.39,17.4,22161.0,,NO.11糖1503,257112.0,17.44,17.4
2014-09-02,SB1503,17.52,17.76,17.49,17.76,30874.0,,NO.11糖1503,266291.0,17.73,17.76
2014-09-03,SB1503,17.75,17.76,17.52,17.58,42196.0,,NO.11糖1503,277523.0,17.59,17.58
2014-09-04,SB1503,17.65,17.69,17.16,17.29,66101.0,,NO.11糖1503,289332.0,17.29,17.29
2014-09-05,SB1503,17.3,17.43,17.21,17.25,39120.0,,NO.11糖1503,291164.0,17.23,17.25
2014-09-08,SB1503,17.23,17.3,17.19,17.22,63668.0,,NO.11糖1503,313331.0,17.21,17.22
2014-09-09,SB1503,17.21,17.3,16.97,17.05,78475.0,,NO.11糖1503,335518.0,17.08,17.05
2014-09-10,SB1503,17.02,17.05,16.67,16.73,95507.0,,NO.11糖1503,359247.0,16.75,16.73
2014-09-11,SB1503,16.72,16.8,16.61,16.62,93918.0,,NO.11糖1503,386265.0,16.63,16.62
2014-09-12,SB1503,16.64,16.69,16.31,16.33,125354.0,,NO.11糖1503,418697.0,16.32,16.33
2014-09-15,SB1503,16.32,16.38,16.1,16.25,85510.0,,NO.11糖1503,433803.0,16.27,16.25
2014-09-16,SB1503,16.27,16.35,16.13,16.23,53176.0,,NO.11糖1503,444050.0,16.17,16.23
2014-09-17,SB1503,16.2,16.31,15.89,16.3,87238.0,,NO.11糖1503,463582.0,16.25,16.3
2014-09-18,SB1503,16.25,16.35,15.9,15.92,74774.0,,NO.11糖1503,475035.0,15.95,15.92
2014-09-19,SB1503,15.9,16.02,15.77,15.84,49167.0,,NO.11糖1503,479891.0,15.8,15.84
2014-09-22,SB1503,15.77,15.86,15.55,15.62,100865.0,,NO.11糖1503,485810.0,15.64,15.62
2014-09-23,SB1503,15.6,16.07,15.51,15.7,87458.0,,NO.11糖1503,496666.0,15.73,15.7
2014-09-24,SB1503,15.7,15.96,15.64,15.96,56132.0,,NO.11糖1503,500561.0,15.9,15.96
2014-09-25,SB1503,16.02,16.39,15.97,16.16,98530.0,,NO.11糖1503,511099.0,16.08,16.16
2014-09-26,SB1503,16.22,16.64,16.2,16.55,69186.0,,NO.11糖1503,506341.0,16.56,16.55
2014-09-29,SB1503,16.69,16.91,16.26,16.8,73401.0,,NO.11糖1503,501856.0,16.8,16.8
2014-09-30,SB1503,16.8,16.94,16.39,16.45,69008.0,,NO.11糖1503,493041.0,16.45,16.45
2014-10-01,SB1503,16.41,16.45,15.89,16.02,66555.0,,NO.11糖1503,489423.0,16.04,16.02
2014-10-02,SB1503,16.12,16.27,15.9,16.05,44014.0,,NO.11糖1503,485229.0,16.05,16.05
2014-10-03,SB1503,16.05,16.49,16.0,16.49,32852.0,,NO.11糖1503,485168.0,16.44,16.49
2014-10-06,SB1503,16.55,16.99,16.55,16.93,56812.0,,NO.11糖1503,476629.0,16.98,16.93
2014-10-07,SB1503,17.0,17.12,16.88,16.99,51484.0,,NO.11糖1503,471708.0,17.03,16.99
2014-10-08,SB1503,16.99,16.99,16.7,16.88,44519.0,,NO.11糖1503,468714.0,16.92,16.88
2014-10-09,SB1503,16.91,17.2,16.62,16.63,61066.0,,NO.11糖1503,470480.0,16.7,16.63
2014-10-10,SB1503,16.68,16.76,16.52,16.54,32918.0,,NO.11糖1503,468865.0,16.55,16.54
2014-10-13,SB1503,16.57,16.72,16.52,16.63,23068.0,,NO.11糖1503,468553.0,16.67,16.63
2014-10-14,SB1503,16.68,16.85,16.57,16.83,33890.0,,NO.11糖1503,468927.0,16.81,16.83
2014-10-15,SB1503,16.9,16.96,16.41,16.51,60555.0,,NO.11糖1503,470621.0,16.5,16.51
2014-10-16,SB1503,16.55,16.71,16.28,16.67,57302.0,,NO.11糖1503,469624.0,16.67,16.67
2014-10-17,SB1503,16.63,16.74,16.43,16.58,34226.0,,NO.11糖1503,467295.0,16.62,16.58
2014-10-20,SB1503,16.69,16.89,16.6,16.66,44864.0,,NO.11糖1503,464263.0,16.68,16.66
2014-10-21,SB1503,16.7,16.73,16.36,16.41,38403.0,,NO.11糖1503,464380.0,16.44,16.41
2014-10-22,SB1503,16.64,16.68,16.47,16.52,32869.0,,NO.11糖1503,470675.0,16.5,16.52
2014-10-23,SB1503,16.5,16.59,16.13,16.17,63192.0,,NO.11糖1503,475812.0,16.16,16.17
2014-10-24,SB1503,16.28,16.49,16.23,16.4,50583.0,,NO.11糖1503,476679.0,16.38,16.4
2014-10-27,SB1503,16.17,16.18,15.91,16.04,62578.0,,NO.11糖1503,477198.0,16.03,16.04
2014-10-28,SB1503,16.04,16.2,15.94,16.18,38213.0,,NO.11糖1503,475323.0,16.13,16.18
2014-10-29,SB1503,16.2,16.4,16.18,16.3,38767.0,,NO.11糖1503,473691.0,16.3,16.3
2014-10-30,SB1503,16.34,16.37,16.15,16.25,32893.0,,NO.11糖1503,476601.0,16.3,16.25
2014-10-31,SB1503,16.29,16.32,16.0,16.01,42258.0,,NO.11糖1503,479709.0,16.04,16.01
2014-11-03,SB1503,16.0,16.06,15.91,15.93,35572.0,,NO.11糖1503,479881.0,15.93,15.93
2014-11-04,SB1503,15.91,15.94,15.65,15.72,64823.0,,NO.11糖1503,480319.0,15.68,15.72
2014-11-05,SB1503,15.71,15.82,15.5,15.53,53479.0,,NO.11糖1503,480947.0,15.51,15.53
2014-11-06,SB1503,15.56,15.63,15.42,15.5,44470.0,,NO.11糖1503,484797.0,15.48,15.5
2014-11-07,SB1503,15.68,15.86,15.53,15.68,60752.0,,NO.11糖1503,481840.0,15.69,15.68
2014-11-10,SB1503,15.79,15.8,15.54,15.64,33459.0,,NO.11糖1503,480836.0,15.66,15.64
2014-11-11,SB1503,15.66,16.35,15.6,16.27,92757.0,,NO.11糖1503,477092.0,16.23,16.27
2014-11-12,SB1503,16.3,16.44,16.09,16.29,60097.0,,NO.11糖1503,468968.0,16.36,16.29
2014-11-13,SB1503,16.24,16.34,15.94,16.03,56221.0,,NO.11糖1503,468968.0,16.01,16.03
2014-11-14,SB1503,16.06,16.08,15.74,15.86,38337.0,,NO.11糖1503,468665.0,15.9,15.86
2014-11-17,SB1503,15.9,15.98,15.66,15.76,39836.0,,NO.11糖1503,467148.0,15.77,15.76
2014-11-18,SB1503,15.8,15.87,15.65,15.7,37097.0,,NO.11糖1503,467843.0,15.71,15.7
2014-11-19,SB1503,15.72,15.97,15.65,15.83,38892.0,,NO.11糖1503,465706.0,15.87,15.83
2014-11-20,SB1503,15.85,16.22,15.83,16.05,49697.0,,NO.11糖1503,459109.0,16.1,16.05
2014-11-21,SB1503,16.05,16.18,15.87,16.12,49057.0,,NO.11糖1503,456089.0,16.09,16.12
2014-11-24,SB1503,16.06,16.1,15.96,16.01,35595.0,,NO.11糖1503,455459.0,16.0,16.01
2014-11-25,SB1503,16.07,16.2,15.9,16.0,41996.0,,NO.11糖1503,457583.0,16.0,16.0
2014-11-26,SB1503,16.02,16.13,15.96,16.13,31746.0,,NO.11糖1503,455942.0,16.12,16.13
2014-11-28,SB1503,15.99,15.99,15.53,15.59,65862.0,,NO.11糖1503,462828.0,15.59,15.59
2014-12-01,SB1503,15.52,15.75,15.35,15.64,52160.0,,NO.11糖1503,461948.0,15.59,15.64
2014-12-02,SB1503,15.61,15.68,15.21,15.23,69305.0,,NO.11糖1503,460912.0,15.24,15.23
2014-12-03,SB1503,15.24,15.26,15.07,15.1,50659.0,,NO.11糖1503,460659.0,15.09,15.1
2014-12-04,SB1503,15.12,15.24,15.02,15.19,44998.0,,NO.11糖1503,459332.0,15.21,15.19
2014-12-05,SB1503,15.21,15.25,15.06,15.14,36295.0,,NO.11糖1503,452482.0,15.14,15.14
2014-12-08,SB1503,15.25,15.43,15.19,15.3,44981.0,,NO.11糖1503,446521.0,15.3,15.3
2014-12-09,SB1503,15.25,15.45,15.21,15.42,45756.0,,NO.11糖1503,447013.0,15.42,15.42
2014-12-10,SB1503,15.55,15.62,15.44,15.47,49224.0,,NO.11糖1503,444892.0,15.47,15.47
2014-12-11,SB1503,15.44,15.51,15.1,15.15,47742.0,,NO.11糖1503,447541.0,15.15,15.15
2014-12-12,SB1503,15.14,15.21,14.96,15.0,40410.0,,NO.11糖1503,449422.0,14.98,15.0
2014-12-15,SB1503,15.0,15.15,14.89,14.96,51963.0,,NO.11糖1503,447103.0,14.96,14.96
2014-12-16,SB1503,14.98,14.98,14.67,14.7,62556.0,,NO.11糖1503,441459.0,14.71,14.7
2014-12-17,SB1503,14.7,14.87,14.62,14.72,52961.0,,NO.11糖1503,441935.0,14.72,14.72
2014-12-18,SB1503,14.79,15.02,14.76,14.98,41037.0,,NO.11糖1503,440962.0,14.99,14.98
2014-12-19,SB1503,14.94,15.1,14.88,14.94,25730.0,,NO.11糖1503,442171.0,14.98,14.94
2014-12-22,SB1503,15.0,15.2,14.8,14.82,42339.0,,NO.11糖1503,436163.0,14.86,14.82
2014-12-23,SB1503,14.85,14.9,14.75,14.8,23824.0,,NO.11糖1503,432131.0,14.83,14.8
2014-12-24,SB1503,14.8,14.85,14.75,14.76,9190.0,,NO.11糖1503,432211.0,14.76,14.76
2014-12-26,SB1503,14.81,14.81,14.7,14.72,8972.0,,NO.11糖1503,433676.0,14.7,14.72
2014-12-29,SB1503,14.74,14.86,14.53,14.62,22490.0,,NO.11糖1503,432583.0,14.6,14.62
2014-12-30,SB1503,14.61,14.72,14.57,14.6,20494.0,,NO.11糖1503,433210.0,14.61,14.6
2014-12-31,SB1503,14.65,14.79,14.47,14.58,32913.0,,NO.11糖1503,431672.0,14.52,14.58
2015-01-02,SB1503,14.52,14.55,14.15,14.25,37529.0,,NO.11糖1503,433955.0,14.17,14.25
2015-01-05,SB1503,14.2,14.3,14.07,14.25,37503.0,,NO.11糖1503,432022.0,14.26,14.25
2015-01-06,SB1503,14.29,15.06,14.27,14.85,83145.0,,NO.11糖1503,428531.0,14.87,14.85
2015-01-07,SB1503,14.94,14.99,14.61,14.69,57147.0,,NO.11糖1503,424111.0,14.78,14.69
2015-01-08,SB1503,14.72,15.17,14.65,14.89,65864.0,,NO.11糖1503,420348.0,14.88,14.89
2015-01-09,SB1503,14.85,14.98,14.8,14.93,38597.0,,NO.11糖1503,414107.0,14.91,14.93
2015-01-12,SB1503,14.95,15.04,14.71,14.75,51576.0,,NO.11糖1503,411876.0,14.76,14.75
2015-01-13,SB1503,14.74,14.96,14.67,14.87,49327.0,,NO.11糖1503,414293.0,14.87,14.87
2015-01-14,SB1503,14.87,15.12,14.8,14.92,60364.0,,NO.11糖1503,412429.0,14.93,14.92
2015-01-15,SB1503,14.9,15.38,14.89,15.28,72176.0,,NO.11糖1503,417071.0,15.35,15.28
2015-01-16,SB1503,15.35,15.49,15.27,15.29,66335.0,,NO.11糖1503,409912.0,15.33,15.29
2015-01-20,SB1503,15.39,15.85,15.36,15.82,84037.0,,NO.11糖1503,409752.0,15.83,15.82
2015-01-21,SB1503,15.86,16.16,15.78,15.79,102205.0,,NO.11糖1503,404444.0,15.92,15.79
2015-01-22,SB1503,15.83,15.95,15.62,15.88,65882.0,,NO.11糖1503,402926.0,15.91,15.88
2015-01-23,SB1503,15.84,15.89,15.08,15.17,105447.0,,NO.11糖1503,393599.0,15.17,15.17
2015-01-26,SB1503,15.16,15.51,15.14,15.42,75770.0,,NO.11糖1503,383879.0,15.35,15.42
2015-01-27,SB1503,15.28,15.28,14.93,15.2,91601.0,,NO.11糖1503,371467.0,15.16,15.2
2015-01-28,SB1503,15.16,15.34,14.97,15.16,59903.0,,NO.11糖1503,366173.0,15.16,15.16
2015-01-29,SB1503,15.15,15.16,14.77,14.89,76095.0,,NO.11糖1503,355357.0,14.85,14.89
2015-01-30,SB1503,14.87,15.02,14.67,14.79,77028.0,,NO.11糖1503,340651.0,14.79,14.79
2015-02-02,SB1503,14.79,14.8,14.1,14.2,97101.0,,NO.11糖1503,334289.0,14.22,14.2
2015-02-03,SB1503,14.26,14.74,14.23,14.49,85434.0,,NO.11糖1503,319052.0,14.47,14.49
2015-02-04,SB1503,14.46,14.69,14.35,14.52,61528.0,,NO.11糖1503,305963.0,14.45,14.52
2015-02-05,SB1503,14.46,14.57,14.33,14.46,88804.0,,NO.11糖1503,296764.0,14.41,14.46
2015-02-06,SB1503,14.49,14.9,14.48,14.56,114366.0,,NO.11糖1503,270107.0,14.51,14.56
2015-02-09,SB1503,14.56,14.87,14.53,14.8,95271.0,,NO.11糖1503,253456.0,14.82,14.8
2015-02-10,SB1503,14.85,15.02,14.63,14.64,130647.0,,NO.11糖1503,212238.0,14.71,14.64
2015-02-11,SB1503,14.67,14.79,14.5,14.67,94900.0,,NO.11糖1503,182148.0,14.71,14.67
2015-02-12,SB1503,14.68,15.05,14.66,14.99,97254.0,,NO.11糖1503,149882.0,15.04,14.99
2015-02-13,SB1503,15.0,15.03,14.8,14.87,52113.0,,NO.11糖1503,132173.0,14.88,14.87
2015-02-17,SB1503,14.91,15.25,14.69,15.19,67525.0,,NO.11糖1503,114438.0,15.14,15.19
2015-02-18,SB1503,15.14,15.19,14.96,15.05,35232.0,,NO.11糖1503,101092.0,15.09,15.05
2015-02-19,SB1503,15.05,15.05,14.56,14.67,40459.0,,NO.11糖1503,94951.0,14.68,14.67
2015-02-20,SB1503,14.7,14.72,14.32,14.41,41281.0,,NO.11糖1503,83738.0,14.39,14.41
2015-02-23,SB1503,14.37,14.42,14.25,14.3,77984.0,,NO.11糖1503,66372.0,14.31,14.3
2015-02-24,SB1503,14.3,14.41,14.09,14.23,50864.0,,NO.11糖1503,55631.0,14.17,14.23
2015-02-25,SB1503,14.22,14.3,13.77,13.83,32683.0,,NO.11糖1503,39071.0,13.79,13.83
2015-02-26,SB1503,13.84,14.12,13.8,14.02,26443.0,,NO.11糖1503,24873.0,14.08,14.02
2015-02-27,SB1503,14.0,14.09,13.83,13.91,8967.0,,NO.11糖1503,19998.0,13.93,13.91
