date,symbol,open,high,low,close,volume,amount,name,openinterest,settleprice,price
2015-04-01,SB1803,,,,14.6,0.0,,NO.11糖1803,0.0,14.6,14.6
2015-04-02,SB1803,14.82,14.98,14.82,14.98,6.0,,NO.11糖1803,6.0,14.95,14.98
2015-04-06,SB1803,,,,14.95,0.0,,NO.11糖1803,6.0,14.95,14.95
2015-04-07,SB1803,14.89,15.04,14.86,15.03,9.0,,NO.11糖1803,12.0,15.05,15.03
2015-04-08,SB1803,15.1,15.19,15.08,15.16,61.0,,NO.11糖1803,73.0,15.17,15.16
2015-04-09,SB1803,15.17,15.17,15.07,15.07,18.0,,NO.11糖1803,90.0,15.19,15.07
2015-04-10,SB1803,15.22,15.24,15.16,15.23,13.0,,NO.11糖1803,102.0,15.28,15.23
2015-04-13,SB1803,15.12,15.12,15.11,15.11,11.0,,NO.11糖1803,113.0,15.18,15.11
2015-04-14,SB1803,15.16,15.24,15.14,15.24,29.0,,NO.11糖1803,141.0,15.29,15.24
2015-04-15,SB1803,15.24,15.24,15.15,15.2,21.0,,NO.11糖1803,160.0,15.19,15.2
2015-04-16,SB1803,15.22,15.35,15.22,15.35,24.0,,NO.11糖1803,180.0,15.38,15.35
2015-04-17,SB1803,15.34,15.34,15.34,15.34,1.0,,NO.11糖1803,180.0,15.3,15.34
2015-04-20,SB1803,15.27,15.27,15.1,15.1,6.0,,NO.11糖1803,182.0,15.12,15.1
2015-04-21,SB1803,15.11,15.11,15.0,15.0,3.0,,NO.11糖1803,183.0,15.0,15.0
2015-04-22,SB1803,15.02,15.12,15.02,15.12,7.0,,NO.11糖1803,188.0,15.14,15.12
2015-04-23,SB1803,15.19,15.32,15.19,15.32,5.0,,NO.11糖1803,193.0,15.32,15.32
2015-04-24,SB1803,15.29,15.45,15.29,15.45,3.0,,NO.11糖1803,194.0,15.42,15.45
2015-04-27,SB1803,15.38,15.6,15.38,15.6,5.0,,NO.11糖1803,196.0,15.61,15.6
2015-04-28,SB1803,15.66,15.68,15.56,15.68,31.0,,NO.11糖1803,223.0,15.7,15.68
2015-04-29,SB1803,15.61,15.64,15.54,15.61,70.0,,NO.11糖1803,287.0,15.63,15.61
2015-04-30,SB1803,15.73,15.73,15.39,15.4,27.0,,NO.11糖1803,292.0,15.43,15.4
2015-05-01,SB1803,15.45,15.45,15.23,15.23,7.0,,NO.11糖1803,292.0,15.26,15.23
2015-05-04,SB1803,,,,15.11,0.0,,NO.11糖1803,292.0,15.11,15.11
2015-05-05,SB1803,15.1,15.37,15.09,15.37,29.0,,NO.11糖1803,321.0,15.36,15.37
2015-05-06,SB1803,15.45,15.54,15.45,15.54,75.0,,NO.11糖1803,395.0,15.53,15.54
2015-05-07,SB1803,15.56,15.61,15.39,15.57,49.0,,NO.11糖1803,439.0,15.62,15.57
2015-05-08,SB1803,15.63,15.86,15.6,15.85,134.0,,NO.11糖1803,560.0,15.85,15.85
2015-05-11,SB1803,15.78,15.79,15.68,15.77,66.0,,NO.11糖1803,620.0,15.8,15.77
2015-05-12,SB1803,15.7,15.78,15.63,15.63,31.0,,NO.11糖1803,649.0,15.63,15.63
2015-05-13,SB1803,15.61,15.65,15.33,15.33,145.0,,NO.11糖1803,775.0,15.37,15.33
2015-05-14,SB1803,15.43,15.44,15.31,15.31,18.0,,NO.11糖1803,789.0,15.41,15.31
2015-05-15,SB1803,15.37,15.42,15.36,15.36,19.0,,NO.11糖1803,807.0,15.38,15.36
2015-05-18,SB1803,15.31,15.31,15.31,15.31,1.0,,NO.11糖1803,808.0,15.38,15.31
2015-05-19,SB1803,15.41,15.41,15.41,15.41,1.0,,NO.11糖1803,809.0,15.34,15.41
2015-05-20,SB1803,15.3,15.3,15.23,15.23,3.0,,NO.11糖1803,809.0,15.23,15.23
2015-05-21,SB1803,15.25,15.25,15.23,15.23,2.0,,NO.11糖1803,811.0,15.19,15.23
2015-05-22,SB1803,15.21,15.21,15.06,15.06,6.0,,NO.11糖1803,811.0,15.04,15.06
2015-05-26,SB1803,14.91,14.91,14.82,14.82,4.0,,NO.11糖1803,809.0,14.88,14.82
2015-05-27,SB1803,14.81,14.82,14.81,14.82,2.0,,NO.11糖1803,809.0,14.81,14.82
2015-05-28,SB1803,14.9,14.93,14.9,14.93,32.0,,NO.11糖1803,834.0,14.99,14.93
2015-05-29,SB1803,14.97,14.97,14.95,14.95,2.0,,NO.11糖1803,834.0,14.92,14.95
2015-06-01,SB1803,14.99,14.99,14.86,14.9,7.0,,NO.11糖1803,835.0,14.88,14.9
2015-06-02,SB1803,14.85,14.85,14.81,14.81,6.0,,NO.11糖1803,837.0,14.83,14.81
2015-06-03,SB1803,14.86,15.03,14.86,15.03,11.0,,NO.11糖1803,842.0,14.97,15.03
2015-06-04,SB1803,15.04,15.11,15.04,15.11,6.0,,NO.11糖1803,845.0,15.1,15.11
2015-06-05,SB1803,15.12,15.12,15.05,15.07,7.0,,NO.11糖1803,839.0,15.07,15.07
2015-06-08,SB1803,15.11,15.11,15.11,15.11,1.0,,NO.11糖1803,839.0,15.19,15.11
2015-06-09,SB1803,15.21,15.22,15.09,15.1,12.0,,NO.11糖1803,833.0,15.06,15.1
2015-06-10,SB1803,15.13,15.15,15.02,15.02,7.0,,NO.11糖1803,836.0,15.02,15.02
2015-06-11,SB1803,14.97,14.99,14.81,14.82,32.0,,NO.11糖1803,832.0,14.82,14.82
2015-06-12,SB1803,14.89,14.91,14.86,14.86,5.0,,NO.11糖1803,832.0,14.88,14.86
2015-06-15,SB1803,14.71,14.76,14.71,14.76,6.0,,NO.11糖1803,833.0,14.75,14.76
2015-06-16,SB1803,14.79,14.79,14.74,14.79,50.0,,NO.11糖1803,880.0,14.81,14.79
2015-06-17,SB1803,14.87,14.92,14.87,14.92,13.0,,NO.11糖1803,878.0,14.9,14.92
2015-06-18,SB1803,14.93,14.96,14.89,14.89,6.0,,NO.11糖1803,881.0,14.86,14.89
2015-06-19,SB1803,14.83,14.91,14.83,14.84,5.0,,NO.11糖1803,881.0,14.81,14.84
2015-06-22,SB1803,14.86,14.97,14.86,14.97,4.0,,NO.11糖1803,883.0,14.96,14.97
2015-06-23,SB1803,14.91,14.92,14.85,14.85,11.0,,NO.11糖1803,876.0,14.88,14.85
2015-06-24,SB1803,14.89,15.03,14.89,14.98,18.0,,NO.11糖1803,876.0,14.98,14.98
2015-06-25,SB1803,15.01,15.02,14.87,14.87,12.0,,NO.11糖1803,872.0,14.82,14.87
2015-06-26,SB1803,14.88,15.0,14.77,15.0,18.0,,NO.11糖1803,881.0,15.0,15.0
2015-06-29,SB1803,14.95,14.95,14.95,14.95,1.0,,NO.11糖1803,881.0,14.94,14.95
2015-06-30,SB1803,14.98,15.12,14.98,15.12,6.0,,NO.11糖1803,881.0,15.15,15.12
2015-07-01,SB1803,15.1,15.2,15.1,15.19,117.0,,NO.11糖1803,947.0,15.18,15.19
2015-07-02,SB1803,15.15,15.22,15.06,15.06,14.0,,NO.11糖1803,948.0,15.17,15.06
2015-07-06,SB1803,15.13,15.18,15.12,15.15,56.0,,NO.11糖1803,981.0,15.12,15.15
2015-07-07,SB1803,15.11,15.12,14.99,15.1,20.0,,NO.11糖1803,991.0,15.08,15.1
2015-07-08,SB1803,15.02,15.08,15.02,15.06,46.0,,NO.11糖1803,1033.0,15.07,15.06
2015-07-09,SB1803,15.03,15.03,14.98,14.98,79.0,,NO.11糖1803,1099.0,15.02,14.98
2015-07-10,SB1803,15.1,15.14,15.05,15.14,63.0,,NO.11糖1803,1153.0,15.16,15.14
2015-07-13,SB1803,15.17,15.17,15.09,15.12,14.0,,NO.11糖1803,1153.0,15.14,15.12
2015-07-14,SB1803,15.11,15.22,15.11,15.19,17.0,,NO.11糖1803,1166.0,15.18,15.19
2015-07-15,SB1803,15.11,15.14,15.1,15.14,7.0,,NO.11糖1803,1171.0,15.11,15.14
2015-07-16,SB1803,15.12,15.17,15.1,15.14,8.0,,NO.11糖1803,1177.0,15.15,15.14
2015-07-17,SB1803,15.13,15.13,15.09,15.09,13.0,,NO.11糖1803,1185.0,15.14,15.09
2015-07-20,SB1803,15.05,15.05,14.86,14.9,47.0,,NO.11糖1803,1211.0,14.9,14.9
2015-07-21,SB1803,15.01,15.01,14.79,14.87,19.0,,NO.11糖1803,1223.0,14.83,14.87
2015-07-22,SB1803,14.86,14.86,14.76,14.76,36.0,,NO.11糖1803,1256.0,14.76,14.76
2015-07-23,SB1803,14.74,14.75,14.69,14.7,21.0,,NO.11糖1803,1275.0,14.7,14.7
2015-07-24,SB1803,14.7,14.75,14.6,14.61,155.0,,NO.11糖1803,1383.0,14.62,14.61
2015-07-27,SB1803,14.61,14.63,14.5,14.5,115.0,,NO.11糖1803,1479.0,14.52,14.5
2015-07-28,SB1803,14.56,14.56,14.47,14.5,269.0,,NO.11糖1803,1657.0,14.5,14.5
2015-07-29,SB1803,14.52,14.62,14.52,14.56,21.0,,NO.11糖1803,1650.0,14.54,14.56
2015-07-30,SB1803,14.42,14.42,14.4,14.41,3.0,,NO.11糖1803,1651.0,14.4,14.41
2015-07-31,SB1803,14.39,14.43,14.25,14.25,7.0,,NO.11糖1803,1648.0,14.25,14.25
2015-08-03,SB1803,14.18,14.18,14.01,14.01,26.0,,NO.11糖1803,1666.0,14.05,14.01
2015-08-04,SB1803,14.06,14.09,13.96,13.99,105.0,,NO.11糖1803,1686.0,13.97,13.99
2015-08-05,SB1803,13.99,14.01,13.89,13.89,131.0,,NO.11糖1803,1775.0,13.9,13.89
2015-08-06,SB1803,13.82,13.89,13.76,13.76,166.0,,NO.11糖1803,1911.0,13.79,13.76
2015-08-07,SB1803,13.83,13.91,13.83,13.83,24.0,,NO.11糖1803,1924.0,13.85,13.83
2015-08-10,SB1803,13.82,13.86,13.75,13.86,17.0,,NO.11糖1803,1932.0,13.85,13.86
2015-08-11,SB1803,13.91,13.93,13.75,13.93,30.0,,NO.11糖1803,1951.0,13.93,13.93
2015-08-12,SB1803,13.95,13.96,13.84,13.88,67.0,,NO.11糖1803,1976.0,13.89,13.88
2015-08-13,SB1803,13.94,13.97,13.87,13.91,116.0,,NO.11糖1803,2073.0,13.89,13.91
2015-08-14,SB1803,13.93,13.95,13.93,13.95,11.0,,NO.11糖1803,2072.0,13.95,13.95
2015-08-17,SB1803,13.92,14.0,13.92,14.0,19.0,,NO.11糖1803,2079.0,13.98,14.0
2015-08-18,SB1803,14.0,14.13,14.0,14.13,12.0,,NO.11糖1803,2081.0,14.08,14.13
2015-08-19,SB1803,14.09,14.15,14.06,14.07,61.0,,NO.11糖1803,2115.0,14.07,14.07
2015-08-20,SB1803,14.06,14.13,13.98,14.13,108.0,,NO.11糖1803,2151.0,14.11,14.13
2015-08-21,SB1803,14.05,14.08,13.97,14.01,116.0,,NO.11糖1803,2154.0,14.0,14.01
2015-08-24,SB1803,13.94,14.08,13.88,14.07,126.0,,NO.11糖1803,2216.0,14.07,14.07
2015-08-25,SB1803,14.12,14.21,14.12,14.21,52.0,,NO.11糖1803,2231.0,14.22,14.21
2015-08-26,SB1803,14.1,14.1,13.96,13.96,32.0,,NO.11糖1803,2237.0,13.98,13.96
2015-08-27,SB1803,14.03,14.08,14.02,14.07,21.0,,NO.11糖1803,2232.0,14.05,14.07
2015-08-28,SB1803,14.05,14.09,13.95,14.03,88.0,,NO.11糖1803,2265.0,14.06,14.03
2015-08-31,SB1803,13.95,13.95,13.79,13.79,60.0,,NO.11糖1803,2251.0,13.9,13.79
2015-09-01,SB1803,13.87,13.87,13.83,13.84,4.0,,NO.11糖1803,2250.0,13.86,13.84
2015-09-02,SB1803,13.8,13.94,13.73,13.73,133.0,,NO.11糖1803,2215.0,13.89,13.73
2015-09-03,SB1803,13.93,13.98,13.83,13.86,93.0,,NO.11糖1803,2148.0,13.89,13.86
2015-09-04,SB1803,13.81,13.93,13.75,13.75,126.0,,NO.11糖1803,2068.0,13.85,13.75
2015-09-07,SB1803,,,,13.85,0.0,,NO.11糖1803,,13.85,13.85
2015-09-08,SB1803,13.88,14.0,13.81,13.84,66.0,,NO.11糖1803,2098.0,13.85,13.84
2015-09-09,SB1803,13.92,14.0,13.8,14.0,95.0,,NO.11糖1803,2077.0,13.99,14.0
2015-09-10,SB1803,13.88,13.88,13.65,13.8,36.0,,NO.11糖1803,2083.0,13.79,13.8
2015-09-11,SB1803,13.8,13.9,13.68,13.78,43.0,,NO.11糖1803,2085.0,13.79,13.78
2015-09-14,SB1803,13.74,13.81,13.62,13.62,17.0,,NO.11糖1803,2092.0,13.63,13.62
2015-09-15,SB1803,13.62,13.62,13.51,13.6,123.0,,NO.11糖1803,2205.0,13.57,13.6
2015-09-16,SB1803,13.52,13.59,13.49,13.49,18.0,,NO.11糖1803,2219.0,13.53,13.49
2015-09-17,SB1803,13.57,13.62,13.37,13.37,38.0,,NO.11糖1803,2242.0,13.39,13.37
2015-09-18,SB1803,13.43,13.44,13.27,13.28,259.0,,NO.11糖1803,2385.0,13.31,13.28
2015-09-21,SB1803,13.38,13.4,13.24,13.24,12.0,,NO.11糖1803,2389.0,13.24,13.24
2015-09-22,SB1803,13.19,13.19,12.97,13.0,59.0,,NO.11糖1803,2419.0,13.01,13.0
2015-09-23,SB1803,13.06,13.14,12.79,12.79,69.0,,NO.11糖1803,2455.0,12.8,12.79
2015-09-24,SB1803,12.84,12.97,12.72,12.97,30.0,,NO.11糖1803,2458.0,12.98,12.97
2015-09-25,SB1803,13.05,13.36,13.05,13.36,214.0,,NO.11糖1803,2608.0,13.35,13.36
2015-09-28,SB1803,13.4,13.45,13.3,13.45,74.0,,NO.11糖1803,2610.0,13.46,13.45
2015-09-29,SB1803,13.45,13.61,13.42,13.52,314.0,,NO.11糖1803,2677.0,13.54,13.52
2015-09-30,SB1803,13.71,13.98,13.71,13.98,43.0,,NO.11糖1803,2708.0,14.0,13.98
2015-10-01,SB1803,14.04,14.13,14.04,14.11,90.0,,NO.11糖1803,2738.0,14.07,14.11
2015-10-02,SB1803,14.11,14.25,14.11,14.25,14.0,,NO.11糖1803,2741.0,14.26,14.25
2015-10-05,SB1803,14.26,14.36,14.26,14.36,19.0,,NO.11糖1803,2741.0,14.36,14.36
2015-10-06,SB1803,14.37,14.37,14.01,14.05,197.0,,NO.11糖1803,2795.0,14.14,14.05
2015-10-07,SB1803,14.08,14.1,13.89,14.03,482.0,,NO.11糖1803,2881.0,14.12,14.03
2015-10-08,SB1803,14.03,14.15,13.92,14.11,205.0,,NO.11糖1803,2982.0,14.13,14.11
2015-10-09,SB1803,14.23,14.32,14.17,14.17,160.0,,NO.11糖1803,3069.0,14.21,14.17
2015-10-12,SB1803,14.19,14.33,14.11,14.33,20.0,,NO.11糖1803,3077.0,14.35,14.33
2015-10-13,SB1803,14.26,14.26,14.11,14.11,45.0,,NO.11糖1803,3100.0,14.17,14.11
2015-10-14,SB1803,14.09,14.29,14.08,14.29,329.0,,NO.11糖1803,3400.0,14.26,14.29
2015-10-15,SB1803,14.37,14.37,14.13,14.13,13.0,,NO.11糖1803,3400.0,14.34,14.13
2015-10-16,SB1803,14.27,14.44,14.19,14.38,16.0,,NO.11糖1803,3410.0,14.35,14.38
2015-10-19,SB1803,14.42,14.44,14.32,14.44,7.0,,NO.11糖1803,3410.0,14.41,14.44
2015-10-20,SB1803,14.36,14.36,14.22,14.22,31.0,,NO.11糖1803,3432.0,14.28,14.22
2015-10-21,SB1803,14.22,14.34,14.19,14.19,262.0,,NO.11糖1803,3668.0,14.24,14.19
2015-10-22,SB1803,14.28,14.35,14.18,14.32,166.0,,NO.11糖1803,3815.0,14.33,14.32
2015-10-23,SB1803,14.39,14.39,14.08,14.21,53.0,,NO.11糖1803,3811.0,14.25,14.21
2015-10-26,SB1803,14.15,14.33,14.14,14.32,113.0,,NO.11糖1803,3912.0,14.32,14.32
2015-10-27,SB1803,14.41,14.41,14.28,14.38,163.0,,NO.11糖1803,4022.0,14.35,14.38
2015-10-28,SB1803,14.38,14.45,14.3,14.39,474.0,,NO.11糖1803,4127.0,14.39,14.39
2015-10-29,SB1803,14.35,14.37,14.27,14.37,97.0,,NO.11糖1803,4185.0,14.34,14.37
2015-10-30,SB1803,14.38,14.41,14.24,14.24,24.0,,NO.11糖1803,4198.0,14.36,14.24
2015-11-02,SB1803,14.47,14.73,14.47,14.7,34.0,,NO.11糖1803,4195.0,14.72,14.7
2015-11-03,SB1803,14.6,14.6,14.1,14.59,840.0,,NO.11糖1803,4539.0,14.6,14.59
2015-11-04,SB1803,14.6,14.6,14.21,14.21,262.0,,NO.11糖1803,4554.0,14.26,14.21
2015-11-05,SB1803,14.27,14.41,14.25,14.3,25.0,,NO.11糖1803,4554.0,14.38,14.3
2015-11-06,SB1803,14.33,14.33,14.2,14.2,186.0,,NO.11糖1803,4554.0,14.21,14.2
2015-11-09,SB1803,13.98,13.98,13.89,13.89,138.0,,NO.11糖1803,4557.0,13.96,13.89
2015-11-10,SB1803,14.02,14.54,14.02,14.53,224.0,,NO.11糖1803,4634.0,14.44,14.53
2015-11-11,SB1803,14.57,14.66,14.57,14.66,24.0,,NO.11糖1803,4647.0,14.45,14.66
2015-11-12,SB1803,14.51,14.51,14.35,14.35,33.0,,NO.11糖1803,4669.0,14.55,14.35
2015-11-13,SB1803,14.51,14.62,14.51,14.55,17.0,,NO.11糖1803,4671.0,14.57,14.55
2015-11-16,SB1803,14.5,14.68,14.46,14.66,17.0,,NO.11糖1803,4671.0,14.67,14.66
2015-11-17,SB1803,14.52,14.52,14.16,14.16,48.0,,NO.11糖1803,4701.0,14.34,14.16
2015-11-18,SB1803,14.18,14.18,14.0,14.09,27.0,,NO.11糖1803,4708.0,14.21,14.09
2015-11-19,SB1803,14.24,14.56,14.24,14.56,31.0,,NO.11糖1803,4728.0,14.52,14.56
2015-11-20,SB1803,14.55,14.75,14.55,14.71,31.0,,NO.11糖1803,4740.0,14.66,14.71
2015-11-23,SB1803,14.61,14.62,14.51,14.62,86.0,,NO.11糖1803,4802.0,14.61,14.62
2015-11-24,SB1803,14.58,14.76,14.31,14.32,204.0,,NO.11糖1803,4913.0,14.31,14.32
2015-11-25,SB1803,14.4,14.47,14.15,14.38,131.0,,NO.11糖1803,4977.0,14.39,14.38
2015-11-27,SB1803,14.5,14.57,14.34,14.34,9.0,,NO.11糖1803,4982.0,14.34,14.34
2015-11-30,SB1803,14.3,14.3,14.16,14.23,22.0,,NO.11糖1803,4991.0,14.2,14.23
2015-12-01,SB1803,14.15,14.59,14.15,14.59,50.0,,NO.11糖1803,4996.0,14.55,14.59
2015-12-02,SB1803,14.62,14.66,14.13,14.3,144.0,,NO.11糖1803,5023.0,14.26,14.3
2015-12-03,SB1803,14.19,14.51,14.19,14.48,50.0,,NO.11糖1803,5037.0,14.49,14.48
2015-12-04,SB1803,14.44,14.67,14.44,14.48,36.0,,NO.11糖1803,5031.0,14.47,14.48
2015-12-07,SB1803,14.55,14.55,14.34,14.4,8.0,,NO.11糖1803,5026.0,14.4,14.4
2015-12-08,SB1803,14.45,14.45,14.12,14.12,19.0,,NO.11糖1803,5024.0,14.14,14.12
2015-12-09,SB1803,14.23,14.27,14.23,14.27,3.0,,NO.11糖1803,5024.0,14.25,14.27
2015-12-10,SB1803,14.22,14.22,13.96,14.0,224.0,,NO.11糖1803,5060.0,14.01,14.0
2015-12-11,SB1803,14.04,14.11,14.04,14.09,13.0,,NO.11糖1803,5057.0,14.0,14.09
2015-12-14,SB1803,13.96,14.07,13.82,14.07,59.0,,NO.11糖1803,5050.0,14.05,14.07
2015-12-15,SB1803,14.18,14.38,14.18,14.27,29.0,,NO.11糖1803,5044.0,14.1,14.27
2015-12-16,SB1803,14.04,14.17,13.93,14.17,34.0,,NO.11糖1803,5043.0,14.12,14.17
2015-12-17,SB1803,14.25,14.31,14.25,14.31,18.0,,NO.11糖1803,5044.0,14.21,14.31
2015-12-18,SB1803,14.18,14.56,14.17,14.34,91.0,,NO.11糖1803,5047.0,14.36,14.34
2015-12-21,SB1803,14.37,14.38,14.09,14.09,155.0,,NO.11糖1803,5099.0,14.21,14.09
2015-12-22,SB1803,14.16,14.26,14.16,14.26,4.0,,NO.11糖1803,5099.0,14.25,14.26
2015-12-23,SB1803,14.29,14.39,14.2,14.35,47.0,,NO.11糖1803,5098.0,14.37,14.35
2015-12-24,SB1803,14.32,14.45,14.32,14.45,20.0,,NO.11糖1803,5097.0,14.37,14.45
2015-12-28,SB1803,14.35,14.36,14.26,14.26,101.0,,NO.11糖1803,5124.0,14.27,14.26
2015-12-29,SB1803,14.33,14.35,14.28,14.28,3.0,,NO.11糖1803,5125.0,14.32,14.28
2015-12-30,SB1803,14.42,14.56,14.42,14.53,87.0,,NO.11糖1803,5174.0,14.53,14.53
2015-12-31,SB1803,14.66,14.82,14.66,14.66,14.0,,NO.11糖1803,5175.0,14.71,14.66
2016-01-04,SB1803,14.64,14.64,14.42,14.52,14.0,,NO.11糖1803,5175.0,14.54,14.52
2016-01-05,SB1803,14.54,14.59,14.17,14.17,13.0,,NO.11糖1803,5177.0,14.19,14.17
2016-01-06,SB1803,14.25,14.26,14.16,14.26,70.0,,NO.11糖1803,5180.0,14.18,14.26
2016-01-07,SB1803,14.22,14.42,14.22,14.37,91.0,,NO.11糖1803,5198.0,14.28,14.37
2016-01-08,SB1803,14.28,14.36,13.96,14.0,412.0,,NO.11糖1803,5285.0,13.99,14.0
2016-01-11,SB1803,14.02,14.07,13.77,13.86,42.0,,NO.11糖1803,5268.0,13.87,13.86
2016-01-12,SB1803,13.9,13.99,13.78,13.79,59.0,,NO.11糖1803,5285.0,13.78,13.79
2016-01-13,SB1803,13.79,14.12,13.79,14.06,27.0,,NO.11糖1803,5285.0,14.0,14.06
2016-01-14,SB1803,14.05,14.1,13.96,14.1,126.0,,NO.11糖1803,5291.0,14.02,14.1
2016-01-15,SB1803,13.93,14.21,13.92,14.07,136.0,,NO.11糖1803,5282.0,13.95,14.07
2016-01-19,SB1803,14.0,14.07,13.91,14.07,40.0,,NO.11糖1803,5274.0,13.98,14.07
2016-01-20,SB1803,13.89,13.89,13.74,13.76,104.0,,NO.11糖1803,5271.0,13.77,13.76
2016-01-21,SB1803,13.79,14.05,13.79,13.92,74.0,,NO.11糖1803,5271.0,13.93,13.92
2016-01-22,SB1803,13.99,14.12,13.99,14.05,134.0,,NO.11糖1803,5254.0,14.09,14.05
2016-01-25,SB1803,14.04,14.09,13.77,13.88,147.0,,NO.11糖1803,5229.0,13.81,13.88
2016-01-26,SB1803,13.86,13.92,13.72,13.79,265.0,,NO.11糖1803,5219.0,13.87,13.79
2016-01-27,SB1803,13.94,13.94,13.73,13.73,42.0,,NO.11糖1803,5221.0,13.76,13.73
2016-01-28,SB1803,13.74,13.83,13.63,13.81,213.0,,NO.11糖1803,5181.0,13.85,13.81
2016-01-29,SB1803,13.94,13.94,13.67,13.83,108.0,,NO.11糖1803,5102.0,13.75,13.83
2016-02-01,SB1803,13.75,13.89,13.75,13.85,282.0,,NO.11糖1803,5126.0,13.83,13.85
2016-02-02,SB1803,13.75,13.99,13.7,13.99,377.0,,NO.11糖1803,5169.0,13.95,13.99
2016-02-03,SB1803,13.94,13.98,13.91,13.91,30.0,,NO.11糖1803,5185.0,13.7,13.91
2016-02-04,SB1803,13.66,13.75,13.58,13.58,58.0,,NO.11糖1803,5174.0,13.6,13.58
2016-02-05,SB1803,13.63,13.67,13.57,13.67,48.0,,NO.11糖1803,5161.0,13.79,13.67
2016-02-08,SB1803,13.91,14.24,13.9,14.24,153.0,,NO.11糖1803,5213.0,14.14,14.24
2016-02-09,SB1803,14.14,14.26,14.05,14.26,165.0,,NO.11糖1803,5250.0,14.21,14.26
2016-02-10,SB1803,,,,14.15,3.0,,NO.11糖1803,5250.0,14.15,14.15
2016-02-11,SB1803,,,,13.88,0.0,,NO.11糖1803,5250.0,13.88,13.88
2016-02-12,SB1803,13.9,13.9,13.9,13.9,16.0,,NO.11糖1803,5243.0,13.9,13.9
2016-02-16,SB1803,13.9,13.9,13.9,13.9,169.0,,NO.11糖1803,5387.0,13.97,13.9
2016-02-17,SB1803,,,,13.92,2.0,,NO.11糖1803,5385.0,13.92,13.92
2016-02-18,SB1803,13.83,13.85,13.77,13.81,185.0,,NO.11糖1803,5479.0,13.8,13.81
2016-02-19,SB1803,13.8,13.8,13.65,13.65,92.0,,NO.11糖1803,5537.0,13.68,13.65
2016-02-22,SB1803,13.69,13.69,13.69,13.69,30.0,,NO.11糖1803,5555.0,13.71,13.69
2016-02-23,SB1803,13.99,14.11,13.99,14.11,60.0,,NO.11糖1803,5569.0,14.26,14.11
2016-02-24,SB1803,14.11,14.16,14.08,14.16,170.0,,NO.11糖1803,5619.0,14.27,14.16
2016-02-25,SB1803,14.11,14.4,14.09,14.4,8.0,,NO.11糖1803,5619.0,14.41,14.4
2016-02-26,SB1803,14.53,14.53,14.26,14.26,154.0,,NO.11糖1803,5671.0,14.27,14.26
2016-02-29,SB1803,14.35,14.45,14.35,14.45,13.0,,NO.11糖1803,5681.0,14.45,14.45
2016-03-01,SB1803,14.41,14.44,14.29,14.39,107.0,,NO.11糖1803,5711.0,14.43,14.39
2016-03-02,SB1803,14.52,14.66,14.52,14.64,157.0,,NO.11糖1803,5721.0,14.68,14.64
2016-03-03,SB1803,14.68,14.94,14.68,14.94,311.0,,NO.11糖1803,5932.0,14.96,14.94
2016-03-04,SB1803,14.95,15.02,14.93,14.93,95.0,,NO.11糖1803,5991.0,15.18,14.93
2016-03-07,SB1803,15.27,15.27,15.24,15.24,43.0,,NO.11糖1803,6018.0,15.22,15.24
2016-03-08,SB1803,15.22,15.34,15.22,15.34,34.0,,NO.11糖1803,6040.0,15.34,15.34
2016-03-09,SB1803,15.3,15.33,15.17,15.18,81.0,,NO.11糖1803,6054.0,15.22,15.18
2016-03-10,SB1803,15.32,15.4,15.32,15.4,14.0,,NO.11糖1803,6054.0,15.38,15.4
2016-03-11,SB1803,15.4,15.55,15.4,15.5,44.0,,NO.11糖1803,6080.0,15.51,15.5
2016-03-14,SB1803,15.49,15.61,15.49,15.61,19.0,,NO.11糖1803,6087.0,15.61,15.61
2016-03-15,SB1803,15.53,15.59,15.39,15.48,62.0,,NO.11糖1803,6108.0,15.51,15.48
2016-03-16,SB1803,15.43,15.52,15.43,15.48,52.0,,NO.11糖1803,6128.0,15.5,15.48
2016-03-17,SB1803,15.64,15.86,15.62,15.85,137.0,,NO.11糖1803,6154.0,15.85,15.85
2016-03-18,SB1803,15.75,15.86,15.65,15.79,201.0,,NO.11糖1803,6227.0,15.82,15.79
2016-03-21,SB1803,15.7,15.87,15.7,15.86,15.0,,NO.11糖1803,6227.0,15.91,15.86
2016-03-22,SB1803,15.94,15.95,15.94,15.95,82.0,,NO.11糖1803,6252.0,15.94,15.95
2016-03-23,SB1803,15.93,16.13,15.92,16.1,253.0,,NO.11糖1803,6337.0,16.12,16.1
2016-03-24,SB1803,15.65,15.97,15.61,15.78,138.0,,NO.11糖1803,6349.0,15.81,15.78
2016-03-28,SB1803,15.88,16.01,15.77,15.77,345.0,,NO.11糖1803,6583.0,15.76,15.77
2016-03-29,SB1803,15.69,15.71,15.57,15.57,431.0,,NO.11糖1803,6706.0,15.77,15.57
2016-03-30,SB1803,15.89,15.91,15.8,15.8,141.0,,NO.11糖1803,6760.0,15.74,15.8
2016-03-31,SB1803,15.66,15.9,15.65,15.65,395.0,,NO.11糖1803,6873.0,15.67,15.65
2016-04-01,SB1803,15.6,15.68,15.46,15.61,504.0,,NO.11糖1803,6890.0,15.57,15.61
2016-04-04,SB1803,15.41,15.5,15.35,15.41,265.0,,NO.11糖1803,6968.0,15.38,15.41
2016-04-05,SB1803,15.38,15.43,15.35,15.37,46.0,,NO.11糖1803,6978.0,15.38,15.37
2016-04-06,SB1803,15.35,15.4,15.35,15.35,261.0,,NO.11糖1803,7064.0,15.36,15.35
2016-04-07,SB1803,15.43,15.43,15.21,15.21,166.0,,NO.11糖1803,7040.0,15.24,15.21
2016-04-08,SB1803,15.2,15.46,15.15,15.46,208.0,,NO.11糖1803,7048.0,15.47,15.46
2016-04-11,SB1803,15.57,15.57,15.11,15.11,21.0,,NO.11糖1803,7048.0,15.13,15.11
2016-04-12,SB1803,15.1,15.1,15.09,15.09,120.0,,NO.11糖1803,7093.0,15.09,15.09
2016-04-13,SB1803,15.05,15.15,15.05,15.13,102.0,,NO.11糖1803,7127.0,15.1,15.13
2016-04-14,SB1803,,,,15.1,8.0,,NO.11糖1803,7127.0,15.1,15.1
2016-04-15,SB1803,15.18,15.65,15.18,15.56,147.0,,NO.11糖1803,7179.0,15.62,15.56
2016-04-18,SB1803,15.62,16.0,15.56,15.86,45.0,,NO.11糖1803,7192.0,15.92,15.86
2016-04-19,SB1803,15.79,15.89,15.71,15.74,278.0,,NO.11糖1803,7403.0,15.74,15.74
2016-04-20,SB1803,15.91,16.06,15.9,16.06,356.0,,NO.11糖1803,7595.0,16.05,16.06
2016-04-21,SB1803,16.14,16.14,15.8,16.04,96.0,,NO.11糖1803,7595.0,16.08,16.04
2016-04-22,SB1803,16.07,16.12,15.75,15.75,130.0,,NO.11糖1803,7643.0,15.83,15.75
2016-04-25,SB1803,16.2,16.25,16.2,16.24,125.0,,NO.11糖1803,7721.0,16.22,16.24
2016-04-26,SB1803,16.24,16.37,16.16,16.35,109.0,,NO.11糖1803,7763.0,16.36,16.35
2016-04-27,SB1803,16.28,16.32,16.11,16.32,164.0,,NO.11糖1803,7873.0,16.29,16.32
2016-04-28,SB1803,16.14,16.14,16.0,16.11,265.0,,NO.11糖1803,7985.0,16.09,16.11
2016-04-29,SB1803,16.08,16.44,16.08,16.37,298.0,,NO.11糖1803,8050.0,16.32,16.37
2016-05-02,SB1803,16.32,16.47,16.25,16.45,176.0,,NO.11糖1803,8140.0,16.46,16.45
2016-05-03,SB1803,16.38,16.38,16.12,16.26,420.0,,NO.11糖1803,8420.0,16.22,16.26
2016-05-04,SB1803,16.25,16.54,16.23,16.54,682.0,,NO.11糖1803,8486.0,16.51,16.54
2016-05-05,SB1803,16.54,16.68,15.97,16.09,338.0,,NO.11糖1803,8630.0,16.12,16.09
2016-05-06,SB1803,16.05,16.28,16.05,16.19,144.0,,NO.11糖1803,8682.0,16.15,16.19
2016-05-09,SB1803,16.27,16.38,16.19,16.22,117.0,,NO.11糖1803,8737.0,16.2,16.22
2016-05-10,SB1803,15.96,16.43,15.96,16.32,52.0,,NO.11糖1803,8758.0,16.32,16.32
2016-05-11,SB1803,16.33,16.71,16.33,16.69,1446.0,,NO.11糖1803,9360.0,16.69,16.69
2016-05-12,SB1803,16.51,16.74,16.46,16.67,573.0,,NO.11糖1803,9642.0,16.69,16.67
2016-05-13,SB1803,16.65,16.71,16.23,16.64,264.0,,NO.11糖1803,9742.0,16.55,16.64
2016-05-16,SB1803,16.35,16.69,16.35,16.69,44.0,,NO.11糖1803,9753.0,16.69,16.69
2016-05-17,SB1803,16.69,16.73,16.48,16.73,115.0,,NO.11糖1803,9714.0,16.7,16.73
2016-05-18,SB1803,16.51,16.78,16.42,16.78,159.0,,NO.11糖1803,9750.0,16.77,16.78
2016-05-19,SB1803,16.64,16.73,16.58,16.72,463.0,,NO.11糖1803,9988.0,16.73,16.72
2016-05-20,SB1803,16.68,16.93,16.65,16.92,659.0,,NO.11糖1803,10287.0,16.86,16.92
2016-05-23,SB1803,16.83,16.83,16.62,16.62,145.0,,NO.11糖1803,10346.0,16.67,16.62
2016-05-24,SB1803,16.65,16.8,16.58,16.65,134.0,,NO.11糖1803,10364.0,16.62,16.65
2016-05-25,SB1803,16.57,16.81,16.44,16.77,320.0,,NO.11糖1803,10508.0,16.84,16.77
2016-05-26,SB1803,16.83,16.95,16.73,16.93,560.0,,NO.11糖1803,10740.0,16.96,16.93
2016-05-27,SB1803,16.94,16.95,16.67,16.87,578.0,,NO.11糖1803,10908.0,16.85,16.87
2016-05-31,SB1803,16.85,16.96,16.72,16.96,243.0,,NO.11糖1803,10939.0,16.9,16.96
2016-06-01,SB1803,16.89,17.0,16.89,16.97,180.0,,NO.11糖1803,10953.0,17.01,16.97
2016-06-02,SB1803,16.96,17.07,16.89,17.02,615.0,,NO.11糖1803,11178.0,16.99,17.02
2016-06-03,SB1803,17.0,17.18,16.52,17.13,1372.0,,NO.11糖1803,11040.0,17.08,17.13
2016-06-06,SB1803,17.08,17.37,17.08,17.15,643.0,,NO.11糖1803,10883.0,17.16,17.15
2016-06-07,SB1803,17.15,17.5,17.15,17.5,477.0,,NO.11糖1803,10751.0,17.49,17.5
2016-06-08,SB1803,17.5,17.83,17.48,17.78,599.0,,NO.11糖1803,10755.0,17.79,17.78
2016-06-09,SB1803,17.73,17.97,17.73,17.89,982.0,,NO.11糖1803,11277.0,17.9,17.89
2016-06-10,SB1803,17.83,17.89,17.51,17.88,630.0,,NO.11糖1803,11572.0,17.88,17.88
2016-06-13,SB1803,17.79,17.86,17.66,17.72,340.0,,NO.11糖1803,11744.0,17.75,17.72
2016-06-14,SB1803,17.6,17.69,17.5,17.69,263.0,,NO.11糖1803,11850.0,17.65,17.69
2016-06-15,SB1803,17.65,17.99,17.63,17.95,841.0,,NO.11糖1803,12039.0,17.99,17.95
2016-06-16,SB1803,17.92,18.09,17.6,17.86,958.0,,NO.11糖1803,12191.0,17.88,17.86
2016-06-17,SB1803,17.86,18.09,17.86,17.86,355.0,,NO.11糖1803,12244.0,17.91,17.86
2016-06-20,SB1803,17.84,17.92,17.8,17.87,143.0,,NO.11糖1803,12255.0,17.9,17.87
2016-06-21,SB1803,17.81,18.09,17.71,17.86,557.0,,NO.11糖1803,12337.0,17.87,17.86
2016-06-22,SB1803,17.89,17.96,17.84,17.9,269.0,,NO.11糖1803,12382.0,17.91,17.9
2016-06-23,SB1803,17.85,18.07,17.68,18.07,407.0,,NO.11糖1803,12544.0,18.01,18.07
2016-06-24,SB1803,17.55,17.88,17.55,17.76,488.0,,NO.11糖1803,12637.0,17.81,17.76
2016-06-27,SB1803,18.0,18.14,17.86,17.91,295.0,,NO.11糖1803,12747.0,17.89,17.91
2016-06-28,SB1803,17.94,18.2,17.9,17.96,924.0,,NO.11糖1803,12937.0,17.93,17.96
2016-06-29,SB1803,17.93,18.33,17.93,18.06,1233.0,,NO.11糖1803,13359.0,18.1,18.06
2016-06-30,SB1803,18.06,18.1,17.65,17.87,505.0,,NO.11糖1803,13438.0,17.82,17.87
2016-07-01,SB1803,18.0,18.2,17.81,18.18,890.0,,NO.11糖1803,13688.0,18.1,18.18
2016-07-05,SB1803,17.94,18.27,17.94,18.27,947.0,,NO.11糖1803,13690.0,18.23,18.27
2016-07-06,SB1803,18.23,18.23,17.78,18.16,431.0,,NO.11糖1803,13702.0,18.19,18.16
2016-07-07,SB1803,18.08,18.12,17.76,17.85,277.0,,NO.11糖1803,13689.0,17.86,17.85
2016-07-08,SB1803,17.85,18.22,17.75,17.98,489.0,,NO.11糖1803,13585.0,18.01,17.98
2016-07-11,SB1803,18.07,18.49,18.05,18.46,997.0,,NO.11糖1803,13700.0,18.42,18.46
2016-07-12,SB1803,18.42,18.53,17.99,18.1,535.0,,NO.11糖1803,13663.0,18.07,18.1
2016-07-13,SB1803,18.2,18.42,17.86,17.94,424.0,,NO.11糖1803,13789.0,17.98,17.94
2016-07-14,SB1803,17.98,18.5,17.98,18.14,352.0,,NO.11糖1803,13909.0,18.12,18.14
2016-07-15,SB1803,18.02,18.04,17.78,18.04,599.0,,NO.11糖1803,13908.0,17.99,18.04
2016-07-18,SB1803,17.95,18.09,17.75,18.05,197.0,,NO.11糖1803,13893.0,18.07,18.05
2016-07-19,SB1803,18.1,18.19,17.94,18.01,179.0,,NO.11糖1803,13956.0,17.97,18.01
2016-07-20,SB1803,18.02,18.05,17.87,17.87,92.0,,NO.11糖1803,13976.0,17.95,17.87
2016-07-21,SB1803,18.0,18.25,17.96,18.04,286.0,,NO.11糖1803,,18.02,18.04
2016-07-22,SB1803,18.0,18.16,17.85,18.06,176.0,,NO.11糖1803,13977.0,18.07,18.06
2016-07-25,SB1803,18.16,18.27,18.13,18.23,264.0,,NO.11糖1803,14030.0,18.21,18.23
2016-07-26,SB1803,18.21,18.27,17.84,18.08,321.0,,NO.11糖1803,13973.0,18.05,18.08
2016-07-27,SB1803,18.0,18.08,17.8,17.9,519.0,,NO.11糖1803,14201.0,17.94,17.9
2016-07-28,SB1803,17.9,17.94,17.8,17.84,368.0,,NO.11糖1803,14420.0,17.83,17.84
2016-07-29,SB1803,17.82,18.08,17.79,17.98,448.0,,NO.11糖1803,14524.0,18.03,17.98
2016-08-01,SB1803,18.02,18.13,17.79,17.79,441.0,,NO.11糖1803,14742.0,17.81,17.79
2016-08-02,SB1803,17.79,18.0,17.79,18.0,248.0,,NO.11糖1803,14906.0,18.01,18.0
2016-08-03,SB1803,17.81,18.16,17.81,18.03,288.0,,NO.11糖1803,15024.0,18.03,18.03
2016-08-04,SB1803,18.03,18.34,17.82,18.34,561.0,,NO.11糖1803,15112.0,18.29,18.34
2016-08-05,SB1803,18.34,18.93,18.29,18.91,1068.0,,NO.11糖1803,15233.0,18.86,18.91
2016-08-08,SB1803,18.82,19.05,18.78,18.93,377.0,,NO.11糖1803,15302.0,18.96,18.93
2016-08-09,SB1803,18.96,19.1,18.92,18.92,285.0,,NO.11糖1803,15422.0,18.98,18.92
2016-08-10,SB1803,19.02,19.1,18.38,18.5,339.0,,NO.11糖1803,15472.0,18.49,18.5
2016-08-11,SB1803,18.46,18.77,18.46,18.59,347.0,,NO.11糖1803,15735.0,18.59,18.59
2016-08-12,SB1803,18.64,18.8,18.6,18.63,172.0,,NO.11糖1803,15822.0,18.65,18.63
2016-08-15,SB1803,18.78,18.89,18.43,18.89,782.0,,NO.11糖1803,15896.0,18.82,18.89
2016-08-16,SB1803,18.91,19.14,18.87,18.99,694.0,,NO.11糖1803,16133.0,19.05,18.99
2016-08-17,SB1803,18.87,18.87,18.67,18.7,381.0,,NO.11糖1803,16240.0,18.67,18.7
2016-08-18,SB1803,18.73,18.98,18.73,18.9,646.0,,NO.11糖1803,16518.0,18.86,18.9
2016-08-19,SB1803,18.86,18.86,18.75,18.86,436.0,,NO.11糖1803,16522.0,18.83,18.86
2016-08-22,SB1803,18.86,19.31,18.86,19.3,781.0,,NO.11糖1803,16916.0,19.29,19.3
2016-08-23,SB1803,19.23,19.44,19.12,19.32,1022.0,,NO.11糖1803,17274.0,19.31,19.32
2016-08-24,SB1803,19.29,19.46,18.92,19.14,697.0,,NO.11糖1803,17429.0,19.15,19.14
2016-08-25,SB1803,19.2,19.49,19.07,19.24,781.0,,NO.11糖1803,17618.0,19.29,19.24
2016-08-26,SB1803,19.36,19.37,19.13,19.3,576.0,,NO.11糖1803,17363.0,19.32,19.3
2016-08-29,SB1803,19.19,19.38,19.15,19.25,290.0,,NO.11糖1803,17447.0,19.3,19.25
2016-08-30,SB1803,19.32,19.37,19.23,19.26,458.0,,NO.11糖1803,17532.0,19.3,19.26
2016-08-31,SB1803,19.31,19.32,19.03,19.03,792.0,,NO.11糖1803,17830.0,19.05,19.03
2016-09-01,SB1803,19.12,19.17,18.7,18.8,1499.0,,NO.11糖1803,18478.0,18.8,18.8
2016-09-02,SB1803,18.88,19.39,18.86,19.31,860.0,,NO.11糖1803,18674.0,19.34,19.31
2016-09-05,SB1803,,,,19.34,0.0,,NO.11糖1803,18673.0,19.34,19.34
2016-09-06,SB1803,19.36,19.49,18.96,19.47,1125.0,,NO.11糖1803,19162.0,19.44,19.47
2016-09-07,SB1803,19.44,19.61,19.29,19.57,1221.0,,NO.11糖1803,19802.0,19.58,19.57
2016-09-08,SB1803,19.37,19.46,19.26,19.44,1234.0,,NO.11糖1803,20532.0,19.51,19.44
2016-09-09,SB1803,19.45,19.55,19.31,19.37,845.0,,NO.11糖1803,20931.0,19.34,19.37
2016-09-12,SB1803,19.31,19.45,19.13,19.45,970.0,,NO.11糖1803,21069.0,19.41,19.45
2016-09-13,SB1803,19.39,19.42,19.21,19.29,888.0,,NO.11糖1803,21136.0,19.33,19.29
2016-09-14,SB1803,19.3,19.36,19.07,19.26,1569.0,,NO.11糖1803,21756.0,19.17,19.26
2016-09-15,SB1803,19.15,19.5,19.15,19.46,997.0,,NO.11糖1803,21851.0,19.49,19.46
2016-09-16,SB1803,19.44,20.05,19.44,19.61,4887.0,,NO.11糖1803,23800.0,19.66,19.61
2016-09-19,SB1803,19.65,19.99,19.65,19.86,2229.0,,NO.11糖1803,24529.0,19.88,19.86
2016-09-20,SB1803,19.8,20.1,19.8,20.05,1728.0,,NO.11糖1803,24844.0,20.06,20.05
2016-09-21,SB1803,20.0,20.25,19.97,20.05,1404.0,,NO.11糖1803,25304.0,20.15,20.05
2016-09-22,SB1803,20.15,20.5,19.96,19.96,2377.0,,NO.11糖1803,25702.0,20.05,19.96
2016-09-23,SB1803,20.05,20.38,19.88,20.34,1047.0,,NO.11糖1803,25627.0,20.32,20.34
2016-09-26,SB1803,20.26,20.58,20.18,20.57,1205.0,,NO.11糖1803,25920.0,20.55,20.57
2016-09-27,SB1803,20.5,20.65,20.26,20.56,2726.0,,NO.11糖1803,26388.0,20.6,20.56
2016-09-28,SB1803,20.55,20.7,20.51,20.69,1867.0,,NO.11糖1803,26646.0,20.67,20.69
2016-09-29,SB1803,20.61,20.79,20.37,20.57,2150.0,,NO.11糖1803,26949.0,20.56,20.57
2016-09-30,SB1803,20.49,20.65,20.21,20.24,3332.0,,NO.11糖1803,27693.0,20.35,20.24
2016-10-03,SB1803,20.18,20.54,20.17,20.2,1401.0,,NO.11糖1803,27399.0,20.33,20.2
2016-10-04,SB1803,20.29,20.69,20.17,20.5,2089.0,,NO.11糖1803,27411.0,20.48,20.5
2016-10-05,SB1803,20.48,20.77,20.38,20.66,1680.0,,NO.11糖1803,27747.0,20.75,20.66
2016-10-06,SB1803,20.75,20.77,20.29,20.5,1366.0,,NO.11糖1803,28023.0,20.47,20.5
2016-10-07,SB1803,20.43,20.83,20.35,20.79,2005.0,,NO.11糖1803,28104.0,20.79,20.79
2016-10-10,SB1803,20.59,20.75,20.49,20.7,862.0,,NO.11糖1803,28154.0,20.71,20.7
2016-10-11,SB1803,20.61,20.86,20.54,20.82,1630.0,,NO.11糖1803,28325.0,20.73,20.82
2016-10-12,SB1803,20.74,20.89,20.55,20.86,2097.0,,NO.11糖1803,28865.0,20.85,20.86
2016-10-13,SB1803,20.8,20.9,20.69,20.83,1382.0,,NO.11糖1803,29323.0,20.79,20.83
2016-10-14,SB1803,20.72,20.88,20.62,20.68,1839.0,,NO.11糖1803,29865.0,20.67,20.68
2016-10-17,SB1803,20.78,20.84,20.52,20.76,1276.0,,NO.11糖1803,30094.0,20.75,20.76
2016-10-18,SB1803,20.65,20.73,20.56,20.63,1199.0,,NO.11糖1803,30304.0,20.67,20.63
2016-10-19,SB1803,20.61,20.69,20.52,20.57,1730.0,,NO.11糖1803,30937.0,20.66,20.57
2016-10-20,SB1803,20.6,20.66,20.24,20.45,884.0,,NO.11糖1803,30957.0,20.43,20.45
2016-10-21,SB1803,20.43,20.53,20.3,20.53,1070.0,,NO.11糖1803,31440.0,20.5,20.53
2016-10-24,SB1803,20.58,20.84,20.57,20.78,2060.0,,NO.11糖1803,32391.0,20.77,20.78
2016-10-25,SB1803,20.67,20.76,20.48,20.6,1504.0,,NO.11糖1803,32676.0,20.63,20.6
2016-10-26,SB1803,20.6,20.65,20.51,20.63,867.0,,NO.11糖1803,32761.0,20.62,20.63
2016-10-27,SB1803,20.54,20.61,20.44,20.59,719.0,,NO.11糖1803,32842.0,20.6,20.59
2016-10-28,SB1803,20.59,20.62,20.0,20.21,2227.0,,NO.11糖1803,33097.0,20.26,20.21
2016-10-31,SB1803,20.29,20.32,19.87,19.98,1622.0,,NO.11糖1803,33100.0,19.94,19.98
2016-11-01,SB1803,19.92,19.99,19.66,19.72,1240.0,,NO.11糖1803,33105.0,19.74,19.72
2016-11-02,SB1803,19.73,20.07,19.57,19.85,2126.0,,NO.11糖1803,33902.0,19.84,19.85
2016-11-03,SB1803,19.84,19.97,19.63,19.75,1250.0,,NO.11糖1803,34388.0,19.72,19.75
2016-11-04,SB1803,19.71,19.93,19.6,19.87,1066.0,,NO.11糖1803,34437.0,19.88,19.87
2016-11-07,SB1803,20.0,20.26,19.83,20.03,2403.0,,NO.11糖1803,34886.0,20.11,20.03
2016-11-08,SB1803,20.1,20.17,19.69,19.86,2604.0,,NO.11糖1803,35237.0,19.73,19.86
2016-11-09,SB1803,19.49,20.06,19.47,20.0,1584.0,,NO.11糖1803,34986.0,20.03,20.0
2016-11-10,SB1803,20.1,20.3,19.38,19.47,4060.0,,NO.11糖1803,35697.0,19.5,19.47
2016-11-11,SB1803,19.4,19.45,19.08,19.35,3136.0,,NO.11糖1803,35822.0,19.38,19.35
2016-11-14,SB1803,19.42,19.42,19.13,19.22,1180.0,,NO.11糖1803,35766.0,19.2,19.22
2016-11-15,SB1803,19.3,19.4,18.92,18.96,1320.0,,NO.11糖1803,36100.0,19.09,18.96
2016-11-16,SB1803,19.0,19.09,18.73,18.74,3652.0,,NO.11糖1803,37198.0,18.74,18.74
2016-11-17,SB1803,18.71,18.9,18.62,18.62,2690.0,,NO.11糖1803,38234.0,18.64,18.62
2016-11-18,SB1803,18.6,18.75,18.55,18.67,1829.0,,NO.11糖1803,38179.0,18.56,18.67
2016-11-21,SB1803,18.59,18.8,18.59,18.76,753.0,,NO.11糖1803,38281.0,18.73,18.76
2016-11-22,SB1803,18.75,18.8,18.32,18.38,2533.0,,NO.11糖1803,38478.0,18.42,18.38
2016-11-23,SB1803,18.4,18.51,18.23,18.23,1677.0,,NO.11糖1803,38108.0,18.24,18.23
2016-11-24,SB1803,,,,18.24,0.0,,NO.11糖1803,38148.0,18.24,18.24
2016-11-25,SB1803,18.33,18.5,18.18,18.26,1004.0,,NO.11糖1803,38115.0,18.26,18.26
2016-11-28,SB1803,18.32,18.41,18.23,18.29,1884.0,,NO.11糖1803,38773.0,18.27,18.29
2016-11-29,SB1803,18.36,18.42,18.01,18.03,1909.0,,NO.11糖1803,39332.0,18.07,18.03
2016-11-30,SB1803,18.03,18.28,18.03,18.23,2400.0,,NO.11糖1803,39403.0,18.23,18.23
2016-12-01,SB1803,18.19,18.33,18.0,18.04,2213.0,,NO.11糖1803,39350.0,18.04,18.04
2016-12-02,SB1803,18.02,18.11,17.92,18.03,2819.0,,NO.11糖1803,39122.0,18.04,18.03
2016-12-05,SB1803,18.04,18.04,17.83,17.83,1117.0,,NO.11糖1803,39226.0,17.87,17.83
2016-12-06,SB1803,17.86,18.31,17.83,18.0,7358.0,,NO.11糖1803,40221.0,18.07,18.0
2016-12-07,SB1803,17.97,18.36,17.97,18.3,5645.0,,NO.11糖1803,40694.0,18.27,18.3
2016-12-08,SB1803,18.24,18.37,18.2,18.2,2358.0,,NO.11糖1803,40972.0,18.22,18.2
2016-12-09,SB1803,18.22,18.3,18.05,18.05,2201.0,,NO.11糖1803,40890.0,18.05,18.05
2016-12-12,SB1803,18.21,18.44,18.04,18.05,2189.0,,NO.11糖1803,41031.0,18.08,18.05
2016-12-13,SB1803,18.12,18.21,18.0,18.01,3113.0,,NO.11糖1803,41846.0,18.02,18.01
2016-12-14,SB1803,18.0,18.05,17.67,17.71,3711.0,,NO.11糖1803,41069.0,17.73,17.71
2016-12-15,SB1803,17.64,18.14,17.63,18.06,3780.0,,NO.11糖1803,42651.0,18.1,18.06
2016-12-16,SB1803,18.21,18.21,17.81,18.03,1610.0,,NO.11糖1803,42561.0,17.98,18.03
2016-12-19,SB1803,18.0,18.1,17.87,17.94,1214.0,,NO.11糖1803,42661.0,17.95,17.94
2016-12-20,SB1803,17.94,17.95,17.82,17.93,1007.0,,NO.11糖1803,42695.0,17.94,17.93
2016-12-21,SB1803,17.93,17.99,17.82,17.92,707.0,,NO.11糖1803,42786.0,17.92,17.92
2016-12-22,SB1803,17.88,17.93,17.8,17.8,698.0,,NO.11糖1803,42844.0,17.81,17.8
2016-12-23,SB1803,17.9,17.94,17.84,17.84,518.0,,NO.11糖1803,43010.0,17.87,17.84
2016-12-27,SB1803,18.08,18.34,18.0,18.05,1029.0,,NO.11糖1803,43041.0,18.07,18.05
2016-12-28,SB1803,18.0,18.3,18.0,18.24,1912.0,,NO.11糖1803,43392.0,18.27,18.24
2016-12-29,SB1803,18.25,18.47,18.22,18.4,3440.0,,NO.11糖1803,44438.0,18.48,18.4
2016-12-30,SB1803,18.38,18.63,18.38,18.63,2497.0,,NO.11糖1803,,18.58,18.63
2017-01-11,SB1803,19.39,19.5,19.31,19.46,5669.0,,NO.11糖1803,54704.0,19.44,19.46
2017-01-12,SB1803,19.5,19.58,19.43,19.56,3038.0,,NO.11糖1803,55831.0,19.56,19.56
2017-01-13,SB1803,19.57,19.67,19.54,19.63,3869.0,,NO.11糖1803,56709.0,19.63,19.63
2017-01-16,SB1803,,,,19.63,0.0,,NO.11糖1803,56709.0,19.63,19.63
2017-01-17,SB1803,19.6,19.73,19.57,19.69,4707.0,,NO.11糖1803,58558.0,19.72,19.69
2017-01-18,SB1803,19.66,19.75,19.59,19.73,4301.0,,NO.11糖1803,59630.0,19.73,19.73
2017-01-19,SB1803,19.7,19.85,19.25,19.42,7753.0,,NO.11糖1803,61040.0,19.4,19.42
2017-01-20,SB1803,19.27,19.63,19.17,19.63,4019.0,,NO.11糖1803,61467.0,19.59,19.63
2017-01-23,SB1803,19.7,19.87,19.57,19.84,4514.0,,NO.11糖1803,62859.0,19.85,19.84
2017-01-24,SB1803,19.8,19.93,19.78,19.91,5959.0,,NO.11糖1803,63744.0,19.93,19.91
2017-01-25,SB1803,19.86,19.96,19.7,19.8,6242.0,,NO.11糖1803,65135.0,19.81,19.8
2017-01-26,SB1803,19.79,19.92,19.71,19.85,7217.0,,NO.11糖1803,67898.0,19.87,19.85
2017-01-27,SB1803,19.86,19.95,19.8,19.93,6399.0,,NO.11糖1803,69976.0,19.94,19.93
2017-01-30,SB1803,19.94,19.98,19.79,19.98,6605.0,,NO.11糖1803,72085.0,19.97,19.98
2017-01-31,SB1803,19.94,20.01,19.91,20.0,5757.0,,NO.11糖1803,74141.0,19.99,20.0
2017-02-01,SB1803,19.98,20.13,19.95,20.11,7257.0,,NO.11糖1803,75666.0,20.13,20.11
2017-02-02,SB1803,19.99,20.2,19.79,19.98,9375.0,,NO.11糖1803,76801.0,20.07,19.98
2017-02-03,SB1803,19.98,20.35,19.95,20.32,9641.0,,NO.11糖1803,79764.0,20.29,20.32
2017-02-06,SB1803,20.27,20.35,20.19,20.27,5686.0,,NO.11糖1803,79987.0,20.28,20.27
2017-02-07,SB1803,20.22,20.3,20.06,20.12,5490.0,,NO.11糖1803,81628.0,20.12,20.12
2017-02-08,SB1803,20.12,20.25,20.08,20.2,4524.0,,NO.11糖1803,82979.0,20.2,20.2
2017-02-09,SB1803,20.18,20.33,20.12,20.16,4229.0,,NO.11糖1803,84658.0,20.16,20.16
2017-02-10,SB1803,20.16,20.23,19.9,20.06,4557.0,,NO.11糖1803,85482.0,20.02,20.06
2017-02-13,SB1803,20.08,20.13,19.64,19.86,6529.0,,NO.11糖1803,86737.0,19.8,19.86
2017-02-14,SB1803,19.89,20.1,19.88,20.07,4043.0,,NO.11糖1803,87353.0,20.08,20.07
2017-02-15,SB1803,20.08,20.28,20.01,20.13,2684.0,,NO.11糖1803,87670.0,20.13,20.13
2017-02-16,SB1803,20.17,20.2,19.9,20.18,5831.0,,NO.11糖1803,87734.0,20.1,20.18
2017-02-17,SB1803,20.11,20.15,19.95,20.09,3035.0,,NO.11糖1803,87423.0,20.09,20.09
2017-02-20,SB1803,,,,20.09,0.0,,NO.11糖1803,87423.0,20.09,20.09
2017-02-21,SB1803,20.12,20.38,20.05,20.34,6573.0,,NO.11糖1803,88319.0,20.37,20.34
2017-02-22,SB1803,20.29,20.4,20.24,20.3,8623.0,,NO.11糖1803,89802.0,20.33,20.3
2017-02-23,SB1803,20.28,20.3,19.86,19.87,5061.0,,NO.11糖1803,89592.0,19.89,19.87
2017-02-24,SB1803,19.87,19.92,19.63,19.68,5889.0,,NO.11糖1803,90387.0,19.65,19.68
2017-02-27,SB1803,19.63,19.64,19.18,19.31,8093.0,,NO.11糖1803,90737.0,19.21,19.31
2017-02-28,SB1803,19.31,19.48,19.19,19.24,7567.0,,NO.11糖1803,90508.0,19.21,19.24
2017-03-01,SB1803,19.35,19.55,19.2,19.52,5997.0,,NO.11糖1803,90486.0,19.52,19.52
2017-03-02,SB1803,19.51,19.66,19.36,19.49,6878.0,,NO.11糖1803,91023.0,19.58,19.49
2017-03-03,SB1803,19.49,19.67,19.47,19.54,4968.0,,NO.11糖1803,90113.0,19.49,19.54
2017-03-06,SB1803,19.54,19.71,19.33,19.34,5441.0,,NO.11糖1803,89665.0,19.34,19.34
2017-03-07,SB1803,19.3,19.3,18.8,18.84,12498.0,,NO.11糖1803,88760.0,18.88,18.84
2017-03-08,SB1803,18.95,18.96,18.64,18.84,9652.0,,NO.11糖1803,89164.0,18.81,18.84
2017-03-09,SB1803,18.86,19.05,18.47,18.48,12515.0,,NO.11糖1803,90132.0,18.49,18.48
2017-03-10,SB1803,18.55,18.72,18.49,18.63,7644.0,,NO.11糖1803,91189.0,18.58,18.63
2017-03-13,SB1803,18.6,18.71,18.5,18.54,6135.0,,NO.11糖1803,92250.0,18.56,18.54
2017-03-14,SB1803,18.6,18.63,18.49,18.51,5942.0,,NO.11糖1803,92074.0,18.51,18.51
2017-03-15,SB1803,18.56,18.62,18.5,18.55,7297.0,,NO.11糖1803,94062.0,18.58,18.55
2017-03-16,SB1803,18.62,18.72,18.5,18.55,7886.0,,NO.11糖1803,94855.0,18.56,18.55
2017-03-17,SB1803,18.58,18.61,18.07,18.55,13421.0,,NO.11糖1803,95097.0,18.5,18.55
2017-03-20,SB1803,18.6,18.6,18.06,18.15,4849.0,,NO.11糖1803,94520.0,18.16,18.15
2017-03-21,SB1803,18.16,18.16,17.73,17.88,8169.0,,NO.11糖1803,95146.0,17.87,17.88
2017-03-22,SB1803,17.87,17.94,17.68,17.82,9329.0,,NO.11糖1803,94000.0,17.81,17.82
2017-03-23,SB1803,17.85,18.12,17.75,18.11,5699.0,,NO.11糖1803,94634.0,18.09,18.11
2017-03-24,SB1803,18.12,18.35,18.07,18.2,6307.0,,NO.11糖1803,95818.0,18.16,18.2
2017-03-27,SB1803,18.08,18.28,18.02,18.13,6476.0,,NO.11糖1803,97148.0,18.13,18.13
2017-03-28,SB1803,18.25,18.56,18.06,18.18,7806.0,,NO.11糖1803,97976.0,18.17,18.18
2017-03-29,SB1803,18.2,18.2,17.93,17.96,13824.0,,NO.11糖1803,99103.0,17.99,17.96
2017-03-30,SB1803,17.96,17.97,17.7,17.75,14313.0,,NO.11糖1803,99454.0,17.72,17.75
2017-03-31,SB1803,17.77,17.78,17.56,17.71,5566.0,,NO.11糖1803,99646.0,17.63,17.71
2017-04-03,SB1803,17.69,17.92,17.47,17.49,7057.0,,NO.11糖1803,99488.0,17.54,17.49
2017-04-04,SB1803,17.44,17.56,17.25,17.25,10945.0,,NO.11糖1803,99155.0,17.28,17.25
2017-04-05,SB1803,17.41,17.87,17.08,17.09,16750.0,,NO.11糖1803,102227.0,17.1,17.09
2017-04-06,SB1803,17.1,17.31,17.1,17.31,6923.0,,NO.11糖1803,103247.0,17.26,17.31
2017-04-07,SB1803,17.26,17.52,17.26,17.34,8146.0,,NO.11糖1803,104001.0,17.38,17.34
2017-04-10,SB1803,17.48,17.51,17.32,17.34,6130.0,,NO.11糖1803,104517.0,17.35,17.34
2017-04-11,SB1803,17.35,17.55,17.1,17.47,6921.0,,NO.11糖1803,105633.0,17.45,17.47
2017-04-12,SB1803,17.5,17.58,17.35,17.4,6197.0,,NO.11糖1803,106627.0,17.38,17.4
2017-04-13,SB1803,17.47,17.62,17.14,17.23,9972.0,,NO.11糖1803,105987.0,17.15,17.23
2017-04-17,SB1803,17.21,17.44,17.1,17.16,4535.0,,NO.11糖1803,107267.0,17.14,17.16
2017-04-18,SB1803,17.15,17.62,17.0,17.61,14279.0,,NO.11糖1803,108896.0,17.45,17.61
2017-04-19,SB1803,17.55,17.56,17.18,17.24,15613.0,,NO.11糖1803,110258.0,17.25,17.24
2017-04-20,SB1803,17.27,17.43,17.12,17.13,5354.0,,NO.11糖1803,110833.0,17.13,17.13
2017-04-21,SB1803,17.16,17.33,17.1,17.11,8086.0,,NO.11糖1803,112150.0,17.15,17.11
2017-04-24,SB1803,17.14,17.29,16.89,17.12,7834.0,,NO.11糖1803,112126.0,17.09,17.12
2017-04-25,SB1803,17.09,17.2,17.01,17.04,7964.0,,NO.11糖1803,113024.0,17.06,17.04
2017-04-26,SB1803,17.09,17.15,16.42,16.51,14229.0,,NO.11糖1803,113822.0,16.46,16.51
2017-04-27,SB1803,16.56,16.64,16.23,16.26,15353.0,,NO.11糖1803,112163.0,16.27,16.26
2017-04-28,SB1803,16.26,16.93,16.26,16.91,12690.0,,NO.11糖1803,113158.0,16.86,16.91
2017-05-01,SB1803,16.88,17.08,16.71,16.96,9785.0,,NO.11糖1803,113002.0,16.96,16.96
2017-05-02,SB1803,16.96,17.21,16.72,16.82,19469.0,,NO.11糖1803,114238.0,16.79,16.82
2017-05-03,SB1803,16.77,16.77,16.48,16.67,12350.0,,NO.11糖1803,115972.0,16.65,16.67
2017-05-04,SB1803,16.65,16.65,16.19,16.25,12015.0,,NO.11糖1803,115605.0,16.26,16.25
2017-05-05,SB1803,16.26,16.52,16.16,16.28,8683.0,,NO.11糖1803,116481.0,16.21,16.28
2017-05-08,SB1803,16.3,16.42,16.2,16.38,12270.0,,NO.11糖1803,117100.0,16.32,16.38
2017-05-09,SB1803,16.37,16.58,16.3,16.43,15344.0,,NO.11糖1803,118400.0,16.39,16.43
2017-05-10,SB1803,16.44,16.75,16.38,16.73,12447.0,,NO.11糖1803,120121.0,16.72,16.73
2017-05-11,SB1803,16.79,16.85,16.5,16.59,7902.0,,NO.11糖1803,120307.0,16.55,16.59
2017-05-12,SB1803,16.54,16.68,16.37,16.37,10157.0,,NO.11糖1803,119171.0,16.42,16.37
2017-05-15,SB1803,16.46,16.82,16.41,16.44,11223.0,,NO.11糖1803,119510.0,16.47,16.44
2017-05-16,SB1803,16.58,16.81,16.58,16.81,9306.0,,NO.11糖1803,120102.0,16.71,16.81
2017-05-17,SB1803,16.83,17.1,16.71,17.06,15317.0,,NO.11糖1803,120330.0,17.08,17.06
2017-05-18,SB1803,16.76,16.92,16.44,16.67,27781.0,,NO.11糖1803,121677.0,16.72,16.67
2017-05-19,SB1803,16.76,17.1,16.65,17.09,17215.0,,NO.11糖1803,122531.0,17.08,17.09
2017-05-22,SB1803,17.0,17.21,16.95,17.13,19358.0,,NO.11糖1803,125265.0,17.18,17.13
2017-05-23,SB1803,17.08,17.09,16.62,16.65,18549.0,,NO.11糖1803,126876.0,16.69,16.65
2017-05-24,SB1803,16.71,16.74,16.27,16.46,21940.0,,NO.11糖1803,128254.0,16.52,16.46
2017-05-25,SB1803,16.54,16.6,16.35,16.55,13067.0,,NO.11糖1803,130549.0,16.54,16.55
2017-05-26,SB1803,16.49,16.49,15.97,15.98,15024.0,,NO.11糖1803,130444.0,15.99,15.98
2017-05-29,SB1803,,,,15.99,0.0,,NO.11糖1803,130444.0,15.99,15.99
2017-05-30,SB1803,16.11,16.22,15.67,15.85,22997.0,,NO.11糖1803,130881.0,15.87,15.85
2017-05-31,SB1803,15.91,15.98,15.66,15.75,18873.0,,NO.11糖1803,133642.0,15.73,15.75
2017-06-01,SB1803,15.87,15.87,15.17,15.18,31217.0,,NO.11糖1803,137848.0,15.18,15.18
2017-06-02,SB1803,15.23,15.3,14.64,14.73,24051.0,,NO.11糖1803,140566.0,14.74,14.73
2017-06-05,SB1803,14.8,15.15,14.78,14.8,18190.0,,NO.11糖1803,140889.0,14.83,14.8
2017-06-06,SB1803,14.91,15.06,14.63,14.88,16996.0,,NO.11糖1803,143357.0,14.87,14.88
2017-06-07,SB1803,14.87,15.13,14.65,14.98,22283.0,,NO.11糖1803,144242.0,14.93,14.98
2017-06-08,SB1803,15.0,15.23,14.91,15.23,14820.0,,NO.11糖1803,144281.0,15.13,15.23
2017-06-09,SB1803,15.18,15.21,15.0,15.07,13578.0,,NO.11糖1803,144850.0,15.07,15.07
2017-06-12,SB1803,15.09,15.32,14.83,14.89,21375.0,,NO.11糖1803,146472.0,14.86,14.89
2017-06-13,SB1803,14.88,14.89,14.64,14.65,23236.0,,NO.11糖1803,149306.0,14.66,14.65
2017-06-14,SB1803,14.66,14.66,14.33,14.55,31875.0,,NO.11糖1803,153861.0,14.54,14.55
2017-06-15,SB1803,14.46,14.54,14.37,14.43,13829.0,,NO.11糖1803,156292.0,14.41,14.43
2017-06-16,SB1803,14.47,14.55,14.21,14.3,12865.0,,NO.11糖1803,157742.0,14.31,14.3
2017-06-19,SB1803,14.3,14.43,14.21,14.39,11618.0,,NO.11糖1803,161393.0,14.33,14.39
2017-06-20,SB1803,14.35,14.54,14.21,14.46,14751.0,,NO.11糖1803,163486.0,14.45,14.46
2017-06-21,SB1803,14.45,14.49,13.92,13.97,26477.0,,NO.11糖1803,165258.0,13.94,13.97
2017-06-22,SB1803,14.0,14.02,13.75,13.78,16780.0,,NO.11糖1803,165751.0,13.78,13.78
2017-06-23,SB1803,13.8,13.94,13.7,13.94,15036.0,,NO.11糖1803,166437.0,13.89,13.94
2017-06-26,SB1803,13.94,13.96,13.6,13.63,16029.0,,NO.11糖1803,166263.0,13.62,13.63
2017-06-27,SB1803,13.65,13.72,13.55,13.69,13021.0,,NO.11糖1803,165874.0,13.65,13.69
2017-06-28,SB1803,13.72,13.79,13.5,13.51,22289.0,,NO.11糖1803,166921.0,13.51,13.51
2017-06-29,SB1803,13.55,14.26,13.5,14.25,22852.0,,NO.11糖1803,169752.0,14.19,14.25
2017-06-30,SB1803,14.31,14.74,14.26,14.47,26641.0,,NO.11糖1803,171301.0,14.47,14.47
2017-07-03,SB1803,14.37,14.65,13.99,14.65,20630.0,,NO.11糖1803,,14.61,14.65
