date,symbol,open,high,low,close,volume,amount,name,openinterest,settleprice,price
2015-08-03,SB1807,,,,14.01,0.0,,NO.11糖1807,0.0,14.01,14.01
2015-08-04,SB1807,,,,14.01,0.0,,NO.11糖1807,0.0,14.01,14.01
2015-08-05,SB1807,14.03,14.03,14.03,14.03,10.0,,NO.11糖1807,10.0,13.94,14.03
2015-08-06,SB1807,13.82,13.82,13.82,13.82,1.0,,NO.11糖1807,11.0,13.81,13.82
2015-08-07,SB1807,13.88,13.88,13.87,13.87,3.0,,NO.11糖1807,11.0,13.85,13.87
2015-08-10,SB1807,13.8,13.8,13.75,13.75,2.0,,NO.11糖1807,12.0,13.84,13.75
2015-08-11,SB1807,13.83,13.83,13.77,13.77,3.0,,NO.11糖1807,13.0,13.89,13.77
2015-08-12,SB1807,13.86,13.86,13.84,13.84,3.0,,NO.11糖1807,15.0,13.86,13.84
2015-08-13,SB1807,13.91,13.91,13.85,13.85,2.0,,NO.11糖1807,15.0,13.86,13.85
2015-08-14,SB1807,13.91,13.91,13.91,13.91,1.0,,NO.11糖1807,15.0,13.91,13.91
2015-08-17,SB1807,13.88,13.96,13.88,13.96,12.0,,NO.11糖1807,26.0,13.94,13.96
2015-08-18,SB1807,13.9,14.08,13.9,14.08,10.0,,NO.11糖1807,33.0,14.04,14.08
2015-08-19,SB1807,14.06,14.1,14.03,14.06,18.0,,NO.11糖1807,50.0,14.05,14.06
2015-08-20,SB1807,14.04,14.16,13.98,14.16,29.0,,NO.11糖1807,77.0,14.1,14.16
2015-08-21,SB1807,14.0,14.11,14.0,14.07,54.0,,NO.11糖1807,125.0,14.06,14.07
2015-08-24,SB1807,13.97,14.14,13.96,14.14,33.0,,NO.11糖1807,158.0,14.13,14.14
2015-08-25,SB1807,14.18,14.25,14.18,14.25,14.0,,NO.11糖1807,172.0,14.28,14.25
2015-08-26,SB1807,14.05,14.05,14.05,14.05,11.0,,NO.11糖1807,182.0,14.06,14.05
2015-08-27,SB1807,14.09,14.09,14.09,14.09,1.0,,NO.11糖1807,182.0,14.07,14.09
2015-08-28,SB1807,14.05,14.05,13.97,13.97,5.0,,NO.11糖1807,182.0,14.07,13.97
2015-08-31,SB1807,13.9,13.9,13.89,13.89,2.0,,NO.11糖1807,182.0,13.92,13.89
2015-09-01,SB1807,13.94,13.94,13.89,13.89,3.0,,NO.11糖1807,182.0,13.9,13.89
2015-09-02,SB1807,13.91,13.96,13.78,13.78,6.0,,NO.11糖1807,182.0,13.94,13.78
2015-09-03,SB1807,14.0,14.01,13.92,13.96,9.0,,NO.11糖1807,183.0,13.95,13.96
2015-09-04,SB1807,13.88,13.98,13.83,13.83,4.0,,NO.11糖1807,183.0,13.91,13.83
2015-09-07,SB1807,,,,13.91,0.0,,NO.11糖1807,,13.91,13.91
2015-09-08,SB1807,13.89,14.03,13.86,13.86,11.0,,NO.11糖1807,184.0,13.88,13.86
2015-09-09,SB1807,13.97,14.01,13.97,14.01,4.0,,NO.11糖1807,184.0,14.04,14.01
2015-09-10,SB1807,13.95,13.95,13.75,13.86,26.0,,NO.11糖1807,204.0,13.87,13.86
2015-09-11,SB1807,13.88,13.97,13.76,13.87,27.0,,NO.11糖1807,222.0,13.86,13.87
2015-09-14,SB1807,13.79,13.79,13.67,13.67,6.0,,NO.11糖1807,222.0,13.69,13.67
2015-09-15,SB1807,13.67,13.67,13.57,13.65,18.0,,NO.11糖1807,232.0,13.59,13.65
2015-09-16,SB1807,13.54,13.6,13.54,13.6,2.0,,NO.11糖1807,232.0,13.56,13.6
2015-09-17,SB1807,13.58,13.63,13.43,13.43,19.0,,NO.11糖1807,235.0,13.4,13.43
2015-09-18,SB1807,13.44,13.45,13.27,13.28,53.0,,NO.11糖1807,283.0,13.31,13.28
2015-09-21,SB1807,13.35,13.37,13.26,13.26,4.0,,NO.11糖1807,285.0,13.26,13.26
2015-09-22,SB1807,13.22,13.22,13.04,13.04,16.0,,NO.11糖1807,297.0,13.04,13.04
2015-09-23,SB1807,13.09,13.14,12.82,12.82,27.0,,NO.11糖1807,314.0,12.83,12.82
2015-09-24,SB1807,12.76,12.97,12.75,12.97,15.0,,NO.11糖1807,322.0,12.98,12.97
2015-09-25,SB1807,13.05,13.33,13.05,13.33,29.0,,NO.11糖1807,344.0,13.35,13.33
2015-09-28,SB1807,13.42,13.43,13.42,13.43,3.0,,NO.11糖1807,347.0,13.46,13.43
2015-09-29,SB1807,13.45,13.57,13.45,13.57,61.0,,NO.11糖1807,377.0,13.55,13.57
2015-09-30,SB1807,13.71,13.97,13.71,13.97,8.0,,NO.11糖1807,383.0,14.0,13.97
2015-10-01,SB1807,14.07,14.14,14.07,14.14,41.0,,NO.11糖1807,424.0,14.08,14.14
2015-10-02,SB1807,14.12,14.21,14.12,14.21,2.0,,NO.11糖1807,425.0,14.28,14.21
2015-10-05,SB1807,14.28,14.37,14.28,14.36,13.0,,NO.11糖1807,434.0,14.36,14.36
2015-10-06,SB1807,14.31,14.31,14.05,14.07,58.0,,NO.11糖1807,481.0,14.15,14.07
2015-10-07,SB1807,14.09,14.09,13.87,13.93,343.0,,NO.11糖1807,814.0,14.1,13.93
2015-10-08,SB1807,14.03,14.09,13.89,14.0,8.0,,NO.11糖1807,813.0,14.07,14.0
2015-10-09,SB1807,14.2,14.2,14.2,14.2,6.0,,NO.11糖1807,813.0,14.12,14.2
2015-10-12,SB1807,14.07,14.22,14.07,14.22,3.0,,NO.11糖1807,814.0,14.25,14.22
2015-10-13,SB1807,14.14,14.16,14.03,14.03,61.0,,NO.11糖1807,869.0,14.06,14.03
2015-10-14,SB1807,14.09,14.16,14.09,14.16,2.0,,NO.11糖1807,870.0,14.15,14.16
2015-10-15,SB1807,14.17,14.29,14.08,14.29,13.0,,NO.11糖1807,879.0,14.28,14.29
2015-10-16,SB1807,14.17,14.41,14.15,14.35,16.0,,NO.11糖1807,893.0,14.29,14.35
2015-10-19,SB1807,14.35,14.35,14.35,14.35,1.0,,NO.11糖1807,894.0,14.33,14.35
2015-10-20,SB1807,14.29,14.32,14.23,14.23,5.0,,NO.11糖1807,895.0,14.21,14.23
2015-10-21,SB1807,14.25,14.27,14.25,14.27,2.0,,NO.11糖1807,897.0,14.19,14.27
2015-10-22,SB1807,14.13,14.28,14.12,14.28,58.0,,NO.11糖1807,948.0,14.27,14.28
2015-10-23,SB1807,14.24,14.24,14.04,14.12,13.0,,NO.11糖1807,953.0,14.16,14.12
2015-10-26,SB1807,14.24,14.24,14.24,14.24,2.0,,NO.11糖1807,953.0,14.2,14.24
2015-10-27,SB1807,14.19,14.23,14.16,14.23,16.0,,NO.11糖1807,955.0,14.2,14.23
2015-10-28,SB1807,14.24,14.28,14.17,14.17,5.0,,NO.11糖1807,954.0,14.23,14.17
2015-10-29,SB1807,14.17,14.23,14.17,14.2,92.0,,NO.11糖1807,1045.0,14.24,14.2
2015-10-30,SB1807,14.31,14.31,14.2,14.2,14.0,,NO.11糖1807,1049.0,14.29,14.2
2015-11-02,SB1807,14.41,14.51,14.41,14.51,7.0,,NO.11糖1807,1051.0,14.55,14.51
2015-11-03,SB1807,14.4,14.4,14.16,14.25,167.0,,NO.11糖1807,1158.0,14.38,14.25
2015-11-04,SB1807,14.36,14.36,13.98,13.98,34.0,,NO.11糖1807,1166.0,14.03,13.98
2015-11-05,SB1807,14.07,14.26,13.99,13.99,13.0,,NO.11糖1807,1166.0,14.15,13.99
2015-11-06,SB1807,14.07,14.07,14.0,14.02,22.0,,NO.11糖1807,1181.0,14.02,14.02
2015-11-09,SB1807,13.85,13.85,13.67,13.67,23.0,,NO.11糖1807,1181.0,13.73,13.67
2015-11-10,SB1807,13.86,14.32,13.86,14.31,27.0,,NO.11糖1807,1178.0,14.22,14.31
2015-11-11,SB1807,14.3,14.3,14.19,14.19,20.0,,NO.11糖1807,1162.0,14.2,14.19
2015-11-12,SB1807,14.27,14.28,14.13,14.13,12.0,,NO.11糖1807,1160.0,14.34,14.13
2015-11-13,SB1807,14.29,14.38,14.29,14.38,2.0,,NO.11糖1807,1160.0,14.37,14.38
2015-11-16,SB1807,14.31,14.44,14.24,14.44,6.0,,NO.11糖1807,1158.0,14.45,14.44
2015-11-17,SB1807,14.3,14.3,14.0,14.0,16.0,,NO.11糖1807,1158.0,14.16,14.0
2015-11-18,SB1807,13.96,13.96,13.82,13.83,7.0,,NO.11糖1807,1157.0,14.01,13.83
2015-11-19,SB1807,14.07,14.31,14.07,14.31,7.0,,NO.11糖1807,1157.0,14.32,14.31
2015-11-20,SB1807,14.37,14.57,14.37,14.42,27.0,,NO.11糖1807,1140.0,14.4,14.42
2015-11-23,SB1807,14.32,14.36,14.29,14.33,9.0,,NO.11糖1807,1139.0,14.33,14.33
2015-11-24,SB1807,14.32,14.43,14.05,14.05,21.0,,NO.11糖1807,1136.0,14.03,14.05
2015-11-25,SB1807,14.15,14.15,13.83,14.1,47.0,,NO.11糖1807,1153.0,14.05,14.1
2015-11-27,SB1807,14.2,14.2,14.02,14.02,3.0,,NO.11糖1807,1152.0,14.02,14.02
2015-11-30,SB1807,13.98,13.98,13.84,13.95,6.0,,NO.11糖1807,1152.0,13.91,13.95
2015-12-01,SB1807,13.86,14.25,13.85,14.25,22.0,,NO.11糖1807,1149.0,14.25,14.25
2015-12-02,SB1807,14.18,14.2,13.96,13.96,32.0,,NO.11糖1807,1143.0,14.03,13.96
2015-12-03,SB1807,13.96,14.27,13.96,14.27,13.0,,NO.11糖1807,1147.0,14.25,14.27
2015-12-04,SB1807,14.2,14.41,14.2,14.22,22.0,,NO.11糖1807,1147.0,14.21,14.22
2015-12-07,SB1807,14.34,14.34,14.11,14.11,4.0,,NO.11糖1807,1148.0,14.13,14.11
2015-12-08,SB1807,14.1,14.22,13.89,13.89,16.0,,NO.11糖1807,1146.0,13.87,13.89
2015-12-09,SB1807,13.98,14.02,13.98,14.02,2.0,,NO.11糖1807,1146.0,14.0,14.02
2015-12-10,SB1807,13.96,13.96,13.66,13.76,64.0,,NO.11糖1807,1140.0,13.73,13.76
2015-12-11,SB1807,13.79,13.82,13.74,13.75,5.0,,NO.11糖1807,1142.0,13.73,13.75
2015-12-14,SB1807,13.7,13.7,13.53,13.55,30.0,,NO.11糖1807,1159.0,13.71,13.55
2015-12-15,SB1807,13.88,14.04,13.88,14.04,5.0,,NO.11糖1807,1158.0,13.76,14.04
2015-12-16,SB1807,13.72,13.82,13.6,13.82,26.0,,NO.11糖1807,1148.0,13.81,13.82
2015-12-17,SB1807,13.93,13.93,13.93,13.93,2.0,,NO.11糖1807,1148.0,13.89,13.93
2015-12-18,SB1807,13.85,14.25,13.85,14.1,17.0,,NO.11糖1807,1142.0,14.12,14.1
2015-12-21,SB1807,14.1,14.1,13.85,13.85,10.0,,NO.11糖1807,1143.0,13.95,13.85
2015-12-22,SB1807,13.99,14.01,13.99,14.01,4.0,,NO.11糖1807,1141.0,14.0,14.01
2015-12-23,SB1807,14.04,14.16,14.04,14.15,50.0,,NO.11糖1807,1166.0,14.16,14.15
2015-12-24,SB1807,14.16,14.19,14.16,14.19,31.0,,NO.11糖1807,1181.0,14.19,14.19
2015-12-28,SB1807,14.19,14.19,14.06,14.06,32.0,,NO.11糖1807,1185.0,14.09,14.06
2015-12-29,SB1807,,,,14.14,1.0,,NO.11糖1807,1185.0,14.14,14.14
2015-12-30,SB1807,14.28,14.4,14.28,14.4,7.0,,NO.11糖1807,1183.0,14.38,14.4
2015-12-31,SB1807,14.45,14.45,14.45,14.45,32.0,,NO.11糖1807,1180.0,14.53,14.45
2016-01-04,SB1807,14.46,14.46,14.19,14.31,8.0,,NO.11糖1807,1178.0,14.3,14.31
2016-01-05,SB1807,14.3,14.3,14.01,14.01,6.0,,NO.11糖1807,1178.0,13.96,14.01
2016-01-06,SB1807,13.92,13.93,13.92,13.92,46.0,,NO.11糖1807,1153.0,13.94,13.92
2016-01-07,SB1807,14.05,14.25,14.05,14.19,39.0,,NO.11糖1807,1123.0,14.07,14.19
2016-01-08,SB1807,13.97,14.08,13.65,13.65,124.0,,NO.11糖1807,1106.0,13.66,13.65
2016-01-11,SB1807,13.73,13.76,13.41,13.42,173.0,,NO.11糖1807,1244.0,13.52,13.42
2016-01-12,SB1807,13.46,13.59,13.4,13.48,15.0,,NO.11糖1807,1254.0,13.45,13.48
2016-01-13,SB1807,13.52,13.74,13.52,13.59,30.0,,NO.11糖1807,1262.0,13.63,13.59
2016-01-14,SB1807,13.63,13.81,13.63,13.81,16.0,,NO.11糖1807,1260.0,13.72,13.81
2016-01-15,SB1807,13.63,13.78,13.61,13.78,23.0,,NO.11糖1807,1253.0,13.62,13.78
2016-01-19,SB1807,13.7,13.78,13.56,13.78,18.0,,NO.11糖1807,1253.0,13.66,13.78
2016-01-20,SB1807,13.56,13.56,13.4,13.4,43.0,,NO.11糖1807,1260.0,13.42,13.4
2016-01-21,SB1807,13.46,13.72,13.46,13.68,67.0,,NO.11糖1807,1262.0,13.57,13.68
2016-01-22,SB1807,13.67,13.79,13.65,13.73,56.0,,NO.11糖1807,1285.0,13.73,13.73
2016-01-25,SB1807,13.67,13.67,13.49,13.6,427.0,,NO.11糖1807,1531.0,13.51,13.6
2016-01-26,SB1807,13.55,13.69,13.48,13.58,687.0,,NO.11糖1807,2003.0,13.6,13.58
2016-01-27,SB1807,13.65,13.65,13.49,13.52,30.0,,NO.11糖1807,1998.0,13.55,13.52
2016-01-28,SB1807,13.52,13.7,13.5,13.69,188.0,,NO.11糖1807,2023.0,13.75,13.69
2016-01-29,SB1807,13.8,13.8,13.58,13.65,20.0,,NO.11糖1807,2026.0,13.6,13.65
2016-02-01,SB1807,13.68,13.7,13.68,13.7,4.0,,NO.11糖1807,2024.0,13.69,13.7
2016-02-02,SB1807,13.72,13.79,13.72,13.79,42.0,,NO.11糖1807,1996.0,13.78,13.79
2016-02-03,SB1807,13.76,13.8,13.6,13.6,13.0,,NO.11糖1807,1998.0,13.53,13.6
2016-02-04,SB1807,13.69,13.69,13.4,13.4,5.0,,NO.11糖1807,2001.0,13.43,13.4
2016-02-05,SB1807,,,,13.62,0.0,,NO.11糖1807,2001.0,13.62,13.62
2016-02-08,SB1807,13.99,14.02,13.98,14.02,15.0,,NO.11糖1807,2001.0,13.97,14.02
2016-02-09,SB1807,14.04,14.04,14.04,14.04,1.0,,NO.11糖1807,2002.0,14.03,14.04
2016-02-10,SB1807,,,,13.96,0.0,,NO.11糖1807,2002.0,13.96,13.96
2016-02-11,SB1807,,,,13.69,1.0,,NO.11糖1807,2002.0,13.69,13.69
2016-02-12,SB1807,,,,13.7,0.0,,NO.11糖1807,2002.0,13.7,13.7
2016-02-16,SB1807,,,,13.78,0.0,,NO.11糖1807,2002.0,13.78,13.78
2016-02-17,SB1807,,,,13.73,0.0,,NO.11糖1807,2002.0,13.73,13.73
2016-02-18,SB1807,13.59,13.65,13.58,13.65,13.0,,NO.11糖1807,2004.0,13.59,13.65
2016-02-19,SB1807,13.62,13.62,13.58,13.58,22.0,,NO.11糖1807,2013.0,13.54,13.58
2016-02-22,SB1807,,,,13.58,0.0,,NO.11糖1807,2013.0,13.58,13.58
2016-02-23,SB1807,14.0,14.0,14.0,14.0,3.0,,NO.11糖1807,2013.0,14.11,14.0
2016-02-24,SB1807,14.0,14.0,14.0,14.0,51.0,,NO.11糖1807,2052.0,14.14,14.0
2016-02-25,SB1807,14.11,14.11,14.11,14.11,5.0,,NO.11糖1807,2049.0,14.25,14.11
2016-02-26,SB1807,14.2,14.31,14.2,14.23,81.0,,NO.11糖1807,2057.0,14.18,14.23
2016-02-29,SB1807,,,,14.34,0.0,,NO.11糖1807,2057.0,14.34,14.34
2016-03-01,SB1807,14.27,14.36,14.27,14.36,13.0,,NO.11糖1807,2067.0,14.29,14.36
2016-03-02,SB1807,14.36,14.47,14.34,14.47,32.0,,NO.11糖1807,2072.0,14.51,14.47
2016-03-03,SB1807,14.48,14.57,14.46,14.54,66.0,,NO.11糖1807,2047.0,14.79,14.54
2016-03-04,SB1807,14.79,14.9,14.73,14.73,22.0,,NO.11糖1807,2038.0,15.0,14.73
2016-03-07,SB1807,,,,15.04,6.0,,NO.11糖1807,2032.0,15.04,15.04
2016-03-08,SB1807,,,,15.13,0.0,,NO.11糖1807,2032.0,15.13,15.13
2016-03-09,SB1807,15.11,15.11,15.06,15.06,73.0,,NO.11糖1807,2010.0,15.1,15.06
2016-03-10,SB1807,15.18,15.21,15.18,15.21,3.0,,NO.11糖1807,2010.0,15.22,15.21
2016-03-11,SB1807,15.31,15.31,15.31,15.31,6.0,,NO.11糖1807,2010.0,15.33,15.31
2016-03-14,SB1807,15.37,15.37,15.37,15.37,2.0,,NO.11糖1807,2010.0,15.39,15.37
2016-03-15,SB1807,15.31,15.31,15.31,15.31,1.0,,NO.11糖1807,2010.0,15.3,15.31
2016-03-16,SB1807,15.24,15.3,15.2,15.2,7.0,,NO.11糖1807,2011.0,15.24,15.2
2016-03-17,SB1807,,,,15.56,3.0,,NO.11糖1807,2012.0,15.56,15.56
2016-03-18,SB1807,15.49,15.56,15.37,15.37,24.0,,NO.11糖1807,2015.0,15.49,15.37
2016-03-21,SB1807,15.49,15.49,15.49,15.49,3.0,,NO.11糖1807,2012.0,15.55,15.49
2016-03-22,SB1807,15.69,15.69,15.69,15.69,56.0,,NO.11糖1807,2046.0,15.65,15.69
2016-03-23,SB1807,15.63,15.8,15.61,15.7,321.0,,NO.11糖1807,2231.0,15.79,15.7
2016-03-24,SB1807,15.63,15.78,15.27,15.6,84.0,,NO.11糖1807,2272.0,15.62,15.6
2016-03-28,SB1807,15.48,15.66,15.46,15.46,38.0,,NO.11糖1807,2277.0,15.38,15.46
2016-03-29,SB1807,15.38,15.38,15.38,15.38,3.0,,NO.11糖1807,2277.0,15.44,15.38
2016-03-30,SB1807,15.56,15.68,15.56,15.62,33.0,,NO.11糖1807,2274.0,15.5,15.62
2016-03-31,SB1807,15.45,15.52,15.44,15.44,29.0,,NO.11糖1807,2276.0,15.46,15.44
2016-04-01,SB1807,15.44,15.47,15.35,15.41,319.0,,NO.11糖1807,2408.0,15.38,15.41
2016-04-04,SB1807,15.3,15.37,15.2,15.21,76.0,,NO.11糖1807,2455.0,15.22,15.21
2016-04-05,SB1807,15.25,15.3,15.21,15.21,38.0,,NO.11糖1807,2482.0,15.22,15.21
2016-04-06,SB1807,15.21,15.25,15.17,15.18,178.0,,NO.11糖1807,2605.0,15.2,15.18
2016-04-07,SB1807,15.26,15.27,15.03,15.03,23.0,,NO.11糖1807,2615.0,15.05,15.03
2016-04-08,SB1807,15.01,15.01,14.92,14.94,81.0,,NO.11糖1807,2675.0,15.26,14.94
2016-04-11,SB1807,14.93,14.93,14.89,14.89,5.0,,NO.11糖1807,2679.0,14.91,14.89
2016-04-12,SB1807,14.87,14.87,14.81,14.81,32.0,,NO.11糖1807,2686.0,14.87,14.81
2016-04-13,SB1807,14.91,14.92,14.87,14.9,17.0,,NO.11糖1807,2690.0,14.87,14.9
2016-04-14,SB1807,,,,14.88,0.0,,NO.11糖1807,2690.0,14.88,14.88
2016-04-15,SB1807,14.99,15.43,14.99,15.43,7.0,,NO.11糖1807,2691.0,15.42,15.43
2016-04-18,SB1807,15.59,15.74,15.59,15.59,6.0,,NO.11糖1807,2691.0,15.66,15.59
2016-04-19,SB1807,15.6,15.6,15.48,15.49,128.0,,NO.11糖1807,2586.0,15.43,15.49
2016-04-20,SB1807,15.62,15.86,15.62,15.86,180.0,,NO.11糖1807,2442.0,15.77,15.86
2016-04-21,SB1807,15.77,15.86,15.77,15.86,20.0,,NO.11糖1807,2444.0,15.78,15.86
2016-04-22,SB1807,15.48,15.48,15.48,15.48,20.0,,NO.11糖1807,2439.0,15.51,15.48
2016-04-25,SB1807,,,,15.88,2.0,,NO.11糖1807,2440.0,15.88,15.88
2016-04-26,SB1807,15.88,15.88,15.88,15.88,10.0,,NO.11糖1807,2438.0,15.99,15.88
2016-04-27,SB1807,15.93,15.94,15.76,15.91,16.0,,NO.11糖1807,2436.0,15.88,15.91
2016-04-28,SB1807,,,,15.71,2.0,,NO.11糖1807,2434.0,15.71,15.71
2016-04-29,SB1807,15.99,16.01,15.86,15.92,130.0,,NO.11糖1807,2511.0,15.89,15.92
2016-05-02,SB1807,,,,16.02,0.0,,NO.11糖1807,2511.0,16.02,16.02
2016-05-03,SB1807,15.73,15.85,15.73,15.78,18.0,,NO.11糖1807,2511.0,15.86,15.78
2016-05-04,SB1807,15.84,16.08,15.78,16.08,214.0,,NO.11糖1807,2639.0,16.05,16.08
2016-05-05,SB1807,16.11,16.11,16.11,16.11,24.0,,NO.11糖1807,2632.0,15.67,16.11
2016-05-06,SB1807,,,,15.71,0.0,,NO.11糖1807,2632.0,15.71,15.71
2016-05-09,SB1807,15.83,15.83,15.73,15.73,37.0,,NO.11糖1807,2654.0,15.71,15.73
2016-05-10,SB1807,,,,15.8,1.0,,NO.11糖1807,2654.0,15.8,15.8
2016-05-11,SB1807,15.78,16.09,15.76,16.04,861.0,,NO.11糖1807,2675.0,16.06,16.04
2016-05-12,SB1807,16.0,16.23,16.0,16.22,72.0,,NO.11糖1807,2657.0,16.13,16.22
2016-05-13,SB1807,,,,15.97,8.0,,NO.11糖1807,2657.0,15.97,15.97
2016-05-16,SB1807,,,,16.1,0.0,,NO.11糖1807,2657.0,16.1,16.1
2016-05-17,SB1807,16.05,16.13,16.05,16.12,11.0,,NO.11糖1807,2667.0,16.09,16.12
2016-05-18,SB1807,,,,16.18,1.0,,NO.11糖1807,2668.0,16.18,16.18
2016-05-19,SB1807,16.01,16.17,16.01,16.17,60.0,,NO.11糖1807,2663.0,16.17,16.17
2016-05-20,SB1807,16.15,16.24,16.15,16.23,252.0,,NO.11糖1807,2757.0,16.17,16.23
2016-05-23,SB1807,16.08,16.08,15.98,15.98,8.0,,NO.11糖1807,2759.0,16.01,15.98
2016-05-24,SB1807,16.03,16.09,16.03,16.09,48.0,,NO.11糖1807,2737.0,16.02,16.09
2016-05-25,SB1807,15.88,16.15,15.86,16.15,55.0,,NO.11糖1807,2745.0,16.18,16.15
2016-05-26,SB1807,16.18,16.22,16.16,16.19,46.0,,NO.11糖1807,2755.0,16.33,16.19
2016-05-27,SB1807,16.3,16.3,16.05,16.22,225.0,,NO.11糖1807,2807.0,16.21,16.22
2016-05-31,SB1807,16.31,16.33,16.17,16.33,76.0,,NO.11糖1807,2841.0,16.27,16.33
2016-06-01,SB1807,16.37,16.37,16.36,16.37,4.0,,NO.11糖1807,2841.0,16.36,16.37
2016-06-02,SB1807,16.32,16.32,16.2,16.32,228.0,,NO.11糖1807,3021.0,16.25,16.32
2016-06-03,SB1807,16.1,16.43,15.89,16.35,174.0,,NO.11糖1807,3051.0,16.32,16.35
2016-06-06,SB1807,16.37,16.5,16.34,16.43,210.0,,NO.11糖1807,3180.0,16.37,16.43
2016-06-07,SB1807,16.65,16.65,16.53,16.58,113.0,,NO.11糖1807,3207.0,16.71,16.58
2016-06-08,SB1807,16.75,17.02,16.75,17.01,211.0,,NO.11糖1807,3357.0,16.98,17.01
2016-06-09,SB1807,16.96,17.1,16.96,17.08,213.0,,NO.11糖1807,3506.0,17.03,17.08
2016-06-10,SB1807,16.77,16.92,16.77,16.92,25.0,,NO.11糖1807,3512.0,16.96,16.92
2016-06-13,SB1807,,,,16.91,47.0,,NO.11糖1807,3552.0,16.91,16.91
2016-06-14,SB1807,16.73,16.86,16.71,16.84,28.0,,NO.11糖1807,3563.0,16.82,16.84
2016-06-15,SB1807,17.05,17.19,17.05,17.16,292.0,,NO.11糖1807,3772.0,17.19,17.16
2016-06-16,SB1807,17.12,17.22,16.87,17.09,600.0,,NO.11糖1807,4231.0,17.06,17.09
2016-06-17,SB1807,17.02,17.26,17.0,17.1,61.0,,NO.11糖1807,4238.0,17.11,17.1
2016-06-20,SB1807,17.0,17.08,16.97,17.08,12.0,,NO.11糖1807,4241.0,17.08,17.08
2016-06-21,SB1807,16.97,17.3,16.97,17.16,68.0,,NO.11糖1807,4243.0,17.15,17.16
2016-06-22,SB1807,17.16,17.25,17.15,17.23,37.0,,NO.11糖1807,4246.0,17.25,17.23
2016-06-23,SB1807,17.23,17.43,17.09,17.43,144.0,,NO.11糖1807,4342.0,17.35,17.43
2016-06-24,SB1807,17.02,17.06,16.99,17.02,20.0,,NO.11糖1807,4342.0,17.08,17.02
2016-06-27,SB1807,17.1,17.3,17.09,17.09,81.0,,NO.11糖1807,4362.0,17.09,17.09
2016-06-28,SB1807,17.18,17.31,17.09,17.09,62.0,,NO.11糖1807,4363.0,17.1,17.09
2016-06-29,SB1807,17.19,17.36,17.19,17.19,130.0,,NO.11糖1807,4409.0,17.22,17.19
2016-06-30,SB1807,17.15,17.15,16.97,16.99,40.0,,NO.11糖1807,4409.0,17.04,16.99
2016-07-01,SB1807,17.33,17.33,17.25,17.26,21.0,,NO.11糖1807,4422.0,17.28,17.26
2016-07-05,SB1807,17.11,17.34,17.11,17.34,18.0,,NO.11糖1807,4425.0,17.38,17.34
2016-07-06,SB1807,17.15,17.34,17.1,17.3,146.0,,NO.11糖1807,4422.0,17.41,17.3
2016-07-07,SB1807,17.32,17.32,17.15,17.15,28.0,,NO.11糖1807,4423.0,17.16,17.15
2016-07-08,SB1807,17.31,17.46,17.3,17.3,375.0,,NO.11糖1807,4380.0,17.34,17.3
2016-07-11,SB1807,17.33,17.6,17.33,17.58,605.0,,NO.11糖1807,4663.0,17.56,17.58
2016-07-12,SB1807,17.51,17.6,17.43,17.43,65.0,,NO.11糖1807,4681.0,17.35,17.43
2016-07-13,SB1807,17.44,17.58,17.1,17.22,70.0,,NO.11糖1807,4709.0,17.21,17.22
2016-07-14,SB1807,17.45,17.69,17.35,17.46,86.0,,NO.11糖1807,4703.0,17.3,17.46
2016-07-15,SB1807,17.17,17.28,17.06,17.28,234.0,,NO.11糖1807,4751.0,17.31,17.28
2016-07-18,SB1807,17.32,17.32,17.15,17.15,11.0,,NO.11糖1807,4747.0,17.37,17.15
2016-07-19,SB1807,17.36,17.36,17.19,17.22,35.0,,NO.11糖1807,4746.0,17.22,17.22
2016-07-20,SB1807,17.24,17.24,17.13,17.19,9.0,,NO.11糖1807,4740.0,17.22,17.19
2016-07-21,SB1807,17.39,17.39,17.26,17.26,48.0,,NO.11糖1807,,17.22,17.26
2016-07-22,SB1807,17.2,17.3,17.12,17.3,15.0,,NO.11糖1807,4742.0,17.24,17.3
2016-07-25,SB1807,17.37,17.37,17.37,17.37,1.0,,NO.11糖1807,4743.0,17.35,17.37
2016-07-26,SB1807,17.14,17.27,17.11,17.27,15.0,,NO.11糖1807,4741.0,17.3,17.27
2016-07-27,SB1807,17.2,17.34,17.18,17.31,76.0,,NO.11糖1807,4766.0,17.33,17.31
2016-07-28,SB1807,17.27,17.27,17.22,17.25,45.0,,NO.11糖1807,4760.0,17.23,17.25
2016-07-29,SB1807,,,,17.42,0.0,,NO.11糖1807,4760.0,17.42,17.42
2016-08-01,SB1807,17.36,17.38,17.27,17.27,20.0,,NO.11糖1807,4760.0,17.2,17.27
2016-08-02,SB1807,,,,17.37,0.0,,NO.11糖1807,4760.0,17.37,17.37
2016-08-03,SB1807,17.2,17.42,17.2,17.42,25.0,,NO.11糖1807,4768.0,17.38,17.42
2016-08-04,SB1807,17.2,17.33,17.2,17.33,22.0,,NO.11糖1807,4769.0,17.51,17.33
2016-08-05,SB1807,17.51,17.97,17.51,17.93,155.0,,NO.11糖1807,4850.0,17.91,17.93
2016-08-08,SB1807,17.9,18.02,17.88,18.02,71.0,,NO.11糖1807,4890.0,17.99,18.02
2016-08-09,SB1807,18.04,18.07,18.04,18.07,29.0,,NO.11糖1807,4904.0,18.03,18.07
2016-08-10,SB1807,18.04,18.05,17.55,17.55,33.0,,NO.11糖1807,4898.0,17.68,17.55
2016-08-11,SB1807,17.73,17.82,17.73,17.82,25.0,,NO.11糖1807,4920.0,17.74,17.82
2016-08-12,SB1807,17.73,17.73,17.73,17.73,1.0,,NO.11糖1807,4920.0,17.77,17.73
2016-08-15,SB1807,17.61,17.78,17.57,17.78,6.0,,NO.11糖1807,4918.0,17.86,17.78
2016-08-16,SB1807,17.98,18.12,17.93,18.1,95.0,,NO.11糖1807,4941.0,18.12,18.1
2016-08-17,SB1807,17.99,17.99,17.88,17.88,37.0,,NO.11糖1807,4939.0,17.82,17.88
2016-08-18,SB1807,17.93,18.02,17.92,18.02,28.0,,NO.11糖1807,4935.0,17.92,18.02
2016-08-19,SB1807,17.92,17.92,17.88,17.88,21.0,,NO.11糖1807,4927.0,17.89,17.88
2016-08-22,SB1807,18.2,18.27,18.2,18.27,111.0,,NO.11糖1807,4963.0,18.25,18.27
2016-08-23,SB1807,18.19,18.3,18.09,18.29,122.0,,NO.11糖1807,4912.0,18.18,18.29
2016-08-24,SB1807,18.27,18.28,17.95,17.95,173.0,,NO.11糖1807,4860.0,18.11,17.95
2016-08-25,SB1807,18.36,18.43,18.1,18.1,57.0,,NO.11糖1807,4870.0,18.2,18.1
2016-08-26,SB1807,,,,18.21,0.0,,NO.11糖1807,4870.0,18.21,18.21
2016-08-29,SB1807,18.16,18.21,18.16,18.21,8.0,,NO.11糖1807,4869.0,18.15,18.21
2016-08-30,SB1807,18.15,18.2,18.15,18.2,25.0,,NO.11糖1807,4874.0,18.2,18.2
2016-08-31,SB1807,18.22,18.22,18.02,18.02,113.0,,NO.11糖1807,4888.0,18.02,18.02
2016-09-01,SB1807,18.07,18.11,17.81,17.89,342.0,,NO.11糖1807,4880.0,17.89,17.89
2016-09-02,SB1807,17.99,18.38,17.99,18.26,233.0,,NO.11糖1807,4943.0,18.35,18.26
2016-09-05,SB1807,,,,18.35,0.0,,NO.11糖1807,4943.0,18.35,18.35
2016-09-06,SB1807,18.35,18.53,18.23,18.49,149.0,,NO.11糖1807,4974.0,18.45,18.49
2016-09-07,SB1807,18.46,18.63,18.36,18.6,99.0,,NO.11糖1807,4996.0,18.61,18.6
2016-09-08,SB1807,,,,18.56,6.0,,NO.11糖1807,4992.0,18.56,18.56
2016-09-09,SB1807,18.5,18.54,18.37,18.46,93.0,,NO.11糖1807,5036.0,18.31,18.46
2016-09-12,SB1807,18.34,18.36,18.07,18.07,109.0,,NO.11糖1807,4969.0,18.34,18.07
2016-09-13,SB1807,18.28,18.28,18.08,18.11,31.0,,NO.11糖1807,4956.0,18.19,18.11
2016-09-14,SB1807,18.16,18.16,17.95,17.98,70.0,,NO.11糖1807,4945.0,17.99,17.98
2016-09-15,SB1807,18.05,18.14,17.94,17.96,32.0,,NO.11糖1807,4942.0,18.24,17.96
2016-09-16,SB1807,18.36,18.52,18.12,18.14,205.0,,NO.11糖1807,4961.0,18.19,18.14
2016-09-19,SB1807,18.21,18.43,18.19,18.43,101.0,,NO.11糖1807,4932.0,18.35,18.43
2016-09-20,SB1807,18.41,18.56,18.35,18.52,50.0,,NO.11糖1807,4920.0,18.5,18.52
2016-09-21,SB1807,18.48,18.72,18.48,18.62,109.0,,NO.11糖1807,4919.0,18.69,18.62
2016-09-22,SB1807,18.71,18.9,18.71,18.85,388.0,,NO.11糖1807,4951.0,18.62,18.85
2016-09-23,SB1807,18.63,19.0,18.63,18.97,78.0,,NO.11糖1807,4932.0,18.95,18.97
2016-09-26,SB1807,18.94,19.08,18.82,19.08,155.0,,NO.11糖1807,4934.0,19.07,19.08
2016-09-27,SB1807,19.0,19.12,18.81,19.12,146.0,,NO.11糖1807,4990.0,19.08,19.12
2016-09-28,SB1807,19.16,19.16,19.08,19.11,319.0,,NO.11糖1807,5083.0,19.1,19.11
2016-09-29,SB1807,19.11,19.18,18.81,19.18,258.0,,NO.11糖1807,5069.0,19.08,19.18
2016-09-30,SB1807,18.79,19.14,18.79,18.83,180.0,,NO.11糖1807,5112.0,18.9,18.83
2016-10-03,SB1807,18.9,18.99,18.85,18.99,136.0,,NO.11糖1807,5174.0,19.0,18.99
2016-10-04,SB1807,19.0,19.3,18.98,19.1,331.0,,NO.11糖1807,5208.0,19.12,19.1
2016-10-05,SB1807,19.01,19.23,19.01,19.15,689.0,,NO.11糖1807,5527.0,19.2,19.15
2016-10-06,SB1807,19.17,19.21,18.9,18.9,52.0,,NO.11糖1807,5529.0,19.0,18.9
2016-10-07,SB1807,19.2,19.29,19.14,19.21,278.0,,NO.11糖1807,5630.0,19.22,19.21
2016-10-10,SB1807,19.18,19.2,19.17,19.19,63.0,,NO.11糖1807,5630.0,19.19,19.19
2016-10-11,SB1807,19.14,19.32,19.14,19.32,627.0,,NO.11糖1807,5635.0,19.21,19.32
2016-10-12,SB1807,19.21,19.41,19.14,19.41,478.0,,NO.11糖1807,5629.0,19.4,19.41
2016-10-13,SB1807,19.33,19.39,19.19,19.3,484.0,,NO.11糖1807,5743.0,19.34,19.3
2016-10-14,SB1807,19.32,19.37,19.13,19.35,355.0,,NO.11糖1807,5824.0,19.22,19.35
2016-10-17,SB1807,19.22,19.34,19.14,19.31,368.0,,NO.11糖1807,5994.0,19.32,19.31
2016-10-18,SB1807,19.23,19.28,19.1,19.2,366.0,,NO.11糖1807,6228.0,19.2,19.2
2016-10-19,SB1807,19.2,19.21,19.1,19.12,209.0,,NO.11糖1807,6327.0,19.2,19.12
2016-10-20,SB1807,19.13,19.17,18.88,19.07,160.0,,NO.11糖1807,6372.0,19.01,19.07
2016-10-21,SB1807,19.01,19.15,18.99,19.15,293.0,,NO.11糖1807,6511.0,19.12,19.15
2016-10-24,SB1807,19.21,19.38,19.21,19.27,737.0,,NO.11糖1807,6542.0,19.32,19.27
2016-10-25,SB1807,19.23,19.25,19.13,19.13,172.0,,NO.11糖1807,6523.0,19.2,19.13
2016-10-26,SB1807,19.11,19.23,19.11,19.23,104.0,,NO.11糖1807,6611.0,19.23,19.23
2016-10-27,SB1807,19.15,19.15,19.07,19.13,77.0,,NO.11糖1807,6625.0,19.23,19.13
2016-10-28,SB1807,19.08,19.22,18.9,18.9,101.0,,NO.11糖1807,6686.0,18.94,18.9
2016-10-31,SB1807,18.92,18.99,18.72,18.79,170.0,,NO.11糖1807,7120.0,18.75,18.79
2016-11-01,SB1807,18.82,18.82,18.55,18.55,105.0,,NO.11糖1807,6713.0,18.59,18.55
2016-11-02,SB1807,18.54,18.87,18.49,18.6,225.0,,NO.11糖1807,6800.0,18.6,18.6
2016-11-03,SB1807,18.55,18.55,18.46,18.46,163.0,,NO.11糖1807,6820.0,18.51,18.46
2016-11-04,SB1807,18.51,18.69,18.4,18.69,90.0,,NO.11糖1807,6856.0,18.65,18.69
2016-11-07,SB1807,18.72,18.76,18.65,18.65,224.0,,NO.11糖1807,6930.0,18.77,18.65
2016-11-08,SB1807,18.71,18.71,18.37,18.38,313.0,,NO.11糖1807,7110.0,18.42,18.38
2016-11-09,SB1807,18.25,18.62,18.23,18.6,85.0,,NO.11糖1807,7142.0,18.74,18.6
2016-11-10,SB1807,18.9,18.9,17.94,18.14,1804.0,,NO.11糖1807,8161.0,18.17,18.14
2016-11-11,SB1807,18.02,18.11,17.57,18.0,2136.0,,NO.11糖1807,8802.0,18.05,18.0
2016-11-14,SB1807,17.94,17.99,17.83,17.83,709.0,,NO.11糖1807,8989.0,17.88,17.83
2016-11-15,SB1807,17.83,17.83,17.83,17.83,293.0,,NO.11糖1807,9061.0,17.8,17.83
2016-11-16,SB1807,17.71,17.71,17.64,17.64,566.0,,NO.11糖1807,9247.0,17.56,17.64
2016-11-17,SB1807,17.54,17.6,17.51,17.51,287.0,,NO.11糖1807,9221.0,17.51,17.51
2016-11-18,SB1807,17.46,17.46,17.41,17.45,181.0,,NO.11糖1807,9243.0,17.42,17.45
2016-11-21,SB1807,17.5,17.5,17.48,17.48,44.0,,NO.11糖1807,9245.0,17.6,17.48
2016-11-22,SB1807,17.6,17.66,17.23,17.23,187.0,,NO.11糖1807,9283.0,17.32,17.23
2016-11-23,SB1807,17.35,17.35,17.21,17.28,39.0,,NO.11糖1807,9284.0,17.17,17.28
2016-11-24,SB1807,,,,17.17,0.0,,NO.11糖1807,9284.0,17.17,17.17
2016-11-25,SB1807,17.39,17.39,17.13,17.14,100.0,,NO.11糖1807,9322.0,17.16,17.14
2016-11-28,SB1807,17.16,17.31,17.09,17.13,466.0,,NO.11糖1807,9607.0,17.1,17.13
2016-11-29,SB1807,17.1,17.1,16.91,16.91,213.0,,NO.11糖1807,9716.0,16.93,16.91
2016-11-30,SB1807,17.03,17.03,16.9,17.03,466.0,,NO.11糖1807,9888.0,17.0,17.03
2016-12-01,SB1807,16.9,16.95,16.9,16.95,413.0,,NO.11糖1807,9799.0,16.95,16.95
2016-12-02,SB1807,16.99,17.1,16.98,17.1,445.0,,NO.11糖1807,9854.0,17.01,17.1
2016-12-05,SB1807,16.98,17.0,16.93,16.95,77.0,,NO.11糖1807,9859.0,16.88,16.95
2016-12-06,SB1807,16.83,17.15,16.83,17.0,3071.0,,NO.11糖1807,10988.0,16.98,17.0
2016-12-07,SB1807,16.88,17.2,16.88,17.18,1286.0,,NO.11糖1807,11262.0,17.23,17.18
2016-12-08,SB1807,17.21,17.32,17.16,17.2,540.0,,NO.11糖1807,11504.0,17.17,17.2
2016-12-09,SB1807,17.12,17.12,17.12,17.12,260.0,,NO.11糖1807,11575.0,17.04,17.12
2016-12-12,SB1807,17.2,17.35,17.2,17.25,510.0,,NO.11糖1807,11800.0,17.04,17.25
2016-12-13,SB1807,17.2,17.25,17.07,17.1,805.0,,NO.11糖1807,12014.0,17.09,17.1
2016-12-14,SB1807,17.1,17.21,16.89,16.89,905.0,,NO.11糖1807,11743.0,16.92,16.89
2016-12-15,SB1807,16.96,17.31,16.95,17.27,722.0,,NO.11糖1807,11667.0,17.31,17.27
2016-12-16,SB1807,17.24,17.24,17.13,17.15,175.0,,NO.11糖1807,11663.0,17.2,17.15
2016-12-19,SB1807,17.25,17.25,17.18,17.24,256.0,,NO.11糖1807,11678.0,17.22,17.24
2016-12-20,SB1807,17.22,17.22,17.1,17.2,235.0,,NO.11糖1807,11719.0,17.2,17.2
2016-12-21,SB1807,17.14,17.2,17.13,17.2,100.0,,NO.11糖1807,11717.0,17.18,17.2
2016-12-22,SB1807,17.2,17.2,17.19,17.19,84.0,,NO.11糖1807,11756.0,17.11,17.19
2016-12-23,SB1807,17.17,17.18,17.17,17.18,16.0,,NO.11糖1807,11766.0,17.15,17.18
2016-12-27,SB1807,,,,17.26,277.0,,NO.11糖1807,11742.0,17.26,17.26
2016-12-28,SB1807,17.31,17.37,17.3,17.31,204.0,,NO.11糖1807,11842.0,17.34,17.31
2016-12-29,SB1807,17.27,17.37,17.27,17.37,62.0,,NO.11糖1807,11846.0,17.44,17.37
2016-12-30,SB1807,17.49,17.55,17.49,17.55,210.0,,NO.11糖1807,,17.55,17.55
2017-01-11,SB1807,18.17,18.2,18.15,18.17,772.0,,NO.11糖1807,12606.0,18.19,18.17
2017-01-12,SB1807,18.21,18.29,18.2,18.27,489.0,,NO.11糖1807,12613.0,18.28,18.27
2017-01-13,SB1807,18.28,18.35,18.24,18.33,484.0,,NO.11糖1807,12673.0,18.35,18.33
2017-01-16,SB1807,,,,18.35,0.0,,NO.11糖1807,12673.0,18.35,18.35
2017-01-17,SB1807,18.35,18.42,18.29,18.39,819.0,,NO.11糖1807,12816.0,18.44,18.39
2017-01-18,SB1807,18.42,18.45,18.4,18.45,1140.0,,NO.11糖1807,13137.0,18.43,18.45
2017-01-19,SB1807,18.45,18.49,18.07,18.15,989.0,,NO.11糖1807,13222.0,18.15,18.15
2017-01-20,SB1807,18.08,18.38,18.08,18.38,424.0,,NO.11糖1807,13267.0,18.36,18.38
2017-01-23,SB1807,18.3,18.51,18.28,18.51,623.0,,NO.11糖1807,13331.0,18.52,18.51
2017-01-24,SB1807,18.53,18.57,18.5,18.55,858.0,,NO.11糖1807,13188.0,18.59,18.55
2017-01-25,SB1807,18.51,18.62,18.51,18.52,598.0,,NO.11糖1807,13400.0,18.52,18.52
2017-01-26,SB1807,18.58,18.66,18.52,18.62,615.0,,NO.11糖1807,13314.0,18.64,18.62
2017-01-27,SB1807,18.59,18.7,18.59,18.7,510.0,,NO.11糖1807,13509.0,18.69,18.7
2017-01-30,SB1807,18.64,18.71,18.54,18.71,735.0,,NO.11糖1807,13869.0,18.71,18.71
2017-01-31,SB1807,18.72,18.75,18.68,18.73,825.0,,NO.11糖1807,14005.0,18.73,18.73
2017-02-01,SB1807,18.71,18.78,18.67,18.73,1248.0,,NO.11糖1807,14752.0,18.78,18.73
2017-02-02,SB1807,18.73,18.8,18.61,18.7,1208.0,,NO.11糖1807,15081.0,18.72,18.7
2017-02-03,SB1807,18.7,18.9,18.7,18.9,1275.0,,NO.11糖1807,15528.0,18.86,18.9
2017-02-06,SB1807,18.82,18.87,18.82,18.86,479.0,,NO.11糖1807,15574.0,18.86,18.86
2017-02-07,SB1807,18.85,18.9,18.76,18.76,310.0,,NO.11糖1807,15657.0,18.79,18.76
2017-02-08,SB1807,18.9,18.9,18.79,18.9,421.0,,NO.11糖1807,15751.0,18.84,18.9
2017-02-09,SB1807,18.82,18.91,18.8,18.85,563.0,,NO.11糖1807,15602.0,18.78,18.85
2017-02-10,SB1807,18.72,18.72,18.57,18.57,884.0,,NO.11糖1807,15521.0,18.69,18.57
2017-02-13,SB1807,18.67,18.78,18.36,18.47,1175.0,,NO.11糖1807,15503.0,18.55,18.47
2017-02-14,SB1807,18.67,18.81,18.66,18.79,987.0,,NO.11糖1807,15598.0,18.79,18.79
2017-02-15,SB1807,18.78,18.94,18.76,18.82,938.0,,NO.11糖1807,15822.0,18.82,18.82
2017-02-16,SB1807,18.69,18.86,18.68,18.85,1076.0,,NO.11糖1807,15783.0,18.83,18.85
2017-02-17,SB1807,18.82,18.89,18.74,18.83,1436.0,,NO.11糖1807,15900.0,18.82,18.83
2017-02-20,SB1807,,,,18.82,0.0,,NO.11糖1807,15900.0,18.82,18.82
2017-02-21,SB1807,18.86,19.01,18.83,19.01,1811.0,,NO.11糖1807,16404.0,19.02,19.01
2017-02-22,SB1807,19.02,19.02,18.95,18.99,1100.0,,NO.11糖1807,16594.0,18.98,18.99
2017-02-23,SB1807,18.96,18.96,18.68,18.68,1193.0,,NO.11糖1807,16666.0,18.7,18.68
2017-02-24,SB1807,18.66,18.71,18.52,18.56,999.0,,NO.11糖1807,16761.0,18.55,18.56
2017-02-27,SB1807,18.51,18.54,18.24,18.32,1522.0,,NO.11糖1807,16575.0,18.26,18.32
2017-02-28,SB1807,18.3,18.48,18.3,18.3,1847.0,,NO.11糖1807,16488.0,18.31,18.3
2017-03-01,SB1807,18.31,18.63,18.31,18.62,936.0,,NO.11糖1807,16546.0,18.63,18.62
2017-03-02,SB1807,18.6,18.69,18.47,18.63,898.0,,NO.11糖1807,16527.0,18.64,18.63
2017-03-03,SB1807,18.6,18.76,18.57,18.6,733.0,,NO.11糖1807,16251.0,18.6,18.6
2017-03-06,SB1807,18.61,18.75,18.49,18.51,1732.0,,NO.11糖1807,16235.0,18.5,18.51
2017-03-07,SB1807,18.41,18.42,18.11,18.2,1937.0,,NO.11糖1807,16402.0,18.26,18.2
2017-03-08,SB1807,18.25,18.29,18.06,18.17,2590.0,,NO.11糖1807,16218.0,18.19,18.17
2017-03-09,SB1807,18.25,18.31,17.9,17.94,2454.0,,NO.11糖1807,16451.0,17.93,17.94
2017-03-10,SB1807,17.95,18.1,17.95,17.99,1183.0,,NO.11糖1807,16528.0,18.03,17.99
2017-03-13,SB1807,18.1,18.15,18.0,18.04,1179.0,,NO.11糖1807,16411.0,18.06,18.04
2017-03-14,SB1807,18.1,18.12,18.01,18.05,800.0,,NO.11糖1807,16366.0,18.04,18.05
2017-03-15,SB1807,18.0,18.1,18.0,18.05,1008.0,,NO.11糖1807,16184.0,18.06,18.05
2017-03-16,SB1807,18.05,18.15,18.0,18.08,1851.0,,NO.11糖1807,16159.0,18.08,18.08
2017-03-17,SB1807,18.05,18.1,17.61,18.05,4381.0,,NO.11糖1807,15542.0,17.96,18.05
2017-03-20,SB1807,18.02,18.06,17.65,17.67,623.0,,NO.11糖1807,15506.0,17.69,17.67
2017-03-21,SB1807,17.66,17.66,17.43,17.49,837.0,,NO.11糖1807,15343.0,17.56,17.49
2017-03-22,SB1807,17.53,17.56,17.34,17.53,2068.0,,NO.11糖1807,15528.0,17.45,17.53
2017-03-23,SB1807,17.49,17.64,17.49,17.64,307.0,,NO.11糖1807,15462.0,17.62,17.64
2017-03-24,SB1807,17.63,17.79,17.63,17.68,1202.0,,NO.11糖1807,15802.0,17.67,17.68
2017-03-27,SB1807,17.61,17.8,17.59,17.67,874.0,,NO.11糖1807,16062.0,17.64,17.67
2017-03-28,SB1807,17.64,17.92,17.64,17.75,1124.0,,NO.11糖1807,16365.0,17.77,17.75
2017-03-29,SB1807,17.79,17.79,17.66,17.67,1638.0,,NO.11糖1807,17056.0,17.67,17.67
2017-03-30,SB1807,17.54,17.67,17.42,17.47,2619.0,,NO.11糖1807,16727.0,17.45,17.47
2017-03-31,SB1807,17.48,17.49,17.29,17.45,956.0,,NO.11糖1807,16628.0,17.37,17.45
2017-04-03,SB1807,17.56,17.56,17.25,17.28,1202.0,,NO.11糖1807,16987.0,17.27,17.28
2017-04-04,SB1807,17.3,17.3,17.06,17.06,2367.0,,NO.11糖1807,16979.0,17.08,17.06
2017-04-05,SB1807,17.22,17.53,16.86,16.86,3774.0,,NO.11糖1807,16871.0,16.87,16.86
2017-04-06,SB1807,16.86,17.07,16.86,17.0,1646.0,,NO.11糖1807,16690.0,17.02,17.0
2017-04-07,SB1807,17.16,17.3,17.08,17.23,2506.0,,NO.11糖1807,16897.0,17.23,17.23
2017-04-10,SB1807,17.32,17.39,17.28,17.29,1489.0,,NO.11糖1807,17009.0,17.28,17.29
2017-04-11,SB1807,17.18,17.44,17.1,17.4,1413.0,,NO.11糖1807,17492.0,17.38,17.4
2017-04-12,SB1807,17.48,17.48,17.28,17.3,1207.0,,NO.11糖1807,17865.0,17.3,17.3
2017-04-13,SB1807,17.42,17.43,17.19,17.24,1237.0,,NO.11糖1807,18299.0,17.11,17.24
2017-04-17,SB1807,17.35,17.35,17.14,17.14,795.0,,NO.11糖1807,18315.0,17.14,17.14
2017-04-18,SB1807,17.2,17.58,17.01,17.58,2691.0,,NO.11糖1807,18121.0,17.42,17.58
2017-04-19,SB1807,17.49,17.52,17.19,17.19,1877.0,,NO.11糖1807,18651.0,17.21,17.19
2017-04-20,SB1807,17.29,17.3,17.1,17.11,801.0,,NO.11糖1807,18763.0,17.1,17.11
2017-04-21,SB1807,17.13,17.28,17.1,17.1,1496.0,,NO.11糖1807,18984.0,17.11,17.1
2017-04-24,SB1807,17.19,17.19,16.91,17.1,1122.0,,NO.11糖1807,18787.0,17.08,17.1
2017-04-25,SB1807,17.08,17.11,17.0,17.04,1747.0,,NO.11糖1807,18473.0,17.02,17.04
2017-04-26,SB1807,16.89,17.1,16.44,16.45,2811.0,,NO.11糖1807,18371.0,16.48,16.45
2017-04-27,SB1807,16.48,16.58,16.21,16.21,2272.0,,NO.11糖1807,18398.0,16.25,16.21
2017-04-28,SB1807,16.35,16.81,16.35,16.79,1473.0,,NO.11糖1807,18329.0,16.78,16.79
2017-05-01,SB1807,16.93,16.94,16.78,16.92,1152.0,,NO.11糖1807,18571.0,16.91,16.92
2017-05-02,SB1807,17.09,17.09,16.71,16.78,3874.0,,NO.11糖1807,19516.0,16.78,16.78
2017-05-03,SB1807,16.59,16.64,16.55,16.55,1539.0,,NO.11糖1807,20019.0,16.64,16.55
2017-05-04,SB1807,16.6,16.6,16.2,16.31,2543.0,,NO.11糖1807,20844.0,16.27,16.31
2017-05-05,SB1807,16.26,16.43,16.2,16.2,1475.0,,NO.11糖1807,21110.0,16.24,16.2
2017-05-08,SB1807,16.26,16.4,16.22,16.33,1959.0,,NO.11糖1807,21935.0,16.34,16.33
2017-05-09,SB1807,16.36,16.49,16.31,16.37,3051.0,,NO.11糖1807,22936.0,16.38,16.37
2017-05-10,SB1807,16.48,16.67,16.47,16.65,3914.0,,NO.11糖1807,25249.0,16.63,16.65
2017-05-11,SB1807,16.7,16.7,16.5,16.53,1720.0,,NO.11糖1807,25384.0,16.53,16.53
2017-05-12,SB1807,16.54,16.6,16.4,16.4,813.0,,NO.11糖1807,25478.0,16.4,16.4
2017-05-15,SB1807,16.4,16.68,16.4,16.54,872.0,,NO.11糖1807,25490.0,16.45,16.54
2017-05-16,SB1807,16.61,16.72,16.61,16.7,981.0,,NO.11糖1807,25470.0,16.66,16.7
2017-05-17,SB1807,16.79,16.94,16.68,16.92,2431.0,,NO.11糖1807,26084.0,16.95,16.92
2017-05-18,SB1807,16.68,16.7,16.35,16.4,9008.0,,NO.11糖1807,26710.0,16.45,16.4
2017-05-19,SB1807,16.45,16.78,16.41,16.78,3140.0,,NO.11糖1807,26911.0,16.79,16.78
2017-05-22,SB1807,16.71,16.82,16.62,16.8,4056.0,,NO.11糖1807,27762.0,16.83,16.8
2017-05-23,SB1807,16.66,16.77,16.41,16.41,1906.0,,NO.11糖1807,28118.0,16.46,16.41
2017-05-24,SB1807,16.48,16.48,16.14,16.2,2179.0,,NO.11糖1807,28363.0,16.33,16.2
2017-05-25,SB1807,16.33,16.39,16.26,16.39,1626.0,,NO.11糖1807,28301.0,16.35,16.39
2017-05-26,SB1807,16.2,16.2,15.91,15.93,2478.0,,NO.11糖1807,28402.0,15.91,15.93
2017-05-29,SB1807,,,,15.91,0.0,,NO.11糖1807,28402.0,15.91,15.91
2017-05-30,SB1807,16.05,16.11,15.65,15.82,2354.0,,NO.11糖1807,29014.0,15.79,15.82
2017-05-31,SB1807,15.82,15.82,15.57,15.66,1719.0,,NO.11糖1807,29382.0,15.63,15.66
2017-06-01,SB1807,15.77,15.77,15.08,15.1,2999.0,,NO.11糖1807,29928.0,15.09,15.1
2017-06-02,SB1807,15.15,15.18,14.59,14.68,3826.0,,NO.11糖1807,30022.0,14.66,14.68
2017-06-05,SB1807,14.84,14.84,14.7,14.73,2890.0,,NO.11糖1807,30067.0,14.73,14.73
2017-06-06,SB1807,14.82,14.89,14.57,14.77,2207.0,,NO.11糖1807,29827.0,14.75,14.77
2017-06-07,SB1807,14.77,14.99,14.62,14.85,2727.0,,NO.11糖1807,29746.0,14.81,14.85
2017-06-08,SB1807,14.9,15.1,14.85,15.05,2964.0,,NO.11糖1807,30170.0,15.03,15.05
2017-06-09,SB1807,15.12,15.12,14.93,14.99,2012.0,,NO.11糖1807,29867.0,14.96,14.99
2017-06-12,SB1807,15.03,15.25,14.82,14.84,3928.0,,NO.11糖1807,30862.0,14.84,14.84
2017-06-13,SB1807,14.89,14.89,14.61,14.61,2724.0,,NO.11糖1807,30618.0,14.61,14.61
2017-06-14,SB1807,14.62,14.62,14.39,14.62,4660.0,,NO.11糖1807,31139.0,14.56,14.62
2017-06-15,SB1807,14.56,14.58,14.43,14.48,2630.0,,NO.11糖1807,31085.0,14.46,14.48
2017-06-16,SB1807,14.52,14.52,14.26,14.33,3345.0,,NO.11糖1807,31091.0,14.34,14.33
2017-06-19,SB1807,14.37,14.43,14.26,14.4,2254.0,,NO.11糖1807,31571.0,14.32,14.4
2017-06-20,SB1807,14.33,14.51,14.21,14.4,3528.0,,NO.11糖1807,32392.0,14.4,14.4
2017-06-21,SB1807,14.4,14.45,13.98,14.04,2810.0,,NO.11糖1807,32567.0,14.0,14.04
2017-06-22,SB1807,14.07,14.07,13.89,13.9,2984.0,,NO.11糖1807,32385.0,13.92,13.9
2017-06-23,SB1807,13.91,14.07,13.85,14.05,2025.0,,NO.11糖1807,32721.0,14.03,14.05
2017-06-26,SB1807,14.09,14.09,13.8,13.8,2355.0,,NO.11糖1807,33244.0,13.81,13.8
2017-06-27,SB1807,13.82,13.89,13.75,13.83,1821.0,,NO.11糖1807,33101.0,13.8,13.83
2017-06-28,SB1807,13.87,13.92,13.68,13.7,4240.0,,NO.11糖1807,33141.0,13.68,13.7
2017-06-29,SB1807,13.72,14.35,13.67,14.34,2949.0,,NO.11糖1807,33372.0,14.31,14.34
2017-06-30,SB1807,14.35,14.79,14.35,14.59,5179.0,,NO.11糖1807,33355.0,14.6,14.59
2017-07-03,SB1807,14.45,14.72,14.17,14.72,2541.0,,NO.11糖1807,,14.73,14.72
