date,symbol,open,high,low,close,volume,amount,name,openinterest,settleprice,price
2012-04-11,SG1205,333.3,334.0,333.3,333.3,25.0,,MSCI新加坡指数1205,84.0,333.0,333.3
2012-04-12,SG1205,334.0,336.9,333.6,336.6,29.0,,MSCI新加坡指数1205,103.0,336.4,336.6
2012-04-13,SG1205,337.7,339.1,337.7,338.4,32.0,,MSCI新加坡指数1205,90.0,337.3,338.4
2012-04-16,SG1205,336.5,336.5,335.7,335.7,7.0,,MSCI新加坡指数1205,87.0,338.0,335.7
2012-04-17,SG1205,339.4,339.4,339.4,339.4,2.0,,MSCI新加坡指数1205,87.0,337.6,339.4
2012-04-18,SG1205,338.5,340.0,338.0,338.8,112.0,,MSCI新加坡指数1205,156.0,339.1,338.8
2012-04-20,SG1205,340.9,340.9,338.3,339.5,392.0,,MSCI新加坡指数1205,618.0,339.2,339.5
2012-04-23,SG1205,340.7,340.7,335.2,335.6,987.0,,MSCI新加坡指数1205,1277.0,335.6,335.6
2012-04-24,SG1205,335.5,338.2,334.4,337.5,17029.0,,MSCI新加坡指数1205,15525.0,337.5,337.5
2012-04-25,SG1205,337.3,339.9,337.3,339.2,28161.0,,MSCI新加坡指数1205,37492.0,339.2,339.2
2012-04-26,SG1205,339.1,340.6,337.8,339.9,22070.0,,MSCI新加坡指数1205,51198.0,339.9,339.9
2012-04-27,SG1205,339.9,341.9,339.2,340.7,12149.0,,MSCI新加坡指数1205,56076.0,340.7,340.7
2012-04-30,SG1205,341.4,342.5,339.4,340.8,8054.0,,MSCI新加坡指数1205,55181.0,340.8,340.8
2012-05-02,SG1205,339.9,344.3,339.4,344.3,9324.0,,MSCI新加坡指数1205,57094.0,344.3,344.3
2012-05-03,SG1205,343.8,344.6,342.5,343.2,6230.0,,MSCI新加坡指数1205,58484.0,343.2,343.2
2012-05-04,SG1205,343.5,344.1,341.1,341.6,5236.0,,MSCI新加坡指数1205,58145.0,341.6,341.6
2012-05-07,SG1205,341.7,342.5,333.4,334.8,12379.0,,MSCI新加坡指数1205,57894.0,334.8,334.8
2012-05-08,SG1205,335.1,336.5,335.0,336.3,8896.0,,MSCI新加坡指数1205,55035.0,336.3,336.3
2012-05-09,SG1205,336.0,336.6,332.6,332.6,8888.0,,MSCI新加坡指数1205,54790.0,332.6,332.6
2012-05-10,SG1205,332.9,334.0,331.0,333.7,8857.0,,MSCI新加坡指数1205,54440.0,333.7,333.7
2012-05-11,SG1205,333.3,335.0,330.1,331.2,9067.0,,MSCI新加坡指数1205,52986.0,331.2,331.2
2012-05-14,SG1205,331.4,333.0,327.2,327.6,7392.0,,MSCI新加坡指数1205,52678.0,327.6,327.6
2012-05-15,SG1205,327.6,331.4,326.0,329.0,11432.0,,MSCI新加坡指数1205,52090.0,329.0,329.0
2012-05-16,SG1205,329.3,329.4,322.0,322.9,13477.0,,MSCI新加坡指数1205,51002.0,322.9,322.9
2012-05-17,SG1205,322.9,325.6,322.0,322.5,11026.0,,MSCI新加坡指数1205,49880.0,322.5,322.5
2012-05-18,SG1205,322.0,322.0,311.9,315.5,16812.0,,MSCI新加坡指数1205,49286.0,315.5,315.5
2012-05-21,SG1205,316.5,318.7,315.5,317.9,9287.0,,MSCI新加坡指数1205,47599.0,317.9,317.9
2012-05-22,SG1205,318.2,323.9,316.7,321.1,15005.0,,MSCI新加坡指数1205,47212.0,321.1,321.1
2012-05-23,SG1205,321.0,323.2,316.2,316.2,13104.0,,MSCI新加坡指数1205,46137.0,316.2,316.2
2012-05-24,SG1205,316.0,318.3,313.9,317.1,12054.0,,MSCI新加坡指数1205,44121.0,317.1,317.1
2012-05-25,SG1205,318.0,318.9,315.1,317.4,18686.0,,MSCI新加坡指数1205,40383.0,317.4,317.4
2012-05-28,SG1205,317.4,320.4,315.5,318.2,37791.0,,MSCI新加坡指数1205,26169.0,318.2,318.2
2012-05-29,SG1205,318.8,321.4,316.8,320.0,22219.0,,MSCI新加坡指数1205,15765.0,320.0,320.0
2012-05-30,SG1205,319.5,320.8,317.3,318.2,9667.0,,MSCI新加坡指数1205,7495.0,318.2,318.2
2012-05-31,SG1205,,,,316.08,9667.0,,MSCI新加坡指数1205,7495.0,316.08,316.08
