date,symbol,open,high,low,close,volume,amount,name,openinterest,settleprice,price
2015-07-31,SG1510,,,,354.9,0.0,,MSCI新加坡指数1510,0.0,354.9,354.9
2015-08-03,SG1510,,,,354.5,0.0,,MSCI新加坡指数1510,0.0,354.5,354.5
2015-08-04,SG1510,0.0,0.0,0.0,356.6,0.0,,MSCI新加坡指数1510,0.0,356.6,356.6
2015-08-05,SG1510,,,,355.1,0.0,,MSCI新加坡指数1510,0.0,355.1,355.1
2015-08-06,SG1510,0.0,0.0,0.0,354.8,0.0,,MSCI新加坡指数1510,0.0,354.8,354.8
2015-08-11,SG1510,0.0,0.0,0.0,348.0,0.0,,MSCI新加坡指数1510,0.0,348.0,348.0
2015-08-12,SG1510,0.0,0.0,0.0,337.9,0.0,,MSCI新加坡指数1510,0.0,337.9,337.9
2015-08-13,SG1510,0.0,0.0,0.0,342.5,0.0,,MSCI新加坡指数1510,0.0,342.5,342.5
2015-08-14,SG1510,0.0,0.0,0.0,344.6,0.0,,MSCI新加坡指数1510,0.0,344.6,344.6
2015-08-17,SG1510,0.0,0.0,0.0,338.7,0.0,,MSCI新加坡指数1510,0.0,338.7,338.7
2015-08-18,SG1510,0.0,0.0,0.0,338.6,0.0,,MSCI新加坡指数1510,0.0,338.6,338.6
2015-08-19,SG1510,0.0,0.0,0.0,336.5,0.0,,MSCI新加坡指数1510,0.0,336.5,336.5
2015-08-20,SG1510,0.0,0.0,0.0,333.1,0.0,,MSCI新加坡指数1510,0.0,333.1,333.1
2015-08-21,SG1510,0.0,0.0,0.0,329.4,0.0,,MSCI新加坡指数1510,0.0,329.4,329.4
2015-08-24,SG1510,0.0,0.0,0.0,314.9,0.0,,MSCI新加坡指数1510,0.0,314.9,314.9
2015-08-25,SG1510,0.0,0.0,0.0,322.7,0.0,,MSCI新加坡指数1510,0.0,322.7,322.7
2015-08-26,SG1510,0.0,0.0,0.0,319.9,0.0,,MSCI新加坡指数1510,0.0,319.9,319.9
2015-08-27,SG1510,0.0,0.0,0.0,329.0,0.0,,MSCI新加坡指数1510,0.0,329.0,329.0
2015-08-28,SG1510,0.0,0.0,0.0,329.1,0.0,,MSCI新加坡指数1510,0.0,329.1,329.1
2015-08-31,SG1510,0.0,0.0,0.0,322.8,0.0,,MSCI新加坡指数1510,0.0,322.8,322.8
2015-09-01,SG1510,323.4,323.4,323.4,323.4,4.0,,MSCI新加坡指数1510,2.0,319.3,323.4
2015-09-02,SG1510,317.6,321.1,317.6,318.8,3.0,,MSCI新加坡指数1510,4.0,318.9,318.8
2015-09-03,SG1510,0.0,0.0,0.0,322.8,0.0,,MSCI新加坡指数1510,3.0,322.8,322.8
2015-09-04,SG1510,319.2,319.2,319.2,319.2,1.0,,MSCI新加坡指数1510,0.0,318.2,319.2
2015-09-07,SG1510,316.0,316.0,315.7,315.7,3.0,,MSCI新加坡指数1510,4.0,316.3,315.7
2015-09-08,SG1510,314.5,314.5,314.1,314.1,2.0,,MSCI新加坡指数1510,5.0,321.2,314.1
2015-09-09,SG1510,321.1,327.5,320.9,327.0,,,MSCI新加坡指数1510,,327.8,327.0
2015-09-10,SG1510,326.9,326.9,321.7,321.7,18.0,,MSCI新加坡指数1510,27.0,321.8,321.7
2015-09-11,SG1510,0.0,0.0,0.0,321.8,0.0,,MSCI新加坡指数1510,0.0,321.8,321.8
2015-09-14,SG1510,322.2,322.2,321.9,322.1,20.0,,MSCI新加坡指数1510,35.0,320.0,322.1
2015-09-15,SG1510,320.0,320.0,318.8,318.8,40.0,,MSCI新加坡指数1510,61.0,317.3,318.8
2015-09-16,SG1510,320.1,322.3,320.1,320.8,374.0,,MSCI新加坡指数1510,408.0,321.6,320.8
2015-09-17,SG1510,323.3,325.2,323.2,325.2,15.0,,MSCI新加坡指数1510,415.0,325.3,325.2
2015-09-18,SG1510,325.3,328.0,321.4,321.4,222.0,,MSCI新加坡指数1510,0.0,322.0,321.4
2015-09-21,SG1510,321.9,323.0,318.6,322.6,485.0,,MSCI新加坡指数1510,839.0,322.8,322.6
2015-09-22,SG1510,322.6,324.4,319.5,319.6,1014.0,,MSCI新加坡指数1510,1693.0,319.6,319.6
2015-09-23,SG1510,319.0,319.6,315.1,317.4,13847.0,,MSCI新加坡指数1510,12496.0,317.4,317.4
2015-09-24,SG1510,317.5,317.5,316.8,316.8,883.0,,MSCI新加坡指数1510,13220.0,317.4,316.8
2015-09-25,SG1510,315.3,318.2,312.9,316.2,41309.0,,MSCI新加坡指数1510,40422.0,316.2,316.2
2015-09-28,SG1510,316.2,316.5,309.3,310.1,14576.0,,MSCI新加坡指数1510,47125.0,310.1,310.1
2015-09-29,SG1510,309.9,311.4,305.0,311.1,15726.0,,MSCI新加坡指数1510,50399.0,311.1,311.1
2015-09-30,SG1510,311.0,313.2,309.6,312.5,8707.0,,MSCI新加坡指数1510,50397.0,312.5,312.5
2015-10-01,SG1510,312.3,315.4,310.5,312.9,7233.0,,MSCI新加坡指数1510,50926.0,312.9,312.9
2015-10-02,SG1510,312.3,313.1,308.0,311.1,8072.0,,MSCI新加坡指数1510,51733.0,311.1,311.1
2015-10-05,SG1510,311.4,319.0,308.7,318.8,7637.0,,MSCI新加坡指数1510,51374.0,318.8,318.8
2015-10-06,SG1510,318.7,324.4,318.7,324.3,9829.0,,MSCI新加坡指数1510,50627.0,324.3,324.3
2015-10-07,SG1510,323.9,332.3,322.2,331.9,11005.0,,MSCI新加坡指数1510,50436.0,331.9,331.9
2015-10-08,SG1510,331.9,335.2,328.6,329.2,9949.0,,MSCI新加坡指数1510,49900.0,329.2,329.2
2015-10-09,SG1510,329.9,337.7,329.3,336.5,9358.0,,MSCI新加坡指数1510,49611.0,336.5,336.5
2015-10-12,SG1510,336.7,341.0,334.3,340.6,8629.0,,MSCI新加坡指数1510,49897.0,340.6,340.6
2015-10-13,SG1510,340.5,341.0,334.2,334.2,9610.0,,MSCI新加坡指数1510,49224.0,334.2,334.2
2015-10-14,SG1510,335.0,337.2,331.9,334.3,10110.0,,MSCI新加坡指数1510,50144.0,334.3,334.3
2015-10-15,SG1510,334.0,338.8,334.0,338.1,8936.0,,MSCI新加坡指数1510,49711.0,338.1,338.1
2015-10-16,SG1510,338.3,341.6,337.5,340.5,10167.0,,MSCI新加坡指数1510,49854.0,340.5,340.5
2015-10-19,SG1510,340.4,341.2,337.3,338.6,5516.0,,MSCI新加坡指数1510,48990.0,338.6,338.6
2015-10-20,SG1510,339.3,340.2,337.8,338.8,6235.0,,MSCI新加坡指数1510,49036.0,338.8,338.8
2015-10-21,SG1510,339.0,340.8,337.3,338.5,4850.0,,MSCI新加坡指数1510,48704.0,338.5,338.5
2015-10-22,SG1510,339.0,341.5,338.1,340.6,5539.0,,MSCI新加坡指数1510,48338.0,340.6,340.6
2015-10-23,SG1510,340.8,345.8,340.6,344.8,10504.0,,MSCI新加坡指数1510,47274.0,344.8,344.8
2015-10-26,SG1510,344.8,348.5,344.8,346.0,27216.0,,MSCI新加坡指数1510,38219.0,346.0,346.0
2015-10-27,SG1510,346.4,347.2,340.8,341.7,37003.0,,MSCI新加坡指数1510,24179.0,341.7,341.7
2015-10-28,SG1510,341.6,343.3,339.8,340.6,19685.0,,MSCI新加坡指数1510,10996.0,340.6,340.6
2015-10-29,SG1510,340.8,343.3,335.5,336.2,5552.0,,MSCI新加坡指数1510,0.0,336.2,336.2
