date,symbol,open,high,low,close,volume,amount,name,openinterest,settleprice,price
2016-08-31,SG1611,0.0,0.0,0.0,310.3,0.0,,MSCI新加坡指数1611,0.0,310.3,310.3
2016-09-01,SG1611,0.0,0.0,0.0,309.4,0.0,,MSCI新加坡指数1611,0.0,309.4,309.4
2016-09-02,SG1611,0.0,0.0,0.0,307.8,0.0,,MSCI新加坡指数1611,0.0,307.8,307.8
2016-09-05,SG1611,0.0,0.0,0.0,313.85,0.0,,MSCI新加坡指数1611,0.0,313.85,313.85
2016-09-06,SG1611,0.0,0.0,0.0,319.6,0.0,,MSCI新加坡指数1611,0.0,319.6,319.6
2016-09-07,SG1611,0.0,0.0,0.0,319.3,0.0,,MSCI新加坡指数1611,0.0,319.3,319.3
2016-09-08,SG1611,0.0,0.0,0.0,319.75,0.0,,MSCI新加坡指数1611,0.0,319.75,319.75
2016-09-09,SG1611,0.0,0.0,0.0,316.9,0.0,,MSCI新加坡指数1611,0.0,316.9,316.9
2016-09-12,SG1611,0.0,0.0,0.0,308.65,0.0,,MSCI新加坡指数1611,0.0,308.65,308.65
2016-09-13,SG1611,0.0,0.0,0.0,309.85,0.0,,MSCI新加坡指数1611,0.0,309.85,309.85
2016-09-14,SG1611,0.0,0.0,0.0,308.4,0.0,,MSCI新加坡指数1611,0.0,308.4,308.4
2016-09-15,SG1611,0.0,0.0,0.0,308.2,0.0,,MSCI新加坡指数1611,0.0,308.2,308.2
2016-09-16,SG1611,0.0,0.0,0.0,311.25,0.0,,MSCI新加坡指数1611,0.0,311.25,311.25
2016-09-19,SG1611,312.3,314.95,311.95,311.95,4.0,,MSCI新加坡指数1611,3.0,312.35,311.95
2016-09-20,SG1611,0.0,0.0,0.0,312.15,0.0,,MSCI新加坡指数1611,3.0,312.15,312.15
2016-09-21,SG1611,0.0,0.0,0.0,312.5,0.0,,MSCI新加坡指数1611,3.0,312.5,312.5
2016-09-22,SG1611,0.0,0.0,0.0,312.95,0.0,,MSCI新加坡指数1611,3.0,312.95,312.95
2016-09-23,SG1611,0.0,0.0,0.0,313.3,0.0,,MSCI新加坡指数1611,3.0,313.3,313.3
2016-09-26,SG1611,0.0,0.0,0.0,312.05,0.0,,MSCI新加坡指数1611,3.0,312.05,312.05
2016-09-27,SG1611,0.0,0.0,0.0,313.6,1.0,,MSCI新加坡指数1611,3.0,313.6,313.6
2016-09-28,SG1611,0.0,0.0,0.0,313.25,0.0,,MSCI新加坡指数1611,3.0,313.25,313.25
2016-09-29,SG1611,0.0,0.0,0.0,317.05,0.0,,MSCI新加坡指数1611,3.0,317.05,317.05
2016-09-30,SG1611,313.65,313.65,313.65,313.65,10.0,,MSCI新加坡指数1611,13.0,315.1,313.65
2016-10-03,SG1611,0.0,0.0,0.0,314.9,0.0,,MSCI新加坡指数1611,13.0,314.9,314.9
2016-10-04,SG1611,0.0,0.0,0.0,316.65,0.0,,MSCI新加坡指数1611,13.0,316.65,316.65
2016-10-05,SG1611,316.5,316.5,316.5,316.5,3.0,,MSCI新加坡指数1611,16.0,317.15,316.5
2016-10-06,SG1611,317.8,317.85,317.8,317.85,2.0,,MSCI新加坡指数1611,18.0,317.6,317.85
2016-10-07,SG1611,315.7,315.7,315.7,315.7,2.0,,MSCI新加坡指数1611,18.0,315.8,315.7
2016-10-10,SG1611,0.0,0.0,0.0,315.25,0.0,,MSCI新加坡指数1611,18.0,315.25,315.25
2016-10-11,SG1611,313.3,313.3,313.3,313.3,2.0,,MSCI新加坡指数1611,18.0,312.7,313.3
2016-10-12,SG1611,311.5,311.5,309.25,309.25,21.0,,MSCI新加坡指数1611,24.0,308.3,309.25
2016-10-13,SG1611,308.3,308.3,305.4,308.0,93.0,,MSCI新加坡指数1611,88.0,308.05,308.0
2016-10-14,SG1611,306.15,308.5,306.0,308.5,47.0,,MSCI新加坡指数1611,95.0,309.3,308.5
2016-10-17,SG1611,310.8,310.8,306.25,309.35,307.0,,MSCI新加坡指数1611,315.0,309.2,309.35
2016-10-18,SG1611,310.0,310.5,308.95,310.5,897.0,,MSCI新加坡指数1611,1146.0,310.8,310.5
2016-10-19,SG1611,311.0,311.75,310.8,311.75,67.0,,MSCI新加坡指数1611,1166.0,312.1,311.75
2016-10-20,SG1611,312.95,315.0,311.6,312.2,639.0,,MSCI新加坡指数1611,1592.0,312.3,312.2
2016-10-21,SG1611,311.8,312.35,309.2,310.3,421.0,,MSCI新加坡指数1611,2729.0,310.2,310.3
2016-10-24,SG1611,309.95,314.1,309.15,314.1,3827.0,,MSCI新加坡指数1611,10362.0,314.1,314.1
2016-10-25,SG1611,314.15,314.9,313.35,313.65,23006.0,,MSCI新加坡指数1611,49677.0,313.65,313.65
2016-10-26,SG1611,313.9,314.15,309.5,310.3,45605.0,,MSCI新加坡指数1611,103391.0,310.3,310.3
2016-10-27,SG1611,310.6,311.6,309.55,310.45,24244.0,,MSCI新加坡指数1611,117197.0,310.45,310.45
2016-10-28,SG1611,310.85,311.3,307.25,308.7,18250.0,,MSCI新加坡指数1611,120270.0,308.7,308.7
2016-10-31,SG1611,308.4,309.4,305.8,308.2,11910.0,,MSCI新加坡指数1611,120569.0,308.2,308.2
2016-11-01,SG1611,308.8,310.8,307.1,308.8,14009.0,,MSCI新加坡指数1611,120009.0,308.8,308.8
2016-11-02,SG1611,308.9,308.9,305.8,307.85,17471.0,,MSCI新加坡指数1611,121818.0,307.85,307.85
2016-11-03,SG1611,307.7,308.45,306.15,308.0,12133.0,,MSCI新加坡指数1611,120707.0,308.0,308.0
2016-11-04,SG1611,308.35,308.5,305.5,305.85,14886.0,,MSCI新加坡指数1611,121746.0,305.85,305.85
2016-11-07,SG1611,305.5,310.35,304.2,308.9,16153.0,,MSCI新加坡指数1611,121827.0,308.9,308.9
2016-11-08,SG1611,309.0,311.8,308.35,311.4,16304.0,,MSCI新加坡指数1611,122656.0,311.4,311.4
2016-11-09,SG1611,311.8,315.6,302.9,308.15,32248.0,,MSCI新加坡指数1611,121751.0,308.15,308.15
2016-11-10,SG1611,308.0,314.7,308.0,313.1,19446.0,,MSCI新加坡指数1611,121022.0,313.1,313.1
2016-11-11,SG1611,313.1,313.75,308.5,309.35,26519.0,,MSCI新加坡指数1611,0.0,309.35,309.35
2016-11-14,SG1611,308.75,310.0,306.25,307.45,20736.0,,MSCI新加坡指数1611,119953.0,307.2,307.45
2016-11-15,SG1611,307.15,310.15,305.7,309.15,15351.0,,MSCI新加坡指数1611,121932.0,309.15,309.15
2016-11-16,SG1611,308.85,311.8,308.1,309.55,18179.0,,MSCI新加坡指数1611,122991.0,309.55,309.55
2016-11-17,SG1611,309.05,312.5,307.9,311.25,16677.0,,MSCI新加坡指数1611,122875.0,311.25,311.25
2016-11-18,SG1611,311.3,314.2,311.0,314.0,19118.0,,MSCI新加坡指数1611,123692.0,314.0,314.0
2016-11-21,SG1611,313.95,315.4,312.5,312.75,20174.0,,MSCI新加坡指数1611,120090.0,312.8,312.75
2016-11-22,SG1611,312.6,315.6,312.45,313.85,26300.0,,MSCI新加坡指数1611,112786.0,313.85,313.85
2016-11-23,SG1611,313.65,315.9,313.65,315.75,30492.0,,MSCI新加坡指数1611,100631.0,315.75,315.75
2016-11-24,SG1611,315.9,317.65,312.35,317.3,40984.0,,MSCI新加坡指数1611,82947.0,317.3,317.3
2016-11-25,SG1611,317.35,320.25,317.0,319.25,68102.0,,MSCI新加坡指数1611,53926.0,319.25,319.25
2016-11-28,SG1611,319.6,322.8,319.1,321.15,40213.0,,MSCI新加坡指数1611,34256.0,321.15,321.15
2016-11-29,SG1611,321.3,322.35,320.4,321.55,11895.0,,MSCI新加坡指数1611,12895.0,321.55,321.55
