date,symbol,open,high,low,close,volume,amount,name,openinterest,settleprice,price
2016-02-29,SG1605,0.0,0.0,0.0,296.5,0.0,,MSCI新加坡指数1605,0.0,296.5,296.5
2016-03-01,SG1605,0.0,0.0,0.0,296.85,0.0,,MSCI新加坡指数1605,0.0,296.85,296.85
2016-03-02,SG1605,0.0,0.0,0.0,302.3,0.0,,MSCI新加坡指数1605,0.0,302.3,302.3
2016-03-03,SG1605,0.0,0.0,0.0,309.4,0.0,,MSCI新加坡指数1605,0.0,309.4,309.4
2016-03-04,SG1605,0.0,0.0,0.0,316.0,0.0,,MSCI新加坡指数1605,0.0,316.0,316.0
2016-03-07,SG1605,0.0,0.0,0.0,314.5,0.0,,MSCI新加坡指数1605,0.0,314.5,314.5
2016-03-08,SG1605,0.0,0.0,0.0,309.4,0.0,,MSCI新加坡指数1605,0.0,309.4,309.4
2016-03-09,SG1605,0.0,0.0,0.0,312.65,0.0,,MSCI新加坡指数1605,0.0,312.65,312.65
2016-03-10,SG1605,0.0,0.0,0.0,311.55,0.0,,MSCI新加坡指数1605,0.0,311.55,311.55
2016-03-11,SG1605,0.0,0.0,0.0,314.95,0.0,,MSCI新加坡指数1605,0.0,314.95,314.95
2016-03-14,SG1605,0.0,0.0,0.0,316.65,0.0,,MSCI新加坡指数1605,0.0,316.65,316.65
2016-03-15,SG1605,0.0,0.0,0.0,316.05,0.0,,MSCI新加坡指数1605,0.0,316.05,316.05
2016-03-16,SG1605,0.0,0.0,0.0,316.75,0.0,,MSCI新加坡指数1605,0.0,316.75,316.75
2016-03-17,SG1605,0.0,0.0,0.0,320.75,0.0,,MSCI新加坡指数1605,0.0,320.75,320.75
2016-03-18,SG1605,0.0,0.0,0.0,324.55,0.0,,MSCI新加坡指数1605,0.0,324.55,324.55
2016-03-21,SG1605,0.0,0.0,0.0,322.35,0.0,,MSCI新加坡指数1605,0.0,322.35,322.35
2016-03-22,SG1605,0.0,0.0,0.0,321.4,0.0,,MSCI新加坡指数1605,0.0,321.4,321.4
2016-03-23,SG1605,0.0,0.0,0.0,321.5,0.0,,MSCI新加坡指数1605,0.0,321.5,321.5
2016-03-24,SG1605,0.0,0.0,0.0,316.6,0.0,,MSCI新加坡指数1605,0.0,316.6,316.6
2016-03-25,SG1605,0.0,0.0,0.0,316.6,0.0,,MSCI新加坡指数1605,0.0,316.6,316.6
2016-03-28,SG1605,0.0,0.0,0.0,315.0,0.0,,MSCI新加坡指数1605,0.0,315.0,315.0
2016-03-29,SG1605,0.0,0.0,0.0,313.85,0.0,,MSCI新加坡指数1605,0.0,313.85,313.85
2016-03-30,SG1605,0.0,0.0,0.0,321.6,0.0,,MSCI新加坡指数1605,0.0,321.6,321.6
2016-03-31,SG1605,0.0,0.0,0.0,317.2,0.0,,MSCI新加坡指数1605,0.0,317.2,317.2
2016-04-01,SG1605,0.0,0.0,0.0,313.9,1.0,,MSCI新加坡指数1605,1.0,313.9,313.9
2016-04-04,SG1605,312.15,316.65,312.15,316.65,10.0,,MSCI新加坡指数1605,8.0,315.3,316.65
2016-04-05,SG1605,313.1,313.1,310.8,310.8,13.0,,MSCI新加坡指数1605,11.0,310.05,310.8
2016-04-06,SG1605,310.35,313.1,310.35,311.7,13.0,,MSCI新加坡指数1605,18.0,311.75,311.7
2016-04-07,SG1605,311.4,313.55,310.95,311.45,34.0,,MSCI新加坡指数1605,43.0,311.7,311.45
2016-04-08,SG1605,310.5,311.5,307.45,311.5,75.0,,MSCI新加坡指数1605,68.0,311.7,311.5
2016-04-11,SG1605,312.95,313.0,309.65,312.7,535.0,,MSCI新加坡指数1605,338.0,312.0,312.7
2016-04-12,SG1605,313.15,313.15,311.85,312.1,21.0,,MSCI新加坡指数1605,337.0,312.0,312.1
2016-04-13,SG1605,316.1,321.1,316.0,321.1,55.0,,MSCI新加坡指数1605,319.0,321.1,321.1
2016-04-14,SG1605,322.3,325.1,322.3,323.85,29.0,,MSCI新加坡指数1605,331.0,324.05,323.85
2016-04-15,SG1605,325.7,326.55,325.45,326.0,49.0,,MSCI新加坡指数1605,337.0,326.1,326.0
2016-04-18,SG1605,323.35,325.25,321.8,324.7,152.0,,MSCI新加坡指数1605,359.0,324.75,324.7
2016-04-19,SG1605,326.1,329.4,325.8,328.8,2670.0,,MSCI新加坡指数1605,2679.0,328.9,328.8
2016-04-20,SG1605,329.35,330.0,326.55,329.15,1291.0,,MSCI新加坡指数1605,3698.0,328.95,329.15
2016-04-21,SG1605,328.75,330.7,327.9,330.0,3957.0,,MSCI新加坡指数1605,5987.0,329.9,330.0
2016-04-22,SG1605,330.0,330.0,326.5,327.65,7329.0,,MSCI新加坡指数1605,11869.0,327.75,327.65
2016-04-25,SG1605,328.4,328.4,321.6,323.05,38629.0,,MSCI新加坡指数1605,42873.0,323.05,323.05
2016-04-26,SG1605,323.1,325.5,321.3,324.0,67880.0,,MSCI新加坡指数1605,95986.0,324.0,324.0
2016-04-27,SG1605,323.85,324.3,320.8,322.0,29527.0,,MSCI新加坡指数1605,116374.0,322.0,322.0
2016-04-28,SG1605,321.65,324.5,319.2,320.35,28041.0,,MSCI新加坡指数1605,122565.0,320.35,320.35
2016-04-29,SG1605,320.65,322.55,316.45,317.9,15183.0,,MSCI新加坡指数1605,116977.0,317.9,317.9
2016-05-02,SG1605,317.6,318.0,315.0,315.05,864.0,,MSCI新加坡指数1605,116694.0,317.9,315.05
2016-05-03,SG1605,315.1,318.25,310.0,312.9,17969.0,,MSCI新加坡指数1605,116479.0,312.9,312.9
2016-05-04,SG1605,312.95,313.55,308.2,308.65,28287.0,,MSCI新加坡指数1605,116060.0,308.65,308.65
2016-05-05,SG1605,308.6,310.7,307.0,309.8,22139.0,,MSCI新加坡指数1605,115305.0,309.8,309.8
2016-05-06,SG1605,309.5,309.5,304.8,306.1,23318.0,,MSCI新加坡指数1605,114464.0,306.1,306.1
2016-05-09,SG1605,305.85,309.95,304.95,309.85,21048.0,,MSCI新加坡指数1605,113696.0,309.85,309.85
2016-05-10,SG1605,309.3,309.55,305.4,306.3,20411.0,,MSCI新加坡指数1605,112726.0,306.3,306.3
2016-05-11,SG1605,305.85,308.8,303.5,304.7,23459.0,,MSCI新加坡指数1605,113159.0,304.7,304.7
2016-05-12,SG1605,304.35,307.9,303.8,307.9,18349.0,,MSCI新加坡指数1605,115142.0,307.9,307.9
2016-05-13,SG1605,308.2,308.5,302.9,305.5,19627.0,,MSCI新加坡指数1605,113242.0,305.5,305.5
2016-05-16,SG1605,305.35,306.3,303.05,304.65,13194.0,,MSCI新加坡指数1605,112295.0,304.65,304.65
2016-05-17,SG1605,304.3,310.45,304.0,308.65,17105.0,,MSCI新加坡指数1605,111371.0,308.65,308.65
2016-05-18,SG1605,309.0,309.8,305.7,308.1,16389.0,,MSCI新加坡指数1605,110440.0,308.1,308.1
2016-05-19,SG1605,307.8,309.25,303.3,303.45,14634.0,,MSCI新加坡指数1605,110591.0,303.45,303.45
2016-05-20,SG1605,303.25,307.85,302.4,307.55,13217.0,,MSCI新加坡指数1605,111108.0,307.55,307.55
2016-05-23,SG1605,307.3,308.95,304.15,307.6,16864.0,,MSCI新加坡指数1605,109179.0,307.6,307.6
2016-05-24,SG1605,307.2,307.9,303.9,304.9,25883.0,,MSCI新加坡指数1605,100987.0,304.9,304.9
2016-05-25,SG1605,304.85,310.1,304.85,308.25,48734.0,,MSCI新加坡指数1605,83020.0,308.25,308.25
2016-05-26,SG1605,308.55,310.4,307.8,308.65,66178.0,,MSCI新加坡指数1605,48534.0,308.65,308.65
2016-05-27,SG1605,308.75,312.55,308.75,312.15,31331.0,,MSCI新加坡指数1605,20697.0,312.15,312.15
2016-05-30,SG1605,312.7,313.75,309.65,311.45,7824.0,,MSCI新加坡指数1605,0.0,311.45,311.45
