date,symbol,open,high,low,close,volume,amount,name,openinterest,settleprice,price
2016-04-29,SG1607,0.0,0.0,0.0,317.7,0.0,,MSCI新加坡指数1607,0.0,317.7,317.7
2016-05-02,SG1607,0.0,0.0,0.0,317.7,0.0,,MSCI新加坡指数1607,0.0,317.7,317.7
2016-05-03,SG1607,0.0,0.0,0.0,312.75,0.0,,MSCI新加坡指数1607,0.0,312.75,312.75
2016-05-04,SG1607,0.0,0.0,0.0,308.45,0.0,,MSCI新加坡指数1607,0.0,308.45,308.45
2016-05-05,SG1607,0.0,0.0,0.0,309.55,0.0,,MSCI新加坡指数1607,0.0,309.55,309.55
2016-05-06,SG1607,0.0,0.0,0.0,305.85,0.0,,MSCI新加坡指数1607,0.0,305.85,305.85
2016-05-09,SG1607,0.0,0.0,0.0,309.6,0.0,,MSCI新加坡指数1607,0.0,309.6,309.6
2016-05-10,SG1607,0.0,0.0,0.0,306.05,0.0,,MSCI新加坡指数1607,0.0,306.05,306.05
2016-05-11,SG1607,303.5,303.5,303.5,303.5,2.0,,MSCI新加坡指数1607,0.0,304.45,303.5
2016-05-12,SG1607,0.0,0.0,0.0,307.65,0.0,,MSCI新加坡指数1607,0.0,307.65,307.65
2016-05-13,SG1607,0.0,0.0,0.0,305.25,0.0,,MSCI新加坡指数1607,0.0,305.25,305.25
2016-05-16,SG1607,0.0,0.0,0.0,304.35,0.0,,MSCI新加坡指数1607,0.0,304.35,304.35
2016-05-17,SG1607,307.0,307.0,307.0,307.0,1.0,,MSCI新加坡指数1607,1.0,308.4,307.0
2016-05-18,SG1607,0.0,0.0,0.0,307.8,0.0,,MSCI新加坡指数1607,1.0,307.8,307.8
2016-05-19,SG1607,0.0,0.0,0.0,303.4,0.0,,MSCI新加坡指数1607,1.0,303.4,303.4
2016-05-20,SG1607,303.05,303.05,303.05,303.05,1.0,,MSCI新加坡指数1607,1.0,307.5,303.05
2016-05-23,SG1607,308.0,308.0,308.0,308.0,1.0,,MSCI新加坡指数1607,2.0,307.55,308.0
2016-05-24,SG1607,305.05,305.15,304.15,304.15,8.0,,MSCI新加坡指数1607,10.0,304.8,304.15
2016-05-25,SG1607,0.0,0.0,0.0,308.15,0.0,,MSCI新加坡指数1607,10.0,308.15,308.15
2016-05-26,SG1607,0.0,0.0,0.0,308.55,0.0,,MSCI新加坡指数1607,10.0,308.55,308.55
2016-05-27,SG1607,0.0,0.0,0.0,312.05,0.0,,MSCI新加坡指数1607,10.0,312.05,312.05
2016-05-30,SG1607,310.85,311.0,310.85,311.0,16.0,,MSCI新加坡指数1607,25.0,311.35,311.0
2016-05-31,SG1607,312.0,313.2,310.9,310.9,16.0,,MSCI新加坡指数1607,18.0,310.2,310.9
2016-06-01,SG1607,310.0,310.0,309.6,309.6,7.0,,MSCI新加坡指数1607,20.0,309.55,309.6
2016-06-02,SG1607,0.0,0.0,0.0,309.25,0.0,,MSCI新加坡指数1607,20.0,309.25,309.25
2016-06-03,SG1607,311.05,311.05,310.25,310.25,16.0,,MSCI新加坡指数1607,21.0,311.0,310.25
2016-06-06,SG1607,0.0,0.0,0.0,313.1,0.0,,MSCI新加坡指数1607,21.0,313.1,313.1
2016-06-07,SG1607,0.0,0.0,0.0,315.65,65.0,,MSCI新加坡指数1607,83.0,315.65,315.65
2016-06-08,SG1607,317.0,318.05,317.0,318.05,57.0,,MSCI新加坡指数1607,123.0,317.8,318.05
2016-06-09,SG1607,316.6,316.6,315.8,315.8,5.0,,MSCI新加坡指数1607,124.0,317.3,315.8
2016-06-10,SG1607,312.8,312.8,312.0,312.0,10.0,,MSCI新加坡指数1607,126.0,312.2,312.0
2016-06-13,SG1607,311.65,311.65,306.85,306.85,86.0,,MSCI新加坡指数1607,159.0,307.6,306.85
2016-06-14,SG1607,308.45,308.45,305.8,305.8,927.0,,MSCI新加坡指数1607,937.0,306.3,305.8
2016-06-15,SG1607,306.25,306.9,304.85,306.9,307.0,,MSCI新加坡指数1607,1085.0,307.0,306.9
2016-06-16,SG1607,306.55,307.3,303.3,304.2,318.0,,MSCI新加坡指数1607,1309.0,304.65,304.2
2016-06-17,SG1607,302.75,305.95,301.75,305.9,469.0,,MSCI新加坡指数1607,1619.0,306.3,305.9
2016-06-20,SG1607,306.15,310.5,306.15,310.0,156.0,,MSCI新加坡指数1607,1726.0,311.35,310.0
2016-06-21,SG1607,311.4,312.05,309.35,309.8,293.0,,MSCI新加坡指数1607,1880.0,310.15,309.8
2016-06-22,SG1607,310.6,312.8,309.25,310.45,500.0,,MSCI新加坡指数1607,2557.0,310.8,310.45
2016-06-23,SG1607,311.7,312.3,309.95,311.6,12766.0,,MSCI新加坡指数1607,13509.0,311.6,311.6
2016-06-24,SG1607,312.9,314.4,300.0,301.55,11986.0,,MSCI新加坡指数1607,20399.0,302.35,301.55
2016-06-27,SG1607,302.25,306.6,299.75,302.35,52413.0,,MSCI新加坡指数1607,63731.0,302.35,302.35
2016-06-28,SG1607,301.95,307.65,296.2,305.95,76493.0,,MSCI新加坡指数1607,109107.0,305.95,305.95
2016-06-29,SG1607,306.15,314.2,305.8,311.0,27520.0,,MSCI新加坡指数1607,115922.0,311.0,311.0
2016-06-30,SG1607,311.5,317.7,311.5,317.3,27541.0,,MSCI新加坡指数1607,115254.0,317.3,317.3
2016-07-01,SG1607,317.75,318.7,315.4,316.4,16857.0,,MSCI新加坡指数1607,114137.0,316.4,316.4
2016-07-04,SG1607,316.75,320.25,316.3,319.7,14979.0,,MSCI新加坡指数1607,110708.0,319.7,319.7
2016-07-05,SG1607,319.7,320.25,317.55,318.1,13368.0,,MSCI新加坡指数1607,110487.0,318.1,318.1
2016-07-06,SG1607,317.75,318.9,317.1,317.7,1039.0,,MSCI新加坡指数1607,109751.0,318.1,317.7
2016-07-07,SG1607,314.9,319.1,312.8,317.9,14123.0,,MSCI新加坡指数1607,109440.0,317.9,317.9
2016-07-08,SG1607,317.7,318.6,313.5,316.1,16393.0,,MSCI新加坡指数1607,109588.0,316.1,316.1
2016-07-11,SG1607,316.45,322.1,315.65,319.85,14066.0,,MSCI新加坡指数1607,107583.0,319.85,319.85
2016-07-12,SG1607,320.0,323.05,319.25,322.8,14842.0,,MSCI新加坡指数1607,106373.0,322.8,322.8
2016-07-13,SG1607,323.0,325.65,322.75,323.6,14490.0,,MSCI新加坡指数1607,107713.0,323.6,323.6
2016-07-14,SG1607,323.9,327.9,323.05,326.6,15551.0,,MSCI新加坡指数1607,109850.0,326.6,326.6
2016-07-15,SG1607,327.7,328.1,324.3,325.1,18205.0,,MSCI新加坡指数1607,111385.0,325.1,325.1
2016-07-18,SG1607,325.45,327.65,324.55,325.95,12998.0,,MSCI新加坡指数1607,114619.0,325.95,325.95
2016-07-19,SG1607,325.8,327.05,322.8,324.4,14705.0,,MSCI新加坡指数1607,115401.0,324.4,324.4
2016-07-20,SG1607,324.25,327.4,323.65,326.15,17755.0,,MSCI新加坡指数1607,120851.0,326.15,326.15
2016-07-21,SG1607,327.1,327.85,324.8,325.5,14676.0,,MSCI新加坡指数1607,120667.0,325.5,325.5
2016-07-22,SG1607,325.8,326.35,323.25,325.7,24194.0,,MSCI新加坡指数1607,119467.0,325.7,325.7
2016-07-25,SG1607,326.1,327.3,323.8,324.15,45535.0,,MSCI新加坡指数1607,105100.0,324.15,324.15
2016-07-26,SG1607,324.3,324.9,320.85,324.0,97827.0,,MSCI新加坡指数1607,53220.0,324.0,324.0
2016-07-27,SG1607,324.0,325.75,323.35,325.75,31133.0,,MSCI新加坡指数1607,25159.0,325.75,325.75
2016-07-28,SG1607,325.5,326.25,321.6,321.6,12227.0,,MSCI新加坡指数1607,0.0,321.6,321.6
