date,symbol,open,high,low,close,volume,amount,name,openinterest,settleprice,price
2015-09-30,SG1609,0.0,0.0,0.0,304.0,0.0,,MSCI新加坡指数1609,0.0,304.0,304.0
2015-10-01,SG1609,0.0,0.0,0.0,304.5,0.0,,MSCI新加坡指数1609,0.0,304.5,304.5
2015-10-02,SG1609,0.0,0.0,0.0,302.6,0.0,,MSCI新加坡指数1609,0.0,302.6,302.6
2015-10-05,SG1609,0.0,0.0,0.0,310.5,0.0,,MSCI新加坡指数1609,0.0,310.5,310.5
2015-10-06,SG1609,0.0,0.0,0.0,316.0,0.0,,MSCI新加坡指数1609,0.0,316.0,316.0
2015-10-07,SG1609,0.0,0.0,0.0,323.6,0.0,,MSCI新加坡指数1609,0.0,323.6,323.6
2015-10-08,SG1609,0.0,0.0,0.0,321.0,0.0,,MSCI新加坡指数1609,0.0,321.0,321.0
2015-10-09,SG1609,0.0,0.0,0.0,328.3,0.0,,MSCI新加坡指数1609,0.0,328.3,328.3
2015-10-12,SG1609,0.0,0.0,0.0,332.5,0.0,,MSCI新加坡指数1609,0.0,332.5,332.5
2015-10-13,SG1609,0.0,0.0,0.0,326.0,0.0,,MSCI新加坡指数1609,0.0,326.0,326.0
2015-10-14,SG1609,0.0,0.0,0.0,326.0,0.0,,MSCI新加坡指数1609,0.0,326.0,326.0
2015-10-15,SG1609,0.0,0.0,0.0,329.8,0.0,,MSCI新加坡指数1609,0.0,329.8,329.8
2015-10-16,SG1609,0.0,0.0,0.0,331.9,0.0,,MSCI新加坡指数1609,0.0,331.9,331.9
2015-10-19,SG1609,338.0,339.7,337.6,338.1,37.0,,MSCI新加坡指数1609,37.0,320.0,338.1
2015-10-20,SG1609,330.9,331.0,329.0,329.0,37.0,,MSCI新加坡指数1609,3.0,330.0,329.0
2015-10-21,SG1609,0.0,0.0,0.0,330.0,0.0,,MSCI新加坡指数1609,3.0,330.0,330.0
2015-10-22,SG1609,0.0,0.0,0.0,331.0,0.0,,MSCI新加坡指数1609,3.0,331.0,331.0
2015-10-23,SG1609,0.0,0.0,0.0,335.5,0.0,,MSCI新加坡指数1609,3.0,335.5,335.5
2015-10-26,SG1609,0.0,0.0,0.0,337.0,0.0,,MSCI新加坡指数1609,3.0,337.0,337.0
2015-10-27,SG1609,0.0,0.0,0.0,333.0,0.0,,MSCI新加坡指数1609,3.0,333.0,333.0
2015-10-28,SG1609,0.0,0.0,0.0,332.0,0.0,,MSCI新加坡指数1609,3.0,332.0,332.0
2015-10-29,SG1609,0.0,0.0,0.0,300.1,0.0,,MSCI新加坡指数1609,3.0,300.1,300.1
2015-10-30,SG1609,0.0,0.0,0.0,328.0,0.0,,MSCI新加坡指数1609,0.0,328.0,328.0
2015-11-02,SG1609,0.0,0.0,0.0,324.9,0.0,,MSCI新加坡指数1609,6.0,324.9,324.9
2015-11-03,SG1609,0.0,0.0,0.0,328.5,0.0,,MSCI新加坡指数1609,6.0,328.5,328.5
2015-11-04,SG1609,0.0,0.0,0.0,333.1,0.0,,MSCI新加坡指数1609,6.0,333.1,333.1
2015-11-05,SG1609,0.0,0.0,0.0,329.8,0.0,,MSCI新加坡指数1609,6.0,329.8,329.8
2015-11-06,SG1609,0.0,0.0,0.0,327.85,0.0,,MSCI新加坡指数1609,6.0,327.85,327.85
2015-11-09,SG1609,0.0,0.0,0.0,325.3,0.0,,MSCI新加坡指数1609,6.0,325.3,325.3
2015-11-10,SG1609,0.0,0.0,0.0,325.3,0.0,,MSCI新加坡指数1609,6.0,325.3,325.3
2015-11-11,SG1609,0.0,0.0,0.0,324.5,0.0,,MSCI新加坡指数1609,6.0,324.5,324.5
2015-11-12,SG1609,0.0,0.0,0.0,320.95,0.0,,MSCI新加坡指数1609,6.0,320.95,320.95
2015-11-13,SG1609,0.0,0.0,0.0,316.55,0.0,,MSCI新加坡指数1609,6.0,316.55,316.55
2015-11-16,SG1609,0.0,0.0,0.0,317.15,0.0,,MSCI新加坡指数1609,6.0,317.15,317.15
2015-11-17,SG1609,0.0,0.0,0.0,316.8,0.0,,MSCI新加坡指数1609,6.0,316.8,316.8
2015-11-18,SG1609,0.0,0.0,0.0,312.55,0.0,,MSCI新加坡指数1609,6.0,312.55,312.55
2015-11-19,SG1609,0.0,0.0,0.0,318.2,0.0,,MSCI新加坡指数1609,6.0,318.2,318.2
2015-11-20,SG1609,0.0,0.0,0.0,317.55,0.0,,MSCI新加坡指数1609,6.0,317.55,317.55
2015-11-23,SG1609,0.0,0.0,0.0,315.0,0.0,,MSCI新加坡指数1609,6.0,315.0,315.0
2015-11-24,SG1609,0.0,0.0,0.0,318.35,0.0,,MSCI新加坡指数1609,6.0,318.35,318.35
2015-11-25,SG1609,0.0,0.0,0.0,313.75,0.0,,MSCI新加坡指数1609,6.0,313.75,313.75
2015-11-26,SG1609,0.0,0.0,0.0,313.15,0.0,,MSCI新加坡指数1609,6.0,313.15,313.15
2015-11-27,SG1609,0.0,0.0,0.0,310.25,0.0,,MSCI新加坡指数1609,6.0,310.25,310.25
2015-11-30,SG1609,0.0,0.0,0.0,310.55,0.0,,MSCI新加坡指数1609,6.0,310.55,310.55
2015-12-01,SG1609,0.0,0.0,0.0,312.95,0.0,,MSCI新加坡指数1609,6.0,312.95,312.95
2015-12-02,SG1609,0.0,0.0,0.0,313.2,0.0,,MSCI新加坡指数1609,6.0,313.2,313.2
2015-12-03,SG1609,0.0,0.0,0.0,314.2,0.0,,MSCI新加坡指数1609,6.0,314.2,314.2
2015-12-04,SG1609,0.0,0.0,0.0,312.7,0.0,,MSCI新加坡指数1609,6.0,312.7,312.7
2015-12-07,SG1609,0.0,0.0,0.0,316.95,0.0,,MSCI新加坡指数1609,6.0,316.95,316.95
2015-12-08,SG1609,0.0,0.0,0.0,312.4,0.0,,MSCI新加坡指数1609,6.0,312.4,312.4
2015-12-09,SG1609,0.0,0.0,0.0,310.65,0.0,,MSCI新加坡指数1609,6.0,310.65,310.65
2015-12-10,SG1609,0.0,0.0,0.0,310.4,0.0,,MSCI新加坡指数1609,6.0,310.4,310.4
2015-12-11,SG1609,0.0,0.0,0.0,308.0,0.0,,MSCI新加坡指数1609,6.0,308.0,308.0
2015-12-14,SG1609,0.0,0.0,0.0,305.0,0.0,,MSCI新加坡指数1609,6.0,305.0,305.0
2015-12-15,SG1609,0.0,0.0,0.0,306.95,0.0,,MSCI新加坡指数1609,6.0,306.95,306.95
2015-12-16,SG1609,0.0,0.0,0.0,309.6,0.0,,MSCI新加坡指数1609,6.0,309.6,309.6
2015-12-17,SG1609,0.0,0.0,0.0,312.8,0.0,,MSCI新加坡指数1609,6.0,312.8,312.8
2015-12-18,SG1609,0.0,0.0,0.0,310.45,0.0,,MSCI新加坡指数1609,6.0,310.45,310.45
2015-12-21,SG1609,0.0,0.0,0.0,310.6,0.0,,MSCI新加坡指数1609,6.0,310.6,310.6
2015-12-22,SG1609,0.0,0.0,0.0,310.75,0.0,,MSCI新加坡指数1609,6.0,310.75,310.75
2015-12-23,SG1609,0.0,0.0,0.0,313.2,0.0,,MSCI新加坡指数1609,6.0,313.2,313.2
2015-12-24,SG1609,0.0,0.0,0.0,314.2,0.0,,MSCI新加坡指数1609,6.0,314.2,314.2
2015-12-25,SG1609,0.0,0.0,0.0,314.2,0.0,,MSCI新加坡指数1609,6.0,314.2,314.2
2015-12-28,SG1609,0.0,0.0,0.0,314.1,0.0,,MSCI新加坡指数1609,6.0,314.1,314.1
2015-12-29,SG1609,0.0,0.0,0.0,315.15,0.0,,MSCI新加坡指数1609,6.0,315.15,315.15
2015-12-30,SG1609,0.0,0.0,0.0,315.1,0.0,,MSCI新加坡指数1609,6.0,315.1,315.1
2015-12-31,SG1609,0.0,0.0,0.0,315.45,0.0,,MSCI新加坡指数1609,6.0,315.45,315.45
2016-01-04,SG1609,0.0,0.0,0.0,306.15,0.0,,MSCI新加坡指数1609,6.0,306.15,306.15
2016-01-05,SG1609,0.0,0.0,0.0,307.3,0.0,,MSCI新加坡指数1609,6.0,307.3,307.3
2016-01-06,SG1609,0.0,0.0,0.0,304.55,0.0,,MSCI新加坡指数1609,6.0,304.55,304.55
2016-01-07,SG1609,0.0,0.0,0.0,294.9,0.0,,MSCI新加坡指数1609,6.0,294.9,294.9
2016-01-08,SG1609,0.0,0.0,0.0,299.2,0.0,,MSCI新加坡指数1609,6.0,299.2,299.2
2016-01-11,SG1609,0.0,0.0,0.0,294.1,0.0,,MSCI新加坡指数1609,6.0,294.1,294.1
2016-01-12,SG1609,0.0,0.0,0.0,292.55,0.0,,MSCI新加坡指数1609,6.0,292.55,292.55
2016-01-13,SG1609,0.0,0.0,0.0,292.2,0.0,,MSCI新加坡指数1609,6.0,292.2,292.2
2016-01-14,SG1609,0.0,0.0,0.0,285.45,0.0,,MSCI新加坡指数1609,6.0,285.45,285.45
2016-01-15,SG1609,0.0,0.0,0.0,283.85,0.0,,MSCI新加坡指数1609,0.0,283.85,283.85
2016-01-18,SG1609,0.0,0.0,0.0,280.8,0.0,,MSCI新加坡指数1609,6.0,280.8,280.8
2016-01-19,SG1609,0.0,0.0,0.0,286.65,0.0,,MSCI新加坡指数1609,6.0,286.65,286.65
2016-01-20,SG1609,0.0,0.0,0.0,276.85,0.0,,MSCI新加坡指数1609,6.0,276.85,276.85
2016-01-21,SG1609,0.0,0.0,0.0,274.95,0.0,,MSCI新加坡指数1609,6.0,274.95,274.95
2016-01-22,SG1609,0.0,0.0,0.0,281.0,0.0,,MSCI新加坡指数1609,6.0,281.0,281.0
2016-01-25,SG1609,0.0,0.0,0.0,280.55,0.0,,MSCI新加坡指数1609,6.0,280.55,280.55
2016-01-26,SG1609,0.0,0.0,0.0,277.5,0.0,,MSCI新加坡指数1609,6.0,277.5,277.5
2016-01-27,SG1609,0.0,0.0,0.0,275.6,0.0,,MSCI新加坡指数1609,6.0,275.6,275.6
2016-01-28,SG1609,0.0,0.0,0.0,277.8,0.0,,MSCI新加坡指数1609,6.0,277.8,277.8
2016-01-29,SG1609,0.0,0.0,0.0,286.65,0.0,,MSCI新加坡指数1609,6.0,286.65,286.65
2016-02-01,SG1609,0.0,0.0,0.0,281.95,0.0,,MSCI新加坡指数1609,6.0,281.95,281.95
2016-02-02,SG1609,0.0,0.0,0.0,279.45,0.0,,MSCI新加坡指数1609,6.0,279.45,279.45
2016-02-03,SG1609,0.0,0.0,0.0,276.35,0.0,,MSCI新加坡指数1609,6.0,276.35,276.35
2016-02-04,SG1609,0.0,0.0,0.0,278.25,0.0,,MSCI新加坡指数1609,6.0,278.25,278.25
2016-02-05,SG1609,0.0,0.0,0.0,288.5,0.0,,MSCI新加坡指数1609,6.0,288.5,288.5
2016-02-10,SG1609,0.0,0.0,0.0,281.25,0.0,,MSCI新加坡指数1609,6.0,281.25,281.25
2016-02-11,SG1609,0.0,0.0,0.0,276.4,0.0,,MSCI新加坡指数1609,6.0,276.4,276.4
2016-02-12,SG1609,0.0,0.0,0.0,278.4,0.0,,MSCI新加坡指数1609,6.0,278.4,278.4
2016-02-15,SG1609,0.0,0.0,0.0,285.35,0.0,,MSCI新加坡指数1609,6.0,285.35,285.35
2016-02-16,SG1609,0.0,0.0,0.0,289.3,0.0,,MSCI新加坡指数1609,6.0,289.3,289.3
2016-02-17,SG1609,0.0,0.0,0.0,286.6,0.0,,MSCI新加坡指数1609,6.0,286.6,286.6
2016-02-18,SG1609,0.0,0.0,0.0,291.55,0.0,,MSCI新加坡指数1609,6.0,291.55,291.55
2016-02-19,SG1609,0.0,0.0,0.0,292.5,0.0,,MSCI新加坡指数1609,6.0,292.5,292.5
2016-02-22,SG1609,0.0,0.0,0.0,291.9,0.0,,MSCI新加坡指数1609,6.0,291.9,291.9
2016-02-23,SG1609,0.0,0.0,0.0,292.9,0.0,,MSCI新加坡指数1609,6.0,292.9,292.9
2016-02-24,SG1609,0.0,0.0,0.0,286.05,0.0,,MSCI新加坡指数1609,6.0,286.05,286.05
2016-02-25,SG1609,0.0,0.0,0.0,284.6,0.0,,MSCI新加坡指数1609,6.0,284.6,284.6
2016-02-26,SG1609,0.0,0.0,0.0,291.35,0.0,,MSCI新加坡指数1609,0.0,291.35,291.35
2016-02-29,SG1609,0.0,0.0,0.0,292.95,0.0,,MSCI新加坡指数1609,6.0,292.95,292.95
2016-03-01,SG1609,0.0,0.0,0.0,293.3,0.0,,MSCI新加坡指数1609,6.0,293.3,293.3
2016-03-02,SG1609,0.0,0.0,0.0,298.8,0.0,,MSCI新加坡指数1609,6.0,298.8,298.8
2016-03-03,SG1609,0.0,0.0,0.0,305.95,0.0,,MSCI新加坡指数1609,6.0,305.95,305.95
2016-03-04,SG1609,0.0,0.0,0.0,312.6,0.0,,MSCI新加坡指数1609,6.0,312.6,312.6
2016-03-07,SG1609,0.0,0.0,0.0,311.05,0.0,,MSCI新加坡指数1609,6.0,311.05,311.05
2016-03-08,SG1609,0.0,0.0,0.0,305.95,0.0,,MSCI新加坡指数1609,6.0,305.95,305.95
2016-03-09,SG1609,0.0,0.0,0.0,309.2,0.0,,MSCI新加坡指数1609,6.0,309.2,309.2
2016-03-10,SG1609,0.0,0.0,0.0,308.15,0.0,,MSCI新加坡指数1609,6.0,308.15,308.15
2016-03-11,SG1609,0.0,0.0,0.0,311.55,0.0,,MSCI新加坡指数1609,6.0,311.55,311.55
2016-03-14,SG1609,0.0,0.0,0.0,313.25,0.0,,MSCI新加坡指数1609,6.0,313.25,313.25
2016-03-15,SG1609,312.0,312.0,312.0,312.0,10.0,,MSCI新加坡指数1609,16.0,312.6,312.0
2016-03-16,SG1609,0.0,0.0,0.0,313.3,0.0,,MSCI新加坡指数1609,16.0,313.3,313.3
2016-03-16,SG1609,,,,1136.1,0.0,,标普500成长1609,0.0,1136.1,1136.1
2016-03-17,SG1609,0.0,0.0,0.0,317.35,0.0,,MSCI新加坡指数1609,16.0,317.35,317.35
2016-03-17,SG1609,,,,1140.3,0.0,,标普500成长1609,0.0,1140.3,1140.3
2016-03-18,SG1609,0.0,0.0,0.0,321.2,0.0,,MSCI新加坡指数1609,16.0,321.2,321.2
2016-03-18,SG1609,,,,1142.8,0.0,,标普500成长1609,0.0,1143.0,1142.8
2016-03-21,SG1609,0.0,0.0,0.0,318.95,0.0,,MSCI新加坡指数1609,16.0,318.95,318.95
2016-03-21,SG1609,,,,1145.3,0.0,,标普500成长1609,0.0,1145.3,1145.3
2016-03-22,SG1609,0.0,0.0,0.0,317.9,0.0,,MSCI新加坡指数1609,16.0,317.9,317.9
2016-03-22,SG1609,,,,1147.1,0.0,,标普500成长1609,0.0,1146.9,1147.1
2016-03-23,SG1609,,,,1141.9,0.0,,标普500成长1609,0.0,1141.6,1141.9
2016-03-23,SG1609,0.0,0.0,0.0,318.0,0.0,,MSCI新加坡指数1609,16.0,318.0,318.0
2016-03-24,SG1609,0.0,0.0,0.0,313.15,0.0,,MSCI新加坡指数1609,16.0,313.15,313.15
2016-03-24,SG1609,,,,1140.6,0.0,,标普500成长1609,0.0,1141.7,1140.6
2016-03-25,SG1609,0.0,0.0,0.0,313.15,0.0,,MSCI新加坡指数1609,16.0,313.15,313.15
2016-03-28,SG1609,0.0,0.0,0.0,311.55,0.0,,MSCI新加坡指数1609,16.0,311.55,311.55
2016-03-28,SG1609,,,,1142.6,0.0,,标普500成长1609,0.0,1142.2,1142.6
2016-03-29,SG1609,0.0,0.0,0.0,310.25,0.0,,MSCI新加坡指数1609,16.0,310.25,310.25
2016-03-29,SG1609,,,,1155.9,0.0,,标普500成长1609,0.0,1156.3,1155.9
2016-03-30,SG1609,0.0,0.0,0.0,318.15,0.0,,MSCI新加坡指数1609,16.0,318.15,318.15
2016-03-30,SG1609,,,,1161.7,0.0,,标普500成长1609,0.0,1161.7,1161.7
2016-03-31,SG1609,0.0,0.0,0.0,313.7,0.0,,MSCI新加坡指数1609,16.0,313.7,313.7
2016-03-31,SG1609,,,,1159.6,0.0,,标普500成长1609,0.0,1162.4,1159.6
2016-04-01,SG1609,,,,1169.8,0.0,,标普500成长1609,0.0,1171.6,1169.8
2016-04-01,SG1609,0.0,0.0,0.0,310.4,0.0,,MSCI新加坡指数1609,16.0,310.4,310.4
2016-04-04,SG1609,0.0,0.0,0.0,311.85,0.0,,MSCI新加坡指数1609,16.0,311.85,311.85
2016-04-04,SG1609,,,,1166.0,0.0,,标普500成长1609,0.0,1166.5,1166.0
2016-04-05,SG1609,0.0,0.0,0.0,306.55,0.0,,MSCI新加坡指数1609,16.0,306.55,306.55
2016-04-05,SG1609,,,,1155.2,0.0,,标普500成长1609,0.0,1155.2,1155.2
2016-04-06,SG1609,0.0,0.0,0.0,308.25,0.0,,MSCI新加坡指数1609,16.0,308.25,308.25
2016-04-06,SG1609,,,,1169.3,0.0,,标普500成长1609,0.0,1170.2,1169.3
2016-04-07,SG1609,0.0,0.0,0.0,309.0,0.0,,MSCI新加坡指数1609,16.0,309.0,309.0
2016-04-07,SG1609,,,,1156.2,0.0,,标普500成长1609,0.0,1156.1,1156.2
2016-04-08,SG1609,0.0,0.0,0.0,308.2,0.0,,MSCI新加坡指数1609,16.0,308.2,308.2
2016-04-08,SG1609,,,,1157.0,0.0,,标普500成长1609,0.0,1157.0,1157.0
2016-04-11,SG1609,,,,1152.4,0.0,,标普500成长1609,0.0,1152.3,1152.4
2016-04-11,SG1609,0.0,0.0,0.0,308.4,0.0,,MSCI新加坡指数1609,16.0,308.4,308.4
2016-04-12,SG1609,0.0,0.0,0.0,308.5,0.0,,MSCI新加坡指数1609,16.0,308.5,308.5
2016-04-12,SG1609,,,,1160.7,0.0,,标普500成长1609,0.0,1161.0,1160.7
2016-04-13,SG1609,,,,1170.4,0.0,,标普500成长1609,0.0,1171.1,1170.4
2016-04-13,SG1609,317.5,317.5,317.5,317.5,10.0,,MSCI新加坡指数1609,16.0,319.05,317.5
2016-04-14,SG1609,,,,1170.7,0.0,,标普500成长1609,0.0,1170.8,1170.7
2016-04-14,SG1609,0.0,0.0,0.0,320.6,0.0,,MSCI新加坡指数1609,6.0,320.6,320.6
2016-04-15,SG1609,0.0,0.0,0.0,322.65,0.0,,MSCI新加坡指数1609,6.0,322.65,322.65
2016-04-15,SG1609,,,,1169.9,0.0,,标普500成长1609,0.0,1170.9,1169.9
2016-04-18,SG1609,0.0,0.0,0.0,321.3,0.0,,MSCI新加坡指数1609,6.0,321.3,321.3
2016-04-18,SG1609,,,,1177.0,0.0,,标普500成长1609,0.0,1177.8,1177.0
2016-04-19,SG1609,,,,1175.2,0.0,,标普500成长1609,0.0,1175.5,1175.2
2016-04-19,SG1609,0.0,0.0,0.0,325.45,0.0,,MSCI新加坡指数1609,6.0,325.45,325.45
2016-04-20,SG1609,0.0,0.0,0.0,325.55,0.0,,MSCI新加坡指数1609,6.0,325.55,325.55
2016-04-20,SG1609,,,,1177.7,0.0,,标普500成长1609,0.0,1171.9,1177.7
2016-04-21,SG1609,,,,1167.0,0.0,,标普500成长1609,0.0,1171.5,1167.0
2016-04-21,SG1609,0.0,0.0,0.0,326.9,0.0,,MSCI新加坡指数1609,6.0,326.9,326.9
2016-04-22,SG1609,0.0,0.0,0.0,324.3,0.0,,MSCI新加坡指数1609,6.0,324.3,324.3
2016-04-22,SG1609,,,,1163.1,0.0,,标普500成长1609,0.0,1163.7,1163.1
2016-04-25,SG1609,,,,1163.2,0.0,,标普500成长1609,0.0,1163.6,1163.2
2016-04-25,SG1609,0.0,0.0,0.0,319.55,0.0,,MSCI新加坡指数1609,6.0,319.55,319.55
2016-04-26,SG1609,0.0,0.0,0.0,319.95,0.0,,MSCI新加坡指数1609,6.0,319.95,319.95
2016-04-26,SG1609,,,,1162.9,0.0,,标普500成长1609,0.0,1162.5,1162.9
2016-04-27,SG1609,0.0,0.0,0.0,317.8,0.0,,MSCI新加坡指数1609,6.0,317.8,317.8
2016-04-27,SG1609,,,,1160.1,0.0,,标普500成长1609,0.0,1159.4,1160.1
2016-04-28,SG1609,0.0,0.0,0.0,316.25,0.0,,MSCI新加坡指数1609,6.0,316.25,316.25
2016-04-28,SG1609,,,,1147.2,0.0,,标普500成长1609,0.0,1149.2,1147.2
2016-04-29,SG1609,0.0,0.0,0.0,314.15,0.0,,MSCI新加坡指数1609,6.0,314.15,314.15
2016-04-29,SG1609,,,,1143.9,0.0,,标普500成长1609,0.0,1146.8,1143.9
2016-05-02,SG1609,0.0,0.0,0.0,314.15,0.0,,MSCI新加坡指数1609,6.0,314.15,314.15
2016-05-02,SG1609,,,,1154.0,0.0,,标普500成长1609,0.0,1154.4,1154.0
2016-05-03,SG1609,0.0,0.0,0.0,309.2,0.0,,MSCI新加坡指数1609,6.0,309.2,309.2
2016-05-03,SG1609,,,,1146.1,0.0,,标普500成长1609,0.0,1146.4,1146.1
2016-05-04,SG1609,0.0,0.0,0.0,304.9,0.0,,MSCI新加坡指数1609,6.0,304.9,304.9
2016-05-04,SG1609,,,,1141.3,0.0,,标普500成长1609,0.0,1141.3,1141.3
2016-05-05,SG1609,,,,1141.3,0.0,,标普500成长1609,0.0,1141.3,1141.3
2016-05-05,SG1609,0.0,0.0,0.0,305.95,0.0,,MSCI新加坡指数1609,6.0,305.95,305.95
2016-05-06,SG1609,0.0,0.0,0.0,302.25,0.0,,MSCI新加坡指数1609,6.0,302.25,302.25
2016-05-06,SG1609,,,,1146.2,0.0,,标普500成长1609,0.0,1146.2,1146.2
2016-05-09,SG1609,,,,1151.3,0.0,,标普500成长1609,0.0,1151.1,1151.3
2016-05-09,SG1609,0.0,0.0,0.0,306.05,0.0,,MSCI新加坡指数1609,6.0,306.05,306.05
2016-05-10,SG1609,0.0,0.0,0.0,302.45,0.0,,MSCI新加坡指数1609,6.0,302.45,302.45
2016-05-10,SG1609,,,,1164.2,0.0,,标普500成长1609,0.0,1165.5,1164.2
2016-05-11,SG1609,,,,1152.6,0.0,,标普500成长1609,0.0,1153.2,1152.6
2016-05-11,SG1609,0.0,0.0,0.0,300.85,0.0,,MSCI新加坡指数1609,6.0,300.85,300.85
2016-05-12,SG1609,0.0,0.0,0.0,304.05,0.0,,MSCI新加坡指数1609,6.0,304.05,304.05
2016-05-12,SG1609,,,,1152.6,0.0,,标普500成长1609,0.0,1152.6,1152.6
2016-05-13,SG1609,,,,1145.1,0.0,,标普500成长1609,0.0,1145.5,1145.1
2016-05-13,SG1609,0.0,0.0,0.0,301.55,0.0,,MSCI新加坡指数1609,6.0,301.55,301.55
2016-05-16,SG1609,,,,1157.8,0.0,,标普500成长1609,0.0,1157.5,1157.8
2016-05-16,SG1609,0.0,0.0,0.0,300.65,0.0,,MSCI新加坡指数1609,6.0,300.65,300.65
2016-05-17,SG1609,,,,1142.8,0.0,,标普500成长1609,0.0,1143.5,1142.8
2016-05-17,SG1609,0.0,0.0,0.0,304.7,0.0,,MSCI新加坡指数1609,6.0,304.7,304.7
2016-05-18,SG1609,0.0,0.0,0.0,304.15,0.0,,MSCI新加坡指数1609,6.0,304.15,304.15
2016-05-18,SG1609,,,,1142.8,0.0,,标普500成长1609,0.0,1144.2,1142.8
2016-05-19,SG1609,,,,1138.2,0.0,,标普500成长1609,0.0,1138.6,1138.2
2016-05-19,SG1609,303.3,303.3,303.3,303.3,3.0,,MSCI新加坡指数1609,6.0,299.45,303.3
2016-05-20,SG1609,0.0,0.0,0.0,303.55,0.0,,MSCI新加坡指数1609,6.0,303.55,303.55
2016-05-20,SG1609,,,,1146.3,0.0,,标普500成长1609,0.0,1146.4,1146.3
2016-05-23,SG1609,0.0,0.0,0.0,303.6,0.0,,MSCI新加坡指数1609,6.0,303.6,303.6
2016-05-23,SG1609,,,,1144.4,0.0,,标普500成长1609,0.0,1144.0,1144.4
2016-05-24,SG1609,,,,1164.1,0.0,,标普500成长1609,0.0,1164.1,1164.1
2016-05-24,SG1609,0.0,0.0,0.0,300.85,0.0,,MSCI新加坡指数1609,6.0,300.85,300.85
2016-05-25,SG1609,0.0,0.0,0.0,304.8,0.0,,MSCI新加坡指数1609,6.0,304.8,304.8
2016-05-25,SG1609,,,,1168.2,0.0,,标普500成长1609,0.0,1168.4,1168.2
2016-05-26,SG1609,,,,1169.6,0.0,,标普500成长1609,0.0,1169.5,1169.6
2016-05-26,SG1609,0.0,0.0,0.0,304.55,0.0,,MSCI新加坡指数1609,6.0,304.55,304.55
2016-05-27,SG1609,310.45,310.45,310.45,310.45,2.0,,MSCI新加坡指数1609,8.0,308.1,310.45
2016-05-27,SG1609,,,,1173.8,0.0,,标普500成长1609,0.0,1174.2,1173.8
2016-05-30,SG1609,0.0,0.0,0.0,307.35,0.0,,MSCI新加坡指数1609,8.0,307.35,307.35
2016-05-31,SG1609,,,,1175.1,0.0,,标普500成长1609,0.0,1175.1,1175.1
2016-05-31,SG1609,0.0,0.0,0.0,306.2,0.0,,MSCI新加坡指数1609,8.0,306.2,306.2
2016-06-01,SG1609,,,,1174.1,0.0,,标普500成长1609,0.0,1174.5,1174.1
2016-06-01,SG1609,0.0,0.0,0.0,305.6,0.0,,MSCI新加坡指数1609,8.0,305.6,305.6
2016-06-02,SG1609,,,,1176.9,0.0,,标普500成长1609,0.0,1177.7,1176.9
2016-06-02,SG1609,0.0,0.0,0.0,306.35,0.0,,MSCI新加坡指数1609,8.0,306.35,306.35
2016-06-03,SG1609,,,,1174.9,0.0,,标普500成长1609,0.0,1175.0,1174.9
2016-06-03,SG1609,0.0,0.0,0.0,308.1,0.0,,MSCI新加坡指数1609,8.0,308.1,308.1
2016-06-06,SG1609,0.0,0.0,0.0,310.2,0.0,,MSCI新加坡指数1609,8.0,310.2,310.2
2016-06-06,SG1609,,,,1178.9,0.0,,标普500成长1609,0.0,1178.6,1178.9
2016-06-07,SG1609,,,,1178.8,0.0,,标普500成长1609,0.0,1178.9,1178.8
2016-06-07,SG1609,0.0,0.0,0.0,312.75,0.0,,MSCI新加坡指数1609,8.0,312.75,312.75
2016-06-08,SG1609,0.0,0.0,0.0,314.0,0.0,,MSCI新加坡指数1609,8.0,314.0,314.0
2016-06-08,SG1609,,,,1182.0,0.0,,标普500成长1609,0.0,1182.7,1182.0
2016-06-09,SG1609,,,,1181.2,9.0,,标普500成长1609,0.0,1182.6,1181.2
2016-06-09,SG1609,0.0,0.0,0.0,313.55,0.0,,MSCI新加坡指数1609,8.0,313.55,313.55
2016-06-10,SG1609,311.5,311.5,311.3,311.3,2.0,,MSCI新加坡指数1609,10.0,309.05,311.3
2016-06-10,SG1609,,,,1170.6,0.0,,标普500成长1609,9.0,1171.6,1170.6
2016-06-13,SG1609,1165.0,1165.0,1161.5,1161.5,8.0,,标普500成长1609,9.0,1161.2,1161.5
2016-06-13,SG1609,0.0,0.0,0.0,303.55,0.0,,MSCI新加坡指数1609,10.0,303.55,303.55
2016-06-14,SG1609,0.0,0.0,0.0,302.55,0.0,,MSCI新加坡指数1609,10.0,302.55,302.55
2016-06-14,SG1609,,,,1160.4,0.0,,标普500成长1609,17.0,1161.0,1160.4
2016-06-15,SG1609,0.0,0.0,0.0,303.25,0.0,,MSCI新加坡指数1609,10.0,303.25,303.25
2016-06-15,SG1609,,,,1159.1,4.0,,标普500成长1609,17.0,1159.2,1159.1
2016-06-16,SG1609,,,,1162.7,0.0,,标普500成长1609,21.0,1162.7,1162.7
2016-06-16,SG1609,0.0,0.0,0.0,300.6,0.0,,MSCI新加坡指数1609,10.0,300.6,300.6
2016-06-17,SG1609,302.1,302.1,302.1,302.1,1.0,,MSCI新加坡指数1609,11.0,302.25,302.1
2016-06-17,SG1609,,,,1154.5,0.0,,标普500成长1609,21.0,1154.5,1154.5
2016-06-20,SG1609,308.95,308.95,308.95,308.95,1.0,,MSCI新加坡指数1609,12.0,307.3,308.95
2016-06-20,SG1609,,,,1161.0,0.0,,标普500成长1609,21.0,1161.2,1161.0
2016-06-21,SG1609,,,,1164.4,0.0,,标普500成长1609,21.0,1163.7,1164.4
2016-06-21,SG1609,0.0,0.0,0.0,306.1,0.0,,MSCI新加坡指数1609,12.0,306.1,306.1
2016-06-22,SG1609,0.0,0.0,0.0,306.9,0.0,,MSCI新加坡指数1609,12.0,306.9,306.9
2016-06-22,SG1609,,,,1161.7,0.0,,标普500成长1609,21.0,1161.4,1161.7
2016-06-23,SG1609,,,,1174.0,0.0,,标普500成长1609,21.0,1175.1,1174.0
2016-06-23,SG1609,0.0,0.0,0.0,308.3,0.0,,MSCI新加坡指数1609,12.0,308.3,308.3
2016-06-24,SG1609,0.0,0.0,0.0,298.6,0.0,,MSCI新加坡指数1609,12.0,298.6,298.6
2016-06-24,SG1609,,,,1135.1,0.0,,标普500成长1609,21.0,1135.1,1135.1
2016-06-27,SG1609,0.0,0.0,0.0,298.55,0.0,,MSCI新加坡指数1609,12.0,298.55,298.55
2016-06-27,SG1609,,,,1119.6,0.0,,标普500成长1609,21.0,1116.2,1119.6
2016-06-28,SG1609,298.75,302.0,298.75,302.0,2.0,,MSCI新加坡指数1609,13.0,302.2,302.0
2016-06-28,SG1609,,,,1136.7,0.0,,标普500成长1609,21.0,1136.7,1136.7
2016-06-29,SG1609,0.0,0.0,0.0,306.95,0.0,,MSCI新加坡指数1609,13.0,306.95,306.95
2016-06-29,SG1609,1153.2,1155.2,1153.2,1153.5,2.0,,标普500成长1609,21.0,1154.4,1153.5
2016-06-30,SG1609,313.8,315.0,313.8,315.0,2.0,,MSCI新加坡指数1609,13.0,313.2,315.0
2016-06-30,SG1609,1167.1,1167.1,1167.1,1167.1,1.0,,标普500成长1609,21.0,1171.4,1167.1
2016-07-01,SG1609,0.0,0.0,0.0,312.3,0.0,,MSCI新加坡指数1609,13.0,312.3,312.3
2016-07-01,SG1609,1174.3,1175.5,1169.8,1172.6,2.0,,标普500成长1609,21.0,1172.9,1172.6
2016-07-04,SG1609,0.0,0.0,0.0,315.6,0.0,,MSCI新加坡指数1609,13.0,315.6,315.6
2016-07-05,SG1609,,,,1168.9,0.0,,标普500成长1609,22.0,1168.1,1168.9
2016-07-05,SG1609,0.0,0.0,0.0,314.0,0.0,,MSCI新加坡指数1609,13.0,314.0,314.0
2016-07-06,SG1609,1165.7,1174.8,1163.2,1174.8,1.0,,标普500成长1609,22.0,1175.0,1174.8
2016-07-06,SG1609,0.0,0.0,0.0,314.0,0.0,,MSCI新加坡指数1609,13.0,314.0,314.0
2016-07-07,SG1609,,,,1174.6,0.0,,标普500成长1609,21.0,1175.2,1174.6
2016-07-07,SG1609,0.0,0.0,0.0,313.8,0.0,,MSCI新加坡指数1609,13.0,313.8,313.8
2016-07-08,SG1609,0.0,0.0,0.0,312.0,0.0,,MSCI新加坡指数1609,13.0,312.0,312.0
2016-07-08,SG1609,,,,1192.4,0.0,,标普500成长1609,21.0,1192.8,1192.4
2016-07-11,SG1609,0.0,0.0,0.0,315.7,0.0,,MSCI新加坡指数1609,13.0,315.7,315.7
2016-07-11,SG1609,,,,1197.6,0.0,,标普500成长1609,21.0,1196.9,1197.6
2016-07-12,SG1609,0.0,0.0,0.0,318.65,1.0,,MSCI新加坡指数1609,14.0,318.65,318.65
2016-07-12,SG1609,,,,1203.5,0.0,,标普500成长1609,21.0,1203.0,1203.5
2016-07-13,SG1609,0.0,0.0,0.0,319.45,1.0,,MSCI新加坡指数1609,15.0,319.45,319.45
2016-07-13,SG1609,,,,1201.9,0.0,,标普500成长1609,21.0,1201.9,1201.9
2016-07-14,SG1609,321.8,321.8,321.8,321.8,1.0,,MSCI新加坡指数1609,15.0,322.4,321.8
2016-07-14,SG1609,,,,1208.8,0.0,,标普500成长1609,21.0,1208.5,1208.8
2016-07-15,SG1609,,,,1206.6,0.0,,标普500成长1609,21.0,1206.6,1206.6
2016-07-15,SG1609,0.0,0.0,0.0,320.9,0.0,,MSCI新加坡指数1609,15.0,320.9,320.9
2016-07-18,SG1609,,,,1210.2,0.0,,标普500成长1609,21.0,1210.9,1210.2
2016-07-18,SG1609,321.2,321.2,321.2,321.2,1.0,,MSCI新加坡指数1609,15.0,321.75,321.2
2016-07-19,SG1609,1205.8,1210.0,1205.8,1210.0,2.0,,标普500成长1609,21.0,1209.0,1210.0
2016-07-19,SG1609,0.0,0.0,0.0,320.2,0.0,,MSCI新加坡指数1609,15.0,320.2,320.2
2016-07-20,SG1609,,,,1215.9,0.0,,标普500成长1609,21.0,1217.4,1215.9
2016-07-20,SG1609,322.95,323.0,322.95,323.0,3.0,,MSCI新加坡指数1609,18.0,321.95,323.0
2016-07-21,SG1609,,,,1211.9,0.0,,标普500成长1609,21.0,1213.0,1211.9
2016-07-21,SG1609,0.0,0.0,0.0,321.3,0.0,,MSCI新加坡指数1609,18.0,321.3,321.3
2016-07-22,SG1609,,,,1217.0,0.0,,标普500成长1609,21.0,1217.1,1217.0
2016-07-22,SG1609,0.0,0.0,0.0,321.45,0.0,,MSCI新加坡指数1609,18.0,321.45,321.45
2016-07-25,SG1609,1213.5,1214.5,1212.9,1214.5,2.0,,标普500成长1609,21.0,1215.1,1214.5
2016-07-25,SG1609,323.4,324.15,322.7,324.15,85.0,,MSCI新加坡指数1609,100.0,319.9,324.15
2016-07-26,SG1609,1216.7,1216.8,1210.8,1213.2,1.0,,标普500成长1609,21.0,1214.1,1213.2
2016-07-26,SG1609,0.0,0.0,0.0,319.75,0.0,,MSCI新加坡指数1609,100.0,319.75,319.75
2016-07-27,SG1609,,,,1216.7,0.0,,标普500成长1609,21.0,1215.9,1216.7
2016-07-27,SG1609,324.05,324.05,324.05,324.05,3.0,,MSCI新加坡指数1609,103.0,321.5,324.05
2016-07-28,SG1609,,,,1220.5,0.0,,标普500成长1609,21.0,1220.4,1220.5
2016-07-28,SG1609,318.15,318.15,317.55,317.65,25.0,,MSCI新加坡指数1609,109.0,317.65,317.65
2016-07-29,SG1609,,,,1223.7,0.0,,标普500成长1609,21.0,1225.5,1223.7
2016-07-29,SG1609,314.5,314.5,311.7,311.7,20.0,,MSCI新加坡指数1609,0.0,312.7,311.7
2016-08-01,SG1609,316.25,316.3,315.65,316.3,27.0,,MSCI新加坡指数1609,104.0,316.45,316.3
2016-08-01,SG1609,,,,1224.9,0.0,,标普500成长1609,21.0,1225.5,1224.9
2016-08-02,SG1609,314.8,315.1,311.3,311.3,13.0,,MSCI新加坡指数1609,100.0,311.55,311.3
2016-08-02,SG1609,,,,1218.4,0.0,,标普500成长1609,21.0,1218.0,1218.4
2016-08-03,SG1609,308.35,308.35,308.35,308.35,29.0,,MSCI新加坡指数1609,118.0,310.3,308.35
2016-08-03,SG1609,,,,1218.3,0.0,,标普500成长1609,21.0,1219.4,1218.3
2016-08-04,SG1609,311.9,311.9,311.0,311.3,89.0,,MSCI新加坡指数1609,200.0,310.9,311.3
2016-08-04,SG1609,,,,1221.5,0.0,,标普500成长1609,21.0,1221.7,1221.5
2016-08-05,SG1609,312.4,312.4,312.4,312.4,7.0,,MSCI新加坡指数1609,201.0,310.7,312.4
2016-08-05,SG1609,,,,1229.5,0.0,,标普500成长1609,21.0,1229.7,1229.5
2016-08-08,SG1609,,,,1226.5,0.0,,标普500成长1609,21.0,1226.9,1226.5
2016-08-08,SG1609,313.8,316.0,313.8,316.0,17.0,,MSCI新加坡指数1609,208.0,316.0,316.0
2016-08-09,SG1609,,,,1228.6,0.0,,标普500成长1609,21.0,1228.8,1228.6
2016-08-09,SG1609,0.0,0.0,0.0,316.0,0.0,,MSCI新加坡指数1609,208.0,316.0,316.0
2016-08-10,SG1609,,,,1226.8,0.0,,标普500成长1609,21.0,1227.3,1226.8
2016-08-10,SG1609,318.05,318.05,315.35,315.35,8.0,,MSCI新加坡指数1609,210.0,315.5,315.35
2016-08-11,SG1609,,,,1232.4,0.0,,标普500成长1609,21.0,1232.4,1232.4
2016-08-11,SG1609,315.0,315.75,313.35,315.75,5.0,,MSCI新加坡指数1609,209.0,315.75,315.75
2016-08-12,SG1609,,,,1229.8,0.0,,标普500成长1609,21.0,1230.8,1229.8
2016-08-12,SG1609,316.55,316.55,313.3,313.3,59.0,,MSCI新加坡指数1609,255.0,314.45,313.3
2016-08-15,SG1609,,,,1234.8,0.0,,标普500成长1609,21.0,1234.0,1234.8
2016-08-15,SG1609,0.0,0.0,0.0,315.9,50.0,,MSCI新加坡指数1609,305.0,315.9,315.9
2016-08-16,SG1609,,,,1227.2,0.0,,标普500成长1609,21.0,1226.3,1227.2
2016-08-16,SG1609,317.0,317.6,315.9,316.65,136.0,,MSCI新加坡指数1609,426.0,315.2,316.65
2016-08-17,SG1609,,,,1226.9,0.0,,标普500成长1609,21.0,1227.4,1226.9
2016-08-17,SG1609,315.2,315.2,313.0,313.4,928.0,,MSCI新加坡指数1609,1250.0,313.25,313.4
2016-08-18,SG1609,,,,1227.3,0.0,,标普500成长1609,21.0,1228.2,1227.3
2016-08-18,SG1609,313.85,314.35,312.0,312.8,617.0,,MSCI新加坡指数1609,1836.0,312.65,312.8
2016-08-19,SG1609,,,,1227.6,0.0,,标普500成长1609,21.0,1227.9,1227.6
2016-08-19,SG1609,312.6,313.85,312.3,312.95,711.0,,MSCI新加坡指数1609,2534.0,312.8,312.95
2016-08-22,SG1609,,,,1228.0,0.0,,标普500成长1609,21.0,1228.5,1228.0
2016-08-22,SG1609,312.7,313.75,311.7,312.3,1143.0,,MSCI新加坡指数1609,3525.0,312.45,312.3
2016-08-23,SG1609,,,,1232.4,0.0,,标普500成长1609,21.0,1231.8,1232.4
2016-08-23,SG1609,311.75,314.25,311.65,314.1,6197.0,,MSCI新加坡指数1609,8845.0,314.1,314.1
2016-08-24,SG1609,314.4,316.9,313.45,316.6,6945.0,,MSCI新加坡指数1609,15694.0,316.6,316.6
2016-08-24,SG1609,,,,1222.1,0.0,,标普500成长1609,21.0,1224.1,1222.1
2016-08-25,SG1609,317.05,318.25,315.75,318.25,44293.0,,MSCI新加坡指数1609,51830.0,318.25,318.25
2016-08-25,SG1609,,,,1222.1,0.0,,标普500成长1609,21.0,1221.3,1222.1
2016-08-26,SG1609,318.35,318.9,314.7,315.35,75481.0,,MSCI新加坡指数1609,114172.0,315.35,315.35
2016-08-26,SG1609,1220.3,1229.3,1216.1,1220.7,1.0,,标普500成长1609,21.0,1221.2,1220.7
2016-08-29,SG1609,315.45,316.5,311.0,311.5,39382.0,,MSCI新加坡指数1609,131245.0,311.5,311.5
2016-08-29,SG1609,,,,1225.8,0.0,,标普500成长1609,21.0,1225.3,1225.8
2016-08-30,SG1609,,,,1220.6,0.0,,标普500成长1609,21.0,1220.7,1220.6
2016-08-30,SG1609,312.0,315.55,310.55,311.35,21284.0,,MSCI新加坡指数1609,130805.0,311.35,311.35
2016-08-31,SG1609,1218.0,1218.0,1218.0,1218.0,3.0,,标普500成长1609,21.0,1219.8,1218.0
2016-08-31,SG1609,311.4,312.0,309.65,310.4,15128.0,,MSCI新加坡指数1609,129552.0,310.4,310.4
2016-09-01,SG1609,,,,1218.7,0.0,,标普500成长1609,24.0,1219.6,1218.7
2016-09-01,SG1609,310.4,311.9,307.75,309.5,14601.0,,MSCI新加坡指数1609,129319.0,309.5,309.5
2016-09-02,SG1609,,,,1223.5,0.0,,标普500成长1609,24.0,1224.6,1223.5
2016-09-02,SG1609,309.45,310.0,306.75,307.9,16382.0,,MSCI新加坡指数1609,127206.0,307.9,307.9
2016-09-05,SG1609,308.0,314.0,306.95,313.95,17090.0,,MSCI新加坡指数1609,124422.0,313.95,313.95
2016-09-06,SG1609,,,,1228.1,0.0,,标普500成长1609,24.0,1228.5,1228.1
2016-09-06,SG1609,313.95,320.75,313.25,319.7,31239.0,,MSCI新加坡指数1609,128738.0,319.7,319.7
2016-09-07,SG1609,,,,1227.5,0.0,,标普500成长1609,24.0,1228.3,1227.5
2016-09-07,SG1609,319.8,321.45,317.95,319.4,18108.0,,MSCI新加坡指数1609,130469.0,319.4,319.4
2016-09-08,SG1609,319.3,320.35,317.5,319.85,15559.0,,MSCI新加坡指数1609,129670.0,319.85,319.85
2016-09-08,SG1609,,,,1221.5,9.0,,标普500成长1609,24.0,1222.2,1221.5
2016-09-09,SG1609,319.75,319.75,315.4,317.0,15028.0,,MSCI新加坡指数1609,129172.0,317.0,317.0
2016-09-09,SG1609,,,,1195.5,0.0,,标普500成长1609,24.0,1192.4,1195.5
2016-09-12,SG1609,316.7,316.7,308.05,308.75,6451.0,,MSCI新加坡指数1609,128240.0,308.75,308.75
2016-09-12,SG1609,,,,1210.0,0.0,,标普500成长1609,24.0,1209.2,1210.0
2016-09-13,SG1609,308.8,313.35,308.5,310.0,24866.0,,MSCI新加坡指数1609,126529.0,310.0,310.0
2016-09-13,SG1609,1192.9,1197.6,1192.4,1196.2,7.0,,标普500成长1609,24.0,1194.8,1196.2
2016-09-14,SG1609,309.75,310.65,306.9,308.5,20681.0,,MSCI新加坡指数1609,121338.0,308.5,308.5
2016-09-14,SG1609,,,,1196.3,0.0,,标普500成长1609,17.0,1196.8,1196.3
2016-09-15,SG1609,,,,1211.6,4.0,,标普500成长1609,17.0,1211.2,1211.6
2016-09-15,SG1609,308.6,309.8,306.5,308.3,16718.0,,MSCI新加坡指数1609,116295.0,308.3,308.3
2016-09-16,SG1609,308.45,311.6,307.85,311.4,12812.0,,MSCI新加坡指数1609,114113.0,311.4,311.4
2016-09-16,SG1609,,,,1209.17,0.0,,标普500成长1609,13.0,1209.17,1209.17
2016-09-19,SG1609,311.0,312.9,309.15,312.5,12675.0,,MSCI新加坡指数1609,113103.0,312.5,312.5
2016-09-20,SG1609,311.9,313.55,311.0,312.3,11330.0,,MSCI新加坡指数1609,113841.0,312.3,312.3
2016-09-21,SG1609,312.6,313.8,311.0,312.6,14137.0,,MSCI新加坡指数1609,113637.0,312.6,312.6
2016-09-22,SG1609,312.45,319.25,312.0,313.1,13414.0,,MSCI新加坡指数1609,115909.0,313.1,313.1
2016-09-23,SG1609,313.6,315.65,310.85,313.45,14980.0,,MSCI新加坡指数1609,109010.0,313.45,313.45
2016-09-26,SG1609,313.5,313.7,311.05,312.25,25140.0,,MSCI新加坡指数1609,92777.0,312.25,312.25
2016-09-27,SG1609,312.5,314.75,310.6,313.75,34515.0,,MSCI新加坡指数1609,54373.0,313.75,313.75
2016-09-28,SG1609,313.8,314.2,312.1,313.4,35531.0,,MSCI新加坡指数1609,24929.0,313.4,313.4
2016-09-29,SG1609,313.35,317.7,312.55,317.2,10575.0,,MSCI新加坡指数1609,0.0,317.2,317.2
