date,symbol,open,high,low,close,volume,amount,name,openinterest,settleprice,price
2015-11-30,SG1602,0.0,0.0,0.0,318.95,0.0,,MSCI新加坡指数1602,0.0,318.95,318.95
2015-12-01,SG1602,0.0,0.0,0.0,321.35,0.0,,MSCI新加坡指数1602,0.0,321.35,321.35
2015-12-02,SG1602,0.0,0.0,0.0,321.55,0.0,,MSCI新加坡指数1602,0.0,321.55,321.55
2015-12-03,SG1602,0.0,0.0,0.0,322.55,0.0,,MSCI新加坡指数1602,0.0,322.55,322.55
2015-12-04,SG1602,0.0,0.0,0.0,321.05,0.0,,MSCI新加坡指数1602,0.0,321.05,321.05
2015-12-07,SG1602,0.0,0.0,0.0,325.3,0.0,,MSCI新加坡指数1602,0.0,325.3,325.3
2015-12-08,SG1602,0.0,0.0,0.0,320.8,0.0,,MSCI新加坡指数1602,0.0,320.8,320.8
2015-12-09,SG1602,0.0,0.0,0.0,318.95,0.0,,MSCI新加坡指数1602,0.0,318.95,318.95
2015-12-10,SG1602,320.5,320.5,320.5,320.5,1.0,,MSCI新加坡指数1602,1.0,318.7,320.5
2015-12-11,SG1602,0.0,0.0,0.0,316.3,0.0,,MSCI新加坡指数1602,1.0,316.3,316.3
2015-12-14,SG1602,0.0,0.0,0.0,313.3,0.0,,MSCI新加坡指数1602,1.0,313.3,313.3
2015-12-15,SG1602,0.0,0.0,0.0,315.3,0.0,,MSCI新加坡指数1602,1.0,315.3,315.3
2015-12-16,SG1602,0.0,0.0,0.0,317.95,0.0,,MSCI新加坡指数1602,1.0,317.95,317.95
2015-12-17,SG1602,0.0,0.0,0.0,321.1,0.0,,MSCI新加坡指数1602,1.0,321.1,321.1
2015-12-18,SG1602,0.0,0.0,0.0,318.75,0.0,,MSCI新加坡指数1602,1.0,318.75,318.75
2015-12-21,SG1602,0.0,0.0,0.0,318.95,0.0,,MSCI新加坡指数1602,1.0,318.95,318.95
2015-12-22,SG1602,0.0,0.0,0.0,319.1,0.0,,MSCI新加坡指数1602,1.0,319.1,319.1
2015-12-23,SG1602,0.0,0.0,0.0,321.55,0.0,,MSCI新加坡指数1602,1.0,321.55,321.55
2015-12-24,SG1602,0.0,0.0,0.0,322.5,0.0,,MSCI新加坡指数1602,1.0,322.5,322.5
2015-12-25,SG1602,0.0,0.0,0.0,322.5,0.0,,MSCI新加坡指数1602,1.0,322.5,322.5
2015-12-28,SG1602,0.0,0.0,0.0,322.45,0.0,,MSCI新加坡指数1602,1.0,322.45,322.45
2015-12-29,SG1602,0.0,0.0,0.0,323.45,0.0,,MSCI新加坡指数1602,1.0,323.45,323.45
2015-12-30,SG1602,324.0,324.0,324.0,324.0,1.0,,MSCI新加坡指数1602,2.0,323.4,324.0
2015-12-31,SG1602,0.0,0.0,0.0,323.65,20.0,,MSCI新加坡指数1602,21.0,323.65,323.65
2016-01-04,SG1602,318.5,318.5,314.5,314.5,25.0,,MSCI新加坡指数1602,38.0,314.4,314.5
2016-01-05,SG1602,315.15,316.9,315.15,315.25,39.0,,MSCI新加坡指数1602,67.0,315.6,315.25
2016-01-06,SG1602,316.3,316.7,312.75,313.0,293.0,,MSCI新加坡指数1602,333.0,312.85,313.0
2016-01-07,SG1602,312.15,312.15,304.95,304.95,108.0,,MSCI新加坡指数1602,384.0,303.3,304.95
2016-01-08,SG1602,302.45,306.55,300.2,306.55,58.0,,MSCI新加坡指数1602,417.0,307.6,306.55
2016-01-11,SG1602,305.0,305.0,300.8,300.8,62.0,,MSCI新加坡指数1602,452.0,302.45,300.8
2016-01-12,SG1602,300.8,302.4,300.1,301.0,61.0,,MSCI新加坡指数1602,490.0,300.9,301.0
2016-01-13,SG1602,303.0,303.0,297.8,299.95,62.0,,MSCI新加坡指数1602,500.0,300.55,299.95
2016-01-14,SG1602,298.8,298.8,293.45,294.1,138.0,,MSCI新加坡指数1602,575.0,293.8,294.1
2016-01-15,SG1602,294.0,295.9,292.95,293.1,425.0,,MSCI新加坡指数1602,0.0,292.25,293.1
2016-01-18,SG1602,291.1,291.9,287.65,289.95,343.0,,MSCI新加坡指数1602,950.0,289.25,289.95
2016-01-19,SG1602,288.3,295.3,287.85,295.3,379.0,,MSCI新加坡指数1602,1007.0,295.05,295.3
2016-01-20,SG1602,294.8,294.95,285.4,285.4,1116.0,,MSCI新加坡指数1602,1747.0,285.45,285.4
2016-01-21,SG1602,285.75,290.1,282.35,282.35,1203.0,,MSCI新加坡指数1602,2476.0,283.5,282.35
2016-01-22,SG1602,283.25,290.6,283.25,288.9,10571.0,,MSCI新加坡指数1602,9513.0,289.1,288.9
2016-01-25,SG1602,288.9,293.7,288.4,288.5,19639.0,,MSCI新加坡指数1602,24737.0,288.6,288.5
2016-01-26,SG1602,288.7,289.95,283.95,285.5,64521.0,,MSCI新加坡指数1602,76094.0,285.5,285.5
2016-01-27,SG1602,286.3,289.7,284.0,284.25,42411.0,,MSCI新加坡指数1602,99679.0,284.25,284.25
2016-01-28,SG1602,284.55,288.7,283.4,285.75,19470.0,,MSCI新加坡指数1602,105674.0,285.75,285.75
2016-01-29,SG1602,285.65,295.25,284.0,294.9,26100.0,,MSCI新加坡指数1602,107406.0,294.9,294.9
2016-02-01,SG1602,294.65,296.2,290.05,290.2,25371.0,,MSCI新加坡指数1602,107180.0,290.2,290.2
2016-02-02,SG1602,289.8,290.5,286.9,287.7,16566.0,,MSCI新加坡指数1602,107364.0,287.7,287.7
2016-02-03,SG1602,286.9,287.5,281.95,284.7,20248.0,,MSCI新加坡指数1602,109840.0,284.7,284.7
2016-02-04,SG1602,284.05,288.95,280.5,286.55,14988.0,,MSCI新加坡指数1602,109514.0,286.55,286.55
2016-02-05,SG1602,286.25,296.75,285.25,296.75,24632.0,,MSCI新加坡指数1602,105959.0,296.75,296.75
2016-02-10,SG1602,287.95,290.2,284.5,289.5,18178.0,,MSCI新加坡指数1602,108778.0,289.5,289.5
2016-02-11,SG1602,290.2,291.6,284.35,284.75,18410.0,,MSCI新加坡指数1602,109582.0,284.75,284.75
2016-02-12,SG1602,284.25,287.35,282.4,286.75,15372.0,,MSCI新加坡指数1602,111994.0,286.75,286.75
2016-02-15,SG1602,286.7,294.75,286.2,293.65,22802.0,,MSCI新加坡指数1602,110618.0,293.65,293.65
2016-02-16,SG1602,293.9,300.0,291.55,297.3,22041.0,,MSCI新加坡指数1602,109400.0,297.3,297.3
2016-02-17,SG1602,297.6,299.65,293.15,294.6,21213.0,,MSCI新加坡指数1602,108215.0,294.6,294.6
2016-02-18,SG1602,295.9,300.9,295.05,299.45,16008.0,,MSCI新加坡指数1602,107904.0,299.45,299.45
2016-02-19,SG1602,299.7,301.55,298.2,300.45,15131.0,,MSCI新加坡指数1602,106079.0,300.45,300.45
2016-02-22,SG1602,300.1,300.8,298.3,299.9,20573.0,,MSCI新加坡指数1602,100061.0,299.9,299.9
2016-02-23,SG1602,300.55,302.3,299.65,300.9,48144.0,,MSCI新加坡指数1602,79353.0,300.9,300.9
2016-02-24,SG1602,300.65,301.9,293.4,294.1,49984.0,,MSCI新加坡指数1602,46755.0,294.1,294.1
2016-02-25,SG1602,293.9,297.0,290.65,292.75,40254.0,,MSCI新加坡指数1602,33548.0,292.75,292.75
2016-02-26,SG1602,292.95,299.6,292.7,299.6,11261.0,,MSCI新加坡指数1602,0.0,299.45,299.6
