date,symbol,open,high,low,close,volume,amount,name,openinterest,settleprice,price
2016-05-31,SG1608,0.0,0.0,0.0,306.05,0.0,,MSCI新加坡指数1608,0.0,306.05,306.05
2016-06-01,SG1608,0.0,0.0,0.0,305.45,0.0,,MSCI新加坡指数1608,0.0,305.45,305.45
2016-06-02,SG1608,0.0,0.0,0.0,306.2,0.0,,MSCI新加坡指数1608,0.0,306.2,306.2
2016-06-03,SG1608,0.0,0.0,0.0,307.95,0.0,,MSCI新加坡指数1608,0.0,307.95,307.95
2016-06-06,SG1608,0.0,0.0,0.0,310.05,0.0,,MSCI新加坡指数1608,0.0,310.05,310.05
2016-06-07,SG1608,0.0,0.0,0.0,312.6,0.0,,MSCI新加坡指数1608,0.0,312.6,312.6
2016-06-08,SG1608,0.0,0.0,0.0,313.85,0.0,,MSCI新加坡指数1608,0.0,313.85,313.85
2016-06-09,SG1608,0.0,0.0,0.0,313.4,0.0,,MSCI新加坡指数1608,0.0,313.4,313.4
2016-06-10,SG1608,0.0,0.0,0.0,309.05,0.0,,MSCI新加坡指数1608,0.0,309.05,309.05
2016-06-13,SG1608,0.0,0.0,0.0,303.4,0.0,,MSCI新加坡指数1608,0.0,303.4,303.4
2016-06-14,SG1608,0.0,0.0,0.0,302.55,0.0,,MSCI新加坡指数1608,0.0,302.55,302.55
2016-06-15,SG1608,305.9,305.9,304.5,304.5,6.0,,MSCI新加坡指数1608,6.0,303.55,304.5
2016-06-16,SG1608,302.75,302.75,302.1,302.65,9.0,,MSCI新加坡指数1608,13.0,300.6,302.65
2016-06-17,SG1608,0.0,0.0,0.0,302.1,0.0,,MSCI新加坡指数1608,13.0,302.1,302.1
2016-06-20,SG1608,0.0,0.0,0.0,307.1,0.0,,MSCI新加坡指数1608,13.0,307.1,307.1
2016-06-21,SG1608,308.5,308.5,308.5,308.5,1.0,,MSCI新加坡指数1608,14.0,306.05,308.5
2016-06-22,SG1608,0.0,0.0,0.0,306.75,0.0,,MSCI新加坡指数1608,14.0,306.75,306.75
2016-06-23,SG1608,0.0,0.0,0.0,308.15,0.0,,MSCI新加坡指数1608,14.0,308.15,308.15
2016-06-24,SG1608,301.9,302.45,299.55,299.65,13.0,,MSCI新加坡指数1608,27.0,299.0,299.65
2016-06-27,SG1608,300.1,300.1,300.1,300.1,1.0,,MSCI新加坡指数1608,27.0,298.55,300.1
2016-06-28,SG1608,297.5,297.5,297.5,297.5,1.0,,MSCI新加坡指数1608,28.0,302.05,297.5
2016-06-29,SG1608,0.0,0.0,0.0,306.8,0.0,,MSCI新加坡指数1608,28.0,306.8,306.8
2016-06-30,SG1608,314.35,314.35,312.5,312.5,7.0,,MSCI新加坡指数1608,32.0,313.05,312.5
2016-07-01,SG1608,313.65,314.65,311.55,311.55,27.0,,MSCI新加坡指数1608,41.0,312.15,311.55
2016-07-04,SG1608,315.95,315.95,315.95,315.95,1.0,,MSCI新加坡指数1608,42.0,315.45,315.95
2016-07-05,SG1608,315.45,315.45,315.45,315.45,2.0,,MSCI新加坡指数1608,44.0,313.85,315.45
2016-07-06,SG1608,314.15,314.15,314.15,314.15,2.0,,MSCI新加坡指数1608,44.0,313.85,314.15
2016-07-07,SG1608,310.3,314.5,310.3,314.5,9.0,,MSCI新加坡指数1608,45.0,313.6,314.5
2016-07-08,SG1608,313.15,313.15,310.8,310.95,19.0,,MSCI新加坡指数1608,55.0,311.85,310.95
2016-07-11,SG1608,312.95,315.95,312.95,315.1,15.0,,MSCI新加坡指数1608,60.0,315.55,315.1
2016-07-12,SG1608,316.7,318.75,316.05,318.75,103.0,,MSCI新加坡指数1608,85.0,318.5,318.75
2016-07-13,SG1608,319.35,320.1,318.8,318.85,33.0,,MSCI新加坡指数1608,84.0,319.3,318.85
2016-07-14,SG1608,320.0,323.55,319.05,323.55,392.0,,MSCI新加坡指数1608,405.0,322.25,323.55
2016-07-15,SG1608,323.15,323.55,320.5,321.55,229.0,,MSCI新加坡指数1608,511.0,320.75,321.55
2016-07-18,SG1608,321.5,323.3,320.75,322.55,284.0,,MSCI新加坡指数1608,705.0,321.8,322.55
2016-07-19,SG1608,321.7,322.5,318.8,319.6,1156.0,,MSCI新加坡指数1608,1675.0,320.05,319.6
2016-07-20,SG1608,320.55,323.2,320.55,322.05,1000.0,,MSCI新加坡指数1608,2547.0,321.8,322.05
2016-07-21,SG1608,322.25,325.95,320.65,321.65,3552.0,,MSCI新加坡指数1608,5434.0,321.1,321.65
2016-07-22,SG1608,321.85,321.85,319.15,321.65,8229.0,,MSCI新加坡指数1608,10456.0,321.3,321.65
2016-07-25,SG1608,322.0,323.1,319.75,320.2,36329.0,,MSCI新加坡指数1608,41811.0,320.2,320.2
2016-07-26,SG1608,320.35,320.85,316.95,319.8,88457.0,,MSCI新加坡指数1608,103858.0,319.8,319.8
2016-07-27,SG1608,320.0,321.7,319.25,321.7,31795.0,,MSCI新加坡指数1608,121447.0,321.7,321.7
2016-07-28,SG1608,321.45,322.0,317.55,317.6,21201.0,,MSCI新加坡指数1608,127023.0,317.6,317.6
2016-07-29,SG1608,317.5,317.85,311.3,312.45,24686.0,,MSCI新加坡指数1608,0.0,312.45,312.45
2016-08-01,SG1608,312.9,316.25,311.15,316.2,20043.0,,MSCI新加坡指数1608,136667.0,316.2,316.2
2016-08-02,SG1608,316.1,316.3,310.95,311.4,14856.0,,MSCI新加坡指数1608,135052.0,311.4,311.4
2016-08-03,SG1608,311.75,312.1,306.0,310.2,20332.0,,MSCI新加坡指数1608,134519.0,310.2,310.2
2016-08-04,SG1608,310.15,312.35,309.75,310.8,12110.0,,MSCI新加坡指数1608,132652.0,310.8,310.8
2016-08-05,SG1608,310.7,312.65,309.7,310.55,10537.0,,MSCI新加坡指数1608,134299.0,310.55,310.55
2016-08-08,SG1608,311.0,316.85,310.55,315.85,13616.0,,MSCI新加坡指数1608,138612.0,315.85,315.85
2016-08-09,SG1608,315.2,315.8,315.0,315.8,339.0,,MSCI新加坡指数1608,137767.0,315.85,315.8
2016-08-10,SG1608,314.95,318.1,314.85,315.35,15389.0,,MSCI新加坡指数1608,141938.0,315.35,315.35
2016-08-11,SG1608,315.45,316.25,312.55,315.6,10598.0,,MSCI新加坡指数1608,139269.0,315.6,315.6
2016-08-12,SG1608,316.05,317.2,313.05,314.3,9410.0,,MSCI新加坡指数1608,138939.0,314.3,314.3
2016-08-15,SG1608,314.25,316.75,313.4,315.8,9063.0,,MSCI新加坡指数1608,140015.0,315.8,315.8
2016-08-16,SG1608,315.75,317.8,314.75,315.1,9479.0,,MSCI新加坡指数1608,140187.0,315.1,315.1
2016-08-17,SG1608,315.15,315.35,312.75,313.2,9970.0,,MSCI新加坡指数1608,138402.0,313.2,313.2
2016-08-18,SG1608,313.5,314.4,311.55,312.6,13102.0,,MSCI新加坡指数1608,136315.0,312.6,312.6
2016-08-19,SG1608,312.35,314.05,312.0,312.7,10049.0,,MSCI新加坡指数1608,135096.0,312.7,312.7
2016-08-22,SG1608,312.7,313.6,311.4,312.4,10912.0,,MSCI新加坡指数1608,134210.0,312.4,312.4
2016-08-23,SG1608,311.7,314.15,311.3,313.9,14703.0,,MSCI新加坡指数1608,130558.0,313.9,313.9
2016-08-24,SG1608,314.2,316.8,313.25,316.6,17637.0,,MSCI新加坡指数1608,126220.0,316.6,316.6
2016-08-25,SG1608,316.35,318.1,315.55,318.1,53175.0,,MSCI新加坡指数1608,102239.0,318.1,318.1
2016-08-26,SG1608,318.15,318.8,314.5,315.05,78553.0,,MSCI新加坡指数1608,61949.0,315.05,315.05
2016-08-29,SG1608,315.4,316.5,310.95,311.4,37484.0,,MSCI新加坡指数1608,28007.0,311.4,311.4
2016-08-30,SG1608,312.1,315.2,310.5,311.45,11780.0,,MSCI新加坡指数1608,0.0,311.45,311.45
