date,symbol,open,high,low,close,volume,amount,name,openinterest,settleprice,price
2016-07-29,SG1610,0.0,0.0,0.0,312.7,0.0,,MSCI新加坡指数1610,0.0,312.7,312.7
2016-08-01,SG1610,0.0,0.0,0.0,316.5,0.0,,MSCI新加坡指数1610,0.0,316.5,316.5
2016-08-02,SG1610,0.0,0.0,0.0,311.6,0.0,,MSCI新加坡指数1610,0.0,311.6,311.6
2016-08-03,SG1610,311.5,311.5,311.5,311.5,4.0,,MSCI新加坡指数1610,4.0,310.35,311.5
2016-08-04,SG1610,0.0,0.0,0.0,310.9,0.0,,MSCI新加坡指数1610,4.0,310.9,310.9
2016-08-05,SG1610,311.7,311.7,311.4,311.45,9.0,,MSCI新加坡指数1610,5.0,310.7,311.45
2016-08-08,SG1610,315.0,315.9,315.0,315.5,5.0,,MSCI新加坡指数1610,0.0,316.0,315.5
2016-08-09,SG1610,0.0,0.0,0.0,316.0,0.0,,MSCI新加坡指数1610,0.0,316.0,316.0
2016-08-10,SG1610,0.0,0.0,0.0,315.5,0.0,,MSCI新加坡指数1610,0.0,315.5,315.5
2016-08-11,SG1610,0.0,0.0,0.0,315.75,0.0,,MSCI新加坡指数1610,0.0,315.75,315.75
2016-08-12,SG1610,0.0,0.0,0.0,314.45,0.0,,MSCI新加坡指数1610,0.0,314.45,314.45
2016-08-15,SG1610,0.0,0.0,0.0,315.9,0.0,,MSCI新加坡指数1610,0.0,315.9,315.9
2016-08-16,SG1610,0.0,0.0,0.0,315.15,0.0,,MSCI新加坡指数1610,0.0,315.15,315.15
2016-08-17,SG1610,0.0,0.0,0.0,313.25,0.0,,MSCI新加坡指数1610,0.0,313.25,313.25
2016-08-18,SG1610,0.0,0.0,0.0,312.65,0.0,,MSCI新加坡指数1610,0.0,312.65,312.65
2016-08-19,SG1610,0.0,0.0,0.0,312.75,0.0,,MSCI新加坡指数1610,0.0,312.75,312.75
2016-08-22,SG1610,312.3,312.3,312.0,312.0,2.0,,MSCI新加坡指数1610,2.0,312.4,312.0
2016-08-23,SG1610,0.0,0.0,0.0,313.95,0.0,,MSCI新加坡指数1610,2.0,313.95,313.95
2016-08-24,SG1610,315.95,315.95,315.95,315.95,3.0,,MSCI新加坡指数1610,5.0,316.65,315.95
2016-08-25,SG1610,317.95,317.95,317.2,317.2,2.0,,MSCI新加坡指数1610,6.0,318.1,317.2
2016-08-26,SG1610,0.0,0.0,0.0,315.05,0.0,,MSCI新加坡指数1610,6.0,315.05,315.05
2016-08-29,SG1610,313.25,313.25,311.35,311.35,41.0,,MSCI新加坡指数1610,37.0,311.35,311.35
2016-08-30,SG1610,0.0,0.0,0.0,311.4,0.0,,MSCI新加坡指数1610,37.0,311.4,311.4
2016-08-31,SG1610,310.5,310.5,310.5,310.5,1.0,,MSCI新加坡指数1610,37.0,310.35,310.5
2016-09-01,SG1610,310.85,310.85,310.5,310.5,4.0,,MSCI新加坡指数1610,39.0,309.45,310.5
2016-09-02,SG1610,307.65,307.65,307.55,307.55,4.0,,MSCI新加坡指数1610,43.0,307.85,307.55
2016-09-05,SG1610,312.65,312.65,312.65,312.65,1.0,,MSCI新加坡指数1610,43.0,313.9,312.65
2016-09-06,SG1610,315.0,318.6,315.0,318.6,18.0,,MSCI新加坡指数1610,34.0,319.65,318.6
2016-09-07,SG1610,319.8,319.8,319.2,319.2,5.0,,MSCI新加坡指数1610,34.0,319.35,319.2
2016-09-08,SG1610,318.65,318.65,318.65,318.65,1.0,,MSCI新加坡指数1610,34.0,319.8,318.65
2016-09-09,SG1610,0.0,0.0,0.0,316.95,0.0,,MSCI新加坡指数1610,34.0,316.95,316.95
2016-09-12,SG1610,315.5,315.5,308.9,308.9,6.0,,MSCI新加坡指数1610,36.0,308.7,308.9
2016-09-13,SG1610,0.0,0.0,0.0,309.95,2.0,,MSCI新加坡指数1610,34.0,309.95,309.95
2016-09-14,SG1610,309.4,309.6,308.0,308.85,35.0,,MSCI新加坡指数1610,54.0,308.45,308.85
2016-09-15,SG1610,309.0,309.0,306.6,307.8,8.0,,MSCI新加坡指数1610,58.0,308.25,307.8
2016-09-16,SG1610,308.8,308.8,308.8,308.8,6.0,,MSCI新加坡指数1610,55.0,311.3,308.8
2016-09-19,SG1610,310.2,311.3,310.2,311.3,2.0,,MSCI新加坡指数1610,56.0,312.45,311.3
2016-09-20,SG1610,312.05,312.8,311.8,311.8,42.0,,MSCI新加坡指数1610,93.0,312.25,311.8
2016-09-21,SG1610,312.0,313.85,311.0,312.65,412.0,,MSCI新加坡指数1610,445.0,312.55,312.65
2016-09-22,SG1610,312.8,318.5,312.0,312.95,473.0,,MSCI新加坡指数1610,1066.0,313.05,312.95
2016-09-23,SG1610,314.2,315.6,310.8,313.2,2818.0,,MSCI新加坡指数1610,7086.0,313.2,313.2
2016-09-26,SG1610,313.3,313.5,310.95,312.2,16012.0,,MSCI新加坡指数1610,37855.0,312.2,312.2
2016-09-27,SG1610,312.55,314.65,310.5,313.7,28001.0,,MSCI新加坡指数1610,92307.0,313.7,313.7
2016-09-28,SG1610,313.6,314.1,312.05,313.25,38273.0,,MSCI新加坡指数1610,106999.0,313.25,313.25
2016-09-29,SG1610,313.4,317.75,312.4,316.9,18930.0,,MSCI新加坡指数1610,112304.0,316.9,316.9
2016-09-30,SG1610,316.85,317.5,312.35,315.15,15076.0,,MSCI新加坡指数1610,111550.0,315.15,315.15
2016-10-03,SG1610,315.2,317.45,313.7,315.0,12926.0,,MSCI新加坡指数1610,113298.0,315.0,315.0
2016-10-04,SG1610,315.0,316.8,314.15,316.7,9586.0,,MSCI新加坡指数1610,112918.0,316.7,316.7
2016-10-05,SG1610,316.15,317.75,313.35,317.25,13464.0,,MSCI新加坡指数1610,114479.0,317.25,317.25
2016-10-06,SG1610,317.1,319.3,317.1,317.7,11681.0,,MSCI新加坡指数1610,116105.0,317.7,317.7
2016-10-07,SG1610,317.3,318.1,315.3,315.85,10551.0,,MSCI新加坡指数1610,117656.0,315.85,315.85
2016-10-10,SG1610,315.45,316.35,313.7,315.35,7962.0,,MSCI新加坡指数1610,117938.0,315.35,315.35
2016-10-11,SG1610,315.1,316.8,312.5,312.8,14561.0,,MSCI新加坡指数1610,119231.0,312.8,312.8
2016-10-12,SG1610,312.8,313.15,308.05,308.25,20401.0,,MSCI新加坡指数1610,128226.0,308.25,308.25
2016-10-13,SG1610,308.0,309.2,305.25,308.05,22831.0,,MSCI新加坡指数1610,128550.0,308.05,308.05
2016-10-14,SG1610,307.7,309.25,305.8,309.25,19776.0,,MSCI新加坡指数1610,123822.0,309.25,309.25
2016-10-17,SG1610,309.4,311.05,305.95,309.2,15554.0,,MSCI新加坡指数1610,122886.0,309.2,309.2
2016-10-18,SG1610,309.5,310.85,308.9,310.85,12301.0,,MSCI新加坡指数1610,122042.0,310.85,310.85
2016-10-19,SG1610,310.65,312.1,309.9,312.05,9877.0,,MSCI新加坡指数1610,120690.0,312.05,312.05
2016-10-20,SG1610,312.15,315.05,311.35,312.3,12983.0,,MSCI新加坡指数1610,118094.0,312.3,312.3
2016-10-21,SG1610,312.3,312.8,309.1,310.2,10758.0,,MSCI新加坡指数1610,115889.0,310.2,310.2
2016-10-24,SG1610,310.15,314.0,309.1,314.0,15615.0,,MSCI新加坡指数1610,112063.0,314.0,314.0
2016-10-25,SG1610,313.8,314.8,313.2,313.45,29447.0,,MSCI新加坡指数1610,88446.0,313.45,313.45
2016-10-26,SG1610,313.6,313.95,309.45,310.4,49982.0,,MSCI新加坡指数1610,44142.0,310.4,310.4
2016-10-27,SG1610,310.35,311.5,309.45,310.3,21344.0,,MSCI新加坡指数1610,20577.0,310.3,310.3
2016-10-28,SG1610,310.65,311.15,307.6,308.65,6635.0,,MSCI新加坡指数1610,0.0,308.65,308.65
