date,symbol,open,high,low,close,volume,amount,name,openinterest,settleprice,price
2016-01-29,SG1604,0.0,0.0,0.0,291.9,0.0,,MSCI新加坡指数1604,0.0,291.9,291.9
2016-02-01,SG1604,288.55,289.6,288.55,289.6,10.0,,MSCI新加坡指数1604,10.0,287.2,289.6
2016-02-02,SG1604,285.0,285.0,285.0,285.0,1.0,,MSCI新加坡指数1604,11.0,284.7,285.0
2016-02-03,SG1604,0.0,0.0,0.0,281.7,0.0,,MSCI新加坡指数1604,11.0,281.7,281.7
2016-02-04,SG1604,0.0,0.0,0.0,283.55,0.0,,MSCI新加坡指数1604,11.0,283.55,283.55
2016-02-05,SG1604,286.7,288.35,286.7,288.35,2.0,,MSCI新加坡指数1604,12.0,293.8,288.35
2016-02-10,SG1604,0.0,0.0,0.0,286.55,0.0,,MSCI新加坡指数1604,11.0,286.55,286.55
2016-02-11,SG1604,0.0,0.0,0.0,281.75,0.0,,MSCI新加坡指数1604,11.0,281.75,281.75
2016-02-12,SG1604,284.0,284.0,284.0,284.0,1.0,,MSCI新加坡指数1604,11.0,283.75,284.0
2016-02-15,SG1604,0.0,0.0,0.0,290.65,0.0,,MSCI新加坡指数1604,11.0,290.65,290.65
2016-02-16,SG1604,0.0,0.0,0.0,294.65,0.0,,MSCI新加坡指数1604,11.0,294.65,294.65
2016-02-17,SG1604,0.0,0.0,0.0,291.95,0.0,,MSCI新加坡指数1604,11.0,291.95,291.95
2016-02-18,SG1604,0.0,0.0,0.0,296.85,0.0,,MSCI新加坡指数1604,11.0,296.85,296.85
2016-02-19,SG1604,0.0,0.0,0.0,297.9,0.0,,MSCI新加坡指数1604,11.0,297.9,297.9
2016-02-22,SG1604,0.0,0.0,0.0,297.3,0.0,,MSCI新加坡指数1604,11.0,297.3,297.3
2016-02-23,SG1604,297.5,297.5,297.5,297.5,2.0,,MSCI新加坡指数1604,11.0,298.25,297.5
2016-02-24,SG1604,295.5,295.5,293.25,293.25,5.0,,MSCI新加坡指数1604,14.0,291.45,293.25
2016-02-25,SG1604,0.0,0.0,0.0,290.1,0.0,,MSCI新加坡指数1604,14.0,290.1,290.1
2016-02-26,SG1604,295.35,296.9,294.4,296.9,37.0,,MSCI新加坡指数1604,0.0,296.75,296.9
2016-02-29,SG1604,0.0,0.0,0.0,298.6,0.0,,MSCI新加坡指数1604,47.0,298.6,298.6
2016-03-01,SG1604,297.0,297.45,296.75,297.0,5.0,,MSCI新加坡指数1604,51.0,298.75,297.0
2016-03-02,SG1604,303.5,304.9,303.5,304.9,13.0,,MSCI新加坡指数1604,55.0,304.25,304.9
2016-03-03,SG1604,306.0,311.25,306.0,309.95,28.0,,MSCI新加坡指数1604,55.0,311.35,309.95
2016-03-04,SG1604,312.55,317.3,312.55,317.05,20.0,,MSCI新加坡指数1604,51.0,317.95,317.05
2016-03-07,SG1604,319.5,319.5,315.7,316.85,11.0,,MSCI新加坡指数1604,52.0,316.45,316.85
2016-03-08,SG1604,318.4,318.4,310.0,311.1,8.0,,MSCI新加坡指数1604,55.0,311.35,311.1
2016-03-09,SG1604,312.9,312.9,310.5,312.55,11.0,,MSCI新加坡指数1604,53.0,314.55,312.55
2016-03-10,SG1604,315.5,315.5,314.0,314.0,215.0,,MSCI新加坡指数1604,204.0,313.5,314.0
2016-03-11,SG1604,314.5,316.3,312.15,316.3,49.0,,MSCI新加坡指数1604,213.0,316.9,316.3
2016-03-14,SG1604,318.05,319.55,318.05,318.85,89.0,,MSCI新加坡指数1604,242.0,318.6,318.85
2016-03-15,SG1604,319.05,319.05,316.6,316.6,59.0,,MSCI新加坡指数1604,250.0,317.95,316.6
2016-03-16,SG1604,316.6,317.4,316.6,317.4,1409.0,,MSCI新加坡指数1604,1570.0,318.7,317.4
2016-03-17,SG1604,318.35,323.3,318.35,322.8,119.0,,MSCI新加坡指数1604,1602.0,322.7,322.8
2016-03-18,SG1604,320.35,325.8,320.25,325.8,63.0,,MSCI新加坡指数1604,1620.0,326.5,325.8
2016-03-21,SG1604,327.95,328.3,321.8,323.7,1048.0,,MSCI新加坡指数1604,2119.0,324.3,323.7
2016-03-22,SG1604,323.95,325.75,322.1,322.15,3909.0,,MSCI新加坡指数1604,6185.0,323.35,322.15
2016-03-23,SG1604,324.0,325.4,322.6,323.15,10862.0,,MSCI新加坡指数1604,16978.0,323.15,323.15
2016-03-24,SG1604,323.1,323.9,317.05,318.15,39520.0,,MSCI新加坡指数1604,49667.0,318.25,318.15
2016-03-25,SG1604,317.8,317.8,316.35,317.5,1607.0,,MSCI新加坡指数1604,50980.0,318.25,317.5
2016-03-28,SG1604,319.15,324.35,315.2,316.8,32803.0,,MSCI新加坡指数1604,75843.0,316.8,316.8
2016-03-29,SG1604,316.6,318.15,315.2,315.4,38810.0,,MSCI新加坡指数1604,97141.0,315.4,315.4
2016-03-30,SG1604,314.3,322.55,314.1,322.55,22339.0,,MSCI新加坡指数1604,102908.0,322.55,322.55
2016-03-31,SG1604,323.15,324.4,317.1,318.9,23133.0,,MSCI新加坡指数1604,104996.0,318.9,318.9
2016-04-01,SG1604,318.75,319.55,314.05,315.6,19683.0,,MSCI新加坡指数1604,105642.0,315.6,315.6
2016-04-04,SG1604,315.3,319.05,313.8,317.1,11681.0,,MSCI新加坡指数1604,107564.0,317.1,317.1
2016-04-05,SG1604,317.5,317.8,310.2,311.8,17309.0,,MSCI新加坡指数1604,103752.0,311.8,311.8
2016-04-06,SG1604,311.0,314.8,310.85,313.5,16883.0,,MSCI新加坡指数1604,103800.0,313.5,313.5
2016-04-07,SG1604,313.65,316.7,311.65,313.45,10623.0,,MSCI新加坡指数1604,102726.0,313.45,313.45
2016-04-08,SG1604,313.0,313.7,308.7,313.4,14143.0,,MSCI新加坡指数1604,102815.0,313.4,313.4
2016-04-11,SG1604,312.8,314.75,310.7,313.6,15358.0,,MSCI新加坡指数1604,102963.0,313.6,313.6
2016-04-12,SG1604,313.6,314.9,312.25,313.7,12046.0,,MSCI新加坡指数1604,103508.0,313.7,313.7
2016-04-13,SG1604,313.7,324.2,313.0,324.2,17548.0,,MSCI新加坡指数1604,105830.0,324.2,324.2
2016-04-14,SG1604,323.85,327.15,323.7,325.7,18990.0,,MSCI新加坡指数1604,109290.0,325.7,325.7
2016-04-15,SG1604,325.95,328.45,324.65,327.8,12151.0,,MSCI新加坡指数1604,110173.0,327.8,327.8
2016-04-18,SG1604,327.3,327.75,322.85,326.35,15641.0,,MSCI新加坡指数1604,113578.0,326.35,326.35
2016-04-19,SG1604,326.7,331.0,325.55,330.45,18885.0,,MSCI新加坡指数1604,113429.0,330.45,330.45
2016-04-20,SG1604,330.45,331.95,327.8,330.5,19970.0,,MSCI新加坡指数1604,114404.0,330.5,330.5
2016-04-21,SG1604,330.8,332.45,329.5,331.8,23961.0,,MSCI新加坡指数1604,118395.0,331.8,331.8
2016-04-22,SG1604,331.45,331.8,328.1,329.45,19585.0,,MSCI新加坡指数1604,114792.0,329.45,329.45
2016-04-25,SG1604,329.6,330.2,323.25,324.8,52728.0,,MSCI新加坡指数1604,100905.0,324.8,324.8
2016-04-26,SG1604,325.0,327.4,322.85,325.65,77371.0,,MSCI新加坡指数1604,55304.0,325.65,325.65
2016-04-27,SG1604,325.55,325.95,322.45,323.6,29241.0,,MSCI新加坡指数1604,27776.0,323.6,323.6
2016-04-28,SG1604,323.7,326.1,320.95,322.05,20591.0,,MSCI新加坡指数1604,0.0,322.05,322.05
