date,symbol,open,high,low,close,volume,amount,name,openinterest,settleprice,price
2016-11-30,SG1702,0.0,0.0,0.0,322.7,0.0,,MSCI新加坡指数1702,0.0,322.7,322.7
2016-12-01,SG1702,0.0,0.0,0.0,325.8,0.0,,MSCI新加坡指数1702,0.0,325.8,325.8
2016-12-02,SG1702,0.0,0.0,0.0,325.5,0.0,,MSCI新加坡指数1702,0.0,325.5,325.5
2016-12-05,SG1702,0.0,0.0,0.0,328.3,0.0,,MSCI新加坡指数1702,0.0,328.3,328.3
2016-12-06,SG1702,0.0,0.0,0.0,329.2,0.0,,MSCI新加坡指数1702,0.0,329.2,329.2
2016-12-07,SG1702,0.0,0.0,0.0,331.5,0.0,,MSCI新加坡指数1702,0.0,331.5,331.5
2016-12-08,SG1702,0.0,0.0,0.0,330.8,0.0,,MSCI新加坡指数1702,0.0,330.8,330.8
2016-12-09,SG1702,0.0,0.0,0.0,329.45,0.0,,MSCI新加坡指数1702,0.0,329.45,329.45
2016-12-12,SG1702,0.0,0.0,0.0,329.6,0.0,,MSCI新加坡指数1702,0.0,329.6,329.6
2016-12-13,SG1702,329.0,330.1,328.2,330.1,54.0,,MSCI新加坡指数1702,54.0,330.7,330.1
2016-12-14,SG1702,330.5,330.7,330.5,330.65,8.0,,MSCI新加坡指数1702,62.0,331.2,330.65
2016-12-15,SG1702,0.0,0.0,0.0,326.15,0.0,,MSCI新加坡指数1702,62.0,326.15,326.15
2016-12-16,SG1702,325.0,325.0,325.0,325.0,1.0,,MSCI新加坡指数1702,63.0,327.55,325.0
2016-12-19,SG1702,0.0,0.0,0.0,325.4,0.0,,MSCI新加坡指数1702,63.0,325.4,325.4
2016-12-20,SG1702,324.5,326.0,324.5,326.0,2.0,,MSCI新加坡指数1702,63.0,325.3,326.0
2016-12-21,SG1702,324.0,324.0,324.0,324.0,1.0,,MSCI新加坡指数1702,63.0,323.85,324.0
2016-12-22,SG1702,322.0,322.0,322.0,322.0,1.0,,MSCI新加坡指数1702,63.0,320.25,322.0
2016-12-23,SG1702,0.0,0.0,0.0,318.75,0.0,,MSCI新加坡指数1702,63.0,318.75,318.75
2016-12-26,SG1702,0.0,0.0,0.0,317.4,0.0,,MSCI新加坡指数1702,63.0,317.4,317.4
2016-12-27,SG1702,0.0,0.0,0.0,321.6,0.0,,MSCI新加坡指数1702,63.0,321.6,321.6
2016-12-28,SG1702,0.0,0.0,0.0,322.4,0.0,,MSCI新加坡指数1702,63.0,322.4,322.4
2016-12-29,SG1702,0.0,0.0,0.0,321.15,0.0,,MSCI新加坡指数1702,63.0,321.15,321.15
2016-12-30,SG1702,318.9,322.0,318.9,320.4,114.0,,MSCI新加坡指数1702,128.0,319.6,320.4
2017-01-11,SG1702,333.35,334.8,332.6,332.6,10.0,,MSCI新加坡指数1702,136.0,332.6,332.6
2017-01-12,SG1702,333.1,335.6,332.75,333.5,55.0,,MSCI新加坡指数1702,180.0,332.15,333.5
2017-01-13,SG1702,333.8,336.05,333.8,336.05,79.0,,MSCI新加坡指数1702,198.0,335.65,336.05
2017-01-16,SG1702,336.7,336.7,332.7,334.2,154.0,,MSCI新加坡指数1702,307.0,334.15,334.2
2017-01-17,SG1702,333.7,334.05,333.5,334.05,4237.0,,MSCI新加坡指数1702,4500.0,334.05,334.05
2017-01-18,SG1702,334.0,334.1,331.9,332.9,677.0,,MSCI新加坡指数1702,4998.0,332.95,332.9
2017-01-19,SG1702,333.05,334.4,332.15,334.0,5300.0,,MSCI新加坡指数1702,9237.0,333.45,334.0
2017-01-20,SG1702,333.4,335.05,333.4,334.5,9808.0,,MSCI新加坡指数1702,17348.0,334.5,334.5
2017-01-23,SG1702,334.65,336.2,334.3,335.85,40187.0,,MSCI新加坡指数1702,48289.0,335.85,335.85
2017-01-24,SG1702,336.25,338.2,335.45,338.1,89171.0,,MSCI新加坡指数1702,119378.0,338.1,338.1
2017-01-25,SG1702,338.1,340.9,337.1,337.45,58869.0,,MSCI新加坡指数1702,153608.0,337.45,337.45
2017-01-26,SG1702,337.6,340.55,337.45,340.55,24101.0,,MSCI新加坡指数1702,163673.0,340.55,340.55
2017-01-27,SG1702,340.2,341.9,339.05,341.7,13042.0,,MSCI新加坡指数1702,167536.0,341.7,341.7
2017-01-30,SG1702,341.55,341.55,339.6,340.9,2737.0,,MSCI新加坡指数1702,167504.0,340.9,340.9
2017-01-31,SG1702,340.9,340.95,336.25,337.25,14816.0,,MSCI新加坡指数1702,166985.0,337.25,337.25
2017-02-01,SG1702,337.55,341.05,337.05,340.35,17572.0,,MSCI新加坡指数1702,169248.0,340.35,340.35
2017-02-02,SG1702,340.4,341.15,336.65,337.8,16401.0,,MSCI新加坡指数1702,169718.0,337.8,337.8
2017-02-03,SG1702,337.65,338.9,336.15,337.25,11240.0,,MSCI新加坡指数1702,168752.0,337.25,337.25
2017-02-06,SG1702,337.0,339.8,336.95,339.15,9490.0,,MSCI新加坡指数1702,170242.0,339.15,339.15
2017-02-07,SG1702,339.05,341.4,338.2,340.75,10108.0,,MSCI新加坡指数1702,170750.0,340.75,340.75
2017-02-08,SG1702,340.55,341.25,338.55,339.6,12076.0,,MSCI新加坡指数1702,171229.0,339.6,339.6
2017-02-09,SG1702,339.65,343.15,338.95,341.85,12853.0,,MSCI新加坡指数1702,172736.0,341.85,341.85
2017-02-10,SG1702,341.75,344.6,341.7,344.0,11518.0,,MSCI新加坡指数1702,174929.0,344.0,344.0
2017-02-13,SG1702,344.0,345.6,343.7,344.9,10099.0,,MSCI新加坡指数1702,176185.0,344.9,344.9
2017-02-14,SG1702,345.1,346.3,339.5,340.2,13852.0,,MSCI新加坡指数1702,177517.0,340.2,340.2
2017-02-15,SG1702,339.8,341.65,339.05,340.85,12738.0,,MSCI新加坡指数1702,178273.0,340.85,340.85
2017-02-16,SG1702,340.95,341.6,339.75,340.75,12758.0,,MSCI新加坡指数1702,178312.0,340.75,340.75
2017-02-17,SG1702,340.85,343.95,340.65,342.65,16010.0,,MSCI新加坡指数1702,179581.0,342.65,342.65
2017-02-20,SG1702,342.65,344.2,341.9,342.55,21258.0,,MSCI新加坡指数1702,173638.0,342.55,342.55
2017-02-21,SG1702,342.55,342.85,341.15,341.85,43928.0,,MSCI新加坡指数1702,158122.0,341.85,341.85
2017-02-22,SG1702,341.75,346.4,341.65,346.4,83012.0,,MSCI新加坡指数1702,121791.0,346.4,346.4
2017-02-23,SG1702,346.35,347.75,345.3,347.5,89882.0,,MSCI新加坡指数1702,64145.0,347.5,347.5
2017-02-24,SG1702,347.65,347.95,344.7,345.1,35865.0,,MSCI新加坡指数1702,31414.0,345.1,345.1
2017-02-27,SG1702,344.9,345.1,342.8,344.0,13752.0,,MSCI新加坡指数1702,12371.0,344.0,344.0
