date,symbol,open,high,low,close,volume,amount,name,openinterest,settleprice,price
2016-03-31,SG1703,0.0,0.0,0.0,313.85,0.0,,MSCI新加坡指数1703,0.0,313.85,313.85
2016-04-01,SG1703,0.0,0.0,0.0,310.55,0.0,,MSCI新加坡指数1703,0.0,310.55,310.55
2016-04-04,SG1703,0.0,0.0,0.0,312.0,0.0,,MSCI新加坡指数1703,0.0,312.0,312.0
2016-04-05,SG1703,0.0,0.0,0.0,306.65,0.0,,MSCI新加坡指数1703,0.0,306.65,306.65
2016-04-06,SG1703,0.0,0.0,0.0,308.4,0.0,,MSCI新加坡指数1703,0.0,308.4,308.4
2016-04-07,SG1703,0.0,0.0,0.0,308.35,0.0,,MSCI新加坡指数1703,0.0,308.35,308.35
2016-04-08,SG1703,0.0,0.0,0.0,308.3,0.0,,MSCI新加坡指数1703,0.0,308.3,308.3
2016-04-11,SG1703,0.0,0.0,0.0,308.55,0.0,,MSCI新加坡指数1703,0.0,308.55,308.55
2016-04-12,SG1703,0.0,0.0,0.0,308.65,0.0,,MSCI新加坡指数1703,0.0,308.65,308.65
2016-04-13,SG1703,0.0,0.0,0.0,319.25,0.0,,MSCI新加坡指数1703,0.0,319.25,319.25
2016-04-14,SG1703,0.0,0.0,0.0,320.8,0.0,,MSCI新加坡指数1703,0.0,320.8,320.8
2016-04-15,SG1703,0.0,0.0,0.0,322.9,0.0,,MSCI新加坡指数1703,0.0,322.9,322.9
2016-04-18,SG1703,0.0,0.0,0.0,321.55,0.0,,MSCI新加坡指数1703,0.0,321.55,321.55
2016-04-19,SG1703,0.0,0.0,0.0,325.7,0.0,,MSCI新加坡指数1703,0.0,325.7,325.7
2016-04-20,SG1703,0.0,0.0,0.0,325.8,0.0,,MSCI新加坡指数1703,0.0,325.8,325.8
2016-04-21,SG1703,0.0,0.0,0.0,327.15,0.0,,MSCI新加坡指数1703,0.0,327.15,327.15
2016-04-22,SG1703,0.0,0.0,0.0,324.55,0.0,,MSCI新加坡指数1703,0.0,324.55,324.55
2016-04-25,SG1703,0.0,0.0,0.0,319.75,0.0,,MSCI新加坡指数1703,0.0,319.75,319.75
2016-04-26,SG1703,0.0,0.0,0.0,320.1,0.0,,MSCI新加坡指数1703,0.0,320.1,320.1
2016-04-27,SG1703,0.0,0.0,0.0,317.95,0.0,,MSCI新加坡指数1703,0.0,317.95,317.95
2016-04-28,SG1703,0.0,0.0,0.0,316.35,0.0,,MSCI新加坡指数1703,0.0,316.35,316.35
2016-04-29,SG1703,0.0,0.0,0.0,314.25,0.0,,MSCI新加坡指数1703,0.0,314.25,314.25
2016-05-02,SG1703,0.0,0.0,0.0,314.25,0.0,,MSCI新加坡指数1703,0.0,314.25,314.25
2016-05-03,SG1703,0.0,0.0,0.0,309.3,0.0,,MSCI新加坡指数1703,0.0,309.3,309.3
2016-05-04,SG1703,0.0,0.0,0.0,304.95,0.0,,MSCI新加坡指数1703,0.0,304.95,304.95
2016-05-05,SG1703,0.0,0.0,0.0,306.0,0.0,,MSCI新加坡指数1703,0.0,306.0,306.0
2016-05-06,SG1703,0.0,0.0,0.0,302.2,0.0,,MSCI新加坡指数1703,0.0,302.2,302.2
2016-05-09,SG1703,0.0,0.0,0.0,306.05,0.0,,MSCI新加坡指数1703,0.0,306.05,306.05
2016-05-10,SG1703,0.0,0.0,0.0,302.4,0.0,,MSCI新加坡指数1703,0.0,302.4,302.4
2016-05-11,SG1703,0.0,0.0,0.0,300.8,0.0,,MSCI新加坡指数1703,0.0,300.8,300.8
2016-05-12,SG1703,0.0,0.0,0.0,304.05,0.0,,MSCI新加坡指数1703,0.0,304.05,304.05
2016-05-13,SG1703,0.0,0.0,0.0,301.5,0.0,,MSCI新加坡指数1703,0.0,301.5,301.5
2016-05-16,SG1703,0.0,0.0,0.0,300.6,0.0,,MSCI新加坡指数1703,0.0,300.6,300.6
2016-05-17,SG1703,0.0,0.0,0.0,304.7,0.0,,MSCI新加坡指数1703,0.0,304.7,304.7
2016-05-18,SG1703,0.0,0.0,0.0,304.15,0.0,,MSCI新加坡指数1703,0.0,304.15,304.15
2016-05-19,SG1703,0.0,0.0,0.0,299.4,0.0,,MSCI新加坡指数1703,0.0,299.4,299.4
2016-05-20,SG1703,0.0,0.0,0.0,303.55,0.0,,MSCI新加坡指数1703,0.0,303.55,303.55
2016-05-23,SG1703,0.0,0.0,0.0,303.6,0.0,,MSCI新加坡指数1703,0.0,303.6,303.6
2016-05-24,SG1703,0.0,0.0,0.0,300.8,0.0,,MSCI新加坡指数1703,0.0,300.8,300.8
2016-05-25,SG1703,0.0,0.0,0.0,304.15,0.0,,MSCI新加坡指数1703,0.0,304.15,304.15
2016-05-26,SG1703,0.0,0.0,0.0,304.6,0.0,,MSCI新加坡指数1703,0.0,304.6,304.6
2016-05-27,SG1703,0.0,0.0,0.0,308.1,0.0,,MSCI新加坡指数1703,0.0,308.1,308.1
2016-05-30,SG1703,0.0,0.0,0.0,307.4,0.0,,MSCI新加坡指数1703,0.0,307.4,307.4
2016-05-31,SG1703,0.0,0.0,0.0,306.25,0.0,,MSCI新加坡指数1703,0.0,306.25,306.25
2016-06-01,SG1703,0.0,0.0,0.0,305.6,0.0,,MSCI新加坡指数1703,0.0,305.6,305.6
2016-06-02,SG1703,0.0,0.0,0.0,306.35,0.0,,MSCI新加坡指数1703,0.0,306.35,306.35
2016-06-03,SG1703,0.0,0.0,0.0,308.1,0.0,,MSCI新加坡指数1703,0.0,308.1,308.1
2016-06-06,SG1703,0.0,0.0,0.0,310.25,0.0,,MSCI新加坡指数1703,0.0,310.25,310.25
2016-06-07,SG1703,0.0,0.0,0.0,312.85,0.0,,MSCI新加坡指数1703,0.0,312.85,312.85
2016-06-08,SG1703,0.0,0.0,0.0,314.05,0.0,,MSCI新加坡指数1703,0.0,314.05,314.05
2016-06-09,SG1703,0.0,0.0,0.0,313.65,0.0,,MSCI新加坡指数1703,0.0,313.65,313.65
2016-06-10,SG1703,0.0,0.0,0.0,308.25,0.0,,MSCI新加坡指数1703,0.0,308.25,308.25
2016-06-13,SG1703,0.0,0.0,0.0,303.55,0.0,,MSCI新加坡指数1703,0.0,303.55,303.55
2016-06-14,SG1703,0.0,0.0,0.0,302.5,0.0,,MSCI新加坡指数1703,0.0,302.5,302.5
2016-06-15,SG1703,0.0,0.0,0.0,303.3,0.0,,MSCI新加坡指数1703,0.0,303.3,303.3
2016-06-16,SG1703,0.0,0.0,0.0,300.6,0.0,,MSCI新加坡指数1703,0.0,300.6,300.6
2016-06-17,SG1703,0.0,0.0,0.0,302.25,0.0,,MSCI新加坡指数1703,0.0,302.25,302.25
2016-06-20,SG1703,0.0,0.0,0.0,307.3,0.0,,MSCI新加坡指数1703,0.0,307.3,307.3
2016-06-21,SG1703,0.0,0.0,0.0,306.1,0.0,,MSCI新加坡指数1703,0.0,306.1,306.1
2016-06-22,SG1703,0.0,0.0,0.0,306.9,0.0,,MSCI新加坡指数1703,0.0,306.9,306.9
2016-06-23,SG1703,0.0,0.0,0.0,308.35,0.0,,MSCI新加坡指数1703,0.0,308.35,308.35
2016-06-24,SG1703,0.0,0.0,0.0,298.55,0.0,,MSCI新加坡指数1703,0.0,298.55,298.55
2016-06-27,SG1703,0.0,0.0,0.0,298.5,0.0,,MSCI新加坡指数1703,0.0,298.5,298.5
2016-06-28,SG1703,0.0,0.0,0.0,302.15,0.0,,MSCI新加坡指数1703,0.0,302.15,302.15
2016-06-29,SG1703,0.0,0.0,0.0,306.85,0.0,,MSCI新加坡指数1703,0.0,306.85,306.85
2016-06-30,SG1703,0.0,0.0,0.0,313.15,0.0,,MSCI新加坡指数1703,0.0,313.15,313.15
2016-07-01,SG1703,0.0,0.0,0.0,312.25,0.0,,MSCI新加坡指数1703,0.0,312.25,312.25
2016-07-04,SG1703,0.0,0.0,0.0,315.55,0.0,,MSCI新加坡指数1703,0.0,315.55,315.55
2016-07-05,SG1703,0.0,0.0,0.0,313.95,0.0,,MSCI新加坡指数1703,0.0,313.95,313.95
2016-07-06,SG1703,0.0,0.0,0.0,313.95,0.0,,MSCI新加坡指数1703,0.0,313.95,313.95
2016-07-07,SG1703,0.0,0.0,0.0,313.75,0.0,,MSCI新加坡指数1703,0.0,313.75,313.75
2016-07-08,SG1703,0.0,0.0,0.0,311.95,0.0,,MSCI新加坡指数1703,0.0,311.95,311.95
2016-07-11,SG1703,0.0,0.0,0.0,315.65,0.0,,MSCI新加坡指数1703,0.0,315.65,315.65
2016-07-12,SG1703,0.0,0.0,0.0,318.65,0.0,,MSCI新加坡指数1703,0.0,318.65,318.65
2016-07-13,SG1703,0.0,0.0,0.0,319.4,0.0,,MSCI新加坡指数1703,0.0,319.4,319.4
2016-07-14,SG1703,0.0,0.0,0.0,322.4,0.0,,MSCI新加坡指数1703,0.0,322.4,322.4
2016-07-15,SG1703,0.0,0.0,0.0,320.9,0.0,,MSCI新加坡指数1703,0.0,320.9,320.9
2016-07-18,SG1703,0.0,0.0,0.0,321.75,0.0,,MSCI新加坡指数1703,0.0,321.75,321.75
2016-07-19,SG1703,0.0,0.0,0.0,320.2,0.0,,MSCI新加坡指数1703,0.0,320.2,320.2
2016-07-20,SG1703,0.0,0.0,0.0,321.95,0.0,,MSCI新加坡指数1703,0.0,321.95,321.95
2016-07-21,SG1703,0.0,0.0,0.0,321.3,0.0,,MSCI新加坡指数1703,0.0,321.3,321.3
2016-07-22,SG1703,0.0,0.0,0.0,321.45,0.0,,MSCI新加坡指数1703,0.0,321.45,321.45
2016-07-25,SG1703,0.0,0.0,0.0,319.9,0.0,,MSCI新加坡指数1703,0.0,319.9,319.9
2016-07-26,SG1703,0.0,0.0,0.0,319.75,0.0,,MSCI新加坡指数1703,0.0,319.75,319.75
2016-07-27,SG1703,0.0,0.0,0.0,321.45,0.0,,MSCI新加坡指数1703,0.0,321.45,321.45
2016-07-28,SG1703,0.0,0.0,0.0,316.45,0.0,,MSCI新加坡指数1703,0.0,316.45,316.45
2016-07-29,SG1703,0.0,0.0,0.0,312.7,0.0,,MSCI新加坡指数1703,0.0,312.7,312.7
2016-08-01,SG1703,0.0,0.0,0.0,316.5,0.0,,MSCI新加坡指数1703,0.0,316.5,316.5
2016-08-02,SG1703,0.0,0.0,0.0,311.5,0.0,,MSCI新加坡指数1703,0.0,311.5,311.5
2016-08-03,SG1703,0.0,0.0,0.0,310.2,0.0,,MSCI新加坡指数1703,0.0,310.2,310.2
2016-08-04,SG1703,0.0,0.0,0.0,310.8,0.0,,MSCI新加坡指数1703,0.0,310.8,310.8
2016-08-05,SG1703,0.0,0.0,0.0,310.55,0.0,,MSCI新加坡指数1703,0.0,310.55,310.55
2016-08-08,SG1703,0.0,0.0,0.0,315.85,0.0,,MSCI新加坡指数1703,0.0,315.85,315.85
2016-08-09,SG1703,0.0,0.0,0.0,315.85,0.0,,MSCI新加坡指数1703,0.0,315.85,315.85
2016-08-10,SG1703,0.0,0.0,0.0,315.35,0.0,,MSCI新加坡指数1703,0.0,315.35,315.35
2016-08-11,SG1703,0.0,0.0,0.0,315.65,0.0,,MSCI新加坡指数1703,0.0,315.65,315.65
2016-08-12,SG1703,0.0,0.0,0.0,314.3,0.0,,MSCI新加坡指数1703,0.0,314.3,314.3
2016-08-15,SG1703,0.0,0.0,0.0,315.7,0.0,,MSCI新加坡指数1703,0.0,315.7,315.7
2016-08-16,SG1703,0.0,0.0,0.0,315.0,0.0,,MSCI新加坡指数1703,0.0,315.0,315.0
2016-08-17,SG1703,0.0,0.0,0.0,313.05,0.0,,MSCI新加坡指数1703,0.0,313.05,313.05
2016-08-18,SG1703,0.0,0.0,0.0,312.45,0.0,,MSCI新加坡指数1703,0.0,312.45,312.45
2016-08-19,SG1703,0.0,0.0,0.0,312.55,0.0,,MSCI新加坡指数1703,0.0,312.55,312.55
2016-08-22,SG1703,0.0,0.0,0.0,312.25,0.0,,MSCI新加坡指数1703,0.0,312.25,312.25
2016-08-23,SG1703,0.0,0.0,0.0,313.75,0.0,,MSCI新加坡指数1703,0.0,313.75,313.75
2016-08-24,SG1703,0.0,0.0,0.0,316.45,0.0,,MSCI新加坡指数1703,0.0,316.45,316.45
2016-08-25,SG1703,0.0,0.0,0.0,317.95,0.0,,MSCI新加坡指数1703,0.0,317.95,317.95
2016-08-26,SG1703,0.0,0.0,0.0,314.85,0.0,,MSCI新加坡指数1703,0.0,314.85,314.85
2016-08-29,SG1703,0.0,0.0,0.0,311.1,0.0,,MSCI新加坡指数1703,0.0,311.1,311.1
2016-08-30,SG1703,0.0,0.0,0.0,311.2,0.0,,MSCI新加坡指数1703,0.0,311.2,311.2
2016-08-31,SG1703,0.0,0.0,0.0,310.1,0.0,,MSCI新加坡指数1703,0.0,310.1,310.1
2016-09-01,SG1703,0.0,0.0,0.0,309.2,0.0,,MSCI新加坡指数1703,0.0,309.2,309.2
2016-09-02,SG1703,0.0,0.0,0.0,307.6,0.0,,MSCI新加坡指数1703,0.0,307.6,307.6
2016-09-05,SG1703,0.0,0.0,0.0,313.65,0.0,,MSCI新加坡指数1703,0.0,313.65,313.65
2016-09-06,SG1703,0.0,0.0,0.0,319.45,0.0,,MSCI新加坡指数1703,0.0,319.45,319.45
2016-09-07,SG1703,0.0,0.0,0.0,319.15,0.0,,MSCI新加坡指数1703,0.0,319.15,319.15
2016-09-08,SG1703,0.0,0.0,0.0,319.6,0.0,,MSCI新加坡指数1703,0.0,319.6,319.6
2016-09-09,SG1703,0.0,0.0,0.0,316.75,0.0,,MSCI新加坡指数1703,0.0,316.75,316.75
2016-09-12,SG1703,0.0,0.0,0.0,308.45,0.0,,MSCI新加坡指数1703,0.0,308.45,308.45
2016-09-13,SG1703,0.0,0.0,0.0,309.65,0.0,,MSCI新加坡指数1703,0.0,309.65,309.65
2016-09-14,SG1703,0.0,0.0,0.0,308.15,0.0,,MSCI新加坡指数1703,0.0,308.15,308.15
2016-09-14,SG1703,,,,1194.0,0.0,,标普500成长1703,0.0,1194.0,1194.0
2016-09-15,SG1703,0.0,0.0,0.0,307.95,0.0,,MSCI新加坡指数1703,0.0,307.95,307.95
2016-09-15,SG1703,,,,1208.4,0.0,,标普500成长1703,0.0,1208.4,1208.4
2016-09-16,SG1703,0.0,0.0,0.0,311.0,0.0,,MSCI新加坡指数1703,0.0,311.0,311.0
2016-09-16,SG1703,,,,1204.3,0.0,,标普500成长1703,0.0,1204.7,1204.3
2016-09-19,SG1703,311.0,311.0,311.0,311.0,1.0,,MSCI新加坡指数1703,1.0,312.15,311.0
2016-09-19,SG1703,,,,1203.1,0.0,,标普500成长1703,0.0,1203.6,1203.1
2016-09-20,SG1703,0.0,0.0,0.0,311.7,0.0,,MSCI新加坡指数1703,1.0,311.7,311.7
2016-09-20,SG1703,,,,1204.7,0.0,,标普500成长1703,0.0,1205.7,1204.7
2016-09-21,SG1703,0.0,0.0,0.0,312.0,0.0,,MSCI新加坡指数1703,1.0,312.0,312.0
2016-09-21,SG1703,,,,1217.9,0.0,,标普500成长1703,0.0,1217.9,1217.9
2016-09-22,SG1703,0.0,0.0,0.0,312.45,0.0,,MSCI新加坡指数1703,1.0,312.45,312.45
2016-09-22,SG1703,,,,1226.2,0.0,,标普500成长1703,0.0,1226.9,1226.2
2016-09-23,SG1703,0.0,0.0,0.0,312.8,0.0,,MSCI新加坡指数1703,1.0,312.8,312.8
2016-09-23,SG1703,,,,1219.8,0.0,,标普500成长1703,0.0,1219.6,1219.8
2016-09-26,SG1703,,,,1208.9,0.0,,标普500成长1703,0.0,1209.3,1208.9
2016-09-26,SG1703,0.0,0.0,0.0,311.55,0.0,,MSCI新加坡指数1703,1.0,311.55,311.55
2016-09-27,SG1703,,,,1217.3,0.0,,标普500成长1703,0.0,1218.6,1217.3
2016-09-27,SG1703,313.3,313.3,313.3,313.3,1.0,,MSCI新加坡指数1703,2.0,313.3,313.3
2016-09-28,SG1703,,,,1220.6,0.0,,标普500成长1703,0.0,1222.2,1220.6
2016-09-28,SG1703,0.0,0.0,0.0,312.7,0.0,,MSCI新加坡指数1703,2.0,312.7,312.7
2016-09-29,SG1703,,,,1211.1,0.0,,标普500成长1703,0.0,1210.6,1211.1
2016-09-29,SG1703,315.5,315.5,315.5,315.5,1.0,,MSCI新加坡指数1703,3.0,316.5,315.5
2016-09-30,SG1703,,,,1217.9,0.0,,标普500成长1703,0.0,1220.9,1217.9
2016-09-30,SG1703,0.0,0.0,0.0,314.55,0.0,,MSCI新加坡指数1703,3.0,314.55,314.55
2016-10-03,SG1703,,,,1213.8,0.0,,标普500成长1703,0.0,1214.7,1213.8
2016-10-03,SG1703,0.0,0.0,0.0,314.35,0.0,,MSCI新加坡指数1703,3.0,314.35,314.35
2016-10-04,SG1703,0.0,0.0,0.0,316.1,0.0,,MSCI新加坡指数1703,3.0,316.1,316.1
2016-10-04,SG1703,,,,1209.6,0.0,,标普500成长1703,0.0,1209.6,1209.6
2016-10-05,SG1703,0.0,0.0,0.0,316.65,0.0,,MSCI新加坡指数1703,3.0,316.65,316.65
2016-10-05,SG1703,,,,1212.1,0.0,,标普500成长1703,0.0,1212.3,1212.1
2016-10-06,SG1703,0.0,0.0,0.0,317.1,0.0,,MSCI新加坡指数1703,3.0,317.1,317.1
2016-10-06,SG1703,,,,1213.4,0.0,,标普500成长1703,0.0,1213.4,1213.4
2016-10-07,SG1703,,,,1208.6,0.0,,标普500成长1703,0.0,1208.8,1208.6
2016-10-07,SG1703,0.0,0.0,0.0,315.25,0.0,,MSCI新加坡指数1703,3.0,315.25,315.25
2016-10-10,SG1703,0.0,0.0,0.0,314.7,0.0,,MSCI新加坡指数1703,3.0,314.7,314.7
2016-10-10,SG1703,,,,1214.8,0.0,,标普500成长1703,0.0,1214.9,1214.8
2016-10-11,SG1703,0.0,0.0,0.0,312.1,0.0,,MSCI新加坡指数1703,3.0,312.1,312.1
2016-10-11,SG1703,,,,1199.4,0.0,,标普500成长1703,0.0,1199.2,1199.4
2016-10-12,SG1703,0.0,0.0,0.0,307.65,0.0,,MSCI新加坡指数1703,3.0,307.65,307.65
2016-10-12,SG1703,,,,1200.9,0.0,,标普500成长1703,0.0,1201.6,1200.9
2016-10-13,SG1703,0.0,0.0,0.0,307.4,0.0,,MSCI新加坡指数1703,3.0,307.4,307.4
2016-10-13,SG1703,,,,1197.3,0.0,,标普500成长1703,0.0,1197.6,1197.3
2016-10-14,SG1703,0.0,0.0,0.0,308.65,0.0,,MSCI新加坡指数1703,3.0,308.65,308.65
2016-10-14,SG1703,,,,1198.3,0.0,,标普500成长1703,0.0,1198.3,1198.3
2016-10-17,SG1703,,,,1195.4,0.0,,标普500成长1703,0.0,1194.2,1195.4
2016-10-17,SG1703,306.55,306.55,306.55,306.55,1.0,,MSCI新加坡指数1703,4.0,308.5,306.55
2016-10-18,SG1703,,,,1201.5,0.0,,标普500成长1703,0.0,1202.8,1201.5
2016-10-18,SG1703,0.0,0.0,0.0,310.15,0.0,,MSCI新加坡指数1703,4.0,310.15,310.15
2016-10-19,SG1703,,,,1204.3,0.0,,标普500成长1703,0.0,1204.3,1204.3
2016-10-19,SG1703,0.0,0.0,0.0,311.15,0.0,,MSCI新加坡指数1703,4.0,311.15,311.15
2016-10-20,SG1703,,,,1202.6,0.0,,标普500成长1703,0.0,1202.7,1202.6
2016-10-20,SG1703,311.75,311.75,311.75,311.75,1.0,,MSCI新加坡指数1703,3.0,311.6,311.75
2016-10-21,SG1703,,,,1204.7,0.0,,标普500成长1703,0.0,1205.9,1204.7
2016-10-21,SG1703,0.0,0.0,0.0,309.45,0.0,,MSCI新加坡指数1703,3.0,309.45,309.45
2016-10-24,SG1703,,,,1213.3,0.0,,标普500成长1703,0.0,1214.3,1213.3
2016-10-24,SG1703,0.0,0.0,0.0,313.2,0.0,,MSCI新加坡指数1703,3.0,313.2,313.2
2016-10-25,SG1703,,,,1207.2,0.0,,标普500成长1703,0.0,1207.0,1207.2
2016-10-25,SG1703,0.0,0.0,0.0,312.7,0.0,,MSCI新加坡指数1703,3.0,312.7,312.7
2016-10-26,SG1703,,,,1201.2,0.0,,标普500成长1703,0.0,1201.4,1201.2
2016-10-26,SG1703,0.0,0.0,0.0,309.6,0.0,,MSCI新加坡指数1703,3.0,309.6,309.6
2016-10-27,SG1703,,,,1195.8,0.0,,标普500成长1703,0.0,1195.8,1195.8
2016-10-27,SG1703,0.0,0.0,0.0,309.5,0.0,,MSCI新加坡指数1703,3.0,309.5,309.5
2016-10-28,SG1703,,,,1193.8,0.0,,标普500成长1703,0.0,1193.0,1193.8
2016-10-28,SG1703,0.0,0.0,0.0,307.8,0.0,,MSCI新加坡指数1703,3.0,307.8,307.8
2016-10-31,SG1703,,,,1192.1,0.0,,标普500成长1703,0.0,1194.4,1192.1
2016-10-31,SG1703,0.0,0.0,0.0,307.3,0.0,,MSCI新加坡指数1703,3.0,307.3,307.3
2016-11-01,SG1703,0.0,0.0,0.0,307.9,0.0,,MSCI新加坡指数1703,3.0,307.9,307.9
2016-11-01,SG1703,,,,1187.3,0.0,,标普500成长1703,0.0,1184.6,1187.3
2016-11-02,SG1703,306.45,306.45,306.45,306.45,1.0,,MSCI新加坡指数1703,3.0,306.9,306.45
2016-11-02,SG1703,,,,1175.1,0.0,,标普500成长1703,0.0,1176.9,1175.1
2016-11-03,SG1703,0.0,0.0,0.0,307.1,0.0,,MSCI新加坡指数1703,3.0,307.1,307.1
2016-11-03,SG1703,,,,1165.5,0.0,,标普500成长1703,0.0,1166.6,1165.5
2016-11-04,SG1703,0.0,0.0,0.0,304.9,0.0,,MSCI新加坡指数1703,3.0,304.9,304.9
2016-11-04,SG1703,,,,1166.6,0.0,,标普500成长1703,0.0,1165.8,1166.6
2016-11-07,SG1703,0.0,0.0,0.0,308.0,0.0,,MSCI新加坡指数1703,3.0,308.0,308.0
2016-11-07,SG1703,,,,1190.2,0.0,,标普500成长1703,0.0,1191.8,1190.2
2016-11-08,SG1703,,,,1197.5,0.0,,标普500成长1703,0.0,1197.3,1197.5
2016-11-08,SG1703,0.0,0.0,0.0,310.5,0.0,,MSCI新加坡指数1703,3.0,310.5,310.5
2016-11-09,SG1703,,,,1203.0,0.0,,标普500成长1703,0.0,1203.3,1203.0
2016-11-09,SG1703,304.0,304.0,303.75,303.75,2.0,,MSCI新加坡指数1703,3.0,307.2,303.75
2016-11-10,SG1703,,,,1195.9,0.0,,标普500成长1703,0.0,1196.2,1195.9
2016-11-10,SG1703,0.0,0.0,0.0,312.15,0.0,,MSCI新加坡指数1703,3.0,312.15,312.15
2016-11-11,SG1703,,,,1195.2,0.0,,标普500成长1703,0.0,1195.2,1195.2
2016-11-11,SG1703,0.0,0.0,0.0,308.4,0.0,,MSCI新加坡指数1703,0.0,308.4,308.4
2016-11-14,SG1703,,,,1185.9,0.0,,标普500成长1703,0.0,1186.3,1185.9
2016-11-14,SG1703,0.0,0.0,0.0,306.2,0.0,,MSCI新加坡指数1703,3.0,306.2,306.2
2016-11-15,SG1703,,,,1195.7,0.0,,标普500成长1703,0.0,1195.6,1195.7
2016-11-15,SG1703,0.0,0.0,0.0,308.2,0.0,,MSCI新加坡指数1703,3.0,308.2,308.2
2016-11-16,SG1703,,,,1198.7,0.0,,标普500成长1703,0.0,1199.6,1198.7
2016-11-16,SG1703,0.0,0.0,0.0,308.55,0.0,,MSCI新加坡指数1703,3.0,308.55,308.55
2016-11-17,SG1703,,,,1206.5,0.0,,标普500成长1703,0.0,1207.2,1206.5
2016-11-17,SG1703,0.0,0.0,0.0,310.3,0.0,,MSCI新加坡指数1703,3.0,310.3,310.3
2016-11-18,SG1703,,,,1203.6,0.0,,标普500成长1703,0.0,1203.0,1203.6
2016-11-18,SG1703,0.0,0.0,0.0,313.05,0.0,,MSCI新加坡指数1703,3.0,313.05,313.05
2016-11-21,SG1703,,,,1212.1,0.0,,标普500成长1703,0.0,1213.1,1212.1
2016-11-21,SG1703,0.0,0.0,0.0,311.6,0.0,,MSCI新加坡指数1703,3.0,311.6,311.6
2016-11-22,SG1703,,,,1215.5,0.0,,标普500成长1703,0.0,1216.1,1215.5
2016-11-22,SG1703,0.0,0.0,0.0,312.6,0.0,,MSCI新加坡指数1703,3.0,312.6,312.6
2016-11-23,SG1703,0.0,0.0,0.0,314.55,0.0,,MSCI新加坡指数1703,3.0,314.55,314.55
2016-11-23,SG1703,,,,1212.6,0.0,,标普500成长1703,0.0,1213.6,1212.6
2016-11-24,SG1703,0.0,0.0,0.0,316.05,0.0,,MSCI新加坡指数1703,3.0,316.05,316.05
2016-11-25,SG1703,,,,1217.4,0.0,,标普500成长1703,0.0,1217.7,1217.4
2016-11-25,SG1703,0.0,0.0,0.0,318.05,0.0,,MSCI新加坡指数1703,3.0,318.05,318.05
2016-11-28,SG1703,,,,1213.6,0.0,,标普500成长1703,0.0,1213.2,1213.6
2016-11-28,SG1703,0.0,0.0,0.0,319.9,0.0,,MSCI新加坡指数1703,3.0,319.9,319.9
2016-11-29,SG1703,,,,1216.9,0.0,,标普500成长1703,0.0,1217.1,1216.9
2016-11-29,SG1703,0.0,0.0,0.0,320.25,0.0,,MSCI新加坡指数1703,3.0,320.25,320.25
2016-11-30,SG1703,,,,1206.3,0.0,,标普500成长1703,0.0,1206.6,1206.3
2016-11-30,SG1703,0.0,0.0,0.0,322.4,0.0,,MSCI新加坡指数1703,3.0,322.4,322.4
2016-12-01,SG1703,,,,1193.8,0.0,,标普500成长1703,0.0,1193.6,1193.8
2016-12-01,SG1703,0.0,0.0,0.0,325.5,0.0,,MSCI新加坡指数1703,3.0,325.5,325.5
2016-12-02,SG1703,,,,1195.4,0.0,,标普500成长1703,0.0,1195.8,1195.4
2016-12-02,SG1703,0.0,0.0,0.0,325.2,0.0,,MSCI新加坡指数1703,3.0,325.2,325.2
2016-12-05,SG1703,,,,1202.4,0.0,,标普500成长1703,0.0,1203.2,1202.4
2016-12-05,SG1703,0.0,0.0,0.0,328.0,0.0,,MSCI新加坡指数1703,3.0,328.0,328.0
2016-12-06,SG1703,,,,1204.5,0.0,,标普500成长1703,0.0,1205.6,1204.5
2016-12-06,SG1703,328.95,328.95,328.95,328.95,1.0,,MSCI新加坡指数1703,3.0,328.85,328.95
2016-12-07,SG1703,,,,1219.8,0.0,,标普500成长1703,0.0,1220.3,1219.8
2016-12-07,SG1703,0.0,0.0,0.0,331.15,0.0,,MSCI新加坡指数1703,3.0,331.15,331.15
2016-12-08,SG1703,,,,1221.8,0.0,,标普500成长1703,0.0,1222.3,1221.8
2016-12-08,SG1703,0.0,0.0,0.0,330.5,0.0,,MSCI新加坡指数1703,3.0,330.5,330.5
2016-12-09,SG1703,0.0,0.0,0.0,329.1,0.0,,MSCI新加坡指数1703,3.0,329.1,329.1
2016-12-09,SG1703,,,,1230.0,9.0,,标普500成长1703,0.0,1231.5,1230.0
2016-12-12,SG1703,0.0,0.0,0.0,329.25,0.0,,MSCI新加坡指数1703,3.0,329.25,329.25
2016-12-12,SG1703,,,,1228.6,0.0,,标普500成长1703,9.0,1228.6,1228.6
2016-12-13,SG1703,0.0,0.0,0.0,330.65,0.0,,MSCI新加坡指数1703,3.0,330.65,330.65
2016-12-13,SG1703,,,,1238.9,0.0,,标普500成长1703,9.0,1238.9,1238.9
2016-12-14,SG1703,329.5,330.75,329.5,330.75,21.0,,MSCI新加坡指数1703,23.0,330.85,330.75
2016-12-14,SG1703,1239.3,1240.4,1230.7,1233.4,10.0,,标普500成长1703,9.0,1232.1,1233.4
2016-12-15,SG1703,0.0,0.0,0.0,325.8,0.0,,MSCI新加坡指数1703,23.0,325.8,325.8
2016-12-15,SG1703,,,,1235.7,0.0,,标普500成长1703,19.0,1235.2,1235.7
2016-12-16,SG1703,0.0,0.0,0.0,327.2,0.0,,MSCI新加坡指数1703,23.0,327.2,327.2
2016-12-16,SG1703,,,,1232.8,0.0,,标普500成长1703,19.0,1233.0,1232.8
2016-12-19,SG1703,0.0,0.0,0.0,325.05,0.0,,MSCI新加坡指数1703,23.0,325.05,325.05
2016-12-19,SG1703,,,,1236.0,0.0,,标普500成长1703,19.0,1236.4,1236.0
2016-12-20,SG1703,324.75,324.8,324.7,324.7,29.0,,MSCI新加坡指数1703,51.0,324.95,324.7
2016-12-20,SG1703,,,,1239.7,0.0,,标普500成长1703,19.0,1240.3,1239.7
2016-12-21,SG1703,0.0,0.0,0.0,323.5,0.0,,MSCI新加坡指数1703,51.0,323.5,323.5
2016-12-21,SG1703,,,,1237.6,0.0,,标普500成长1703,19.0,1237.3,1237.6
2016-12-22,SG1703,,,,1233.5,0.0,,标普500成长1703,19.0,1233.8,1233.5
2016-12-22,SG1703,0.0,0.0,0.0,319.9,0.0,,MSCI新加坡指数1703,51.0,319.9,319.9
2016-12-23,SG1703,,,,1234.6,0.0,,标普500成长1703,19.0,1235.1,1234.6
2016-12-23,SG1703,0.0,0.0,0.0,318.35,0.0,,MSCI新加坡指数1703,51.0,318.35,318.35
2016-12-26,SG1703,0.0,0.0,0.0,317.05,0.0,,MSCI新加坡指数1703,51.0,317.05,317.05
2016-12-27,SG1703,,,,1239.7,0.0,,标普500成长1703,19.0,1239.0,1239.7
2016-12-27,SG1703,0.0,0.0,0.0,321.2,0.0,,MSCI新加坡指数1703,51.0,321.2,321.2
2016-12-28,SG1703,1228.3,1239.3,1228.3,1228.5,1.0,,标普500成长1703,19.0,1228.9,1228.5
2016-12-28,SG1703,0.0,0.0,0.0,322.05,0.0,,MSCI新加坡指数1703,51.0,322.05,322.05
2016-12-29,SG1703,0.0,0.0,0.0,320.8,0.0,,MSCI新加坡指数1703,51.0,320.8,320.8
2016-12-29,SG1703,,,,1229.1,0.0,,标普500成长1703,19.0,1229.5,1229.1
2016-12-30,SG1703,0.0,0.0,0.0,319.25,0.0,,MSCI新加坡指数1703,51.0,319.25,319.25
2016-12-30,SG1703,1218.0,1230.6,1218.0,1221.4,3.0,,标普500成长1703,19.0,1223.7,1221.4
2017-01-11,SG1703,333.5,333.5,333.5,333.5,1.0,,MSCI新加坡指数1703,59.0,332.15,333.5
2017-01-11,SG1703,1247.2,1247.3,1241.5,1246.7,1.0,,标普500成长1703,21.0,1247.7,1246.7
2017-01-12,SG1703,335.0,335.0,335.0,335.0,1.0,,MSCI新加坡指数1703,60.0,331.8,335.0
2017-01-12,SG1703,,,,1245.9,0.0,,标普500成长1703,22.0,1246.8,1245.9
2017-01-13,SG1703,335.3,335.3,335.3,335.3,1.0,,MSCI新加坡指数1703,61.0,335.3,335.3
2017-01-13,SG1703,,,,1249.4,0.0,,标普500成长1703,22.0,1249.1,1249.4
2017-01-16,SG1703,0.0,0.0,0.0,333.75,0.0,,MSCI新加坡指数1703,61.0,333.75,333.75
2017-01-17,SG1703,,,,1245.9,0.0,,标普500成长1703,22.0,1246.9,1245.9
2017-01-17,SG1703,0.0,0.0,0.0,333.3,0.0,,MSCI新加坡指数1703,61.0,333.3,333.3
2017-01-18,SG1703,,,,1248.6,0.0,,标普500成长1703,22.0,1249.7,1248.6
2017-01-18,SG1703,0.0,0.0,0.0,332.6,0.0,,MSCI新加坡指数1703,61.0,332.6,332.6
2017-01-19,SG1703,,,,1247.8,0.0,,标普500成长1703,22.0,1247.4,1247.8
2017-01-19,SG1703,332.0,332.0,332.0,332.0,9.0,,MSCI新加坡指数1703,70.0,333.05,332.0
2017-01-20,SG1703,0.0,0.0,0.0,1249.9,0.0,,标普500成长1703,22.0,1250.8,1249.9
2017-01-20,SG1703,334.0,334.0,334.0,334.0,1.0,,MSCI新加坡指数1703,71.0,333.8,334.0
2017-01-23,SG1703,332.1,335.8,332.1,335.8,2.0,,MSCI新加坡指数1703,73.0,335.05,335.8
2017-01-23,SG1703,,,,1249.6,0.0,,标普500成长1703,22.0,1250.1,1249.6
2017-01-24,SG1703,,,,1257.1,0.0,,标普500成长1703,0.0,1256.5,1257.1
2017-01-24,SG1703,336.5,338.0,336.5,338.0,6.0,,MSCI新加坡指数1703,76.0,337.3,338.0
2017-01-25,SG1703,340.95,340.95,340.95,340.95,1.0,,MSCI新加坡指数1703,77.0,336.9,340.95
2017-01-25,SG1703,,,,1264.9,0.0,,标普500成长1703,22.0,1265.7,1264.9
2017-01-26,SG1703,1264.1,1266.3,1264.1,1264.9,1.0,,标普500成长1703,21.0,1265.3,1264.9
2017-01-26,SG1703,0.0,0.0,0.0,339.65,0.0,,MSCI新加坡指数1703,77.0,339.65,339.65
2017-01-27,SG1703,1264.6,1266.8,1264.6,1266.0,1.0,,标普500成长1703,20.0,1266.4,1266.0
2017-01-27,SG1703,341.0,341.0,341.0,341.0,1.0,,MSCI新加坡指数1703,78.0,342.0,341.0
2017-01-30,SG1703,1257.0,1258.4,1253.5,1258.4,1.0,,标普500成长1703,19.0,1259.0,1258.4
2017-01-30,SG1703,340.5,340.5,339.35,339.5,118.0,,MSCI新加坡指数1703,157.0,340.45,339.5
2017-01-31,SG1703,339.65,339.65,336.55,337.45,57.0,,MSCI新加坡指数1703,153.0,336.8,337.45
2017-01-31,SG1703,,,,1255.7,0.0,,标普500成长1703,19.0,1258.7,1255.7
2017-02-01,SG1703,338.1,341.0,337.7,341.0,9.0,,MSCI新加坡指数1703,156.0,340.05,341.0
2017-02-01,SG1703,,,,1259.6,0.0,,标普500成长1703,19.0,1259.7,1259.6
2017-02-02,SG1703,,,,1259.5,0.0,,标普500成长1703,19.0,1260.1,1259.5
2017-02-02,SG1703,338.9,338.9,336.95,337.55,12.0,,MSCI新加坡指数1703,158.0,337.4,337.55
2017-02-03,SG1703,,,,1266.2,0.0,,标普500成长1703,19.0,1266.4,1266.2
2017-02-03,SG1703,337.35,337.4,337.35,337.4,7.0,,MSCI新加坡指数1703,160.0,336.85,337.4
2017-02-06,SG1703,337.7,339.5,337.7,339.5,103.0,,MSCI新加坡指数1703,239.0,338.75,339.5
2017-02-06,SG1703,,,,1264.5,0.0,,标普500成长1703,19.0,1265.0,1264.5
2017-02-07,SG1703,,,,1269.0,0.0,,标普500成长1703,19.0,1267.0,1269.0
2017-02-07,SG1703,339.2,341.5,339.2,341.05,56.0,,MSCI新加坡指数1703,257.0,340.35,341.05
2017-02-08,SG1703,,,,1269.4,0.0,,标普500成长1703,19.0,1269.9,1269.4
2017-02-08,SG1703,340.1,340.4,339.0,340.4,11.0,,MSCI新加坡指数1703,258.0,339.25,340.4
2017-02-09,SG1703,1278.6,1278.6,1276.6,1276.6,1.0,,标普500成长1703,20.0,1276.2,1276.6
2017-02-09,SG1703,341.2,343.3,341.2,341.8,33.0,,MSCI新加坡指数1703,257.0,341.45,341.8
2017-02-10,SG1703,,,,1280.9,0.0,,标普500成长1703,20.0,1280.4,1280.9
2017-02-10,SG1703,342.3,344.5,342.0,344.35,8.0,,MSCI新加坡指数1703,257.0,343.6,344.35
2017-02-13,SG1703,,,,1287.4,0.0,,标普500成长1703,20.0,1286.6,1287.4
2017-02-13,SG1703,345.0,345.5,344.6,344.7,248.0,,MSCI新加坡指数1703,366.0,344.6,344.7
2017-02-14,SG1703,,,,1291.1,0.0,,标普500成长1703,20.0,1290.7,1291.1
2017-02-14,SG1703,345.5,346.5,340.2,340.25,144.0,,MSCI新加坡指数1703,441.0,339.8,340.25
2017-02-15,SG1703,1297.4,1298.8,1290.3,1298.8,2.0,,标普500成长1703,19.0,1297.5,1298.8
2017-02-15,SG1703,340.2,341.8,339.5,341.15,833.0,,MSCI新加坡指数1703,1198.0,340.45,341.15
2017-02-16,SG1703,341.25,341.8,341.15,341.45,394.0,,MSCI新加坡指数1703,1553.0,340.35,341.45
2017-02-16,SG1703,1296.5,1297.6,1293.7,1296.6,1.0,,标普500成长1703,19.0,1297.2,1296.6
2017-02-17,SG1703,342.0,344.2,341.45,342.7,885.0,,MSCI新加坡指数1703,2299.0,342.7,342.7
2017-02-17,SG1703,,,,1298.8,0.0,,标普500成长1703,19.0,1298.9,1298.8
2017-02-20,SG1703,342.7,344.35,342.3,342.9,11725.0,,MSCI新加坡指数1703,11750.0,342.9,342.9
2017-02-21,SG1703,,,,1305.1,0.0,,标普500成长1703,19.0,1306.1,1305.1
2017-02-21,SG1703,342.9,343.15,341.25,342.25,35171.0,,MSCI新加坡指数1703,38002.0,342.25,342.25
2017-02-22,SG1703,,,,1305.0,0.0,,标普500成长1703,19.0,1305.4,1305.0
2017-02-22,SG1703,341.95,346.75,341.9,346.45,70827.0,,MSCI新加坡指数1703,88788.0,346.45,346.45
2017-02-23,SG1703,,,,1305.0,0.0,,标普500成长1703,19.0,1304.3,1305.0
2017-02-23,SG1703,346.0,348.1,345.65,347.75,82824.0,,MSCI新加坡指数1703,148339.0,347.75,347.75
2017-02-24,SG1703,1307.4,1307.4,1301.2,1307.4,2.0,,标普500成长1703,19.0,1308.1,1307.4
2017-02-24,SG1703,348.05,348.25,345.1,345.15,37333.0,,MSCI新加坡指数1703,168073.0,345.15,345.15
2017-02-27,SG1703,,,,1309.8,0.0,,标普500成长1703,19.0,1310.1,1309.8
2017-02-27,SG1703,345.2,345.45,343.0,344.5,26666.0,,MSCI新加坡指数1703,171671.0,344.5,344.5
2017-02-28,SG1703,1303.9,1306.3,1303.9,1306.3,1.0,,标普500成长1703,19.0,1305.1,1306.3
2017-02-28,SG1703,344.35,345.65,342.55,344.35,24114.0,,MSCI新加坡指数1703,175404.0,344.35,344.35
2017-03-01,SG1703,,,,1323.0,0.0,,标普500成长1703,19.0,1322.9,1323.0
2017-03-01,SG1703,344.35,345.95,344.2,345.3,18041.0,,MSCI新加坡指数1703,170646.0,345.3,345.3
2017-03-02,SG1703,,,,1316.1,0.0,,标普500成长1703,19.0,1316.0,1316.1
2017-03-02,SG1703,345.05,348.8,344.55,345.4,27150.0,,MSCI新加坡指数1703,171006.0,345.4,345.4
2017-03-03,SG1703,345.15,345.75,342.75,344.75,18924.0,,MSCI新加坡指数1703,167409.0,344.75,344.75
2017-03-03,SG1703,,,,1316.4,0.0,,标普500成长1703,19.0,1317.3,1316.4
2017-03-06,SG1703,344.7,345.9,343.75,344.8,13891.0,,MSCI新加坡指数1703,167595.0,344.8,344.8
2017-03-06,SG1703,,,,1314.3,0.0,,标普500成长1703,19.0,1315.2,1314.3
2017-03-07,SG1703,345.1,346.15,344.3,346.05,10533.0,,MSCI新加坡指数1703,163866.0,346.05,346.05
2017-03-07,SG1703,,,,1312.0,0.0,,标普500成长1703,19.0,1312.2,1312.0
2017-03-08,SG1703,345.95,348.2,345.2,347.5,14593.0,,MSCI新加坡指数1703,166928.0,347.5,347.5
2017-03-08,SG1703,,,,1312.0,0.0,,标普500成长1703,19.0,1311.5,1312.0
2017-03-09,SG1703,347.5,347.85,343.3,343.55,13033.0,,MSCI新加坡指数1703,165910.0,343.55,343.55
2017-03-09,SG1703,,,,1312.6,0.0,,标普500成长1703,19.0,1312.4,1312.6
2017-03-10,SG1703,,,,1315.8,9.0,,标普500成长1703,10.0,1317.1,1315.8
2017-03-10,SG1703,343.8,347.1,342.1,346.6,15781.0,,MSCI新加坡指数1703,166986.0,346.6,346.6
2017-03-13,SG1703,,,,1318.4,0.0,,标普500成长1703,10.0,1319.2,1318.4
2017-03-13,SG1703,346.5,348.75,345.65,348.4,14675.0,,MSCI新加坡指数1703,166841.0,348.4,348.4
2017-03-14,SG1703,1312.1,1314.1,1312.1,1314.1,5.0,,标普500成长1703,5.0,1314.5,1314.1
2017-03-14,SG1703,348.35,348.8,345.9,347.75,17218.0,,MSCI新加坡指数1703,166111.0,347.75,347.75
2017-03-15,SG1703,,,,1323.5,0.0,,标普500成长1703,5.0,1325.7,1323.5
2017-03-15,SG1703,347.65,347.85,344.5,346.6,12813.0,,MSCI新加坡指数1703,166623.0,346.6,346.6
2017-03-16,SG1703,,,,1324.3,4.0,,标普500成长1703,1.0,1323.0,1324.3
2017-03-16,SG1703,346.75,350.45,346.45,349.8,15998.0,,MSCI新加坡指数1703,165668.0,349.8,349.8
2017-03-17,SG1703,,,,1327.35,0.0,,标普500成长1703,1.0,1327.35,1327.35
2017-03-17,SG1703,349.95,351.9,349.5,350.45,14832.0,,MSCI新加坡指数1703,165874.0,350.45,350.45
2017-03-20,SG1703,350.5,351.1,347.9,349.6,14451.0,,MSCI新加坡指数1703,165631.0,349.6,349.6
2017-03-21,SG1703,349.55,350.7,348.2,348.3,9313.0,,MSCI新加坡指数1703,166274.0,348.3,348.3
2017-03-22,SG1703,348.55,349.5,343.45,344.2,22747.0,,MSCI新加坡指数1703,165554.0,344.2,344.2
2017-03-23,SG1703,344.15,346.0,343.8,344.55,11436.0,,MSCI新加坡指数1703,164321.0,344.55,344.55
2017-03-24,SG1703,344.9,348.0,344.65,347.05,47272.0,,MSCI新加坡指数1703,155014.0,347.05,347.05
2017-03-27,SG1703,347.2,348.25,343.65,345.65,85122.0,,MSCI新加坡指数1703,119325.0,345.65,345.65
2017-03-28,SG1703,346.05,348.75,345.6,348.65,101333.0,,MSCI新加坡指数1703,69031.0,348.65,348.65
2017-03-29,SG1703,348.5,351.9,348.25,351.25,55510.0,,MSCI新加坡指数1703,36264.0,351.25,351.25
2017-03-30,SG1703,350.8,352.1,350.0,350.75,7733.0,,MSCI新加坡指数1703,16964.0,350.75,350.75
