date,symbol,open,high,low,close,volume,amount,name,openinterest,settleprice,price
2017-03-31,SG1803,0.0,0.0,0.0,343.8,0.0,,MSCI新加坡指数1803,0.0,343.8,343.8
2017-04-03,SG1803,0.0,0.0,0.0,344.75,0.0,,MSCI新加坡指数1803,0.0,344.75,344.75
2017-04-04,SG1803,0.0,0.0,0.0,343.4,0.0,,MSCI新加坡指数1803,0.0,343.4,343.4
2017-04-05,SG1803,0.0,0.0,0.0,343.75,0.0,,MSCI新加坡指数1803,0.0,343.75,343.75
2017-04-06,SG1803,0.0,0.0,0.0,342.35,0.0,,MSCI新加坡指数1803,0.0,342.35,342.35
2017-04-07,SG1803,0.0,0.0,0.0,342.55,0.0,,MSCI新加坡指数1803,0.0,342.55,342.55
2017-04-10,SG1803,0.0,0.0,0.0,343.05,0.0,,MSCI新加坡指数1803,0.0,343.05,343.05
2017-04-11,SG1803,0.0,0.0,0.0,342.3,0.0,,MSCI新加坡指数1803,0.0,342.3,342.3
2017-04-12,SG1803,0.0,0.0,0.0,343.35,0.0,,MSCI新加坡指数1803,0.0,343.35,343.35
2017-04-13,SG1803,0.0,0.0,0.0,341.85,0.0,,MSCI新加坡指数1803,0.0,341.85,341.85
2017-04-14,SG1803,0.0,0.0,0.0,339.75,0.0,,MSCI新加坡指数1803,0.0,339.75,339.75
2017-04-17,SG1803,0.0,0.0,0.0,338.45,0.0,,MSCI新加坡指数1803,0.0,338.45,338.45
2017-04-18,SG1803,0.0,0.0,0.0,337.95,0.0,,MSCI新加坡指数1803,0.0,337.95,337.95
2017-04-19,SG1803,0.0,0.0,0.0,336.75,0.0,,MSCI新加坡指数1803,0.0,336.75,336.75
2017-04-20,SG1803,0.0,0.0,0.0,338.15,0.0,,MSCI新加坡指数1803,0.0,338.15,338.15
2017-04-21,SG1803,0.0,0.0,0.0,338.3,0.0,,MSCI新加坡指数1803,0.0,338.3,338.3
2017-04-24,SG1803,0.0,0.0,0.0,339.95,0.0,,MSCI新加坡指数1803,0.0,339.95,339.95
2017-04-25,SG1803,0.0,0.0,0.0,342.45,0.0,,MSCI新加坡指数1803,0.0,342.45,342.45
2017-04-26,SG1803,0.0,0.0,0.0,343.95,0.0,,MSCI新加坡指数1803,0.0,343.95,343.95
2017-04-27,SG1803,0.0,0.0,0.0,343.7,0.0,,MSCI新加坡指数1803,0.0,343.7,343.7
2017-04-28,SG1803,0.0,0.0,0.0,344.3,0.0,,MSCI新加坡指数1803,0.0,344.3,344.3
2017-05-01,SG1803,0.0,0.0,0.0,345.6,0.0,,MSCI新加坡指数1803,0.0,345.6,345.6
2017-05-02,SG1803,0.0,0.0,0.0,349.35,0.0,,MSCI新加坡指数1803,0.0,349.35,349.35
2017-05-03,SG1803,0.0,0.0,0.0,352.85,0.0,,MSCI新加坡指数1803,0.0,352.85,352.85
2017-05-04,SG1803,0.0,0.0,0.0,353.85,0.0,,MSCI新加坡指数1803,0.0,353.85,353.85
2017-05-05,SG1803,0.0,0.0,0.0,353.15,0.0,,MSCI新加坡指数1803,0.0,353.15,353.15
2017-05-08,SG1803,0.0,0.0,0.0,354.65,0.0,,MSCI新加坡指数1803,0.0,354.65,354.65
2017-05-09,SG1803,0.0,0.0,0.0,355.8,0.0,,MSCI新加坡指数1803,0.0,355.8,355.8
2017-05-10,SG1803,0.0,0.0,0.0,355.2,0.0,,MSCI新加坡指数1803,0.0,355.2,355.2
2017-05-11,SG1803,0.0,0.0,0.0,357.7,0.0,,MSCI新加坡指数1803,0.0,357.7,357.7
2017-05-12,SG1803,0.0,0.0,0.0,356.0,0.0,,MSCI新加坡指数1803,0.0,356.0,356.0
2017-05-15,SG1803,0.0,0.0,0.0,358.0,0.0,,MSCI新加坡指数1803,0.0,358.0,358.0
2017-05-16,SG1803,0.0,0.0,0.0,354.1,0.0,,MSCI新加坡指数1803,0.0,354.1,354.1
2017-05-17,SG1803,0.0,0.0,0.0,354.25,0.0,,MSCI新加坡指数1803,0.0,354.25,354.25
2017-05-18,SG1803,0.0,0.0,0.0,352.55,0.0,,MSCI新加坡指数1803,0.0,352.55,352.55
2017-05-19,SG1803,0.0,0.0,0.0,352.95,0.0,,MSCI新加坡指数1803,0.0,352.95,352.95
2017-05-22,SG1803,0.0,0.0,0.0,354.3,0.0,,MSCI新加坡指数1803,0.0,354.3,354.3
2017-05-23,SG1803,0.0,0.0,0.0,355.85,0.0,,MSCI新加坡指数1803,0.0,355.85,355.85
2017-05-24,SG1803,0.0,0.0,0.0,356.35,0.0,,MSCI新加坡指数1803,0.0,356.35,356.35
2017-05-25,SG1803,0.0,0.0,0.0,356.5,0.0,,MSCI新加坡指数1803,0.0,356.5,356.5
2017-05-26,SG1803,0.0,0.0,0.0,354.45,0.0,,MSCI新加坡指数1803,0.0,354.45,354.45
2017-05-29,SG1803,0.0,0.0,0.0,353.9,0.0,,MSCI新加坡指数1803,0.0,353.9,353.9
2017-05-30,SG1803,0.0,0.0,0.0,352.45,0.0,,MSCI新加坡指数1803,0.0,352.45,352.45
2017-05-31,SG1803,0.0,0.0,0.0,352.3,0.0,,MSCI新加坡指数1803,0.0,352.3,352.3
2017-06-01,SG1803,0.0,0.0,0.0,355.55,0.0,,MSCI新加坡指数1803,0.0,355.55,355.55
2017-06-02,SG1803,0.0,0.0,0.0,355.95,0.0,,MSCI新加坡指数1803,0.0,355.95,355.95
2017-06-05,SG1803,0.0,0.0,0.0,355.6,0.0,,MSCI新加坡指数1803,0.0,355.6,355.6
2017-06-06,SG1803,0.0,0.0,0.0,354.35,0.0,,MSCI新加坡指数1803,0.0,354.35,354.35
2017-06-07,SG1803,0.0,0.0,0.0,354.4,0.0,,MSCI新加坡指数1803,0.0,354.4,354.4
2017-06-08,SG1803,0.0,0.0,0.0,354.55,0.0,,MSCI新加坡指数1803,0.0,354.55,354.55
2017-06-09,SG1803,0.0,0.0,0.0,357.4,0.0,,MSCI新加坡指数1803,0.0,357.4,357.4
2017-06-12,SG1803,0.0,0.0,0.0,356.2,0.0,,MSCI新加坡指数1803,0.0,356.2,356.2
2017-06-13,SG1803,0.0,0.0,0.0,357.2,0.0,,MSCI新加坡指数1803,0.0,357.2,357.2
2017-06-14,SG1803,0.0,0.0,0.0,357.0,0.0,,MSCI新加坡指数1803,0.0,357.0,357.0
2017-06-15,SG1803,0.0,0.0,0.0,353.75,0.0,,MSCI新加坡指数1803,0.0,353.75,353.75
2017-06-16,SG1803,0.0,0.0,0.0,353.3,0.0,,MSCI新加坡指数1803,0.0,353.3,353.3
2017-06-19,SG1803,0.0,0.0,0.0,356.65,0.0,,MSCI新加坡指数1803,0.0,356.65,356.65
2017-06-20,SG1803,0.0,0.0,0.0,355.5,0.0,,MSCI新加坡指数1803,0.0,355.5,355.5
2017-06-21,SG1803,0.0,0.0,0.0,351.85,0.0,,MSCI新加坡指数1803,0.0,351.85,351.85
2017-06-22,SG1803,0.0,0.0,0.0,352.9,0.0,,MSCI新加坡指数1803,0.0,352.9,352.9
2017-06-23,SG1803,0.0,0.0,0.0,352.65,0.0,,MSCI新加坡指数1803,0.0,352.65,352.65
2017-06-26,SG1803,0.0,0.0,0.0,354.2,0.0,,MSCI新加坡指数1803,0.0,354.2,354.2
2017-06-27,SG1803,0.0,0.0,0.0,353.5,0.0,,MSCI新加坡指数1803,0.0,353.5,353.5
2017-06-28,SG1803,0.0,0.0,0.0,353.4,0.0,,MSCI新加坡指数1803,0.0,353.4,353.4
2017-06-29,SG1803,0.0,0.0,0.0,359.6,0.0,,MSCI新加坡指数1803,0.0,359.6,359.6
2017-06-30,SG1803,0.0,0.0,0.0,354.7,0.0,,MSCI新加坡指数1803,0.0,354.7,354.7
