date,symbol,open,high,low,close,volume,amount,name,openinterest,settleprice,price
2008-05-30,SI0808,,,,16.913,,,银0808,,16.913,16.913
2008-06-02,SI0808,,,,16.958,,,银0808,,16.958,16.958
2008-06-03,SI0808,16.91,16.91,16.883,16.883,1.0,,银0808,,16.883,16.883
2008-06-04,SI0808,16.74,16.988,16.74,16.988,10.0,,银0808,1.0,16.988,16.988
2008-06-05,SI0808,17.185,17.22,17.0,17.22,7.0,,银0808,9.0,17.22,17.22
2008-06-06,SI0808,17.435,17.62,17.435,17.482,13.0,,银0808,12.0,17.482,17.482
2008-06-09,SI0808,17.35,17.49,17.2,17.261,107.0,,银0808,14.0,17.261,17.261
2008-06-10,SI0808,17.12,17.2,16.61,16.686,24.0,,银0808,15.0,16.686,16.686
2008-06-11,SI0808,16.89,16.965,16.88,16.906,11.0,,银0808,14.0,16.906,16.906
2008-06-12,SI0808,16.72,16.725,16.44,16.536,16.0,,银0808,11.0,16.536,16.536
2008-06-13,SI0808,16.38,16.611,16.38,16.611,2.0,,银0808,16.0,16.611,16.611
2008-06-16,SI0808,16.79,17.44,16.785,17.285,12.0,,银0808,16.0,17.285,17.285
2008-06-17,SI0808,17.05,17.225,16.94,17.128,33.0,,银0808,14.0,17.128,17.128
2008-06-18,SI0808,17.41,17.48,17.3,17.393,8.0,,银0808,22.0,17.393,17.393
2008-06-19,SI0808,17.39,17.75,17.36,17.524,14.0,,银0808,18.0,17.524,17.524
2008-06-20,SI0808,17.495,17.57,17.451,17.451,4.0,,银0808,22.0,17.451,17.451
2008-06-23,SI0808,17.525,17.53,16.61,16.843,27.0,,银0808,21.0,16.843,16.843
2008-06-24,SI0808,16.985,16.985,16.67,16.686,40.0,,银0808,43.0,16.686,16.686
2008-06-25,SI0808,16.735,16.81,16.555,16.555,28.0,,银0808,51.0,16.555,16.555
2008-06-26,SI0808,16.795,17.485,16.77,17.169,101.0,,银0808,54.0,17.169,17.169
2008-06-27,SI0808,17.2,17.665,17.2,17.661,36.0,,银0808,113.0,17.661,17.661
2008-06-30,SI0808,17.645,17.88,17.29,17.461,58.0,,银0808,122.0,17.461,17.461
2008-07-01,SI0808,17.445,18.255,17.445,18.24,88.0,,银0808,155.0,18.24,18.24
2008-07-02,SI0808,18.15,18.415,17.995,18.375,144.0,,银0808,168.0,18.375,18.375
2008-07-03,SI0808,18.34,18.495,18.085,18.319,112.0,,银0808,168.0,18.319,18.319
2008-07-07,SI0808,18.1,18.1,17.64,17.87,79.0,,银0808,183.0,17.87,17.87
2008-07-08,SI0808,17.875,17.985,17.52,17.908,100.0,,银0808,181.0,17.908,17.908
2008-07-09,SI0808,17.825,18.135,17.825,18.128,54.0,,银0808,168.0,18.128,18.128
2008-07-10,SI0808,18.13,18.345,18.13,18.273,31.0,,银0808,166.0,18.273,18.273
2008-07-11,SI0808,18.4,18.895,18.38,18.77,23.0,,银0808,159.0,18.77,18.77
2008-07-14,SI0808,18.84,19.22,18.55,19.2,83.0,,银0808,156.0,19.2,19.2
2008-07-15,SI0808,19.105,19.455,18.64,18.963,338.0,,银0808,181.0,18.963,18.963
2008-07-16,SI0808,18.875,18.93,18.69,18.755,42.0,,银0808,218.0,18.755,18.755
2008-07-17,SI0808,18.9,19.11,18.4,18.685,44.0,,银0808,198.0,18.685,18.685
2008-07-18,SI0808,18.545,18.555,18.07,18.15,22.0,,银0808,191.0,18.15,18.15
2008-07-21,SI0808,18.22,18.42,18.175,18.375,32.0,,银0808,180.0,18.375,18.375
2008-07-22,SI0808,18.46,18.56,17.955,17.955,22.0,,银0808,191.0,17.955,17.955
2008-07-23,SI0808,17.9,17.95,17.35,17.408,95.0,,银0808,173.0,17.408,17.408
2008-07-24,SI0808,17.48,17.52,17.135,17.255,39.0,,银0808,155.0,17.255,17.255
2008-07-25,SI0808,17.5,17.5,17.025,17.332,39.0,,银0808,161.0,17.332,17.332
2008-07-28,SI0808,17.395,17.51,17.23,17.422,60.0,,银0808,142.0,17.422,17.422
2008-07-29,SI0808,17.595,17.615,17.105,17.332,45.0,,银0808,101.0,17.332,17.332
2008-07-30,SI0808,17.12,17.585,16.83,17.422,112.0,,银0808,73.0,17.422,17.422
2008-07-31,SI0808,17.525,17.75,17.505,17.75,10.0,,银0808,32.0,17.75,17.75
2008-08-01,SI0808,17.65,17.65,17.475,17.481,2.0,,银0808,9.0,17.481,17.481
2008-08-04,SI0808,17.44,17.44,17.103,17.103,2.0,,银0808,4.0,17.103,17.103
2008-08-05,SI0808,16.75,17.05,16.45,16.537,6.0,,银0808,2.0,16.537,16.537
2008-08-06,SI0808,,,,16.472,,,银0808,6.0,16.472,16.472
2008-08-07,SI0808,16.525,16.525,16.215,16.227,17.0,,银0808,2.0,16.227,16.227
2008-08-08,SI0808,15.38,16.105,15.26,15.303,24.0,,银0808,19.0,15.303,15.303
2008-08-11,SI0808,14.63,15.1,14.595,14.595,16.0,,银0808,26.0,14.595,14.595
2008-08-12,SI0808,14.78,14.78,14.462,14.462,4.0,,银0808,22.0,14.462,14.462
2008-08-13,SI0808,14.81,14.824,14.81,14.824,18.0,,银0808,6.0,14.824,14.824
2008-08-14,SI0808,14.865,14.865,14.214,14.214,1.0,,银0808,18.0,14.214,14.214
2008-08-15,SI0808,13.12,13.12,12.8,12.801,4.0,,银0808,2.0,12.801,12.801
2008-08-18,SI0808,,,,13.087,,,银0808,3.0,13.087,13.087
2008-08-19,SI0808,13.155,13.155,13.093,13.093,1.0,,银0808,3.0,13.093,13.093
2008-08-20,SI0808,13.15,13.15,12.99,13.029,15.0,,银0808,3.0,13.029,13.029
2008-08-21,SI0808,13.615,13.719,13.615,13.719,1.0,,银0808,16.0,13.719,13.719
2008-08-22,SI0808,13.42,13.54,13.37,13.47,6.0,,银0808,2.0,13.47,13.47
2008-08-25,SI0808,,,,13.365,,,银0808,7.0,13.365,13.365
2008-08-26,SI0808,,,,13.572,,,银0808,3.0,13.572,13.572
2008-08-27,SI0808,,,,13.468,,,银0808,,13.468,13.468
