date,symbol,open,high,low,close,volume,amount,name,openinterest,settleprice,price
2008-03-31,SI0806,18.13,18.18,17.355,17.355,2.0,,银0806,,17.355,17.355
2008-04-01,SI0806,16.935,16.935,16.79,16.935,2.0,,银0806,2.0,16.935,16.935
2008-04-02,SI0806,17.065,17.46,17.065,17.227,9.0,,银0806,4.0,17.227,17.227
2008-04-03,SI0806,17.42,17.529,17.05,17.529,5.0,,银0806,9.0,17.529,17.529
2008-04-04,SI0806,17.565,17.895,17.41,17.805,12.0,,银0806,10.0,17.805,17.805
2008-04-07,SI0806,17.985,18.2,17.85,18.171,9.0,,银0806,13.0,18.171,18.171
2008-04-08,SI0806,18.06,18.06,17.64,17.758,6.0,,银0806,12.0,17.758,17.758
2008-04-09,SI0806,17.885,18.255,17.885,18.251,15.0,,银0806,10.0,18.251,18.251
2008-04-10,SI0806,18.28,18.3,17.93,18.094,13.0,,银0806,17.0,18.094,18.094
2008-04-11,SI0806,18.005,18.1,17.7,17.742,12.0,,银0806,26.0,17.742,17.742
2008-04-14,SI0806,17.565,17.841,17.43,17.841,10.0,,银0806,29.0,17.841,17.841
2008-04-15,SI0806,17.81,17.94,17.8,17.902,15.0,,银0806,31.0,17.902,17.902
2008-04-16,SI0806,17.87,18.55,17.87,18.38,16.0,,银0806,36.0,18.38,18.38
2008-04-17,SI0806,18.365,18.75,18.255,18.362,24.0,,银0806,29.0,18.362,18.362
2008-04-18,SI0806,18.355,18.355,17.585,17.878,20.0,,银0806,29.0,17.878,17.878
2008-04-21,SI0806,18.02,18.02,17.41,17.417,16.0,,银0806,28.0,17.417,17.417
2008-04-22,SI0806,17.485,17.93,17.445,17.767,18.0,,银0806,25.0,17.767,17.767
2008-04-23,SI0806,17.785,17.785,17.045,17.221,63.0,,银0806,32.0,17.221,17.221
2008-04-24,SI0806,17.2,17.205,16.714,16.714,89.0,,银0806,33.0,16.714,16.714
2008-04-25,SI0806,16.79,16.935,16.505,16.904,61.0,,银0806,91.0,16.904,16.904
2008-04-28,SI0806,16.895,17.185,16.895,17.068,97.0,,银0806,121.0,17.068,17.068
2008-04-29,SI0806,17.08,17.08,16.55,16.588,135.0,,银0806,111.0,16.588,16.588
2008-04-30,SI0806,16.625,16.88,16.41,16.546,143.0,,银0806,112.0,16.546,16.546
2008-05-01,SI0806,16.985,17.05,16.04,16.162,236.0,,银0806,138.0,16.162,16.162
2008-05-02,SI0806,16.32,16.54,16.15,16.422,139.0,,银0806,189.0,16.422,16.422
2008-05-05,SI0806,16.54,16.81,16.54,16.787,93.0,,银0806,194.0,16.787,16.787
2008-05-06,SI0806,16.845,17.015,16.72,16.817,103.0,,银0806,190.0,16.817,16.817
2008-05-07,SI0806,16.81,16.86,16.5,16.652,100.0,,银0806,155.0,16.652,16.652
2008-05-08,SI0806,16.53,16.92,16.53,16.827,37.0,,银0806,159.0,16.827,16.827
2008-05-09,SI0806,16.88,17.085,16.54,16.87,76.0,,银0806,172.0,16.87,16.87
2008-05-12,SI0806,16.95,17.3,16.74,17.185,57.0,,银0806,135.0,17.185,17.185
2008-05-13,SI0806,17.125,17.165,16.57,16.788,55.0,,银0806,123.0,16.788,16.788
2008-05-14,SI0806,16.7,16.885,16.54,16.573,43.0,,银0806,122.0,16.573,16.573
2008-05-15,SI0806,16.64,16.995,16.585,16.645,69.0,,银0806,127.0,16.645,16.645
2008-05-16,SI0806,16.8,17.06,16.8,16.92,71.0,,银0806,120.0,16.92,16.92
2008-05-19,SI0806,17.03,17.21,16.9,16.988,169.0,,银0806,174.0,16.988,16.988
2008-05-20,SI0806,17.01,17.7,16.98,17.685,105.0,,银0806,131.0,17.685,17.685
2008-05-21,SI0806,17.575,18.025,17.575,18.009,156.0,,银0806,146.0,18.009,18.009
2008-05-22,SI0806,17.99,18.07,17.725,17.985,61.0,,银0806,148.0,17.985,17.985
2008-05-23,SI0806,17.93,18.25,17.87,18.249,75.0,,银0806,140.0,18.249,18.249
2008-05-27,SI0806,18.235,18.24,17.395,17.43,164.0,,银0806,142.0,17.43,17.43
2008-05-28,SI0806,17.5,17.52,17.03,17.382,80.0,,银0806,142.0,17.382,17.382
2008-05-29,SI0806,16.865,16.865,16.477,16.477,78.0,,银0806,98.0,16.477,16.477
2008-05-30,SI0806,16.59,16.827,16.5,16.827,2.0,,银0806,95.0,16.827,16.827
2008-06-02,SI0806,,,,16.874,2.0,,银0806,22.0,16.874,16.874
2008-06-03,SI0806,16.85,16.86,16.58,16.799,14.0,,银0806,16.0,16.799,16.799
2008-06-04,SI0806,16.725,16.906,16.65,16.906,8.0,,银0806,21.0,16.906,16.906
2008-06-05,SI0806,16.99,17.137,16.78,17.137,4.0,,银0806,15.0,17.137,17.137
2008-06-06,SI0806,,,,17.397,,,银0806,14.0,17.397,17.397
2008-06-09,SI0806,17.26,17.43,17.18,17.18,2.0,,银0806,10.0,17.18,17.18
2008-06-10,SI0806,,,,16.607,,,银0806,11.0,16.607,16.607
2008-06-11,SI0806,16.88,16.895,16.605,16.829,18.0,,银0806,10.0,16.829,16.829
2008-06-12,SI0806,16.81,16.81,16.463,16.463,2.0,,银0806,10.0,16.463,16.463
2008-06-13,SI0806,16.465,16.575,16.465,16.54,2.0,,银0806,7.0,16.54,16.54
2008-06-16,SI0806,16.84,17.214,16.84,17.214,6.0,,银0806,2.0,17.214,17.214
2008-06-17,SI0806,17.14,17.14,17.059,17.059,6.0,,银0806,6.0,17.059,17.059
2008-06-18,SI0806,17.18,17.4,17.18,17.325,4.0,,银0806,4.0,17.325,17.325
2008-06-19,SI0806,17.5,17.5,17.245,17.457,8.0,,银0806,1.0,17.457,17.457
2008-06-20,SI0806,17.615,17.665,17.387,17.387,5.0,,银0806,8.0,17.387,17.387
2008-06-23,SI0806,,,,16.782,,,银0806,5.0,16.782,16.782
2008-06-24,SI0806,,,,16.627,,,银0806,,16.627,16.627
2008-06-25,SI0806,16.64,16.64,16.499,16.499,,,银0806,,16.499,16.499
2008-06-26,SI0806,,,,17.123,,,银0806,,17.123,17.123
