date,symbol,open,high,low,close,volume,amount,name,openinterest,settleprice,price
2009-05-29,SI0908,,,,15.622,,,银0908,,15.622,15.622
2009-06-01,SI0908,,,,15.749,,,银0908,,15.749,15.749
2009-06-02,SI0908,,,,15.97,,,银0908,,15.97,15.97
2009-06-03,SI0908,15.36,15.37,15.325,15.325,4.0,,银0908,,15.325,15.325
2009-06-04,SI0908,15.325,15.92,15.325,15.911,20.0,,银0908,,15.911,15.911
2009-06-05,SI0908,15.735,15.735,15.165,15.405,57.0,,银0908,3.0,15.405,15.405
2009-06-08,SI0908,15.25,15.25,14.94,14.972,6.0,,银0908,6.0,14.972,14.972
2009-06-09,SI0908,15.025,15.158,15.025,15.158,4.0,,银0908,10.0,15.158,15.158
2009-06-10,SI0908,15.305,15.4,15.15,15.243,22.0,,银0908,8.0,15.243,15.243
2009-06-11,SI0908,,,,15.511,5.0,,银0908,5.0,15.511,15.511
2009-06-12,SI0908,15.0,15.0,14.892,14.892,8.0,,银0908,10.0,14.892,14.892
2009-06-15,SI0908,14.68,14.7,14.047,14.047,24.0,,银0908,12.0,14.047,14.047
2009-06-16,SI0908,14.195,14.25,14.147,14.147,3.0,,银0908,19.0,14.147,14.147
2009-06-17,SI0908,14.14,14.297,14.03,14.297,4.0,,银0908,18.0,14.297,14.297
2009-06-18,SI0908,14.3,14.3,14.215,14.257,6.0,,银0908,18.0,14.257,14.257
2009-06-19,SI0908,14.25,14.31,14.17,14.217,22.0,,银0908,19.0,14.217,14.217
2009-06-22,SI0908,13.96,13.96,13.721,13.721,7.0,,银0908,20.0,13.721,13.721
2009-06-23,SI0908,13.655,13.86,13.635,13.86,18.0,,银0908,21.0,13.86,13.86
2009-06-24,SI0908,14.045,14.045,13.926,13.926,6.0,,银0908,21.0,13.926,13.926
2009-06-25,SI0908,13.875,14.03,13.875,14.019,155.0,,银0908,17.0,14.019,14.019
2009-06-26,SI0908,14.175,14.32,14.07,14.143,119.0,,银0908,132.0,14.143,14.143
2009-06-29,SI0908,14.01,14.125,13.86,13.962,409.0,,银0908,188.0,13.962,13.962
2009-06-30,SI0908,13.91,14.125,13.475,13.587,67.0,,银0908,229.0,13.587,13.587
2009-07-01,SI0908,13.63,13.84,13.59,13.75,50.0,,银0908,232.0,13.75,13.75
2009-07-02,SI0908,13.735,13.735,13.34,13.4,62.0,,银0908,234.0,13.4,13.4
2009-07-06,SI0908,13.41,13.41,13.04,13.231,88.0,,银0908,242.0,13.231,13.231
2009-07-07,SI0908,13.275,13.33,13.08,13.213,73.0,,银0908,222.0,13.213,13.213
2009-07-08,SI0908,13.035,13.075,12.75,12.845,50.0,,银0908,219.0,12.845,12.845
2009-07-09,SI0908,12.895,12.955,12.775,12.928,53.0,,银0908,233.0,12.928,12.928
2009-07-10,SI0908,12.85,12.87,12.515,12.638,226.0,,银0908,229.0,12.638,12.638
2009-07-13,SI0908,12.645,12.83,12.47,12.785,178.0,,银0908,253.0,12.785,12.785
2009-07-14,SI0908,12.82,12.945,12.82,12.855,41.0,,银0908,275.0,12.855,12.855
2009-07-15,SI0908,12.94,13.33,12.94,13.201,294.0,,银0908,225.0,13.201,13.201
2009-07-16,SI0908,13.3,13.3,13.195,13.228,16.0,,银0908,327.0,13.228,13.228
2009-07-17,SI0908,13.125,13.445,13.125,13.396,15.0,,银0908,217.0,13.396,13.396
2009-07-20,SI0908,13.43,13.73,13.41,13.618,89.0,,银0908,211.0,13.618,13.618
2009-07-21,SI0908,13.66,13.675,13.471,13.471,32.0,,银0908,216.0,13.471,13.471
2009-07-22,SI0908,13.545,13.7,13.375,13.693,32.0,,银0908,213.0,13.693,13.693
2009-07-23,SI0908,13.69,13.835,13.67,13.763,22.0,,银0908,215.0,13.763,13.763
2009-07-24,SI0908,13.7,13.868,13.685,13.868,93.0,,银0908,212.0,13.868,13.868
2009-07-27,SI0908,13.87,14.065,13.785,13.983,45.0,,银0908,217.0,13.983,13.983
2009-07-28,SI0908,14.035,14.035,13.625,13.733,309.0,,银0908,214.0,13.733,13.733
2009-07-29,SI0908,13.68,13.68,13.25,13.251,27.0,,银0908,53.0,13.251,13.251
2009-07-30,SI0908,13.405,13.525,13.405,13.478,34.0,,银0908,36.0,13.478,13.478
2009-07-31,SI0908,13.915,13.933,13.915,13.933,4.0,,银0908,34.0,13.933,13.933
2009-08-03,SI0908,14.02,14.35,14.02,14.245,9.0,,银0908,9.0,14.245,14.245
2009-08-04,SI0908,14.19,14.688,14.19,14.688,5.0,,银0908,7.0,14.688,14.688
2009-08-05,SI0908,14.765,14.77,14.753,14.753,5.0,,银0908,5.0,14.753,14.753
2009-08-06,SI0908,14.765,14.91,14.638,14.638,9.0,,银0908,6.0,14.638,14.638
2009-08-07,SI0908,14.615,14.8,14.61,14.661,6.0,,银0908,13.0,14.661,14.661
2009-08-10,SI0908,,,,14.348,,,银0908,8.0,14.348,14.348
2009-08-11,SI0908,14.45,14.45,14.338,14.338,1.0,,银0908,8.0,14.338,14.338
2009-08-12,SI0908,14.47,14.6,14.47,14.578,43.0,,银0908,7.0,14.578,14.578
2009-08-13,SI0908,14.55,14.98,14.53,14.98,5.0,,银0908,14.0,14.98,14.98
2009-08-14,SI0908,15.1,15.1,14.715,14.715,4.0,,银0908,10.0,14.715,14.715
2009-08-17,SI0908,,,,13.971,,,银0908,9.0,13.971,13.971
2009-08-18,SI0908,,,,13.956,,,银0908,4.0,13.956,13.956
2009-08-19,SI0908,13.61,13.871,13.61,13.871,1.0,,银0908,4.0,13.871,13.871
2009-08-20,SI0908,13.9,13.9,13.876,13.876,92.0,,银0908,3.0,13.876,13.876
2009-08-21,SI0908,13.98,14.26,13.98,14.16,2.0,,银0908,93.0,14.16,14.16
2009-08-24,SI0908,14.155,14.191,14.155,14.191,9.0,,银0908,4.0,14.191,14.191
2009-08-25,SI0908,14.195,14.306,14.195,14.306,14.0,,银0908,10.0,14.306,14.306
2009-08-26,SI0908,14.335,14.335,14.251,14.251,2.0,,银0908,15.0,14.251,14.251
2009-08-27,SI0908,14.185,14.216,14.16,14.216,10.0,,银0908,12.0,14.216,14.216
