date,symbol,open,high,low,close,volume,amount,name,openinterest,settleprice,price
2010-03-31,SI1006,17.555,17.555,17.54,17.54,1.0,,银1006,,17.54,17.54
2010-04-01,SI1006,17.95,17.95,17.904,17.904,1.0,,银1006,1.0,17.904,17.904
2010-04-05,SI1006,17.97,18.132,17.97,18.132,3.0,,银1006,2.0,18.132,18.132
2010-04-06,SI1006,18.09,18.105,17.944,17.944,10.0,,银1006,4.0,17.944,17.944
2010-04-07,SI1006,17.985,18.255,17.95,18.213,39.0,,银1006,9.0,18.213,18.213
2010-04-08,SI1006,18.01,18.145,18.005,18.142,22.0,,银1006,24.0,18.142,18.142
2010-04-09,SI1006,18.2,18.43,18.2,18.366,16.0,,银1006,37.0,18.366,18.366
2010-04-12,SI1006,18.57,18.57,18.22,18.429,35.0,,银1006,47.0,18.429,18.429
2010-04-13,SI1006,18.2,18.29,18.09,18.262,91.0,,银1006,52.0,18.262,18.262
2010-04-14,SI1006,18.255,18.515,18.25,18.429,194.0,,银1006,78.0,18.429,18.429
2010-04-15,SI1006,18.355,18.53,18.265,18.448,233.0,,银1006,146.0,18.448,18.448
2010-04-16,SI1006,18.315,18.425,17.63,17.687,202.0,,银1006,147.0,17.687,17.687
2010-04-19,SI1006,17.71,17.77,17.51,17.743,142.0,,银1006,172.0,17.743,17.743
2010-04-20,SI1006,17.79,18.04,17.79,17.836,111.0,,银1006,152.0,17.836,17.836
2010-04-21,SI1006,17.92,18.145,17.74,18.093,149.0,,银1006,191.0,18.093,18.093
2010-04-22,SI1006,18.09,18.185,17.78,18.023,136.0,,银1006,171.0,18.023,18.023
2010-04-23,SI1006,17.95,18.275,17.915,18.207,203.0,,银1006,213.0,18.207,18.207
2010-04-26,SI1006,18.36,18.42,18.26,18.353,339.0,,银1006,231.0,18.353,18.353
2010-04-27,SI1006,18.255,18.38,18.11,18.134,327.0,,银1006,281.0,18.134,18.134
2010-04-28,SI1006,18.23,18.25,17.84,18.121,1277.0,,银1006,339.0,18.121,18.121
2010-04-29,SI1006,18.145,18.57,18.08,18.564,588.0,,银1006,309.0,18.564,18.564
2010-04-30,SI1006,18.5,18.765,18.495,18.625,226.0,,银1006,334.0,18.625,18.625
2010-05-03,SI1006,18.615,18.87,18.555,18.826,195.0,,银1006,347.0,18.826,18.826
2010-05-04,SI1006,18.805,18.825,17.805,17.829,638.0,,银1006,356.0,17.829,17.829
2010-05-05,SI1006,17.86,17.865,17.12,17.521,286.0,,银1006,303.0,17.521,17.521
2010-05-06,SI1006,17.6,17.745,17.275,17.503,502.0,,银1006,274.0,17.503,17.503
2010-05-07,SI1006,17.585,18.61,17.465,18.437,644.0,,银1006,434.0,18.437,18.437
2010-05-10,SI1006,18.42,18.65,18.27,18.539,1121.0,,银1006,531.0,18.539,18.539
2010-05-11,SI1006,18.475,19.41,18.4,19.281,607.0,,银1006,590.0,19.281,19.281
2010-05-12,SI1006,19.34,19.715,19.14,19.649,215.0,,银1006,394.0,19.649,19.649
2010-05-13,SI1006,19.49,19.8,19.355,19.485,809.0,,银1006,348.0,19.485,19.485
2010-05-14,SI1006,19.47,19.685,18.975,19.211,684.0,,银1006,342.0,19.211,19.211
2010-05-17,SI1006,19.32,19.405,18.75,18.846,310.0,,银1006,301.0,18.846,18.846
2010-05-18,SI1006,18.89,19.125,18.66,18.866,301.0,,银1006,328.0,18.866,18.866
2010-05-19,SI1006,18.94,18.94,18.06,18.102,490.0,,银1006,395.0,18.102,18.102
2010-05-20,SI1006,18.27,18.285,17.475,17.702,180.0,,银1006,302.0,17.702,17.702
2010-05-21,SI1006,17.665,17.8,17.435,17.638,83.0,,银1006,265.0,17.638,17.638
2010-05-24,SI1006,17.97,18.045,17.76,17.987,91.0,,银1006,220.0,17.987,17.987
2010-05-25,SI1006,17.96,17.96,17.52,17.768,367.0,,银1006,250.0,17.768,17.768
2010-05-26,SI1006,18.0,18.37,18.0,18.295,140.0,,银1006,147.0,18.295,18.295
2010-05-27,SI1006,18.305,18.54,18.175,18.457,195.0,,银1006,91.0,18.457,18.457
2010-05-28,SI1006,18.6,18.6,18.38,18.411,15.0,,银1006,33.0,18.411,18.411
2010-06-01,SI1006,18.505,18.63,18.45,18.54,18.0,,银1006,40.0,18.54,18.54
2010-06-02,SI1006,18.375,18.38,18.235,18.304,11.0,,银1006,43.0,18.304,18.304
2010-06-03,SI1006,18.01,18.01,17.875,17.92,19.0,,银1006,40.0,17.92,17.92
2010-06-04,SI1006,17.8,17.8,17.29,17.29,8.0,,银1006,37.0,17.29,17.29
2010-06-07,SI1006,17.47,18.275,17.31,18.153,49.0,,银1006,24.0,18.153,18.153
2010-06-08,SI1006,18.255,18.468,18.255,18.468,1.0,,银1006,22.0,18.468,18.468
2010-06-09,SI1006,18.3,18.35,18.105,18.18,2.0,,银1006,22.0,18.18,18.18
2010-06-10,SI1006,18.06,18.41,17.91,18.342,2.0,,银1006,22.0,18.342,18.342
2010-06-11,SI1006,18.2,18.3,18.2,18.222,2.0,,银1006,13.0,18.222,18.222
2010-06-14,SI1006,,,,18.402,,,银1006,14.0,18.402,18.402
2010-06-15,SI1006,18.575,18.59,18.555,18.569,1.0,,银1006,13.0,18.569,18.569
2010-06-16,SI1006,18.55,18.625,18.39,18.432,1.0,,银1006,13.0,18.432,18.432
2010-06-17,SI1006,18.67,18.767,18.67,18.767,2.0,,银1006,13.0,18.767,18.767
2010-06-18,SI1006,19.18,19.185,19.15,19.175,1.0,,银1006,12.0,19.175,19.175
2010-06-21,SI1006,,,,18.802,,,银1006,12.0,18.802,18.802
2010-06-22,SI1006,18.91,18.965,18.75,18.896,1.0,,银1006,12.0,18.896,18.896
2010-06-23,SI1006,18.5,18.5,18.454,18.454,1.0,,银1006,12.0,18.454,18.454
2010-06-24,SI1006,18.68,18.74,18.67,18.731,5.0,,银1006,11.0,18.731,18.731
2010-06-25,SI1006,,,,19.105,,,银1006,11.0,19.105,19.105
2010-06-28,SI1006,,,,18.673,,,银1006,11.0,18.673,18.673
