date,symbol,open,high,low,close,volume,amount,name,openinterest,settleprice,price
2010-08-30,SI1011,,,,19.06,,,银1011,,19.06,19.06
2010-08-31,SI1011,19.2,19.418,19.2,19.418,3.0,,银1011,,19.418,19.418
2010-09-01,SI1011,19.36,19.379,19.36,19.379,5.0,,银1011,3.0,19.379,19.379
2010-09-02,SI1011,19.39,19.68,19.39,19.658,60.0,,银1011,6.0,19.658,19.658
2010-09-03,SI1011,19.61,19.935,19.53,19.935,41.0,,银1011,20.0,19.935,19.935
2010-09-07,SI1011,19.875,19.99,19.585,19.9,39.0,,银1011,27.0,19.9,19.9
2010-09-08,SI1011,19.91,20.16,19.91,19.995,38.0,,银1011,21.0,19.995,19.995
2010-09-09,SI1011,20.02,20.035,19.71,19.839,61.0,,银1011,31.0,19.839,19.839
2010-09-10,SI1011,19.83,20.01,19.74,19.83,65.0,,银1011,29.0,19.83,19.83
2010-09-13,SI1011,19.93,20.14,19.93,20.137,16.0,,银1011,29.0,20.137,20.137
2010-09-14,SI1011,20.195,20.485,20.195,20.418,20.0,,银1011,33.0,20.418,20.418
2010-09-15,SI1011,20.515,20.63,20.37,20.557,15.0,,银1011,35.0,20.557,20.557
2010-09-16,SI1011,20.735,20.795,20.68,20.759,22.0,,银1011,39.0,20.759,20.759
2010-09-17,SI1011,20.835,21.0,20.68,20.804,19.0,,银1011,41.0,20.804,20.804
2010-09-20,SI1011,20.865,20.97,20.74,20.791,10.0,,银1011,33.0,20.791,20.791
2010-09-21,SI1011,20.675,20.97,20.61,20.626,29.0,,银1011,33.0,20.626,20.626
2010-09-22,SI1011,20.98,21.16,20.98,21.041,39.0,,银1011,50.0,21.041,21.041
2010-09-23,SI1011,21.16,21.235,20.93,21.199,29.0,,银1011,41.0,21.199,21.199
2010-09-24,SI1011,21.15,21.445,21.15,21.385,39.0,,银1011,39.0,21.385,21.385
2010-09-27,SI1011,21.425,21.62,21.41,21.457,10.0,,银1011,38.0,21.457,21.457
2010-09-28,SI1011,21.4,21.755,21.13,21.692,73.0,,银1011,43.0,21.692,21.692
2010-09-29,SI1011,21.72,21.955,21.71,21.937,74.0,,银1011,40.0,21.937,21.937
2010-09-30,SI1011,21.915,22.07,21.65,21.806,35.0,,银1011,39.0,21.806,21.806
2010-10-01,SI1011,21.94,22.15,21.935,22.045,24.0,,银1011,37.0,22.045,22.045
2010-10-04,SI1011,22.165,22.165,21.915,22.021,26.0,,银1011,39.0,22.021,22.021
2010-10-05,SI1011,21.86,22.895,21.86,22.722,50.0,,银1011,49.0,22.722,22.722
2010-10-06,SI1011,22.935,23.17,22.77,23.028,45.0,,银1011,51.0,23.028,23.028
2010-10-07,SI1011,23.23,23.505,22.57,22.573,209.0,,银1011,50.0,22.573,22.573
2010-10-08,SI1011,22.58,23.27,22.39,23.095,149.0,,银1011,133.0,23.095,23.095
2010-10-11,SI1011,23.38,23.48,23.095,23.339,148.0,,银1011,162.0,23.339,23.339
2010-10-12,SI1011,23.13,23.47,22.97,23.137,488.0,,银1011,136.0,23.137,23.137
2010-10-13,SI1011,23.465,24.0,23.445,23.922,118.0,,银1011,133.0,23.922,23.922
2010-10-14,SI1011,24.225,24.905,24.06,24.425,328.0,,银1011,76.0,24.425,24.425
2010-10-15,SI1011,24.8,24.81,24.135,24.278,262.0,,银1011,90.0,24.278,24.278
2010-10-18,SI1011,24.115,24.47,23.845,24.403,292.0,,银1011,123.0,24.403,24.403
2010-10-19,SI1011,24.35,24.355,23.36,23.77,714.0,,银1011,117.0,23.77,23.77
2010-10-20,SI1011,23.415,23.92,23.355,23.854,132.0,,银1011,273.0,23.854,23.854
2010-10-21,SI1011,24.01,24.01,23.035,23.129,1365.0,,银1011,275.0,23.129,23.129
2010-10-22,SI1011,22.935,23.26,22.84,23.125,1167.0,,银1011,823.0,23.125,23.125
2010-10-25,SI1011,23.39,23.78,23.39,23.544,199.0,,银1011,618.0,23.544,23.544
2010-10-26,SI1011,23.635,23.93,23.21,23.826,770.0,,银1011,526.0,23.826,23.826
2010-10-27,SI1011,23.97,24.14,23.4,23.4,52.0,,银1011,425.0,23.4,23.4
2010-10-28,SI1011,24.0,24.0,23.871,23.871,25.0,,银1011,387.0,23.871,23.871
2010-10-29,SI1011,23.875,24.7,23.805,24.56,47.0,,银1011,386.0,24.56,24.56
2010-11-01,SI1011,24.865,24.885,24.548,24.548,7.0,,银1011,26.0,24.548,24.548
2010-11-02,SI1011,24.615,24.84,24.615,24.832,6.0,,银1011,8.0,24.832,24.832
2010-11-03,SI1011,24.715,24.715,24.115,24.432,47.0,,银1011,11.0,24.432,24.432
2010-11-04,SI1011,25.53,26.21,25.49,26.039,35.0,,银1011,53.0,26.039,26.039
2010-11-05,SI1011,26.32,26.82,26.07,26.744,35.0,,银1011,41.0,26.744,26.744
2010-11-08,SI1011,26.59,27.5,26.59,27.428,33.0,,银1011,41.0,27.428,27.428
2010-11-09,SI1011,27.76,28.902,26.925,28.902,169.0,,银1011,34.0,28.902,28.902
2010-11-10,SI1011,26.955,27.655,26.861,26.861,17.0,,银1011,162.0,26.861,26.861
2010-11-11,SI1011,26.985,27.401,26.985,27.401,2.0,,银1011,19.0,27.401,27.401
2010-11-12,SI1011,26.96,26.98,25.938,25.938,50.0,,银1011,15.0,25.938,25.938
2010-11-15,SI1011,26.4,26.4,25.5,26.088,11.0,,银1011,29.0,26.088,26.088
2010-11-16,SI1011,25.31,25.365,25.1,25.229,17.0,,银1011,11.0,25.229,25.229
2010-11-17,SI1011,25.175,25.545,25.055,25.507,20.0,,银1011,9.0,25.507,25.507
2010-11-18,SI1011,26.48,26.935,26.34,26.83,58.0,,银1011,22.0,26.83,26.83
2010-11-19,SI1011,26.8,27.175,26.475,27.175,75.0,,银1011,52.0,27.175,27.175
2010-11-22,SI1011,27.525,27.65,27.175,27.457,20.0,,银1011,42.0,27.457,27.457
2010-11-23,SI1011,,,,27.568,,,银1011,61.0,27.568,27.568
2010-11-24,SI1011,27.42,27.524,27.38,27.524,7.0,,银1011,20.0,27.524,27.524
2010-11-26,SI1011,27.39,27.39,26.695,26.695,4.0,,银1011,4.0,26.695,26.695
