date,symbol,open,high,low,close,volume,amount,name,openinterest,settleprice,price
2010-07-30,SI1010,17.94,18.02,17.88,18.02,2.0,,银1010,,18.02,18.02
2010-08-02,SI1010,18.025,18.5,18.025,18.438,36.0,,银1010,,18.438,18.438
2010-08-03,SI1010,18.47,18.47,18.44,18.44,2.0,,银1010,10.0,18.44,18.44
2010-08-04,SI1010,18.555,18.57,18.295,18.295,2.0,,银1010,7.0,18.295,18.295
2010-08-05,SI1010,18.37,18.375,18.338,18.338,2.0,,银1010,7.0,18.338,18.338
2010-08-06,SI1010,18.335,18.489,18.335,18.489,13.0,,银1010,7.0,18.489,18.489
2010-08-09,SI1010,18.505,18.505,18.259,18.259,5.0,,银1010,9.0,18.259,18.259
2010-08-10,SI1010,18.19,18.4,18.065,18.175,29.0,,银1010,7.0,18.175,18.175
2010-08-11,SI1010,18.28,18.28,17.885,17.919,53.0,,银1010,17.0,17.919,17.919
2010-08-12,SI1010,17.915,18.082,17.915,18.082,14.0,,银1010,13.0,18.082,18.082
2010-08-13,SI1010,,,,18.126,5.0,,银1010,23.0,18.126,18.126
2010-08-16,SI1010,18.215,18.444,18.21,18.444,17.0,,银1010,22.0,18.444,18.444
2010-08-17,SI1010,18.41,18.612,18.41,18.612,69.0,,银1010,9.0,18.612,18.612
2010-08-18,SI1010,18.53,18.56,18.27,18.415,20.0,,银1010,27.0,18.415,18.415
2010-08-19,SI1010,18.5,18.575,18.315,18.344,22.0,,银1010,23.0,18.344,18.344
2010-08-20,SI1010,18.305,18.32,17.875,18.008,43.0,,银1010,28.0,18.008,18.008
2010-08-23,SI1010,17.945,18.03,17.93,18.009,92.0,,银1010,45.0,18.009,18.009
2010-08-24,SI1010,17.915,18.45,17.785,18.395,25.0,,银1010,39.0,18.395,18.395
2010-08-25,SI1010,18.445,19.041,18.445,19.041,71.0,,银1010,50.0,19.041,19.041
2010-08-26,SI1010,19.02,19.135,18.965,18.991,25.0,,银1010,47.0,18.991,18.991
2010-08-27,SI1010,18.935,19.315,18.92,19.047,76.0,,银1010,45.0,19.047,19.047
2010-08-30,SI1010,19.085,19.165,19.005,19.047,27.0,,银1010,49.0,19.047,19.047
2010-08-31,SI1010,19.04,19.405,18.88,19.405,93.0,,银1010,54.0,19.405,19.405
2010-09-01,SI1010,19.38,19.48,19.32,19.366,52.0,,银1010,57.0,19.366,19.366
2010-09-02,SI1010,19.34,19.69,19.34,19.645,46.0,,银1010,55.0,19.645,19.645
2010-09-03,SI1010,19.625,19.922,19.52,19.922,196.0,,银1010,52.0,19.922,19.922
2010-09-07,SI1010,19.87,19.99,19.605,19.889,85.0,,银1010,75.0,19.889,19.889
2010-09-08,SI1010,19.87,20.1,19.865,19.984,84.0,,银1010,64.0,19.984,19.984
2010-09-09,SI1010,19.93,20.06,19.76,19.824,101.0,,银1010,74.0,19.824,19.824
2010-09-10,SI1010,19.715,20.015,19.715,19.819,23.0,,银1010,56.0,19.819,19.819
2010-09-13,SI1010,19.835,20.19,19.835,20.126,11.0,,银1010,58.0,20.126,20.126
2010-09-14,SI1010,20.11,20.475,20.11,20.407,86.0,,银1010,54.0,20.407,20.407
2010-09-15,SI1010,20.4,20.61,20.35,20.546,92.0,,银1010,78.0,20.546,20.546
2010-09-16,SI1010,20.62,20.8,20.49,20.749,49.0,,银1010,57.0,20.749,20.749
2010-09-17,SI1010,20.75,20.95,20.64,20.794,43.0,,银1010,62.0,20.794,20.794
2010-09-20,SI1010,20.75,20.94,20.75,20.781,54.0,,银1010,54.0,20.781,20.781
2010-09-21,SI1010,20.695,21.015,20.621,20.621,37.0,,银1010,59.0,20.621,20.621
2010-09-22,SI1010,20.94,21.17,20.93,21.037,50.0,,银1010,54.0,21.037,21.037
2010-09-23,SI1010,21.205,21.225,20.9,21.195,46.0,,银1010,61.0,21.195,21.195
2010-09-24,SI1010,21.15,21.41,21.15,21.383,56.0,,银1010,51.0,21.383,21.383
2010-09-27,SI1010,21.57,21.57,21.375,21.455,21.0,,银1010,46.0,21.455,21.455
2010-09-28,SI1010,21.375,21.688,21.15,21.688,139.0,,银1010,43.0,21.688,21.688
2010-09-29,SI1010,21.71,21.929,21.71,21.929,13.0,,银1010,37.0,21.929,21.929
2010-09-30,SI1010,21.88,21.88,21.715,21.798,3.0,,银1010,33.0,21.798,21.798
2010-10-01,SI1010,21.96,22.037,21.96,22.037,1.0,,银1010,12.0,22.037,22.037
2010-10-04,SI1010,22.005,22.025,22.0,22.013,11.0,,银1010,12.0,22.013,22.013
2010-10-05,SI1010,22.33,22.86,22.33,22.714,16.0,,银1010,14.0,22.714,22.714
2010-10-06,SI1010,23.05,23.05,23.02,23.02,4.0,,银1010,8.0,23.02,23.02
2010-10-07,SI1010,,,,22.565,,,银1010,10.0,22.565,22.565
2010-10-08,SI1010,23.245,23.245,23.087,23.087,1.0,,银1010,8.0,23.087,23.087
2010-10-11,SI1010,23.365,23.505,23.331,23.331,4.0,,银1010,8.0,23.331,23.331
2010-10-12,SI1010,23.17,23.205,23.129,23.129,3.0,,银1010,8.0,23.129,23.129
2010-10-13,SI1010,,,,23.914,,,银1010,9.0,23.914,23.914
2010-10-14,SI1010,,,,24.417,,,银1010,8.0,24.417,24.417
2010-10-15,SI1010,24.075,24.35,24.075,24.272,12.0,,银1010,6.0,24.272,24.272
2010-10-18,SI1010,24.23,24.435,23.915,24.397,16.0,,银1010,12.0,24.397,24.397
2010-10-19,SI1010,24.305,24.305,23.535,23.764,30.0,,银1010,21.0,23.764,23.764
2010-10-20,SI1010,,,,23.848,,,银1010,33.0,23.848,23.848
2010-10-21,SI1010,23.735,23.845,23.123,23.123,20.0,,银1010,3.0,23.123,23.123
2010-10-22,SI1010,,,,23.125,5.0,,银1010,23.0,23.125,23.125
2010-10-25,SI1010,23.34,23.544,23.34,23.544,93.0,,银1010,8.0,23.544,23.544
2010-10-26,SI1010,,,,23.824,100.0,,银1010,92.0,23.824,23.824
2010-10-27,SI1010,23.97,23.97,23.398,23.398,6.0,,银1010,103.0,23.398,23.398
