date,symbol,open,high,low,close,volume,amount,name,openinterest,settleprice,price
2011-01-28,SI1104,,,,27.927,,,银1104,,27.927,27.927
2011-01-31,SI1104,28.13,28.179,27.98,28.179,3.0,,银1104,,28.179,28.179
2011-02-01,SI1104,28.1,28.54,28.015,28.52,15.0,,银1104,1.0,28.52,28.52
2011-02-02,SI1104,28.485,28.485,28.245,28.298,7.0,,银1104,6.0,28.298,28.298
2011-02-03,SI1104,28.74,28.97,28.737,28.737,8.0,,银1104,7.0,28.737,28.737
2011-02-04,SI1104,28.835,29.21,28.77,29.065,123.0,,银1104,7.0,29.065,29.065
2011-02-07,SI1104,29.29,29.365,29.14,29.349,19.0,,银1104,23.0,29.349,29.349
2011-02-08,SI1104,29.37,30.305,29.36,30.277,33.0,,银1104,14.0,30.277,30.277
2011-02-09,SI1104,30.24,30.44,30.085,30.282,36.0,,银1104,13.0,30.282,30.282
2011-02-10,SI1104,29.885,30.25,29.71,30.1,48.0,,银1104,23.0,30.1,30.1
2011-02-11,SI1104,30.17,30.205,29.78,30.005,73.0,,银1104,38.0,30.005,30.005
2011-02-14,SI1104,29.88,30.645,29.865,30.547,65.0,,银1104,35.0,30.547,30.547
2011-02-15,SI1104,30.5,30.895,30.5,30.71,47.0,,银1104,39.0,30.71,30.71
2011-02-16,SI1104,30.71,30.9,30.295,30.638,153.0,,银1104,43.0,30.638,30.638
2011-02-17,SI1104,30.765,31.745,30.69,31.58,88.0,,银1104,30.0,31.58,31.58
2011-02-18,SI1104,31.76,32.75,31.65,32.29,113.0,,银1104,30.0,32.29,32.29
2011-02-22,SI1104,32.63,34.235,32.43,32.856,702.0,,银1104,33.0,32.856,32.856
2011-02-23,SI1104,33.12,33.75,32.7,33.309,295.0,,银1104,214.0,33.309,33.309
2011-02-24,SI1104,33.53,33.735,31.735,33.18,800.0,,银1104,106.0,33.18,33.18
2011-02-25,SI1104,32.275,33.335,32.275,32.911,781.0,,银1104,232.0,32.911,32.911
2011-02-28,SI1104,33.375,33.945,33.275,33.81,611.0,,银1104,264.0,33.81,33.81
2011-03-01,SI1104,33.91,34.665,33.78,34.421,498.0,,银1104,240.0,34.421,34.421
2011-03-02,SI1104,34.705,34.955,34.22,34.829,461.0,,银1104,256.0,34.829,34.829
2011-03-03,SI1104,34.58,34.905,34.035,34.315,498.0,,银1104,247.0,34.315,34.315
2011-03-04,SI1104,34.29,35.53,34.29,35.317,556.0,,银1104,220.0,35.317,35.317
2011-03-07,SI1104,35.68,36.71,35.61,35.856,1021.0,,银1104,298.0,35.856,35.856
2011-03-08,SI1104,35.84,36.46,35.51,35.648,919.0,,银1104,284.0,35.648,35.648
2011-03-09,SI1104,36.11,36.405,35.64,36.041,833.0,,银1104,315.0,36.041,36.041
2011-03-10,SI1104,36.14,36.175,34.67,35.058,963.0,,银1104,306.0,35.058,35.058
2011-03-11,SI1104,35.435,36.165,34.065,35.931,1613.0,,银1104,318.0,35.931,35.931
2011-03-14,SI1104,36.335,36.5,35.52,35.83,987.0,,银1104,341.0,35.83,35.83
2011-03-15,SI1104,35.905,35.905,33.595,34.215,1170.0,,银1104,326.0,34.108,34.215
2011-03-16,SI1104,34.23,35.05,33.89,34.464,622.0,,银1104,301.0,34.464,34.464
2011-03-17,SI1104,34.045,34.68,33.645,34.25,474.0,,银1104,217.0,34.25,34.25
2011-03-18,SI1104,34.37,35.375,34.37,35.05,263.0,,银1104,193.0,35.05,35.05
2011-03-21,SI1104,35.75,36.28,35.625,35.992,577.0,,银1104,171.0,35.992,35.992
2011-03-22,SI1104,36.095,36.45,35.79,36.261,455.0,,银1104,204.0,36.261,36.261
2011-03-23,SI1104,36.38,37.395,36.19,37.195,413.0,,银1104,160.0,37.195,37.195
2011-03-24,SI1104,37.38,38.12,36.85,37.377,623.0,,银1104,183.0,37.377,37.377
2011-03-25,SI1104,37.3,37.755,36.9,37.047,550.0,,银1104,151.0,37.047,37.047
2011-03-28,SI1104,37.28,37.345,36.475,37.085,378.0,,银1104,126.0,37.085,37.085
2011-03-29,SI1104,37.12,37.16,36.6,37.05,256.0,,银1104,127.0,36.984,37.05
2011-03-30,SI1104,37.05,37.64,36.96,37.335,215.0,,银1104,151.0,37.501,37.335
2011-03-31,SI1104,37.365,37.92,37.365,37.65,63.0,,银1104,94.0,37.872,37.65
2011-04-01,SI1104,37.5,37.775,37.18,37.77,49.0,,银1104,55.0,37.737,37.77
2011-04-04,SI1104,38.325,38.53,38.325,38.53,18.0,,银1104,34.0,38.484,38.53
2011-04-05,SI1104,38.705,39.305,38.3,39.305,44.0,,银1104,23.0,39.175,39.305
2011-04-06,SI1104,39.535,39.715,39.4,39.4,29.0,,银1104,23.0,39.384,39.4
2011-04-07,SI1104,39.56,39.67,39.46,39.51,49.0,,银1104,12.0,39.542,39.51
2011-04-08,SI1104,39.845,40.925,39.845,40.895,65.0,,银1104,13.0,40.6,40.895
2011-04-11,SI1104,40.97,41.725,39.835,40.295,19.0,,银1104,32.0,40.604,40.295
2011-04-12,SI1104,40.26,40.775,39.9,39.905,20.0,,银1104,11.0,40.058,39.905
2011-04-13,SI1104,40.21,40.705,40.21,40.28,13.0,,银1104,14.0,40.235,40.28
2011-04-14,SI1104,41.235,41.85,40.74,41.85,22.0,,银1104,13.0,41.661,41.85
2011-04-15,SI1104,42.5,42.805,42.5,42.65,9.0,,银1104,15.0,42.566,42.65
2011-04-18,SI1104,42.94,42.94,42.75,42.75,31.0,,银1104,13.0,42.957,42.75
2011-04-19,SI1104,43.055,43.24,43.055,43.24,10.0,,银1104,26.0,43.919,43.24
2011-04-20,SI1104,44.6,45.32,44.6,45.06,68.0,,银1104,26.0,44.465,45.06
2011-04-21,SI1104,45.12,46.27,45.09,46.22,57.0,,银1104,51.0,46.062,46.22
2011-04-25,SI1104,47.235,49.105,45.935,46.78,85.0,,银1104,66.0,47.151,46.78
2011-04-26,SI1104,46.11,46.145,44.76,44.76,75.0,,银1104,79.0,45.058,44.76
2011-04-27,SI1104,45.24,45.895,44.895,45.605,28.0,,银1104,110.0,45.964,45.605
