date,symbol,open,high,low,close,volume,amount,name,openinterest,settleprice,price
2011-03-30,SI1106,,,,37.523,,,银1106,,37.523,37.523
2011-03-31,SI1106,37.755,37.875,37.735,37.84,75.0,,银1106,,37.9,37.84
2011-04-01,SI1106,37.225,37.755,37.2,37.755,24.0,,银1106,6.0,37.745,37.755
2011-04-04,SI1106,38.36,38.5,38.32,38.41,31.0,,银1106,6.0,38.507,38.41
2011-04-05,SI1106,38.665,39.265,38.355,39.265,60.0,,银1106,18.0,39.194,39.265
2011-04-06,SI1106,39.25,39.75,39.25,39.615,100.0,,银1106,32.0,39.4,39.615
2011-04-07,SI1106,39.585,39.67,39.3,39.65,65.0,,银1106,25.0,39.565,39.65
2011-04-08,SI1106,39.6,40.97,39.525,40.97,150.0,,银1106,24.0,40.621,40.97
2011-04-11,SI1106,41.14,41.975,39.825,40.275,335.0,,银1106,87.0,40.627,40.275
2011-04-12,SI1106,40.2,40.855,39.8,40.03,438.0,,银1106,104.0,40.08,40.03
2011-04-13,SI1106,40.235,40.775,40.205,40.585,199.0,,银1106,352.0,40.252,40.585
2011-04-14,SI1106,40.595,42.19,40.51,42.19,349.0,,银1106,111.0,41.679,42.19
2011-04-15,SI1106,42.17,42.895,41.85,42.89,650.0,,银1106,162.0,42.585,42.89
2011-04-18,SI1106,43.125,43.5,42.275,43.41,725.0,,银1106,175.0,42.968,43.41
2011-04-19,SI1106,43.26,44.175,42.785,43.94,914.0,,银1106,211.0,43.922,43.94
2011-04-20,SI1106,43.88,45.4,43.88,45.205,902.0,,银1106,285.0,44.471,45.205
2011-04-21,SI1106,45.22,46.68,45.09,46.59,1196.0,,银1106,248.0,46.07,46.59
2011-04-25,SI1106,46.6,49.5,45.73,46.93,2289.0,,银1106,314.0,47.163,46.93
2011-04-26,SI1106,47.08,47.15,44.65,45.6,2993.0,,银1106,352.0,45.068,45.6
2011-04-27,SI1106,45.405,48.305,44.895,47.875,6586.0,,银1106,527.0,45.972,47.875
2011-04-28,SI1106,47.8,49.53,47.26,48.48,8662.0,,银1106,750.0,47.528,48.48
2011-04-29,SI1106,48.365,49.185,47.565,47.98,3965.0,,银1106,847.0,48.591,47.98
2011-05-02,SI1106,48.0,48.165,42.19,43.995,10857.0,,银1106,848.0,46.08,43.995
2011-05-03,SI1106,44.06,45.565,40.615,41.73,6354.0,,银1106,832.0,42.58,41.73
2011-05-04,SI1106,41.555,42.3,38.955,39.4,7380.0,,银1106,814.0,39.387,39.4
2011-05-05,SI1106,39.21,39.49,34.24,34.74,9179.0,,银1106,759.0,36.237,34.74
2011-05-06,SI1106,34.875,36.405,33.055,35.66,7681.0,,银1106,881.0,35.287,35.66
2011-05-09,SI1106,35.77,37.945,35.3,37.73,3636.0,,银1106,815.0,37.11,37.73
2011-05-10,SI1106,37.7,38.76,37.4,38.5,2223.0,,银1106,693.0,38.48,38.5
2011-05-11,SI1106,38.425,39.415,35.025,35.065,3955.0,,银1106,702.0,35.509,35.065
2011-05-12,SI1106,35.175,35.85,32.375,34.67,5509.0,,银1106,750.0,34.793,34.67
2011-05-13,SI1106,34.875,36.44,33.955,35.3,6803.0,,银1106,712.0,35.009,35.3
2011-05-16,SI1106,35.345,35.445,33.475,33.58,4957.0,,银1106,810.0,34.127,33.58
2011-05-17,SI1106,33.67,34.35,33.005,33.95,4166.0,,银1106,705.0,33.486,33.95
2011-05-18,SI1106,33.99,35.52,33.845,35.08,1348.0,,银1106,712.0,35.094,35.08
2011-05-19,SI1106,35.11,35.75,34.55,34.93,687.0,,银1106,655.0,34.927,34.93
2011-05-20,SI1106,35.03,35.55,34.19,35.035,1746.0,,银1106,658.0,35.08,35.035
2011-05-23,SI1106,34.925,35.355,34.38,35.05,478.0,,银1106,637.0,34.899,35.05
2011-05-24,SI1106,35.115,36.665,34.895,36.58,840.0,,银1106,652.0,36.119,36.58
2011-05-25,SI1106,36.645,37.95,36.25,37.82,687.0,,银1106,595.0,37.634,37.82
2011-05-26,SI1106,37.75,38.805,36.28,37.27,833.0,,银1106,544.0,37.32,37.27
2011-05-27,SI1106,37.4,38.15,37.4,37.95,350.0,,银1106,318.0,37.857,37.95
2011-05-31,SI1106,38.325,38.65,37.845,38.303,54.0,,银1106,302.0,38.303,38.303
2011-06-01,SI1106,38.225,38.335,36.475,36.845,439.0,,银1106,115.0,37.689,36.845
2011-06-02,SI1106,36.79,37.25,35.66,36.235,185.0,,银1106,187.0,36.2,36.235
2011-06-03,SI1106,36.18,36.235,35.175,36.21,436.0,,银1106,157.0,36.187,36.21
2011-06-06,SI1106,36.75,37.275,36.52,36.575,99.0,,银1106,172.0,36.776,36.575
2011-06-07,SI1106,37.0,37.44,36.655,36.98,152.0,,银1106,197.0,37.04,36.98
2011-06-08,SI1106,36.72,36.78,36.1,36.78,21.0,,银1106,110.0,36.619,36.78
2011-06-09,SI1106,37.015,37.49,36.9,37.423,44.0,,银1106,112.0,37.423,37.423
2011-06-10,SI1106,37.65,37.83,36.326,36.326,24.0,,银1106,90.0,36.326,36.326
2011-06-13,SI1106,36.05,36.05,34.77,34.77,43.0,,银1106,18.0,34.736,34.77
2011-06-14,SI1106,34.96,35.455,34.62,35.455,23.0,,银1106,18.0,35.41,35.455
2011-06-15,SI1106,35.65,35.8,35.09,35.406,15.0,,银1106,11.0,35.406,35.406
2011-06-16,SI1106,35.65,35.65,35.35,35.44,7.0,,银1106,10.0,35.553,35.44
2011-06-17,SI1106,35.195,35.805,35.195,35.67,12.0,,银1106,10.0,35.739,35.67
2011-06-20,SI1106,35.8,36.07,35.73,36.065,14.0,,银1106,11.0,36.065,36.065
2011-06-21,SI1106,36.07,36.55,36.07,36.55,21.0,,银1106,12.0,36.373,36.55
2011-06-22,SI1106,36.19,36.734,36.19,36.734,20.0,,银1106,16.0,36.734,36.734
2011-06-23,SI1106,35.565,35.57,35.295,35.295,12.0,,银1106,18.0,35.005,35.295
2011-06-24,SI1106,35.335,35.335,34.935,35.15,6.0,,银1106,12.0,34.641,35.15
2011-06-27,SI1106,33.955,33.955,33.58,33.58,14.0,,银1106,10.0,33.58,33.58
2011-06-28,SI1106,33.725,34.035,33.633,33.633,5.0,,银1106,19.0,33.633,33.633
