date,symbol,open,high,low,close,volume,amount,name,openinterest,settleprice,price
2012-05-31,SI1208,27.79,28.045,27.785,27.785,18.0,,银1208,,27.785,27.785
2012-06-01,SI1208,27.68,28.625,27.42,28.538,19.0,,银1208,5.0,28.538,28.538
2012-06-04,SI1208,28.37,28.51,28.033,28.033,90.0,,银1208,4.0,28.033,28.033
2012-06-05,SI1208,28.26,28.433,28.175,28.433,124.0,,银1208,50.0,28.433,28.433
2012-06-06,SI1208,28.825,29.8,28.77,29.517,39.0,,银1208,83.0,29.517,29.517
2012-06-07,SI1208,29.495,29.64,28.445,28.555,182.0,,银1208,83.0,28.555,28.555
2012-06-08,SI1208,28.52,28.525,28.045,28.495,105.0,,银1208,83.0,28.495,28.495
2012-06-11,SI1208,29.02,29.02,28.365,28.644,152.0,,银1208,82.0,28.644,28.644
2012-06-12,SI1208,28.545,28.976,28.46,28.976,173.0,,银1208,145.0,28.976,28.976
2012-06-13,SI1208,28.82,29.085,28.82,28.969,101.0,,银1208,144.0,28.969,28.969
2012-06-14,SI1208,28.385,28.645,28.335,28.435,63.0,,银1208,143.0,28.435,28.435
2012-06-15,SI1208,28.7,28.767,28.55,28.767,82.0,,银1208,147.0,28.767,28.767
2012-06-18,SI1208,28.575,28.75,28.36,28.699,40.0,,银1208,150.0,28.699,28.699
2012-06-19,SI1208,28.805,28.805,28.397,28.397,114.0,,银1208,152.0,28.397,28.397
2012-06-20,SI1208,28.445,28.55,27.74,28.418,812.0,,银1208,147.0,28.418,28.418
2012-06-21,SI1208,28.01,28.01,26.85,26.865,335.0,,银1208,181.0,26.865,26.865
2012-06-22,SI1208,27.0,27.0,26.615,26.688,338.0,,银1208,200.0,26.688,26.688
2012-06-25,SI1208,26.68,27.625,26.67,27.55,535.0,,银1208,112.0,27.55,27.55
2012-06-26,SI1208,27.435,27.46,26.815,27.067,500.0,,银1208,207.0,27.067,27.067
2012-06-27,SI1208,27.095,27.295,26.745,26.97,282.0,,银1208,237.0,26.97,26.97
2012-06-28,SI1208,26.98,27.01,26.11,26.267,219.0,,银1208,261.0,26.267,26.267
2012-06-29,SI1208,26.32,27.87,26.245,27.588,395.0,,银1208,283.0,27.588,27.588
2012-07-02,SI1208,27.435,27.565,27.21,27.478,131.0,,银1208,307.0,27.478,27.478
2012-07-03,SI1208,27.54,28.39,27.54,28.256,37.0,,银1208,288.0,28.256,28.256
2012-07-05,SI1208,28.195,28.3,27.555,27.648,72.0,,银1208,280.0,27.648,27.648
2012-07-06,SI1208,27.695,27.695,26.896,26.896,218.0,,银1208,270.0,26.896,26.896
2012-07-09,SI1208,26.9,27.419,26.9,27.419,38.0,,银1208,275.0,27.419,27.419
2012-07-10,SI1208,27.27,27.51,26.735,26.857,87.0,,银1208,275.0,26.857,26.857
2012-07-11,SI1208,26.97,27.17,26.87,26.998,104.0,,银1208,281.0,26.998,26.998
2012-07-12,SI1208,27.065,27.27,26.44,27.137,113.0,,银1208,269.0,27.137,27.137
2012-07-13,SI1208,27.065,27.48,27.055,27.345,171.0,,银1208,263.0,27.345,27.345
2012-07-16,SI1208,27.18,27.301,26.96,27.301,89.0,,银1208,253.0,27.301,27.301
2012-07-17,SI1208,27.235,27.525,26.815,27.296,152.0,,银1208,259.0,27.296,27.296
2012-07-18,SI1208,27.25,27.25,26.865,27.075,93.0,,银1208,262.0,27.075,27.075
2012-07-19,SI1208,27.2,27.49,27.12,27.198,20.0,,银1208,263.0,27.198,27.198
2012-07-20,SI1208,27.19,27.36,26.835,27.283,74.0,,银1208,261.0,27.283,27.283
2012-07-23,SI1208,27.155,27.24,26.68,27.023,236.0,,银1208,266.0,27.023,27.023
2012-07-24,SI1208,26.845,27.0,26.575,26.791,73.0,,银1208,232.0,26.791,26.791
2012-07-25,SI1208,26.885,27.495,26.825,27.446,103.0,,银1208,233.0,27.446,27.446
2012-07-26,SI1208,27.255,27.69,27.245,27.426,165.0,,银1208,213.0,27.426,27.426
2012-07-27,SI1208,27.545,27.76,27.37,27.477,207.0,,银1208,147.0,27.477,27.477
2012-07-30,SI1208,27.57,28.06,27.55,28.014,102.0,,银1208,157.0,28.014,28.014
2012-07-31,SI1208,28.085,28.23,27.895,27.895,26.0,,银1208,121.0,27.895,27.895
2012-08-01,SI1208,27.05,27.517,27.05,27.517,42.0,,银1208,23.0,27.517,27.517
2012-08-02,SI1208,27.39,27.475,26.965,26.981,26.0,,银1208,31.0,26.981,26.981
2012-08-03,SI1208,,,,27.79,3.0,,银1208,10.0,27.79,27.79
2012-08-06,SI1208,,,,27.852,2.0,,银1208,7.0,27.852,27.852
2012-08-07,SI1208,27.895,28.075,27.895,28.075,6.0,,银1208,6.0,28.075,28.075
2012-08-08,SI1208,,,,28.067,,,银1208,5.0,28.067,28.067
2012-08-09,SI1208,28.04,28.09,28.04,28.09,10.0,,银1208,1.0,28.09,28.09
2012-08-10,SI1208,27.765,28.055,27.75,28.055,2.0,,银1208,11.0,28.055,28.055
2012-08-13,SI1208,27.845,27.845,27.76,27.76,1.0,,银1208,10.0,27.76,27.76
2012-08-14,SI1208,27.84,27.84,27.685,27.756,15.0,,银1208,10.0,27.756,27.756
2012-08-15,SI1208,27.82,27.92,27.795,27.805,36.0,,银1208,20.0,27.805,27.805
2012-08-16,SI1208,27.92,28.205,27.92,28.205,37.0,,银1208,51.0,28.205,28.205
2012-08-17,SI1208,28.12,28.14,27.995,27.995,5.0,,银1208,81.0,27.995,27.995
2012-08-20,SI1208,28.385,28.586,28.385,28.586,30.0,,银1208,59.0,28.586,28.586
2012-08-21,SI1208,28.67,29.421,28.67,29.421,19.0,,银1208,66.0,29.421,29.421
2012-08-22,SI1208,,,,29.549,,,银1208,81.0,29.549,29.549
2012-08-23,SI1208,30.595,30.75,30.447,30.447,26.0,,银1208,80.0,30.447,30.447
2012-08-24,SI1208,30.35,30.65,30.35,30.606,30.0,,银1208,104.0,30.606,30.606
2012-08-27,SI1208,30.9,31.11,30.9,31.039,89.0,,银1208,25.0,31.039,31.039
2012-08-28,SI1208,30.81,30.869,30.81,30.869,14.0,,银1208,83.0,30.869,30.869
2012-08-29,SI1208,30.75,30.831,30.7,30.831,10.0,,银1208,11.0,30.831,30.831
