date,symbol,open,high,low,close,volume,amount,name,openinterest,settleprice,price
2013-01-31,SI1304,31.47,31.845,31.19,31.38,2.0,,银1304,,31.38,31.38
2013-02-01,SI1304,31.615,32.095,31.605,31.988,11.0,,银1304,2.0,31.988,31.988
2013-02-04,SI1304,31.87,31.915,31.54,31.746,21.0,,银1304,5.0,31.746,31.746
2013-02-05,SI1304,31.9,32.095,31.655,31.905,127.0,,银1304,6.0,31.905,31.905
2013-02-06,SI1304,31.705,31.91,31.64,31.907,16.0,,银1304,38.0,31.907,31.907
2013-02-07,SI1304,31.875,31.935,31.345,31.434,102.0,,银1304,39.0,31.434,31.434
2013-02-08,SI1304,31.465,31.61,31.44,31.472,18.0,,银1304,44.0,31.472,31.472
2013-02-11,SI1304,31.37,31.37,30.91,30.941,12.0,,银1304,41.0,30.941,30.941
2013-02-12,SI1304,30.77,31.145,30.63,31.05,62.0,,银1304,42.0,31.05,31.05
2013-02-13,SI1304,31.195,31.195,30.85,30.899,44.0,,银1304,51.0,30.899,30.899
2013-02-14,SI1304,30.84,31.005,30.305,30.383,72.0,,银1304,66.0,30.383,30.383
2013-02-15,SI1304,30.29,30.385,29.715,29.875,243.0,,银1304,73.0,29.875,29.875
2013-02-19,SI1304,30.175,30.175,29.29,29.448,110.0,,银1304,128.0,29.448,29.448
2013-02-20,SI1304,29.56,29.56,28.365,28.651,306.0,,银1304,128.0,28.651,28.651
2013-02-21,SI1304,28.65,28.835,28.345,28.729,612.0,,银1304,172.0,28.729,28.729
2013-02-22,SI1304,28.765,28.915,28.385,28.49,256.0,,银1304,194.0,28.49,28.49
2013-02-25,SI1304,28.75,29.22,28.75,29.016,199.0,,银1304,197.0,29.016,29.016
2013-02-26,SI1304,28.95,29.425,28.595,29.29,936.0,,银1304,245.0,29.29,29.29
2013-02-27,SI1304,29.36,29.37,28.845,28.963,225.0,,银1304,257.0,28.963,28.963
2013-02-28,SI1304,28.995,29.135,28.395,28.411,506.0,,银1304,272.0,28.411,28.411
2013-03-01,SI1304,28.555,28.73,27.95,28.471,812.0,,银1304,252.0,28.471,28.471
2013-03-04,SI1304,28.645,28.725,28.455,28.473,231.0,,银1304,262.0,28.473,28.473
2013-03-05,SI1304,28.63,29.05,28.5,28.578,574.0,,银1304,253.0,28.578,28.578
2013-03-06,SI1304,28.725,29.02,28.505,28.777,754.0,,银1304,287.0,28.777,28.777
2013-03-07,SI1304,28.975,29.04,28.745,28.784,223.0,,银1304,325.0,28.784,28.784
2013-03-08,SI1304,28.865,29.215,28.39,28.924,610.0,,银1304,323.0,28.924,28.924
2013-03-11,SI1304,28.87,29.01,28.74,28.827,78.0,,银1304,338.0,28.827,28.827
2013-03-12,SI1304,28.955,29.29,28.895,29.145,113.0,,银1304,336.0,29.145,29.145
2013-03-13,SI1304,29.12,29.17,28.83,28.934,79.0,,银1304,340.0,28.934,28.934
2013-03-14,SI1304,28.875,28.915,28.51,28.782,72.0,,银1304,343.0,28.782,28.782
2013-03-15,SI1304,28.875,28.96,28.72,28.826,49.0,,银1304,351.0,28.826,28.826
2013-03-18,SI1304,28.95,29.065,28.66,28.849,495.0,,银1304,368.0,28.849,28.849
2013-03-19,SI1304,28.81,29.01,28.67,28.817,289.0,,银1304,401.0,28.817,28.817
2013-03-20,SI1304,28.915,28.945,28.6,28.79,65.0,,银1304,404.0,28.79,28.79
2013-03-21,SI1304,28.815,29.26,28.79,29.185,216.0,,银1304,383.0,29.185,29.185
2013-03-22,SI1304,29.075,29.1,28.54,28.671,412.0,,银1304,329.0,28.671,28.671
2013-03-25,SI1304,28.67,28.8,28.515,28.79,105.0,,银1304,302.0,28.79,28.79
2013-03-26,SI1304,28.76,28.77,28.62,28.649,126.0,,银1304,265.0,28.649,28.649
2013-03-27,SI1304,28.665,28.665,28.12,28.577,163.0,,银1304,243.0,28.577,28.577
2013-03-28,SI1304,28.72,28.72,28.292,28.292,8.0,,银1304,282.0,28.292,28.292
2013-04-01,SI1304,27.96,27.975,27.855,27.913,23.0,,银1304,282.0,27.913,27.913
2013-04-02,SI1304,27.9,27.92,27.17,27.217,7.0,,银1304,284.0,27.217,27.217
2013-04-03,SI1304,27.105,27.21,26.7,26.773,95.0,,银1304,136.0,26.773,26.773
2013-04-04,SI1304,26.91,26.96,26.705,26.748,192.0,,银1304,153.0,26.748,26.748
2013-04-05,SI1304,26.86,27.24,26.845,27.201,26.0,,银1304,325.0,27.201,27.201
2013-04-08,SI1304,27.235,27.235,27.08,27.12,33.0,,银1304,152.0,27.12,27.12
2013-04-09,SI1304,27.36,27.935,27.24,27.866,45.0,,银1304,66.0,27.866,27.866
2013-04-10,SI1304,27.73,27.73,27.515,27.639,10.0,,银1304,89.0,27.639,27.639
2013-04-11,SI1304,27.685,27.685,27.42,27.685,23.0,,银1304,80.0,27.685,27.685
2013-04-12,SI1304,27.285,27.285,26.085,26.322,148.0,,银1304,99.0,26.322,26.322
2013-04-15,SI1304,24.5,24.64,23.03,23.355,120.0,,银1304,151.0,23.355,23.355
2013-04-16,SI1304,23.71,23.755,23.435,23.622,51.0,,银1304,105.0,23.622,23.622
2013-04-17,SI1304,23.1,23.301,23.1,23.301,5.0,,银1304,63.0,23.301,23.301
2013-04-18,SI1304,22.6,23.5,22.6,23.239,4.0,,银1304,31.0,23.239,23.239
2013-04-19,SI1304,23.745,23.77,22.955,22.955,22.0,,银1304,30.0,22.955,22.955
2013-04-22,SI1304,23.1,23.435,23.095,23.32,30.0,,银1304,28.0,23.32,23.32
2013-04-23,SI1304,23.2,23.2,22.79,22.813,3.0,,银1304,26.0,22.813,22.813
2013-04-24,SI1304,22.965,22.99,22.829,22.829,4.0,,银1304,15.0,22.829,22.829
2013-04-25,SI1304,23.6,24.2,23.6,24.14,7.0,,银1304,14.0,24.14,24.14
2013-04-26,SI1304,24.095,24.1,23.758,23.758,10.0,,银1304,11.0,23.758,23.758
