date,symbol,open,high,low,close,volume,amount,name,openinterest,settleprice,price
2013-05-31,SI1308,,,,22.265,0.0,,银1308,0.0,22.265,22.265
2013-06-03,SI1308,22.38,22.745,22.35,22.745,33.0,,银1308,0.0,22.745,22.745
2013-06-04,SI1308,22.47,22.495,22.28,22.433,15.0,,银1308,5.0,22.433,22.433
2013-06-05,SI1308,22.555,22.66,22.355,22.497,19.0,,银1308,5.0,22.497,22.497
2013-06-06,SI1308,22.62,22.732,22.405,22.732,58.0,,银1308,6.0,22.732,22.732
2013-06-07,SI1308,22.71,22.71,21.54,21.768,115.0,,银1308,18.0,21.768,21.768
2013-06-10,SI1308,21.47,21.95,21.365,21.95,135.0,,银1308,19.0,21.95,21.95
2013-06-11,SI1308,21.62,21.72,21.53,21.671,74.0,,银1308,125.0,21.671,21.671
2013-06-12,SI1308,21.585,21.85,21.585,21.821,28.0,,银1308,26.0,21.821,21.821
2013-06-13,SI1308,21.695,21.825,21.605,21.605,24.0,,银1308,29.0,21.605,21.605
2013-06-14,SI1308,22.02,22.115,21.965,21.975,17.0,,银1308,34.0,21.975,21.975
2013-06-17,SI1308,21.95,21.97,21.7,21.779,46.0,,银1308,30.0,21.779,21.779
2013-06-18,SI1308,21.87,21.87,21.555,21.698,48.0,,银1308,38.0,21.698,21.698
2013-06-19,SI1308,21.565,21.74,21.48,21.644,85.0,,银1308,37.0,21.644,21.644
2013-06-20,SI1308,21.185,21.225,19.6,19.844,445.0,,银1308,64.0,19.844,19.844
2013-06-21,SI1308,19.71,20.07,19.68,19.98,47.0,,银1308,58.0,19.98,19.98
2013-06-24,SI1308,20.055,20.15,19.445,19.508,168.0,,银1308,61.0,19.508,19.508
2013-06-25,SI1308,19.655,19.74,19.53,19.539,41.0,,银1308,61.0,19.539,19.539
2013-06-26,SI1308,19.54,19.54,18.395,18.606,920.0,,银1308,68.0,18.606,18.606
2013-06-27,SI1308,18.495,18.9,18.355,18.547,293.0,,银1308,160.0,18.547,18.547
2013-06-28,SI1308,18.225,19.58,18.225,19.459,287.0,,银1308,194.0,19.459,19.459
2013-07-01,SI1308,19.775,19.835,19.415,19.568,152.0,,银1308,217.0,19.568,19.568
2013-07-02,SI1308,19.6,19.785,19.23,19.301,304.0,,银1308,222.0,19.301,19.301
2013-07-03,SI1308,19.37,19.815,19.31,19.694,245.0,,银1308,204.0,19.694,19.694
2013-07-05,SI1308,19.78,19.78,18.68,18.729,307.0,,银1308,237.0,18.729,18.729
2013-07-08,SI1308,18.92,19.23,18.71,19.029,168.0,,银1308,248.0,19.029,19.029
2013-07-09,SI1308,19.25,19.435,19.06,19.128,222.0,,银1308,269.0,19.128,19.128
2013-07-10,SI1308,19.25,19.42,19.0,19.155,124.0,,银1308,282.0,19.155,19.155
2013-07-11,SI1308,19.51,20.16,19.5,19.946,507.0,,银1308,264.0,19.946,19.946
2013-07-12,SI1308,20.13,20.13,19.665,19.782,104.0,,银1308,297.0,19.782,19.782
2013-07-15,SI1308,19.95,20.11,19.68,19.83,978.0,,银1308,302.0,19.83,19.83
2013-07-16,SI1308,19.85,19.975,19.695,19.926,126.0,,银1308,256.0,19.926,19.926
2013-07-17,SI1308,19.935,20.09,19.265,19.412,406.0,,银1308,237.0,19.412,19.412
2013-07-18,SI1308,19.32,19.545,19.275,19.38,388.0,,银1308,206.0,19.38,19.38
2013-07-19,SI1308,19.37,19.58,19.315,19.45,71.0,,银1308,276.0,19.45,19.45
2013-07-22,SI1308,19.755,20.53,19.755,20.499,523.0,,银1308,265.0,20.499,20.499
2013-07-23,SI1308,20.42,20.43,20.125,20.246,504.0,,银1308,217.0,20.246,20.246
2013-07-24,SI1308,20.415,20.44,19.975,20.014,100.0,,银1308,167.0,20.014,20.014
2013-07-25,SI1308,20.085,20.28,19.78,20.146,494.0,,银1308,157.0,20.146,20.146
2013-07-26,SI1308,20.235,20.24,19.675,19.761,37.0,,银1308,131.0,19.761,19.761
2013-07-29,SI1308,19.83,20.16,19.7,19.852,75.0,,银1308,118.0,19.852,19.852
2013-07-30,SI1308,19.8,19.83,19.645,19.666,106.0,,银1308,99.0,19.666,19.666
2013-07-31,SI1308,19.87,19.885,19.395,19.617,20.0,,银1308,42.0,19.617,19.617
2013-08-01,SI1308,19.61,19.615,19.61,19.615,19.0,,银1308,21.0,19.615,19.615
2013-08-02,SI1308,,,,19.903,12.0,,银1308,27.0,19.903,19.903
2013-08-05,SI1308,19.78,19.78,19.711,19.711,17.0,,银1308,15.0,19.711,19.711
2013-08-06,SI1308,19.575,19.575,19.46,19.515,190.0,,银1308,13.0,19.515,19.515
2013-08-07,SI1308,,,,19.498,25.0,,银1308,130.0,19.498,19.498
2013-08-08,SI1308,19.985,20.22,19.93,20.184,9.0,,银1308,19.0,20.184,20.184
2013-08-09,SI1308,,,,20.399,26.0,,银1308,13.0,20.399,20.399
2013-08-12,SI1308,21.195,21.41,21.195,21.332,16.0,,银1308,19.0,21.332,21.332
2013-08-13,SI1308,21.47,21.66,21.265,21.336,8.0,,银1308,10.0,21.336,21.336
2013-08-14,SI1308,21.625,21.79,21.59,21.781,11.0,,银1308,11.0,21.781,21.781
2013-08-15,SI1308,21.89,23.165,21.73,22.929,75.0,,银1308,11.0,22.929,22.929
2013-08-16,SI1308,22.96,23.317,22.85,23.317,7.0,,银1308,23.0,23.317,23.317
2013-08-19,SI1308,,,,23.161,0.0,,银1308,13.0,23.161,23.161
2013-08-20,SI1308,,,,23.066,1.0,,银1308,13.0,23.066,23.066
2013-08-21,SI1308,23.08,23.305,22.958,22.958,13.0,,银1308,10.0,22.958,22.958
2013-08-22,SI1308,22.86,23.035,22.86,23.03,2.0,,银1308,9.0,23.03,23.03
2013-08-23,SI1308,23.5,23.755,23.5,23.733,21.0,,银1308,9.0,23.733,23.733
2013-08-26,SI1308,24.15,24.15,23.95,24.008,8.0,,银1308,11.0,24.008,24.008
2013-08-27,SI1308,,,,24.649,1.0,,银1308,3.0,24.649,24.649
2013-08-28,SI1308,24.985,24.985,24.389,24.389,2.0,,银1308,1.0,24.389,24.389
