date,symbol,open,high,low,close,volume,amount,name,openinterest,settleprice,price
2014-03-31,SI1406,19.79,19.795,19.765,19.765,4.0,,银1406,0.0,19.765,19.765
2014-04-01,SI1406,19.715,19.805,19.706,19.706,6.0,,银1406,2.0,19.706,19.706
2014-04-02,SI1406,19.83,20.068,19.83,20.068,41.0,,银1406,3.0,20.068,20.068
2014-04-03,SI1406,20.0,20.01,19.75,19.824,16.0,,银1406,29.0,19.824,19.824
2014-04-04,SI1406,19.955,20.235,19.945,19.966,66.0,,银1406,32.0,19.966,19.966
2014-04-07,SI1406,19.89,19.93,19.87,19.927,35.0,,银1406,35.0,19.927,19.927
2014-04-08,SI1406,19.98,20.12,19.98,20.074,93.0,,银1406,21.0,20.074,20.074
2014-04-09,SI1406,20.07,20.085,19.65,19.786,179.0,,银1406,26.0,19.786,19.786
2014-04-10,SI1406,20.01,20.31,19.985,20.108,193.0,,银1406,34.0,20.108,20.108
2014-04-11,SI1406,20.04,20.075,19.962,19.962,63.0,,银1406,39.0,19.962,19.962
2014-04-14,SI1406,20.065,20.11,19.735,20.026,161.0,,银1406,40.0,20.026,20.026
2014-04-15,SI1406,19.82,19.82,19.31,19.505,129.0,,银1406,50.0,19.505,19.505
2014-04-16,SI1406,19.435,19.815,19.435,19.648,135.0,,银1406,56.0,19.648,19.648
2014-04-17,SI1406,19.565,19.645,19.56,19.612,60.0,,银1406,63.0,19.612,19.612
2014-04-21,SI1406,19.63,19.63,19.295,19.367,94.0,,银1406,65.0,19.367,19.367
2014-04-22,SI1406,19.335,19.525,19.335,19.376,809.0,,银1406,85.0,19.376,19.376
2014-04-23,SI1406,19.435,19.55,19.435,19.454,596.0,,银1406,332.0,19.454,19.454
2014-04-24,SI1406,19.46,19.835,18.96,19.701,1087.0,,银1406,189.0,19.701,19.701
2014-04-25,SI1406,19.61,19.775,19.54,19.704,998.0,,银1406,367.0,19.704,19.704
2014-04-28,SI1406,19.755,19.755,19.52,19.605,946.0,,银1406,342.0,19.605,19.605
2014-04-29,SI1406,19.6,19.6,19.33,19.513,522.0,,银1406,253.0,19.513,19.513
2014-04-30,SI1406,19.47,19.47,19.05,19.148,269.0,,银1406,384.0,19.148,19.148
2014-05-01,SI1406,19.11,19.18,18.82,19.017,123.0,,银1406,418.0,19.017,19.017
2014-05-02,SI1406,18.995,19.62,18.955,19.52,584.0,,银1406,429.0,19.52,19.52
2014-05-05,SI1406,19.52,19.7,19.47,19.545,175.0,,银1406,427.0,19.545,19.545
2014-05-06,SI1406,19.515,19.675,19.49,19.621,30.0,,银1406,383.0,19.621,19.621
2014-05-07,SI1406,19.69,19.735,19.31,19.318,108.0,,银1406,383.0,19.318,19.318
2014-05-08,SI1406,19.26,19.355,19.114,19.114,45.0,,银1406,367.0,19.114,19.114
2014-05-09,SI1406,19.16,19.285,19.04,19.097,104.0,,银1406,372.0,19.097,19.097
2014-05-12,SI1406,19.065,19.635,19.065,19.52,117.0,,银1406,377.0,19.52,19.52
2014-05-13,SI1406,19.54,19.555,19.355,19.524,133.0,,银1406,336.0,19.524,19.524
2014-05-14,SI1406,19.505,19.945,19.505,19.753,71.0,,银1406,377.0,19.753,19.753
2014-05-15,SI1406,19.775,19.775,19.445,19.463,204.0,,银1406,325.0,19.463,19.463
2014-05-16,SI1406,19.47,19.495,19.265,19.308,103.0,,银1406,331.0,19.308,19.308
2014-05-19,SI1406,19.5,19.57,19.333,19.333,265.0,,银1406,373.0,19.333,19.333
2014-05-20,SI1406,19.29,19.425,19.24,19.375,78.0,,银1406,366.0,19.375,19.375
2014-05-21,SI1406,19.39,19.455,19.255,19.312,118.0,,银1406,366.0,19.312,19.312
2014-05-22,SI1406,19.515,19.8,19.46,19.494,127.0,,银1406,387.0,19.494,19.494
2014-05-23,SI1406,19.435,19.49,19.305,19.392,98.0,,银1406,337.0,19.392,19.392
2014-05-27,SI1406,19.415,19.425,19.0,19.043,384.0,,银1406,298.0,19.043,19.043
2014-05-28,SI1406,19.04,19.105,18.95,19.035,71.0,,银1406,179.0,19.035,19.035
2014-05-29,SI1406,18.94,19.005,18.84,18.983,196.0,,银1406,142.0,18.983,18.983
2014-05-30,SI1406,18.95,18.96,18.605,18.653,40.0,,银1406,129.0,18.653,18.653
2014-06-02,SI1406,18.75,18.81,18.675,18.709,33.0,,银1406,124.0,18.709,18.709
2014-06-03,SI1406,18.79,18.81,18.732,18.732,18.0,,银1406,84.0,18.732,18.732
2014-06-04,SI1406,,,,18.766,0.0,,银1406,9.0,18.766,18.766
2014-06-05,SI1406,18.9,19.055,18.9,19.055,31.0,,银1406,3.0,19.055,19.055
2014-06-06,SI1406,18.955,18.963,18.955,18.963,1.0,,银1406,15.0,18.963,18.963
2014-06-09,SI1406,19.05,19.05,19.045,19.045,3.0,,银1406,14.0,19.045,19.045
2014-06-10,SI1406,,,,19.147,0.0,,银1406,15.0,19.147,19.147
2014-06-11,SI1406,,,,19.154,0.0,,银1406,3.0,19.154,19.154
2014-06-12,SI1406,,,,19.515,0.0,,银1406,3.0,19.515,19.515
2014-06-13,SI1406,19.535,19.637,19.535,19.637,2.0,,银1406,3.0,19.637,19.637
2014-06-16,SI1406,19.755,19.795,19.67,19.702,14.0,,银1406,3.0,19.702,19.702
2014-06-17,SI1406,,,,19.721,0.0,,银1406,14.0,19.721,19.721
2014-06-18,SI1406,19.75,19.85,19.75,19.767,5.0,,银1406,9.0,19.767,19.767
2014-06-19,SI1406,20.02,20.637,20.02,20.637,4.0,,银1406,7.0,20.637,20.637
2014-06-20,SI1406,20.95,20.95,20.86,20.942,2.0,,银1406,5.0,20.942,20.942
2014-06-23,SI1406,,,,20.909,0.0,,银1406,4.0,20.909,20.909
2014-06-24,SI1406,,,,21.038,0.0,,银1406,1.0,21.038,21.038
2014-06-25,SI1406,,,,21.111,0.0,,银1406,0.0,21.111,21.111
2014-06-26,SI1406,,,,21.103,0.0,,银1406,0.0,21.103,21.103
