date,symbol,open,high,low,close,volume,amount,name,openinterest,settleprice,price
2014-01-31,SI1404,,,,19.138,0.0,,银1404,0.0,19.138,19.138
2014-02-03,SI1404,19.315,19.56,19.28,19.427,16.0,,银1404,0.0,19.427,19.427
2014-02-04,SI1404,19.355,19.48,19.3,19.439,21.0,,银1404,1.0,19.439,19.439
2014-02-05,SI1404,19.53,20.16,19.53,19.822,386.0,,银1404,2.0,19.822,19.822
2014-02-06,SI1404,20.05,20.05,19.944,19.944,1.0,,银1404,17.0,19.944,19.944
2014-02-07,SI1404,19.87,20.025,19.87,19.952,9.0,,银1404,17.0,19.952,19.952
2014-02-10,SI1404,20.17,20.275,20.131,20.131,76.0,,银1404,13.0,20.131,20.131
2014-02-11,SI1404,20.23,20.255,20.08,20.172,21.0,,银1404,26.0,20.172,20.172
2014-02-12,SI1404,20.125,20.4,20.125,20.357,317.0,,银1404,23.0,20.357,20.357
2014-02-13,SI1404,20.295,20.525,20.205,20.411,76.0,,银1404,121.0,20.411,20.411
2014-02-14,SI1404,20.68,21.44,20.68,21.437,378.0,,银1404,103.0,21.437,21.437
2014-02-18,SI1404,21.55,21.99,21.38,21.914,1372.0,,银1404,139.0,21.914,21.914
2014-02-19,SI1404,21.845,21.89,21.42,21.866,444.0,,银1404,174.0,21.866,21.866
2014-02-20,SI1404,21.555,21.9,21.515,21.7,271.0,,银1404,181.0,21.7,21.7
2014-02-21,SI1404,21.755,21.965,21.64,21.798,447.0,,银1404,166.0,21.798,21.798
2014-02-24,SI1404,21.61,22.18,21.59,22.07,455.0,,银1404,225.0,22.07,22.07
2014-02-25,SI1404,21.99,22.005,21.745,21.984,661.0,,银1404,223.0,21.984,21.984
2014-02-26,SI1404,21.87,22.035,21.11,21.272,1268.0,,银1404,396.0,21.272,21.272
2014-02-27,SI1404,21.295,21.425,21.005,21.333,221.0,,银1404,208.0,21.333,21.333
2014-02-28,SI1404,21.26,21.39,21.09,21.222,116.0,,银1404,204.0,21.222,21.222
2014-03-03,SI1404,21.35,21.65,21.3,21.466,134.0,,银1404,214.0,21.466,21.466
2014-03-04,SI1404,21.355,21.355,21.07,21.205,309.0,,银1404,182.0,21.205,21.205
2014-03-05,SI1404,21.21,21.31,21.18,21.255,67.0,,银1404,202.0,21.255,21.255
2014-03-06,SI1404,21.31,21.595,21.285,21.558,446.0,,银1404,207.0,21.558,21.558
2014-03-07,SI1404,21.55,21.55,20.785,20.912,656.0,,银1404,209.0,20.912,20.912
2014-03-10,SI1404,20.745,20.98,20.675,20.894,355.0,,银1404,281.0,20.894,20.894
2014-03-11,SI1404,20.85,21.29,20.7,20.797,323.0,,银1404,296.0,20.797,20.797
2014-03-12,SI1404,20.86,21.38,20.84,21.339,481.0,,银1404,269.0,21.339,21.339
2014-03-13,SI1404,21.395,21.435,21.13,21.18,162.0,,银1404,143.0,21.18,21.18
2014-03-14,SI1404,21.325,21.77,21.31,21.394,208.0,,银1404,156.0,21.394,21.394
2014-03-17,SI1404,21.5,21.535,21.145,21.257,125.0,,银1404,163.0,21.257,21.257
2014-03-18,SI1404,21.16,21.16,20.645,20.844,163.0,,银1404,167.0,20.844,20.844
2014-03-19,SI1404,20.82,20.86,20.57,20.808,131.0,,银1404,155.0,20.808,20.808
2014-03-20,SI1404,20.585,20.675,20.18,20.412,228.0,,银1404,171.0,20.412,20.412
2014-03-21,SI1404,20.345,20.555,20.291,20.291,312.0,,银1404,202.0,20.291,20.291
2014-03-24,SI1404,20.11,20.225,19.92,20.048,85.0,,银1404,224.0,20.048,20.048
2014-03-25,SI1404,19.925,20.185,19.925,19.96,147.0,,银1404,250.0,19.96,19.96
2014-03-26,SI1404,20.0,20.08,19.725,19.763,217.0,,银1404,260.0,19.763,19.763
2014-03-27,SI1404,19.735,19.76,19.615,19.69,83.0,,银1404,250.0,19.69,19.69
2014-03-28,SI1404,19.79,19.88,19.63,19.772,111.0,,银1404,232.0,19.772,19.772
2014-03-31,SI1404,,,,19.734,6.0,,银1404,249.0,19.734,19.734
2014-04-01,SI1404,,,,19.669,210.0,,银1404,68.0,19.669,19.669
2014-04-02,SI1404,,,,20.031,0.0,,银1404,273.0,20.031,20.031
2014-04-03,SI1404,,,,19.786,0.0,,银1404,63.0,19.786,19.786
2014-04-04,SI1404,19.94,19.94,19.927,19.927,15.0,,银1404,3.0,19.927,19.927
2014-04-07,SI1404,19.945,19.96,19.891,19.891,5.0,,银1404,16.0,19.891,19.891
2014-04-08,SI1404,20.15,20.15,20.042,20.042,7.0,,银1404,7.0,20.042,20.042
2014-04-09,SI1404,20.05,20.05,19.74,19.755,34.0,,银1404,8.0,19.755,19.755
2014-04-10,SI1404,20.215,20.215,20.078,20.078,38.0,,银1404,28.0,20.078,20.078
2014-04-11,SI1404,20.01,20.01,19.933,19.933,3.0,,银1404,40.0,19.933,19.933
2014-04-14,SI1404,19.955,19.999,19.955,19.999,5.0,,银1404,20.0,19.999,19.999
2014-04-15,SI1404,19.48,19.48,19.475,19.478,11.0,,银1404,23.0,19.478,19.478
2014-04-16,SI1404,19.6,19.623,19.6,19.623,2.0,,银1404,23.0,19.623,19.623
2014-04-17,SI1404,,,,19.586,5.0,,银1404,18.0,19.586,19.586
2014-04-21,SI1404,,,,19.341,1.0,,银1404,22.0,19.341,19.341
2014-04-22,SI1404,19.395,19.395,19.351,19.351,1.0,,银1404,2.0,19.351,19.351
2014-04-23,SI1404,,,,19.43,152.0,,银1404,3.0,19.43,19.43
2014-04-24,SI1404,19.1,19.682,19.1,19.682,23.0,,银1404,152.0,19.682,19.682
2014-04-25,SI1404,19.695,19.76,19.685,19.685,29.0,,银1404,13.0,19.685,19.685
2014-04-28,SI1404,,,,19.585,0.0,,银1404,15.0,19.585,19.585
