date,symbol,open,high,low,close,volume,amount,name,openinterest,settleprice,price
2014-11-28,SI1502,16.39,16.39,15.547,15.547,41.0,,银1502,0.0,15.547,15.547
2014-12-01,SI1502,15.28,16.683,14.645,16.683,42.0,,银1502,12.0,16.683,16.683
2014-12-02,SI1502,16.2,16.443,16.16,16.443,30.0,,银1502,26.0,16.443,16.443
2014-12-03,SI1502,16.29,16.5,16.29,16.392,7.0,,银1502,28.0,16.392,16.392
2014-12-04,SI1502,16.435,16.65,16.435,16.553,6.0,,银1502,32.0,16.553,16.553
2014-12-05,SI1502,16.415,16.415,16.235,16.235,2.0,,银1502,33.0,16.235,16.235
2014-12-08,SI1502,16.17,16.253,16.17,16.253,4.0,,银1502,34.0,16.253,16.253
2014-12-09,SI1502,16.375,17.16,16.375,17.113,14.0,,银1502,34.0,17.113,17.113
2014-12-10,SI1502,17.065,17.28,17.005,17.166,19.0,,银1502,30.0,17.166,17.166
2014-12-11,SI1502,17.06,17.091,17.045,17.091,3.0,,银1502,34.0,17.091,17.091
2014-12-12,SI1502,17.095,17.185,17.035,17.047,22.0,,银1502,34.0,17.047,17.047
2014-12-15,SI1502,16.83,16.92,16.485,16.553,22.0,,银1502,45.0,16.553,16.553
2014-12-16,SI1502,16.235,16.52,15.738,15.738,32.0,,银1502,46.0,15.738,15.738
2014-12-17,SI1502,15.855,16.005,15.75,15.907,34.0,,银1502,49.0,15.907,15.907
2014-12-18,SI1502,16.05,16.125,15.865,15.91,35.0,,银1502,70.0,15.91,15.91
2014-12-19,SI1502,15.925,16.009,15.89,16.009,21.0,,银1502,72.0,16.009,16.009
2014-12-22,SI1502,16.005,16.08,15.59,15.667,7.0,,银1502,54.0,15.667,15.667
2014-12-23,SI1502,15.645,15.755,15.645,15.746,20.0,,银1502,55.0,15.746,15.746
2014-12-24,SI1502,15.7,15.7,15.681,15.681,19.0,,银1502,53.0,15.681,15.681
2014-12-26,SI1502,15.89,16.185,15.89,16.127,12.0,,银1502,42.0,16.127,16.127
2014-12-29,SI1502,16.03,16.06,15.75,15.762,29.0,,银1502,45.0,15.762,15.762
2014-12-30,SI1502,15.8,16.44,15.785,16.26,37.0,,银1502,65.0,16.26,16.26
2014-12-31,SI1502,16.23,16.23,15.565,15.583,17.0,,银1502,70.0,15.583,15.583
2015-01-02,SI1502,15.83,16.045,15.575,15.752,29.0,,银1502,74.0,15.752,15.752
2015-01-05,SI1502,15.675,16.23,15.675,16.197,16.0,,银1502,66.0,16.197,16.197
2015-01-06,SI1502,16.12,16.635,16.12,16.617,9.0,,银1502,60.0,16.617,16.617
2015-01-07,SI1502,16.47,16.615,16.38,16.524,11.0,,银1502,61.0,16.524,16.524
2015-01-08,SI1502,16.455,16.535,16.325,16.365,8.0,,银1502,64.0,16.365,16.365
2015-01-09,SI1502,16.385,16.565,16.3,16.394,29.0,,银1502,64.0,16.394,16.394
2015-01-12,SI1502,16.555,16.605,16.46,16.543,573.0,,银1502,61.0,16.543,16.543
2015-01-13,SI1502,16.71,17.18,16.71,17.136,30.0,,银1502,296.0,17.136,17.136
2015-01-14,SI1502,16.98,16.98,16.58,16.967,172.0,,银1502,299.0,16.967,16.967
2015-01-15,SI1502,16.86,17.135,16.78,17.086,139.0,,银1502,355.0,17.086,17.086
2015-01-16,SI1502,17.0,17.815,16.99,17.744,106.0,,银1502,323.0,17.744,17.744
2015-01-20,SI1502,17.855,18.01,17.665,17.952,156.0,,银1502,339.0,17.952,17.952
2015-01-21,SI1502,18.34,18.445,18.16,18.184,105.0,,银1502,349.0,18.184,18.184
2015-01-22,SI1502,18.115,18.445,18.055,18.351,84.0,,银1502,338.0,18.351,18.351
2015-01-23,SI1502,18.3,18.32,18.16,18.289,80.0,,银1502,333.0,18.289,18.289
2015-01-26,SI1502,18.03,18.125,17.92,17.968,23.0,,银1502,335.0,17.968,17.968
2015-01-27,SI1502,17.8,18.135,17.8,18.069,36.0,,银1502,334.0,18.069,18.069
2015-01-28,SI1502,18.01,18.125,17.975,18.068,166.0,,银1502,339.0,18.068,18.068
2015-01-29,SI1502,17.42,17.475,16.758,16.758,30.0,,银1502,330.0,16.758,16.758
2015-01-30,SI1502,16.81,17.192,16.81,17.192,21.0,,银1502,316.0,17.192,17.192
2015-02-02,SI1502,,,,17.235,4.0,,银1502,43.0,17.235,17.235
2015-02-03,SI1502,17.32,17.52,17.305,17.305,24.0,,银1502,37.0,17.305,17.305
2015-02-04,SI1502,17.4,17.6,17.379,17.379,43.0,,银1502,42.0,17.379,17.379
2015-02-05,SI1502,17.205,17.285,17.18,17.18,11.0,,银1502,84.0,17.18,17.18
2015-02-06,SI1502,,,,16.678,0.0,,银1502,92.0,16.678,16.678
2015-02-09,SI1502,,,,17.054,2.0,,银1502,25.0,17.054,17.054
2015-02-10,SI1502,,,,16.857,0.0,,银1502,20.0,16.857,16.857
2015-02-11,SI1502,,,,16.745,3.0,,银1502,20.0,16.745,16.745
2015-02-12,SI1502,16.84,16.88,16.778,16.778,17.0,,银1502,23.0,16.778,16.778
2015-02-13,SI1502,16.91,17.278,16.91,17.278,20.0,,银1502,36.0,17.278,17.278
2015-02-17,SI1502,,,,16.362,0.0,,银1502,56.0,16.362,16.362
2015-02-18,SI1502,,,,16.25,0.0,,银1502,56.0,16.25,16.25
2015-02-19,SI1502,16.405,16.405,16.335,16.371,10.0,,银1502,56.0,16.371,16.371
2015-02-20,SI1502,16.43,16.43,16.263,16.263,6.0,,银1502,20.0,16.263,16.263
2015-02-23,SI1502,16.295,16.325,16.247,16.247,20.0,,银1502,23.0,16.247,16.247
2015-02-24,SI1502,,,,16.182,0.0,,银1502,12.0,16.182,16.182
2015-02-25,SI1502,,,,16.424,0.0,,银1502,12.0,16.424,16.424
