date,symbol,open,high,low,close,volume,amount,name,openinterest,settleprice,price
2015-03-31,SI1506,,,,16.619,0.0,,银1506,0.0,16.619,16.619
2015-04-01,SI1506,16.585,17.078,16.585,17.078,159.0,,银1506,0.0,17.078,17.078
2015-04-02,SI1506,16.745,16.745,16.72,16.72,2.0,,银1506,73.0,16.72,16.72
2015-04-06,SI1506,,,,17.13,2.0,,银1506,73.0,17.13,17.13
2015-04-07,SI1506,16.95,16.955,16.8,16.86,54.0,,银1506,73.0,16.86,16.86
2015-04-08,SI1506,16.84,16.84,16.474,16.474,10.0,,银1506,103.0,16.474,16.474
2015-04-09,SI1506,16.215,16.215,16.196,16.196,2.0,,银1506,106.0,16.196,16.196
2015-04-10,SI1506,16.41,16.485,16.402,16.402,17.0,,银1506,107.0,16.402,16.402
2015-04-13,SI1506,16.385,16.385,16.27,16.313,22.0,,银1506,119.0,16.313,16.313
2015-04-14,SI1506,16.31,16.33,16.01,16.182,24.0,,银1506,115.0,16.182,16.182
2015-04-15,SI1506,16.17,16.35,16.155,16.3,119.0,,银1506,109.0,16.3,16.3
2015-04-16,SI1506,16.435,16.455,16.145,16.306,24.0,,银1506,113.0,16.306,16.306
2015-04-17,SI1506,16.39,16.435,16.25,16.251,38.0,,银1506,124.0,16.251,16.251
2015-04-20,SI1506,16.275,16.275,15.85,15.909,28.0,,银1506,134.0,15.909,15.909
2015-04-21,SI1506,15.89,16.165,15.89,16.028,78.0,,银1506,141.0,16.028,16.028
2015-04-22,SI1506,15.985,16.025,15.7,15.816,155.0,,银1506,139.0,15.816,15.816
2015-04-23,SI1506,15.855,15.91,15.75,15.85,148.0,,银1506,213.0,15.85,15.85
2015-04-24,SI1506,15.86,15.875,15.585,15.658,92.0,,银1506,131.0,15.658,15.658
2015-04-27,SI1506,15.71,16.44,15.71,16.416,410.0,,银1506,144.0,16.416,16.416
2015-04-28,SI1506,16.39,16.64,16.305,16.611,266.0,,银1506,186.0,16.611,16.611
2015-04-29,SI1506,16.59,16.705,16.45,16.688,99.0,,银1506,163.0,16.688,16.688
2015-04-30,SI1506,16.545,16.65,15.83,16.139,458.0,,银1506,182.0,16.139,16.139
2015-05-01,SI1506,16.23,16.23,15.925,16.122,267.0,,银1506,221.0,16.122,16.122
2015-05-04,SI1506,16.155,16.73,16.155,16.428,244.0,,银1506,248.0,16.428,16.428
2015-05-05,SI1506,16.41,16.695,16.365,16.566,279.0,,银1506,202.0,16.566,16.566
2015-05-06,SI1506,16.56,16.63,16.38,16.494,235.0,,银1506,183.0,16.494,16.494
2015-05-07,SI1506,16.505,16.51,16.19,16.284,132.0,,银1506,196.0,16.284,16.284
2015-05-08,SI1506,16.305,16.515,16.305,16.452,67.0,,银1506,192.0,16.452,16.452
2015-05-11,SI1506,16.395,16.495,16.195,16.302,40.0,,银1506,192.0,16.302,16.302
2015-05-12,SI1506,16.21,16.54,16.15,16.511,152.0,,银1506,193.0,16.511,16.511
2015-05-13,SI1506,16.57,17.208,16.505,17.208,120.0,,银1506,184.0,17.208,17.208
2015-05-14,SI1506,17.145,17.57,17.085,17.452,59.0,,银1506,183.0,17.452,17.452
2015-05-15,SI1506,17.505,17.55,17.2,17.55,46.0,,银1506,184.0,17.55,17.55
2015-05-18,SI1506,17.605,17.725,17.485,17.717,229.0,,银1506,186.0,17.717,17.717
2015-05-19,SI1506,17.48,17.5,16.95,17.055,346.0,,银1506,197.0,17.055,17.055
2015-05-20,SI1506,17.085,17.145,16.965,17.097,126.0,,银1506,242.0,17.097,17.097
2015-05-21,SI1506,17.07,17.205,17.01,17.116,78.0,,银1506,239.0,17.116,17.116
2015-05-22,SI1506,17.11,17.275,17.035,17.035,48.0,,银1506,247.0,17.035,17.035
2015-05-26,SI1506,17.05,17.07,16.67,16.727,157.0,,银1506,252.0,16.727,16.727
2015-05-27,SI1506,16.72,16.76,16.59,16.628,94.0,,银1506,227.0,16.628,16.628
2015-05-28,SI1506,16.665,16.75,16.555,16.653,73.0,,银1506,233.0,16.653,16.653
2015-05-29,SI1506,16.685,16.69,16.67,16.684,24.0,,银1506,227.0,16.684,16.684
2015-06-01,SI1506,16.635,17.1,16.615,16.664,24.0,,银1506,32.0,16.664,16.664
2015-06-02,SI1506,,,,16.783,0.0,,银1506,33.0,16.783,16.783
2015-06-03,SI1506,16.375,16.464,16.37,16.464,2.0,,银1506,33.0,16.464,16.464
2015-06-04,SI1506,16.115,16.135,16.089,16.089,11.0,,银1506,33.0,16.089,16.089
2015-06-05,SI1506,15.98,16.06,15.94,15.971,14.0,,银1506,40.0,15.971,15.971
2015-06-08,SI1506,16.035,16.06,15.9,15.951,16.0,,银1506,41.0,15.951,15.951
2015-06-09,SI1506,15.97,15.97,15.949,15.949,1.0,,银1506,35.0,15.949,15.949
2015-06-10,SI1506,,,,15.952,0.0,,银1506,34.0,15.952,15.952
2015-06-11,SI1506,15.945,15.953,15.945,15.953,5.0,,银1506,28.0,15.953,15.953
2015-06-12,SI1506,15.995,15.995,15.818,15.818,5.0,,银1506,28.0,15.818,15.818
2015-06-15,SI1506,16.2,16.2,16.076,16.076,2.0,,银1506,27.0,16.076,16.076
2015-06-16,SI1506,,,,15.958,0.0,,银1506,27.0,15.958,15.958
2015-06-17,SI1506,,,,15.94,2.0,,银1506,27.0,15.94,15.94
2015-06-18,SI1506,,,,16.148,46.0,,银1506,27.0,16.148,16.148
2015-06-19,SI1506,,,,16.104,0.0,,银1506,73.0,16.104,16.104
2015-06-22,SI1506,16.1,16.137,16.1,16.137,1.0,,银1506,73.0,16.137,16.137
2015-06-23,SI1506,15.79,15.825,15.732,15.732,4.0,,银1506,73.0,15.732,15.732
2015-06-24,SI1506,15.84,15.855,15.84,15.848,21.0,,银1506,24.0,15.848,15.848
2015-06-25,SI1506,,,,15.805,1.0,,银1506,23.0,15.805,15.805
2015-06-26,SI1506,15.725,15.735,15.725,15.735,1.0,,银1506,23.0,15.735,15.735
