date,symbol,open,high,low,close,volume,amount,name,openinterest,settleprice,price
2016-07-28,SI1610,,,,20.238,0.0,,银1610,0.0,20.238,20.238
2016-07-29,SI1610,20.4,20.41,20.4,20.41,9.0,,银1610,0.0,20.393,20.41
2016-08-01,SI1610,20.63,20.63,20.52,20.52,9.0,,银1610,7.0,20.544,20.52
2016-08-02,SI1610,20.425,20.77,20.425,20.76,42.0,,银1610,14.0,20.745,20.76
2016-08-03,SI1610,20.625,20.635,20.48,20.5,32.0,,银1610,39.0,20.511,20.5
2016-08-04,SI1610,20.42,20.45,20.3,20.425,18.0,,银1610,61.0,20.479,20.425
2016-08-05,SI1610,20.41,20.46,19.81,19.81,27.0,,银1610,65.0,19.854,19.81
2016-08-08,SI1610,19.71,19.845,19.71,19.815,14.0,,银1610,70.0,19.844,19.815
2016-08-09,SI1610,19.785,19.9,19.775,19.885,16.0,,银1610,72.0,19.889,19.885
2016-08-10,SI1610,20.055,20.46,20.055,20.345,24.0,,银1610,84.0,20.21,20.345
2016-08-11,SI1610,20.35,20.35,19.965,20.07,54.0,,银1610,73.0,20.061,20.07
2016-08-12,SI1610,19.96,20.225,19.73,19.73,48.0,,银1610,75.0,19.743,19.73
2016-08-15,SI1610,19.855,20.055,19.815,19.86,26.0,,银1610,89.0,19.883,19.86
2016-08-16,SI1610,20.02,20.13,19.785,19.905,42.0,,银1610,87.0,19.91,19.905
2016-08-17,SI1610,19.805,19.825,19.615,19.71,67.0,,银1610,93.0,19.681,19.71
2016-08-18,SI1610,19.75,19.9,19.69,19.785,51.0,,银1610,98.0,19.779,19.785
2016-08-19,SI1610,19.7,19.7,19.295,19.38,52.0,,银1610,95.0,19.358,19.38
2016-08-22,SI1610,19.11,19.11,18.875,18.9,112.0,,银1610,106.0,18.9,18.9
2016-08-23,SI1610,18.945,19.1,18.86,18.86,92.0,,银1610,128.0,18.963,18.86
2016-08-24,SI1610,18.98,19.015,18.55,18.55,200.0,,银1610,154.0,18.594,18.55
2016-08-25,SI1610,18.655,18.66,18.525,18.555,181.0,,银1610,161.0,18.523,18.555
2016-08-26,SI1610,18.625,19.055,18.6,18.65,116.0,,银1610,168.0,18.679,18.65
2016-08-29,SI1610,18.55,18.9,18.44,18.9,387.0,,银1610,180.0,18.8,18.9
2016-08-30,SI1610,18.84,18.95,18.6,18.6,162.0,,银1610,212.0,18.612,18.6
2016-08-31,SI1610,18.605,18.845,18.565,18.655,143.0,,银1610,240.0,18.643,18.655
2016-09-01,SI1610,18.77,18.925,18.615,18.9,140.0,,银1610,220.0,18.877,18.9
2016-09-02,SI1610,18.93,19.45,18.775,19.45,656.0,,银1610,221.0,19.292,19.45
2016-09-06,SI1610,19.31,20.12,19.31,20.075,498.0,,银1610,234.0,20.064,20.075
2016-09-07,SI1610,20.115,20.115,19.75,19.8,302.0,,银1610,281.0,19.777,19.8
2016-09-08,SI1610,19.83,19.93,19.57,19.63,291.0,,银1610,270.0,19.608,19.63
2016-09-09,SI1610,19.63,19.63,19.045,19.045,273.0,,银1610,274.0,19.299,19.045
2016-09-12,SI1610,19.115,19.15,18.77,19.095,331.0,,银1610,262.0,18.931,19.095
2016-09-13,SI1610,19.105,19.275,18.815,18.88,172.0,,银1610,268.0,18.904,18.88
2016-09-14,SI1610,18.88,19.105,18.835,18.965,153.0,,银1610,270.0,18.995,18.965
2016-09-15,SI1610,18.985,19.185,18.805,19.015,203.0,,银1610,282.0,18.97,19.015
2016-09-16,SI1610,18.96,18.98,18.685,18.775,398.0,,银1610,276.0,18.792,18.775
2016-09-19,SI1610,19.125,19.27,19.11,19.22,97.0,,银1610,291.0,19.219,19.22
2016-09-20,SI1610,19.2,19.27,19.1,19.24,106.0,,银1610,290.0,19.206,19.24
2016-09-21,SI1610,19.28,19.87,19.2,19.845,287.0,,银1610,352.0,19.697,19.845
2016-09-22,SI1610,19.86,20.055,19.75,20.04,252.0,,银1610,433.0,20.026,20.04
2016-09-23,SI1610,19.85,19.9,19.59,19.635,82.0,,银1610,429.0,19.739,19.635
2016-09-26,SI1610,19.72,19.72,19.46,19.52,170.0,,银1610,430.0,19.522,19.52
2016-09-27,SI1610,19.43,19.5,18.99,19.135,115.0,,银1610,412.0,19.091,19.135
2016-09-28,SI1610,19.01,19.14,19.01,19.14,56.0,,银1610,475.0,19.048,19.14
2016-09-29,SI1610,19.225,19.225,19.01,19.045,94.0,,银1610,474.0,19.115,19.045
2016-09-30,SI1610,19.4,19.6,19.15,19.17,70.0,,银1610,437.0,19.139,19.17
2016-10-03,SI1610,18.87,19.15,18.8,18.8,13.0,,银1610,202.0,18.795,18.8
2016-10-04,SI1610,18.5,18.5,18.0,18.0,160.0,,银1610,196.0,17.713,18.0
2016-10-05,SI1610,17.85,17.85,17.605,17.65,19.0,,银1610,97.0,17.634,17.65
2016-10-06,SI1610,17.735,17.765,17.28,17.28,16.0,,银1610,85.0,17.288,17.28
2016-10-07,SI1610,17.245,17.52,17.195,17.52,69.0,,银1610,96.0,17.324,17.52
2016-10-10,SI1610,17.685,17.685,17.655,17.655,3.0,,银1610,111.0,17.605,17.655
2016-10-11,SI1610,17.65,17.65,17.65,17.65,5.0,,银1610,112.0,17.456,17.65
2016-10-12,SI1610,17.5,17.5,17.5,17.5,11.0,,银1610,114.0,17.455,17.5
2016-10-13,SI1610,17.44,17.6,17.435,17.45,9.0,,银1610,116.0,17.41,17.45
2016-10-14,SI1610,17.345,17.435,17.33,17.36,32.0,,银1610,121.0,17.393,17.36
2016-10-17,SI1610,17.415,17.415,17.415,17.415,13.0,,银1610,147.0,17.426,17.415
2016-10-18,SI1610,17.65,17.65,17.495,17.59,21.0,,银1610,150.0,17.591,17.59
2016-10-19,SI1610,17.585,17.71,17.585,17.655,9.0,,银1610,163.0,17.616,17.655
2016-10-20,SI1610,17.685,17.685,17.425,17.425,17.0,,银1610,168.0,17.502,17.425
2016-10-21,SI1610,,,,17.448,0.0,,银1610,96.0,17.448,17.448
2016-10-24,SI1610,,,,17.562,0.0,,银1610,89.0,17.562,17.562
2016-10-25,SI1610,17.63,17.66,17.63,17.66,12.0,,银1610,41.0,17.736,17.66
2016-10-26,SI1610,17.655,17.655,17.655,17.655,6.0,,银1610,36.0,17.585,17.655
2016-10-27,SI1610,17.59,17.59,17.59,17.59,17.0,,银1610,41.0,17.604,17.59
