date,symbol,open,high,low,close,volume,amount,name,openinterest,settleprice,price
2015-11-30,SI1602,14.085,14.085,14.055,14.055,7.0,,银1602,0.0,14.072,14.055
2015-12-01,SI1602,,,,14.073,6.0,,银1602,7.0,14.073,14.073
2015-12-02,SI1602,14.01,14.01,13.935,13.935,2.0,,银1602,7.0,13.992,13.935
2015-12-03,SI1602,14.015,14.07,13.965,14.04,30.0,,银1602,6.0,14.064,14.04
2015-12-04,SI1602,14.395,14.55,14.395,14.5,20.0,,银1602,5.0,14.515,14.5
2015-12-07,SI1602,14.51,14.51,14.23,14.23,3.0,,银1602,5.0,14.319,14.23
2015-12-08,SI1602,14.1,14.1,14.1,14.1,1.0,,银1602,6.0,14.104,14.1
2015-12-09,SI1602,14.15,14.15,14.15,14.15,2.0,,银1602,7.0,14.178,14.15
2015-12-10,SI1602,,,,14.099,7.0,,银1602,6.0,14.099,14.099
2015-12-11,SI1602,13.9,13.9,13.785,13.89,20.0,,银1602,7.0,13.873,13.89
2015-12-14,SI1602,13.93,13.93,13.66,13.715,32.0,,银1602,14.0,13.685,13.715
2015-12-15,SI1602,,,,13.759,0.0,,银1602,18.0,13.759,13.759
2015-12-16,SI1602,13.76,14.165,13.76,14.145,20.0,,银1602,18.0,14.233,14.145
2015-12-17,SI1602,,,,13.688,6.0,,银1602,14.0,13.688,13.688
2015-12-18,SI1602,14.075,14.1,14.07,14.085,29.0,,银1602,16.0,14.081,14.085
2015-12-21,SI1602,14.115,14.3,14.115,14.3,4.0,,银1602,13.0,14.301,14.3
2015-12-22,SI1602,14.34,14.345,14.245,14.25,8.0,,银1602,10.0,14.3,14.25
2015-12-23,SI1602,14.265,14.295,14.265,14.285,29.0,,银1602,11.0,14.273,14.285
2015-12-24,SI1602,14.36,14.38,14.35,14.35,18.0,,银1602,27.0,14.365,14.35
2015-12-28,SI1602,14.245,14.26,13.85,13.9,45.0,,银1602,38.0,13.87,13.9
2015-12-29,SI1602,13.92,14.025,13.915,13.92,28.0,,银1602,54.0,13.914,13.92
2015-12-30,SI1602,13.77,13.93,13.77,13.82,10.0,,银1602,52.0,13.828,13.82
2015-12-31,SI1602,13.84,13.905,13.795,13.795,10.0,,银1602,53.0,13.789,13.795
2016-01-04,SI1602,13.88,14.16,13.82,13.82,44.0,,银1602,59.0,13.829,13.82
2016-01-05,SI1602,13.875,14.025,13.875,13.975,27.0,,银1602,53.0,13.961,13.975
2016-01-06,SI1602,13.93,14.065,13.89,13.95,26.0,,银1602,58.0,13.967,13.95
2016-01-07,SI1602,13.965,14.345,13.96,14.285,82.0,,银1602,56.0,14.335,14.285
2016-01-08,SI1602,14.27,14.27,13.895,13.915,74.0,,银1602,54.0,13.908,13.915
2016-01-11,SI1602,13.965,14.045,13.825,13.825,151.0,,银1602,65.0,13.855,13.825
2016-01-12,SI1602,13.855,13.865,13.735,13.78,67.0,,银1602,64.0,13.74,13.78
2016-01-13,SI1602,13.78,14.18,13.78,14.16,57.0,,银1602,72.0,14.145,14.16
2016-01-14,SI1602,14.11,14.115,13.78,13.78,36.0,,银1602,60.0,13.737,13.78
2016-01-15,SI1602,13.82,14.07,13.815,13.88,62.0,,银1602,54.0,13.884,13.88
2016-01-19,SI1602,13.83,14.145,13.83,14.08,160.0,,银1602,50.0,14.11,14.08
2016-01-20,SI1602,14.1,14.2,14.075,14.17,92.0,,银1602,58.0,14.147,14.17
2016-01-21,SI1602,14.145,14.18,13.915,14.12,98.0,,银1602,85.0,14.083,14.12
2016-01-22,SI1602,14.06,14.34,14.04,14.04,44.0,,银1602,78.0,14.043,14.04
2016-01-25,SI1602,14.035,14.34,14.035,14.215,28.0,,银1602,86.0,14.24,14.215
2016-01-26,SI1602,14.28,14.53,14.275,14.51,113.0,,银1602,80.0,14.544,14.51
2016-01-27,SI1602,14.525,14.525,14.44,14.44,53.0,,银1602,121.0,14.44,14.44
2016-01-28,SI1602,14.355,14.355,14.215,14.215,27.0,,银1602,110.0,14.216,14.215
2016-01-29,SI1602,14.265,14.265,14.265,14.265,27.0,,银1602,103.0,14.229,14.265
2016-02-01,SI1602,14.245,14.37,14.235,14.37,9.0,,银1602,111.0,14.329,14.37
2016-02-02,SI1602,14.26,14.26,14.255,14.255,2.0,,银1602,108.0,14.276,14.255
2016-02-03,SI1602,14.4,14.775,14.4,14.775,47.0,,银1602,108.0,14.72,14.775
2016-02-04,SI1602,14.765,14.9,14.735,14.9,23.0,,银1602,119.0,14.836,14.9
2016-02-05,SI1602,14.86,14.9,14.725,14.725,7.0,,银1602,137.0,14.764,14.725
2016-02-08,SI1602,14.91,15.42,14.91,15.42,62.0,,银1602,140.0,15.416,15.42
2016-02-09,SI1602,15.39,15.395,15.34,15.365,18.0,,银1602,140.0,15.444,15.365
2016-02-10,SI1602,15.3,15.3,15.3,15.3,3.0,,银1602,20.0,15.277,15.3
2016-02-11,SI1602,15.3,15.785,15.3,15.74,58.0,,银1602,18.0,15.789,15.74
2016-02-12,SI1602,15.73,15.73,15.73,15.73,2.0,,银1602,47.0,15.785,15.73
2016-02-16,SI1602,15.385,15.385,15.385,15.385,7.0,,银1602,7.0,15.329,15.385
2016-02-17,SI1602,,,,15.372,0.0,,银1602,4.0,15.372,15.372
2016-02-18,SI1602,,,,15.427,0.0,,银1602,1.0,15.427,15.427
2016-02-19,SI1602,,,,15.368,0.0,,银1602,1.0,15.368,15.368
2016-02-22,SI1602,,,,15.179,1.0,,银1602,1.0,15.179,15.179
2016-02-23,SI1602,,,,15.235,0.0,,银1602,1.0,15.235,15.235
2016-02-24,SI1602,,,,15.292,0.0,,银1602,1.0,15.292,15.292
2016-02-25,SI1602,15.185,15.185,15.185,15.185,1.0,,银1602,0.0,15.165,15.185
