date,symbol,open,high,low,close,volume,amount,name,openinterest,settleprice,price
2016-05-31,SI1608,16.085,16.1,16.085,16.1,26.0,,银1608,0.0,16.018,16.1
2016-06-01,SI1608,,,,15.952,0.0,,银1608,3.0,15.952,15.952
2016-06-02,SI1608,16.025,16.05,15.98,16.05,22.0,,银1608,3.0,16.05,16.05
2016-06-03,SI1608,16.12,16.435,16.12,16.38,11.0,,银1608,5.0,16.39,16.38
2016-06-06,SI1608,16.47,16.485,16.43,16.485,7.0,,银1608,9.0,16.472,16.485
2016-06-07,SI1608,16.36,16.475,16.36,16.475,11.0,,银1608,13.0,16.419,16.475
2016-06-08,SI1608,16.865,17.075,16.865,17.075,17.0,,银1608,19.0,17.009,17.075
2016-06-09,SI1608,17.02,17.31,17.02,17.31,32.0,,银1608,23.0,17.293,17.31
2016-06-10,SI1608,17.35,17.4,17.35,17.4,20.0,,银1608,39.0,17.355,17.4
2016-06-13,SI1608,17.165,17.47,17.16,17.47,77.0,,银1608,53.0,17.468,17.47
2016-06-14,SI1608,17.4,17.46,17.37,17.37,27.0,,银1608,51.0,17.449,17.37
2016-06-15,SI1608,17.39,17.54,17.39,17.525,143.0,,银1608,52.0,17.525,17.525
2016-06-16,SI1608,17.61,17.905,17.245,17.245,163.0,,银1608,69.0,17.631,17.245
2016-06-17,SI1608,17.3,17.525,17.29,17.525,390.0,,银1608,81.0,17.435,17.525
2016-06-20,SI1608,17.395,17.595,17.37,17.53,454.0,,银1608,191.0,17.539,17.53
2016-06-21,SI1608,17.53,17.53,17.26,17.31,209.0,,银1608,242.0,17.344,17.31
2016-06-22,SI1608,17.31,17.325,17.24,17.295,30.0,,银1608,296.0,17.337,17.295
2016-06-23,SI1608,17.255,17.45,17.255,17.355,140.0,,银1608,304.0,17.379,17.355
2016-06-24,SI1608,17.21,18.155,17.21,17.78,356.0,,银1608,300.0,17.813,17.78
2016-06-27,SI1608,17.82,17.925,17.72,17.81,251.0,,银1608,313.0,17.766,17.81
2016-06-28,SI1608,17.81,17.875,17.665,17.82,311.0,,银1608,310.0,17.868,17.82
2016-06-29,SI1608,17.825,18.505,17.825,18.35,393.0,,银1608,352.0,18.382,18.35
2016-06-30,SI1608,18.32,18.855,18.29,18.84,285.0,,银1608,367.0,18.601,18.84
2016-07-01,SI1608,18.825,19.95,18.78,19.78,371.0,,银1608,379.0,19.567,19.78
2016-07-05,SI1608,19.8,21.125,19.62,19.995,885.0,,银1608,393.0,19.881,19.995
2016-07-06,SI1608,20.03,20.5,19.945,20.15,328.0,,银1608,395.0,20.174,20.15
2016-07-07,SI1608,20.12,20.3,19.52,19.735,163.0,,银1608,413.0,19.812,19.735
2016-07-08,SI1608,19.78,20.32,19.255,20.32,274.0,,银1608,410.0,20.07,20.32
2016-07-11,SI1608,20.405,20.705,20.175,20.315,214.0,,银1608,465.0,20.275,20.315
2016-07-12,SI1608,20.3,20.535,20.01,20.22,324.0,,银1608,476.0,20.142,20.22
2016-07-13,SI1608,20.215,20.48,19.95,20.44,383.0,,银1608,545.0,20.383,20.44
2016-07-14,SI1608,20.415,20.465,20.09,20.27,280.0,,银1608,490.0,20.294,20.27
2016-07-15,SI1608,20.36,20.36,20.08,20.245,241.0,,银1608,508.0,20.138,20.245
2016-07-18,SI1608,20.21,20.25,19.785,20.1,237.0,,银1608,490.0,20.051,20.1
2016-07-19,SI1608,20.05,20.055,19.855,19.93,104.0,,银1608,467.0,19.982,19.93
2016-07-20,SI1608,19.97,19.97,19.42,19.42,390.0,,银1608,477.0,19.588,19.42
2016-07-21,SI1608,19.3,19.88,19.28,19.85,223.0,,银1608,467.0,19.786,19.85
2016-07-22,SI1608,19.87,19.93,19.64,19.665,305.0,,银1608,467.0,19.663,19.665
2016-07-25,SI1608,19.64,19.715,19.34,19.555,70.0,,银1608,467.0,19.621,19.555
2016-07-26,SI1608,19.62,19.715,19.62,19.66,216.0,,银1608,456.0,19.653,19.66
2016-07-27,SI1608,19.645,20.395,19.605,20.39,124.0,,银1608,439.0,19.963,20.39
2016-07-28,SI1608,20.29,20.5,20.205,20.205,23.0,,银1608,424.0,20.16,20.205
2016-07-29,SI1608,20.2,20.3,20.07,20.07,90.0,,银1608,415.0,20.312,20.07
2016-08-01,SI1608,20.51,20.655,20.495,20.495,19.0,,银1608,416.0,20.465,20.495
2016-08-02,SI1608,20.405,20.75,20.405,20.75,32.0,,银1608,405.0,20.666,20.75
2016-08-03,SI1608,20.625,20.645,20.405,20.405,22.0,,银1608,303.0,20.436,20.405
2016-08-04,SI1608,20.395,20.42,20.1,20.42,28.0,,银1608,289.0,20.406,20.42
2016-08-05,SI1608,20.27,20.27,20.27,20.27,10.0,,银1608,296.0,19.78,20.27
2016-08-08,SI1608,19.69,19.84,19.68,19.81,29.0,,银1608,240.0,19.768,19.81
2016-08-09,SI1608,,,,19.814,9.0,,银1608,249.0,19.814,19.814
2016-08-10,SI1608,20.195,20.355,20.185,20.185,10.0,,银1608,190.0,20.134,20.185
2016-08-11,SI1608,,,,19.984,0.0,,银1608,190.0,19.984,19.984
2016-08-12,SI1608,19.71,19.73,19.71,19.73,10.0,,银1608,190.0,19.672,19.73
2016-08-15,SI1608,,,,19.821,1.0,,银1608,199.0,19.821,19.821
2016-08-16,SI1608,19.95,20.065,19.92,20.055,27.0,,银1608,198.0,19.848,20.055
2016-08-17,SI1608,19.695,19.695,19.695,19.695,1.0,,银1608,203.0,19.627,19.695
2016-08-18,SI1608,19.83,19.85,19.76,19.765,12.0,,银1608,84.0,19.72,19.765
2016-08-19,SI1608,19.365,19.365,19.365,19.365,2.0,,银1608,94.0,19.301,19.365
2016-08-22,SI1608,18.855,18.95,18.845,18.845,24.0,,银1608,16.0,18.843,18.845
2016-08-23,SI1608,18.925,18.925,18.925,18.925,26.0,,银1608,15.0,18.91,18.925
2016-08-24,SI1608,18.82,18.82,18.54,18.54,13.0,,银1608,16.0,18.545,18.54
2016-08-25,SI1608,18.505,18.505,18.505,18.505,3.0,,银1608,16.0,18.478,18.505
2016-08-26,SI1608,18.695,18.695,18.595,18.595,4.0,,银1608,5.0,18.645,18.595
2016-08-29,SI1608,,,,18.762,0.0,,银1608,5.0,18.762,18.762
