date,symbol,open,high,low,close,volume,amount,name,openinterest,settleprice,price
2016-08-30,SI1611,,,,18.642,0.0,,银1611,0.0,18.642,18.642
2016-08-31,SI1611,18.66,18.67,18.66,18.67,16.0,,银1611,0.0,18.675,18.67
2016-09-01,SI1611,18.905,18.91,18.905,18.91,16.0,,银1611,6.0,18.91,18.91
2016-09-02,SI1611,19.245,19.435,19.185,19.415,93.0,,银1611,15.0,19.329,19.415
2016-09-06,SI1611,19.45,20.1,19.4,20.1,40.0,,银1611,22.0,20.098,20.1
2016-09-07,SI1611,19.975,19.975,19.8,19.8,101.0,,银1611,29.0,19.807,19.8
2016-09-08,SI1611,19.64,19.64,19.625,19.625,122.0,,银1611,74.0,19.638,19.625
2016-09-09,SI1611,19.62,19.62,19.07,19.07,14.0,,银1611,131.0,19.329,19.07
2016-09-12,SI1611,19.1,19.1,18.79,18.79,52.0,,银1611,141.0,18.961,18.79
2016-09-13,SI1611,19.135,19.135,18.855,18.92,10.0,,银1611,145.0,18.935,18.92
2016-09-14,SI1611,,,,19.026,0.0,,银1611,143.0,19.026,19.026
2016-09-15,SI1611,18.94,19.1,18.94,19.045,52.0,,银1611,143.0,19.001,19.045
2016-09-16,SI1611,18.965,18.965,18.73,18.815,30.0,,银1611,145.0,18.823,18.815
2016-09-19,SI1611,19.12,19.3,19.12,19.215,18.0,,银1611,150.0,19.251,19.215
2016-09-20,SI1611,19.24,19.27,19.13,19.265,31.0,,银1611,151.0,19.238,19.265
2016-09-21,SI1611,19.145,19.885,19.145,19.85,111.0,,银1611,159.0,19.729,19.85
2016-09-22,SI1611,19.85,20.085,19.755,19.935,160.0,,银1611,177.0,20.059,19.935
2016-09-23,SI1611,19.81,19.865,19.63,19.7,45.0,,银1611,244.0,19.771,19.7
2016-09-26,SI1611,19.55,19.63,19.45,19.565,109.0,,银1611,252.0,19.557,19.565
2016-09-27,SI1611,19.43,19.56,19.09,19.125,96.0,,银1611,340.0,19.126,19.125
2016-09-28,SI1611,19.09,19.205,18.975,19.195,92.0,,银1611,372.0,19.082,19.195
2016-09-29,SI1611,19.235,19.37,19.045,19.1,75.0,,银1611,389.0,19.149,19.1
2016-09-30,SI1611,19.135,19.64,19.135,19.195,69.0,,银1611,395.0,19.175,19.195
2016-10-03,SI1611,19.085,19.13,18.755,18.805,31.0,,银1611,399.0,18.829,18.805
2016-10-04,SI1611,18.765,18.815,17.73,17.77,156.0,,银1611,400.0,17.741,17.77
2016-10-05,SI1611,17.93,17.985,17.585,17.82,90.0,,银1611,359.0,17.662,17.82
2016-10-06,SI1611,17.78,17.78,17.12,17.285,95.0,,银1611,358.0,17.315,17.285
2016-10-07,SI1611,17.305,17.62,17.11,17.49,112.0,,银1611,365.0,17.35,17.49
2016-10-10,SI1611,17.6,17.78,17.6,17.655,184.0,,银1611,353.0,17.631,17.655
2016-10-11,SI1611,17.695,17.77,17.445,17.46,50.0,,银1611,344.0,17.481,17.46
2016-10-12,SI1611,17.5,17.575,17.42,17.53,76.0,,银1611,341.0,17.477,17.53
2016-10-13,SI1611,17.59,17.62,17.42,17.49,142.0,,银1611,341.0,17.43,17.49
2016-10-14,SI1611,17.485,17.495,17.355,17.45,34.0,,银1611,333.0,17.413,17.45
2016-10-17,SI1611,17.42,17.455,17.345,17.425,69.0,,银1611,329.0,17.446,17.425
2016-10-18,SI1611,17.585,17.68,17.5,17.585,56.0,,银1611,330.0,17.607,17.585
2016-10-19,SI1611,17.67,17.685,17.555,17.655,15.0,,银1611,329.0,17.632,17.655
2016-10-20,SI1611,17.68,17.69,17.425,17.495,55.0,,银1611,328.0,17.518,17.495
2016-10-21,SI1611,17.405,17.51,17.37,17.51,19.0,,银1611,327.0,17.462,17.51
2016-10-24,SI1611,17.505,17.85,17.505,17.58,72.0,,银1611,324.0,17.573,17.58
2016-10-25,SI1611,17.52,17.79,17.485,17.73,77.0,,银1611,333.0,17.747,17.73
2016-10-26,SI1611,17.8,17.8,17.545,17.585,88.0,,银1611,329.0,17.593,17.585
2016-10-27,SI1611,17.585,17.67,17.56,17.565,33.0,,银1611,340.0,17.606,17.565
2016-10-28,SI1611,17.625,17.855,17.605,17.77,38.0,,银1611,334.0,17.762,17.77
2016-10-31,SI1611,17.81,17.81,17.805,17.805,4.0,,银1611,346.0,17.762,17.805
2016-11-01,SI1611,18.0,18.45,18.0,18.42,50.0,,银1611,9.0,18.385,18.42
2016-11-02,SI1611,18.33,18.6,18.33,18.6,14.0,,银1611,51.0,18.66,18.6
2016-11-03,SI1611,18.33,18.33,18.33,18.33,4.0,,银1611,46.0,18.383,18.33
2016-11-04,SI1611,18.37,18.37,18.37,18.37,10.0,,银1611,47.0,18.342,18.37
2016-11-07,SI1611,18.15,18.195,18.15,18.175,10.0,,银1611,55.0,18.124,18.175
2016-11-08,SI1611,18.3,18.7,18.3,18.35,21.0,,银1611,61.0,18.33,18.35
2016-11-09,SI1611,18.77,18.8,18.405,18.405,19.0,,银1611,79.0,18.357,18.405
2016-11-10,SI1611,18.475,18.475,18.46,18.46,4.0,,银1611,94.0,18.716,18.46
2016-11-11,SI1611,18.705,18.8,17.335,17.335,29.0,,银1611,94.0,17.364,17.335
2016-11-14,SI1611,17.46,17.46,16.805,16.815,22.0,,银1611,113.0,16.877,16.815
2016-11-15,SI1611,17.05,17.05,17.05,17.05,1.0,,银1611,112.0,17.029,17.05
2016-11-16,SI1611,16.925,16.925,16.925,16.925,1.0,,银1611,1.0,16.914,16.925
2016-11-17,SI1611,,,,16.761,0.0,,银1611,1.0,16.761,16.761
2016-11-18,SI1611,,,,16.613,0.0,,银1611,1.0,16.613,16.613
2016-11-21,SI1611,16.55,16.55,16.55,16.55,3.0,,银1611,1.0,16.512,16.55
2016-11-22,SI1611,,,,16.623,0.0,,银1611,4.0,16.623,16.623
2016-11-23,SI1611,16.255,16.26,16.255,16.26,2.0,,银1611,1.0,16.383,16.26
2016-11-25,SI1611,16.54,16.54,16.54,16.54,1.0,,银1611,1.0,16.464,16.54
2016-11-28,SI1611,,,,16.578,0.0,,银1611,1.0,16.578,16.578
