date,symbol,open,high,low,close,volume,amount,name,openinterest,settleprice,price
2017-01-30,SI1704,,,,17.185,0.0,,银1704,0.0,17.185,17.185
2017-01-31,SI1704,17.535,17.65,17.505,17.505,12.0,,银1704,5.0,17.577,17.505
2017-02-01,SI1704,17.625,17.625,17.475,17.6,23.0,,银1704,12.0,17.484,17.6
2017-02-02,SI1704,17.645,17.75,17.48,17.485,528.0,,银1704,259.0,17.463,17.485
2017-02-03,SI1704,17.46,17.575,17.345,17.495,20.0,,银1704,262.0,17.513,17.495
2017-02-06,SI1704,17.605,17.74,17.605,17.74,185.0,,银1704,360.0,17.727,17.74
2017-02-07,SI1704,17.7,17.815,17.615,17.815,15.0,,银1704,360.0,17.791,17.815
2017-02-08,SI1704,17.755,17.84,17.75,17.815,71.0,,银1704,362.0,17.74,17.815
2017-02-09,SI1704,17.8,17.855,17.655,17.71,56.0,,银1704,365.0,17.774,17.71
2017-02-10,SI1704,17.62,18.005,17.61,17.97,275.0,,银1704,481.0,17.965,17.97
2017-02-13,SI1704,17.965,17.985,17.79,17.87,18.0,,银1704,488.0,17.854,17.87
2017-02-14,SI1704,17.875,18.11,17.78,17.995,404.0,,银1704,692.0,17.924,17.995
2017-02-15,SI1704,17.99,18.005,17.79,18.005,149.0,,银1704,691.0,17.999,18.005
2017-02-16,SI1704,18.01,18.125,17.995,18.12,186.0,,银1704,701.0,18.113,18.12
2017-02-17,SI1704,18.105,18.105,18.015,18.06,86.0,,银1704,743.0,18.069,18.06
2017-02-21,SI1704,18.02,18.1,17.86,18.03,131.0,,银1704,750.0,18.04,18.03
2017-02-22,SI1704,18.01,18.03,17.965,17.985,579.0,,银1704,828.0,17.981,17.985
2017-02-23,SI1704,17.98,18.23,17.98,18.205,310.0,,银1704,869.0,18.153,18.205
2017-02-24,SI1704,18.185,18.42,18.185,18.375,363.0,,银1704,923.0,18.375,18.375
2017-02-27,SI1704,18.35,18.51,18.25,18.25,392.0,,银1704,940.0,18.387,18.25
2017-02-28,SI1704,18.31,18.475,18.265,18.315,197.0,,银1704,953.0,18.444,18.315
2017-03-01,SI1704,18.315,18.48,18.26,18.425,396.0,,银1704,991.0,18.465,18.425
2017-03-02,SI1704,18.4,18.42,17.7,17.765,280.0,,银1704,978.0,17.727,17.765
2017-03-03,SI1704,17.795,17.98,17.65,17.96,234.0,,银1704,957.0,17.719,17.96
2017-03-06,SI1704,17.925,17.94,17.745,17.775,244.0,,银1704,915.0,17.747,17.775
2017-03-07,SI1704,17.79,17.79,17.48,17.495,220.0,,银1704,925.0,17.51,17.495
2017-03-08,SI1704,17.5,17.515,17.215,17.23,284.0,,银1704,978.0,17.27,17.23
2017-03-09,SI1704,17.205,17.265,16.94,16.945,363.0,,银1704,987.0,17.005,16.945
2017-03-10,SI1704,16.915,17.065,16.845,16.995,311.0,,银1704,991.0,16.891,16.995
2017-03-13,SI1704,16.965,17.11,16.94,16.945,52.0,,银1704,990.0,16.94,16.945
2017-03-14,SI1704,16.975,16.99,16.85,16.86,42.0,,银1704,994.0,16.892,16.86
2017-03-15,SI1704,16.85,17.32,16.815,17.315,101.0,,银1704,994.0,16.892,17.315
2017-03-16,SI1704,17.285,17.515,17.225,17.3,164.0,,银1704,1005.0,17.3,17.3
2017-03-17,SI1704,17.31,17.395,17.265,17.36,40.0,,银1704,1003.0,17.383,17.36
2017-03-20,SI1704,17.37,17.435,17.345,17.4,37.0,,银1704,1009.0,17.407,17.4
2017-03-21,SI1704,17.41,17.57,17.325,17.515,190.0,,银1704,936.0,17.551,17.515
2017-03-22,SI1704,17.485,17.565,17.465,17.545,50.0,,银1704,939.0,17.546,17.545
2017-03-23,SI1704,17.525,17.66,17.5,17.545,131.0,,银1704,944.0,17.561,17.545
2017-03-24,SI1704,17.55,17.76,17.55,17.72,137.0,,银1704,952.0,17.715,17.72
2017-03-27,SI1704,17.805,18.12,17.805,18.095,129.0,,银1704,950.0,18.075,18.095
2017-03-28,SI1704,18.02,18.215,18.02,18.125,460.0,,银1704,775.0,18.231,18.125
2017-03-29,SI1704,18.13,18.25,18.045,18.25,56.0,,银1704,737.0,18.231,18.25
2017-03-30,SI1704,18.16,18.25,18.16,18.25,61.0,,银1704,735.0,18.185,18.25
2017-03-31,SI1704,18.12,18.12,18.115,18.115,19.0,,银1704,474.0,18.235,18.115
2017-04-03,SI1704,18.22,18.22,18.2,18.205,24.0,,银1704,472.0,18.191,18.205
2017-04-04,SI1704,,,,18.302,10.0,,银1704,405.0,18.302,18.302
2017-04-05,SI1704,18.215,18.215,18.165,18.17,33.0,,银1704,246.0,18.166,18.17
2017-04-06,SI1704,18.17,18.17,18.17,18.17,139.0,,银1704,265.0,18.225,18.17
2017-04-07,SI1704,18.35,18.425,18.35,18.42,9.0,,银1704,153.0,18.13,18.42
2017-04-10,SI1704,17.82,17.83,17.75,17.775,57.0,,银1704,161.0,17.894,17.775
2017-04-11,SI1704,18.04,18.29,18.04,18.28,24.0,,银1704,65.0,18.233,18.28
2017-04-12,SI1704,18.32,18.39,18.32,18.39,137.0,,银1704,199.0,18.279,18.39
2017-04-13,SI1704,18.475,18.5,18.47,18.5,7.0,,银1704,80.0,18.489,18.5
2017-04-17,SI1704,18.43,18.435,18.43,18.435,7.0,,银1704,86.0,18.493,18.435
2017-04-18,SI1704,,,,18.26,0.0,,银1704,86.0,18.251,18.26
2017-04-19,SI1704,,,,18.136,67.0,,银1704,62.0,18.136,18.136
2017-04-20,SI1704,,,,17.992,0.0,,银1704,0.0,17.992,17.992
2017-04-21,SI1704,17.985,17.99,17.855,17.875,35.0,,银1704,25.0,17.83,17.875
2017-04-24,SI1704,,,,17.848,0.0,,银1704,11.0,17.848,17.848
2017-04-25,SI1704,17.575,17.575,17.56,17.57,29.0,,银1704,36.0,17.581,17.57
2017-04-26,SI1704,,,,17.353,0.0,,银1704,8.0,17.353,17.353
