date,symbol,open,high,low,close,volume,amount,name,openinterest,settleprice,price
2004-03-15,ZC0509,280.0,284.0,279.5,281.0,165.0,,玉米0509,,281.0,281.0
2004-03-16,ZC0509,279.5,280.5,278.0,279.0,237.0,,玉米0509,86.0,279.0,279.0
2004-03-17,ZC0509,277.0,277.5,276.0,276.75,52.0,,玉米0509,315.0,276.75,276.75
2004-03-18,ZC0509,276.5,279.75,276.5,279.75,79.0,,玉米0509,344.0,279.75,279.75
2004-03-19,ZC0509,279.5,280.0,279.0,280.0,162.0,,玉米0509,405.0,280.0,280.0
2004-03-22,ZC0509,280.0,281.0,280.0,281.0,108.0,,玉米0509,476.0,281.0,281.0
2004-03-23,ZC0509,280.0,280.0,279.5,280.0,3.0,,玉米0509,574.0,280.0,280.0
2004-03-24,ZC0509,280.0,280.0,278.5,280.0,14.0,,玉米0509,577.0,280.0,280.0
2004-03-25,ZC0509,280.0,280.0,279.0,279.0,41.0,,玉米0509,582.0,279.0,279.0
2004-03-26,ZC0509,278.0,278.0,277.0,277.5,1.0,,玉米0509,600.0,277.5,277.5
2004-03-29,ZC0509,277.0,277.5,277.0,277.5,10.0,,玉米0509,599.0,277.5,277.5
2004-03-30,ZC0509,276.5,278.5,276.0,278.5,17.0,,玉米0509,596.0,278.5,278.5
2004-03-31,ZC0509,280.0,282.0,279.0,281.0,205.0,,玉米0509,603.0,281.0,281.0
2004-04-01,ZC0509,285.0,286.0,284.5,285.5,82.0,,玉米0509,714.0,285.5,285.5
2004-04-02,ZC0509,286.0,288.0,286.0,288.0,122.0,,玉米0509,780.0,288.0,288.0
2004-04-05,ZC0509,289.5,293.0,289.0,293.0,224.0,,玉米0509,833.0,293.0,293.0
2004-04-06,ZC0509,293.0,293.0,292.0,292.5,59.0,,玉米0509,932.0,292.5,292.5
2004-04-07,ZC0509,294.0,295.5,294.0,295.0,90.0,,玉米0509,973.0,295.0,295.0
2004-04-08,ZC0509,296.0,296.75,296.0,296.75,43.0,,玉米0509,1032.0,296.75,296.75
2004-04-12,ZC0509,295.0,295.5,292.0,292.5,30.0,,玉米0509,,292.5,292.5
2004-04-13,ZC0509,291.0,291.0,287.5,287.5,37.0,,玉米0509,1096.0,287.5,287.5
2004-04-14,ZC0509,287.0,290.0,287.0,289.5,37.0,,玉米0509,1072.0,289.5,289.5
2004-04-15,ZC0509,289.0,289.5,285.0,285.25,82.0,,玉米0509,1077.0,285.25,285.25
2004-04-16,ZC0509,288.0,289.0,285.0,288.5,34.0,,玉米0509,1080.0,288.5,288.5
2004-04-19,ZC0509,289.0,290.5,288.0,290.25,22.0,,玉米0509,1087.0,290.25,290.25
2004-04-20,ZC0509,287.0,289.75,287.0,288.5,30.0,,玉米0509,1097.0,288.5,288.5
2004-04-21,ZC0509,288.0,288.0,284.5,285.5,50.0,,玉米0509,1103.0,285.5,285.5
2004-04-22,ZC0509,286.0,288.0,286.0,287.5,7.0,,玉米0509,1098.0,287.5,287.5
2004-04-23,ZC0509,288.25,288.25,287.0,287.75,21.0,,玉米0509,1096.0,287.75,287.75
2004-04-26,ZC0509,286.5,287.25,285.0,287.25,51.0,,玉米0509,1097.0,287.25,287.25
2004-04-27,ZC0509,288.5,290.0,288.5,290.0,84.0,,玉米0509,1108.0,290.0,290.0
2004-04-28,ZC0509,288.5,288.5,286.0,287.75,29.0,,玉米0509,1124.0,287.75,287.75
2004-04-29,ZC0509,287.0,288.0,285.75,288.0,25.0,,玉米0509,1123.0,288.0,288.0
2004-04-30,ZC0509,288.0,291.0,288.0,290.5,54.0,,玉米0509,1121.0,290.5,290.5
2004-05-03,ZC0509,291.5,292.5,291.0,292.0,33.0,,玉米0509,1161.0,292.0,292.0
2004-05-04,ZC0509,291.0,292.0,289.5,291.5,44.0,,玉米0509,1179.0,291.5,291.5
2004-05-05,ZC0509,290.5,290.5,289.5,290.5,20.0,,玉米0509,1211.0,290.5,290.5
2004-05-06,ZC0509,288.0,289.5,287.5,289.5,35.0,,玉米0509,1225.0,289.5,289.5
2004-05-07,ZC0509,289.0,290.0,286.5,290.0,86.0,,玉米0509,1225.0,290.0,290.0
2004-05-10,ZC0509,287.0,288.0,285.0,287.5,76.0,,玉米0509,1229.0,287.5,287.5
2004-05-11,ZC0509,288.0,288.0,285.5,287.0,259.0,,玉米0509,1231.0,287.0,287.0
2004-05-12,ZC0509,287.5,288.0,286.0,287.5,35.0,,玉米0509,1358.0,287.5,287.5
2004-05-13,ZC0509,287.0,287.5,283.0,284.0,45.0,,玉米0509,1374.0,284.0,284.0
2004-05-14,ZC0509,284.0,284.0,281.0,281.5,321.0,,玉米0509,1376.0,281.5,281.5
2004-05-17,ZC0509,282.0,282.5,281.5,282.0,71.0,,玉米0509,1435.0,282.0,282.0
2004-05-18,ZC0509,282.0,283.0,278.0,278.0,138.0,,玉米0509,1484.0,278.0,278.0
2004-05-19,ZC0509,283.0,283.0,279.0,279.75,34.0,,玉米0509,1526.0,279.75,279.75
2004-05-20,ZC0509,276.5,279.0,276.5,278.0,32.0,,玉米0509,1549.0,278.0,278.0
2004-05-21,ZC0509,277.0,278.0,276.5,277.5,6.0,,玉米0509,1575.0,277.5,277.5
2004-05-24,ZC0509,279.0,280.0,278.25,280.0,50.0,,玉米0509,1578.0,280.0,280.0
2004-05-25,ZC0509,281.5,285.0,281.0,284.0,14.0,,玉米0509,1601.0,284.0,284.0
2004-05-26,ZC0509,284.0,284.0,282.0,282.0,52.0,,玉米0509,1598.0,282.0,282.0
2004-05-27,ZC0509,284.0,284.0,281.0,281.0,49.0,,玉米0509,1647.0,281.0,281.0
2004-05-28,ZC0509,283.0,285.5,283.0,284.0,173.0,,玉米0509,1661.0,284.0,284.0
2004-06-01,ZC0509,292.0,299.0,292.0,298.75,186.0,,玉米0509,,298.75,298.75
2004-06-02,ZC0509,298.0,299.0,295.5,296.5,140.0,,玉米0509,1653.0,296.5,296.5
2004-06-03,ZC0509,293.0,294.0,293.0,293.0,34.0,,玉米0509,1747.0,293.0,293.0
2004-06-04,ZC0509,293.0,296.0,293.0,296.0,51.0,,玉米0509,1757.0,296.0,296.0
2004-06-07,ZC0509,292.0,293.0,290.0,291.0,29.0,,玉米0509,1765.0,291.0,291.0
2004-06-08,ZC0509,289.0,289.5,289.0,289.5,16.0,,玉米0509,1775.0,289.5,289.5
2004-06-09,ZC0509,289.0,289.5,289.0,289.5,63.0,,玉米0509,1781.0,289.5,289.5
2004-06-10,ZC0509,285.0,285.5,283.5,284.0,27.0,,玉米0509,1743.0,284.0,284.0
2004-06-11,ZC0509,,,,284.0,,,玉米0509,1757.0,284.0,284.0
2004-06-14,ZC0509,293.0,293.0,286.0,286.0,28.0,,玉米0509,1757.0,286.0,286.0
2004-06-15,ZC0509,284.5,284.5,283.0,283.0,9.0,,玉米0509,1776.0,283.0,283.0
2004-06-16,ZC0509,283.0,283.5,283.0,283.5,11.0,,玉米0509,1780.0,283.5,283.5
2004-06-17,ZC0509,281.0,281.0,279.0,281.0,66.0,,玉米0509,1783.0,281.0,281.0
2004-06-18,ZC0509,281.0,282.0,279.0,280.0,65.0,,玉米0509,1835.0,280.0,280.0
2004-06-21,ZC0509,278.0,281.5,277.5,281.5,99.0,,玉米0509,,281.5,281.5
2004-06-22,ZC0509,280.0,280.0,278.5,280.0,47.0,,玉米0509,1890.0,280.0,280.0
2004-06-23,ZC0509,280.0,283.25,279.0,282.0,197.0,,玉米0509,1893.0,282.0,282.0
2004-06-24,ZC0509,280.0,280.5,280.0,280.5,3.0,,玉米0509,1923.0,280.5,280.5
2004-06-25,ZC0509,280.5,283.75,280.5,283.5,92.0,,玉米0509,1921.0,283.5,283.5
2004-06-28,ZC0509,281.5,281.5,279.5,280.5,32.0,,玉米0509,1926.0,280.5,280.5
2004-06-29,ZC0509,281.0,281.5,278.5,278.75,115.0,,玉米0509,1933.0,278.75,278.75
2004-06-30,ZC0509,277.5,277.5,272.5,272.5,244.0,,玉米0509,1985.0,272.5,272.5
2004-07-01,ZC0509,273.0,273.0,271.0,272.0,60.0,,玉米0509,2102.0,272.0,272.0
2004-07-02,ZC0509,271.0,272.5,270.5,272.0,173.0,,玉米0509,2144.0,272.0,272.0
2004-07-06,ZC0509,270.25,272.0,269.0,269.0,143.0,,玉米0509,2195.0,269.0,269.0
2004-07-07,ZC0509,270.0,271.25,269.0,270.25,246.0,,玉米0509,2263.0,270.25,270.25
2004-07-08,ZC0509,269.5,269.5,267.0,267.25,167.0,,玉米0509,2371.0,267.25,267.25
2004-07-09,ZC0509,266.75,266.75,265.0,265.0,100.0,,玉米0509,2502.0,265.0,265.0
2004-07-12,ZC0509,263.0,267.0,263.0,267.0,197.0,,玉米0509,2534.0,267.0,267.0
2004-07-13,ZC0509,267.0,268.0,265.75,266.5,66.0,,玉米0509,2693.0,266.5,266.5
2004-07-14,ZC0509,268.0,269.0,267.0,267.5,107.0,,玉米0509,2718.0,267.5,267.5
2004-07-15,ZC0509,267.0,267.0,263.25,263.25,151.0,,玉米0509,2805.0,263.25,263.25
2004-07-16,ZC0509,263.5,265.0,262.5,263.0,142.0,,玉米0509,2864.0,263.0,263.0
2004-07-19,ZC0509,262.5,263.25,260.0,263.0,373.0,,玉米0509,2806.0,263.0,263.0
2004-07-20,ZC0509,262.5,263.0,260.0,260.25,596.0,,玉米0509,3058.0,260.25,260.25
2004-07-21,ZC0509,260.0,260.0,255.25,255.25,378.0,,玉米0509,3296.0,255.25,255.25
2004-07-22,ZC0509,255.5,255.75,250.0,250.0,600.0,,玉米0509,3457.0,250.0,250.0
2004-07-23,ZC0509,253.0,254.25,252.75,253.5,288.0,,玉米0509,3722.0,253.5,253.5
2004-07-26,ZC0509,250.0,252.0,248.75,251.75,414.0,,玉米0509,3977.0,251.75,251.75
2004-07-27,ZC0509,252.0,252.0,250.25,251.0,68.0,,玉米0509,4293.0,251.0,251.0
2004-07-28,ZC0509,251.0,251.0,248.0,248.0,111.0,,玉米0509,4329.0,248.0,248.0
2004-07-29,ZC0509,250.0,250.5,249.0,249.5,129.0,,玉米0509,4381.0,249.5,249.5
2004-07-30,ZC0509,250.25,251.75,249.0,249.25,155.0,,玉米0509,4492.0,249.25,249.25
2004-08-02,ZC0509,249.0,250.0,248.5,249.25,30.0,,玉米0509,4538.0,249.25,249.25
2004-08-03,ZC0509,249.25,250.5,248.75,250.0,188.0,,玉米0509,4550.0,250.0,250.0
2004-08-04,ZC0509,250.5,253.0,249.75,252.0,124.0,,玉米0509,4704.0,252.0,252.0
2004-08-05,ZC0509,253.5,256.0,252.5,255.75,57.0,,玉米0509,4693.0,255.75,255.75
2004-08-06,ZC0509,257.5,258.5,256.25,258.0,476.0,,玉米0509,4715.0,258.0,258.0
2004-08-09,ZC0509,258.5,259.5,257.5,258.5,104.0,,玉米0509,4976.0,258.5,258.5
2004-08-10,ZC0509,257.0,258.5,256.75,257.0,315.0,,玉米0509,4989.0,257.0,257.0
2004-08-11,ZC0509,256.25,256.25,253.0,253.25,155.0,,玉米0509,5289.0,253.25,253.25
2004-08-12,ZC0509,253.25,253.25,250.0,251.75,384.0,,玉米0509,5407.0,251.75,251.75
2004-08-13,ZC0509,251.0,252.0,250.5,251.0,33.0,,玉米0509,5697.0,251.0,251.0
2004-08-16,ZC0509,249.25,255.0,249.0,254.5,103.0,,玉米0509,5694.0,254.5,254.5
2004-08-17,ZC0509,256.5,261.0,255.0,260.25,244.0,,玉米0509,5720.0,260.25,260.25
2004-08-18,ZC0509,259.75,260.0,257.0,257.5,62.0,,玉米0509,5750.0,257.5,257.5
2004-08-19,ZC0509,258.5,261.0,258.5,260.5,368.0,,玉米0509,5828.0,260.5,260.5
2004-08-20,ZC0509,259.0,261.0,259.0,260.25,90.0,,玉米0509,6007.0,260.25,260.25
2004-08-23,ZC0509,260.75,263.75,260.75,262.25,237.0,,玉米0509,6073.0,262.25,262.25
2004-08-24,ZC0509,260.5,262.25,260.5,260.5,70.0,,玉米0509,6201.0,260.5,260.5
2004-08-25,ZC0509,261.5,263.5,256.0,256.5,68.0,,玉米0509,6213.0,256.5,256.5
2004-08-26,ZC0509,256.0,256.0,253.5,253.5,189.0,,玉米0509,6222.0,253.5,253.5
2004-08-27,ZC0509,254.25,254.5,251.0,251.0,558.0,,玉米0509,6391.0,251.0,251.0
2004-08-30,ZC0509,255.0,257.0,255.0,256.0,79.0,,玉米0509,6664.0,256.0,256.0
2004-08-31,ZC0509,255.5,260.0,255.5,259.5,194.0,,玉米0509,6624.0,259.5,259.5
2004-09-01,ZC0509,264.5,265.0,258.0,261.5,98.0,,玉米0509,6785.0,261.5,261.5
2004-09-02,ZC0509,259.5,259.5,256.5,257.0,117.0,,玉米0509,6776.0,257.0,257.0
2004-09-03,ZC0509,254.0,255.0,252.5,252.5,176.0,,玉米0509,6840.0,252.5,252.5
2004-09-07,ZC0509,249.5,250.5,249.0,249.0,274.0,,玉米0509,,249.0,249.0
2004-09-08,ZC0509,249.0,250.75,248.5,250.0,61.0,,玉米0509,6986.0,250.0,250.0
2004-09-09,ZC0509,250.0,251.5,249.5,249.75,290.0,,玉米0509,6958.0,249.75,249.75
2004-09-10,ZC0509,247.5,250.0,246.0,246.5,619.0,,玉米0509,7063.0,246.5,246.5
2004-09-13,ZC0509,245.0,248.0,244.5,245.0,568.0,,玉米0509,7473.0,245.0,245.0
2004-09-14,ZC0509,248.0,248.0,244.0,244.0,504.0,,玉米0509,7703.0,244.0,244.0
2004-09-15,ZC0509,245.0,245.0,244.25,244.75,364.0,,玉米0509,7487.0,244.75,244.75
2004-09-16,ZC0509,246.0,246.0,243.5,243.5,392.0,,玉米0509,7546.0,243.5,243.5
2004-09-17,ZC0509,243.75,243.75,242.5,242.5,530.0,,玉米0509,7582.0,242.5,242.5
2004-09-20,ZC0509,242.25,242.25,240.0,240.0,422.0,,玉米0509,7854.0,240.0,240.0
2004-09-21,ZC0509,240.5,241.75,240.25,240.25,254.0,,玉米0509,8080.0,240.25,240.25
2004-09-22,ZC0509,240.25,240.25,238.25,238.5,1724.0,,玉米0509,8111.0,238.5,238.5
2004-09-23,ZC0509,238.5,239.0,236.75,236.75,1257.0,,玉米0509,8940.0,236.75,236.75
2004-09-24,ZC0509,244.0,244.0,235.0,235.0,1481.0,,玉米0509,9674.0,235.0,235.0
2004-09-27,ZC0509,234.0,238.5,234.0,237.0,407.0,,玉米0509,10175.0,237.0,237.0
2004-09-28,ZC0509,237.75,239.25,237.25,238.75,475.0,,玉米0509,10383.0,238.75,238.75
2004-09-29,ZC0509,239.75,240.5,237.5,237.75,478.0,,玉米0509,10446.0,237.75,237.75
2004-09-30,ZC0509,237.0,237.75,236.0,236.5,609.0,,玉米0509,10734.0,236.5,236.5
2004-10-01,ZC0509,237.5,238.0,237.25,237.5,418.0,,玉米0509,10829.0,237.5,237.5
2004-10-04,ZC0509,237.25,237.25,234.0,234.25,546.0,,玉米0509,10919.0,234.25,234.25
2004-10-05,ZC0509,234.0,236.0,234.0,235.0,391.0,,玉米0509,11213.0,235.0,235.0
2004-10-06,ZC0509,234.0,238.75,234.0,237.5,927.0,,玉米0509,11276.0,237.5,237.5
2004-10-07,ZC0509,239.25,239.5,236.5,236.5,558.0,,玉米0509,11331.0,236.5,236.5
2004-10-08,ZC0509,236.25,236.25,234.5,234.5,176.0,,玉米0509,11395.0,234.5,234.5
2004-10-11,ZC0509,234.0,236.0,234.0,234.5,545.0,,玉米0509,11460.0,234.5,234.5
2004-10-12,ZC0509,231.0,234.0,230.0,233.0,837.0,,玉米0509,11768.0,233.0,233.0
2004-10-13,ZC0509,233.75,236.0,233.25,235.0,1070.0,,玉米0509,11977.0,235.0,235.0
2004-10-14,ZC0509,236.5,236.5,234.25,235.0,412.0,,玉米0509,12354.0,235.0,235.0
2004-10-15,ZC0509,235.25,237.25,234.25,237.0,475.0,,玉米0509,12378.0,237.0,237.0
2004-10-18,ZC0509,236.25,236.75,235.0,235.25,392.0,,玉米0509,12474.0,235.25,235.25
2004-10-19,ZC0509,235.0,237.5,235.0,236.75,330.0,,玉米0509,12514.0,236.75,236.75
2004-10-20,ZC0509,238.0,238.75,235.75,235.75,305.0,,玉米0509,12580.0,235.75,235.75
2004-10-21,ZC0509,236.5,237.75,235.0,235.0,125.0,,玉米0509,12656.0,235.0,235.0
2004-10-22,ZC0509,234.75,234.75,233.0,233.0,309.0,,玉米0509,12634.0,233.0,233.0
2004-10-25,ZC0509,233.0,236.5,233.0,236.0,266.0,,玉米0509,12847.0,236.0,236.0
2004-10-26,ZC0509,236.0,238.0,235.5,237.25,292.0,,玉米0509,12866.0,237.25,237.25
2004-10-27,ZC0509,236.75,238.5,236.75,237.25,338.0,,玉米0509,13260.0,237.25,237.25
2004-10-28,ZC0509,237.0,238.0,237.0,237.25,136.0,,玉米0509,13794.0,237.25,237.25
2004-10-29,ZC0509,237.75,237.75,233.5,234.25,1460.0,,玉米0509,13814.0,234.25,234.25
2004-11-01,ZC0509,234.0,234.0,232.25,232.5,440.0,,玉米0509,14586.0,232.5,232.5
2004-11-02,ZC0509,233.75,234.0,232.5,233.0,200.0,,玉米0509,14781.0,233.0,233.0
2004-11-03,ZC0509,234.0,234.25,232.5,232.5,409.0,,玉米0509,14828.0,232.5,232.5
2004-11-04,ZC0509,232.0,232.75,231.25,231.25,674.0,,玉米0509,15032.0,231.25,231.25
2004-11-05,ZC0509,231.0,234.0,231.0,233.25,584.0,,玉米0509,15322.0,233.25,233.25
2004-11-08,ZC0509,232.0,232.5,231.75,231.75,674.0,,玉米0509,15229.0,231.75,231.75
2004-11-09,ZC0509,231.75,232.25,231.5,232.0,280.0,,玉米0509,15405.0,232.0,232.0
2004-11-10,ZC0509,233.0,235.5,231.5,231.5,475.0,,玉米0509,15516.0,231.5,231.5
2004-11-11,ZC0509,231.0,231.5,229.25,229.5,627.0,,玉米0509,15647.0,229.5,229.5
2004-11-12,ZC0509,228.0,232.5,228.0,232.0,662.0,,玉米0509,15995.0,232.0,232.0
2004-11-15,ZC0509,233.0,236.25,232.75,234.5,396.0,,玉米0509,16250.0,234.5,234.5
2004-11-16,ZC0509,234.25,235.5,234.0,235.25,390.0,,玉米0509,16419.0,235.25,235.25
2004-11-17,ZC0509,236.75,238.0,236.75,237.25,589.0,,玉米0509,16545.0,237.25,237.25
2004-11-18,ZC0509,237.0,237.5,234.5,236.0,598.0,,玉米0509,16601.0,236.0,236.0
2004-11-19,ZC0509,236.5,236.5,232.25,232.25,558.0,,玉米0509,16742.0,232.25,232.25
2004-11-22,ZC0509,232.5,232.5,230.25,230.75,1137.0,,玉米0509,17235.0,230.75,230.75
2004-11-23,ZC0509,230.0,231.5,230.0,231.0,754.0,,玉米0509,17243.0,231.0,231.0
2004-11-24,ZC0509,231.0,231.5,230.75,231.0,444.0,,玉米0509,17311.0,231.0,231.0
2004-11-26,ZC0509,231.75,231.75,230.0,230.0,879.0,,玉米0509,,230.0,230.0
2004-11-29,ZC0509,230.0,230.5,227.5,227.75,1987.0,,玉米0509,17653.0,227.75,227.75
2004-11-30,ZC0509,228.0,228.5,227.25,227.5,1770.0,,玉米0509,18455.0,227.5,227.5
2004-12-01,ZC0509,227.5,228.5,226.5,226.5,1486.0,,玉米0509,19244.0,226.5,226.5
2004-12-02,ZC0509,226.75,227.25,226.0,226.25,599.0,,玉米0509,19685.0,226.25,226.25
2004-12-03,ZC0509,226.25,230.0,226.25,229.5,563.0,,玉米0509,19791.0,229.5,229.5
2004-12-06,ZC0509,229.5,231.75,229.5,231.25,765.0,,玉米0509,19957.0,231.25,231.25
2004-12-07,ZC0509,230.25,230.25,226.25,226.5,1250.0,,玉米0509,19930.0,226.5,226.5
2004-12-08,ZC0509,225.75,227.25,225.5,226.5,1054.0,,玉米0509,20581.0,226.5,226.5
2004-12-09,ZC0509,226.5,226.5,225.5,226.0,639.0,,玉米0509,21113.0,226.0,226.0
2004-12-10,ZC0509,225.0,226.5,224.0,224.0,617.0,,玉米0509,21108.0,224.0,224.0
2004-12-13,ZC0509,226.75,227.75,225.5,227.5,462.0,,玉米0509,21306.0,227.5,227.5
2004-12-14,ZC0509,227.0,228.75,226.75,228.75,926.0,,玉米0509,21427.0,228.75,228.75
2004-12-15,ZC0509,228.5,230.0,227.75,228.0,398.0,,玉米0509,21747.0,228.0,228.0
2004-12-16,ZC0509,228.0,228.25,226.0,226.75,723.0,,玉米0509,21942.0,226.75,226.75
2004-12-17,ZC0509,226.25,227.0,225.0,226.75,481.0,,玉米0509,22003.0,226.75,226.75
2004-12-20,ZC0509,228.25,230.0,228.0,229.0,474.0,,玉米0509,22223.0,229.0,229.0
2004-12-21,ZC0509,228.25,228.75,227.75,228.0,572.0,,玉米0509,22406.0,228.0,228.0
2004-12-22,ZC0509,227.5,228.75,226.75,228.0,507.0,,玉米0509,22660.0,228.0,228.0
2004-12-23,ZC0509,228.5,229.5,228.25,229.5,417.0,,玉米0509,23072.0,229.5,229.5
2004-12-27,ZC0509,229.5,230.5,229.0,230.25,487.0,,玉米0509,23072.0,230.25,230.25
2004-12-28,ZC0509,228.75,229.5,228.5,229.5,894.0,,玉米0509,23012.0,229.5,229.5
2004-12-29,ZC0509,229.25,229.25,226.25,226.5,906.0,,玉米0509,23229.0,226.5,226.5
2004-12-30,ZC0509,226.5,227.75,225.0,227.5,868.0,,玉米0509,23296.0,227.5,227.5
2005-01-03,ZC0509,225.75,225.75,224.0,224.75,626.0,,玉米0509,23495.0,224.75,224.75
2005-01-04,ZC0509,224.0,224.25,223.0,223.75,521.0,,玉米0509,23692.0,223.75,223.75
2005-01-05,ZC0509,223.5,225.25,223.0,224.0,528.0,,玉米0509,23829.0,224.0,224.0
2005-01-06,ZC0509,224.0,229.5,224.0,229.25,469.0,,玉米0509,24032.0,229.25,229.25
2005-01-07,ZC0509,228.0,231.0,227.75,228.25,2060.0,,玉米0509,24171.0,228.25,228.25
2005-01-10,ZC0509,226.0,228.5,226.0,228.25,1250.0,,玉米0509,24654.0,228.25,228.25
2005-01-11,ZC0509,228.0,229.0,227.75,228.25,1436.0,,玉米0509,24849.0,228.25,228.25
2005-01-12,ZC0509,228.0,228.0,222.5,222.75,2660.0,,玉米0509,25234.0,222.75,222.75
2005-01-13,ZC0509,222.75,222.75,220.75,222.0,1447.0,,玉米0509,26140.0,222.0,222.0
2005-01-14,ZC0509,220.0,221.5,219.0,219.0,1053.0,,玉米0509,26762.0,219.0,219.0
2005-01-18,ZC0509,218.25,219.25,217.5,217.75,1655.0,,玉米0509,,217.75,217.75
2005-01-19,ZC0509,217.0,219.0,217.0,218.0,1537.0,,玉米0509,28145.0,218.0,218.0
2005-01-20,ZC0509,217.75,219.5,217.75,219.0,1465.0,,玉米0509,28464.0,219.0,219.0
2005-01-21,ZC0509,219.0,219.25,218.5,218.75,419.0,,玉米0509,28887.0,218.75,218.75
2005-01-24,ZC0509,219.5,220.75,219.5,219.75,522.0,,玉米0509,28842.0,219.75,219.75
2005-01-25,ZC0509,219.5,221.25,219.5,220.75,506.0,,玉米0509,28800.0,220.75,220.75
2005-01-26,ZC0509,220.5,222.5,220.5,220.75,1251.0,,玉米0509,28757.0,220.75,220.75
2005-01-27,ZC0509,220.5,220.5,218.0,218.5,1337.0,,玉米0509,28928.0,218.5,218.5
2005-01-28,ZC0509,218.25,218.75,218.0,218.5,646.0,,玉米0509,28850.0,218.5,218.5
2005-01-31,ZC0509,218.0,220.0,217.75,219.25,1071.0,,玉米0509,29032.0,219.25,219.25
2005-02-01,ZC0509,219.5,220.5,219.5,219.5,1255.0,,玉米0509,29623.0,219.5,219.5
2005-02-02,ZC0509,219.0,219.0,217.75,218.0,753.0,,玉米0509,30066.0,218.0,218.0
2005-02-03,ZC0509,217.5,218.25,215.0,218.0,3037.0,,玉米0509,30102.0,218.0,218.0
2005-02-04,ZC0509,217.5,218.0,217.25,217.75,1096.0,,玉米0509,30284.0,217.75,217.75
2005-02-07,ZC0509,217.75,219.5,217.75,219.0,622.0,,玉米0509,30134.0,219.0,219.0
2005-02-08,ZC0509,218.75,219.0,217.25,217.75,564.0,,玉米0509,30404.0,217.75,217.75
2005-02-09,ZC0509,217.25,217.75,216.75,217.75,947.0,,玉米0509,30435.0,217.75,217.75
2005-02-10,ZC0509,217.5,221.0,217.5,220.5,1513.0,,玉米0509,30671.0,220.5,220.5
2005-02-11,ZC0509,219.0,221.0,218.75,220.5,1106.0,,玉米0509,31180.0,220.5,220.5
2005-02-14,ZC0509,220.0,222.5,220.0,222.25,902.0,,玉米0509,31540.0,222.25,222.25
2005-02-15,ZC0509,222.25,222.25,220.75,221.75,1125.0,,玉米0509,31555.0,221.75,221.75
2005-02-16,ZC0509,221.75,221.75,219.0,219.25,604.0,,玉米0509,32025.0,219.25,219.25
2005-02-17,ZC0509,219.0,221.75,218.0,221.5,552.0,,玉米0509,32056.0,221.5,221.5
2005-02-18,ZC0509,220.5,223.0,220.5,221.5,1225.0,,玉米0509,32255.0,221.5,221.5
2005-02-22,ZC0509,222.0,230.0,222.0,228.25,2479.0,,玉米0509,32595.0,228.25,228.25
2005-02-23,ZC0509,226.0,227.0,225.75,227.0,2036.0,,玉米0509,32972.0,227.0,227.0
2005-02-24,ZC0509,227.0,227.75,226.0,227.75,1372.0,,玉米0509,32701.0,227.75,227.75
2005-02-25,ZC0509,227.0,236.0,227.0,234.5,3916.0,,玉米0509,32941.0,234.5,234.5
2005-02-28,ZC0509,231.75,238.0,231.5,235.25,4806.0,,玉米0509,33407.0,235.25,235.25
2005-03-01,ZC0509,234.0,234.5,232.0,232.25,2266.0,,玉米0509,34368.0,232.25,232.25
2005-03-02,ZC0509,232.0,237.0,231.25,231.75,1814.0,,玉米0509,34633.0,231.75,231.75
2005-03-03,ZC0509,231.0,231.5,229.5,231.0,966.0,,玉米0509,34597.0,231.0,231.0
2005-03-04,ZC0509,231.0,232.5,229.5,230.25,1312.0,,玉米0509,34622.0,230.25,230.25
2005-03-07,ZC0509,229.25,229.5,226.0,226.5,692.0,,玉米0509,34981.0,226.5,226.5
2005-03-08,ZC0509,226.0,228.0,224.5,227.25,1817.0,,玉米0509,35075.0,227.25,227.25
2005-03-09,ZC0509,227.0,230.5,226.5,230.0,2232.0,,玉米0509,34863.0,230.0,230.0
2005-03-10,ZC0509,229.5,233.75,228.0,233.25,1793.0,,玉米0509,35051.0,233.25,233.25
2005-03-11,ZC0509,233.25,238.0,232.25,236.75,4081.0,,玉米0509,35289.0,236.75,236.75
2005-03-14,ZC0509,234.0,236.5,233.5,234.5,2530.0,,玉米0509,34854.0,234.5,234.5
2005-03-15,ZC0509,233.5,242.5,233.5,240.25,4511.0,,玉米0509,35602.0,240.25,240.25
2005-03-16,ZC0509,237.75,242.25,237.0,238.25,3594.0,,玉米0509,35763.0,238.25,238.25
2005-03-17,ZC0509,237.75,238.75,235.25,237.25,2736.0,,玉米0509,35633.0,237.25,237.25
2005-03-18,ZC0509,237.0,238.25,233.0,234.25,937.0,,玉米0509,36024.0,234.25,234.25
2005-03-21,ZC0509,233.75,233.75,227.5,229.5,1268.0,,玉米0509,35945.0,229.5,229.5
2005-03-22,ZC0509,229.0,230.5,228.0,228.5,1151.0,,玉米0509,36189.0,228.5,228.5
2005-03-23,ZC0509,228.0,228.0,223.75,225.5,2231.0,,玉米0509,36355.0,225.5,225.5
2005-03-24,ZC0509,225.0,225.0,223.75,224.75,1103.0,,玉米0509,35913.0,224.75,224.75
2005-03-28,ZC0509,224.75,227.25,223.75,226.25,701.0,,玉米0509,36177.0,226.25,226.25
2005-03-29,ZC0509,225.25,227.5,225.25,226.5,3072.0,,玉米0509,36380.0,226.5,226.5
2005-03-30,ZC0509,227.0,228.0,226.0,226.25,2203.0,,玉米0509,36034.0,226.25,226.25
2005-03-31,ZC0509,226.75,232.0,224.5,227.5,2725.0,,玉米0509,35860.0,227.5,227.5
2005-04-01,ZC0509,226.75,229.0,224.25,228.0,2444.0,,玉米0509,36519.0,228.0,228.0
2005-04-04,ZC0509,228.0,228.0,225.0,225.75,862.0,,玉米0509,37184.0,225.75,225.75
2005-04-05,ZC0509,225.5,231.25,221.25,221.5,3155.0,,玉米0509,37306.0,221.5,221.5
2005-04-06,ZC0509,221.5,223.25,221.5,222.5,1805.0,,玉米0509,38656.0,222.5,222.5
2005-04-07,ZC0509,223.0,223.25,221.0,221.25,3742.0,,玉米0509,38916.0,221.25,221.25
2005-04-08,ZC0509,221.75,222.0,218.75,219.75,3316.0,,玉米0509,40719.0,219.75,219.75
2005-04-11,ZC0509,220.75,221.5,218.75,221.25,2291.0,,玉米0509,41606.0,221.25,221.25
2005-04-12,ZC0509,221.75,223.25,220.75,222.25,1499.0,,玉米0509,42071.0,222.25,222.25
2005-04-13,ZC0509,221.5,221.5,219.0,221.25,2196.0,,玉米0509,42551.0,221.25,221.25
2005-04-14,ZC0509,220.75,224.25,220.75,222.5,4031.0,,玉米0509,42497.0,222.5,222.5
2005-04-15,ZC0509,222.0,223.0,220.5,221.25,1444.0,,玉米0509,43315.0,221.25,221.25
2005-04-18,ZC0509,220.25,221.5,219.0,219.75,2726.0,,玉米0509,43880.0,219.75,219.75
2005-04-19,ZC0509,219.75,225.0,219.75,224.5,3291.0,,玉米0509,44924.0,224.5,224.5
2005-04-20,ZC0509,225.0,226.25,224.25,225.75,2326.0,,玉米0509,45504.0,225.75,225.75
2005-04-21,ZC0509,225.75,227.0,224.25,226.5,2716.0,,玉米0509,46214.0,226.5,226.5
2005-04-22,ZC0509,226.5,226.5,224.25,224.5,1732.0,,玉米0509,46494.0,224.5,224.5
2005-04-25,ZC0509,225.5,230.75,225.5,229.0,5730.0,,玉米0509,46618.0,229.0,229.0
2005-04-26,ZC0509,229.0,229.75,227.5,228.75,3167.0,,玉米0509,49112.0,228.75,228.75
2005-04-27,ZC0509,228.5,229.5,224.0,224.5,3368.0,,玉米0509,50018.0,224.5,224.5
2005-04-28,ZC0509,226.0,226.0,220.5,220.75,5033.0,,玉米0509,50678.0,220.75,220.75
2005-04-29,ZC0509,221.0,222.5,220.25,221.5,4008.0,,玉米0509,53173.0,221.5,221.5
2005-05-02,ZC0509,220.75,220.75,216.75,217.0,6678.0,,玉米0509,53967.0,217.0,217.0
2005-05-03,ZC0509,217.25,218.25,212.75,213.0,6146.0,,玉米0509,55927.0,213.0,213.0
2005-05-04,ZC0509,213.25,215.75,213.0,214.25,10317.0,,玉米0509,58576.0,214.25,214.25
2005-05-05,ZC0509,215.0,216.75,213.5,216.25,9812.0,,玉米0509,63824.0,216.25,216.25
2005-05-06,ZC0509,216.5,217.0,214.25,216.25,3466.0,,玉米0509,66884.0,216.25,216.25
2005-05-09,ZC0509,216.0,218.25,214.75,215.75,4643.0,,玉米0509,67685.0,215.75,215.75
2005-05-10,ZC0509,215.75,217.75,215.75,216.25,3065.0,,玉米0509,69820.0,216.25,216.25
2005-05-11,ZC0509,216.5,216.75,214.0,214.75,3845.0,,玉米0509,70640.0,214.75,214.75
2005-05-12,ZC0509,214.25,214.5,210.0,212.25,7389.0,,玉米0509,71619.0,212.25,212.25
2005-05-13,ZC0509,211.75,212.5,211.25,211.75,4274.0,,玉米0509,73853.0,211.75,211.75
2005-05-16,ZC0509,212.0,215.5,212.0,215.0,5163.0,,玉米0509,75254.0,215.0,215.0
2005-05-17,ZC0509,215.25,215.75,213.75,215.5,5711.0,,玉米0509,76302.0,215.5,215.5
2005-05-18,ZC0509,215.5,220.5,215.25,219.0,6709.0,,玉米0509,76931.0,219.0,219.0
2005-05-19,ZC0509,218.5,220.5,217.5,217.75,5638.0,,玉米0509,77722.0,217.75,217.75
2005-05-20,ZC0509,217.25,222.5,217.0,221.25,6149.0,,玉米0509,79330.0,221.25,221.25
2005-05-23,ZC0509,221.5,232.75,221.5,232.25,20371.0,,玉米0509,80096.0,232.25,232.25
2005-05-24,ZC0509,230.0,231.75,221.5,229.0,15678.0,,玉米0509,85856.0,229.0,229.0
2005-05-25,ZC0509,228.75,235.25,226.75,230.75,15218.0,,玉米0509,88051.0,230.75,230.75
2005-05-26,ZC0509,230.0,233.25,228.5,233.0,7106.0,,玉米0509,88515.0,233.0,233.0
2005-05-27,ZC0509,232.5,234.75,228.5,229.5,6776.0,,玉米0509,89527.0,229.5,229.5
2005-05-31,ZC0509,233.0,236.0,228.25,230.75,15232.0,,玉米0509,89460.0,230.75,230.75
2005-06-01,ZC0509,229.25,233.75,228.75,233.25,14266.0,,玉米0509,95830.0,233.25,233.25
2005-06-02,ZC0509,232.0,232.25,225.0,225.75,23483.0,,玉米0509,102591.0,225.75,225.75
2005-06-03,ZC0509,225.5,227.75,224.5,227.25,23508.0,,玉米0509,115068.0,227.25,227.25
2005-06-06,ZC0509,229.0,234.5,229.0,229.75,24949.0,,玉米0509,125037.0,229.75,229.75
2005-06-07,ZC0509,228.5,232.5,227.75,229.75,27927.0,,玉米0509,134275.0,229.75,229.75
2005-06-08,ZC0509,229.25,229.25,224.25,225.5,30052.0,,玉米0509,149104.0,225.5,225.5
2005-06-09,ZC0509,222.75,225.75,221.5,225.0,35244.0,,玉米0509,164958.0,225.0,225.0
2005-06-10,ZC0509,224.75,227.5,219.5,220.25,42990.0,,玉米0509,182243.0,220.25,220.25
2005-06-13,ZC0509,221.0,226.5,220.5,224.75,44022.0,,玉米0509,205240.0,224.75,224.75
2005-06-14,ZC0509,223.75,228.75,221.75,228.25,20247.0,,玉米0509,227155.0,228.25,228.25
2005-06-15,ZC0509,228.5,236.0,227.75,233.75,25029.0,,玉米0509,230007.0,233.75,233.75
2005-06-16,ZC0509,233.25,236.25,232.25,234.75,23279.0,,玉米0509,236872.0,234.75,234.75
2005-06-17,ZC0509,234.25,238.75,234.0,238.5,29633.0,,玉米0509,247205.0,238.5,238.5
2005-06-20,ZC0509,239.5,246.0,239.5,245.25,30768.0,,玉米0509,256582.0,245.25,245.25
2005-06-21,ZC0509,244.0,244.75,240.5,242.0,28201.0,,玉米0509,265258.0,242.0,242.0
2005-06-22,ZC0509,242.25,247.0,238.0,238.75,21720.0,,玉米0509,270313.0,238.75,238.75
2005-06-23,ZC0509,238.5,240.25,235.25,235.75,28250.0,,玉米0509,271662.0,235.75,235.75
2005-06-24,ZC0509,235.5,242.75,235.0,242.0,36230.0,,玉米0509,273282.0,242.0,242.0
2005-06-27,ZC0509,243.0,243.25,225.0,231.25,41855.0,,玉米0509,278267.0,231.25,231.25
2005-06-28,ZC0509,231.5,232.0,226.0,227.75,58112.0,,玉米0509,285194.0,227.75,227.75
2005-06-29,ZC0509,227.75,231.0,224.75,226.0,55408.0,,玉米0509,301153.0,226.0,226.0
2005-06-30,ZC0509,225.75,225.75,219.0,222.25,41680.0,,玉米0509,313331.0,222.25,222.25
2005-07-01,ZC0509,222.0,226.5,222.0,225.5,42411.0,,玉米0509,315775.0,225.5,225.5
2005-07-05,ZC0509,227.75,244.0,227.0,240.0,50225.0,,玉米0509,315532.0,240.0,240.0
2005-07-06,ZC0509,239.0,243.0,238.5,239.75,41542.0,,玉米0509,312810.0,239.75,239.75
2005-07-07,ZC0509,239.75,244.5,228.25,241.75,38996.0,,玉米0509,309462.0,241.75,241.75
2005-07-08,ZC0509,240.75,240.75,233.0,234.75,37758.0,,玉米0509,309081.0,234.75,234.75
2005-07-11,ZC0509,229.75,237.5,226.75,235.25,28441.0,,玉米0509,307171.0,235.25,235.25
2005-07-12,ZC0509,236.5,237.0,231.0,235.5,29313.0,,玉米0509,306570.0,235.5,235.5
2005-07-13,ZC0509,235.5,247.0,233.5,244.75,38607.0,,玉米0509,304352.0,244.75,244.75
2005-07-14,ZC0509,243.75,254.5,242.5,250.5,40431.0,,玉米0509,301282.0,250.5,250.5
2005-07-15,ZC0509,249.5,258.5,248.5,257.75,56825.0,,玉米0509,299307.0,257.75,257.75
2005-07-18,ZC0509,260.0,263.25,251.75,260.0,41200.0,,玉米0509,292619.0,260.0,260.0
2005-07-19,ZC0509,258.5,260.0,245.0,248.5,41657.0,,玉米0509,289014.0,248.5,248.5
2005-07-20,ZC0509,248.0,249.0,238.0,241.5,31934.0,,玉米0509,285183.0,241.5,241.5
2005-07-21,ZC0509,241.75,243.0,232.75,234.0,24994.0,,玉米0509,284737.0,234.0,234.0
2005-07-22,ZC0509,234.25,238.0,232.0,233.5,31483.0,,玉米0509,284261.0,233.5,233.5
2005-07-25,ZC0509,233.75,234.25,227.75,230.5,28485.0,,玉米0509,279770.0,230.5,230.5
2005-07-26,ZC0509,231.5,238.75,230.75,234.25,22311.0,,玉米0509,281161.0,234.25,234.25
2005-07-27,ZC0509,233.25,237.0,232.0,236.5,14839.0,,玉米0509,279434.0,236.5,236.5
2005-07-28,ZC0509,236.5,241.5,236.5,241.0,15973.0,,玉米0509,279330.0,241.0,241.0
2005-07-29,ZC0509,241.0,243.0,236.0,236.5,32759.0,,玉米0509,277284.0,236.5,236.5
2005-08-01,ZC0509,238.0,239.5,231.25,231.75,44459.0,,玉米0509,266647.0,231.75,231.75
2005-08-02,ZC0509,233.75,235.5,229.75,232.5,35105.0,,玉米0509,258695.0,232.5,232.5
2005-08-03,ZC0509,232.5,233.25,225.0,227.0,35105.0,,玉米0509,248433.0,227.0,227.0
2005-08-04,ZC0509,227.0,227.0,224.0,224.5,27102.0,,玉米0509,241207.0,224.5,224.5
2005-08-05,ZC0509,224.5,226.25,220.0,220.5,42866.0,,玉米0509,234941.0,220.5,220.5
2005-08-08,ZC0509,225.75,227.0,221.0,222.0,37173.0,,玉米0509,215642.0,222.0,222.0
2005-08-09,ZC0509,222.5,223.0,217.5,218.75,46854.0,,玉米0509,202605.0,218.75,218.75
2005-08-10,ZC0509,219.0,223.5,218.75,223.0,47696.0,,玉米0509,179907.0,223.0,223.0
2005-08-11,ZC0509,223.0,226.0,223.0,225.0,49754.0,,玉米0509,157056.0,225.0,225.0
2005-08-12,ZC0509,224.25,225.0,217.5,217.75,38442.0,,玉米0509,132455.0,217.75,217.75
2005-08-15,ZC0509,217.25,217.5,210.0,210.5,39805.0,,玉米0509,124070.0,210.5,210.5
2005-08-16,ZC0509,210.5,212.75,209.25,209.5,23638.0,,玉米0509,107244.0,209.5,209.5
2005-08-17,ZC0509,209.25,213.5,208.25,213.0,19125.0,,玉米0509,103740.0,213.0,213.0
2005-08-18,ZC0509,212.75,214.5,211.0,211.25,13587.0,,玉米0509,99787.0,211.25,211.25
2005-08-19,ZC0509,211.25,212.5,208.75,210.25,12690.0,,玉米0509,97848.0,210.25,210.25
2005-08-22,ZC0509,210.75,213.5,210.25,212.5,11838.0,,玉米0509,95663.0,212.5,212.5
2005-08-23,ZC0509,212.75,215.75,210.0,210.5,9186.0,,玉米0509,92126.0,210.5,210.5
2005-08-24,ZC0509,210.5,211.0,208.25,208.75,16790.0,,玉米0509,88607.0,208.75,208.75
2005-08-25,ZC0509,208.5,210.0,205.25,206.25,19728.0,,玉米0509,84259.0,206.25,206.25
2005-08-26,ZC0509,206.0,206.5,203.0,203.75,24187.0,,玉米0509,79681.0,203.75,203.75
2005-08-29,ZC0509,203.75,208.75,203.75,204.75,41927.0,,玉米0509,59322.0,204.75,204.75
2005-08-30,ZC0509,204.25,207.0,203.0,203.5,48873.0,,玉米0509,45517.0,203.5,203.5
2005-08-31,ZC0509,203.0,204.5,200.0,201.5,27821.0,,玉米0509,21450.0,201.5,201.5
2005-09-01,ZC0509,201.5,208.0,201.5,207.75,14863.0,,玉米0509,13839.0,207.75,207.75
2005-09-02,ZC0509,207.75,208.75,203.0,203.5,7175.0,,玉米0509,9415.0,203.5,203.5
2005-09-06,ZC0509,203.5,208.5,203.5,207.5,8089.0,,玉米0509,6810.0,207.5,207.5
2005-09-07,ZC0509,206.75,206.75,203.75,204.25,5032.0,,玉米0509,5688.0,204.25,204.25
2005-09-08,ZC0509,203.75,205.0,202.5,202.75,2718.0,,玉米0509,4599.0,202.75,202.75
2005-09-09,ZC0509,204.0,204.0,203.0,203.0,2251.0,,玉米0509,3936.0,203.0,203.0
2005-09-12,ZC0509,203.0,203.0,195.25,198.5,2228.0,,玉米0509,3260.0,198.5,198.5
2005-09-13,ZC0509,200.0,200.0,196.0,198.5,1819.0,,玉米0509,2078.0,198.5,198.5
2005-09-14,ZC0509,197.5,198.0,195.0,195.0,670.0,,玉米0509,1106.0,195.0,195.0
