date,symbol,open,high,low,close,volume,amount,name,openinterest,settleprice,price
2006-03-27,ZC0803,276.0,280.0,276.0,277.0,4.0,,玉米0803,,277.0,277.0
2006-03-28,ZC0803,277.5,277.5,277.0,277.0,6.0,,玉米0803,2.0,277.0,277.0
2006-03-29,ZC0803,279.0,279.5,278.5,279.0,10.0,,玉米0803,8.0,279.0,279.0
2006-03-30,ZC0803,279.5,281.5,279.5,281.5,65.0,,玉米0803,18.0,281.5,281.5
2006-03-31,ZC0803,285.0,288.0,284.0,288.0,69.0,,玉米0803,65.0,288.0,288.0
2006-04-03,ZC0803,285.5,289.0,285.5,288.5,76.0,,玉米0803,115.0,288.5,288.5
2006-04-04,ZC0803,288.0,289.0,285.5,288.25,112.0,,玉米0803,183.0,288.25,288.25
2006-04-05,ZC0803,287.0,288.75,287.0,288.75,99.0,,玉米0803,217.0,288.75,288.75
2006-04-06,ZC0803,289.0,292.5,289.0,292.0,115.0,,玉米0803,266.0,292.0,292.0
2006-04-07,ZC0803,292.5,293.0,291.5,291.75,64.0,,玉米0803,375.0,291.75,291.75
2006-04-10,ZC0803,291.0,292.0,290.75,291.5,22.0,,玉米0803,423.0,291.5,291.5
2006-04-11,ZC0803,289.75,294.0,289.75,293.75,20.0,,玉米0803,437.0,293.75,293.75
2006-04-12,ZC0803,292.75,292.75,291.0,292.25,41.0,,玉米0803,457.0,292.25,292.25
2006-04-13,ZC0803,290.0,291.0,290.0,290.5,28.0,,玉米0803,492.0,290.5,290.5
2006-04-17,ZC0803,291.0,293.0,291.0,292.0,21.0,,玉米0803,,292.0,292.0
2006-04-18,ZC0803,292.5,294.0,292.0,294.0,1397.0,,玉米0803,537.0,294.0,294.0
2006-04-19,ZC0803,293.0,295.0,293.0,294.0,483.0,,玉米0803,1574.0,294.0,294.0
2006-04-20,ZC0803,291.5,292.25,291.0,292.0,16.0,,玉米0803,1840.0,292.0,292.0
2006-04-21,ZC0803,290.25,293.25,290.25,293.25,17.0,,玉米0803,1852.0,293.25,293.25
2006-04-24,ZC0803,293.5,294.0,291.5,292.75,22.0,,玉米0803,1865.0,292.75,292.75
2006-04-25,ZC0803,295.0,295.0,294.0,294.75,67.0,,玉米0803,1881.0,294.75,294.75
2006-04-26,ZC0803,292.75,294.25,292.75,294.25,45.0,,玉米0803,1895.0,294.25,294.25
2006-04-27,ZC0803,291.5,294.5,291.5,294.5,110.0,,玉米0803,1919.0,294.5,294.5
2006-04-28,ZC0803,295.5,299.75,295.5,299.75,182.0,,玉米0803,2002.0,299.75,299.75
2006-05-01,ZC0803,300.0,300.5,295.5,300.25,184.0,,玉米0803,2027.0,300.25,300.25
2006-05-02,ZC0803,298.0,298.5,297.5,298.5,32.0,,玉米0803,2140.0,298.5,298.5
2006-05-03,ZC0803,298.0,298.5,295.5,298.5,23.0,,玉米0803,2167.0,298.5,298.5
2006-05-04,ZC0803,296.5,297.25,296.0,296.5,23.0,,玉米0803,2188.0,296.5,296.5
2006-05-05,ZC0803,296.0,298.5,296.0,298.25,341.0,,玉米0803,2207.0,298.25,298.25
2006-05-08,ZC0803,297.0,297.0,294.5,297.0,30.0,,玉米0803,2538.0,297.0,297.0
2006-05-09,ZC0803,299.0,300.5,298.75,300.25,71.0,,玉米0803,2564.0,300.25,300.25
2006-05-10,ZC0803,301.0,303.5,300.75,303.0,240.0,,玉米0803,2617.0,303.0,303.0
2006-05-11,ZC0803,303.0,308.0,303.0,308.0,286.0,,玉米0803,2648.0,308.0,308.0
2006-05-12,ZC0803,307.0,318.0,307.0,316.5,342.0,,玉米0803,2853.0,316.5,316.5
2006-05-15,ZC0803,316.0,316.25,311.25,314.75,75.0,,玉米0803,3062.0,314.75,314.75
2006-05-16,ZC0803,313.5,314.0,308.0,312.0,308.0,,玉米0803,3140.0,312.0,312.0
2006-05-17,ZC0803,312.0,314.0,310.5,314.0,40.0,,玉米0803,3386.0,314.0,314.0
2006-05-18,ZC0803,314.0,315.0,313.0,314.75,59.0,,玉米0803,3403.0,314.75,314.75
2006-05-19,ZC0803,313.0,313.0,307.5,308.5,52.0,,玉米0803,3456.0,308.5,308.5
2006-05-22,ZC0803,306.5,309.0,304.0,309.0,23.0,,玉米0803,3496.0,309.0,309.0
2006-05-23,ZC0803,309.0,311.25,309.0,309.75,67.0,,玉米0803,3503.0,309.75,309.75
2006-05-24,ZC0803,304.5,306.0,303.75,305.5,44.0,,玉米0803,3545.0,305.5,305.5
2006-05-25,ZC0803,304.5,313.0,304.5,313.0,77.0,,玉米0803,3579.0,313.0,313.0
2006-05-26,ZC0803,312.0,317.25,312.0,315.5,126.0,,玉米0803,3586.0,315.5,315.5
2006-05-30,ZC0803,317.5,318.0,316.0,317.5,70.0,,玉米0803,3702.0,317.5,317.5
2006-05-31,ZC0803,315.5,316.0,312.0,316.0,124.0,,玉米0803,3745.0,316.0,316.0
2006-06-01,ZC0803,313.25,316.0,312.0,316.0,447.0,,玉米0803,3780.0,316.0,316.0
2006-06-02,ZC0803,314.0,318.0,314.0,318.0,66.0,,玉米0803,3935.0,318.0,318.0
2006-06-05,ZC0803,315.0,315.0,313.0,313.0,569.0,,玉米0803,3981.0,313.0,313.0
2006-06-06,ZC0803,309.5,310.5,309.0,309.0,146.0,,玉米0803,4544.0,309.0,309.0
2006-06-07,ZC0803,309.0,312.0,305.75,311.5,70.0,,玉米0803,4406.0,311.5,311.5
2006-06-08,ZC0803,307.5,309.5,307.5,309.5,20.0,,玉米0803,4414.0,309.5,309.5
2006-06-09,ZC0803,310.0,310.75,306.0,307.25,17.0,,玉米0803,4426.0,307.25,307.25
2006-06-12,ZC0803,309.0,314.5,309.0,313.0,64.0,,玉米0803,4436.0,313.0,313.0
2006-06-13,ZC0803,307.5,308.0,307.5,308.0,26.0,,玉米0803,4498.0,308.0,308.0
2006-06-14,ZC0803,305.0,305.0,301.0,301.5,262.0,,玉米0803,4475.0,301.5,301.5
2006-06-15,ZC0803,302.0,302.0,300.0,300.0,242.0,,玉米0803,4433.0,300.0,300.0
2006-06-16,ZC0803,300.0,303.0,300.0,302.5,56.0,,玉米0803,4552.0,302.5,302.5
2006-06-19,ZC0803,299.0,300.0,299.0,300.0,66.0,,玉米0803,4567.0,300.0,300.0
2006-06-20,ZC0803,300.75,304.0,299.5,304.0,69.0,,玉米0803,4571.0,304.0,304.0
2006-06-21,ZC0803,302.5,306.5,302.5,306.5,4.0,,玉米0803,4630.0,306.5,306.5
2006-06-22,ZC0803,306.0,306.5,304.5,306.5,685.0,,玉米0803,4634.0,306.5,306.5
2006-06-23,ZC0803,305.0,307.0,305.0,307.0,167.0,,玉米0803,4721.0,307.0,307.0
2006-06-26,ZC0803,302.0,302.0,302.0,302.0,489.0,,玉米0803,4883.0,302.0,302.0
2006-06-27,ZC0803,302.5,303.0,301.0,303.0,129.0,,玉米0803,4940.0,303.0,303.0
2006-06-28,ZC0803,303.5,304.0,303.25,304.0,134.0,,玉米0803,4960.0,304.0,304.0
2006-06-29,ZC0803,304.0,306.5,304.0,306.25,91.0,,玉米0803,5094.0,306.25,306.25
2006-06-30,ZC0803,307.0,308.5,306.5,308.0,129.0,,玉米0803,5135.0,308.0,308.0
2006-07-03,ZC0803,307.5,315.0,307.5,315.0,79.0,,玉米0803,5166.0,315.0,315.0
2006-07-05,ZC0803,314.5,316.0,312.0,313.0,396.0,,玉米0803,,313.0,313.0
2006-07-06,ZC0803,315.25,318.0,315.25,317.0,130.0,,玉米0803,5239.0,317.0,317.0
2006-07-07,ZC0803,314.25,314.5,311.5,314.5,17.0,,玉米0803,5360.0,314.5,314.5
2006-07-10,ZC0803,314.0,319.0,314.0,317.5,91.0,,玉米0803,5377.0,317.5,317.5
2006-07-11,ZC0803,318.0,321.0,317.0,319.75,98.0,,玉米0803,5460.0,319.75,319.75
2006-07-12,ZC0803,318.75,325.0,317.0,324.25,189.0,,玉米0803,5545.0,324.25,324.25
2006-07-13,ZC0803,320.0,321.5,319.0,319.75,132.0,,玉米0803,5726.0,319.75,319.75
2006-07-14,ZC0803,315.0,322.0,315.0,322.0,113.0,,玉米0803,5843.0,322.0,322.0
2006-07-17,ZC0803,320.0,320.5,316.0,317.0,115.0,,玉米0803,5907.0,317.0,317.0
2006-07-18,ZC0803,315.5,315.5,312.0,315.0,43.0,,玉米0803,6012.0,315.0,315.0
2006-07-19,ZC0803,311.0,313.5,308.5,313.5,186.0,,玉米0803,6055.0,313.5,313.5
2006-07-20,ZC0803,314.0,314.25,312.0,313.0,32.0,,玉米0803,6133.0,313.0,313.0
2006-07-21,ZC0803,308.0,310.0,308.0,310.0,80.0,,玉米0803,6162.0,310.0,310.0
2006-07-24,ZC0803,310.0,313.0,310.0,313.0,617.0,,玉米0803,6165.0,313.0,313.0
2006-07-25,ZC0803,315.5,315.5,313.25,313.25,50.0,,玉米0803,6696.0,313.25,313.25
2006-07-26,ZC0803,312.0,312.0,310.0,310.25,344.0,,玉米0803,6743.0,310.25,310.25
2006-07-27,ZC0803,310.5,312.5,310.0,312.5,172.0,,玉米0803,6861.0,312.5,312.5
2006-07-28,ZC0803,312.0,312.0,311.5,311.5,148.0,,玉米0803,6927.0,311.5,311.5
2006-07-31,ZC0803,312.0,314.5,312.0,314.5,93.0,,玉米0803,6853.0,314.5,314.5
2006-08-01,ZC0803,314.0,317.0,308.75,317.0,45.0,,玉米0803,6889.0,317.0,317.0
2006-08-02,ZC0803,317.0,321.0,317.0,321.0,141.0,,玉米0803,7225.0,321.0,321.0
2006-08-03,ZC0803,320.0,329.25,318.5,319.5,740.0,,玉米0803,7317.0,319.5,319.5
2006-08-04,ZC0803,319.0,320.0,318.0,320.0,65.0,,玉米0803,7705.0,320.0,320.0
2006-08-07,ZC0803,315.5,316.5,315.5,316.0,32.0,,玉米0803,7738.0,316.0,316.0
2006-08-08,ZC0803,312.5,314.0,311.0,311.5,163.0,,玉米0803,7770.0,311.5,311.5
2006-08-09,ZC0803,310.5,314.5,310.5,314.25,218.0,,玉米0803,7854.0,314.25,314.25
2006-08-10,ZC0803,312.0,313.75,312.0,312.25,149.0,,玉米0803,7715.0,312.25,312.25
2006-08-11,ZC0803,312.0,312.0,300.25,301.0,556.0,,玉米0803,7771.0,301.0,301.0
2006-08-14,ZC0803,301.0,301.0,297.5,299.75,118.0,,玉米0803,7823.0,299.75,299.75
2006-08-15,ZC0803,298.0,300.5,297.75,300.0,83.0,,玉米0803,7876.0,300.0,300.0
2006-08-16,ZC0803,299.5,301.5,298.0,298.5,15.0,,玉米0803,7884.0,298.5,298.5
2006-08-17,ZC0803,295.75,297.25,293.5,295.5,14.0,,玉米0803,7885.0,295.5,295.5
2006-08-18,ZC0803,292.75,294.5,292.5,294.5,74.0,,玉米0803,7886.0,294.5,294.5
2006-08-21,ZC0803,295.25,296.5,294.75,296.5,118.0,,玉米0803,7826.0,296.5,296.5
2006-08-22,ZC0803,296.0,296.0,294.25,295.75,3.0,,玉米0803,7880.0,295.75,295.75
2006-08-23,ZC0803,294.0,300.5,294.0,299.75,83.0,,玉米0803,7880.0,299.75,299.75
2006-08-24,ZC0803,301.5,305.5,301.0,305.25,93.0,,玉米0803,7960.0,305.25,305.25
2006-08-25,ZC0803,303.5,305.5,301.5,303.5,27.0,,玉米0803,7964.0,303.5,303.5
2006-08-28,ZC0803,302.75,304.5,302.5,302.75,190.0,,玉米0803,7983.0,302.75,302.75
2006-08-29,ZC0803,300.0,302.0,299.25,300.0,54.0,,玉米0803,8113.0,300.0,300.0
2006-08-30,ZC0803,300.0,304.25,300.0,304.25,53.0,,玉米0803,8140.0,304.25,304.25
2006-08-31,ZC0803,302.5,307.0,302.0,307.0,43.0,,玉米0803,8192.0,307.0,307.0
2006-09-01,ZC0803,304.5,306.75,304.5,306.0,172.0,,玉米0803,8210.0,306.0,306.0
2006-09-05,ZC0803,305.75,306.75,301.75,303.5,16.0,,玉米0803,8281.0,303.5,303.5
2006-09-06,ZC0803,298.5,300.0,298.0,298.25,9.0,,玉米0803,8287.0,298.25,298.25
2006-09-07,ZC0803,295.5,301.5,295.5,301.5,161.0,,玉米0803,8292.0,301.5,301.5
2006-09-08,ZC0803,300.0,301.0,299.75,300.0,28.0,,玉米0803,8347.0,300.0,300.0
2006-09-11,ZC0803,295.5,297.25,294.0,297.0,29.0,,玉米0803,8370.0,297.0,297.0
2006-09-12,ZC0803,295.0,295.0,292.25,292.25,14.0,,玉米0803,8357.0,292.25,292.25
2006-09-13,ZC0803,291.0,294.0,291.0,293.75,128.0,,玉米0803,8355.0,293.75,293.75
2006-09-14,ZC0803,293.75,293.75,290.75,290.75,3.0,,玉米0803,8355.0,290.75,290.75
2006-09-15,ZC0803,289.0,292.25,289.0,292.0,533.0,,玉米0803,8356.0,292.0,292.0
2006-09-18,ZC0803,294.25,297.0,294.25,296.75,199.0,,玉米0803,8305.0,296.75,296.75
2006-09-19,ZC0803,296.0,297.0,294.75,297.0,9.0,,玉米0803,8159.0,297.0,297.0
2006-09-20,ZC0803,296.25,297.75,296.25,297.75,25.0,,玉米0803,8161.0,297.75,297.75
2006-09-21,ZC0803,299.0,302.0,299.0,301.75,255.0,,玉米0803,8179.0,301.75,301.75
2006-09-22,ZC0803,301.75,303.5,301.5,302.75,103.0,,玉米0803,8397.0,302.75,302.75
2006-09-25,ZC0803,299.0,305.0,299.0,304.75,230.0,,玉米0803,8413.0,304.75,304.75
2006-09-26,ZC0803,306.25,309.5,306.25,309.25,149.0,,玉米0803,8621.0,309.25,309.25
2006-09-27,ZC0803,308.5,308.5,304.0,304.25,392.0,,玉米0803,8706.0,304.25,304.25
2006-09-28,ZC0803,304.0,312.5,304.0,312.5,332.0,,玉米0803,9087.0,312.5,312.5
2006-09-29,ZC0803,311.5,314.0,308.5,310.75,176.0,,玉米0803,9317.0,310.75,310.75
2006-10-02,ZC0803,310.25,316.0,310.25,315.25,313.0,,玉米0803,9434.0,315.25,315.25
2006-10-03,ZC0803,310.5,314.0,310.5,314.0,44.0,,玉米0803,9685.0,314.0,314.0
2006-10-04,ZC0803,313.5,321.0,312.0,321.0,646.0,,玉米0803,9703.0,321.0,321.0
2006-10-05,ZC0803,317.5,318.0,313.0,316.75,574.0,,玉米0803,9797.0,316.75,316.75
2006-10-06,ZC0803,315.0,323.0,311.0,314.25,375.0,,玉米0803,9790.0,314.25,314.25
2006-10-09,ZC0803,313.25,329.0,313.25,328.5,690.0,,玉米0803,9793.0,328.5,328.5
2006-10-10,ZC0803,322.0,323.0,314.0,315.0,381.0,,玉米0803,9388.0,315.0,315.0
2006-10-11,ZC0803,315.0,321.0,315.0,317.5,411.0,,玉米0803,9503.0,317.5,317.5
2006-10-12,ZC0803,320.0,327.0,300.0,322.0,515.0,,玉米0803,9707.0,322.0,322.0
2006-10-13,ZC0803,321.0,332.0,318.5,331.5,588.0,,玉米0803,9942.0,331.5,331.5
2006-10-16,ZC0803,327.0,330.0,325.0,328.0,656.0,,玉米0803,10300.0,328.0,328.0
2006-10-17,ZC0803,328.0,333.0,327.5,331.0,646.0,,玉米0803,10406.0,331.0,331.0
2006-10-18,ZC0803,327.0,330.5,325.5,330.25,397.0,,玉米0803,10698.0,330.25,330.25
2006-10-19,ZC0803,326.0,335.5,326.0,334.75,470.0,,玉米0803,10769.0,334.75,334.75
2006-10-20,ZC0803,334.0,335.5,331.5,334.0,1542.0,,玉米0803,11021.0,334.0,334.0
2006-10-23,ZC0803,330.0,340.0,329.0,339.5,720.0,,玉米0803,12072.0,339.5,339.5
2006-10-24,ZC0803,338.0,345.0,335.5,343.75,580.0,,玉米0803,12678.0,343.75,343.75
2006-10-25,ZC0803,339.75,347.0,339.75,344.0,691.0,,玉米0803,12958.0,344.0,344.0
2006-10-26,ZC0803,340.25,345.0,336.0,339.5,543.0,,玉米0803,13197.0,339.5,339.5
2006-10-27,ZC0803,338.5,342.75,338.5,342.5,346.0,,玉米0803,13277.0,342.5,342.5
2006-10-30,ZC0803,342.0,342.5,338.0,338.5,242.0,,玉米0803,13319.0,338.5,338.5
2006-10-31,ZC0803,338.0,338.0,332.25,333.75,563.0,,玉米0803,13406.0,333.75,333.75
2006-11-01,ZC0803,332.0,342.0,332.0,341.0,399.0,,玉米0803,13325.0,341.0,341.0
2006-11-02,ZC0803,340.0,355.5,340.0,353.0,899.0,,玉米0803,13514.0,353.0,353.0
2006-11-03,ZC0803,350.0,357.0,347.5,355.0,548.0,,玉米0803,13996.0,355.0,355.0
2006-11-06,ZC0803,351.0,359.0,351.0,359.0,430.0,,玉米0803,14221.0,359.0,359.0
2006-11-07,ZC0803,358.0,363.0,354.75,362.25,680.0,,玉米0803,14447.0,362.25,362.25
2006-11-08,ZC0803,360.0,365.5,358.0,363.5,1882.0,,玉米0803,14631.0,363.5,363.5
2006-11-09,ZC0803,360.0,364.0,353.0,353.0,1053.0,,玉米0803,14905.0,353.0,353.0
2006-11-10,ZC0803,350.0,353.5,346.5,349.5,561.0,,玉米0803,14784.0,349.5,349.5
2006-11-13,ZC0803,349.0,355.0,344.0,344.5,256.0,,玉米0803,14918.0,344.5,344.5
2006-11-14,ZC0803,344.0,354.0,343.0,349.5,506.0,,玉米0803,15012.0,349.5,349.5
2006-11-15,ZC0803,349.5,353.0,347.5,349.25,473.0,,玉米0803,15194.0,349.25,349.25
2006-11-16,ZC0803,346.0,351.0,346.0,348.0,622.0,,玉米0803,15376.0,348.0,348.0
2006-11-17,ZC0803,347.0,349.0,343.0,347.0,801.0,,玉米0803,15514.0,347.0,347.0
2006-11-20,ZC0803,346.75,352.0,346.75,348.5,1121.0,,玉米0803,16012.0,348.5,348.5
2006-11-21,ZC0803,348.0,354.0,347.0,352.75,684.0,,玉米0803,15795.0,352.75,352.75
2006-11-22,ZC0803,352.75,358.0,351.5,356.5,373.0,,玉米0803,16054.0,356.5,356.5
2006-11-24,ZC0803,356.0,367.0,356.0,365.0,374.0,,玉米0803,,365.0,365.0
2006-11-27,ZC0803,365.0,373.0,365.0,372.0,638.0,,玉米0803,16247.0,372.0,372.0
2006-11-28,ZC0803,369.5,372.0,364.0,367.25,317.0,,玉米0803,16698.0,367.25,367.25
2006-11-29,ZC0803,367.25,367.5,359.0,367.25,411.0,,玉米0803,16861.0,367.25,367.25
2006-11-30,ZC0803,367.0,371.0,360.0,369.0,636.0,,玉米0803,16945.0,369.0,369.0
2006-12-01,ZC0803,369.0,369.0,364.0,367.75,255.0,,玉米0803,17148.0,367.75,367.75
2006-12-04,ZC0803,360.25,362.0,357.5,362.0,552.0,,玉米0803,17214.0,362.0,362.0
2006-12-05,ZC0803,358.5,365.0,356.0,364.5,487.0,,玉米0803,17385.0,364.5,364.5
2006-12-06,ZC0803,361.0,362.25,355.5,356.5,393.0,,玉米0803,17637.0,356.5,356.5
2006-12-07,ZC0803,353.75,361.0,353.5,360.75,356.0,,玉米0803,17752.0,360.75,360.75
2006-12-08,ZC0803,360.0,361.0,356.0,356.5,324.0,,玉米0803,17961.0,356.5,356.5
2006-12-11,ZC0803,356.0,360.5,353.0,358.0,177.0,,玉米0803,18039.0,358.0,358.0
2006-12-12,ZC0803,357.5,361.5,357.5,360.5,180.0,,玉米0803,18127.0,360.5,360.5
2006-12-13,ZC0803,360.0,360.0,356.5,357.0,658.0,,玉米0803,18269.0,357.0,357.0
2006-12-14,ZC0803,356.5,365.5,355.0,365.5,497.0,,玉米0803,18379.0,365.5,365.5
2006-12-15,ZC0803,364.75,368.0,361.5,366.5,593.0,,玉米0803,18380.0,366.5,366.5
2006-12-18,ZC0803,366.0,367.5,363.0,367.0,241.0,,玉米0803,18596.0,367.0,367.0
2006-12-19,ZC0803,367.0,371.5,366.5,371.0,479.0,,玉米0803,18714.0,371.0,371.0
2006-12-20,ZC0803,370.0,372.0,368.5,371.5,448.0,,玉米0803,18946.0,371.5,371.5
2006-12-21,ZC0803,370.5,374.0,370.5,374.0,515.0,,玉米0803,19079.0,374.0,374.0
2006-12-22,ZC0803,370.25,377.0,370.25,376.5,421.0,,玉米0803,19308.0,376.5,376.5
2006-12-26,ZC0803,375.5,378.0,375.5,376.75,277.0,,玉米0803,19542.0,376.75,376.75
2006-12-27,ZC0803,376.25,377.0,374.75,377.0,350.0,,玉米0803,19707.0,377.0,377.0
2006-12-28,ZC0803,376.0,380.0,375.0,379.0,473.0,,玉米0803,19792.0,379.0,379.0
2006-12-29,ZC0803,378.5,380.5,377.75,379.75,376.0,,玉米0803,19997.0,379.75,379.75
2007-01-02,ZC0803,379.5,380.0,379.5,379.75,12.0,,玉米0803,20225.0,379.75,379.75
2007-01-03,ZC0803,378.0,378.25,366.5,367.0,923.0,,玉米0803,20224.0,367.0,367.0
2007-01-04,ZC0803,366.5,371.5,363.5,364.75,505.0,,玉米0803,20429.0,364.75,364.75
2007-01-05,ZC0803,364.5,372.5,364.5,372.0,589.0,,玉米0803,20763.0,372.0,372.0
2007-01-08,ZC0803,371.0,372.5,367.0,371.25,584.0,,玉米0803,20935.0,371.25,371.25
2007-01-09,ZC0803,369.75,369.75,365.0,365.5,1011.0,,玉米0803,21033.0,365.5,365.5
2007-01-10,ZC0803,364.5,368.0,361.75,368.0,1202.0,,玉米0803,21162.0,368.0,368.0
2007-01-11,ZC0803,368.0,380.5,368.0,380.25,1039.0,,玉米0803,21451.0,380.25,380.25
2007-01-12,ZC0803,378.0,400.25,375.0,400.25,2400.0,,玉米0803,21788.0,400.25,400.25
2007-01-16,ZC0803,402.25,412.0,390.25,393.5,2706.0,,玉米0803,22730.0,393.5,393.5
2007-01-17,ZC0803,392.0,405.0,392.0,395.5,2839.0,,玉米0803,23891.0,395.5,395.5
2007-01-18,ZC0803,395.5,403.0,393.75,397.5,1077.0,,玉米0803,24277.0,397.5,397.5
2007-01-19,ZC0803,396.5,400.0,391.75,396.0,951.0,,玉米0803,24653.0,396.0,396.0
2007-01-22,ZC0803,394.0,402.5,393.25,401.25,1097.0,,玉米0803,24605.0,401.25,401.25
2007-01-23,ZC0803,400.0,408.5,400.0,408.25,1806.0,,玉米0803,24828.0,408.25,408.25
2007-01-24,ZC0803,407.75,411.5,399.5,404.0,967.0,,玉米0803,25562.0,404.0,404.0
2007-01-25,ZC0803,404.0,408.0,401.0,405.0,737.0,,玉米0803,25892.0,405.0,405.0
2007-01-26,ZC0803,404.0,405.0,401.75,404.5,664.0,,玉米0803,26023.0,404.5,404.5
2007-01-29,ZC0803,404.0,405.5,398.0,399.5,565.0,,玉米0803,26138.0,399.5,399.5
2007-01-30,ZC0803,399.5,404.0,397.5,403.5,1371.0,,玉米0803,26359.0,403.5,403.5
2007-01-31,ZC0803,403.0,405.5,398.0,401.0,471.0,,玉米0803,26690.0,401.0,401.0
2007-02-01,ZC0803,400.25,405.0,399.0,399.0,603.0,,玉米0803,26834.0,399.0,399.0
2007-02-02,ZC0803,398.5,404.0,397.75,403.5,631.0,,玉米0803,26941.0,403.5,403.5
2007-02-05,ZC0803,402.0,406.0,400.25,401.5,668.0,,玉米0803,26969.0,401.5,401.5
2007-02-06,ZC0803,401.0,404.0,397.5,397.75,1196.0,,玉米0803,26915.0,397.75,397.75
2007-02-07,ZC0803,397.75,400.25,396.0,397.0,1194.0,,玉米0803,27459.0,397.0,397.0
2007-02-08,ZC0803,394.75,403.0,393.75,403.0,1676.0,,玉米0803,27700.0,403.0,403.0
2007-02-09,ZC0803,402.0,407.0,400.0,405.5,1134.0,,玉米0803,28343.0,405.5,405.5
2007-02-12,ZC0803,405.0,407.75,404.25,404.75,602.0,,玉米0803,29079.0,404.75,404.75
2007-02-13,ZC0803,404.25,409.5,404.0,409.25,1657.0,,玉米0803,29321.0,409.25,409.25
2007-02-14,ZC0803,408.0,411.0,405.0,407.25,1674.0,,玉米0803,29410.0,407.25,407.25
2007-02-15,ZC0803,407.0,412.0,407.0,411.25,1964.0,,玉米0803,29208.0,411.25,411.25
2007-02-16,ZC0803,411.0,419.5,410.5,418.75,1938.0,,玉米0803,29422.0,418.75,418.75
2007-02-20,ZC0803,417.0,422.0,417.0,419.25,1215.0,,玉米0803,30075.0,419.25,419.25
2007-02-21,ZC0803,418.75,430.5,417.5,428.25,2552.0,,玉米0803,30589.0,428.25,428.25
2007-02-22,ZC0803,426.75,435.25,426.75,434.0,2338.0,,玉米0803,31730.0,434.0,434.0
2007-02-23,ZC0803,432.0,433.0,424.0,426.75,1190.0,,玉米0803,32060.0,426.75,426.75
2007-02-26,ZC0803,426.75,434.0,425.0,425.5,2151.0,,玉米0803,32294.0,425.5,425.5
2007-02-27,ZC0803,424.5,426.5,408.75,418.0,1039.0,,玉米0803,33023.0,418.0,418.0
2007-02-28,ZC0803,417.0,427.5,417.0,427.0,1764.0,,玉米0803,32904.0,427.0,427.0
2007-03-01,ZC0803,425.0,430.0,412.0,421.25,3730.0,,玉米0803,33228.0,421.25,421.25
2007-03-02,ZC0803,422.0,422.0,414.25,415.5,1960.0,,玉米0803,33951.0,415.5,415.5
2007-03-05,ZC0803,412.25,417.5,408.0,416.75,2735.0,,玉米0803,33880.0,416.75,416.75
2007-03-06,ZC0803,416.5,419.25,414.0,414.5,1158.0,,玉米0803,34078.0,414.5,414.5
2007-03-07,ZC0803,414.5,421.0,413.0,419.0,1472.0,,玉米0803,34188.0,419.0,419.0
2007-03-08,ZC0803,418.0,424.0,417.75,419.25,3164.0,,玉米0803,34278.0,419.25,419.25
2007-03-09,ZC0803,418.75,421.75,416.0,416.75,1575.0,,玉米0803,34948.0,416.75,416.75
2007-03-12,ZC0803,416.75,417.0,409.0,411.75,1305.0,,玉米0803,35245.0,411.75,411.75
2007-03-13,ZC0803,410.25,413.0,403.5,409.25,5927.0,,玉米0803,35199.0,409.25,409.25
2007-03-14,ZC0803,407.0,410.5,402.0,410.25,2636.0,,玉米0803,38119.0,410.25,410.25
2007-03-15,ZC0803,409.5,413.5,406.0,406.75,4506.0,,玉米0803,38956.0,406.75,406.75
2007-03-16,ZC0803,405.75,416.5,402.0,411.5,2100.0,,玉米0803,36587.0,411.5,411.5
2007-03-19,ZC0803,411.25,415.5,409.25,414.25,1375.0,,玉米0803,36851.0,414.25,414.25
2007-03-20,ZC0803,414.0,418.25,413.25,418.25,2451.0,,玉米0803,37287.0,418.25,418.25
2007-03-21,ZC0803,417.25,420.5,416.25,418.25,837.0,,玉米0803,38112.0,418.25,418.25
2007-03-22,ZC0803,418.5,420.0,416.0,418.75,948.0,,玉米0803,38384.0,418.75,418.75
2007-03-23,ZC0803,418.25,423.0,418.25,419.0,2512.0,,玉米0803,38801.0,419.0,419.0
2007-03-26,ZC0803,413.0,418.5,405.5,410.75,2947.0,,玉米0803,39664.0,410.75,410.75
2007-03-27,ZC0803,411.0,413.0,408.0,410.5,1305.0,,玉米0803,40616.0,410.5,410.5
2007-03-28,ZC0803,410.0,414.0,406.25,409.75,3591.0,,玉米0803,41110.0,409.75,409.75
2007-03-29,ZC0803,409.0,413.75,405.5,412.25,4105.0,,玉米0803,41924.0,412.25,412.25
2007-03-30,ZC0803,410.25,412.5,392.25,392.25,6211.0,,玉米0803,43232.0,392.25,392.25
2007-04-02,ZC0803,384.0,384.0,372.25,379.5,7166.0,,玉米0803,43757.0,379.5,379.5
2007-04-03,ZC0803,380.75,385.25,376.5,378.75,4838.0,,玉米0803,44866.0,378.75,378.75
2007-04-04,ZC0803,378.75,393.75,378.75,391.25,2802.0,,玉米0803,45664.0,391.25,391.25
2007-04-05,ZC0803,392.75,398.5,389.0,397.5,2170.0,,玉米0803,45946.0,397.5,397.5
2007-04-09,ZC0803,402.5,416.0,395.5,397.5,2859.0,,玉米0803,46847.0,397.5,397.5
2007-04-10,ZC0803,398.0,410.5,393.0,405.25,3809.0,,玉米0803,46808.0,405.25,405.25
2007-04-11,ZC0803,404.0,409.25,398.25,399.25,3190.0,,玉米0803,46824.0,399.25,399.25
2007-04-12,ZC0803,398.75,400.0,389.75,398.0,1564.0,,玉米0803,45865.0,398.0,398.0
2007-04-13,ZC0803,398.0,407.5,398.0,404.75,4521.0,,玉米0803,46303.0,404.75,404.75
2007-04-16,ZC0803,403.0,405.0,397.5,400.5,2671.0,,玉米0803,46554.0,400.5,400.5
2007-04-17,ZC0803,402.0,405.25,389.25,389.75,2448.0,,玉米0803,47067.0,389.75,389.75
2007-04-18,ZC0803,389.75,394.0,388.0,391.0,2730.0,,玉米0803,46499.0,391.0,391.0
2007-04-19,ZC0803,390.0,394.25,381.0,390.25,2916.0,,玉米0803,46723.0,390.25,390.25
2007-04-20,ZC0803,385.0,387.0,383.0,385.25,3588.0,,玉米0803,46760.0,385.25,385.25
2007-04-23,ZC0803,381.5,382.75,376.0,379.75,4760.0,,玉米0803,47125.0,379.75,379.75
2007-04-24,ZC0803,384.0,385.0,379.75,383.25,2786.0,,玉米0803,47667.0,383.25,383.25
2007-04-25,ZC0803,383.25,402.5,383.25,389.5,4389.0,,玉米0803,48571.0,389.5,389.5
2007-04-26,ZC0803,389.5,396.0,378.5,384.75,4229.0,,玉米0803,48318.0,384.75,384.75
2007-04-27,ZC0803,384.0,385.25,376.0,377.75,1551.0,,玉米0803,48036.0,377.75,377.75
2007-04-30,ZC0803,375.0,377.25,369.75,376.0,2473.0,,玉米0803,48111.0,376.0,376.0
2007-05-01,ZC0803,381.0,389.5,377.0,389.0,3142.0,,玉米0803,48342.0,389.0,389.0
2007-05-02,ZC0803,388.0,395.0,386.75,391.25,2820.0,,玉米0803,49170.0,391.25,391.25
2007-05-03,ZC0803,390.75,403.25,390.75,397.25,1836.0,,玉米0803,49356.0,397.25,397.25
2007-05-04,ZC0803,396.0,402.0,394.75,401.0,1308.0,,玉米0803,49581.0,401.0,401.0
2007-05-07,ZC0803,406.75,411.0,392.0,394.25,1098.0,,玉米0803,49988.0,394.25,394.25
2007-05-08,ZC0803,385.0,385.25,375.75,377.5,2815.0,,玉米0803,50232.0,377.5,377.5
2007-05-09,ZC0803,378.75,379.5,374.25,377.0,4009.0,,玉米0803,50999.0,377.0,377.0
2007-05-10,ZC0803,377.0,381.0,368.0,369.0,4847.0,,玉米0803,50703.0,369.0,369.0
2007-05-11,ZC0803,367.5,386.5,366.5,386.25,2445.0,,玉米0803,51508.0,386.25,386.25
2007-05-14,ZC0803,386.5,390.5,382.5,383.0,2758.0,,玉米0803,51758.0,383.0,383.0
2007-05-15,ZC0803,381.0,392.5,376.0,389.75,2437.0,,玉米0803,52088.0,389.75,389.75
2007-05-16,ZC0803,390.0,393.5,385.75,388.75,2287.0,,玉米0803,52160.0,388.75,388.75
2007-05-17,ZC0803,388.25,389.0,381.5,382.25,2266.0,,玉米0803,51877.0,382.25,382.25
2007-05-18,ZC0803,381.25,385.0,377.0,377.5,4509.0,,玉米0803,52220.0,377.5,377.5
2007-05-21,ZC0803,377.5,392.0,375.0,390.25,2921.0,,玉米0803,53387.0,390.25,390.25
2007-05-22,ZC0803,388.25,388.5,379.0,380.5,5192.0,,玉米0803,53414.0,380.5,380.5
2007-05-23,ZC0803,378.75,385.25,378.0,382.0,2870.0,,玉米0803,54134.0,382.0,382.0
2007-05-24,ZC0803,384.0,386.25,381.0,383.25,3316.0,,玉米0803,54652.0,383.25,383.25
2007-05-25,ZC0803,382.25,386.5,380.5,385.75,2226.0,,玉米0803,54450.0,385.75,385.75
2007-05-29,ZC0803,383.0,383.5,377.0,379.0,3394.0,,玉米0803,55032.0,379.0,379.0
2007-05-30,ZC0803,376.5,394.0,376.5,392.5,2643.0,,玉米0803,55401.0,392.5,392.5
2007-05-31,ZC0803,391.5,400.5,388.75,396.75,3269.0,,玉米0803,55887.0,396.75,396.75
2007-06-01,ZC0803,396.0,401.0,390.75,393.5,1727.0,,玉米0803,56280.0,393.5,393.5
2007-06-04,ZC0803,392.0,398.0,391.5,393.75,3929.0,,玉米0803,56257.0,393.75,393.75
2007-06-05,ZC0803,393.5,402.0,391.75,393.5,2868.0,,玉米0803,56752.0,393.5,393.5
2007-06-06,ZC0803,393.5,397.5,389.25,392.0,2613.0,,玉米0803,57090.0,392.0,392.0
2007-06-07,ZC0803,393.25,404.75,391.0,404.0,2428.0,,玉米0803,57175.0,404.0,404.0
2007-06-08,ZC0803,403.0,407.0,397.25,403.0,2306.0,,玉米0803,57049.0,403.0,403.0
2007-06-11,ZC0803,412.0,420.0,409.25,415.5,5176.0,,玉米0803,57532.0,415.5,415.5
2007-06-12,ZC0803,413.5,418.25,409.25,415.0,2994.0,,玉米0803,57742.0,415.0,415.0
2007-06-13,ZC0803,414.5,426.0,410.75,425.25,5266.0,,玉米0803,58238.0,425.25,425.25
2007-06-14,ZC0803,421.5,430.0,419.25,426.5,5638.0,,玉米0803,59185.0,426.5,426.5
2007-06-15,ZC0803,424.75,433.25,421.75,432.5,4361.0,,玉米0803,59647.0,432.5,432.5
2007-06-18,ZC0803,433.0,443.0,428.75,431.75,4384.0,,玉米0803,60560.0,431.75,431.75
2007-06-19,ZC0803,431.75,439.0,411.75,411.75,7825.0,,玉米0803,61134.0,411.75,411.75
2007-06-20,ZC0803,406.0,429.0,406.0,415.25,4116.0,,玉米0803,61629.0,415.25,415.25
2007-06-21,ZC0803,415.25,423.0,405.25,408.25,3050.0,,玉米0803,61718.0,408.25,408.25
2007-06-22,ZC0803,407.5,410.25,389.0,392.5,4475.0,,玉米0803,61409.0,392.5,392.5
2007-06-25,ZC0803,390.5,392.75,384.5,385.25,5114.0,,玉米0803,61664.0,385.25,385.25
2007-06-26,ZC0803,385.0,397.5,384.5,386.25,2926.0,,玉米0803,62087.0,386.25,386.25
2007-06-27,ZC0803,386.0,391.0,370.0,374.0,8923.0,,玉米0803,62090.0,374.0,374.0
2007-06-28,ZC0803,374.5,376.25,370.75,371.25,6745.0,,玉米0803,63295.0,371.25,371.25
2007-06-29,ZC0803,371.0,378.0,358.0,363.75,13097.0,,玉米0803,64380.0,363.75,363.75
2007-07-02,ZC0803,363.75,372.0,360.0,364.25,7595.0,,玉米0803,67596.0,364.25,364.25
2007-07-03,ZC0803,364.5,365.0,350.75,351.75,8699.0,,玉米0803,68568.0,351.75,351.75
2007-07-05,ZC0803,355.0,360.0,354.0,356.5,5298.0,,玉米0803,,356.5,356.5
2007-07-06,ZC0803,358.25,366.0,356.0,365.25,5181.0,,玉米0803,69557.0,365.25,365.25
2007-07-09,ZC0803,366.0,368.0,357.0,363.75,11168.0,,玉米0803,69197.0,363.75,363.75
2007-07-10,ZC0803,363.75,372.75,359.0,371.0,6792.0,,玉米0803,72704.0,371.0,371.0
2007-07-11,ZC0803,371.0,373.25,367.5,369.5,7635.0,,玉米0803,73964.0,369.5,369.5
2007-07-12,ZC0803,369.0,379.0,362.5,378.0,9520.0,,玉米0803,75048.0,378.0,378.0
2007-07-13,ZC0803,377.5,384.0,374.0,381.75,5360.0,,玉米0803,76879.0,381.75,381.75
2007-07-16,ZC0803,375.5,375.5,361.75,361.75,7207.0,,玉米0803,76736.0,361.75,361.75
2007-07-17,ZC0803,359.5,362.25,346.0,351.25,16112.0,,玉米0803,77560.0,351.25,351.25
2007-07-18,ZC0803,351.5,358.0,350.0,357.5,24757.0,,玉米0803,80175.0,357.5,357.5
2007-07-19,ZC0803,358.0,359.25,347.0,351.75,11304.0,,玉米0803,90074.0,351.75,351.75
2007-07-20,ZC0803,351.75,358.0,346.25,348.75,13820.0,,玉米0803,91017.0,348.75,348.75
2007-07-23,ZC0803,348.0,348.25,340.0,340.75,14035.0,,玉米0803,93518.0,340.75,340.75
2007-07-24,ZC0803,343.0,347.75,341.0,342.0,9099.0,,玉米0803,96598.0,342.0,342.0
2007-07-25,ZC0803,342.0,347.0,341.75,342.5,9099.0,,玉米0803,97400.0,342.5,342.5
2007-07-26,ZC0803,342.75,355.0,342.75,348.5,6849.0,,玉米0803,97664.0,348.5,348.5
2007-07-27,ZC0803,348.5,352.5,346.25,351.75,6106.0,,玉米0803,97535.0,351.75,351.75
2007-07-30,ZC0803,352.5,355.75,344.75,355.25,9169.0,,玉米0803,97549.0,355.25,355.25
2007-07-31,ZC0803,356.25,358.0,353.25,357.5,14172.0,,玉米0803,98577.0,357.5,357.5
2007-08-01,ZC0803,357.5,359.5,349.0,351.25,8519.0,,玉米0803,96014.0,351.25,351.25
2007-08-02,ZC0803,353.5,359.75,353.5,356.25,6568.0,,玉米0803,97735.0,356.25,356.25
2007-08-03,ZC0803,354.75,362.0,353.75,358.75,4842.0,,玉米0803,97978.0,358.75,358.75
2007-08-06,ZC0803,353.0,360.0,348.75,359.25,7293.0,,玉米0803,98892.0,359.25,359.25
2007-08-07,ZC0803,358.75,368.0,356.0,367.5,11665.0,,玉米0803,100756.0,367.5,367.5
2007-08-08,ZC0803,366.75,374.75,365.25,373.5,18546.0,,玉米0803,101646.0,373.5,373.5
2007-08-09,ZC0803,372.25,374.0,363.0,364.5,15911.0,,玉米0803,102859.0,364.5,364.5
2007-08-10,ZC0803,363.0,369.0,356.5,365.75,7493.0,,玉米0803,102813.0,365.75,365.75
2007-08-13,ZC0803,367.25,373.0,363.5,364.25,11180.0,,玉米0803,103864.0,364.25,364.25
2007-08-14,ZC0803,364.25,368.0,357.25,360.5,8666.0,,玉米0803,106620.0,360.5,360.5
2007-08-15,ZC0803,360.5,366.0,357.25,360.5,16568.0,,玉米0803,106402.0,360.5,360.5
2007-08-16,ZC0803,360.0,360.0,342.25,354.25,19926.0,,玉米0803,107034.0,354.25,354.25
2007-08-17,ZC0803,353.5,361.0,349.5,360.0,9885.0,,玉米0803,109232.0,360.0,360.0
2007-08-20,ZC0803,358.75,364.5,356.5,364.0,5698.0,,玉米0803,111054.0,364.0,364.0
2007-08-21,ZC0803,363.0,372.5,362.25,370.0,7543.0,,玉米0803,112115.0,370.0,370.0
2007-08-22,ZC0803,370.0,379.5,369.25,379.0,11500.0,,玉米0803,113629.0,379.0,379.0
2007-08-23,ZC0803,378.5,387.5,376.0,377.25,15109.0,,玉米0803,115566.0,377.25,377.25
2007-08-24,ZC0803,376.0,377.25,373.0,374.25,12426.0,,玉米0803,116590.0,374.25,374.25
2007-08-27,ZC0803,371.25,371.25,364.0,369.25,23840.0,,玉米0803,117457.0,369.25,369.25
2007-08-28,ZC0803,367.75,370.25,359.5,361.5,21320.0,,玉米0803,126667.0,361.5,361.5
2007-08-29,ZC0803,360.0,363.0,355.25,357.0,20399.0,,玉米0803,128929.0,357.0,357.0
2007-08-30,ZC0803,356.5,364.25,349.25,356.0,19545.0,,玉米0803,131140.0,356.0,356.0
2007-08-31,ZC0803,355.5,362.0,354.0,356.0,16860.0,,玉米0803,132667.0,356.0,356.0
2007-09-04,ZC0803,356.75,373.5,356.75,369.25,17394.0,,玉米0803,132531.0,369.25,369.25
2007-09-05,ZC0803,368.25,374.25,361.0,361.75,12903.0,,玉米0803,134964.0,361.75,361.75
2007-09-06,ZC0803,363.0,364.0,354.0,355.75,16974.0,,玉米0803,135366.0,355.75,355.75
2007-09-07,ZC0803,355.75,365.25,352.25,364.0,15932.0,,玉米0803,136777.0,364.0,364.0
2007-09-10,ZC0803,363.5,370.0,359.25,363.0,10757.0,,玉米0803,137646.0,363.0,363.0
2007-09-11,ZC0803,362.75,363.5,355.25,357.75,24558.0,,玉米0803,138712.0,357.75,357.75
2007-09-12,ZC0803,357.25,375.0,355.25,373.0,35417.0,,玉米0803,143848.0,373.0,373.0
2007-09-13,ZC0803,372.25,375.0,360.5,363.75,23382.0,,玉米0803,142914.0,363.75,363.75
2007-09-14,ZC0803,363.0,371.0,362.0,366.0,13530.0,,玉米0803,145058.0,366.0,366.0
2007-09-17,ZC0803,365.0,371.0,364.5,369.0,10405.0,,玉米0803,146139.0,369.0,369.0
2007-09-18,ZC0803,368.0,371.0,361.25,369.0,22843.0,,玉米0803,147498.0,369.0,369.0
2007-09-19,ZC0803,368.5,375.0,364.0,374.75,21258.0,,玉米0803,152842.0,374.75,374.75
2007-09-20,ZC0803,372.5,391.0,372.5,385.25,38207.0,,玉米0803,151753.0,385.25,385.25
2007-09-21,ZC0803,385.0,392.75,384.0,392.0,22186.0,,玉米0803,153698.0,392.0,392.0
2007-09-24,ZC0803,390.0,396.0,386.25,389.0,28965.0,,玉米0803,155760.0,389.0,389.0
2007-09-25,ZC0803,388.0,390.5,386.25,387.25,23202.0,,玉米0803,157261.0,387.25,387.25
2007-09-26,ZC0803,386.5,391.5,384.0,390.75,23765.0,,玉米0803,158770.0,390.75,390.75
2007-09-27,ZC0803,390.75,404.75,390.0,402.25,39313.0,,玉米0803,159547.0,402.25,402.25
2007-09-28,ZC0803,402.0,403.0,386.25,389.25,35640.0,,玉米0803,160398.0,389.25,389.25
2007-10-01,ZC0803,389.0,393.0,384.5,385.5,23408.0,,玉米0803,161348.0,385.5,385.5
2007-10-02,ZC0803,384.25,385.25,365.5,365.5,30988.0,,玉米0803,166575.0,365.5,365.5
2007-10-03,ZC0803,364.0,368.25,359.0,361.0,30444.0,,玉米0803,170072.0,361.0,361.0
2007-10-04,ZC0803,362.0,366.25,357.5,359.0,17972.0,,玉米0803,170597.0,359.0,359.0
2007-10-05,ZC0803,358.5,360.25,356.0,359.0,14938.0,,玉米0803,171364.0,359.0,359.0
2007-10-08,ZC0803,358.25,359.0,352.0,356.25,17453.0,,玉米0803,173632.0,356.25,356.25
2007-10-09,ZC0803,356.0,365.0,354.75,359.5,22826.0,,玉米0803,175028.0,359.5,359.5
2007-10-10,ZC0803,359.5,365.0,359.5,364.25,12789.0,,玉米0803,175720.0,364.25,364.25
2007-10-11,ZC0803,364.0,366.0,358.0,360.75,19543.0,,玉米0803,177266.0,360.75,360.75
2007-10-12,ZC0803,359.75,374.5,357.5,367.75,33859.0,,玉米0803,179300.0,367.75,367.75
2007-10-15,ZC0803,367.0,378.75,367.0,378.25,22693.0,,玉米0803,187257.0,378.25,378.25
2007-10-16,ZC0803,377.5,378.5,371.5,377.25,22403.0,,玉米0803,188624.0,377.25,377.25
2007-10-17,ZC0803,376.75,377.5,372.25,374.5,23249.0,,玉米0803,191844.0,374.5,374.5
2007-10-18,ZC0803,373.75,383.75,373.5,383.5,21256.0,,玉米0803,191927.0,383.5,383.5
2007-10-19,ZC0803,382.75,387.0,380.25,386.0,36302.0,,玉米0803,195051.0,386.0,386.0
2007-10-22,ZC0803,384.25,384.5,375.5,381.0,23241.0,,玉米0803,201309.0,381.0,381.0
2007-10-23,ZC0803,381.0,385.0,376.25,377.75,20387.0,,玉米0803,205208.0,377.75,377.75
2007-10-24,ZC0803,376.75,379.0,372.5,373.5,23283.0,,玉米0803,209066.0,373.5,373.5
2007-10-25,ZC0803,373.0,384.0,373.0,383.0,20704.0,,玉米0803,210603.0,383.0,383.0
2007-10-26,ZC0803,382.5,391.0,381.75,388.75,36991.0,,玉米0803,213280.0,388.75,388.75
2007-10-29,ZC0803,388.25,396.0,387.75,393.0,32328.0,,玉米0803,217874.0,393.0,393.0
2007-10-30,ZC0803,392.5,392.5,385.75,387.5,35793.0,,玉米0803,226351.0,387.5,387.5
2007-10-31,ZC0803,387.0,396.75,385.0,392.75,31834.0,,玉米0803,232582.0,392.75,392.75
2007-11-01,ZC0803,392.25,396.25,383.5,386.0,42252.0,,玉米0803,244370.0,386.0,386.0
2007-11-02,ZC0803,385.75,397.5,385.75,394.5,53837.0,,玉米0803,255623.0,394.5,394.5
2007-11-05,ZC0803,392.5,394.75,389.0,392.5,39988.0,,玉米0803,267308.0,392.5,392.5
2007-11-06,ZC0803,392.0,404.75,391.5,403.0,62074.0,,玉米0803,279647.0,403.0,403.0
2007-11-07,ZC0803,402.0,409.75,399.25,401.25,114698.0,,玉米0803,294345.0,401.25,401.25
2007-11-08,ZC0803,400.75,407.0,399.5,406.25,70230.0,,玉米0803,327896.0,406.25,406.25
2007-11-09,ZC0803,405.25,406.0,397.0,404.0,103515.0,,玉米0803,339578.0,404.0,404.0
2007-11-12,ZC0803,402.75,402.75,394.5,396.0,71722.0,,玉米0803,358726.0,396.0,396.0
2007-11-13,ZC0803,395.0,399.0,391.0,392.0,59684.0,,玉米0803,381835.0,392.0,392.0
2007-11-14,ZC0803,391.0,401.75,390.75,400.0,42527.0,,玉米0803,404234.0,400.0,400.0
2007-11-15,ZC0803,399.25,400.5,391.25,391.75,99093.0,,玉米0803,411544.0,391.75,391.75
2007-11-16,ZC0803,391.75,398.25,391.0,396.5,59227.0,,玉米0803,427850.0,396.5,396.5
2007-11-19,ZC0803,395.75,401.75,393.25,394.5,49915.0,,玉米0803,436725.0,394.5,394.5
2007-11-20,ZC0803,394.0,403.0,391.0,398.25,89220.0,,玉米0803,446161.0,398.25,398.25
2007-11-21,ZC0803,398.0,400.0,394.25,398.75,46160.0,,玉米0803,466052.0,398.75,398.75
2007-11-23,ZC0803,398.0,406.75,398.0,405.75,58513.0,,玉米0803,471998.0,405.75,405.75
2007-11-26,ZC0803,405.75,411.0,399.25,403.25,101136.0,,玉米0803,486828.0,403.25,403.25
2007-11-27,ZC0803,402.25,403.5,398.5,400.75,79832.0,,玉米0803,502539.0,400.75,400.75
2007-11-28,ZC0803,400.5,405.0,397.0,404.5,92379.0,,玉米0803,511693.0,404.5,404.5
2007-11-29,ZC0803,404.0,407.25,399.5,400.75,122563.0,,玉米0803,518889.0,400.75,400.75
2007-11-30,ZC0803,400.25,405.0,395.5,401.5,132996.0,,玉米0803,541580.0,401.5,401.5
2007-12-03,ZC0803,401.0,410.0,399.75,403.5,134121.0,,玉米0803,539455.0,403.5,403.5
2007-12-04,ZC0803,403.5,414.0,403.5,411.25,133456.0,,玉米0803,546482.0,411.25,411.25
2007-12-05,ZC0803,410.25,413.25,408.25,411.25,91672.0,,玉米0803,557621.0,411.25,411.25
2007-12-06,ZC0803,409.5,413.0,408.0,412.0,68797.0,,玉米0803,555154.0,412.0,412.0
2007-12-07,ZC0803,412.0,418.0,411.5,417.25,98685.0,,玉米0803,559247.0,417.25,417.25
2007-12-10,ZC0803,415.75,419.75,414.5,417.75,88187.0,,玉米0803,566181.0,417.75,417.75
2007-12-11,ZC0803,416.75,425.0,415.5,424.0,129463.0,,玉米0803,571747.0,424.0,424.0
2007-12-12,ZC0803,421.75,433.75,419.5,433.25,117098.0,,玉米0803,579177.0,433.25,433.25
2007-12-13,ZC0803,432.25,438.75,428.75,435.0,136078.0,,玉米0803,588595.0,435.0,435.0
2007-12-14,ZC0803,434.25,440.0,433.0,438.25,97136.0,,玉米0803,592919.0,438.25,438.25
2007-12-17,ZC0803,437.75,443.25,431.5,438.75,111030.0,,玉米0803,592557.0,438.75,438.75
2007-12-18,ZC0803,438.0,438.5,431.25,432.0,86405.0,,玉米0803,592390.0,432.0,432.0
2007-12-19,ZC0803,430.5,436.5,430.25,434.75,81811.0,,玉米0803,589499.0,434.75,434.75
2007-12-20,ZC0803,434.25,438.0,431.75,437.5,64576.0,,玉米0803,590164.0,437.5,437.5
2007-12-21,ZC0803,437.0,448.0,436.5,443.5,88032.0,,玉米0803,589246.0,443.5,443.5
2007-12-24,ZC0803,442.75,444.5,440.25,444.0,23607.0,,玉米0803,583096.0,444.0,444.0
2007-12-26,ZC0803,446.75,455.0,446.75,452.25,63151.0,,玉米0803,593731.0,452.25,452.25
2007-12-27,ZC0803,451.75,455.0,450.5,454.75,67658.0,,玉米0803,597713.0,454.75,454.75
2007-12-28,ZC0803,453.5,457.0,451.75,452.0,63172.0,,玉米0803,600284.0,452.0,452.0
2007-12-31,ZC0803,450.0,457.0,447.75,455.5,59952.0,,玉米0803,597895.0,455.5,455.5
2008-01-02,ZC0803,456.25,469.5,456.0,462.5,113299.0,,玉米0803,602039.0,462.5,462.5
2008-01-03,ZC0803,462.5,469.0,460.75,466.0,97102.0,,玉米0803,608525.0,466.0,466.0
2008-01-04,ZC0803,466.0,469.0,459.0,466.75,96418.0,,玉米0803,603837.0,466.75,466.75
2008-01-07,ZC0803,466.0,468.5,462.0,466.25,83976.0,,玉米0803,595993.0,466.25,466.25
2008-01-08,ZC0803,465.5,480.0,465.5,478.75,107648.0,,玉米0803,594991.0,478.75,478.75
2008-01-09,ZC0803,477.75,482.0,475.5,477.25,100357.0,,玉米0803,597402.0,477.25,477.25
2008-01-10,ZC0803,476.25,478.25,471.0,475.0,116787.0,,玉米0803,594975.0,475.0,475.0
2008-01-11,ZC0803,474.0,495.0,473.5,495.0,40369.0,,玉米0803,595169.0,495.0,495.0
2008-01-14,ZC0803,505.0,515.0,503.0,512.0,123023.0,,玉米0803,592246.0,512.0,512.0
2008-01-15,ZC0803,510.25,519.25,505.0,509.0,141163.0,,玉米0803,587342.0,509.0,509.0
2008-01-16,ZC0803,507.25,509.0,496.0,502.5,131506.0,,玉米0803,584846.0,502.5,502.5
2008-01-17,ZC0803,502.5,513.75,500.25,502.0,16224.0,,玉米0803,577285.0,502.0,502.0
2008-01-18,ZC0803,500.75,502.5,494.75,498.25,81305.0,,玉米0803,576515.0,498.25,498.25
2008-01-22,ZC0803,491.5,498.5,478.25,489.0,139381.0,,玉米0803,573049.0,489.0,489.0
2008-01-23,ZC0803,487.75,493.75,469.0,469.25,162660.0,,玉米0803,575829.0,469.25,469.25
2008-01-24,ZC0803,474.25,489.25,473.25,489.25,116624.0,,玉米0803,561893.0,489.25,489.25
2008-01-25,ZC0803,491.25,504.5,491.25,498.25,126215.0,,玉米0803,559746.0,498.25,498.25
2008-01-28,ZC0803,496.75,503.75,490.0,502.25,91721.0,,玉米0803,543764.0,502.25,502.25
2008-01-29,ZC0803,503.25,507.5,497.0,501.0,95856.0,,玉米0803,544507.0,501.0,501.0
2008-01-30,ZC0803,501.5,502.5,494.25,498.5,89969.0,,玉米0803,539784.0,498.5,498.5
2008-01-31,ZC0803,497.75,505.25,492.0,501.25,107158.0,,玉米0803,528765.0,501.25,501.25
2008-02-01,ZC0803,503.0,509.75,499.25,500.5,124049.0,,玉米0803,518449.0,500.5,500.5
2008-02-04,ZC0803,501.25,511.0,501.25,510.5,90090.0,,玉米0803,506719.0,510.5,510.5
2008-02-05,ZC0803,510.0,512.0,505.0,509.25,109290.0,,玉米0803,492288.0,509.25,509.25
2008-02-06,ZC0803,510.0,528.75,500.0,501.5,184644.0,,玉米0803,486705.0,501.5,501.5
2008-02-07,ZC0803,500.0,504.5,491.0,499.5,192244.0,,玉米0803,481290.0,499.5,499.5
2008-02-08,ZC0803,502.0,519.0,501.5,508.0,197095.0,,玉米0803,440935.0,508.0,508.0
2008-02-11,ZC0803,510.5,512.75,491.25,503.5,139958.0,,玉米0803,400792.0,503.5,503.5
2008-02-12,ZC0803,503.5,506.5,495.0,497.75,146545.0,,玉米0803,372116.0,497.75,497.75
2008-02-13,ZC0803,496.0,498.75,492.5,497.0,111991.0,,玉米0803,333240.0,497.0,497.0
2008-02-14,ZC0803,497.0,512.5,496.5,511.0,108007.0,,玉米0803,305107.0,511.0,511.0
2008-02-15,ZC0803,511.75,517.0,509.75,514.75,110936.0,,玉米0803,293576.0,514.75,514.75
2008-02-19,ZC0803,514.5,524.75,514.25,520.0,128426.0,,玉米0803,273094.0,520.0,520.0
2008-02-20,ZC0803,520.0,524.0,513.25,523.5,120374.0,,玉米0803,244213.0,523.5,523.5
2008-02-21,ZC0803,523.5,529.0,516.5,524.5,110252.0,,玉米0803,202298.0,524.5,524.5
2008-02-22,ZC0803,524.0,525.0,518.75,522.25,65603.0,,玉米0803,175471.0,522.25,522.25
2008-02-25,ZC0803,522.0,542.0,521.25,533.25,113708.0,,玉米0803,134565.0,533.25,533.25
2008-02-26,ZC0803,533.0,539.25,513.25,530.5,75866.0,,玉米0803,110254.0,530.5,530.5
2008-02-27,ZC0803,530.25,532.5,518.0,525.0,72140.0,,玉米0803,88656.0,525.0,525.0
2008-02-28,ZC0803,525.0,544.0,520.5,543.25,110033.0,,玉米0803,68306.0,543.25,543.25
2008-02-29,ZC0803,540.75,547.75,539.5,546.0,40847.0,,玉米0803,39077.0,546.0,546.0
2008-03-03,ZC0803,546.0,562.0,544.0,555.5,30123.0,,玉米0803,26271.0,555.5,555.5
2008-03-04,ZC0803,555.0,560.5,530.0,543.0,27331.0,,玉米0803,18905.0,543.0,543.0
2008-03-05,ZC0803,545.5,564.0,540.0,557.0,14329.0,,玉米0803,13096.0,557.0,557.0
2008-03-06,ZC0803,557.25,562.75,546.0,557.0,11671.0,,玉米0803,10768.0,557.0,557.0
2008-03-07,ZC0803,556.25,556.25,528.0,533.5,9314.0,,玉米0803,8480.0,533.5,533.5
2008-03-10,ZC0803,530.0,556.0,516.5,555.5,3850.0,,玉米0803,6152.0,555.5,555.5
2008-03-11,ZC0803,556.0,572.0,549.75,564.0,3808.0,,玉米0803,4603.0,564.0,564.0
2008-03-12,ZC0803,560.0,562.0,551.0,556.75,4692.0,,玉米0803,3965.0,556.75,556.75
2008-03-13,ZC0803,558.0,568.0,553.25,559.75,2440.0,,玉米0803,1755.0,559.75,559.75
2008-03-14,ZC0803,559.75,565.5,541.0,545.5,539.0,,玉米0803,744.0,545.5,545.5
