date,symbol,open,high,low,close,volume,amount,name,openinterest,settleprice,price
2005-12-15,ZC0812,,,,259.0,,,玉米0812,,259.0,259.0
2005-12-16,ZC0812,261.0,261.0,260.0,260.0,10.0,,玉米0812,5.0,260.0,260.0
2005-12-19,ZC0812,,,,260.0,,,玉米0812,5.0,260.0,260.0
2005-12-20,ZC0812,260.0,260.0,260.0,260.0,55.0,,玉米0812,60.0,260.0,260.0
2005-12-21,ZC0812,260.0,261.0,260.0,260.5,125.0,,玉米0812,185.0,260.5,260.5
2005-12-22,ZC0812,260.0,260.5,260.0,260.5,113.0,,玉米0812,249.0,260.5,260.5
2005-12-23,ZC0812,260.0,260.5,260.0,260.5,49.0,,玉米0812,264.0,260.5,260.5
2005-12-27,ZC0812,260.25,260.5,260.0,260.5,10.0,,玉米0812,267.0,260.5,260.5
2005-12-28,ZC0812,260.0,261.0,260.0,261.0,127.0,,玉米0812,301.0,261.0,261.0
2005-12-29,ZC0812,260.0,260.25,260.0,260.0,31.0,,玉米0812,314.0,260.0,260.0
2005-12-30,ZC0812,260.0,260.0,260.0,260.0,8.0,,玉米0812,322.0,260.0,260.0
2006-01-03,ZC0812,260.0,261.5,260.0,261.5,100.0,,玉米0812,409.0,261.5,261.5
2006-01-04,ZC0812,260.0,260.25,260.0,260.25,82.0,,玉米0812,459.0,260.25,260.25
2006-01-05,ZC0812,260.0,260.25,260.0,260.25,129.0,,玉米0812,520.0,260.25,260.25
2006-01-06,ZC0812,260.0,260.25,260.0,260.25,44.0,,玉米0812,536.0,260.25,260.25
2006-01-09,ZC0812,260.0,261.0,260.0,261.0,46.0,,玉米0812,565.0,261.0,261.0
2006-01-10,ZC0812,261.0,261.0,261.0,261.0,46.0,,玉米0812,589.0,261.0,261.0
2006-01-11,ZC0812,261.0,263.0,261.0,263.0,61.0,,玉米0812,642.0,263.0,263.0
2006-01-12,ZC0812,261.5,263.0,261.0,262.75,48.0,,玉米0812,681.0,262.75,262.75
2006-01-13,ZC0812,262.0,263.5,262.0,263.5,67.0,,玉米0812,720.0,263.5,263.5
2006-01-17,ZC0812,264.0,264.0,262.0,262.5,65.0,,玉米0812,760.0,262.5,262.5
2006-01-18,ZC0812,262.0,263.0,261.5,262.5,20.0,,玉米0812,765.0,262.5,262.5
2006-01-19,ZC0812,262.5,263.0,261.5,263.0,39.0,,玉米0812,797.0,263.0,263.0
2006-01-20,ZC0812,263.0,263.75,263.0,263.75,26.0,,玉米0812,815.0,263.75,263.75
2006-01-23,ZC0812,263.5,264.75,263.0,264.5,72.0,,玉米0812,871.0,264.5,264.5
2006-01-24,ZC0812,264.5,264.75,263.5,264.75,223.0,,玉米0812,1019.0,264.75,264.75
2006-01-25,ZC0812,263.0,266.5,263.0,266.5,1391.0,,玉米0812,1914.0,266.5,266.5
2006-01-26,ZC0812,265.0,266.5,265.0,266.5,226.0,,玉米0812,2054.0,266.5,266.5
2006-01-27,ZC0812,265.0,268.0,265.0,266.0,881.0,,玉米0812,2589.0,266.0,266.0
2006-01-30,ZC0812,266.0,268.75,265.5,266.0,112.0,,玉米0812,2619.0,266.0,266.0
2006-01-31,ZC0812,266.0,270.0,266.0,270.0,3301.0,,玉米0812,4436.0,270.0,270.0
2006-02-01,ZC0812,268.0,269.75,266.0,269.0,633.0,,玉米0812,4893.0,269.0,269.0
2006-02-02,ZC0812,268.5,272.0,258.5,272.0,1544.0,,玉米0812,5967.0,272.0,272.0
2006-02-03,ZC0812,270.0,273.0,266.5,272.25,900.0,,玉米0812,6362.0,272.25,272.25
2006-02-06,ZC0812,270.0,271.0,269.0,269.0,200.0,,玉米0812,6464.0,269.0,269.0
2006-02-07,ZC0812,268.5,269.0,267.5,268.5,244.0,,玉米0812,6645.0,268.5,268.5
2006-02-08,ZC0812,267.5,270.0,267.5,268.5,237.0,,玉米0812,6603.0,268.5,268.5
2006-02-09,ZC0812,269.0,270.0,268.0,269.75,209.0,,玉米0812,6660.0,269.75,269.75
2006-02-10,ZC0812,269.0,269.0,268.0,269.0,156.0,,玉米0812,6778.0,269.0,269.0
2006-02-13,ZC0812,268.5,270.0,268.5,270.0,62.0,,玉米0812,6798.0,270.0,270.0
2006-02-14,ZC0812,269.5,270.0,269.0,270.0,33.0,,玉米0812,6803.0,270.0,270.0
2006-02-15,ZC0812,270.0,271.0,270.0,271.0,311.0,,玉米0812,6806.0,271.0,271.0
2006-02-16,ZC0812,270.0,271.5,270.0,271.5,216.0,,玉米0812,6765.0,271.5,271.5
2006-02-17,ZC0812,271.0,271.5,269.5,271.5,168.0,,玉米0812,6824.0,271.5,271.5
2006-02-21,ZC0812,270.0,271.0,270.0,271.0,110.0,,玉米0812,6884.0,271.0,271.0
2006-02-22,ZC0812,270.25,270.75,270.25,270.75,68.0,,玉米0812,6938.0,270.75,270.75
2006-02-23,ZC0812,270.25,270.75,270.25,270.75,27.0,,玉米0812,6955.0,270.75,270.75
2006-02-24,ZC0812,270.5,271.5,270.5,271.5,130.0,,玉米0812,7038.0,271.5,271.5
2006-02-27,ZC0812,271.0,272.0,270.5,272.0,56.0,,玉米0812,7088.0,272.0,272.0
2006-02-28,ZC0812,270.5,273.0,270.5,273.0,150.0,,玉米0812,7226.0,273.0,273.0
2006-03-01,ZC0812,271.0,272.25,271.0,272.0,215.0,,玉米0812,7312.0,272.0,272.0
2006-03-02,ZC0812,271.0,273.75,270.75,273.75,253.0,,玉米0812,7433.0,273.75,273.75
2006-03-03,ZC0812,272.5,274.0,272.5,274.0,189.0,,玉米0812,7565.0,274.0,274.0
2006-03-06,ZC0812,272.0,272.5,271.0,272.5,63.0,,玉米0812,7594.0,272.5,272.5
2006-03-07,ZC0812,272.0,272.5,271.0,271.5,82.0,,玉米0812,7580.0,271.5,271.5
2006-03-08,ZC0812,271.0,271.5,270.5,271.5,102.0,,玉米0812,7658.0,271.5,271.5
2006-03-09,ZC0812,270.5,274.0,270.5,274.0,122.0,,玉米0812,7715.0,274.0,274.0
2006-03-10,ZC0812,272.5,277.0,272.5,277.0,620.0,,玉米0812,8234.0,277.0,277.0
2006-03-13,ZC0812,275.0,277.0,275.0,277.0,769.0,,玉米0812,8481.0,277.0,277.0
2006-03-14,ZC0812,275.0,277.5,275.0,277.5,271.0,,玉米0812,8552.0,277.5,277.5
2006-03-15,ZC0812,277.0,279.5,277.0,279.5,1134.0,,玉米0812,8794.0,279.5,279.5
2006-03-16,ZC0812,278.0,279.5,277.5,278.5,351.0,,玉米0812,9041.0,278.5,278.5
2006-03-17,ZC0812,278.0,279.5,277.0,279.0,484.0,,玉米0812,9343.0,279.0,279.0
2006-03-20,ZC0812,278.5,279.0,278.0,279.0,475.0,,玉米0812,9491.0,279.0,279.0
2006-03-21,ZC0812,278.0,279.0,278.0,278.5,110.0,,玉米0812,9535.0,278.5,278.5
2006-03-22,ZC0812,278.0,279.5,278.0,279.0,331.0,,玉米0812,9708.0,279.0,279.0
2006-03-23,ZC0812,278.5,279.25,278.0,278.25,192.0,,玉米0812,9759.0,278.25,278.25
2006-03-24,ZC0812,278.25,278.25,277.75,278.25,52.0,,玉米0812,9787.0,278.25,278.25
2006-03-27,ZC0812,278.0,279.75,277.5,279.25,242.0,,玉米0812,9945.0,279.25,279.25
2006-03-28,ZC0812,279.0,279.75,279.0,279.75,563.0,,玉米0812,10144.0,279.75,279.75
2006-03-29,ZC0812,279.25,281.0,279.25,281.0,690.0,,玉米0812,10678.0,281.0,281.0
2006-03-30,ZC0812,280.0,283.75,280.0,283.5,1523.0,,玉米0812,11264.0,283.5,283.5
2006-03-31,ZC0812,282.0,287.0,282.0,286.5,1662.0,,玉米0812,12154.0,286.5,286.5
2006-04-03,ZC0812,286.0,287.5,284.5,287.25,730.0,,玉米0812,12360.0,287.25,287.25
2006-04-04,ZC0812,286.25,286.5,285.0,286.5,2665.0,,玉米0812,12019.0,286.5,286.5
2006-04-05,ZC0812,285.0,287.5,285.0,287.25,810.0,,玉米0812,12384.0,287.25,287.25
2006-04-06,ZC0812,287.0,290.0,286.75,289.75,1407.0,,玉米0812,12985.0,289.75,289.75
2006-04-07,ZC0812,285.25,291.0,285.25,289.75,1680.0,,玉米0812,13671.0,289.75,289.75
2006-04-10,ZC0812,289.0,289.75,288.0,289.75,721.0,,玉米0812,13802.0,289.75,289.75
2006-04-11,ZC0812,288.5,292.25,288.5,291.75,830.0,,玉米0812,14190.0,291.75,291.75
2006-04-12,ZC0812,290.0,291.5,289.0,290.5,468.0,,玉米0812,14282.0,290.5,290.5
2006-04-13,ZC0812,290.0,290.0,288.0,290.0,575.0,,玉米0812,14366.0,290.0,290.0
2006-04-17,ZC0812,289.0,291.5,289.0,291.0,406.0,,玉米0812,14647.0,291.0,291.0
2006-04-18,ZC0812,290.0,292.0,290.0,292.0,444.0,,玉米0812,14827.0,292.0,292.0
2006-04-19,ZC0812,291.0,294.0,291.0,292.5,462.0,,玉米0812,15156.0,292.5,292.5
2006-04-20,ZC0812,291.0,291.5,290.0,291.0,296.0,,玉米0812,15191.0,291.0,291.0
2006-04-21,ZC0812,290.5,294.0,289.0,293.25,625.0,,玉米0812,15498.0,293.25,293.25
2006-04-24,ZC0812,291.0,294.75,291.0,294.0,938.0,,玉米0812,15992.0,294.0,294.0
2006-04-25,ZC0812,293.0,296.5,292.5,296.25,1448.0,,玉米0812,16766.0,296.25,296.25
2006-04-26,ZC0812,295.0,297.0,294.5,295.5,1034.0,,玉米0812,17094.0,295.5,295.5
2006-04-27,ZC0812,295.0,296.5,293.5,296.25,627.0,,玉米0812,17489.0,296.25,296.25
2006-04-28,ZC0812,296.0,300.0,296.0,299.75,1389.0,,玉米0812,18244.0,299.75,299.75
2006-05-01,ZC0812,297.0,302.0,297.0,301.75,1403.0,,玉米0812,19031.0,301.75,301.75
2006-05-02,ZC0812,300.0,301.0,299.25,300.5,1199.0,,玉米0812,19429.0,300.5,300.5
2006-05-03,ZC0812,300.0,301.5,299.5,301.5,1088.0,,玉米0812,19828.0,301.5,301.5
2006-05-04,ZC0812,300.0,303.5,299.0,301.5,1510.0,,玉米0812,20290.0,301.5,301.5
2006-05-05,ZC0812,300.25,305.5,300.25,305.0,1937.0,,玉米0812,21248.0,305.0,305.0
2006-05-08,ZC0812,302.0,306.5,300.0,305.25,1152.0,,玉米0812,21627.0,305.25,305.25
2006-05-09,ZC0812,304.0,311.5,304.0,310.25,2907.0,,玉米0812,23024.0,310.25,310.25
2006-05-10,ZC0812,308.75,315.0,308.75,313.75,2780.0,,玉米0812,24243.0,313.75,313.75
2006-05-11,ZC0812,312.75,319.5,312.0,318.75,3065.0,,玉米0812,25175.0,318.75,318.75
2006-05-12,ZC0812,315.0,331.0,315.0,328.5,4992.0,,玉米0812,26687.0,328.5,328.5
2006-05-15,ZC0812,326.5,330.0,322.5,324.75,2480.0,,玉米0812,27812.0,324.75,324.75
2006-05-16,ZC0812,323.0,324.25,316.0,320.5,2972.0,,玉米0812,28414.0,320.5,320.5
2006-05-17,ZC0812,319.5,325.0,317.5,324.75,2965.0,,玉米0812,29435.0,324.75,324.75
2006-05-18,ZC0812,323.25,325.5,322.5,323.5,1321.0,,玉米0812,29805.0,323.5,323.5
2006-05-19,ZC0812,322.5,323.5,315.0,318.25,950.0,,玉米0812,30141.0,318.25,318.25
2006-05-22,ZC0812,317.0,318.0,313.5,317.75,993.0,,玉米0812,30351.0,317.75,317.75
2006-05-23,ZC0812,317.5,321.5,316.0,318.5,1085.0,,玉米0812,30737.0,318.5,318.5
2006-05-24,ZC0812,316.5,318.0,312.5,313.75,661.0,,玉米0812,30735.0,313.75,313.75
2006-05-25,ZC0812,313.0,321.5,313.0,320.75,633.0,,玉米0812,30988.0,320.75,320.75
2006-05-26,ZC0812,320.5,326.5,320.5,322.75,929.0,,玉米0812,31692.0,322.75,322.75
2006-05-30,ZC0812,318.5,327.0,318.5,325.5,1185.0,,玉米0812,31968.0,325.5,325.5
2006-05-31,ZC0812,324.0,325.0,320.0,324.25,1201.0,,玉米0812,32169.0,324.25,324.25
2006-06-01,ZC0812,321.0,324.5,321.0,324.25,1044.0,,玉米0812,32346.0,324.25,324.25
2006-06-02,ZC0812,323.5,326.0,321.25,326.0,3133.0,,玉米0812,32232.0,326.0,326.0
2006-06-05,ZC0812,324.0,324.0,321.0,321.25,589.0,,玉米0812,32391.0,321.25,321.25
2006-06-06,ZC0812,318.75,320.0,315.0,315.0,455.0,,玉米0812,32505.0,315.0,315.0
2006-06-07,ZC0812,315.0,317.5,312.5,317.25,2075.0,,玉米0812,32849.0,317.25,317.25
2006-06-08,ZC0812,316.5,316.5,314.5,316.5,1829.0,,玉米0812,33101.0,316.5,316.5
2006-06-09,ZC0812,316.0,321.0,314.0,315.0,1867.0,,玉米0812,33475.0,315.0,315.0
2006-06-12,ZC0812,315.75,325.5,315.75,321.75,793.0,,玉米0812,34569.0,321.75,321.75
2006-06-13,ZC0812,321.0,321.5,314.5,315.25,628.0,,玉米0812,34770.0,315.25,315.25
2006-06-14,ZC0812,315.75,316.0,310.0,310.5,983.0,,玉米0812,35154.0,310.5,310.5
2006-06-15,ZC0812,311.5,313.0,310.5,311.25,596.0,,玉米0812,35486.0,311.25,311.25
2006-06-16,ZC0812,311.0,315.0,311.0,313.5,1073.0,,玉米0812,35662.0,313.5,313.5
2006-06-19,ZC0812,313.5,313.5,310.5,310.5,608.0,,玉米0812,35782.0,310.5,310.5
2006-06-20,ZC0812,310.5,315.0,310.5,314.0,769.0,,玉米0812,36209.0,314.0,314.0
2006-06-21,ZC0812,314.0,318.0,313.5,316.5,474.0,,玉米0812,36282.0,316.5,316.5
2006-06-22,ZC0812,316.0,318.0,315.5,317.75,320.0,,玉米0812,36325.0,317.75,317.75
2006-06-23,ZC0812,316.0,321.5,316.0,321.25,1270.0,,玉米0812,37414.0,321.25,321.25
2006-06-26,ZC0812,318.75,318.75,316.0,317.75,1354.0,,玉米0812,37646.0,317.75,317.75
2006-06-27,ZC0812,310.0,320.0,310.0,320.0,893.0,,玉米0812,38288.0,320.0,320.0
2006-06-28,ZC0812,320.0,323.0,320.0,322.75,1058.0,,玉米0812,38765.0,322.75,322.75
2006-06-29,ZC0812,320.25,325.0,320.25,325.0,2543.0,,玉米0812,39137.0,325.0,325.0
2006-06-30,ZC0812,320.75,327.5,320.75,324.75,2313.0,,玉米0812,39960.0,324.75,324.75
2006-07-03,ZC0812,325.5,329.5,325.0,329.25,2416.0,,玉米0812,41072.0,329.25,329.25
2006-07-05,ZC0812,329.0,330.0,327.0,327.0,4730.0,,玉米0812,43354.0,327.0,327.0
2006-07-06,ZC0812,327.0,331.5,327.0,329.5,4030.0,,玉米0812,44678.0,329.5,329.5
2006-07-07,ZC0812,329.0,329.25,323.0,326.0,2359.0,,玉米0812,45843.0,326.0,326.0
2006-07-10,ZC0812,326.0,331.5,326.0,330.0,3659.0,,玉米0812,47251.0,330.0,330.0
2006-07-11,ZC0812,330.0,334.5,327.0,330.75,3622.0,,玉米0812,48996.0,330.75,330.75
2006-07-12,ZC0812,328.0,335.0,327.0,334.75,2644.0,,玉米0812,49672.0,334.75,334.75
2006-07-13,ZC0812,331.0,332.0,328.0,328.0,1227.0,,玉米0812,50136.0,328.0,328.0
2006-07-14,ZC0812,324.25,334.0,324.25,332.5,3455.0,,玉米0812,50533.0,332.5,332.5
2006-07-17,ZC0812,330.0,333.0,329.0,329.0,1087.0,,玉米0812,50708.0,329.0,329.0
2006-07-18,ZC0812,328.5,330.0,325.0,328.25,1893.0,,玉米0812,51051.0,328.25,328.25
2006-07-19,ZC0812,327.5,330.0,324.0,324.75,1348.0,,玉米0812,51736.0,324.75,324.75
2006-07-20,ZC0812,324.5,330.0,323.0,324.25,401.0,,玉米0812,51836.0,324.25,324.25
2006-07-21,ZC0812,322.25,330.0,321.0,323.5,2322.0,,玉米0812,52945.0,323.5,323.5
2006-07-24,ZC0812,322.0,330.0,322.0,325.25,383.0,,玉米0812,53109.0,325.25,325.25
2006-07-25,ZC0812,325.0,330.0,320.0,324.25,2238.0,,玉米0812,53820.0,324.25,324.25
2006-07-26,ZC0812,325.0,330.0,322.0,323.0,1253.0,,玉米0812,54197.0,323.0,323.0
2006-07-27,ZC0812,323.0,330.0,323.0,325.75,1556.0,,玉米0812,54631.0,325.75,325.75
2006-07-28,ZC0812,325.0,330.0,322.5,323.75,1357.0,,玉米0812,55004.0,323.75,323.75
2006-07-31,ZC0812,325.0,330.0,323.0,326.25,1034.0,,玉米0812,55284.0,326.25,326.25
2006-08-01,ZC0812,327.75,330.0,325.0,328.5,1460.0,,玉米0812,55958.0,328.5,328.5
2006-08-02,ZC0812,328.0,333.5,327.5,331.25,1948.0,,玉米0812,56202.0,331.25,331.25
2006-08-03,ZC0812,330.0,332.5,329.5,329.75,1049.0,,玉米0812,56459.0,329.75,329.75
2006-08-04,ZC0812,329.5,331.5,327.25,328.75,1464.0,,玉米0812,56627.0,328.75,328.75
2006-08-07,ZC0812,328.0,330.0,325.0,325.5,1284.0,,玉米0812,57357.0,325.5,325.5
2006-08-08,ZC0812,325.0,325.0,320.0,321.0,1236.0,,玉米0812,57378.0,321.0,321.0
2006-08-09,ZC0812,321.0,322.0,319.5,321.25,1403.0,,玉米0812,57259.0,321.25,321.25
2006-08-10,ZC0812,321.5,321.75,320.0,320.25,1354.0,,玉米0812,57528.0,320.25,320.25
2006-08-11,ZC0812,320.0,322.0,314.0,314.75,3157.0,,玉米0812,58005.0,314.75,314.75
2006-08-14,ZC0812,314.5,314.5,311.5,314.0,1616.0,,玉米0812,58431.0,314.0,314.0
2006-08-15,ZC0812,314.0,315.0,312.5,314.0,541.0,,玉米0812,58431.0,314.0,314.0
2006-08-16,ZC0812,315.0,317.5,313.0,313.25,1147.0,,玉米0812,58465.0,313.25,313.25
2006-08-17,ZC0812,313.0,314.0,308.75,311.25,2257.0,,玉米0812,58948.0,311.25,311.25
2006-08-18,ZC0812,311.25,311.5,307.5,309.25,1349.0,,玉米0812,58911.0,309.25,309.25
2006-08-21,ZC0812,310.0,311.25,310.0,311.0,647.0,,玉米0812,59070.0,311.0,311.0
2006-08-22,ZC0812,311.0,311.0,309.5,310.75,1414.0,,玉米0812,59682.0,310.75,310.75
2006-08-23,ZC0812,310.75,314.5,310.75,313.5,946.0,,玉米0812,59864.0,313.5,313.5
2006-08-24,ZC0812,315.5,319.0,315.5,318.5,815.0,,玉米0812,60178.0,318.5,318.5
2006-08-25,ZC0812,318.0,318.25,315.0,316.5,1192.0,,玉米0812,60774.0,316.5,316.5
2006-08-28,ZC0812,315.0,318.5,314.5,314.75,679.0,,玉米0812,61010.0,314.75,314.75
2006-08-29,ZC0812,316.5,316.5,312.0,312.25,1504.0,,玉米0812,61863.0,312.25,312.25
2006-08-30,ZC0812,312.0,315.75,312.0,314.75,2219.0,,玉米0812,62299.0,314.75,314.75
2006-08-31,ZC0812,314.75,318.0,314.0,317.5,1444.0,,玉米0812,62960.0,317.5,317.5
2006-09-01,ZC0812,317.5,317.5,315.25,315.75,1041.0,,玉米0812,63271.0,315.75,315.75
2006-09-05,ZC0812,318.75,320.0,313.0,313.25,1070.0,,玉米0812,63489.0,313.25,313.25
2006-09-06,ZC0812,313.0,313.0,308.5,308.5,1342.0,,玉米0812,64211.0,308.5,308.5
2006-09-07,ZC0812,308.25,312.5,307.5,311.0,2917.0,,玉米0812,65258.0,311.0,311.0
2006-09-08,ZC0812,311.5,312.0,308.5,308.5,1238.0,,玉米0812,66014.0,308.5,308.5
2006-09-11,ZC0812,308.0,308.5,303.75,304.25,2254.0,,玉米0812,65540.0,304.25,304.25
2006-09-12,ZC0812,302.25,302.25,300.0,300.25,2192.0,,玉米0812,64879.0,300.25,300.25
2006-09-13,ZC0812,300.0,302.0,298.0,300.0,997.0,,玉米0812,64945.0,300.0,300.0
2006-09-14,ZC0812,300.5,301.0,295.5,296.25,2056.0,,玉米0812,64996.0,296.25,296.25
2006-09-15,ZC0812,295.5,297.0,291.0,295.0,4883.0,,玉米0812,63950.0,295.0,295.0
2006-09-18,ZC0812,296.5,300.0,295.5,299.25,2568.0,,玉米0812,63025.0,299.25,299.25
2006-09-19,ZC0812,298.75,300.25,297.75,300.0,3688.0,,玉米0812,62246.0,300.0,300.0
2006-09-20,ZC0812,300.0,302.0,299.0,299.75,2386.0,,玉米0812,60901.0,299.75,299.75
2006-09-21,ZC0812,299.75,304.0,299.75,301.5,2431.0,,玉米0812,60564.0,301.5,301.5
2006-09-22,ZC0812,300.75,306.5,300.0,304.5,2093.0,,玉米0812,61863.0,304.5,304.5
2006-09-25,ZC0812,303.5,309.0,302.5,307.5,2888.0,,玉米0812,62416.0,307.5,307.5
2006-09-26,ZC0812,307.0,314.0,301.0,311.75,1537.0,,玉米0812,62119.0,311.75,311.75
2006-09-27,ZC0812,311.75,313.0,306.5,306.75,2727.0,,玉米0812,62225.0,306.75,306.75
2006-09-28,ZC0812,307.0,311.75,307.0,310.0,3197.0,,玉米0812,62027.0,310.0,310.0
2006-09-29,ZC0812,309.5,313.0,307.0,307.25,3563.0,,玉米0812,61353.0,307.25,307.25
2006-10-02,ZC0812,313.5,315.0,308.5,313.25,2964.0,,玉米0812,61018.0,313.25,313.25
2006-10-03,ZC0812,312.0,312.0,307.5,310.25,3974.0,,玉米0812,60748.0,310.25,310.25
2006-10-04,ZC0812,312.75,320.0,309.5,317.25,828.0,,玉米0812,60665.0,317.25,317.25
2006-10-05,ZC0812,316.75,317.5,312.0,314.75,1887.0,,玉米0812,59848.0,314.75,314.75
2006-10-06,ZC0812,314.0,317.0,311.0,312.5,1823.0,,玉米0812,60394.0,312.5,312.5
2006-10-09,ZC0812,310.0,320.0,310.0,319.0,1800.0,,玉米0812,60600.0,319.0,319.0
2006-10-10,ZC0812,314.25,319.0,304.5,304.5,1574.0,,玉米0812,60824.0,304.5,304.5
2006-10-11,ZC0812,305.0,312.0,298.0,298.5,1793.0,,玉米0812,61155.0,298.5,298.5
2006-10-12,ZC0812,300.75,316.0,298.0,305.25,4273.0,,玉米0812,62077.0,305.25,305.25
2006-10-13,ZC0812,305.0,323.5,303.0,322.0,4354.0,,玉米0812,62768.0,322.0,322.0
2006-10-16,ZC0812,320.0,322.0,316.0,317.0,5331.0,,玉米0812,62663.0,317.0,317.0
2006-10-17,ZC0812,317.0,322.0,316.5,319.5,2863.0,,玉米0812,61695.0,319.5,319.5
2006-10-18,ZC0812,317.75,320.0,315.5,316.0,746.0,,玉米0812,61590.0,316.0,316.0
2006-10-19,ZC0812,317.0,319.75,315.0,319.25,2524.0,,玉米0812,60898.0,319.25,319.25
2006-10-20,ZC0812,319.5,320.5,316.5,317.0,1668.0,,玉米0812,60830.0,317.0,317.0
2006-10-23,ZC0812,316.75,321.5,314.25,320.75,809.0,,玉米0812,60935.0,320.75,320.75
2006-10-24,ZC0812,320.5,321.75,317.0,321.75,1450.0,,玉米0812,61315.0,321.75,321.75
2006-10-25,ZC0812,321.5,327.5,320.5,325.5,3788.0,,玉米0812,62310.0,325.5,325.5
2006-10-26,ZC0812,325.0,325.0,317.0,321.5,2706.0,,玉米0812,62294.0,321.5,321.5
2006-10-27,ZC0812,320.25,323.5,320.0,322.75,1941.0,,玉米0812,63155.0,322.75,322.75
2006-10-30,ZC0812,320.75,321.75,319.5,319.75,686.0,,玉米0812,63555.0,319.75,319.75
2006-10-31,ZC0812,319.5,320.0,313.5,314.5,1730.0,,玉米0812,63082.0,314.5,314.5
2006-11-01,ZC0812,315.5,322.0,314.0,320.0,2834.0,,玉米0812,63254.0,320.0,320.0
2006-11-02,ZC0812,320.0,333.0,320.0,326.75,3646.0,,玉米0812,63458.0,326.75,326.75
2006-11-03,ZC0812,324.25,329.0,324.0,328.25,2342.0,,玉米0812,63409.0,328.25,328.25
2006-11-06,ZC0812,326.5,330.0,324.5,329.75,1077.0,,玉米0812,63087.0,329.75,329.75
2006-11-07,ZC0812,328.0,333.0,328.0,331.5,962.0,,玉米0812,63164.0,331.5,331.5
2006-11-08,ZC0812,331.0,335.5,330.5,333.5,2535.0,,玉米0812,62871.0,333.5,333.5
2006-11-09,ZC0812,332.75,334.5,326.0,326.5,2659.0,,玉米0812,62545.0,326.5,326.5
2006-11-10,ZC0812,323.5,327.0,322.5,322.5,1117.0,,玉米0812,62446.0,322.5,322.5
2006-11-13,ZC0812,322.5,327.0,320.0,321.5,1847.0,,玉米0812,62034.0,321.5,321.5
2006-11-14,ZC0812,321.5,326.0,321.0,323.5,1025.0,,玉米0812,61959.0,323.5,323.5
2006-11-15,ZC0812,324.25,326.5,320.25,321.25,2091.0,,玉米0812,61553.0,321.25,321.25
2006-11-16,ZC0812,320.25,326.5,320.0,322.25,1865.0,,玉米0812,62501.0,322.25,322.25
2006-11-17,ZC0812,322.0,324.0,320.0,322.0,908.0,,玉米0812,62920.0,322.0,322.0
2006-11-20,ZC0812,325.0,327.0,321.5,322.25,1430.0,,玉米0812,63339.0,322.25,322.25
2006-11-21,ZC0812,321.5,325.0,321.0,323.5,555.0,,玉米0812,63461.0,323.5,323.5
2006-11-22,ZC0812,323.0,327.0,321.75,323.5,810.0,,玉米0812,63700.0,323.5,323.5
2006-11-24,ZC0812,325.0,329.75,322.0,327.75,1533.0,,玉米0812,64045.0,327.75,327.75
2006-11-27,ZC0812,330.0,338.5,327.5,337.0,1829.0,,玉米0812,64700.0,337.0,337.0
2006-11-28,ZC0812,335.5,336.25,332.0,334.75,1529.0,,玉米0812,65234.0,334.75,334.75
2006-11-29,ZC0812,335.5,335.5,329.0,334.25,1393.0,,玉米0812,65244.0,334.25,334.25
2006-11-30,ZC0812,334.0,336.5,329.0,333.75,3269.0,,玉米0812,66609.0,333.75,333.75
2006-12-01,ZC0812,333.75,336.0,329.5,335.25,2050.0,,玉米0812,67084.0,335.25,335.25
2006-12-04,ZC0812,333.0,333.0,327.75,329.75,1041.0,,玉米0812,67411.0,329.75,329.75
2006-12-05,ZC0812,328.25,333.5,326.0,332.75,1774.0,,玉米0812,67995.0,332.75,332.75
2006-12-06,ZC0812,330.0,332.0,327.25,327.5,1507.0,,玉米0812,68553.0,327.5,327.5
2006-12-07,ZC0812,327.0,332.75,324.75,331.25,1039.0,,玉米0812,68984.0,331.25,331.25
2006-12-08,ZC0812,330.0,331.5,327.75,328.25,682.0,,玉米0812,69285.0,328.25,328.25
2006-12-11,ZC0812,328.75,334.5,327.25,332.0,787.0,,玉米0812,69507.0,332.0,332.0
2006-12-12,ZC0812,333.25,337.0,331.75,335.25,926.0,,玉米0812,69771.0,335.25,335.25
2006-12-13,ZC0812,331.5,337.0,331.5,335.0,950.0,,玉米0812,70107.0,335.0,335.0
2006-12-14,ZC0812,334.0,345.0,333.25,343.5,2188.0,,玉米0812,70854.0,343.5,343.5
2006-12-15,ZC0812,342.5,345.0,341.5,344.25,1423.0,,玉米0812,71287.0,344.25,344.25
2006-12-18,ZC0812,344.0,345.75,341.5,345.0,985.0,,玉米0812,71459.0,345.0,345.0
2006-12-19,ZC0812,343.0,347.5,342.5,345.25,730.0,,玉米0812,71469.0,345.25,345.25
2006-12-20,ZC0812,345.5,347.75,341.25,345.25,1552.0,,玉米0812,71474.0,345.25,345.25
2006-12-21,ZC0812,345.25,348.0,345.25,346.5,760.0,,玉米0812,71985.0,346.5,346.5
2006-12-22,ZC0812,346.0,349.0,346.0,348.75,689.0,,玉米0812,72282.0,348.75,348.75
2006-12-26,ZC0812,349.0,351.5,349.0,351.25,1714.0,,玉米0812,72984.0,351.25,351.25
2006-12-27,ZC0812,350.0,354.0,350.0,353.25,782.0,,玉米0812,73093.0,353.25,353.25
2006-12-28,ZC0812,352.5,360.0,352.5,359.0,2092.0,,玉米0812,73873.0,359.0,359.0
2006-12-29,ZC0812,358.0,361.0,358.0,360.5,1731.0,,玉米0812,74439.0,360.5,360.5
2007-01-02,ZC0812,360.0,362.0,360.0,360.5,29.0,,玉米0812,74448.0,360.5,360.5
2007-01-03,ZC0812,358.25,359.0,350.0,351.75,1925.0,,玉米0812,74656.0,351.75,351.75
2007-01-04,ZC0812,351.5,355.0,348.0,351.5,1589.0,,玉米0812,74859.0,351.5,351.5
2007-01-05,ZC0812,348.75,355.0,348.0,354.0,1462.0,,玉米0812,75153.0,354.0,354.0
2007-01-08,ZC0812,352.0,356.25,351.5,354.25,1266.0,,玉米0812,75612.0,354.25,354.25
2007-01-09,ZC0812,354.0,354.5,348.0,349.0,2295.0,,玉米0812,75665.0,349.0,349.0
2007-01-10,ZC0812,348.0,353.0,346.5,350.75,2586.0,,玉米0812,77113.0,350.75,350.75
2007-01-11,ZC0812,351.0,363.75,351.0,359.25,3801.0,,玉米0812,78251.0,359.25,359.25
2007-01-12,ZC0812,359.0,379.25,358.0,378.75,5410.0,,玉米0812,79970.0,378.75,378.75
2007-01-16,ZC0812,379.0,384.0,372.0,373.25,4034.0,,玉米0812,80282.0,373.25,373.25
2007-01-17,ZC0812,372.0,381.5,372.0,374.5,4104.0,,玉米0812,80744.0,374.5,374.5
2007-01-18,ZC0812,374.5,379.0,371.75,374.0,3851.0,,玉米0812,82034.0,374.0,374.0
2007-01-19,ZC0812,374.0,378.5,371.0,373.5,2622.0,,玉米0812,82328.0,373.5,373.5
2007-01-22,ZC0812,373.0,377.5,369.0,374.75,2149.0,,玉米0812,82467.0,374.75,374.75
2007-01-23,ZC0812,374.0,380.5,374.0,378.0,2166.0,,玉米0812,82743.0,378.0,378.0
2007-01-24,ZC0812,378.0,382.5,372.0,374.5,1560.0,,玉米0812,82765.0,374.5,374.5
2007-01-25,ZC0812,375.0,379.5,374.0,377.0,1273.0,,玉米0812,83195.0,377.0,377.0
2007-01-26,ZC0812,377.0,377.75,375.0,376.25,675.0,,玉米0812,83084.0,376.25,376.25
2007-01-29,ZC0812,376.0,377.75,371.0,373.0,1958.0,,玉米0812,82870.0,373.0,373.0
2007-01-30,ZC0812,372.5,377.5,371.5,375.75,1788.0,,玉米0812,83184.0,375.75,375.75
2007-01-31,ZC0812,375.25,378.75,374.0,375.25,1358.0,,玉米0812,83563.0,375.25,375.25
2007-02-01,ZC0812,375.0,378.75,374.0,375.25,1309.0,,玉米0812,83722.0,375.25,375.25
2007-02-02,ZC0812,375.0,380.0,373.0,379.25,800.0,,玉米0812,83966.0,379.25,379.25
2007-02-05,ZC0812,377.0,380.0,376.5,377.75,657.0,,玉米0812,84209.0,377.75,377.75
2007-02-06,ZC0812,377.0,379.5,376.0,376.75,633.0,,玉米0812,84242.0,376.75,376.75
2007-02-07,ZC0812,376.25,378.25,373.0,374.5,1171.0,,玉米0812,84475.0,374.5,374.5
2007-02-08,ZC0812,374.25,378.0,374.25,376.5,1101.0,,玉米0812,84468.0,376.5,376.5
2007-02-09,ZC0812,377.0,380.0,374.25,378.0,1589.0,,玉米0812,84541.0,378.0,378.0
2007-02-12,ZC0812,377.0,379.5,376.25,376.5,764.0,,玉米0812,84558.0,376.5,376.5
2007-02-13,ZC0812,376.0,379.75,376.0,379.0,842.0,,玉米0812,84658.0,379.0,379.0
2007-02-14,ZC0812,379.0,381.5,377.0,378.25,909.0,,玉米0812,84823.0,378.25,378.25
2007-02-15,ZC0812,378.0,382.5,378.0,382.25,1429.0,,玉米0812,85244.0,382.25,382.25
2007-02-16,ZC0812,382.0,388.0,381.25,387.25,2345.0,,玉米0812,85633.0,387.25,387.25
2007-02-20,ZC0812,386.5,389.5,386.25,388.0,1939.0,,玉米0812,86399.0,388.0,388.0
2007-02-21,ZC0812,387.25,396.5,387.0,393.0,2433.0,,玉米0812,86726.0,393.0,393.0
2007-02-22,ZC0812,392.5,399.0,391.75,398.0,2219.0,,玉米0812,87523.0,398.0,398.0
2007-02-23,ZC0812,397.0,397.0,392.5,393.0,1817.0,,玉米0812,87876.0,393.0,393.0
2007-02-26,ZC0812,393.0,397.5,390.5,391.75,1606.0,,玉米0812,88002.0,391.75,391.75
2007-02-27,ZC0812,392.0,392.25,378.25,383.0,1672.0,,玉米0812,87932.0,383.0,383.0
2007-02-28,ZC0812,380.0,388.5,380.0,386.5,1933.0,,玉米0812,88218.0,386.5,386.5
2007-03-01,ZC0812,387.25,390.0,376.75,383.5,2956.0,,玉米0812,89188.0,383.5,383.5
2007-03-02,ZC0812,383.0,384.5,377.5,379.25,3069.0,,玉米0812,89267.0,379.25,379.25
2007-03-05,ZC0812,379.5,380.0,372.5,379.5,2257.0,,玉米0812,89650.0,379.5,379.5
2007-03-06,ZC0812,379.5,383.5,378.0,381.25,1328.0,,玉米0812,89972.0,381.25,381.25
2007-03-07,ZC0812,380.0,386.75,379.5,384.25,1404.0,,玉米0812,90474.0,384.25,384.25
2007-03-08,ZC0812,385.0,390.0,384.0,387.75,2383.0,,玉米0812,90799.0,387.75,387.75
2007-03-09,ZC0812,387.0,392.25,384.25,390.0,2904.0,,玉米0812,91073.0,390.0,390.0
2007-03-12,ZC0812,390.0,392.0,386.0,386.5,2457.0,,玉米0812,91661.0,386.5,386.5
2007-03-13,ZC0812,386.0,389.5,382.5,384.5,3091.0,,玉米0812,92320.0,384.5,384.5
2007-03-14,ZC0812,384.0,384.5,380.0,383.0,2779.0,,玉米0812,93167.0,383.0,383.0
2007-03-15,ZC0812,383.0,386.5,381.25,382.0,2436.0,,玉米0812,93410.0,382.0,382.0
2007-03-16,ZC0812,381.25,391.0,380.75,385.25,5598.0,,玉米0812,94972.0,385.25,385.25
2007-03-19,ZC0812,385.75,394.5,385.5,393.5,3303.0,,玉米0812,95597.0,393.5,393.5
2007-03-20,ZC0812,392.0,396.5,392.0,395.25,2583.0,,玉米0812,96103.0,395.25,395.25
2007-03-21,ZC0812,394.0,400.0,394.0,399.0,3977.0,,玉米0812,97881.0,399.0,399.0
2007-03-22,ZC0812,399.0,403.0,398.0,399.5,4139.0,,玉米0812,99363.0,399.5,399.5
2007-03-23,ZC0812,399.5,406.25,399.0,402.5,4218.0,,玉米0812,101116.0,402.5,402.5
2007-03-26,ZC0812,401.5,404.0,393.0,400.25,5761.0,,玉米0812,101715.0,400.25,400.25
2007-03-27,ZC0812,399.75,402.0,396.5,398.5,4122.0,,玉米0812,102191.0,398.5,398.5
2007-03-28,ZC0812,398.25,399.75,394.5,397.5,5418.0,,玉米0812,102673.0,397.5,397.5
2007-03-29,ZC0812,396.0,402.0,392.0,397.5,5090.0,,玉米0812,103401.0,397.5,397.5
2007-03-30,ZC0812,395.5,397.5,377.75,380.25,16608.0,,玉米0812,104036.0,380.25,380.25
2007-04-02,ZC0812,381.5,384.75,371.0,380.5,16726.0,,玉米0812,105004.0,380.5,380.5
2007-04-03,ZC0812,380.5,388.5,380.25,385.75,7473.0,,玉米0812,104704.0,385.75,385.75
2007-04-04,ZC0812,385.25,398.0,385.25,395.0,5131.0,,玉米0812,105141.0,395.0,395.0
2007-04-05,ZC0812,395.75,402.75,394.5,399.5,5484.0,,玉米0812,107580.0,399.5,399.5
2007-04-09,ZC0812,402.0,415.0,395.5,397.0,6635.0,,玉米0812,108524.0,397.0,397.0
2007-04-10,ZC0812,398.0,405.0,393.0,400.0,4679.0,,玉米0812,105420.0,400.0,400.0
2007-04-11,ZC0812,399.5,405.5,395.75,398.5,5170.0,,玉米0812,105977.0,398.5,398.5
2007-04-12,ZC0812,397.75,399.0,391.75,396.75,7792.0,,玉米0812,108317.0,396.75,396.75
2007-04-13,ZC0812,396.0,401.5,394.25,399.75,6950.0,,玉米0812,109554.0,399.75,399.75
2007-04-16,ZC0812,397.0,402.0,394.75,397.5,2741.0,,玉米0812,109475.0,397.5,397.5
2007-04-17,ZC0812,397.75,402.25,389.5,391.0,5658.0,,玉米0812,108446.0,391.0,391.0
2007-04-18,ZC0812,389.5,392.25,386.0,387.75,8037.0,,玉米0812,106500.0,387.75,387.75
2007-04-19,ZC0812,387.0,391.5,379.0,385.75,4518.0,,玉米0812,105683.0,385.75,385.75
2007-04-20,ZC0812,384.75,385.5,380.0,384.25,3167.0,,玉米0812,106343.0,384.25,384.25
2007-04-23,ZC0812,381.0,385.0,380.0,384.25,4510.0,,玉米0812,105969.0,384.25,384.25
2007-04-24,ZC0812,383.0,388.5,382.0,386.25,2857.0,,玉米0812,106037.0,386.25,386.25
2007-04-25,ZC0812,386.0,400.0,386.0,389.0,4059.0,,玉米0812,106304.0,389.0,389.0
2007-04-26,ZC0812,389.0,395.0,377.0,384.5,3688.0,,玉米0812,105655.0,384.5,384.5
2007-04-27,ZC0812,383.5,385.25,377.0,379.75,1898.0,,玉米0812,106072.0,379.75,379.75
2007-04-30,ZC0812,378.5,381.5,374.0,379.75,2807.0,,玉米0812,106164.0,379.75,379.75
2007-05-01,ZC0812,381.5,392.5,380.0,392.0,3323.0,,玉米0812,106478.0,392.0,392.0
2007-05-02,ZC0812,392.0,397.5,389.75,392.5,2487.0,,玉米0812,107264.0,392.5,392.5
2007-05-03,ZC0812,391.5,401.75,391.5,397.25,4808.0,,玉米0812,108583.0,397.25,397.25
2007-05-04,ZC0812,396.75,400.0,395.25,397.75,1770.0,,玉米0812,108708.0,397.75,397.75
2007-05-07,ZC0812,400.5,404.0,391.0,394.0,2153.0,,玉米0812,109092.0,394.0,394.0
2007-05-08,ZC0812,391.0,391.0,383.25,384.0,5549.0,,玉米0812,110360.0,384.0,384.0
2007-05-09,ZC0812,383.75,385.75,381.5,384.25,2291.0,,玉米0812,111115.0,384.25,384.25
2007-05-10,ZC0812,387.0,389.0,379.0,379.5,2130.0,,玉米0812,111034.0,379.5,379.5
2007-05-11,ZC0812,378.75,393.75,378.0,391.0,3554.0,,玉米0812,111745.0,391.0,391.0
2007-05-14,ZC0812,390.5,396.0,390.0,390.5,1610.0,,玉米0812,111762.0,390.5,390.5
2007-05-15,ZC0812,389.0,398.0,385.25,394.75,3343.0,,玉米0812,111525.0,394.75,394.75
2007-05-16,ZC0812,394.0,399.5,392.0,395.75,2663.0,,玉米0812,112050.0,395.75,395.75
2007-05-17,ZC0812,395.0,395.75,390.0,390.5,2991.0,,玉米0812,113522.0,390.5,390.5
2007-05-18,ZC0812,390.5,394.25,387.0,387.5,2016.0,,玉米0812,113810.0,387.5,387.5
2007-05-21,ZC0812,386.5,398.0,384.5,395.25,1906.0,,玉米0812,113882.0,395.25,395.25
2007-05-22,ZC0812,391.0,393.75,386.25,388.25,2608.0,,玉米0812,113402.0,388.25,388.25
2007-05-23,ZC0812,388.0,392.0,387.0,390.0,1120.0,,玉米0812,113672.0,390.0,390.0
2007-05-24,ZC0812,392.0,394.5,388.75,391.25,2780.0,,玉米0812,113382.0,391.25,391.25
2007-05-25,ZC0812,390.25,394.5,389.0,394.25,1382.0,,玉米0812,113506.0,394.25,394.25
2007-05-29,ZC0812,391.0,394.25,387.25,388.5,2797.0,,玉米0812,113485.0,388.5,388.5
2007-05-30,ZC0812,388.5,399.5,388.5,398.0,3777.0,,玉米0812,113463.0,398.0,398.0
2007-05-31,ZC0812,398.0,403.0,395.5,398.0,5393.0,,玉米0812,113077.0,398.0,398.0
2007-06-01,ZC0812,398.0,402.0,393.0,398.5,2885.0,,玉米0812,113707.0,398.5,398.5
2007-06-04,ZC0812,397.75,402.75,396.25,398.5,1464.0,,玉米0812,113996.0,398.5,398.5
2007-06-05,ZC0812,398.0,406.5,398.0,401.0,5336.0,,玉米0812,114684.0,401.0,401.0
2007-06-06,ZC0812,400.25,403.5,396.75,400.5,5060.0,,玉米0812,113824.0,400.5,400.5
2007-06-07,ZC0812,400.75,410.0,398.0,408.75,4867.0,,玉米0812,114023.0,408.75,408.75
2007-06-08,ZC0812,408.25,410.0,402.5,406.75,4461.0,,玉米0812,114135.0,406.75,406.75
2007-06-11,ZC0812,411.0,418.5,411.0,416.5,4764.0,,玉米0812,115209.0,416.5,416.5
2007-06-12,ZC0812,414.75,419.0,411.25,415.25,5226.0,,玉米0812,115650.0,415.25,415.25
2007-06-13,ZC0812,415.0,426.5,410.0,425.25,6278.0,,玉米0812,116619.0,425.25,425.25
2007-06-14,ZC0812,423.0,433.0,422.75,428.75,8946.0,,玉米0812,120118.0,428.75,428.75
2007-06-15,ZC0812,427.5,431.0,423.5,426.5,13982.0,,玉米0812,117240.0,426.5,426.5
2007-06-18,ZC0812,426.5,434.5,422.0,423.75,7288.0,,玉米0812,117580.0,423.75,423.75
2007-06-19,ZC0812,424.0,429.0,403.75,407.0,6604.0,,玉米0812,118184.0,407.0,407.0
2007-06-20,ZC0812,405.5,422.5,402.5,413.0,4543.0,,玉米0812,117183.0,413.0,413.0
2007-06-21,ZC0812,414.75,418.25,406.0,407.25,3377.0,,玉米0812,116987.0,407.25,407.25
2007-06-22,ZC0812,406.5,409.0,394.0,401.0,6893.0,,玉米0812,115947.0,401.0,401.0
2007-06-25,ZC0812,397.75,401.25,394.5,397.5,8573.0,,玉米0812,116390.0,397.5,397.5
2007-06-26,ZC0812,397.0,406.0,396.75,400.75,10306.0,,玉米0812,118780.0,400.75,400.75
2007-06-27,ZC0812,398.0,401.75,387.0,391.0,9496.0,,玉米0812,118659.0,391.0,391.0
2007-06-28,ZC0812,391.25,396.25,390.5,392.0,11909.0,,玉米0812,116782.0,392.0,392.0
2007-06-29,ZC0812,390.5,410.5,387.0,394.75,22415.0,,玉米0812,121141.0,394.75,394.75
2007-07-02,ZC0812,395.0,401.0,392.0,394.25,8448.0,,玉米0812,119614.0,394.25,394.25
2007-07-03,ZC0812,394.0,394.75,384.5,386.0,7583.0,,玉米0812,120541.0,386.0,386.0
2007-07-05,ZC0812,388.0,392.0,386.0,389.0,4874.0,,玉米0812,121022.0,389.0,389.0
2007-07-06,ZC0812,388.75,397.5,386.0,397.0,6009.0,,玉米0812,120178.0,397.0,397.0
2007-07-09,ZC0812,397.0,398.25,390.0,396.5,4873.0,,玉米0812,120987.0,396.5,396.5
2007-07-10,ZC0812,396.25,403.0,392.5,400.5,10260.0,,玉米0812,123796.0,400.5,400.5
2007-07-11,ZC0812,400.25,403.0,398.0,401.75,5617.0,,玉米0812,125753.0,401.75,401.75
2007-07-12,ZC0812,399.75,407.5,396.5,406.0,12988.0,,玉米0812,130014.0,406.0,406.0
2007-07-13,ZC0812,405.25,409.0,402.0,408.25,5871.0,,玉米0812,131558.0,408.25,408.25
2007-07-16,ZC0812,401.0,401.0,388.25,391.5,11553.0,,玉米0812,132356.0,391.5,391.5
2007-07-17,ZC0812,391.0,393.75,381.25,385.75,10358.0,,玉米0812,131500.0,385.75,385.75
2007-07-18,ZC0812,385.75,391.75,385.25,391.5,4177.0,,玉米0812,131461.0,391.5,391.5
2007-07-19,ZC0812,391.0,393.25,384.5,390.0,11332.0,,玉米0812,130700.0,390.0,390.0
2007-07-20,ZC0812,390.0,394.5,384.5,386.0,10086.0,,玉米0812,127743.0,386.0,386.0
2007-07-23,ZC0812,384.0,385.5,380.75,381.5,11938.0,,玉米0812,126008.0,381.5,381.5
2007-07-24,ZC0812,382.75,384.75,380.0,381.5,5374.0,,玉米0812,126797.0,381.5,381.5
2007-07-25,ZC0812,381.25,384.25,380.0,380.25,5071.0,,玉米0812,126884.0,380.25,380.25
2007-07-26,ZC0812,382.25,390.75,380.5,383.75,5759.0,,玉米0812,128162.0,383.75,383.75
2007-07-27,ZC0812,384.0,387.5,381.75,386.5,4117.0,,玉米0812,128764.0,386.5,386.5
2007-07-30,ZC0812,387.25,390.5,381.25,390.25,4333.0,,玉米0812,128894.0,390.25,390.25
2007-07-31,ZC0812,391.0,393.75,388.5,393.0,6531.0,,玉米0812,129418.0,393.0,393.0
2007-08-01,ZC0812,393.0,394.5,385.0,387.75,3204.0,,玉米0812,129685.0,387.75,387.75
2007-08-02,ZC0812,390.25,396.5,390.0,392.5,6091.0,,玉米0812,131588.0,392.5,392.5
2007-08-03,ZC0812,391.5,397.0,391.0,393.25,4454.0,,玉米0812,131582.0,393.25,393.25
2007-08-06,ZC0812,389.0,394.75,385.0,393.25,5758.0,,玉米0812,132376.0,393.25,393.25
2007-08-07,ZC0812,391.25,399.5,390.0,399.25,10071.0,,玉米0812,132453.0,399.25,399.25
2007-08-08,ZC0812,398.0,405.75,397.25,404.25,6524.0,,玉米0812,132229.0,404.25,404.25
2007-08-09,ZC0812,401.0,404.0,395.0,396.25,4637.0,,玉米0812,132841.0,396.25,396.25
2007-08-10,ZC0812,394.5,401.75,391.75,399.0,7094.0,,玉米0812,134047.0,399.0,399.0
2007-08-13,ZC0812,400.25,405.0,399.0,399.75,3788.0,,玉米0812,134492.0,399.75,399.75
2007-08-14,ZC0812,399.25,402.75,394.5,396.5,4904.0,,玉米0812,135134.0,396.5,396.5
2007-08-15,ZC0812,396.0,399.25,392.25,394.75,7533.0,,玉米0812,134662.0,394.75,394.75
2007-08-16,ZC0812,392.75,392.75,375.5,387.0,14566.0,,玉米0812,134611.0,387.0,387.0
2007-08-17,ZC0812,387.0,391.5,382.25,390.75,17518.0,,玉米0812,135043.0,390.75,390.75
2007-08-20,ZC0812,390.5,393.25,387.25,392.75,4194.0,,玉米0812,133503.0,392.75,392.75
2007-08-21,ZC0812,391.5,400.0,391.5,398.25,6685.0,,玉米0812,134110.0,398.25,398.25
2007-08-22,ZC0812,398.0,402.0,397.75,400.75,12267.0,,玉米0812,132518.0,400.75,400.75
2007-08-23,ZC0812,400.0,405.5,399.25,401.25,9733.0,,玉米0812,130973.0,401.25,401.25
2007-08-24,ZC0812,400.5,402.25,398.25,398.5,5755.0,,玉米0812,130949.0,398.5,398.5
2007-08-27,ZC0812,398.0,399.0,392.0,396.5,5480.0,,玉米0812,131086.0,396.5,396.5
2007-08-28,ZC0812,395.0,398.0,390.5,392.25,8209.0,,玉米0812,131036.0,392.25,392.25
2007-08-29,ZC0812,392.0,393.5,389.0,390.5,11662.0,,玉米0812,131891.0,390.5,390.5
2007-08-30,ZC0812,390.25,397.0,383.5,390.0,15825.0,,玉米0812,133228.0,390.0,390.0
2007-08-31,ZC0812,389.5,396.0,388.5,391.5,5863.0,,玉米0812,133973.0,391.5,391.5
2007-09-04,ZC0812,391.75,403.25,391.75,401.25,7746.0,,玉米0812,134922.0,401.25,401.25
2007-09-05,ZC0812,400.0,406.0,395.0,396.75,16507.0,,玉米0812,136575.0,396.75,396.75
2007-09-06,ZC0812,396.0,398.0,389.25,392.75,9994.0,,玉米0812,138451.0,392.75,392.75
2007-09-07,ZC0812,392.0,401.0,390.0,400.5,7155.0,,玉米0812,138659.0,400.5,400.5
2007-09-10,ZC0812,398.75,405.0,394.25,397.75,4232.0,,玉米0812,139052.0,397.75,397.75
2007-09-11,ZC0812,395.0,398.0,389.5,391.5,10783.0,,玉米0812,140058.0,391.5,391.5
2007-09-12,ZC0812,390.25,404.5,387.75,403.5,18518.0,,玉米0812,140551.0,403.5,403.5
2007-09-13,ZC0812,402.5,405.0,394.75,397.25,7978.0,,玉米0812,140582.0,397.25,397.25
2007-09-14,ZC0812,397.0,408.75,396.75,399.75,11306.0,,玉米0812,142853.0,399.75,399.75
2007-09-17,ZC0812,402.25,406.0,400.5,404.0,5594.0,,玉米0812,143951.0,404.0,404.0
2007-09-18,ZC0812,404.0,405.25,397.25,404.25,9677.0,,玉米0812,145472.0,404.25,404.25
2007-09-19,ZC0812,404.0,409.0,399.5,408.25,7306.0,,玉米0812,146140.0,408.25,408.25
2007-09-20,ZC0812,407.75,421.0,407.5,416.25,12912.0,,玉米0812,149572.0,416.25,416.25
2007-09-21,ZC0812,415.75,422.0,415.0,421.25,9581.0,,玉米0812,151483.0,421.25,421.25
2007-09-24,ZC0812,421.0,423.5,415.25,416.75,10471.0,,玉米0812,151164.0,416.75,416.75
2007-09-25,ZC0812,415.5,416.75,414.0,414.25,13000.0,,玉米0812,151755.0,414.25,414.25
2007-09-26,ZC0812,413.5,418.0,411.75,416.5,9591.0,,玉米0812,152078.0,416.5,416.5
2007-09-27,ZC0812,416.0,427.0,415.5,424.25,17030.0,,玉米0812,153988.0,424.25,424.25
2007-09-28,ZC0812,423.75,424.5,414.5,419.5,22659.0,,玉米0812,158565.0,419.5,419.5
2007-10-01,ZC0812,417.75,422.0,414.5,415.5,8441.0,,玉米0812,159055.0,415.5,415.5
2007-10-02,ZC0812,414.5,415.0,395.5,395.5,17993.0,,玉米0812,160410.0,395.5,395.5
2007-10-03,ZC0812,395.0,400.75,391.75,395.5,18939.0,,玉米0812,163095.0,395.5,395.5
2007-10-04,ZC0812,395.0,400.0,393.0,394.75,7824.0,,玉米0812,163561.0,394.75,394.75
2007-10-05,ZC0812,394.25,395.25,391.0,393.5,9343.0,,玉米0812,166324.0,393.5,393.5
2007-10-08,ZC0812,393.5,393.5,386.5,391.0,12257.0,,玉米0812,168452.0,391.0,391.0
2007-10-09,ZC0812,390.0,398.5,389.0,393.0,5948.0,,玉米0812,168904.0,393.0,393.0
2007-10-10,ZC0812,392.75,397.75,392.5,397.25,5876.0,,玉米0812,169783.0,397.25,397.25
2007-10-11,ZC0812,397.0,398.5,391.0,393.75,15534.0,,玉米0812,168627.0,393.75,393.75
2007-10-12,ZC0812,393.0,404.25,391.0,400.25,12652.0,,玉米0812,170416.0,400.25,400.25
2007-10-15,ZC0812,400.0,409.0,399.75,408.5,9948.0,,玉米0812,171672.0,408.5,408.5
2007-10-16,ZC0812,407.0,409.5,404.25,408.75,7997.0,,玉米0812,172724.0,408.75,408.75
2007-10-17,ZC0812,408.0,408.5,402.5,404.25,7889.0,,玉米0812,171683.0,404.25,404.25
2007-10-18,ZC0812,404.0,413.75,402.75,413.25,10892.0,,玉米0812,172740.0,413.25,413.25
2007-10-19,ZC0812,412.0,416.0,410.5,415.25,8515.0,,玉米0812,173186.0,415.25,415.25
2007-10-22,ZC0812,414.5,414.75,405.5,411.25,8589.0,,玉米0812,173346.0,411.25,411.25
2007-10-23,ZC0812,410.75,415.5,409.0,410.0,9361.0,,玉米0812,175412.0,410.0,410.0
2007-10-24,ZC0812,409.25,410.5,404.25,404.5,6139.0,,玉米0812,175519.0,404.5,404.5
2007-10-25,ZC0812,404.5,417.0,403.5,415.25,10685.0,,玉米0812,177306.0,415.25,415.25
2007-10-26,ZC0812,415.0,422.0,414.0,419.75,15552.0,,玉米0812,178813.0,419.75,419.75
2007-10-29,ZC0812,418.5,424.75,418.0,422.5,12413.0,,玉米0812,180924.0,422.5,422.5
2007-10-30,ZC0812,421.5,422.0,417.5,418.5,8215.0,,玉米0812,184054.0,418.5,418.5
2007-10-31,ZC0812,417.5,427.0,416.5,421.25,16480.0,,玉米0812,187347.0,421.25,421.25
2007-11-01,ZC0812,420.5,425.0,413.25,416.75,13584.0,,玉米0812,188078.0,416.75,416.75
2007-11-02,ZC0812,416.0,427.5,416.0,425.5,17668.0,,玉米0812,191597.0,425.5,425.5
2007-11-05,ZC0812,424.25,427.0,421.0,425.25,18899.0,,玉米0812,196551.0,425.25,425.25
2007-11-06,ZC0812,424.75,434.25,423.5,433.5,26379.0,,玉米0812,204227.0,433.5,433.5
2007-11-07,ZC0812,431.25,436.75,429.0,432.5,36517.0,,玉米0812,213834.0,432.5,432.5
2007-11-08,ZC0812,430.0,437.0,429.75,435.25,23098.0,,玉米0812,220744.0,435.25,435.25
2007-11-09,ZC0812,434.0,435.0,425.75,431.5,17076.0,,玉米0812,223666.0,431.5,431.5
2007-11-12,ZC0812,429.75,430.25,423.5,424.5,12529.0,,玉米0812,223390.0,424.5,424.5
2007-11-13,ZC0812,422.5,426.0,420.0,420.75,11519.0,,玉米0812,223495.0,420.75,420.75
2007-11-14,ZC0812,420.0,430.0,418.75,428.5,16611.0,,玉米0812,226669.0,428.5,428.5
2007-11-15,ZC0812,427.5,429.0,420.0,420.75,17662.0,,玉米0812,228462.0,420.75,420.75
2007-11-16,ZC0812,420.5,427.0,420.0,424.25,10071.0,,玉米0812,230897.0,424.25,424.25
2007-11-19,ZC0812,422.75,429.0,420.25,421.0,16858.0,,玉米0812,230641.0,421.0,421.0
2007-11-20,ZC0812,420.5,429.0,417.75,424.5,13235.0,,玉米0812,231808.0,424.5,424.5
2007-11-21,ZC0812,424.0,428.0,422.75,427.75,11532.0,,玉米0812,232273.0,427.75,427.75
2007-11-23,ZC0812,425.0,433.5,425.0,432.0,7268.0,,玉米0812,232613.0,432.0,432.0
2007-11-26,ZC0812,431.75,435.75,426.75,431.0,11724.0,,玉米0812,233653.0,431.0,431.0
2007-11-27,ZC0812,430.5,430.75,427.0,429.5,10724.0,,玉米0812,233359.0,429.5,429.5
2007-11-28,ZC0812,428.25,435.5,425.25,435.0,17654.0,,玉米0812,231589.0,435.0,435.0
2007-11-29,ZC0812,433.0,436.0,430.0,430.25,18600.0,,玉米0812,231427.0,430.25,430.25
2007-11-30,ZC0812,430.0,433.0,425.0,430.5,13934.0,,玉米0812,231746.0,430.5,430.5
2007-12-03,ZC0812,430.25,438.75,428.0,431.5,16147.0,,玉米0812,232239.0,431.5,431.5
2007-12-04,ZC0812,429.5,439.0,429.5,437.5,18489.0,,玉米0812,235689.0,437.5,437.5
2007-12-05,ZC0812,436.75,439.0,434.0,435.75,10377.0,,玉米0812,237989.0,435.75,435.75
2007-12-06,ZC0812,434.0,437.5,433.5,436.5,7968.0,,玉米0812,239669.0,436.5,436.5
2007-12-07,ZC0812,436.0,441.0,436.0,440.5,19367.0,,玉米0812,243163.0,440.5,440.5
2007-12-10,ZC0812,437.75,442.0,437.5,439.75,10786.0,,玉米0812,245343.0,439.75,439.75
2007-12-11,ZC0812,438.75,443.0,437.75,442.25,28725.0,,玉米0812,245033.0,442.25,442.25
2007-12-12,ZC0812,440.5,450.0,438.75,449.25,30004.0,,玉米0812,248913.0,449.25,449.25
2007-12-13,ZC0812,448.0,453.0,445.0,450.75,30706.0,,玉米0812,253822.0,450.75,450.75
2007-12-14,ZC0812,450.0,452.75,447.5,450.5,17857.0,,玉米0812,256957.0,450.5,450.5
2007-12-17,ZC0812,449.5,453.0,443.0,450.5,21458.0,,玉米0812,257112.0,450.5,450.5
2007-12-18,ZC0812,449.0,450.5,444.0,448.25,17649.0,,玉米0812,258892.0,448.25,448.25
2007-12-19,ZC0812,446.75,454.0,446.25,452.0,20612.0,,玉米0812,262320.0,452.0,452.0
2007-12-20,ZC0812,452.0,455.0,449.25,454.5,11376.0,,玉米0812,264222.0,454.5,454.5
2007-12-21,ZC0812,453.5,467.0,453.5,462.5,23672.0,,玉米0812,272121.0,462.5,462.5
2007-12-24,ZC0812,461.0,463.5,460.0,462.5,4066.0,,玉米0812,273537.0,462.5,462.5
2007-12-26,ZC0812,464.0,473.25,463.75,470.0,14524.0,,玉米0812,277035.0,470.0,470.0
2007-12-27,ZC0812,469.25,474.75,468.25,474.5,14329.0,,玉米0812,279218.0,474.5,474.5
2007-12-28,ZC0812,473.25,476.5,472.5,473.0,11280.0,,玉米0812,281042.0,473.0,473.0
2007-12-31,ZC0812,470.25,475.0,469.5,473.5,9645.0,,玉米0812,282317.0,473.5,473.5
2008-01-02,ZC0812,473.5,487.5,473.5,480.25,19981.0,,玉米0812,285740.0,480.25,480.25
2008-01-03,ZC0812,480.25,486.25,480.0,485.75,17693.0,,玉米0812,287787.0,485.75,485.75
2008-01-04,ZC0812,485.0,489.0,480.5,486.75,20573.0,,玉米0812,292323.0,486.75,486.75
2008-01-07,ZC0812,485.25,488.25,482.5,485.75,21268.0,,玉米0812,297782.0,485.75,485.75
2008-01-08,ZC0812,485.0,499.0,485.0,496.0,27484.0,,玉米0812,303977.0,496.0,496.0
2008-01-09,ZC0812,495.0,499.75,493.0,495.0,23929.0,,玉米0812,307052.0,495.0,495.0
2008-01-10,ZC0812,494.5,496.0,489.5,493.25,31322.0,,玉米0812,309388.0,493.25,493.25
2008-01-11,ZC0812,492.25,513.25,492.25,513.25,53755.0,,玉米0812,315392.0,513.25,513.25
2008-01-14,ZC0812,517.25,533.25,517.0,530.5,51273.0,,玉米0812,321810.0,530.5,530.5
2008-01-15,ZC0812,529.0,540.25,524.25,529.0,52513.0,,玉米0812,325131.0,529.0,529.0
2008-01-16,ZC0812,528.0,530.0,517.0,521.25,46959.0,,玉米0812,328085.0,521.25,521.25
2008-01-17,ZC0812,520.0,531.75,519.0,521.0,4979.0,,玉米0812,330796.0,521.0,521.0
2008-01-18,ZC0812,518.25,521.75,510.25,515.0,28462.0,,玉米0812,333965.0,515.0,515.0
2008-01-22,ZC0812,507.0,510.75,495.0,504.0,34904.0,,玉米0812,335255.0,504.0,504.0
2008-01-23,ZC0812,502.75,508.5,484.0,484.0,43397.0,,玉米0812,337074.0,484.0,484.0
2008-01-24,ZC0812,484.0,504.0,483.75,502.5,33754.0,,玉米0812,336361.0,502.5,502.5
2008-01-25,ZC0812,502.75,516.0,502.75,509.75,33216.0,,玉米0812,336140.0,509.75,509.75
2008-01-28,ZC0812,509.25,513.25,501.75,510.5,25606.0,,玉米0812,336246.0,510.5,510.5
2008-01-29,ZC0812,512.75,515.5,507.5,510.75,36497.0,,玉米0812,334983.0,510.75,510.75
2008-01-30,ZC0812,510.25,512.25,505.0,510.0,23812.0,,玉米0812,334180.0,510.0,510.0
2008-01-31,ZC0812,510.0,520.0,504.5,515.75,28811.0,,玉米0812,338117.0,515.75,515.75
2008-02-01,ZC0812,516.25,526.75,516.25,519.0,30250.0,,玉米0812,342780.0,519.0,519.0
2008-02-04,ZC0812,519.0,533.5,519.0,533.0,34001.0,,玉米0812,347178.0,533.0,533.0
2008-02-05,ZC0812,532.0,534.75,527.25,532.5,34337.0,,玉米0812,351218.0,532.5,532.5
2008-02-06,ZC0812,532.75,549.0,524.25,525.75,62445.0,,玉米0812,357777.0,525.75,525.75
2008-02-07,ZC0812,523.5,525.5,513.75,522.5,32583.0,,玉米0812,358353.0,522.5,522.5
2008-02-08,ZC0812,523.0,537.0,522.75,530.0,38522.0,,玉米0812,357896.0,530.0,530.0
2008-02-11,ZC0812,528.5,532.75,513.0,525.25,29899.0,,玉米0812,362411.0,525.25,525.25
2008-02-12,ZC0812,524.0,528.0,516.25,520.25,38641.0,,玉米0812,367431.0,520.25,520.25
2008-02-13,ZC0812,518.75,520.5,514.75,519.25,22978.0,,玉米0812,368751.0,519.25,519.25
2008-02-14,ZC0812,519.25,535.0,519.0,532.25,23629.0,,玉米0812,371496.0,532.25,532.25
2008-02-15,ZC0812,532.25,539.25,531.75,538.0,25914.0,,玉米0812,375705.0,538.0,538.0
2008-02-19,ZC0812,538.0,547.75,537.0,545.0,32297.0,,玉米0812,378483.0,545.0,545.0
2008-02-20,ZC0812,544.75,548.5,539.5,548.0,32578.0,,玉米0812,383913.0,548.0,548.0
2008-02-21,ZC0812,548.0,553.25,541.5,553.0,48843.0,,玉米0812,390822.0,553.0,553.0
2008-02-22,ZC0812,552.5,553.5,545.5,550.25,34464.0,,玉米0812,392517.0,550.25,550.25
2008-02-25,ZC0812,550.0,563.75,549.5,557.25,61713.0,,玉米0812,395885.0,557.25,557.25
2008-02-26,ZC0812,557.25,563.0,537.25,556.5,41932.0,,玉米0812,397660.0,556.5,556.5
2008-02-27,ZC0812,556.0,557.0,544.0,553.5,37256.0,,玉米0812,398458.0,553.5,553.5
2008-02-28,ZC0812,552.25,567.0,545.5,565.5,39872.0,,玉米0812,399490.0,565.5,565.5
2008-02-29,ZC0812,563.75,568.0,561.0,564.75,34998.0,,玉米0812,402337.0,564.75,564.75
2008-03-03,ZC0812,563.0,582.5,562.5,576.0,43741.0,,玉米0812,407730.0,576.0,576.0
2008-03-04,ZC0812,578.0,582.0,556.25,567.25,60291.0,,玉米0812,406430.0,567.25,567.25
2008-03-05,ZC0812,566.0,585.0,564.0,577.25,50078.0,,玉米0812,406691.0,577.25,577.25
2008-03-06,ZC0812,578.25,582.25,570.0,579.25,49236.0,,玉米0812,408177.0,579.25,579.25
2008-03-07,ZC0812,578.25,579.0,559.25,559.25,32310.0,,玉米0812,406793.0,559.25,559.25
2008-03-10,ZC0812,551.25,579.25,540.25,579.0,46734.0,,玉米0812,409242.0,579.0,579.0
2008-03-11,ZC0812,579.0,590.75,572.25,585.5,55762.0,,玉米0812,410787.0,585.5,585.5
2008-03-12,ZC0812,584.0,585.0,572.5,579.0,32236.0,,玉米0812,411815.0,579.0,579.0
2008-03-13,ZC0812,578.75,590.0,573.75,583.25,29957.0,,玉米0812,412019.0,583.25,583.25
2008-03-14,ZC0812,582.25,588.25,564.0,575.0,53497.0,,玉米0812,414235.0,575.0,575.0
2008-03-17,ZC0812,576.0,583.25,555.0,555.0,25897.0,,玉米0812,410772.0,555.0,555.0
2008-03-18,ZC0812,548.0,563.75,541.5,561.25,37638.0,,玉米0812,413899.0,561.25,561.25
2008-03-19,ZC0812,560.25,562.25,541.25,541.25,35647.0,,玉米0812,409210.0,541.25,541.25
2008-03-20,ZC0812,538.25,539.5,521.25,521.25,60324.0,,玉米0812,405052.0,521.25,521.25
2008-03-24,ZC0812,522.5,540.5,513.25,539.75,31488.0,,玉米0812,403794.0,539.75,539.75
2008-03-25,ZC0812,540.0,559.75,539.25,559.75,25509.0,,玉米0812,403458.0,559.75,559.75
2008-03-26,ZC0812,565.0,576.0,556.75,568.5,34608.0,,玉米0812,405873.0,568.5,568.5
2008-03-27,ZC0812,567.75,572.0,562.0,568.5,33889.0,,玉米0812,406817.0,568.5,568.5
2008-03-28,ZC0812,567.75,578.0,562.0,576.75,40026.0,,玉米0812,404965.0,576.75,576.75
2008-03-31,ZC0812,580.0,602.0,570.0,581.0,89241.0,,玉米0812,408010.0,581.0,581.0
2008-04-01,ZC0812,582.75,596.25,573.5,593.0,73936.0,,玉米0812,408378.0,593.0,593.0
2008-04-02,ZC0812,592.75,605.0,590.5,603.0,64959.0,,玉米0812,412987.0,603.0,603.0
2008-04-03,ZC0812,603.0,612.0,600.0,610.25,53253.0,,玉米0812,414631.0,610.25,610.25
2008-04-04,ZC0812,609.25,610.5,605.75,608.75,32636.0,,玉米0812,414665.0,608.75,608.75
2008-04-07,ZC0812,607.25,614.5,600.0,603.5,44453.0,,玉米0812,420733.0,603.5,603.5
2008-04-08,ZC0812,601.75,607.0,599.5,603.5,40355.0,,玉米0812,421816.0,603.5,603.5
2008-04-09,ZC0812,603.5,628.5,603.5,620.0,74144.0,,玉米0812,429554.0,620.0,620.0
2008-04-10,ZC0812,618.75,628.0,609.25,611.25,62582.0,,玉米0812,431493.0,611.25,611.25
2008-04-11,ZC0812,611.0,614.0,600.25,604.0,45790.0,,玉米0812,432858.0,604.0,604.0
2008-04-14,ZC0812,608.0,615.25,602.0,613.25,44234.0,,玉米0812,432841.0,613.25,613.25
2008-04-15,ZC0812,614.0,629.0,614.0,625.25,49390.0,,玉米0812,437364.0,625.25,625.25
2008-04-16,ZC0812,625.0,629.25,621.25,625.75,51784.0,,玉米0812,440816.0,625.75,625.75
2008-04-17,ZC0812,625.5,632.0,620.5,626.0,41678.0,,玉米0812,442712.0,626.0,626.0
2008-04-18,ZC0812,625.75,629.25,613.25,622.75,44277.0,,玉米0812,443497.0,622.75,622.75
2008-04-21,ZC0812,620.0,621.25,593.75,605.25,74939.0,,玉米0812,443892.0,605.25,605.25
2008-04-22,ZC0812,608.0,625.0,601.75,619.0,50779.0,,玉米0812,444937.0,619.0,619.0
2008-04-23,ZC0812,618.5,622.75,611.0,612.5,45503.0,,玉米0812,445332.0,612.5,612.5
2008-04-24,ZC0812,612.25,617.0,596.5,602.0,46095.0,,玉米0812,444552.0,602.0,602.0
2008-04-25,ZC0812,601.5,619.5,592.25,606.75,54935.0,,玉米0812,445786.0,606.75,606.75
2008-04-28,ZC0812,617.5,631.5,612.75,630.25,75087.0,,玉米0812,451893.0,630.25,630.25
2008-04-29,ZC0812,638.0,641.25,617.5,622.0,80562.0,,玉米0812,456628.0,622.0,622.0
2008-04-30,ZC0812,623.0,630.0,620.25,628.25,59521.0,,玉米0812,456692.0,628.25,628.25
2008-05-01,ZC0812,629.75,634.75,617.0,631.5,57452.0,,玉米0812,460487.0,631.5,631.5
2008-05-02,ZC0812,631.5,638.0,625.5,629.5,49488.0,,玉米0812,463429.0,629.5,629.5
2008-05-05,ZC0812,631.0,635.0,602.25,612.75,67554.0,,玉米0812,466757.0,612.75,612.75
2008-05-06,ZC0812,616.0,638.0,614.0,623.5,82739.0,,玉米0812,467246.0,623.5,623.5
2008-05-07,ZC0812,623.5,635.0,623.5,630.5,83852.0,,玉米0812,470182.0,630.5,630.5
2008-05-08,ZC0812,630.5,649.25,629.75,646.25,90678.0,,玉米0812,480252.0,646.25,646.25
2008-05-09,ZC0812,645.75,655.5,643.5,650.0,89784.0,,玉米0812,487246.0,650.0,650.0
2008-05-12,ZC0812,648.0,652.5,635.5,637.75,60006.0,,玉米0812,485817.0,637.75,637.75
2008-05-13,ZC0812,637.0,637.75,617.0,631.0,82674.0,,玉米0812,482201.0,631.0,631.0
2008-05-14,ZC0812,631.25,631.25,619.5,620.5,45594.0,,玉米0812,481885.0,620.5,620.5
2008-05-15,ZC0812,620.5,623.5,609.25,622.5,65705.0,,玉米0812,479970.0,622.5,622.5
2008-05-16,ZC0812,623.0,632.5,613.0,616.75,60757.0,,玉米0812,486346.0,616.75,616.75
2008-05-19,ZC0812,612.25,619.5,607.75,613.0,45197.0,,玉米0812,487842.0,613.0,613.0
2008-05-20,ZC0812,617.25,629.75,612.25,616.0,58653.0,,玉米0812,485614.0,616.0,616.0
2008-05-21,ZC0812,615.5,634.75,615.25,633.5,62958.0,,玉米0812,486618.0,633.5,633.5
2008-05-22,ZC0812,634.5,637.5,622.0,623.25,63942.0,,玉米0812,491180.0,623.25,623.25
2008-05-23,ZC0812,622.25,629.5,620.75,627.25,41924.0,,玉米0812,488643.0,627.25,627.25
2008-05-27,ZC0812,632.5,634.5,620.0,625.5,43647.0,,玉米0812,488712.0,625.5,625.5
2008-05-28,ZC0812,620.0,623.75,612.25,619.5,64402.0,,玉米0812,489958.0,619.5,619.5
2008-05-29,ZC0812,619.25,621.75,599.75,609.5,76425.0,,玉米0812,491801.0,609.5,609.5
2008-05-30,ZC0812,606.25,630.0,603.25,626.5,65127.0,,玉米0812,494602.0,626.5,626.5
2008-06-02,ZC0812,624.0,645.0,622.75,643.25,74760.0,,玉米0812,498487.0,643.25,643.25
2008-06-03,ZC0812,637.0,646.5,629.5,636.25,96576.0,,玉米0812,497998.0,636.25,636.25
2008-06-04,ZC0812,636.75,643.5,630.5,643.0,64453.0,,玉米0812,493243.0,643.0,643.0
2008-06-05,ZC0812,643.25,671.0,643.0,670.75,128277.0,,玉米0812,500069.0,670.75,670.75
2008-06-06,ZC0812,670.0,690.5,668.75,677.75,130720.0,,玉米0812,499966.0,677.75,677.75
2008-06-09,ZC0812,688.0,698.5,684.0,685.25,91173.0,,玉米0812,506067.0,685.25,685.25
2008-06-10,ZC0812,685.25,703.25,683.25,702.75,106952.0,,玉米0812,514457.0,702.75,702.75
2008-06-11,ZC0812,703.0,732.75,703.0,732.75,95789.0,,玉米0812,513557.0,732.75,732.75
2008-06-12,ZC0812,744.5,755.25,726.25,739.5,144265.0,,玉米0812,526054.0,739.5,739.5
2008-06-13,ZC0812,741.75,769.0,731.75,765.0,155778.0,,玉米0812,539603.0,765.0,765.0
2008-06-16,ZC0812,785.25,791.5,757.5,765.0,147229.0,,玉米0812,544835.0,765.0,765.0
2008-06-17,ZC0812,763.0,777.5,758.0,776.0,133317.0,,玉米0812,547598.0,776.0,776.0
2008-06-18,ZC0812,777.5,788.0,766.25,780.0,120548.0,,玉米0812,552800.0,780.0,780.0
2008-06-19,ZC0812,780.0,787.0,751.25,761.5,132084.0,,玉米0812,558149.0,761.5,761.5
2008-06-20,ZC0812,760.75,771.75,751.5,755.5,123553.0,,玉米0812,568375.0,755.5,755.5
2008-06-23,ZC0812,751.0,761.5,738.0,759.25,134891.0,,玉米0812,570100.0,759.25,759.25
2008-06-24,ZC0812,761.5,764.25,743.75,747.5,162591.0,,玉米0812,576930.0,747.5,747.5
2008-06-25,ZC0812,745.75,766.0,742.75,765.0,129656.0,,玉米0812,575805.0,765.0,765.0
2008-06-26,ZC0812,767.0,795.0,765.0,788.0,148735.0,,玉米0812,577496.0,788.0,788.0
2008-06-27,ZC0812,787.0,799.25,780.0,787.0,143988.0,,玉米0812,581883.0,787.0,787.0
2008-06-30,ZC0812,785.75,793.0,757.0,757.0,115498.0,,玉米0812,575051.0,757.0,757.0
2008-07-01,ZC0812,752.0,755.5,735.75,752.0,155129.0,,玉米0812,579447.0,752.0,752.0
2008-07-02,ZC0812,752.75,782.0,747.0,780.5,130805.0,,玉米0812,582498.0,780.5,780.5
2008-07-03,ZC0812,780.0,783.0,762.0,777.0,113045.0,,玉米0812,575268.0,777.0,777.0
2008-07-07,ZC0812,765.0,765.0,747.0,747.0,47741.0,,玉米0812,565484.0,747.0,747.0
2008-07-08,ZC0812,731.0,732.25,702.0,722.5,221501.0,,玉米0812,559530.0,722.5,722.5
2008-07-09,ZC0812,722.75,725.75,704.75,712.75,129427.0,,玉米0812,558487.0,712.75,712.75
2008-07-10,ZC0812,713.25,715.0,701.0,704.25,111174.0,,玉米0812,559057.0,704.25,704.25
2008-07-11,ZC0812,705.25,715.0,694.75,709.25,149594.0,,玉米0812,568833.0,709.25,709.25
2008-07-14,ZC0812,695.25,696.5,680.0,682.25,131140.0,,玉米0812,567826.0,682.25,682.25
2008-07-15,ZC0812,680.0,691.0,661.5,666.75,155765.0,,玉米0812,572907.0,666.75,666.75
2008-07-16,ZC0812,666.0,679.0,657.0,677.25,142820.0,,玉米0812,572644.0,677.25,677.25
2008-07-17,ZC0812,677.25,682.25,648.0,650.0,143409.0,,玉米0812,575330.0,650.0,650.0
2008-07-18,ZC0812,649.25,656.25,627.0,628.5,147033.0,,玉米0812,576255.0,628.5,628.5
2008-07-21,ZC0812,625.75,628.25,602.75,608.25,176336.0,,玉米0812,569700.0,608.25,608.25
2008-07-22,ZC0812,608.5,613.0,590.0,592.25,155895.0,,玉米0812,568179.0,592.25,592.25
2008-07-23,ZC0812,593.0,608.0,562.75,590.5,205372.0,,玉米0812,554428.0,590.5,590.5
2008-07-24,ZC0812,590.25,603.25,580.5,592.0,133145.0,,玉米0812,545711.0,592.0,592.0
2008-07-25,ZC0812,592.25,604.5,588.0,596.5,87729.0,,玉米0812,532316.0,596.5,596.5
2008-07-28,ZC0812,604.25,610.0,594.0,601.25,106026.0,,玉米0812,528062.0,601.25,601.25
2008-07-29,ZC0812,601.5,616.25,589.75,613.5,114610.0,,玉米0812,525386.0,613.5,613.5
2008-07-30,ZC0812,617.75,624.75,606.25,621.25,107554.0,,玉米0812,525994.0,621.25,621.25
2008-07-31,ZC0812,622.0,623.25,605.0,607.5,112856.0,,玉米0812,530659.0,607.5,607.5
2008-08-01,ZC0812,609.0,609.75,581.5,585.0,123954.0,,玉米0812,540056.0,585.0,585.0
2008-08-04,ZC0812,580.0,584.5,555.0,555.5,121815.0,,玉米0812,537857.0,555.5,555.5
2008-08-05,ZC0812,553.25,567.25,536.25,545.0,176796.0,,玉米0812,542617.0,545.0,545.0
2008-08-06,ZC0812,544.0,549.5,522.25,527.75,164287.0,,玉米0812,545723.0,527.75,527.75
2008-08-07,ZC0812,529.0,544.5,523.25,542.0,132529.0,,玉米0812,554043.0,542.0,542.0
2008-08-08,ZC0812,544.0,546.0,513.75,518.25,147159.0,,玉米0812,548662.0,518.25,518.25
2008-08-11,ZC0812,521.0,524.25,512.0,517.0,122309.0,,玉米0812,551502.0,517.0,517.0
2008-08-12,ZC0812,518.25,535.25,504.5,528.5,204430.0,,玉米0812,575677.0,528.5,528.5
2008-08-13,ZC0812,531.0,558.5,528.75,558.5,141892.0,,玉米0812,574340.0,558.5,558.5
2008-08-14,ZC0812,567.75,579.0,549.0,577.25,201141.0,,玉米0812,587367.0,577.25,577.25
2008-08-15,ZC0812,576.25,576.25,547.25,549.5,108311.0,,玉米0812,587519.0,549.5,549.5
2008-08-18,ZC0812,555.0,579.0,555.0,572.75,112146.0,,玉米0812,593443.0,572.75,572.75
2008-08-19,ZC0812,570.75,593.25,561.0,584.5,124836.0,,玉米0812,586493.0,584.5,584.5
2008-08-20,ZC0812,584.0,597.75,583.75,595.0,106330.0,,玉米0812,597443.0,595.0,595.0
2008-08-21,ZC0812,595.5,625.0,594.0,617.5,133779.0,,玉米0812,605458.0,617.5,617.5
2008-08-22,ZC0812,616.75,617.0,601.5,606.5,110021.0,,玉米0812,602592.0,606.5,606.5
2008-08-25,ZC0812,615.5,628.75,598.25,600.0,120231.0,,玉米0812,608165.0,600.0,600.0
2008-08-26,ZC0812,600.5,603.0,588.0,594.0,136798.0,,玉米0812,605193.0,594.0,594.0
2008-08-27,ZC0812,595.0,604.5,585.75,596.0,156517.0,,玉米0812,606751.0,596.0,596.0
2008-08-28,ZC0812,596.5,597.5,581.25,587.75,125294.0,,玉米0812,600819.0,587.75,587.75
2008-08-29,ZC0812,587.25,599.75,580.75,585.0,111554.0,,玉米0812,597470.0,585.0,585.0
2008-09-02,ZC0812,576.0,577.25,555.0,569.25,133737.0,,玉米0812,596518.0,569.25,569.25
2008-09-03,ZC0812,572.0,576.75,550.0,562.25,139590.0,,玉米0812,588472.0,562.25,562.25
2008-09-04,ZC0812,562.75,572.25,555.25,564.5,102518.0,,玉米0812,581945.0,564.5,564.5
2008-09-05,ZC0812,562.5,562.75,542.5,548.5,117864.0,,玉米0812,577806.0,548.5,548.5
2008-09-08,ZC0812,559.0,561.0,544.0,549.0,85480.0,,玉米0812,573946.0,549.0,549.0
2008-09-09,ZC0812,545.0,550.0,531.0,544.5,143489.0,,玉米0812,576007.0,544.5,544.5
2008-09-10,ZC0812,540.75,548.0,535.25,536.75,86928.0,,玉米0812,571118.0,536.75,536.75
2008-09-11,ZC0812,536.25,538.75,531.0,533.25,80681.0,,玉米0812,565506.0,533.25,533.25
2008-09-12,ZC0812,533.5,563.25,531.75,563.25,125790.0,,玉米0812,567861.0,563.25,563.25
2008-09-15,ZC0812,570.0,579.75,545.75,562.0,155947.0,,玉米0812,577537.0,562.0,562.0
2008-09-16,ZC0812,561.5,565.0,532.0,532.25,156918.0,,玉米0812,567938.0,532.25,532.25
2008-09-17,ZC0812,532.25,560.0,526.0,554.0,192345.0,,玉米0812,566977.0,554.0,554.0
2008-09-18,ZC0812,552.5,560.0,524.0,527.25,176651.0,,玉米0812,561122.0,527.25,527.25
2008-09-19,ZC0812,530.25,548.0,527.25,542.25,107830.0,,玉米0812,555275.0,542.25,542.25
2008-09-22,ZC0812,541.25,564.5,535.25,558.5,125398.0,,玉米0812,550555.0,558.5,558.5
2008-09-23,ZC0812,557.75,561.75,549.5,560.25,109990.0,,玉米0812,546483.0,560.25,560.25
2008-09-24,ZC0812,561.0,574.0,555.0,563.0,94573.0,,玉米0812,547699.0,563.0,563.0
2008-09-25,ZC0812,563.0,565.5,555.0,558.25,103299.0,,玉米0812,548484.0,558.25,558.25
2008-09-26,ZC0812,557.75,559.0,539.25,543.0,106618.0,,玉米0812,544051.0,543.0,543.0
2008-09-29,ZC0812,541.25,542.25,513.0,513.0,112025.0,,玉米0812,538512.0,513.0,513.0
2008-09-30,ZC0812,507.0,524.75,485.5,487.5,216889.0,,玉米0812,524158.0,487.5,487.5
2008-10-01,ZC0812,494.0,500.0,482.75,484.0,141925.0,,玉米0812,517447.0,484.0,484.0
2008-10-02,ZC0812,485.0,488.0,454.0,454.0,150592.0,,玉米0812,500763.0,454.0,454.0
2008-10-03,ZC0812,454.0,468.5,453.0,454.0,119134.0,,玉米0812,492926.0,454.0,454.0
2008-10-06,ZC0812,444.0,448.0,424.0,424.0,137525.0,,玉米0812,492998.0,424.0,424.0
2008-10-07,ZC0812,418.5,429.75,412.75,417.0,154002.0,,玉米0812,486713.0,417.0,417.0
2008-10-08,ZC0812,417.75,432.5,407.0,427.5,139482.0,,玉米0812,480617.0,427.5,427.5
2008-10-09,ZC0812,426.5,442.5,425.0,438.25,119918.0,,玉米0812,478999.0,438.25,438.25
2008-10-10,ZC0812,427.75,429.0,408.25,408.25,39848.0,,玉米0812,472937.0,408.25,408.25
2008-10-13,ZC0812,405.0,423.0,398.25,411.5,105583.0,,玉米0812,469199.0,411.5,411.5
2008-10-14,ZC0812,418.25,428.5,410.5,411.25,99419.0,,玉米0812,464177.0,411.25,411.25
2008-10-15,ZC0812,412.0,416.0,384.75,388.0,130944.0,,玉米0812,451690.0,388.0,388.0
2008-10-16,ZC0812,385.25,391.75,371.0,384.5,137844.0,,玉米0812,446740.0,384.5,384.5
2008-10-17,ZC0812,392.0,410.0,387.0,403.0,107661.0,,玉米0812,442389.0,403.0,403.0
2008-10-20,ZC0812,404.0,420.0,404.0,418.5,99785.0,,玉米0812,446063.0,418.5,418.5
2008-10-21,ZC0812,421.75,427.75,406.5,411.0,147871.0,,玉米0812,442677.0,411.0,411.0
2008-10-22,ZC0812,412.5,414.0,381.75,385.0,127561.0,,玉米0812,440133.0,385.0,385.0
2008-10-23,ZC0812,386.25,401.75,379.0,390.25,125163.0,,玉米0812,433555.0,390.25,390.25
2008-10-24,ZC0812,395.25,407.5,372.0,372.75,133238.0,,玉米0812,431852.0,372.75,372.75
2008-10-27,ZC0812,380.0,387.0,364.0,385.25,114823.0,,玉米0812,428269.0,385.25,385.25
2008-10-28,ZC0812,387.0,409.75,385.75,390.75,144318.0,,玉米0812,420577.0,390.75,390.75
2008-10-29,ZC0812,400.5,420.75,396.25,420.75,107041.0,,玉米0812,419845.0,420.75,420.75
2008-10-30,ZC0812,420.75,433.0,402.25,409.5,182927.0,,玉米0812,415996.0,409.5,409.5
2008-10-31,ZC0812,408.5,410.5,395.5,401.5,140878.0,,玉米0812,404610.0,401.5,401.5
2008-11-03,ZC0812,398.0,418.0,394.5,403.0,127418.0,,玉米0812,396849.0,403.0,403.0
2008-11-04,ZC0812,401.0,422.0,398.0,413.0,125971.0,,玉米0812,395823.0,413.0,413.0
2008-11-05,ZC0812,412.5,416.0,390.0,390.25,139558.0,,玉米0812,383563.0,390.25,390.25
2008-11-06,ZC0812,390.25,391.5,374.5,378.0,163866.0,,玉米0812,369019.0,378.0,378.0
2008-11-07,ZC0812,379.25,388.0,375.0,375.5,124515.0,,玉米0812,364854.0,375.5,375.5
2008-11-10,ZC0812,383.25,390.0,372.75,383.5,144713.0,,玉米0812,345420.0,383.5,383.5
2008-11-11,ZC0812,383.0,384.0,360.25,374.25,162316.0,,玉米0812,321933.0,374.25,374.25
2008-11-12,ZC0812,370.5,389.5,363.25,369.5,175013.0,,玉米0812,302725.0,369.5,369.5
2008-11-13,ZC0812,365.75,379.0,363.0,377.0,141034.0,,玉米0812,275938.0,377.0,377.0
2008-11-14,ZC0812,384.75,386.25,370.5,380.25,105148.0,,玉米0812,260468.0,380.25,380.25
2008-11-17,ZC0812,375.0,389.5,375.0,385.75,109970.0,,玉米0812,249425.0,385.75,385.75
2008-11-18,ZC0812,384.25,386.75,378.5,380.0,100584.0,,玉米0812,238754.0,380.0,380.0
2008-11-19,ZC0812,379.75,385.0,375.0,378.75,104902.0,,玉米0812,223536.0,378.75,378.75
2008-11-20,ZC0812,372.5,375.0,360.25,363.75,96024.0,,玉米0812,209954.0,363.75,363.75
2008-11-21,ZC0812,357.75,362.5,336.5,338.5,149304.0,,玉米0812,145403.0,338.5,338.5
2008-11-24,ZC0812,343.5,361.75,338.75,354.5,137794.0,,玉米0812,124933.0,354.5,354.5
2008-11-25,ZC0812,354.25,357.0,347.0,353.5,131047.0,,玉米0812,87193.0,353.5,353.5
2008-11-26,ZC0812,353.5,358.0,350.25,354.0,124950.0,,玉米0812,49653.0,354.0,354.0
2008-11-28,ZC0812,353.75,359.0,345.75,349.5,39707.0,,玉米0812,36150.0,349.5,349.5
2008-12-01,ZC0812,350.0,352.25,328.75,332.75,50202.0,,玉米0812,28057.0,332.75,332.75
2008-12-02,ZC0812,330.25,338.0,330.0,332.5,45168.0,,玉米0812,19012.0,332.5,332.5
2008-12-03,ZC0812,332.5,338.5,329.0,332.0,32940.0,,玉米0812,13622.0,332.0,332.0
2008-12-04,ZC0812,332.5,332.75,317.5,318.25,22612.0,,玉米0812,11032.0,318.25,318.25
2008-12-05,ZC0812,318.25,322.0,290.0,293.5,19576.0,,玉米0812,7874.0,293.5,293.5
2008-12-08,ZC0812,296.75,319.0,296.75,314.25,10605.0,,玉米0812,6785.0,314.25,314.25
2008-12-09,ZC0812,314.25,323.0,310.25,312.25,8412.0,,玉米0812,5267.0,312.25,312.25
2008-12-10,ZC0812,312.25,329.0,312.25,326.75,7112.0,,玉米0812,2952.0,326.75,326.75
2008-12-11,ZC0812,326.75,342.5,323.75,338.0,3501.0,,玉米0812,868.0,338.0,338.0
2008-12-12,ZC0812,335.75,365.0,325.0,359.5,679.0,,玉米0812,,359.5,359.5
