date,symbol,open,high,low,close,volume,amount,name,openinterest,settleprice,price
2007-03-16,ZC0903,386.0,392.0,384.5,392.0,17.0,,玉米0903,,392.0,392.0
2007-03-19,ZC0903,389.0,398.5,389.0,398.5,20.0,,玉米0903,15.0,398.5,398.5
2007-03-20,ZC0903,398.0,400.5,398.0,400.5,10.0,,玉米0903,28.0,400.5,400.5
2007-03-21,ZC0903,400.0,404.0,400.0,404.0,14.0,,玉米0903,37.0,404.0,404.0
2007-03-22,ZC0903,401.25,407.0,401.25,404.5,51.0,,玉米0903,49.0,404.5,404.5
2007-03-23,ZC0903,405.0,410.5,404.5,408.0,96.0,,玉米0903,95.0,408.0,408.0
2007-03-26,ZC0903,405.0,408.0,401.0,406.0,129.0,,玉米0903,174.0,406.0,406.0
2007-03-27,ZC0903,406.0,406.0,402.0,403.5,102.0,,玉米0903,243.0,403.5,403.5
2007-03-28,ZC0903,403.0,403.0,400.0,401.5,182.0,,玉米0903,340.0,401.5,401.5
2007-03-29,ZC0903,401.25,405.0,399.0,401.5,110.0,,玉米0903,406.0,401.5,401.5
2007-03-30,ZC0903,400.0,400.0,385.0,387.0,62.0,,玉米0903,507.0,387.0,387.0
2007-04-02,ZC0903,380.0,387.0,380.0,387.0,20.0,,玉米0903,519.0,387.0,387.0
2007-04-03,ZC0903,,,,393.0,,,玉米0903,539.0,393.0,393.0
2007-04-04,ZC0903,392.0,403.0,389.75,403.0,25.0,,玉米0903,539.0,403.0,403.0
2007-04-05,ZC0903,403.0,407.5,403.0,405.25,42.0,,玉米0903,564.0,405.25,405.25
2007-04-09,ZC0903,410.0,413.0,402.0,403.0,26.0,,玉米0903,590.0,403.0,403.0
2007-04-10,ZC0903,403.0,408.0,400.0,405.5,17.0,,玉米0903,615.0,405.5,405.5
2007-04-11,ZC0903,405.0,405.0,404.0,404.0,9.0,,玉米0903,625.0,404.0,404.0
2007-04-12,ZC0903,398.75,403.0,398.0,402.0,32.0,,玉米0903,626.0,402.0,402.0
2007-04-13,ZC0903,401.0,405.0,401.0,405.0,131.0,,玉米0903,656.0,405.0,405.0
2007-04-16,ZC0903,403.0,405.0,403.0,403.5,51.0,,玉米0903,746.0,403.5,403.5
2007-04-17,ZC0903,398.5,398.5,395.0,397.0,163.0,,玉米0903,789.0,397.0,397.0
2007-04-18,ZC0903,395.0,395.0,394.0,394.0,2.0,,玉米0903,888.0,394.0,394.0
2007-04-19,ZC0903,396.0,399.75,390.0,391.5,62.0,,玉米0903,890.0,391.5,391.5
2007-04-20,ZC0903,,,,390.0,13.0,,玉米0903,952.0,390.0,390.0
2007-04-23,ZC0903,385.0,389.5,385.0,389.5,269.0,,玉米0903,952.0,389.5,389.5
2007-04-24,ZC0903,390.0,393.0,390.0,392.0,12.0,,玉米0903,1219.0,392.0,392.0
2007-04-25,ZC0903,392.0,397.5,392.0,394.75,19.0,,玉米0903,1223.0,394.75,394.75
2007-04-26,ZC0903,392.0,394.0,386.5,390.0,68.0,,玉米0903,1240.0,390.0,390.0
2007-04-27,ZC0903,391.25,391.25,384.0,385.0,27.0,,玉米0903,1288.0,385.0,385.0
2007-04-30,ZC0903,381.0,386.0,381.0,384.75,143.0,,玉米0903,1293.0,384.75,384.75
2007-05-01,ZC0903,390.0,397.0,390.0,397.0,67.0,,玉米0903,1422.0,397.0,397.0
2007-05-02,ZC0903,397.0,400.0,396.0,397.5,46.0,,玉米0903,1421.0,397.5,397.5
2007-05-03,ZC0903,404.0,405.5,402.0,402.25,26.0,,玉米0903,1458.0,402.25,402.25
2007-05-04,ZC0903,401.5,405.5,401.5,402.5,50.0,,玉米0903,1475.0,402.5,402.5
2007-05-07,ZC0903,407.0,407.0,398.0,400.0,1.0,,玉米0903,1490.0,400.0,400.0
2007-05-08,ZC0903,390.0,391.0,389.0,389.75,96.0,,玉米0903,1491.0,389.75,389.75
2007-05-09,ZC0903,390.0,391.0,389.0,390.0,195.0,,玉米0903,1581.0,390.0,390.0
2007-05-10,ZC0903,,,,385.0,,,玉米0903,1687.0,385.0,385.0
2007-05-11,ZC0903,395.0,396.5,395.0,396.5,41.0,,玉米0903,1687.0,396.5,396.5
2007-05-14,ZC0903,397.5,398.5,396.25,396.25,42.0,,玉米0903,1708.0,396.25,396.25
2007-05-15,ZC0903,393.0,401.5,393.0,400.0,8.0,,玉米0903,1717.0,400.0,400.0
2007-05-16,ZC0903,402.5,402.5,398.5,401.0,10.0,,玉米0903,1724.0,401.0,401.0
2007-05-17,ZC0903,397.5,399.0,396.0,396.0,22.0,,玉米0903,1734.0,396.0,396.0
2007-05-18,ZC0903,396.0,396.0,393.0,393.0,145.0,,玉米0903,1753.0,393.0,393.0
2007-05-21,ZC0903,,,,401.0,,,玉米0903,1883.0,401.0,401.0
2007-05-22,ZC0903,394.5,395.0,393.0,393.5,258.0,,玉米0903,1883.0,393.5,393.5
2007-05-23,ZC0903,,,,395.0,,,玉米0903,2032.0,395.0,395.0
2007-05-24,ZC0903,399.0,399.0,395.0,396.75,16.0,,玉米0903,2032.0,396.75,396.75
2007-05-25,ZC0903,395.25,400.0,395.25,399.0,30.0,,玉米0903,2048.0,399.0,399.0
2007-05-29,ZC0903,394.5,395.5,392.5,393.5,23.0,,玉米0903,2074.0,393.5,393.5
2007-05-30,ZC0903,400.0,403.25,400.0,403.25,120.0,,玉米0903,2082.0,403.25,403.25
2007-05-31,ZC0903,404.5,406.5,401.5,403.5,20.0,,玉米0903,2202.0,403.5,403.5
2007-06-01,ZC0903,403.5,406.0,402.5,403.5,15.0,,玉米0903,2218.0,403.5,403.5
2007-06-04,ZC0903,403.5,406.75,403.5,403.5,58.0,,玉米0903,2211.0,403.5,403.5
2007-06-05,ZC0903,408.5,410.0,405.0,406.0,53.0,,玉米0903,2220.0,406.0,406.0
2007-06-06,ZC0903,403.0,406.0,401.5,405.5,5.0,,玉米0903,2237.0,405.5,405.5
2007-06-07,ZC0903,404.0,414.0,403.0,413.0,146.0,,玉米0903,2242.0,413.0,413.0
2007-06-08,ZC0903,414.0,414.0,408.0,411.5,26.0,,玉米0903,2298.0,411.5,411.5
2007-06-11,ZC0903,415.0,422.5,415.0,421.0,88.0,,玉米0903,2309.0,421.0,421.0
2007-06-12,ZC0903,417.5,422.5,416.5,420.0,12.0,,玉米0903,2394.0,420.0,420.0
2007-06-13,ZC0903,420.5,430.0,420.5,429.5,90.0,,玉米0903,2399.0,429.5,429.5
2007-06-14,ZC0903,428.0,435.0,427.5,432.0,197.0,,玉米0903,2443.0,432.0,432.0
2007-06-15,ZC0903,430.0,434.5,427.5,430.25,84.0,,玉米0903,2587.0,430.25,430.25
2007-06-18,ZC0903,429.0,435.0,426.0,427.5,171.0,,玉米0903,2601.0,427.5,427.5
2007-06-19,ZC0903,424.25,430.75,409.0,413.0,167.0,,玉米0903,2643.0,413.0,413.0
2007-06-20,ZC0903,410.0,424.0,409.0,419.0,46.0,,玉米0903,2765.0,419.0,419.0
2007-06-21,ZC0903,414.0,419.0,411.25,411.5,69.0,,玉米0903,2780.0,411.5,411.5
2007-06-22,ZC0903,399.0,406.0,399.0,405.75,64.0,,玉米0903,2830.0,405.75,405.75
2007-06-25,ZC0903,403.75,405.0,403.0,403.0,335.0,,玉米0903,2851.0,403.0,403.0
2007-06-26,ZC0903,403.5,408.0,403.5,406.5,207.0,,玉米0903,3184.0,406.5,406.5
2007-06-27,ZC0903,398.5,400.0,394.0,396.5,274.0,,玉米0903,3381.0,396.5,396.5
2007-06-28,ZC0903,395.0,401.0,395.0,397.0,121.0,,玉米0903,3628.0,397.0,397.0
2007-06-29,ZC0903,396.0,408.0,396.0,400.5,101.0,,玉米0903,3675.0,400.5,400.5
2007-07-02,ZC0903,396.0,403.0,396.0,400.0,27.0,,玉米0903,3696.0,400.0,400.0
2007-07-03,ZC0903,,,,392.0,25.0,,玉米0903,3721.0,392.0,392.0
2007-07-05,ZC0903,395.0,395.0,391.0,395.0,53.0,,玉米0903,3745.0,395.0,395.0
2007-07-06,ZC0903,395.0,403.0,395.0,403.0,7.0,,玉米0903,3758.0,403.0,403.0
2007-07-09,ZC0903,400.0,403.0,399.0,402.5,43.0,,玉米0903,3765.0,402.5,402.5
2007-07-10,ZC0903,401.0,408.0,401.0,406.5,159.0,,玉米0903,3778.0,406.5,406.5
2007-07-11,ZC0903,408.0,408.5,406.0,408.5,11.0,,玉米0903,3796.0,408.5,408.5
2007-07-12,ZC0903,406.0,412.5,405.0,412.25,83.0,,玉米0903,3799.0,412.25,412.25
2007-07-13,ZC0903,412.5,415.0,407.75,415.0,61.0,,玉米0903,3881.0,415.0,415.0
2007-07-16,ZC0903,399.75,399.75,396.25,398.5,6.0,,玉米0903,3866.0,398.5,398.5
2007-07-17,ZC0903,397.0,399.0,389.0,393.0,102.0,,玉米0903,3867.0,393.0,393.0
2007-07-18,ZC0903,392.5,398.0,392.5,398.0,57.0,,玉米0903,3885.0,398.0,398.0
2007-07-19,ZC0903,395.5,396.5,395.5,396.5,34.0,,玉米0903,3898.0,396.5,396.5
2007-07-20,ZC0903,395.5,396.5,391.0,393.0,194.0,,玉米0903,3899.0,393.0,393.0
2007-07-23,ZC0903,391.0,391.0,388.0,388.5,182.0,,玉米0903,3926.0,388.5,388.5
2007-07-24,ZC0903,390.0,390.5,387.5,388.5,85.0,,玉米0903,3972.0,388.5,388.5
2007-07-25,ZC0903,388.0,390.0,387.0,387.0,269.0,,玉米0903,4010.0,387.0,387.0
2007-07-26,ZC0903,392.0,395.5,390.5,390.5,6.0,,玉米0903,4051.0,390.5,390.5
2007-07-27,ZC0903,391.0,393.5,389.0,393.5,20.0,,玉米0903,4056.0,393.5,393.5
2007-07-30,ZC0903,391.25,397.0,391.25,397.0,11.0,,玉米0903,4070.0,397.0,397.0
2007-07-31,ZC0903,396.75,400.5,394.5,400.25,4.0,,玉米0903,4064.0,400.25,400.25
2007-08-01,ZC0903,399.0,400.0,392.5,395.0,52.0,,玉米0903,4067.0,395.0,395.0
2007-08-02,ZC0903,399.0,400.0,399.0,400.0,10.0,,玉米0903,4091.0,400.0,400.0
2007-08-03,ZC0903,400.0,402.0,400.0,401.5,37.0,,玉米0903,4089.0,401.5,401.5
2007-08-06,ZC0903,395.0,401.0,394.0,400.0,310.0,,玉米0903,4102.0,400.0,400.0
2007-08-07,ZC0903,399.5,406.5,399.5,406.5,50.0,,玉米0903,4136.0,406.5,406.5
2007-08-08,ZC0903,405.0,412.0,405.0,411.0,129.0,,玉米0903,4160.0,411.0,411.0
2007-08-09,ZC0903,406.5,407.0,402.5,403.5,81.0,,玉米0903,4252.0,403.5,403.5
2007-08-10,ZC0903,400.0,408.0,400.0,407.0,32.0,,玉米0903,4256.0,407.0,407.0
2007-08-13,ZC0903,410.0,411.0,407.0,407.5,17.0,,玉米0903,4278.0,407.5,407.5
2007-08-14,ZC0903,,,,404.0,7.0,,玉米0903,4291.0,404.0,404.0
2007-08-15,ZC0903,403.5,405.0,398.0,402.0,20.0,,玉米0903,4294.0,402.0,402.0
2007-08-16,ZC0903,396.0,396.0,385.5,394.25,447.0,,玉米0903,4296.0,394.25,394.25
2007-08-17,ZC0903,396.0,399.0,390.5,399.0,71.0,,玉米0903,4345.0,399.0,399.0
2007-08-20,ZC0903,399.0,400.5,399.0,400.5,19.0,,玉米0903,4341.0,400.5,400.5
2007-08-21,ZC0903,401.0,406.5,400.0,405.5,64.0,,玉米0903,4352.0,405.5,405.5
2007-08-22,ZC0903,406.0,410.5,406.0,407.5,236.0,,玉米0903,4380.0,407.5,407.5
2007-08-23,ZC0903,407.0,411.0,407.0,409.0,217.0,,玉米0903,4471.0,409.0,409.0
2007-08-24,ZC0903,407.5,407.5,405.5,405.5,37.0,,玉米0903,4565.0,405.5,405.5
2007-08-27,ZC0903,400.0,404.5,400.0,404.5,6.0,,玉米0903,4581.0,404.5,404.5
2007-08-28,ZC0903,405.0,405.0,399.5,400.5,73.0,,玉米0903,4585.0,400.5,400.5
2007-08-29,ZC0903,400.0,400.5,397.5,399.0,67.0,,玉米0903,4616.0,399.0,399.0
2007-08-30,ZC0903,393.5,404.0,393.5,398.5,35.0,,玉米0903,4649.0,398.5,398.5
2007-08-31,ZC0903,400.0,402.0,398.0,400.0,102.0,,玉米0903,4652.0,400.0,400.0
2007-09-04,ZC0903,409.0,410.0,407.0,408.75,26.0,,玉米0903,4691.0,408.75,408.75
2007-09-05,ZC0903,409.0,413.0,403.0,405.0,176.0,,玉米0903,4693.0,405.0,405.0
2007-09-06,ZC0903,398.0,401.0,398.0,401.0,137.0,,玉米0903,4725.0,401.0,401.0
2007-09-07,ZC0903,401.0,409.0,399.0,408.0,75.0,,玉米0903,4795.0,408.0,408.0
2007-09-10,ZC0903,407.0,410.0,403.5,406.0,58.0,,玉米0903,4824.0,406.0,406.0
2007-09-11,ZC0903,403.5,403.5,399.0,400.25,51.0,,玉米0903,4844.0,400.25,400.25
2007-09-12,ZC0903,398.0,412.0,397.5,412.0,273.0,,玉米0903,4885.0,412.0,412.0
2007-09-13,ZC0903,410.0,410.0,404.0,406.5,192.0,,玉米0903,5100.0,406.5,406.5
2007-09-14,ZC0903,406.5,417.0,406.5,409.0,162.0,,玉米0903,5151.0,409.0,409.0
2007-09-17,ZC0903,408.0,413.0,408.0,413.0,426.0,,玉米0903,5215.0,413.0,413.0
2007-09-18,ZC0903,413.0,414.5,407.0,413.25,56.0,,玉米0903,5427.0,413.25,413.25
2007-09-19,ZC0903,413.0,417.0,409.75,417.0,580.0,,玉米0903,5456.0,417.0,417.0
2007-09-20,ZC0903,417.0,426.5,417.0,424.25,344.0,,玉米0903,5925.0,424.25,424.25
2007-09-21,ZC0903,422.75,429.0,422.75,429.0,331.0,,玉米0903,6153.0,429.0,429.0
2007-09-24,ZC0903,429.0,430.0,423.0,426.0,183.0,,玉米0903,6312.0,426.0,426.0
2007-09-25,ZC0903,424.0,424.5,421.25,423.25,247.0,,玉米0903,6372.0,423.25,423.25
2007-09-26,ZC0903,423.5,426.0,423.0,425.25,472.0,,玉米0903,6454.0,425.25,425.25
2007-09-27,ZC0903,424.25,434.0,424.25,432.25,248.0,,玉米0903,6573.0,432.25,432.25
2007-09-28,ZC0903,430.0,432.0,423.0,427.75,714.0,,玉米0903,6772.0,427.75,427.75
2007-10-01,ZC0903,427.75,427.75,423.0,424.25,166.0,,玉米0903,7089.0,424.25,424.25
2007-10-02,ZC0903,422.75,422.75,404.25,404.5,637.0,,玉米0903,7155.0,404.5,404.5
2007-10-03,ZC0903,403.0,407.5,401.0,404.75,339.0,,玉米0903,7362.0,404.75,404.75
2007-10-04,ZC0903,404.0,408.0,402.75,404.25,355.0,,玉米0903,7500.0,404.25,404.25
2007-10-05,ZC0903,401.5,403.5,401.0,403.5,171.0,,玉米0903,7518.0,403.5,403.5
2007-10-08,ZC0903,402.0,402.0,395.75,400.5,429.0,,玉米0903,7573.0,400.5,400.5
2007-10-09,ZC0903,399.0,405.5,398.0,403.0,262.0,,玉米0903,7650.0,403.0,403.0
2007-10-10,ZC0903,402.5,406.0,402.5,406.0,270.0,,玉米0903,7800.0,406.0,406.0
2007-10-11,ZC0903,406.0,406.0,399.75,403.5,353.0,,玉米0903,7949.0,403.5,403.5
2007-10-12,ZC0903,402.0,411.0,402.0,409.5,305.0,,玉米0903,8055.0,409.5,409.5
2007-10-15,ZC0903,412.0,417.5,410.0,417.5,170.0,,玉米0903,8211.0,417.5,417.5
2007-10-16,ZC0903,415.0,417.75,412.75,417.75,165.0,,玉米0903,8276.0,417.75,417.75
2007-10-17,ZC0903,415.0,415.0,411.0,413.25,71.0,,玉米0903,8350.0,413.25,413.25
2007-10-18,ZC0903,413.0,421.5,413.0,421.25,204.0,,玉米0903,8367.0,421.25,421.25
2007-10-19,ZC0903,419.25,423.5,417.5,423.25,214.0,,玉米0903,8499.0,423.25,423.25
2007-10-22,ZC0903,421.5,421.5,414.0,419.5,189.0,,玉米0903,8602.0,419.5,419.5
2007-10-23,ZC0903,420.75,422.5,417.0,418.25,272.0,,玉米0903,8615.0,418.25,418.25
2007-10-24,ZC0903,417.25,417.5,412.75,413.0,119.0,,玉米0903,8630.0,413.0,413.0
2007-10-25,ZC0903,412.0,423.25,412.0,423.25,54.0,,玉米0903,8638.0,423.25,423.25
2007-10-26,ZC0903,421.25,427.5,421.25,427.5,497.0,,玉米0903,8663.0,427.5,427.5
2007-10-29,ZC0903,427.0,430.0,427.0,428.75,390.0,,玉米0903,8876.0,428.75,428.75
2007-10-30,ZC0903,428.0,428.0,420.5,425.75,316.0,,玉米0903,9094.0,425.75,425.75
2007-10-31,ZC0903,423.75,433.0,423.75,427.5,446.0,,玉米0903,9217.0,427.5,427.5
2007-11-01,ZC0903,426.5,430.0,422.75,424.0,389.0,,玉米0903,9361.0,424.0,424.0
2007-11-02,ZC0903,424.0,433.25,424.0,432.75,373.0,,玉米0903,9401.0,432.75,432.75
2007-11-05,ZC0903,431.75,433.0,428.0,432.5,286.0,,玉米0903,9612.0,432.5,432.5
2007-11-06,ZC0903,431.0,440.5,431.0,440.5,633.0,,玉米0903,9720.0,440.5,440.5
2007-11-07,ZC0903,436.5,442.0,435.0,439.5,639.0,,玉米0903,10065.0,439.5,439.5
2007-11-08,ZC0903,438.0,442.0,433.25,441.5,824.0,,玉米0903,10532.0,441.5,441.5
2007-11-09,ZC0903,439.0,440.0,432.5,437.5,691.0,,玉米0903,10878.0,437.5,437.5
2007-11-12,ZC0903,436.0,436.0,429.0,430.5,318.0,,玉米0903,11055.0,430.5,430.5
2007-11-13,ZC0903,427.75,431.0,426.0,427.0,162.0,,玉米0903,11147.0,427.0,427.0
2007-11-14,ZC0903,426.0,435.75,426.0,435.0,412.0,,玉米0903,11177.0,435.0,435.0
2007-11-15,ZC0903,434.0,434.0,426.75,427.0,489.0,,玉米0903,11299.0,427.0,427.0
2007-11-16,ZC0903,426.25,431.5,420.25,430.25,1315.0,,玉米0903,11586.0,430.25,430.25
2007-11-19,ZC0903,432.0,432.5,425.5,427.0,502.0,,玉米0903,11705.0,427.0,427.0
2007-11-20,ZC0903,425.75,434.0,424.0,430.5,963.0,,玉米0903,11693.0,430.5,430.5
2007-11-21,ZC0903,430.0,434.0,427.75,433.5,247.0,,玉米0903,11889.0,433.5,433.5
2007-11-23,ZC0903,432.0,438.5,432.0,438.0,160.0,,玉米0903,11993.0,438.0,438.0
2007-11-26,ZC0903,436.0,441.25,432.5,437.0,432.0,,玉米0903,12106.0,437.0,437.0
2007-11-27,ZC0903,435.0,435.5,432.25,435.0,243.0,,玉米0903,12157.0,435.0,435.0
2007-11-28,ZC0903,431.0,441.0,431.0,441.0,539.0,,玉米0903,12264.0,441.0,441.0
2007-11-29,ZC0903,438.75,441.5,435.5,435.75,703.0,,玉米0903,12510.0,435.75,435.75
2007-11-30,ZC0903,434.0,438.0,431.25,436.0,271.0,,玉米0903,12707.0,436.0,436.0
2007-12-03,ZC0903,435.25,440.0,431.5,437.5,412.0,,玉米0903,12828.0,437.5,437.5
2007-12-04,ZC0903,437.0,444.0,437.0,443.25,714.0,,玉米0903,13093.0,443.25,443.25
2007-12-05,ZC0903,442.0,443.25,438.75,442.0,618.0,,玉米0903,13540.0,442.0,442.0
2007-12-06,ZC0903,439.5,442.5,438.5,442.5,289.0,,玉米0903,13748.0,442.5,442.5
2007-12-07,ZC0903,440.5,445.0,440.25,445.0,673.0,,玉米0903,13952.0,445.0,445.0
2007-12-10,ZC0903,441.0,446.0,441.0,444.75,1349.0,,玉米0903,14263.0,444.75,444.75
2007-12-11,ZC0903,443.25,447.5,433.25,447.25,1638.0,,玉米0903,14647.0,447.25,447.25
2007-12-12,ZC0903,445.0,453.5,443.5,452.75,1148.0,,玉米0903,15145.0,452.75,452.75
2007-12-13,ZC0903,448.5,456.5,448.5,455.5,934.0,,玉米0903,15387.0,455.5,455.5
2007-12-14,ZC0903,453.5,456.5,452.0,456.0,725.0,,玉米0903,15720.0,456.0,456.0
2007-12-17,ZC0903,455.0,457.0,448.5,456.25,531.0,,玉米0903,15626.0,456.25,456.25
2007-12-18,ZC0903,452.0,454.25,450.5,454.0,308.0,,玉米0903,15606.0,454.0,454.0
2007-12-19,ZC0903,452.0,459.0,452.0,458.5,666.0,,玉米0903,15798.0,458.5,458.5
2007-12-20,ZC0903,457.5,460.5,455.0,460.25,640.0,,玉米0903,15985.0,460.25,460.25
2007-12-21,ZC0903,459.75,471.25,459.25,467.0,1011.0,,玉米0903,16336.0,467.0,467.0
2007-12-24,ZC0903,465.0,468.0,465.0,468.0,214.0,,玉米0903,16866.0,468.0,468.0
2007-12-26,ZC0903,468.5,477.25,468.25,475.0,448.0,,玉米0903,16976.0,475.0,475.0
2007-12-27,ZC0903,473.0,480.0,473.0,480.0,825.0,,玉米0903,17178.0,480.0,480.0
2007-12-28,ZC0903,479.0,481.0,478.0,478.0,471.0,,玉米0903,17405.0,478.0,478.0
2007-12-31,ZC0903,478.0,479.0,474.75,478.75,212.0,,玉米0903,17598.0,478.75,478.75
2008-01-02,ZC0903,479.0,491.0,479.0,484.75,658.0,,玉米0903,17677.0,484.75,484.75
2008-01-03,ZC0903,484.0,491.5,484.0,491.0,899.0,,玉米0903,17907.0,491.0,491.0
2008-01-04,ZC0903,490.0,494.0,486.0,491.75,2307.0,,玉米0903,18079.0,491.75,491.75
2008-01-07,ZC0903,489.5,493.5,488.25,491.75,1656.0,,玉米0903,19262.0,491.75,491.75
2008-01-08,ZC0903,491.0,503.0,491.0,501.0,1592.0,,玉米0903,19465.0,501.0,501.0
2008-01-09,ZC0903,499.0,504.0,498.25,501.0,1374.0,,玉米0903,20509.0,501.0,501.0
2008-01-10,ZC0903,500.0,501.25,495.5,499.0,1461.0,,玉米0903,20964.0,499.0,499.0
2008-01-11,ZC0903,497.0,519.0,497.0,519.0,2535.0,,玉米0903,21222.0,519.0,519.0
2008-01-14,ZC0903,519.0,539.0,519.0,535.5,2271.0,,玉米0903,21600.0,535.5,535.5
2008-01-15,ZC0903,533.5,543.5,530.25,534.5,1466.0,,玉米0903,22467.0,534.5,534.5
2008-01-16,ZC0903,532.5,535.0,523.5,527.25,1470.0,,玉米0903,22961.0,527.25,527.25
2008-01-17,ZC0903,525.0,537.5,525.0,527.25,502.0,,玉米0903,23015.0,527.25,527.25
2008-01-18,ZC0903,525.25,527.0,516.75,521.25,670.0,,玉米0903,23222.0,521.25,521.25
2008-01-22,ZC0903,506.25,516.75,501.25,510.25,883.0,,玉米0903,23408.0,510.25,510.25
2008-01-23,ZC0903,509.0,514.5,490.25,490.25,1327.0,,玉米0903,23778.0,490.25,490.25
2008-01-24,ZC0903,487.5,510.25,487.5,508.0,827.0,,玉米0903,24177.0,508.0,508.0
2008-01-25,ZC0903,507.5,522.0,507.5,516.75,1344.0,,玉米0903,24118.0,516.75,516.75
2008-01-28,ZC0903,516.0,520.0,509.5,518.75,884.0,,玉米0903,24656.0,518.75,518.75
2008-01-29,ZC0903,519.25,523.25,515.0,518.0,670.0,,玉米0903,24797.0,518.0,518.0
2008-01-30,ZC0903,518.0,518.75,514.5,517.5,699.0,,玉米0903,25068.0,517.5,517.5
2008-01-31,ZC0903,516.5,526.0,512.75,523.25,911.0,,玉米0903,25423.0,523.25,523.25
2008-02-01,ZC0903,522.75,532.75,522.75,526.5,1322.0,,玉米0903,25762.0,526.5,526.5
2008-02-04,ZC0903,526.0,541.0,526.0,540.75,2922.0,,玉米0903,26405.0,540.75,540.75
2008-02-05,ZC0903,539.0,542.0,534.75,540.75,1047.0,,玉米0903,27569.0,540.75,540.75
2008-02-06,ZC0903,539.5,557.5,533.5,533.5,3614.0,,玉米0903,28012.0,533.5,533.5
2008-02-07,ZC0903,530.5,533.0,522.5,530.25,984.0,,玉米0903,29589.0,530.25,530.25
2008-02-08,ZC0903,530.0,542.25,530.0,537.25,1528.0,,玉米0903,29484.0,537.25,537.25
2008-02-11,ZC0903,530.25,537.25,523.5,532.5,647.0,,玉米0903,29950.0,532.5,532.5
2008-02-12,ZC0903,531.0,534.75,523.5,528.25,1114.0,,玉米0903,30173.0,528.25,528.25
2008-02-13,ZC0903,527.5,527.5,523.25,526.5,847.0,,玉米0903,30524.0,526.5,526.5
2008-02-14,ZC0903,526.5,541.0,526.5,539.5,877.0,,玉米0903,30850.0,539.5,539.5
2008-02-15,ZC0903,539.0,545.0,539.0,544.75,998.0,,玉米0903,31142.0,544.75,544.75
2008-02-19,ZC0903,543.75,554.0,543.75,552.25,1610.0,,玉米0903,31462.0,552.25,552.25
2008-02-20,ZC0903,550.5,556.75,547.0,556.5,2632.0,,玉米0903,32059.0,556.5,556.5
2008-02-21,ZC0903,555.5,562.0,550.5,561.5,2803.0,,玉米0903,32464.0,561.5,561.5
2008-02-22,ZC0903,560.25,563.0,554.0,559.25,2005.0,,玉米0903,33149.0,559.25,559.25
2008-02-25,ZC0903,558.25,570.5,558.25,566.25,2061.0,,玉米0903,33970.0,566.25,566.25
2008-02-26,ZC0903,565.75,571.25,550.0,564.5,2100.0,,玉米0903,34536.0,564.5,564.5
2008-02-27,ZC0903,563.5,565.0,550.25,562.25,2103.0,,玉米0903,34920.0,562.25,562.25
2008-02-28,ZC0903,561.25,575.0,553.25,573.0,1287.0,,玉米0903,35362.0,573.0,573.0
2008-02-29,ZC0903,571.5,574.5,568.75,572.0,1412.0,,玉米0903,35816.0,572.0,572.0
2008-03-03,ZC0903,571.0,589.75,571.0,583.5,2413.0,,玉米0903,36069.0,583.5,583.5
2008-03-04,ZC0903,580.25,589.25,564.5,576.25,2148.0,,玉米0903,37037.0,576.25,576.25
2008-03-05,ZC0903,576.0,593.0,557.25,585.5,2085.0,,玉米0903,37227.0,585.5,585.5
2008-03-06,ZC0903,584.25,590.25,576.5,586.75,3013.0,,玉米0903,37618.0,586.75,586.75
2008-03-07,ZC0903,585.75,586.75,566.75,566.75,2345.0,,玉米0903,37132.0,566.75,566.75
2008-03-10,ZC0903,560.0,586.75,549.5,586.75,3865.0,,玉米0903,38070.0,586.75,586.75
2008-03-11,ZC0903,586.0,598.0,568.25,593.0,2274.0,,玉米0903,39025.0,593.0,593.0
2008-03-12,ZC0903,591.75,592.0,581.75,586.75,2416.0,,玉米0903,39414.0,586.75,586.75
2008-03-13,ZC0903,586.25,597.0,584.0,591.5,3248.0,,玉米0903,39460.0,591.5,591.5
2008-03-14,ZC0903,591.0,596.25,572.5,583.0,1200.0,,玉米0903,40252.0,583.0,583.0
2008-03-17,ZC0903,582.0,589.0,563.0,563.0,1114.0,,玉米0903,40665.0,563.0,563.0
2008-03-18,ZC0903,560.0,572.0,551.75,569.25,1044.0,,玉米0903,40745.0,569.25,569.25
2008-03-19,ZC0903,567.25,570.75,549.25,549.25,1582.0,,玉米0903,40958.0,549.25,549.25
2008-03-20,ZC0903,545.0,547.25,529.25,529.25,2930.0,,玉米0903,41295.0,529.25,529.25
2008-03-24,ZC0903,529.25,548.0,522.0,547.5,1224.0,,玉米0903,41611.0,547.5,547.5
2008-03-25,ZC0903,562.5,567.5,547.5,567.5,1239.0,,玉米0903,41676.0,567.5,567.5
2008-03-26,ZC0903,583.0,583.75,565.25,576.75,1158.0,,玉米0903,41726.0,576.75,576.75
2008-03-27,ZC0903,571.0,580.0,571.0,577.0,2393.0,,玉米0903,42094.0,577.0,577.0
2008-03-28,ZC0903,575.0,586.0,571.25,585.0,2220.0,,玉米0903,42391.0,585.0,585.0
2008-03-31,ZC0903,603.0,609.0,578.75,589.75,3023.0,,玉米0903,42919.0,589.75,589.75
2008-04-01,ZC0903,590.0,603.25,582.0,599.5,2676.0,,玉米0903,43365.0,599.5,599.5
2008-04-02,ZC0903,597.75,611.0,597.75,608.5,2572.0,,玉米0903,44135.0,608.5,608.5
2008-04-03,ZC0903,607.0,618.25,606.75,616.0,2593.0,,玉米0903,44639.0,616.0,616.0
2008-04-04,ZC0903,614.25,616.75,612.5,615.25,2271.0,,玉米0903,44534.0,615.25,615.25
2008-04-07,ZC0903,615.25,620.25,608.0,611.0,2258.0,,玉米0903,44107.0,611.0,611.0
2008-04-08,ZC0903,609.5,614.25,608.0,612.25,1289.0,,玉米0903,44630.0,612.25,612.25
2008-04-09,ZC0903,611.25,635.0,611.25,626.75,4903.0,,玉米0903,44894.0,626.75,626.75
2008-04-10,ZC0903,625.0,634.0,617.0,619.25,3506.0,,玉米0903,46634.0,619.25,619.25
2008-04-11,ZC0903,617.5,622.0,609.5,614.75,3873.0,,玉米0903,47254.0,614.75,614.75
2008-04-14,ZC0903,615.0,625.0,613.0,622.5,3995.0,,玉米0903,48933.0,622.5,622.5
2008-04-15,ZC0903,622.5,637.5,622.5,634.0,2919.0,,玉米0903,49565.0,634.0,634.0
2008-04-16,ZC0903,632.75,637.75,630.75,635.0,2161.0,,玉米0903,50414.0,635.0,635.0
2008-04-17,ZC0903,635.0,640.0,630.25,635.0,1516.0,,玉米0903,51108.0,635.0,635.0
2008-04-18,ZC0903,635.0,638.0,623.0,631.25,6102.0,,玉米0903,51644.0,631.25,631.25
2008-04-21,ZC0903,625.75,626.75,603.0,614.0,5507.0,,玉米0903,53279.0,614.0,614.0
2008-04-22,ZC0903,615.0,633.0,611.75,628.25,1887.0,,玉米0903,55357.0,628.25,628.25
2008-04-23,ZC0903,627.25,631.5,621.0,622.0,2408.0,,玉米0903,55668.0,622.0,622.0
2008-04-24,ZC0903,622.0,627.0,607.0,612.0,2431.0,,玉米0903,56572.0,612.0,612.0
2008-04-25,ZC0903,611.0,628.25,603.0,617.0,2606.0,,玉米0903,56768.0,617.0,617.0
2008-04-28,ZC0903,626.0,641.0,623.75,640.0,3589.0,,玉米0903,57169.0,640.0,640.0
2008-04-29,ZC0903,643.25,650.0,628.0,631.5,4597.0,,玉米0903,57899.0,631.5,631.5
2008-04-30,ZC0903,632.0,639.0,630.5,635.25,4216.0,,玉米0903,58641.0,635.25,635.25
2008-05-01,ZC0903,636.5,643.0,627.0,641.25,3662.0,,玉米0903,59042.0,641.25,641.25
2008-05-02,ZC0903,640.0,647.25,635.5,639.75,4782.0,,玉米0903,59783.0,639.75,639.75
2008-05-05,ZC0903,642.0,645.0,615.0,623.75,4003.0,,玉米0903,60859.0,623.75,623.75
2008-05-06,ZC0903,627.0,647.75,624.75,634.25,3649.0,,玉米0903,61149.0,634.25,634.25
2008-05-07,ZC0903,634.25,645.25,634.25,641.5,6526.0,,玉米0903,61971.0,641.5,641.5
2008-05-08,ZC0903,641.0,659.0,641.0,656.75,6225.0,,玉米0903,64328.0,656.75,656.75
2008-05-09,ZC0903,656.0,666.0,654.25,661.0,4463.0,,玉米0903,66299.0,661.0,661.0
2008-05-12,ZC0903,660.0,663.25,648.25,649.25,2568.0,,玉米0903,67305.0,649.25,649.25
2008-05-13,ZC0903,648.25,649.0,629.0,642.5,6939.0,,玉米0903,66782.0,642.5,642.5
2008-05-14,ZC0903,636.0,643.0,631.5,632.75,4357.0,,玉米0903,68135.0,632.75,632.75
2008-05-15,ZC0903,632.5,636.0,622.0,634.75,4456.0,,玉米0903,68045.0,634.75,634.75
2008-05-16,ZC0903,634.75,644.0,627.0,629.25,4319.0,,玉米0903,68232.0,629.25,629.25
2008-05-19,ZC0903,624.0,632.0,621.5,625.5,3964.0,,玉米0903,68665.0,625.5,625.5
2008-05-20,ZC0903,633.5,641.5,626.0,628.75,4556.0,,玉米0903,69109.0,628.75,628.75
2008-05-21,ZC0903,628.25,647.25,628.25,646.25,3425.0,,玉米0903,69389.0,646.25,646.25
2008-05-22,ZC0903,646.25,650.0,635.75,636.25,4484.0,,玉米0903,69241.0,636.25,636.25
2008-05-23,ZC0903,635.5,642.5,634.0,640.25,2608.0,,玉米0903,69721.0,640.25,640.25
2008-05-27,ZC0903,635.5,647.75,633.5,639.0,2497.0,,玉米0903,69492.0,639.0,639.0
2008-05-28,ZC0903,630.0,637.0,626.0,633.0,5896.0,,玉米0903,69906.0,633.0,633.0
2008-05-29,ZC0903,632.75,635.0,614.0,623.0,5185.0,,玉米0903,70170.0,623.0,623.0
2008-05-30,ZC0903,621.0,642.75,616.75,640.0,5664.0,,玉米0903,70284.0,640.0,640.0
2008-06-02,ZC0903,639.25,659.0,637.5,657.25,9212.0,,玉米0903,71013.0,657.25,657.25
2008-06-03,ZC0903,650.75,660.5,644.5,651.0,11469.0,,玉米0903,73139.0,651.0,651.0
2008-06-04,ZC0903,653.0,658.25,645.25,658.25,14467.0,,玉米0903,76000.0,658.25,658.25
2008-06-05,ZC0903,658.0,685.25,658.0,685.25,14370.0,,玉米0903,79707.0,685.25,685.25
2008-06-06,ZC0903,684.0,704.25,683.25,691.75,15068.0,,玉米0903,82878.0,691.75,691.75
2008-06-09,ZC0903,699.25,712.5,697.75,699.25,9161.0,,玉米0903,85251.0,699.25,699.25
2008-06-10,ZC0903,699.25,717.0,698.0,717.0,9912.0,,玉米0903,87069.0,717.0,717.0
2008-06-11,ZC0903,717.0,747.0,717.0,747.0,11003.0,,玉米0903,88510.0,747.0,747.0
2008-06-12,ZC0903,756.75,766.0,739.0,752.75,13895.0,,玉米0903,88818.0,752.75,752.75
2008-06-13,ZC0903,752.0,780.0,744.75,776.5,9715.0,,玉米0903,91901.0,776.5,776.5
2008-06-16,ZC0903,798.0,802.0,769.75,777.0,11370.0,,玉米0903,91780.0,777.0,777.0
2008-06-17,ZC0903,776.0,790.75,771.0,790.0,13075.0,,玉米0903,94967.0,790.0,790.0
2008-06-18,ZC0903,790.0,801.75,780.75,794.25,13252.0,,玉米0903,97437.0,794.25,794.25
2008-06-19,ZC0903,793.5,800.25,765.75,776.0,6802.0,,玉米0903,99570.0,776.0,776.0
2008-06-20,ZC0903,775.0,786.0,766.25,770.25,5424.0,,玉米0903,100483.0,770.25,770.25
2008-06-23,ZC0903,759.0,775.5,753.0,774.75,12391.0,,玉米0903,101002.0,774.75,774.75
2008-06-24,ZC0903,777.0,780.0,760.5,764.5,12954.0,,玉米0903,105176.0,764.5,764.5
2008-06-25,ZC0903,762.0,783.0,759.75,782.75,11834.0,,玉米0903,108287.0,782.75,782.75
2008-06-26,ZC0903,782.75,812.0,782.25,805.0,8694.0,,玉米0903,109412.0,805.0,805.0
2008-06-27,ZC0903,803.75,816.0,797.25,803.75,7823.0,,玉米0903,110147.0,803.75,803.75
2008-06-30,ZC0903,801.5,809.0,773.75,773.75,10403.0,,玉米0903,110703.0,773.75,773.75
2008-07-01,ZC0903,769.25,773.0,752.75,768.75,11993.0,,玉米0903,111765.0,768.75,768.75
2008-07-02,ZC0903,769.5,798.75,763.0,797.75,8016.0,,玉米0903,112977.0,797.75,797.75
2008-07-03,ZC0903,797.75,800.0,779.25,794.0,5313.0,,玉米0903,114593.0,794.0,794.0
2008-07-07,ZC0903,780.25,780.25,764.0,764.0,3007.0,,玉米0903,114263.0,764.0,764.0
2008-07-08,ZC0903,750.0,750.0,719.0,740.0,19326.0,,玉米0903,114954.0,740.0,740.0
2008-07-09,ZC0903,740.0,742.5,722.0,729.75,15701.0,,玉米0903,117387.0,729.75,729.75
2008-07-10,ZC0903,730.0,731.0,718.0,721.25,11604.0,,玉米0903,116903.0,721.25,721.25
2008-07-11,ZC0903,721.5,731.5,712.25,726.75,11708.0,,玉米0903,117651.0,726.75,726.75
2008-07-14,ZC0903,714.5,714.5,696.75,700.25,16874.0,,玉米0903,119685.0,700.25,700.25
2008-07-15,ZC0903,697.0,708.0,680.0,685.25,14405.0,,玉米0903,123482.0,685.25,685.25
2008-07-16,ZC0903,684.75,697.0,676.0,695.5,13104.0,,玉米0903,125042.0,695.5,695.5
2008-07-17,ZC0903,695.25,700.5,667.25,668.75,12347.0,,玉米0903,128473.0,668.75,668.75
2008-07-18,ZC0903,667.75,675.0,646.75,647.75,19110.0,,玉米0903,130276.0,647.75,647.75
2008-07-21,ZC0903,646.0,647.25,622.5,627.75,15400.0,,玉米0903,134077.0,627.75,627.75
2008-07-22,ZC0903,627.75,632.0,609.5,611.25,18524.0,,玉米0903,136940.0,611.25,611.25
2008-07-23,ZC0903,612.0,627.0,582.25,609.75,19384.0,,玉米0903,139513.0,609.75,609.75
2008-07-24,ZC0903,609.75,622.25,599.75,611.25,8509.0,,玉米0903,141501.0,611.25,611.25
2008-07-25,ZC0903,611.25,623.5,607.5,616.0,9730.0,,玉米0903,141615.0,616.0,616.0
2008-07-28,ZC0903,621.5,629.0,613.0,620.75,8921.0,,玉米0903,143015.0,620.75,620.75
2008-07-29,ZC0903,621.75,636.25,609.75,633.5,19190.0,,玉米0903,145528.0,633.5,633.5
2008-07-30,ZC0903,637.5,644.25,626.25,641.25,9993.0,,玉米0903,150241.0,641.25,641.25
2008-07-31,ZC0903,641.75,642.25,625.0,627.5,13961.0,,玉米0903,150917.0,627.5,627.5
2008-08-01,ZC0903,628.25,629.25,601.5,605.0,16178.0,,玉米0903,155363.0,605.0,605.0
2008-08-04,ZC0903,600.75,603.0,575.0,575.75,15032.0,,玉米0903,160215.0,575.75,575.75
2008-08-05,ZC0903,575.0,586.25,556.25,564.75,17154.0,,玉米0903,162398.0,564.75,564.75
2008-08-06,ZC0903,564.5,569.25,542.25,547.25,23930.0,,玉米0903,164257.0,547.25,547.25
2008-08-07,ZC0903,548.25,564.0,543.0,561.75,9830.0,,玉米0903,166662.0,561.75,561.75
2008-08-08,ZC0903,562.5,565.25,533.75,538.0,25773.0,,玉米0903,166731.0,538.0,538.0
2008-08-11,ZC0903,540.0,543.75,533.5,536.75,24100.0,,玉米0903,174261.0,536.75,536.75
2008-08-12,ZC0903,537.5,554.75,524.0,547.75,27655.0,,玉米0903,176055.0,547.75,547.75
2008-08-13,ZC0903,548.75,577.75,548.5,577.75,16172.0,,玉米0903,175726.0,577.75,577.75
2008-08-14,ZC0903,586.25,598.0,568.5,596.5,16104.0,,玉米0903,174360.0,596.5,596.5
2008-08-15,ZC0903,595.75,595.75,566.5,568.5,6676.0,,玉米0903,173699.0,568.5,568.5
2008-08-18,ZC0903,576.0,598.5,575.75,591.75,6477.0,,玉米0903,173472.0,591.75,591.75
2008-08-19,ZC0903,590.75,611.75,580.0,603.75,7893.0,,玉米0903,174016.0,603.75,603.75
2008-08-20,ZC0903,603.75,616.5,603.0,614.0,6219.0,,玉米0903,172280.0,614.0,614.0
2008-08-21,ZC0903,615.25,644.0,614.0,637.0,18705.0,,玉米0903,172532.0,637.0,637.0
2008-08-22,ZC0903,635.75,636.25,621.25,625.75,9311.0,,玉米0903,178251.0,625.75,625.75
2008-08-25,ZC0903,634.75,648.0,617.5,619.5,11118.0,,玉米0903,178400.0,619.5,619.5
2008-08-26,ZC0903,619.5,622.25,609.0,613.5,9845.0,,玉米0903,179710.0,613.5,613.5
2008-08-27,ZC0903,613.0,623.0,605.0,615.0,20178.0,,玉米0903,180178.0,615.0,615.0
2008-08-28,ZC0903,615.0,616.25,600.25,606.75,15623.0,,玉米0903,177399.0,606.75,606.75
2008-08-29,ZC0903,606.25,618.5,599.75,604.0,23962.0,,玉米0903,179006.0,604.0,604.0
2008-09-02,ZC0903,593.25,595.0,574.0,588.0,16609.0,,玉米0903,180108.0,588.0,588.0
2008-09-03,ZC0903,590.5,595.75,568.75,581.0,19485.0,,玉米0903,180351.0,581.0,581.0
2008-09-04,ZC0903,580.75,590.75,574.5,583.25,16405.0,,玉米0903,180740.0,583.25,583.25
2008-09-05,ZC0903,582.0,582.0,561.0,567.25,18983.0,,玉米0903,183330.0,567.25,567.25
2008-09-08,ZC0903,577.5,578.0,562.5,567.75,9571.0,,玉米0903,182715.0,567.75,567.75
2008-09-09,ZC0903,564.25,568.25,550.0,563.5,45712.0,,玉米0903,184781.0,563.5,563.5
2008-09-10,ZC0903,560.75,566.0,554.25,555.75,21120.0,,玉米0903,189346.0,555.75,555.75
2008-09-11,ZC0903,555.5,559.5,550.0,552.25,15840.0,,玉米0903,193005.0,552.25,552.25
2008-09-12,ZC0903,552.5,582.25,551.0,582.0,23838.0,,玉米0903,194360.0,582.0,582.0
2008-09-15,ZC0903,590.5,598.0,564.75,580.25,38215.0,,玉米0903,196788.0,580.25,580.25
2008-09-16,ZC0903,580.0,583.0,550.25,550.25,49562.0,,玉米0903,198439.0,550.25,550.25
2008-09-17,ZC0903,550.25,576.25,543.5,570.0,54269.0,,玉米0903,200989.0,570.0,570.0
2008-09-18,ZC0903,568.75,576.0,540.25,543.25,71685.0,,玉米0903,198066.0,543.25,543.25
2008-09-19,ZC0903,547.75,565.0,544.0,559.0,27843.0,,玉米0903,194216.0,559.0,559.0
2008-09-22,ZC0903,559.25,581.0,554.5,576.25,33578.0,,玉米0903,188752.0,576.25,576.25
2008-09-23,ZC0903,575.75,579.5,568.0,578.0,28775.0,,玉米0903,190334.0,578.0,578.0
2008-09-24,ZC0903,578.5,591.75,572.75,580.5,16376.0,,玉米0903,191037.0,580.5,580.5
2008-09-25,ZC0903,580.0,583.0,572.75,576.0,18983.0,,玉米0903,191585.0,576.0,576.0
2008-09-26,ZC0903,575.5,576.0,557.25,561.0,15608.0,,玉米0903,192599.0,561.0,561.0
2008-09-29,ZC0903,560.0,560.0,530.75,531.0,20742.0,,玉米0903,193050.0,531.0,531.0
2008-09-30,ZC0903,525.75,542.75,504.75,506.5,47381.0,,玉米0903,193052.0,506.5,506.5
2008-10-01,ZC0903,512.5,519.0,502.0,503.0,28061.0,,玉米0903,200241.0,503.0,503.0
2008-10-02,ZC0903,504.0,506.5,473.0,473.0,27962.0,,玉米0903,200555.0,473.0,473.0
2008-10-03,ZC0903,473.0,487.0,472.0,472.5,20241.0,,玉米0903,200986.0,472.5,472.5
2008-10-06,ZC0903,464.5,466.5,442.5,442.5,58198.0,,玉米0903,201095.0,442.5,442.5
2008-10-07,ZC0903,436.0,446.5,430.0,433.5,57786.0,,玉米0903,201170.0,433.5,433.5
2008-10-08,ZC0903,434.5,449.0,423.5,444.0,33035.0,,玉米0903,199992.0,444.0,444.0
2008-10-09,ZC0903,442.5,459.75,442.0,455.75,32981.0,,玉米0903,198253.0,455.75,455.75
2008-10-10,ZC0903,450.0,450.0,425.75,425.75,12238.0,,玉米0903,195697.0,425.75,425.75
2008-10-13,ZC0903,420.75,440.25,415.75,429.5,27170.0,,玉米0903,196192.0,429.5,429.5
2008-10-14,ZC0903,437.0,446.0,428.5,429.0,21744.0,,玉米0903,198490.0,429.0,429.0
2008-10-15,ZC0903,429.25,433.0,402.25,405.5,31882.0,,玉米0903,200861.0,405.5,405.5
2008-10-16,ZC0903,403.0,408.75,388.25,401.5,44003.0,,玉米0903,199986.0,401.5,401.5
2008-10-17,ZC0903,409.25,427.0,404.5,420.5,26485.0,,玉米0903,199271.0,420.5,420.5
2008-10-20,ZC0903,420.5,437.5,420.5,436.25,16920.0,,玉米0903,201080.0,436.25,436.25
2008-10-21,ZC0903,438.75,445.5,424.75,427.75,61410.0,,玉米0903,201476.0,427.75,427.75
2008-10-22,ZC0903,427.0,431.0,397.75,400.75,51248.0,,玉米0903,201743.0,400.75,400.75
2008-10-23,ZC0903,401.25,417.0,395.0,406.25,40767.0,,玉米0903,201468.0,406.25,406.25
2008-10-24,ZC0903,411.0,423.0,388.0,388.75,37424.0,,玉米0903,202967.0,388.75,388.75
2008-10-27,ZC0903,394.25,403.5,380.0,402.25,33671.0,,玉米0903,205318.0,402.25,402.25
2008-10-28,ZC0903,403.0,426.5,403.0,408.25,41432.0,,玉米0903,205464.0,408.25,408.25
2008-10-29,ZC0903,417.75,438.5,414.0,438.25,32136.0,,玉米0903,210929.0,438.25,438.25
2008-10-30,ZC0903,439.0,450.0,420.0,427.5,49647.0,,玉米0903,213115.0,427.5,427.5
2008-10-31,ZC0903,426.75,428.5,413.0,419.25,66665.0,,玉米0903,220644.0,419.25,419.25
2008-11-03,ZC0903,415.75,435.25,412.0,420.75,32679.0,,玉米0903,229843.0,420.75,420.75
2008-11-04,ZC0903,419.25,439.5,415.75,430.75,34126.0,,玉米0903,233699.0,430.75,430.75
2008-11-05,ZC0903,430.5,434.0,408.0,408.0,41364.0,,玉米0903,238298.0,408.0,408.0
2008-11-06,ZC0903,408.5,409.25,392.25,395.5,69098.0,,玉米0903,240475.0,395.5,395.5
2008-11-07,ZC0903,396.5,405.0,392.75,393.5,48395.0,,玉米0903,244070.0,393.5,393.5
2008-11-10,ZC0903,399.75,407.75,390.5,401.5,55286.0,,玉米0903,253361.0,401.5,401.5
2008-11-11,ZC0903,401.0,401.5,378.0,391.75,82226.0,,玉米0903,266299.0,391.75,391.75
2008-11-12,ZC0903,388.5,416.75,380.5,386.25,85336.0,,玉米0903,282002.0,386.25,386.25
2008-11-13,ZC0903,383.5,395.25,379.5,393.5,65130.0,,玉米0903,298067.0,393.5,393.5
2008-11-14,ZC0903,400.0,402.25,387.0,397.0,51759.0,,玉米0903,312528.0,397.0,397.0
2008-11-17,ZC0903,392.25,406.5,392.25,403.0,61883.0,,玉米0903,316133.0,403.0,403.0
2008-11-18,ZC0903,401.25,403.5,395.0,396.5,58128.0,,玉米0903,326212.0,396.5,396.5
2008-11-19,ZC0903,395.75,401.5,391.5,395.25,71785.0,,玉米0903,336733.0,395.25,395.25
2008-11-20,ZC0903,390.0,391.25,376.5,380.0,65286.0,,玉米0903,340937.0,380.0,380.0
2008-11-21,ZC0903,375.0,378.75,352.25,354.25,108174.0,,玉米0903,337857.0,354.25,354.25
2008-11-24,ZC0903,359.0,377.75,354.75,371.0,100542.0,,玉米0903,353694.0,371.0,371.0
2008-11-25,ZC0903,371.0,373.5,363.5,370.5,115876.0,,玉米0903,360473.0,370.5,370.5
2008-11-26,ZC0903,370.5,375.0,367.0,371.0,117534.0,,玉米0903,383362.0,371.0,371.0
2008-11-28,ZC0903,370.0,375.75,362.25,365.75,56985.0,,玉米0903,402916.0,365.75,365.75
2008-12-01,ZC0903,366.25,368.5,345.0,348.75,101302.0,,玉米0903,405507.0,348.75,348.75
2008-12-02,ZC0903,346.25,354.0,345.0,348.25,111265.0,,玉米0903,400423.0,348.25,348.25
2008-12-03,ZC0903,348.0,354.5,345.0,348.25,91569.0,,玉米0903,396580.0,348.25,348.25
2008-12-04,ZC0903,348.75,349.0,333.25,334.0,105375.0,,玉米0903,393278.0,334.0,334.0
2008-12-05,ZC0903,333.25,333.25,305.5,309.25,178025.0,,玉米0903,390075.0,309.25,309.25
2008-12-08,ZC0903,311.0,334.75,311.0,330.0,107322.0,,玉米0903,384885.0,330.0,330.0
2008-12-09,ZC0903,330.0,336.75,324.0,327.75,81333.0,,玉米0903,379804.0,327.75,327.75
2008-12-10,ZC0903,327.5,344.5,327.0,342.0,98825.0,,玉米0903,382339.0,342.0,342.0
2008-12-11,ZC0903,341.25,357.75,338.5,351.5,100874.0,,玉米0903,384191.0,351.5,351.5
2008-12-12,ZC0903,349.0,379.5,337.0,373.5,155696.0,,玉米0903,387220.0,373.5,373.5
2008-12-15,ZC0903,374.0,393.25,373.5,375.25,104152.0,,玉米0903,383356.0,375.25,375.25
2008-12-16,ZC0903,373.0,399.0,370.25,394.0,127605.0,,玉米0903,381816.0,394.0,394.0
2008-12-17,ZC0903,397.75,402.75,381.75,389.5,132993.0,,玉米0903,376413.0,389.5,389.5
2008-12-18,ZC0903,388.0,394.5,380.0,389.5,73204.0,,玉米0903,373252.0,389.5,389.5
2008-12-19,ZC0903,385.5,385.75,375.25,380.75,77698.0,,玉米0903,372189.0,380.75,380.75
2008-12-22,ZC0903,380.0,386.25,376.25,381.75,68047.0,,玉米0903,366261.0,381.75,381.75
2008-12-23,ZC0903,380.5,395.0,377.75,394.75,66197.0,,玉米0903,355700.0,394.75,394.75
2008-12-24,ZC0903,393.0,398.25,391.25,398.0,29930.0,,玉米0903,357308.0,398.0,398.0
2008-12-26,ZC0903,398.75,414.5,398.25,412.25,48090.0,,玉米0903,356473.0,412.25,412.25
2008-12-29,ZC0903,413.75,423.75,390.0,393.5,83438.0,,玉米0903,355586.0,393.5,393.5
2008-12-30,ZC0903,392.25,400.75,385.0,396.25,61557.0,,玉米0903,356696.0,396.25,396.25
2008-12-31,ZC0903,395.25,408.0,389.0,407.0,72613.0,,玉米0903,356145.0,407.0,407.0
2009-01-02,ZC0903,406.0,415.5,399.5,412.25,62516.0,,玉米0903,362264.0,412.25,412.25
2009-01-05,ZC0903,410.0,416.0,402.0,411.25,92205.0,,玉米0903,361286.0,411.25,411.25
2009-01-06,ZC0903,410.25,429.0,407.25,427.5,127909.0,,玉米0903,362386.0,427.5,427.5
2009-01-07,ZC0903,424.25,427.0,413.25,416.5,108232.0,,玉米0903,359621.0,416.5,416.5
2009-01-08,ZC0903,413.5,418.5,405.75,406.75,103650.0,,玉米0903,355344.0,406.75,406.75
2009-01-09,ZC0903,408.0,418.25,407.5,410.75,126318.0,,玉米0903,351989.0,410.75,410.75
2009-01-12,ZC0903,411.0,415.0,380.75,380.75,77030.0,,玉米0903,350048.0,380.75,380.75
2009-01-13,ZC0903,373.0,379.25,361.75,362.5,148763.0,,玉米0903,346176.0,362.5,362.5
2009-01-14,ZC0903,364.75,369.5,358.75,366.5,96607.0,,玉米0903,344697.0,366.5,366.5
2009-01-15,ZC0903,366.5,369.25,359.75,365.25,91417.0,,玉米0903,341430.0,365.25,365.25
2009-01-16,ZC0903,365.25,393.0,365.25,391.0,105582.0,,玉米0903,336105.0,391.0,391.0
2009-01-20,ZC0903,389.0,407.0,376.25,383.5,148423.0,,玉米0903,331137.0,383.5,383.5
2009-01-21,ZC0903,382.25,391.75,378.0,390.25,116623.0,,玉米0903,322742.0,390.25,390.25
2009-01-22,ZC0903,389.75,394.75,378.5,387.5,88256.0,,玉米0903,323940.0,387.5,387.5
2009-01-23,ZC0903,385.0,401.0,380.5,390.5,94688.0,,玉米0903,318332.0,390.5,390.5
2009-01-26,ZC0903,393.75,402.5,383.75,393.75,87724.0,,玉米0903,314716.0,393.75,393.75
2009-01-27,ZC0903,392.75,396.25,376.75,377.5,107755.0,,玉米0903,316271.0,377.5,377.5
2009-01-28,ZC0903,378.0,386.0,372.5,384.5,88700.0,,玉米0903,314546.0,384.5,384.5
2009-01-29,ZC0903,384.0,384.25,378.0,381.75,84487.0,,玉米0903,313928.0,381.75,381.75
2009-01-30,ZC0903,382.0,385.75,377.5,379.0,93640.0,,玉米0903,309820.0,379.0,379.0
2009-02-02,ZC0903,378.0,378.0,363.0,370.5,119323.0,,玉米0903,307573.0,370.5,370.5
2009-02-03,ZC0903,370.0,372.25,356.0,361.75,96421.0,,玉米0903,298575.0,361.75,361.75
2009-02-04,ZC0903,361.25,369.25,355.75,358.25,129511.0,,玉米0903,286975.0,358.25,358.25
2009-02-05,ZC0903,358.0,372.25,356.5,371.25,119519.0,,玉米0903,284564.0,371.25,371.25
2009-02-06,ZC0903,370.75,380.75,369.75,377.25,112326.0,,玉米0903,276348.0,377.25,377.25
2009-02-09,ZC0903,375.0,383.0,372.5,377.5,105968.0,,玉米0903,266718.0,377.5,377.5
2009-02-10,ZC0903,374.5,380.0,368.0,376.75,143002.0,,玉米0903,251960.0,376.75,376.75
2009-02-11,ZC0903,373.25,376.5,368.0,368.5,104877.0,,玉米0903,231751.0,368.5,368.5
2009-02-12,ZC0903,368.75,377.75,366.0,366.25,153366.0,,玉米0903,214858.0,366.25,366.25
2009-02-13,ZC0903,367.25,371.0,363.0,363.25,81291.0,,玉米0903,194727.0,363.25,363.25
2009-02-17,ZC0903,362.75,365.5,346.25,349.25,112379.0,,玉米0903,186064.0,349.25,349.25
2009-02-18,ZC0903,349.0,352.25,346.0,349.25,129410.0,,玉米0903,179130.0,349.25,349.25
2009-02-19,ZC0903,349.0,356.25,348.5,353.25,121893.0,,玉米0903,169716.0,353.25,353.25
2009-02-20,ZC0903,353.25,354.75,342.0,350.25,124200.0,,玉米0903,158003.0,350.25,350.25
2009-02-23,ZC0903,350.0,359.75,349.5,351.75,101502.0,,玉米0903,111820.0,351.75,351.75
2009-02-24,ZC0903,350.5,354.75,345.25,354.25,95818.0,,玉米0903,101842.0,354.25,354.25
2009-02-25,ZC0903,354.25,369.0,351.0,363.75,104138.0,,玉米0903,82620.0,363.75,363.75
2009-02-26,ZC0903,362.5,372.0,357.25,362.0,83483.0,,玉米0903,62264.0,362.0,362.0
2009-02-27,ZC0903,361.25,361.25,348.5,350.75,49652.0,,玉米0903,33661.0,350.75,350.75
2009-03-02,ZC0903,350.0,355.75,337.25,343.5,30207.0,,玉米0903,21035.0,343.5,343.5
2009-03-03,ZC0903,343.0,347.5,340.25,343.5,20612.0,,玉米0903,15775.0,343.5,343.5
2009-03-04,ZC0903,343.0,357.0,340.0,355.25,15130.0,,玉米0903,11746.0,355.25,355.25
2009-03-05,ZC0903,355.0,356.5,347.0,349.25,13239.0,,玉米0903,9957.0,349.25,349.25
2009-03-06,ZC0903,349.75,356.25,349.75,352.75,9840.0,,玉米0903,8466.0,352.75,352.75
2009-03-09,ZC0903,355.25,361.5,355.25,357.25,9345.0,,玉米0903,6787.0,357.25,357.25
2009-03-10,ZC0903,356.75,375.5,356.5,366.75,7757.0,,玉米0903,4991.0,366.75,366.75
2009-03-11,ZC0903,366.0,372.0,354.0,356.0,4757.0,,玉米0903,3555.0,356.0,356.0
2009-03-12,ZC0903,356.25,378.0,356.25,376.75,2298.0,,玉米0903,2328.0,376.75,376.75
2009-03-13,ZC0903,375.75,380.5,375.0,375.0,1279.0,,玉米0903,1943.0,375.0,375.0
