date,symbol,open,high,low,close,volume,amount,name,openinterest,settleprice,price
2007-11-15,ZS1011,,,,955.0,,,大豆1011,,955.0,955.0
2007-11-16,ZS1011,,,,962.0,,,大豆1011,,962.0,962.0
2007-11-19,ZS1011,961.5,961.5,955.0,959.0,20.0,,大豆1011,,959.0,959.0
2007-11-20,ZS1011,957.0,964.25,955.0,963.0,38.0,,大豆1011,15.0,963.0,963.0
2007-11-21,ZS1011,961.5,965.0,960.0,965.0,12.0,,大豆1011,37.0,965.0,965.0
2007-11-23,ZS1011,970.0,981.0,970.0,970.0,7.0,,大豆1011,48.0,970.0,970.0
2007-11-26,ZS1011,968.0,978.75,968.0,973.0,11.0,,大豆1011,51.0,973.0,973.0
2007-11-27,ZS1011,975.0,975.0,965.0,965.0,12.0,,大豆1011,60.0,965.0,965.0
2007-11-28,ZS1011,960.0,965.0,960.0,962.0,20.0,,大豆1011,72.0,962.0,962.0
2007-11-29,ZS1011,962.0,966.25,962.0,963.5,14.0,,大豆1011,81.0,963.5,963.5
2007-11-30,ZS1011,960.0,960.0,951.0,953.0,17.0,,大豆1011,89.0,953.0,953.0
2007-12-03,ZS1011,950.0,955.0,950.0,955.0,18.0,,大豆1011,95.0,955.0,955.0
2007-12-04,ZS1011,955.0,970.0,955.0,970.0,10.0,,大豆1011,108.0,970.0,970.0
2007-12-05,ZS1011,970.0,975.0,960.0,970.0,62.0,,大豆1011,115.0,970.0,970.0
2007-12-06,ZS1011,973.0,977.0,961.0,977.0,62.0,,大豆1011,150.0,977.0,977.0
2007-12-07,ZS1011,977.0,990.0,977.0,985.0,53.0,,大豆1011,181.0,985.0,985.0
2007-12-10,ZS1011,990.0,990.0,977.0,984.0,11.0,,大豆1011,213.0,984.0,984.0
2007-12-11,ZS1011,984.0,989.0,982.0,987.0,15.0,,大豆1011,220.0,987.0,987.0
2007-12-12,ZS1011,986.0,993.0,985.0,985.0,31.0,,大豆1011,230.0,985.0,985.0
2007-12-13,ZS1011,985.5,985.5,976.0,976.0,16.0,,大豆1011,251.0,976.0,976.0
2007-12-14,ZS1011,970.0,972.0,970.0,971.0,2.0,,大豆1011,257.0,971.0,971.0
2007-12-17,ZS1011,966.0,966.0,960.0,960.0,9.0,,大豆1011,259.0,960.0,960.0
2007-12-18,ZS1011,964.0,971.0,960.0,971.0,14.0,,大豆1011,264.0,971.0,971.0
2007-12-19,ZS1011,975.0,985.25,972.0,980.0,37.0,,大豆1011,276.0,980.0,980.0
2007-12-20,ZS1011,985.0,996.0,985.0,995.0,13.0,,大豆1011,304.0,995.0,995.0
2007-12-21,ZS1011,1000.0,1017.0,1000.0,1013.0,249.0,,大豆1011,314.0,1013.0,1013.0
2007-12-24,ZS1011,1015.0,1015.0,1005.0,1005.0,7.0,,大豆1011,524.0,1005.0,1005.0
2007-12-26,ZS1011,1020.0,1030.0,1015.0,1020.0,31.0,,大豆1011,529.0,1020.0,1020.0
2007-12-27,ZS1011,1020.0,1020.0,1010.0,1015.0,27.0,,大豆1011,540.0,1015.0,1015.0
2007-12-28,ZS1011,1029.75,1047.0,1015.0,1020.0,53.0,,大豆1011,560.0,1020.0,1020.0
2007-12-31,ZS1011,1037.0,1050.0,1015.0,1030.0,83.0,,大豆1011,568.0,1030.0,1030.0
2008-01-02,ZS1011,1050.0,1070.0,1041.0,1043.0,57.0,,大豆1011,644.0,1043.0,1043.0
2008-01-03,ZS1011,1050.0,1090.75,1050.0,1070.0,110.0,,大豆1011,665.0,1070.0,1070.0
2008-01-04,ZS1011,1069.0,1080.0,1065.0,1070.0,41.0,,大豆1011,726.0,1070.0,1070.0
2008-01-07,ZS1011,1090.0,1105.0,1075.0,1105.0,68.0,,大豆1011,734.0,1105.0,1105.0
2008-01-08,ZS1011,1104.75,1150.0,1104.75,1129.0,122.0,,大豆1011,777.0,1129.0,1129.0
2008-01-09,ZS1011,1129.0,1140.0,1125.0,1135.0,104.0,,大豆1011,844.0,1135.0,1135.0
2008-01-10,ZS1011,1135.0,1155.0,1125.0,1155.0,143.0,,大豆1011,910.0,1155.0,1155.0
2008-01-11,ZS1011,1150.0,1205.0,1150.0,1205.0,263.0,,大豆1011,1012.0,1205.0,1205.0
2008-01-14,ZS1011,1195.0,1255.0,1195.0,1235.0,251.0,,大豆1011,1187.0,1235.0,1235.0
2008-01-15,ZS1011,1233.0,1285.0,1233.0,1285.0,481.0,,大豆1011,1360.0,1285.0,1285.0
2008-01-16,ZS1011,1283.0,1285.0,1260.0,1274.0,404.0,,大豆1011,1652.0,1274.0,1274.0
2008-01-17,ZS1011,1267.75,1306.0,1264.0,1270.0,125.0,,大豆1011,1899.0,1270.0,1270.0
2008-01-18,ZS1011,1268.0,1272.25,1247.0,1250.0,175.0,,大豆1011,2098.0,1250.0,1250.0
2008-01-22,ZS1011,1231.75,1232.0,1207.5,1215.0,369.0,,大豆1011,2173.0,1215.0,1215.0
2008-01-23,ZS1011,1211.75,1220.0,1165.0,1165.0,290.0,,大豆1011,2258.0,1165.0,1165.0
2008-01-24,ZS1011,1164.0,1210.0,1164.0,1210.0,140.0,,大豆1011,2442.0,1210.0,1210.0
2008-01-25,ZS1011,1210.0,1225.0,1206.0,1215.0,173.0,,大豆1011,2422.0,1215.0,1215.0
2008-01-28,ZS1011,1204.0,1208.0,1183.0,1200.0,83.0,,大豆1011,2529.0,1200.0,1200.0
2008-01-29,ZS1011,1200.0,1203.0,1190.0,1195.0,68.0,,大豆1011,2585.0,1195.0,1195.0
2008-01-30,ZS1011,1185.75,1201.0,1180.0,1201.0,125.0,,大豆1011,2616.0,1201.0,1201.0
2008-01-31,ZS1011,1200.0,1220.0,1192.0,1215.0,123.0,,大豆1011,2664.0,1215.0,1215.0
2008-02-01,ZS1011,1220.0,1238.0,1219.0,1225.0,239.0,,大豆1011,2703.0,1225.0,1225.0
2008-02-04,ZS1011,1236.5,1250.0,1225.0,1250.0,157.0,,大豆1011,2802.0,1250.0,1250.0
2008-02-05,ZS1011,1248.0,1255.0,1243.0,1255.0,80.0,,大豆1011,2854.0,1255.0,1255.0
2008-02-06,ZS1011,1255.0,1280.0,1230.0,1232.5,252.0,,大豆1011,2881.0,1232.5,1232.5
2008-02-07,ZS1011,1232.0,1235.0,1208.0,1235.0,129.0,,大豆1011,2983.0,1235.0,1235.0
2008-02-08,ZS1011,1229.0,1257.25,1229.0,1245.0,105.0,,大豆1011,2972.0,1245.0,1245.0
2008-02-11,ZS1011,1223.5,1238.0,1217.0,1238.0,54.0,,大豆1011,3031.0,1238.0,1238.0
2008-02-12,ZS1011,1237.0,1245.0,1219.0,1223.0,54.0,,大豆1011,3060.0,1223.0,1223.0
2008-02-13,ZS1011,1221.0,1227.0,1210.0,1221.0,87.0,,大豆1011,3090.0,1221.0,1221.0
2008-02-14,ZS1011,1225.0,1245.0,1225.0,1232.0,75.0,,大豆1011,3062.0,1232.0,1232.0
2008-02-15,ZS1011,1232.0,1249.0,1230.0,1249.0,59.0,,大豆1011,3081.0,1249.0,1249.0
2008-02-19,ZS1011,1235.0,1290.0,1235.0,1285.0,86.0,,大豆1011,3096.0,1285.0,1285.0
2008-02-20,ZS1011,1285.0,1300.0,1281.5,1295.0,101.0,,大豆1011,3146.0,1295.0,1295.0
2008-02-21,ZS1011,1303.0,1325.0,1298.0,1298.0,163.0,,大豆1011,3207.0,1298.0,1298.0
2008-02-22,ZS1011,1298.0,1315.0,1290.0,1310.0,148.0,,大豆1011,3223.0,1310.0,1310.0
2008-02-25,ZS1011,1305.0,1350.0,1305.0,1340.0,184.0,,大豆1011,3267.0,1340.0,1340.0
2008-02-26,ZS1011,1340.0,1364.0,1320.0,1350.0,108.0,,大豆1011,3325.0,1350.0,1350.0
2008-02-27,ZS1011,1360.0,1360.0,1320.0,1322.0,116.0,,大豆1011,3329.0,1322.0,1322.0
2008-02-28,ZS1011,1330.0,1354.5,1326.0,1345.0,66.0,,大豆1011,3365.0,1345.0,1345.0
2008-02-29,ZS1011,1345.0,1364.5,1345.0,1350.0,141.0,,大豆1011,3402.0,1350.0,1350.0
2008-03-03,ZS1011,1380.0,1383.75,1350.0,1370.0,218.0,,大豆1011,3407.0,1370.0,1370.0
2008-03-04,ZS1011,1370.0,1390.0,1325.0,1325.0,265.0,,大豆1011,3519.0,1325.0,1325.0
2008-03-05,ZS1011,1355.0,1360.0,1305.0,1325.0,52.0,,大豆1011,3636.0,1325.0,1325.0
2008-03-06,ZS1011,1280.0,1325.0,1280.0,1298.0,68.0,,大豆1011,3670.0,1298.0,1298.0
2008-03-07,ZS1011,1298.0,1298.0,1248.0,1248.0,42.0,,大豆1011,3679.0,1248.0,1248.0
2008-03-10,ZS1011,1212.0,1250.0,1200.0,1240.0,39.0,,大豆1011,3707.0,1240.0,1240.0
2008-03-11,ZS1011,1270.0,1275.0,1252.0,1260.0,91.0,,大豆1011,3711.0,1260.0,1260.0
2008-03-12,ZS1011,1265.0,1270.5,1265.0,1270.0,14.0,,大豆1011,3699.0,1270.0,1270.0
2008-03-13,ZS1011,1275.0,1286.0,1270.0,1270.0,60.0,,大豆1011,3704.0,1270.0,1270.0
2008-03-14,ZS1011,1240.0,1265.0,1235.0,1240.0,103.0,,大豆1011,3706.0,1240.0,1240.0
2008-03-17,ZS1011,1205.0,1240.0,1190.0,1190.0,56.0,,大豆1011,3754.0,1190.0,1190.0
2008-03-18,ZS1011,1170.0,1190.0,1150.0,1180.0,22.0,,大豆1011,3775.0,1180.0,1180.0
2008-03-19,ZS1011,1179.5,1179.5,1130.0,1130.0,10.0,,大豆1011,3772.0,1130.0,1130.0
2008-03-20,ZS1011,1090.0,1100.0,1080.0,1080.0,56.0,,大豆1011,3770.0,1080.0,1080.0
2008-03-24,ZS1011,1105.0,1130.0,1080.0,1130.0,117.0,,大豆1011,3751.0,1130.0,1130.0
2008-03-25,ZS1011,1120.0,1178.0,1120.0,1178.0,76.0,,大豆1011,3751.0,1178.0,1178.0
2008-03-26,ZS1011,1152.0,1200.0,1152.0,1177.0,65.0,,大豆1011,3778.0,1177.0,1177.0
2008-03-27,ZS1011,1161.0,1177.0,1160.0,1160.0,11.0,,大豆1011,3790.0,1160.0,1160.0
2008-03-28,ZS1011,1103.0,1150.0,1098.0,1115.0,70.0,,大豆1011,3799.0,1115.0,1115.0
2008-03-31,ZS1011,1090.5,1094.5,1045.0,1045.0,243.0,,大豆1011,3845.0,1045.0,1045.0
2008-04-01,ZS1011,1060.0,1098.75,1010.5,1080.0,57.0,,大豆1011,3894.0,1080.0,1080.0
2008-04-02,ZS1011,1112.5,1132.0,1095.5,1100.0,26.0,,大豆1011,3850.0,1100.0,1100.0
2008-04-03,ZS1011,1155.0,1159.75,1134.5,1155.0,34.0,,大豆1011,3832.0,1155.0,1155.0
2008-04-04,ZS1011,1163.75,1190.25,1163.75,1181.0,42.0,,大豆1011,3848.0,1181.0,1181.0
2008-04-07,ZS1011,1205.0,1205.0,1160.0,1170.0,42.0,,大豆1011,3865.0,1170.0,1170.0
2008-04-08,ZS1011,1169.0,1178.0,1169.0,1169.0,21.0,,大豆1011,3862.0,1169.0,1169.0
2008-04-09,ZS1011,1200.0,1218.0,1169.0,1200.0,51.0,,大豆1011,3854.0,1200.0,1200.0
2008-04-10,ZS1011,1215.0,1238.0,1198.0,1229.0,37.0,,大豆1011,3871.0,1229.0,1229.0
2008-04-11,ZS1011,1227.0,1227.0,1211.5,1222.0,18.0,,大豆1011,3881.0,1222.0,1222.0
2008-04-14,ZS1011,1250.0,1250.0,1227.0,1247.25,261.0,,大豆1011,3887.0,1247.25,1247.25
2008-04-15,ZS1011,1260.0,1263.0,1244.0,1260.0,69.0,,大豆1011,4132.0,1260.0,1260.0
2008-04-16,ZS1011,1234.0,1259.0,1234.0,1242.0,93.0,,大豆1011,4145.0,1242.0,1242.0
2008-04-17,ZS1011,1243.0,1262.5,1237.0,1247.5,64.0,,大豆1011,4220.0,1247.5,1247.5
2008-04-18,ZS1011,1250.0,1252.0,1242.0,1251.0,18.0,,大豆1011,4280.0,1251.0,1251.0
2008-04-21,ZS1011,1230.0,1230.0,1208.0,1208.0,59.0,,大豆1011,4286.0,1208.0,1208.0
2008-04-22,ZS1011,1225.0,1261.75,1225.0,1252.0,22.0,,大豆1011,4288.0,1252.0,1252.0
2008-04-23,ZS1011,1250.0,1250.5,1228.0,1234.0,18.0,,大豆1011,4294.0,1234.0,1234.0
2008-04-24,ZS1011,1238.25,1244.0,1219.0,1219.0,97.0,,大豆1011,4300.0,1219.0,1219.0
2008-04-25,ZS1011,1217.0,1217.0,1201.0,1202.0,43.0,,大豆1011,,1202.0,1202.0
2008-04-28,ZS1011,1205.0,1205.0,1182.25,1195.5,24.0,,大豆1011,4385.0,1195.5,1195.5
2008-04-29,ZS1011,1196.0,1203.0,1195.0,1203.0,21.0,,大豆1011,4623.0,1203.0,1203.0
2008-04-30,ZS1011,1210.0,1224.0,1194.5,1222.5,18.0,,大豆1011,4631.0,1222.5,1222.5
2008-05-01,ZS1011,1223.0,1230.0,1170.0,1193.25,58.0,,大豆1011,4628.0,1193.25,1193.25
2008-05-02,ZS1011,1216.75,1216.75,1215.0,1215.0,10.0,,大豆1011,4381.0,1215.0,1215.0
2008-05-05,ZS1011,1198.75,1217.0,1194.25,1213.5,45.0,,大豆1011,4385.0,1213.5,1213.5
2008-05-06,ZS1011,1247.0,1247.0,1214.5,1215.25,59.0,,大豆1011,4397.0,1215.25,1215.25
2008-05-07,ZS1011,1235.0,1239.5,1215.0,1239.5,7.0,,大豆1011,4403.0,1239.5,1239.5
2008-05-08,ZS1011,1241.0,1241.0,1228.0,1238.0,132.0,,大豆1011,4403.0,1238.0,1238.0
2008-05-09,ZS1011,1237.75,1283.0,1237.75,1283.0,35.0,,大豆1011,4474.0,1283.0,1283.0
2008-05-12,ZS1011,1294.0,1294.0,1268.75,1270.0,57.0,,大豆1011,4469.0,1270.0,1270.0
2008-05-13,ZS1011,1275.0,1290.0,1272.0,1290.0,40.0,,大豆1011,4490.0,1290.0,1290.0
2008-05-14,ZS1011,1300.0,1301.0,1287.75,1296.5,59.0,,大豆1011,4474.0,1296.5,1296.5
2008-05-15,ZS1011,1282.0,1295.0,1261.0,1283.0,101.0,,大豆1011,4463.0,1283.0,1283.0
2008-05-16,ZS1011,1300.0,1320.25,1300.0,1320.25,32.0,,大豆1011,4492.0,1320.25,1320.25
2008-05-19,ZS1011,1297.0,1305.75,1297.0,1303.5,24.0,,大豆1011,4504.0,1303.5,1303.5
2008-05-20,ZS1011,1300.0,1326.25,1300.0,1315.25,42.0,,大豆1011,4507.0,1315.25,1315.25
2008-05-21,ZS1011,1340.0,1371.0,1340.0,1363.0,332.0,,大豆1011,4517.0,1363.0,1363.0
2008-05-22,ZS1011,1373.0,1386.0,1350.25,1350.75,204.0,,大豆1011,4750.0,1350.75,1350.75
2008-05-23,ZS1011,1375.0,1375.0,1360.0,1365.0,211.0,,大豆1011,4869.0,1365.0,1365.0
2008-05-27,ZS1011,1369.0,1386.0,1357.5,1357.5,33.0,,大豆1011,4889.0,1357.5,1357.5
2008-05-28,ZS1011,1357.0,1375.0,1356.75,1375.0,29.0,,大豆1011,4909.0,1375.0,1375.0
2008-05-29,ZS1011,1372.25,1378.5,1342.5,1342.5,137.0,,大豆1011,4922.0,1342.5,1342.5
2008-05-30,ZS1011,1342.0,1373.0,1339.25,1369.5,49.0,,大豆1011,4978.0,1369.5,1369.5
2008-06-02,ZS1011,1369.75,1385.0,1369.75,1376.0,44.0,,大豆1011,4988.0,1376.0,1376.0
2008-06-03,ZS1011,1379.0,1382.0,1371.75,1371.75,30.0,,大豆1011,4997.0,1371.75,1371.75
2008-06-04,ZS1011,1364.0,1395.0,1356.25,1381.5,140.0,,大豆1011,5008.0,1381.5,1381.5
2008-06-05,ZS1011,1409.0,1429.0,1382.5,1418.0,74.0,,大豆1011,5063.0,1418.0,1418.0
2008-06-06,ZS1011,1430.0,1435.0,1420.0,1420.0,165.0,,大豆1011,5075.0,1420.0,1420.0
2008-06-09,ZS1011,1430.0,1441.25,1421.0,1428.5,10.0,,大豆1011,5102.0,1428.5,1428.5
2008-06-10,ZS1011,1432.0,1432.0,1420.0,1432.0,30.0,,大豆1011,5103.0,1432.0,1432.0
2008-06-11,ZS1011,1490.0,1490.0,1430.0,1482.0,129.0,,大豆1011,5102.0,1482.0,1482.0
2008-06-12,ZS1011,1479.0,1492.0,1465.0,1487.5,24.0,,大豆1011,5156.0,1487.5,1487.5
2008-06-13,ZS1011,1485.0,1506.0,1485.0,1497.0,46.0,,大豆1011,5157.0,1497.0,1497.0
2008-06-16,ZS1011,1497.0,1522.0,1481.0,1483.5,45.0,,大豆1011,5185.0,1483.5,1483.5
2008-06-17,ZS1011,1469.0,1500.0,1466.0,1478.0,160.0,,大豆1011,5191.0,1478.0,1478.0
2008-06-18,ZS1011,1458.0,1482.25,1458.0,1482.0,92.0,,大豆1011,5280.0,1482.0,1482.0
2008-06-19,ZS1011,1470.0,1476.0,1451.75,1476.0,86.0,,大豆1011,5342.0,1476.0,1476.0
2008-06-20,ZS1011,1480.0,1483.25,1460.5,1470.0,31.0,,大豆1011,5379.0,1470.0,1470.0
2008-06-23,ZS1011,1451.25,1465.0,1435.0,1465.0,31.0,,大豆1011,5404.0,1465.0,1465.0
2008-06-24,ZS1011,1467.0,1467.0,1448.0,1448.0,41.0,,大豆1011,5409.0,1448.0,1448.0
2008-06-25,ZS1011,1448.0,1470.0,1429.75,1470.0,20.0,,大豆1011,5424.0,1470.0,1470.0
2008-06-26,ZS1011,1492.0,1502.0,1470.0,1498.0,38.0,,大豆1011,5434.0,1498.0,1498.0
2008-06-27,ZS1011,1500.0,1512.0,1477.5,1487.0,52.0,,大豆1011,5434.0,1487.0,1487.0
2008-06-30,ZS1011,1475.0,1498.0,1472.0,1472.0,63.0,,大豆1011,5444.0,1472.0,1472.0
2008-07-01,ZS1011,1479.0,1515.0,1478.0,1515.0,871.0,,大豆1011,5472.0,1515.0,1515.0
2008-07-02,ZS1011,1510.0,1536.5,1497.25,1536.5,248.0,,大豆1011,5449.0,1536.5,1536.5
2008-07-03,ZS1011,1539.5,1555.5,1533.0,1555.5,371.0,,大豆1011,5527.0,1555.5,1555.5
2008-07-07,ZS1011,1501.5,1546.0,1485.5,1502.0,58.0,,大豆1011,5520.0,1502.0,1502.0
2008-07-08,ZS1011,1476.0,1476.25,1443.0,1459.5,136.0,,大豆1011,5546.0,1459.5,1459.5
2008-07-09,ZS1011,1465.5,1469.0,1465.5,1469.0,41.0,,大豆1011,5654.0,1469.0,1469.0
2008-07-10,ZS1011,1479.0,1502.0,1475.0,1501.0,23.0,,大豆1011,5679.0,1501.0,1501.0
2008-07-11,ZS1011,1500.0,1521.75,1498.0,1518.0,43.0,,大豆1011,5694.0,1518.0,1518.0
2008-07-14,ZS1011,1493.0,1500.75,1488.25,1496.0,33.0,,大豆1011,5721.0,1496.0,1496.0
2008-07-15,ZS1011,1510.0,1510.0,1454.0,1454.0,23.0,,大豆1011,5741.0,1454.0,1454.0
2008-07-16,ZS1011,1458.75,1470.0,1435.0,1464.0,42.0,,大豆1011,5741.0,1464.0,1464.0
2008-07-17,ZS1011,1435.0,1460.0,1427.0,1435.0,93.0,,大豆1011,5750.0,1435.0,1435.0
2008-07-18,ZS1011,1435.0,1450.0,1403.5,1403.5,154.0,,大豆1011,5793.0,1403.5,1403.5
2008-07-21,ZS1011,1399.0,1405.5,1386.5,1386.5,96.0,,大豆1011,5857.0,1386.5,1386.5
2008-07-22,ZS1011,1384.0,1402.0,1378.0,1397.5,118.0,,大豆1011,5930.0,1397.5,1397.5
2008-07-23,ZS1011,1380.0,1394.25,1362.75,1372.0,264.0,,大豆1011,5971.0,1372.0,1372.0
2008-07-24,ZS1011,1380.0,1380.0,1355.0,1362.5,154.0,,大豆1011,6011.0,1362.5,1362.5
2008-07-25,ZS1011,1364.0,1373.75,1357.0,1369.5,115.0,,大豆1011,6060.0,1369.5,1369.5
2008-07-28,ZS1011,1369.5,1395.0,1360.0,1372.0,93.0,,大豆1011,6063.0,1372.0,1372.0
2008-07-29,ZS1011,1347.0,1372.5,1347.0,1372.5,56.0,,大豆1011,6071.0,1372.5,1372.5
2008-07-30,ZS1011,1385.25,1400.0,1369.0,1400.0,320.0,,大豆1011,6065.0,1400.0,1400.0
2008-07-31,ZS1011,1400.25,1413.5,1400.0,1404.5,214.0,,大豆1011,6173.0,1404.5,1404.5
2008-08-01,ZS1011,1400.0,1407.0,1373.0,1373.0,220.0,,大豆1011,6083.0,1373.0,1373.0
2008-08-04,ZS1011,1344.0,1349.0,1309.0,1310.0,174.0,,大豆1011,6139.0,1310.0,1310.0
2008-08-05,ZS1011,1310.0,1320.0,1285.0,1298.0,59.0,,大豆1011,6108.0,1298.0,1298.0
2008-08-06,ZS1011,1298.0,1298.0,1244.5,1256.0,71.0,,大豆1011,6120.0,1256.0,1256.0
2008-08-07,ZS1011,1270.75,1285.25,1261.75,1276.0,22.0,,大豆1011,6131.0,1276.0,1276.0
2008-08-08,ZS1011,1280.0,1280.25,1220.0,1224.0,93.0,,大豆1011,6127.0,1224.0,1224.0
2008-08-11,ZS1011,1224.5,1230.0,1214.0,1218.0,104.0,,大豆1011,6127.0,1218.0,1218.0
2008-08-12,ZS1011,1210.0,1225.0,1207.25,1223.0,117.0,,大豆1011,6148.0,1223.0,1223.0
2008-08-13,ZS1011,1244.0,1293.0,1244.0,1284.0,197.0,,大豆1011,6148.0,1284.0,1284.0
2008-08-14,ZS1011,1277.0,1288.5,1265.0,1278.0,33.0,,大豆1011,6180.0,1278.0,1278.0
2008-08-15,ZS1011,1236.0,1243.0,1209.75,1217.0,102.0,,大豆1011,6159.0,1217.0,1217.0
2008-08-18,ZS1011,1251.75,1281.0,1244.0,1277.0,187.0,,大豆1011,6132.0,1277.0,1277.0
2008-08-19,ZS1011,1290.0,1312.0,1266.0,1266.0,47.0,,大豆1011,6160.0,1266.0,1266.0
2008-08-20,ZS1011,1270.5,1280.0,1270.5,1280.0,128.0,,大豆1011,6161.0,1280.0,1280.0
2008-08-21,ZS1011,1309.25,1334.0,1305.75,1334.0,66.0,,大豆1011,6131.0,1334.0,1334.0
2008-08-22,ZS1011,1331.0,1331.0,1324.0,1324.0,5.0,,大豆1011,6120.0,1324.0,1324.0
2008-08-25,ZS1011,1351.0,1351.0,1334.0,1334.0,137.0,,大豆1011,6110.0,1334.0,1334.0
2008-08-26,ZS1011,1317.25,1329.5,1316.75,1329.5,68.0,,大豆1011,6159.0,1329.5,1329.5
2008-08-27,ZS1011,1341.25,1341.25,1310.5,1315.0,168.0,,大豆1011,6127.0,1315.0,1315.0
2008-08-28,ZS1011,1295.0,1296.75,1285.0,1292.5,19.0,,大豆1011,6155.0,1292.5,1292.5
2008-08-29,ZS1011,1297.5,1300.75,1295.5,1295.5,41.0,,大豆1011,6160.0,1295.5,1295.5
2008-09-02,ZS1011,1260.0,1276.0,1243.0,1276.0,46.0,,大豆1011,6151.0,1276.0,1276.0
2008-09-03,ZS1011,1260.0,1260.0,1234.0,1234.0,7.0,,大豆1011,6129.0,1234.0,1234.0
2008-09-04,ZS1011,1225.0,1227.5,1221.5,1221.5,4.0,,大豆1011,6129.0,1221.5,1221.5
2008-09-05,ZS1011,1213.0,1213.0,1167.0,1168.75,79.0,,大豆1011,6128.0,1168.75,1168.75
2008-09-08,ZS1011,1168.0,1179.25,1163.75,1179.25,19.0,,大豆1011,6114.0,1179.25,1179.25
2008-09-09,ZS1011,1165.25,1190.5,1165.25,1190.5,29.0,,大豆1011,6113.0,1190.5,1190.5
2008-09-10,ZS1011,1175.5,1175.5,1169.0,1169.0,17.0,,大豆1011,6098.0,1169.0,1169.0
2008-09-11,ZS1011,1169.0,1173.5,1162.5,1164.0,10.0,,大豆1011,6092.0,1164.0,1164.0
2008-09-12,ZS1011,1194.0,1194.0,1180.0,1187.75,17.0,,大豆1011,6089.0,1187.75,1187.75
2008-09-15,ZS1011,1170.0,1178.0,1158.0,1158.0,158.0,,大豆1011,6092.0,1158.0,1158.0
2008-09-16,ZS1011,1153.0,1155.0,1095.0,1096.0,59.0,,大豆1011,7734.0,1096.0,1096.0
2008-09-17,ZS1011,1100.0,1111.0,1092.0,1111.0,87.0,,大豆1011,6039.0,1111.0,1111.0
2008-09-18,ZS1011,1118.0,1118.0,1085.5,1085.5,244.0,,大豆1011,6037.0,1085.5,1085.5
2008-09-19,ZS1011,1109.0,1133.0,1109.0,1118.5,62.0,,大豆1011,6018.0,1118.5,1118.5
2008-09-22,ZS1011,1183.0,1188.5,1150.0,1186.5,24.0,,大豆1011,6043.0,1186.5,1186.5
2008-09-23,ZS1011,1190.0,1196.0,1179.5,1190.0,9.0,,大豆1011,5947.0,1190.0,1190.0
2008-09-24,ZS1011,1200.5,1202.25,1192.0,1200.0,112.0,,大豆1011,5944.0,1200.0,1200.0
2008-09-25,ZS1011,1210.0,1210.0,1188.5,1192.0,15.0,,大豆1011,5933.0,1192.0,1192.0
2008-09-26,ZS1011,1181.5,1183.25,1169.0,1175.5,16.0,,大豆1011,5925.0,1175.5,1175.5
2008-09-29,ZS1011,1112.0,1117.0,1105.5,1105.5,39.0,,大豆1011,5917.0,1105.5,1105.5
2008-09-30,ZS1011,1100.0,1105.5,1068.25,1071.0,61.0,,大豆1011,5917.0,1071.0,1071.0
2008-10-01,ZS1011,1080.0,1087.0,1065.0,1075.25,18.0,,大豆1011,5896.0,1075.25,1075.25
2008-10-02,ZS1011,1062.0,1069.5,1038.75,1049.0,291.0,,大豆1011,5893.0,1049.0,1049.0
2008-10-03,ZS1011,1037.0,1057.0,1030.0,1030.0,45.0,,大豆1011,5687.0,1030.0,1030.0
2008-10-06,ZS1011,1019.0,1019.0,960.0,960.0,65.0,,大豆1011,5686.0,960.0,960.0
2008-10-07,ZS1011,966.0,983.5,958.75,967.25,934.0,,大豆1011,5686.0,967.25,967.25
2008-10-08,ZS1011,965.0,1005.0,962.75,1001.5,265.0,,大豆1011,5103.0,1001.5,1001.5
2008-10-09,ZS1011,999.25,1023.5,999.25,1013.0,94.0,,大豆1011,4950.0,1013.0,1013.0
2008-10-10,ZS1011,955.0,955.0,943.0,943.0,31.0,,大豆1011,4909.0,943.0,943.0
2008-10-13,ZS1011,955.0,985.5,946.0,979.0,141.0,,大豆1011,4909.0,979.0,979.0
2008-10-14,ZS1011,997.5,997.5,958.0,958.0,97.0,,大豆1011,4878.0,958.0,958.0
2008-10-15,ZS1011,960.0,970.0,913.0,922.5,80.0,,大豆1011,4845.0,922.5,922.5
2008-10-16,ZS1011,912.25,929.5,897.0,927.0,198.0,,大豆1011,4809.0,927.0,927.0
2008-10-17,ZS1011,946.0,963.5,946.0,951.5,112.0,,大豆1011,4769.0,951.5,951.5
2008-10-20,ZS1011,951.5,996.0,951.5,990.0,34.0,,大豆1011,4734.0,990.0,990.0
2008-10-21,ZS1011,991.0,991.0,950.0,962.0,44.0,,大豆1011,4740.0,962.0,962.0
2008-10-22,ZS1011,955.0,955.0,909.0,909.0,223.0,,大豆1011,4749.0,909.0,909.0
2008-10-23,ZS1011,930.75,945.0,923.0,923.0,50.0,,大豆1011,4754.0,923.0,923.0
2008-10-24,ZS1011,910.0,937.0,900.0,900.0,98.0,,大豆1011,4750.0,900.0,900.0
2008-10-27,ZS1011,900.0,924.5,900.0,923.5,184.0,,大豆1011,4765.0,923.5,923.5
2008-10-28,ZS1011,992.0,992.0,915.0,920.5,37.0,,大豆1011,4741.0,920.5,920.5
2008-10-29,ZS1011,980.0,990.5,967.0,974.0,43.0,,大豆1011,4731.0,974.0,974.0
2008-10-30,ZS1011,992.0,998.25,965.0,974.0,20.0,,大豆1011,4735.0,974.0,974.0
2008-10-31,ZS1011,969.0,971.0,959.0,971.0,40.0,,大豆1011,4739.0,971.0,971.0
2008-11-03,ZS1011,976.0,976.0,971.5,971.5,11.0,,大豆1011,4725.0,971.5,971.5
2008-11-04,ZS1011,971.5,1009.0,971.5,995.5,12.0,,大豆1011,4714.0,995.5,995.5
2008-11-05,ZS1011,993.5,993.5,948.0,948.0,66.0,,大豆1011,4714.0,948.0,948.0
2008-11-06,ZS1011,930.0,943.0,929.0,941.5,24.0,,大豆1011,4720.0,941.5,941.5
2008-11-07,ZS1011,937.0,952.0,937.0,952.0,25.0,,大豆1011,4718.0,952.0,952.0
2008-11-10,ZS1011,956.0,978.0,949.0,978.0,13.0,,大豆1011,4726.0,978.0,978.0
2008-11-11,ZS1011,956.0,956.0,929.0,939.0,58.0,,大豆1011,4720.0,939.0,939.0
2008-11-12,ZS1011,926.0,936.0,920.0,920.0,45.0,,大豆1011,4723.0,920.0,920.0
2008-11-13,ZS1011,913.0,922.0,911.5,922.0,169.0,,大豆1011,4710.0,922.0,922.0
2008-11-14,ZS1011,922.0,924.5,913.0,924.5,26.0,,大豆1011,4786.0,924.5,924.5
2008-11-17,ZS1011,937.0,940.5,936.5,936.5,2.0,,大豆1011,4790.0,936.5,936.5
2008-11-18,ZS1011,930.0,942.75,930.0,931.0,14.0,,大豆1011,4789.0,931.0,931.0
2008-11-19,ZS1011,945.0,945.0,923.0,923.0,17.0,,大豆1011,4788.0,923.0,923.0
2008-11-20,ZS1011,920.0,920.0,880.0,880.0,49.0,,大豆1011,4782.0,880.0,880.0
2008-11-21,ZS1011,879.0,888.5,866.75,866.75,43.0,,大豆1011,4765.0,866.75,866.75
2008-11-24,ZS1011,875.0,921.25,875.0,912.5,156.0,,大豆1011,4760.0,912.5,912.5
2008-11-25,ZS1011,905.5,920.0,905.5,914.5,34.0,,大豆1011,4736.0,914.5,914.5
2008-11-26,ZS1011,922.75,922.75,915.0,918.0,253.0,,大豆1011,4725.0,918.0,918.0
2008-11-28,ZS1011,902.75,917.0,902.5,917.0,3.0,,大豆1011,4620.0,917.0,917.0
2008-12-01,ZS1011,890.25,890.25,888.0,888.0,43.0,,大豆1011,4621.0,888.0,888.0
2008-12-02,ZS1011,881.25,885.0,868.0,868.0,117.0,,大豆1011,4618.0,868.0,868.0
2008-12-03,ZS1011,868.5,881.0,867.75,868.0,46.0,,大豆1011,4610.0,868.0,868.0
2008-12-04,ZS1011,855.0,859.25,847.75,848.0,24.0,,大豆1011,4607.0,848.0,848.0
2008-12-05,ZS1011,820.0,820.25,809.75,812.0,44.0,,大豆1011,4605.0,812.0,812.0
2008-12-08,ZS1011,820.0,853.5,820.0,852.0,24.0,,大豆1011,4600.0,852.0,852.0
2008-12-09,ZS1011,851.0,854.75,844.0,844.0,128.0,,大豆1011,4597.0,844.0,844.0
2008-12-10,ZS1011,857.0,868.5,855.25,864.0,25.0,,大豆1011,4595.0,864.0,864.0
2008-12-11,ZS1011,866.0,894.75,866.0,892.5,378.0,,大豆1011,4593.0,892.5,892.5
2008-12-12,ZS1011,871.25,890.5,866.5,890.5,100.0,,大豆1011,4756.0,890.5,890.5
2008-12-15,ZS1011,907.75,907.75,886.5,886.5,22.0,,大豆1011,4784.0,886.5,886.5
2008-12-16,ZS1011,885.0,902.0,885.0,902.0,48.0,,大豆1011,4785.0,902.0,902.0
2008-12-17,ZS1011,917.0,917.5,900.0,910.5,62.0,,大豆1011,4776.0,910.5,910.5
2008-12-18,ZS1011,911.0,916.25,905.0,916.25,35.0,,大豆1011,4809.0,916.25,916.25
2008-12-19,ZS1011,912.5,915.0,909.0,915.0,9.0,,大豆1011,4826.0,915.0,915.0
2008-12-22,ZS1011,925.0,931.0,925.0,931.0,10.0,,大豆1011,4830.0,931.0,931.0
2008-12-23,ZS1011,931.25,944.0,929.0,944.0,30.0,,大豆1011,4830.0,944.0,944.0
2008-12-24,ZS1011,,,,956.0,2.0,,大豆1011,4849.0,956.0,956.0
2008-12-26,ZS1011,975.0,1000.0,975.0,991.5,52.0,,大豆1011,4849.0,991.5,991.5
2008-12-29,ZS1011,1005.0,1012.0,990.0,990.0,111.0,,大豆1011,4858.0,990.0,990.0
2008-12-30,ZS1011,987.75,997.0,984.75,997.0,61.0,,大豆1011,4912.0,997.0,997.0
2008-12-31,ZS1011,999.0,1017.0,992.0,1017.0,72.0,,大豆1011,4939.0,1017.0,1017.0
2009-01-02,ZS1011,1005.0,1029.0,1005.0,1014.5,167.0,,大豆1011,4977.0,1014.5,1014.5
2009-01-05,ZS1011,1012.0,1023.5,1012.0,1023.5,183.0,,大豆1011,5076.0,1023.5,1023.5
2009-01-06,ZS1011,1031.0,1050.0,1025.0,1047.5,137.0,,大豆1011,5242.0,1047.5,1047.5
2009-01-07,ZS1011,1050.0,1051.0,1020.0,1020.0,20.0,,大豆1011,5267.0,1020.0,1020.0
2009-01-08,ZS1011,1013.0,1014.75,1013.0,1014.75,10.0,,大豆1011,5273.0,1014.75,1014.75
2009-01-09,ZS1011,1038.0,1040.0,1025.0,1040.0,145.0,,大豆1011,5266.0,1040.0,1040.0
2009-01-12,ZS1011,1010.0,1010.0,976.0,976.0,54.0,,大豆1011,5348.0,976.0,976.0
2009-01-13,ZS1011,990.0,992.0,978.0,978.0,123.0,,大豆1011,5347.0,978.0,978.0
2009-01-14,ZS1011,990.0,990.0,967.5,970.75,194.0,,大豆1011,5397.0,970.75,970.75
2009-01-15,ZS1011,971.0,1003.0,971.0,976.75,465.0,,大豆1011,5373.0,976.75,976.75
2009-01-16,ZS1011,980.0,995.0,976.0,987.0,51.0,,大豆1011,5632.0,987.0,987.0
2009-01-20,ZS1011,988.0,1000.0,972.0,974.5,364.0,,大豆1011,5611.0,974.5,974.5
2009-01-21,ZS1011,978.0,996.0,975.0,996.0,113.0,,大豆1011,5708.0,996.0,996.0
2009-01-22,ZS1011,1000.0,1000.0,977.0,982.5,575.0,,大豆1011,5739.0,982.5,982.5
2009-01-23,ZS1011,975.5,985.0,965.0,970.0,402.0,,大豆1011,6043.0,970.0,970.0
2009-01-26,ZS1011,970.0,990.0,966.0,969.5,587.0,,大豆1011,6243.0,969.5,969.5
2009-01-27,ZS1011,968.25,968.25,951.0,959.5,196.0,,大豆1011,6377.0,959.5,959.5
2009-01-28,ZS1011,961.25,965.0,957.5,957.5,193.0,,大豆1011,6459.0,957.5,957.5
2009-01-29,ZS1011,950.0,959.0,949.0,953.0,128.0,,大豆1011,6590.0,953.0,953.0
2009-01-30,ZS1011,952.5,976.0,950.0,968.0,234.0,,大豆1011,6614.0,968.0,968.0
2009-02-02,ZS1011,950.0,950.0,939.0,948.25,43.0,,大豆1011,6692.0,948.25,948.25
2009-02-03,ZS1011,936.75,945.0,919.0,919.0,229.0,,大豆1011,6900.0,919.0,919.0
2009-02-04,ZS1011,922.0,922.5,913.5,913.5,190.0,,大豆1011,6804.0,913.5,913.5
2009-02-05,ZS1011,914.25,941.0,914.25,936.0,198.0,,大豆1011,6718.0,936.0,936.0
2009-02-06,ZS1011,940.25,961.5,940.25,961.5,474.0,,大豆1011,6719.0,961.5,961.5
2009-02-09,ZS1011,960.75,975.5,957.0,960.0,196.0,,大豆1011,6938.0,960.0,960.0
2009-02-10,ZS1011,965.0,965.0,951.0,956.5,34.0,,大豆1011,6959.0,956.5,956.5
2009-02-11,ZS1011,956.5,956.5,938.0,938.0,296.0,,大豆1011,6972.0,938.0,938.0
2009-02-12,ZS1011,935.5,940.0,921.0,921.0,279.0,,大豆1011,7026.0,921.0,921.0
2009-02-13,ZS1011,927.0,927.0,913.5,913.5,362.0,,大豆1011,7368.0,913.5,913.5
2009-02-17,ZS1011,901.0,901.0,871.0,874.5,161.0,,大豆1011,7471.0,874.5,874.5
2009-02-18,ZS1011,868.0,872.5,859.75,859.75,612.0,,大豆1011,7368.0,859.75,859.75
2009-02-19,ZS1011,869.5,877.25,869.5,870.0,177.0,,大豆1011,7215.0,870.0,870.0
2009-02-20,ZS1011,870.0,873.5,852.0,860.0,201.0,,大豆1011,7196.0,860.0,860.0
2009-02-23,ZS1011,876.0,876.0,863.5,870.0,145.0,,大豆1011,7309.0,870.0,870.0
2009-02-24,ZS1011,866.0,870.0,861.0,869.5,99.0,,大豆1011,7347.0,869.5,869.5
2009-02-25,ZS1011,854.5,868.0,854.5,866.5,72.0,,大豆1011,7314.0,866.5,866.5
2009-02-26,ZS1011,877.0,880.0,861.75,865.0,92.0,,大豆1011,7327.0,865.0,865.0
2009-02-27,ZS1011,850.0,862.0,850.0,857.0,118.0,,大豆1011,7337.0,857.0,857.0
2009-03-02,ZS1011,840.0,840.0,822.5,825.0,333.0,,大豆1011,7429.0,825.0,825.0
2009-03-03,ZS1011,827.5,827.5,820.0,821.25,411.0,,大豆1011,7671.0,821.25,821.25
2009-03-04,ZS1011,830.0,847.5,825.0,839.75,223.0,,大豆1011,7782.0,839.75,839.75
2009-03-05,ZS1011,831.25,840.0,828.0,828.0,132.0,,大豆1011,7754.0,828.0,828.0
2009-03-06,ZS1011,846.25,846.25,843.5,843.5,178.0,,大豆1011,7702.0,843.5,843.5
2009-03-09,ZS1011,850.0,860.0,844.25,846.0,93.0,,大豆1011,7692.0,846.0,846.0
2009-03-10,ZS1011,856.0,875.0,856.0,863.0,141.0,,大豆1011,7654.0,863.0,863.0
2009-03-11,ZS1011,868.0,868.0,845.5,845.5,192.0,,大豆1011,7673.0,845.5,845.5
2009-03-12,ZS1011,855.25,870.5,855.25,870.5,57.0,,大豆1011,7649.0,870.5,870.5
2009-03-13,ZS1011,875.0,875.0,853.0,853.0,118.0,,大豆1011,7666.0,853.0,853.0
2009-03-16,ZS1011,859.0,886.5,859.0,880.0,1462.0,,大豆1011,7640.0,880.0,880.0
2009-03-17,ZS1011,882.5,892.0,882.5,890.25,347.0,,大豆1011,7835.0,890.25,890.25
2009-03-18,ZS1011,890.0,890.0,881.75,885.25,628.0,,大豆1011,8125.0,885.25,885.25
2009-03-19,ZS1011,895.0,927.5,895.0,920.0,231.0,,大豆1011,8221.0,920.0,920.0
2009-03-20,ZS1011,923.5,923.5,915.5,921.5,123.0,,大豆1011,8235.0,921.5,921.5
2009-03-23,ZS1011,930.0,940.0,922.25,922.25,72.0,,大豆1011,8216.0,922.25,922.25
2009-03-24,ZS1011,923.0,924.5,920.0,924.5,25.0,,大豆1011,8187.0,924.5,924.5
2009-03-25,ZS1011,917.5,920.5,908.0,908.0,85.0,,大豆1011,8175.0,908.0,908.0
2009-03-26,ZS1011,910.25,913.0,908.5,908.5,51.0,,大豆1011,8245.0,908.5,908.5
2009-03-27,ZS1011,910.0,912.0,889.75,889.75,94.0,,大豆1011,8281.0,889.75,889.75
2009-03-30,ZS1011,875.0,879.0,867.75,872.0,450.0,,大豆1011,8284.0,872.0,872.0
2009-03-31,ZS1011,882.0,913.5,882.0,912.0,1858.0,,大豆1011,8356.0,912.0,912.0
2009-04-01,ZS1011,905.0,916.0,905.0,911.0,567.0,,大豆1011,8795.0,911.0,911.0
2009-04-02,ZS1011,908.0,940.0,908.0,930.0,585.0,,大豆1011,8918.0,930.0,930.0
2009-04-03,ZS1011,930.0,931.25,917.75,931.25,1104.0,,大豆1011,8935.0,931.25,931.25
2009-04-06,ZS1011,926.75,938.0,915.25,921.5,988.0,,大豆1011,8943.0,921.5,921.5
2009-04-07,ZS1011,920.5,925.5,911.0,914.5,1663.0,,大豆1011,9218.0,914.5,914.5
2009-04-08,ZS1011,901.75,921.0,901.75,918.5,647.0,,大豆1011,9907.0,918.5,918.5
2009-04-09,ZS1011,924.25,932.5,922.75,929.0,225.0,,大豆1011,10092.0,929.0,929.0
2009-04-13,ZS1011,919.25,937.25,919.25,934.25,107.0,,大豆1011,10068.0,934.25,934.25
2009-04-14,ZS1011,931.0,947.5,931.0,941.5,1465.0,,大豆1011,10090.0,941.5,941.5
2009-04-15,ZS1011,942.0,950.0,940.25,943.0,946.0,,大豆1011,10579.0,943.0,943.0
2009-04-16,ZS1011,948.0,951.0,937.75,940.25,848.0,,大豆1011,11045.0,940.25,940.25
2009-04-17,ZS1011,940.25,945.25,926.0,926.0,574.0,,大豆1011,11406.0,926.0,926.0
2009-04-20,ZS1011,917.0,917.0,889.75,896.0,519.0,,大豆1011,11544.0,896.0,896.0
2009-04-21,ZS1011,894.0,923.0,892.5,920.5,780.0,,大豆1011,11593.0,920.5,920.5
2009-04-22,ZS1011,926.0,926.0,899.0,902.0,1177.0,,大豆1011,11431.0,902.0,902.0
2009-04-23,ZS1011,903.0,915.0,896.25,897.5,1090.0,,大豆1011,11492.0,897.5,897.5
2009-04-24,ZS1011,897.5,909.25,896.25,906.25,391.0,,大豆1011,11405.0,906.25,906.25
2009-04-27,ZS1011,895.0,898.75,866.0,879.0,467.0,,大豆1011,11438.0,879.0,879.0
2009-04-28,ZS1011,890.0,893.75,875.0,876.5,700.0,,大豆1011,11523.0,876.5,876.5
2009-04-29,ZS1011,877.0,905.75,877.0,901.5,871.0,,大豆1011,11452.0,901.5,901.5
2009-04-30,ZS1011,899.5,910.0,893.5,894.5,869.0,,大豆1011,11641.0,894.5,894.5
2009-05-01,ZS1011,890.0,925.0,890.0,921.75,577.0,,大豆1011,11998.0,921.75,921.75
2009-05-04,ZS1011,921.75,936.25,910.0,911.5,345.0,,大豆1011,12066.0,911.5,911.5
2009-05-05,ZS1011,911.0,920.0,896.5,902.5,421.0,,大豆1011,12116.0,902.5,902.5
2009-05-06,ZS1011,905.0,925.25,904.0,920.25,240.0,,大豆1011,12254.0,920.25,920.25
2009-05-07,ZS1011,930.25,934.5,912.0,913.0,767.0,,大豆1011,12180.0,913.0,913.0
2009-05-08,ZS1011,919.5,924.0,913.0,924.0,106.0,,大豆1011,12244.0,924.0,924.0
2009-05-11,ZS1011,920.0,932.0,911.25,932.0,750.0,,大豆1011,12261.0,932.0,932.0
2009-05-12,ZS1011,930.0,948.0,930.0,932.25,900.0,,大豆1011,12538.0,932.25,932.25
2009-05-13,ZS1011,945.0,950.0,930.0,937.0,466.0,,大豆1011,12512.0,937.0,937.0
2009-05-14,ZS1011,942.5,950.0,931.5,947.0,763.0,,大豆1011,12491.0,947.0,947.0
2009-05-15,ZS1011,947.0,955.0,934.0,939.0,951.0,,大豆1011,12450.0,939.0,939.0
2009-05-18,ZS1011,930.0,957.75,928.75,952.0,1696.0,,大豆1011,12300.0,952.0,952.0
2009-05-19,ZS1011,955.0,962.0,950.5,959.25,1466.0,,大豆1011,12206.0,959.25,959.25
2009-05-20,ZS1011,960.0,983.5,960.0,964.0,713.0,,大豆1011,12214.0,964.0,964.0
2009-05-21,ZS1011,964.0,965.0,954.0,965.0,1123.0,,大豆1011,12382.0,965.0,965.0
2009-05-22,ZS1011,965.0,976.0,962.5,971.5,1224.0,,大豆1011,12389.0,971.5,971.5
2009-05-26,ZS1011,974.25,988.0,965.5,980.0,1268.0,,大豆1011,12608.0,980.0,980.0
2009-05-27,ZS1011,980.0,988.75,974.25,979.0,908.0,,大豆1011,13152.0,979.0,979.0
2009-05-28,ZS1011,972.5,981.5,972.5,976.0,215.0,,大豆1011,13162.0,976.0,976.0
2009-05-29,ZS1011,976.5,987.0,976.5,982.0,761.0,,大豆1011,13214.0,982.0,982.0
2009-06-01,ZS1011,980.0,1013.5,975.0,1012.0,1276.0,,大豆1011,13563.0,1012.0,1012.0
2009-06-02,ZS1011,1005.25,1020.0,1000.0,1020.0,373.0,,大豆1011,13502.0,1020.0,1020.0
2009-06-03,ZS1011,1014.5,1018.0,990.0,991.5,1609.0,,大豆1011,13653.0,991.5,991.5
2009-06-04,ZS1011,995.0,1025.0,991.5,1024.0,1508.0,,大豆1011,13747.0,1024.0,1024.0
2009-06-05,ZS1011,1020.5,1025.0,989.0,991.75,2095.0,,大豆1011,14612.0,991.75,991.75
2009-06-08,ZS1011,997.75,1002.5,976.0,980.0,1657.0,,大豆1011,14400.0,980.0,980.0
2009-06-09,ZS1011,979.75,1000.0,978.5,998.5,1378.0,,大豆1011,14302.0,998.5,998.5
2009-06-10,ZS1011,998.0,1008.0,995.5,1004.25,941.0,,大豆1011,14395.0,1004.25,1004.25
2009-06-11,ZS1011,1004.0,1026.75,1004.0,1014.75,1552.0,,大豆1011,14522.0,1014.75,1014.75
2009-06-12,ZS1011,1014.0,1029.5,991.0,1001.5,1257.0,,大豆1011,14806.0,1001.5,1001.5
2009-06-15,ZS1011,999.5,999.5,955.0,956.75,1266.0,,大豆1011,15545.0,956.75,956.75
2009-06-16,ZS1011,967.0,976.0,961.25,966.75,898.0,,大豆1011,16210.0,966.75,966.75
2009-06-17,ZS1011,976.5,990.5,965.5,989.5,1691.0,,大豆1011,16184.0,989.5,989.5
2009-06-18,ZS1011,990.75,1002.75,979.0,981.5,1575.0,,大豆1011,15988.0,981.5,981.5
2009-06-19,ZS1011,981.5,981.5,942.75,943.5,1016.0,,大豆1011,16166.0,943.5,943.5
2009-06-22,ZS1011,940.0,945.75,915.75,915.75,558.0,,大豆1011,16368.0,915.75,915.75
2009-06-23,ZS1011,921.25,946.5,921.25,943.5,603.0,,大豆1011,16504.0,943.5,943.5
2009-06-24,ZS1011,934.25,952.75,934.25,945.5,732.0,,大豆1011,16425.0,945.5,945.5
2009-06-25,ZS1011,940.5,948.5,929.5,940.0,1017.0,,大豆1011,16500.0,940.0,940.0
2009-06-26,ZS1011,940.0,949.0,920.0,920.0,550.0,,大豆1011,16787.0,920.0,920.0
2009-06-29,ZS1011,915.75,925.0,914.25,915.5,392.0,,大豆1011,16932.0,915.5,915.5
2009-06-30,ZS1011,915.0,925.75,885.5,911.0,1882.0,,大豆1011,17071.0,911.0,911.0
2009-07-01,ZS1011,911.0,952.0,911.0,936.0,1278.0,,大豆1011,17646.0,936.0,936.0
2009-07-02,ZS1011,928.5,948.5,919.0,923.75,810.0,,大豆1011,17540.0,923.75,923.75
2009-07-06,ZS1011,901.75,909.75,890.0,893.5,769.0,,大豆1011,17775.0,893.5,893.5
2009-07-07,ZS1011,895.25,905.5,845.0,845.0,2583.0,,大豆1011,17967.0,845.0,845.0
2009-07-08,ZS1011,850.0,871.5,840.0,845.0,1331.0,,大豆1011,18496.0,845.0,845.0
2009-07-09,ZS1011,852.75,878.0,852.75,873.0,1037.0,,大豆1011,19054.0,873.0,873.0
2009-07-10,ZS1011,870.0,881.5,851.75,880.0,851.0,,大豆1011,19324.0,880.0,880.0
2009-07-13,ZS1011,889.25,889.25,863.0,873.5,553.0,,大豆1011,19541.0,873.5,873.5
2009-07-14,ZS1011,878.25,887.5,873.75,887.0,490.0,,大豆1011,19488.0,887.0,887.0
2009-07-15,ZS1011,888.0,912.25,880.0,886.0,2083.0,,大豆1011,19562.0,886.0,886.0
2009-07-16,ZS1011,886.0,892.75,866.25,882.0,1020.0,,大豆1011,19671.0,882.0,882.0
2009-07-17,ZS1011,868.25,912.5,868.25,910.0,1185.0,,大豆1011,19550.0,910.0,910.0
2009-07-20,ZS1011,910.0,926.25,905.5,914.0,938.0,,大豆1011,19571.0,914.0,914.0
2009-07-21,ZS1011,906.75,919.0,894.75,902.0,1776.0,,大豆1011,19385.0,902.0,902.0
2009-07-22,ZS1011,898.5,910.0,894.0,901.5,1999.0,,大豆1011,19362.0,901.5,901.5
2009-07-23,ZS1011,905.0,928.25,905.0,923.0,757.0,,大豆1011,20044.0,923.0,923.0
2009-07-24,ZS1011,920.0,927.0,911.25,914.0,1599.0,,大豆1011,20073.0,914.0,914.0
2009-07-27,ZS1011,910.0,917.5,901.0,909.5,704.0,,大豆1011,19526.0,909.5,909.5
2009-07-28,ZS1011,914.0,925.25,908.5,913.5,2473.0,,大豆1011,19462.0,913.5,913.5
2009-07-29,ZS1011,912.0,918.5,897.0,904.0,1262.0,,大豆1011,19139.0,904.0,904.0
2009-07-30,ZS1011,903.5,965.25,902.0,947.0,4235.0,,大豆1011,19227.0,947.0,947.0
2009-07-31,ZS1011,946.5,956.0,937.5,948.0,918.0,,大豆1011,18969.0,948.0,948.0
2009-08-03,ZS1011,953.5,996.25,952.25,973.0,2925.0,,大豆1011,19129.0,973.0,973.0
2009-08-04,ZS1011,970.0,992.0,967.5,980.0,2554.0,,大豆1011,19461.0,980.0,980.0
2009-08-05,ZS1011,979.0,999.0,973.25,990.0,2270.0,,大豆1011,19481.0,990.0,990.0
2009-08-06,ZS1011,990.0,993.0,970.0,975.0,2054.0,,大豆1011,19526.0,975.0,975.0
2009-08-07,ZS1011,965.75,985.0,965.5,973.5,647.0,,大豆1011,19775.0,973.5,973.5
2009-08-10,ZS1011,957.25,977.25,949.5,952.0,1552.0,,大豆1011,19743.0,952.0,952.0
2009-08-11,ZS1011,950.0,979.0,947.5,973.5,1427.0,,大豆1011,19967.0,973.5,973.5
2009-08-12,ZS1011,960.0,982.0,952.25,974.0,1601.0,,大豆1011,19565.0,974.0,974.0
2009-08-13,ZS1011,973.0,993.0,955.75,957.0,2030.0,,大豆1011,19647.0,957.0,957.0
2009-08-14,ZS1011,960.0,969.25,923.0,929.0,3259.0,,大豆1011,20061.0,929.0,929.0
2009-08-17,ZS1011,924.0,998.0,898.0,918.75,2638.0,,大豆1011,20854.0,918.75,918.75
2009-08-18,ZS1011,925.0,933.5,907.5,931.75,2334.0,,大豆1011,20683.0,931.75,931.75
2009-08-19,ZS1011,934.25,939.0,912.0,935.0,1509.0,,大豆1011,21011.0,935.0,935.0
2009-08-20,ZS1011,931.75,945.0,921.25,925.0,2215.0,,大豆1011,20996.0,925.0,925.0
2009-08-21,ZS1011,932.5,943.25,922.5,931.0,2226.0,,大豆1011,21435.0,931.0,931.0
2009-08-24,ZS1011,934.0,954.75,934.0,952.5,1699.0,,大豆1011,21906.0,952.5,952.5
2009-08-25,ZS1011,949.0,955.75,933.0,939.0,847.0,,大豆1011,22070.0,939.0,939.0
2009-08-26,ZS1011,935.25,942.0,927.0,933.0,607.0,,大豆1011,22068.0,933.0,933.0
2009-08-27,ZS1011,934.0,939.0,928.0,936.75,1213.0,,大豆1011,22274.0,936.75,936.75
2009-08-28,ZS1011,939.0,947.5,934.75,944.0,1178.0,,大豆1011,22318.0,944.0,944.0
2009-08-31,ZS1011,945.0,950.0,917.0,926.5,1752.0,,大豆1011,22431.0,926.5,926.5
2009-09-01,ZS1011,923.0,928.75,907.25,913.0,2303.0,,大豆1011,22521.0,913.0,913.0
2009-09-02,ZS1011,910.0,916.5,902.25,906.0,2031.0,,大豆1011,22676.0,906.0,906.0
2009-09-03,ZS1011,905.0,915.0,891.5,901.0,3467.0,,大豆1011,23413.0,901.0,901.0
2009-09-04,ZS1011,901.0,903.0,887.25,889.0,3321.0,,大豆1011,23473.0,889.0,889.0
2009-09-08,ZS1011,886.25,912.25,882.5,908.5,2368.0,,大豆1011,23630.0,908.5,908.5
2009-09-09,ZS1011,906.0,915.75,901.0,906.5,3164.0,,大豆1011,23652.0,906.5,906.5
2009-09-10,ZS1011,905.0,915.0,905.0,910.5,2967.0,,大豆1011,23816.0,910.5,910.5
2009-09-11,ZS1011,909.25,915.0,890.25,899.25,5490.0,,大豆1011,23453.0,899.25,899.25
2009-09-14,ZS1011,898.75,903.0,890.5,900.75,2732.0,,大豆1011,24094.0,900.75,900.75
2009-09-15,ZS1011,898.75,950.0,892.75,941.5,5284.0,,大豆1011,24435.0,941.5,941.5
2009-09-16,ZS1011,938.0,939.0,910.5,930.0,3065.0,,大豆1011,24967.0,930.0,930.0
2009-09-17,ZS1011,928.25,935.0,912.5,918.0,4399.0,,大豆1011,25698.0,918.0,918.0
2009-09-18,ZS1011,915.0,921.25,898.5,904.0,2393.0,,大豆1011,26316.0,904.0,904.0
2009-09-21,ZS1011,901.0,903.75,889.0,896.5,3244.0,,大豆1011,27108.0,896.5,896.5
2009-09-22,ZS1011,894.0,905.75,891.0,903.0,3300.0,,大豆1011,27507.0,903.0,903.0
2009-09-23,ZS1011,903.0,904.75,886.5,895.5,5966.0,,大豆1011,28661.0,895.5,895.5
2009-09-24,ZS1011,892.75,904.25,838.0,901.0,4929.0,,大豆1011,30764.0,901.0,901.0
2009-09-25,ZS1011,900.0,910.0,896.0,906.5,2145.0,,大豆1011,31449.0,906.5,906.5
2009-09-28,ZS1011,905.0,910.0,890.5,893.75,1939.0,,大豆1011,31573.0,893.75,893.75
2009-09-29,ZS1011,893.75,902.75,890.0,893.75,2425.0,,大豆1011,31061.0,893.75,893.75
2009-09-30,ZS1011,893.75,907.25,888.0,904.0,2849.0,,大豆1011,30726.0,904.0,904.0
2009-10-01,ZS1011,900.0,910.0,897.0,903.5,3250.0,,大豆1011,31231.0,903.5,903.5
2009-10-02,ZS1011,903.0,905.0,885.0,886.75,11094.0,,大豆1011,31127.0,886.75,886.75
2009-10-05,ZS1011,882.5,898.5,878.0,887.0,7627.0,,大豆1011,32473.0,887.0,887.0
2009-10-06,ZS1011,886.75,917.0,882.0,909.25,9253.0,,大豆1011,34717.0,909.25,909.25
2009-10-07,ZS1011,905.5,916.5,905.0,916.5,7570.0,,大豆1011,36985.0,916.5,916.5
2009-10-08,ZS1011,912.25,940.25,912.25,935.75,9762.0,,大豆1011,38951.0,935.75,935.75
2009-10-09,ZS1011,930.0,950.25,929.25,949.0,13956.0,,大豆1011,41290.0,949.0,949.0
2009-10-12,ZS1011,948.0,982.0,948.0,979.0,8497.0,,大豆1011,44057.0,979.0,979.0
2009-10-13,ZS1011,975.0,992.75,969.0,975.25,7261.0,,大豆1011,43550.0,975.25,975.25
2009-10-14,ZS1011,971.25,983.5,969.0,976.25,3301.0,,大豆1011,43175.0,976.25,976.25
2009-10-15,ZS1011,975.0,980.75,956.0,978.5,6821.0,,大豆1011,43064.0,978.5,978.5
2009-10-16,ZS1011,975.75,986.0,970.75,974.0,3014.0,,大豆1011,42568.0,974.0,974.0
2009-10-19,ZS1011,973.75,990.75,972.25,990.75,4382.0,,大豆1011,42621.0,990.75,990.75
2009-10-20,ZS1011,990.0,993.75,974.0,975.0,3071.0,,大豆1011,43047.0,975.0,975.0
2009-10-21,ZS1011,974.25,996.0,969.75,989.5,7543.0,,大豆1011,43227.0,989.5,989.5
2009-10-22,ZS1011,985.5,991.75,980.0,988.0,5280.0,,大豆1011,44347.0,988.0,988.0
2009-10-23,ZS1011,986.0,1000.0,976.25,981.5,5462.0,,大豆1011,45375.0,981.5,981.5
2009-10-26,ZS1011,982.0,995.0,965.0,967.5,3251.0,,大豆1011,45944.0,967.5,967.5
2009-10-27,ZS1011,965.5,977.0,961.25,963.25,6109.0,,大豆1011,45788.0,963.25,963.25
2009-10-28,ZS1011,963.0,969.75,950.5,956.25,2430.0,,大豆1011,45400.0,956.25,956.25
2009-10-29,ZS1011,953.25,979.5,951.25,974.5,3136.0,,大豆1011,45726.0,974.5,974.5
2009-10-30,ZS1011,974.0,974.5,957.25,962.0,2748.0,,大豆1011,45678.0,962.0,962.0
2009-11-02,ZS1011,955.0,990.0,951.75,981.5,2569.0,,大豆1011,46085.0,981.5,981.5
2009-11-03,ZS1011,981.0,1005.0,971.0,993.0,4445.0,,大豆1011,46430.0,993.0,993.0
2009-11-04,ZS1011,991.75,1002.75,984.75,986.0,3126.0,,大豆1011,47394.0,986.0,986.0
2009-11-05,ZS1011,984.25,986.0,964.75,964.75,3674.0,,大豆1011,47726.0,964.75,964.75
2009-11-06,ZS1011,964.0,975.5,951.5,953.75,3866.0,,大豆1011,46640.0,953.75,953.75
2009-11-09,ZS1011,951.5,978.75,951.0,978.75,5217.0,,大豆1011,46639.0,978.75,978.75
2009-11-10,ZS1011,975.75,984.75,963.0,980.0,8012.0,,大豆1011,47655.0,980.0,980.0
2009-11-11,ZS1011,978.0,996.25,976.25,985.25,3377.0,,大豆1011,47518.0,985.25,985.25
2009-11-12,ZS1011,985.0,1000.0,975.25,999.25,4775.0,,大豆1011,47889.0,999.25,999.25
2009-11-13,ZS1011,996.0,1013.75,992.25,997.25,5008.0,,大豆1011,47887.0,997.25,997.25
2009-11-16,ZS1011,1001.25,1015.75,999.5,1015.75,2418.0,,大豆1011,48754.0,1015.75,1015.75
2009-11-17,ZS1011,1014.5,1031.75,1009.0,1030.0,4774.0,,大豆1011,49194.0,1030.0,1030.0
2009-11-18,ZS1011,1025.0,1043.75,1018.0,1019.5,8925.0,,大豆1011,50983.0,1019.5,1019.5
2009-11-19,ZS1011,1018.75,1032.0,1010.0,1021.5,11890.0,,大豆1011,52701.0,1021.5,1021.5
2009-11-20,ZS1011,1020.0,1029.25,1013.25,1022.5,4909.0,,大豆1011,55033.0,1022.5,1022.5
2009-11-23,ZS1011,1022.0,1040.25,1020.0,1026.0,6389.0,,大豆1011,55630.0,1026.0,1026.0
2009-11-24,ZS1011,1024.75,1036.0,1017.0,1036.0,8041.0,,大豆1011,56166.0,1036.0,1036.0
2009-11-25,ZS1011,1034.75,1049.75,1029.5,1049.75,5955.0,,大豆1011,55194.0,1049.75,1049.75
2009-11-27,ZS1011,1034.5,1047.75,1019.0,1047.75,4975.0,,大豆1011,55135.0,1047.75,1047.75
2009-11-30,ZS1011,1046.0,1055.0,1040.0,1052.0,7507.0,,大豆1011,55667.0,1052.0,1052.0
2009-12-01,ZS1011,1047.25,1060.25,1045.0,1048.5,7679.0,,大豆1011,57126.0,1048.5,1048.5
2009-12-02,ZS1011,1046.5,1050.0,1027.25,1031.5,6940.0,,大豆1011,58622.0,1031.5,1031.5
2009-12-03,ZS1011,1030.25,1048.0,1030.0,1047.0,6272.0,,大豆1011,58877.0,1047.0,1047.0
2009-12-04,ZS1011,1042.5,1050.0,1029.75,1041.5,6782.0,,大豆1011,59757.0,1041.5,1041.5
2009-12-07,ZS1011,1042.0,1058.0,1038.0,1046.5,9637.0,,大豆1011,61209.0,1046.5,1046.5
2009-12-08,ZS1011,1045.25,1055.0,1031.5,1037.0,6668.0,,大豆1011,62726.0,1037.0,1037.0
2009-12-09,ZS1011,1035.0,1040.25,1012.0,1020.0,6441.0,,大豆1011,63817.0,1020.0,1020.0
2009-12-10,ZS1011,1020.0,1023.25,1011.0,1019.5,7628.0,,大豆1011,64259.0,1019.5,1019.5
2009-12-11,ZS1011,1018.75,1030.0,1009.25,1018.0,5881.0,,大豆1011,65435.0,1018.0,1018.0
2009-12-14,ZS1011,1017.0,1032.75,1007.25,1028.25,6800.0,,大豆1011,67401.0,1028.25,1028.25
2009-12-15,ZS1011,1029.0,1032.0,1017.5,1022.0,14551.0,,大豆1011,66873.0,1022.0,1022.0
2009-12-16,ZS1011,1020.25,1033.5,1020.0,1029.5,8190.0,,大豆1011,70848.0,1029.5,1029.5
2009-12-17,ZS1011,1027.0,1032.75,992.0,999.0,10369.0,,大豆1011,70502.0,999.0,999.0
2009-12-18,ZS1011,997.25,1006.75,986.0,993.5,9166.0,,大豆1011,67476.0,993.5,993.5
2009-12-21,ZS1011,993.0,999.0,978.5,981.5,3267.0,,大豆1011,66103.0,981.5,981.5
2009-12-22,ZS1011,980.0,988.5,968.0,974.0,5997.0,,大豆1011,66236.0,974.0,974.0
2009-12-23,ZS1011,975.0,988.0,974.0,986.5,5851.0,,大豆1011,64979.0,986.5,986.5
2009-12-24,ZS1011,985.25,995.0,985.25,989.25,1447.0,,大豆1011,64445.0,989.25,989.25
2009-12-28,ZS1011,989.5,1013.75,988.0,1010.0,3883.0,,大豆1011,64341.0,1010.0,1010.0
2009-12-29,ZS1011,1008.0,1019.5,1002.0,1018.0,3203.0,,大豆1011,64295.0,1018.0,1018.0
2009-12-30,ZS1011,1015.0,1017.75,1005.0,1015.0,3048.0,,大豆1011,64935.0,1015.0,1015.0
2009-12-31,ZS1011,1013.25,1028.0,1011.0,1014.25,5416.0,,大豆1011,65427.0,1014.25,1014.25
2010-01-04,ZS1011,1017.0,1035.5,1013.25,1020.0,7040.0,,大豆1011,67273.0,1020.0,1020.0
2010-01-05,ZS1011,1018.0,1024.5,1014.25,1023.0,5408.0,,大豆1011,68390.0,1023.0,1023.0
2010-01-06,ZS1011,1020.0,1027.0,1018.5,1024.75,7829.0,,大豆1011,69690.0,1024.75,1024.75
2010-01-07,ZS1011,1022.0,1025.0,998.0,999.75,10434.0,,大豆1011,71019.0,999.75,999.75
2010-01-08,ZS1011,998.5,1001.0,990.5,999.0,8892.0,,大豆1011,71751.0,999.0,999.0
2010-01-11,ZS1011,999.25,1007.25,985.75,990.25,7287.0,,大豆1011,72568.0,990.25,990.25
2010-01-12,ZS1011,987.0,993.0,955.0,965.0,19085.0,,大豆1011,74060.0,965.0,965.0
2010-01-13,ZS1011,963.0,975.25,958.5,974.5,13140.0,,大豆1011,77089.0,974.5,974.5
2010-01-14,ZS1011,975.0,975.0,953.5,959.5,10673.0,,大豆1011,78949.0,959.5,959.5
2010-01-15,ZS1011,958.75,962.0,941.0,942.25,19708.0,,大豆1011,79050.0,942.25,942.25
2010-01-19,ZS1011,941.5,949.5,933.75,939.25,12236.0,,大豆1011,80557.0,939.25,939.25
2010-01-20,ZS1011,938.0,945.5,922.0,928.5,12533.0,,大豆1011,80856.0,928.5,928.5
2010-01-21,ZS1011,927.5,936.5,927.0,934.0,9389.0,,大豆1011,81222.0,934.0,934.0
2010-01-22,ZS1011,933.5,936.0,926.0,933.25,8099.0,,大豆1011,80655.0,933.25,933.25
2010-01-25,ZS1011,934.0,938.5,918.5,925.5,8447.0,,大豆1011,81209.0,925.5,925.5
2010-01-26,ZS1011,925.0,935.0,917.0,929.25,9560.0,,大豆1011,81372.0,929.25,929.25
2010-01-27,ZS1011,928.75,929.0,914.0,915.25,10807.0,,大豆1011,83159.0,915.25,915.25
2010-01-28,ZS1011,915.25,926.75,913.25,922.25,17238.0,,大豆1011,83987.0,922.25,922.25
2010-01-29,ZS1011,922.0,927.75,910.0,911.25,14778.0,,大豆1011,84511.0,911.25,911.25
2010-02-01,ZS1011,911.5,920.0,905.75,908.75,11664.0,,大豆1011,85476.0,908.75,908.75
2010-02-02,ZS1011,910.5,928.75,905.25,921.5,11885.0,,大豆1011,86263.0,921.5,921.5
2010-02-03,ZS1011,921.75,930.0,906.0,907.0,12780.0,,大豆1011,88011.0,907.0,907.0
2010-02-04,ZS1011,907.25,914.0,899.5,910.0,13506.0,,大豆1011,89539.0,910.0,910.0
2010-02-05,ZS1011,910.0,915.5,900.75,903.5,12727.0,,大豆1011,91005.0,903.5,903.5
2010-02-08,ZS1011,908.0,919.25,908.0,914.5,17634.0,,大豆1011,91180.0,914.5,914.5
2010-02-09,ZS1011,914.0,926.0,905.0,912.5,15592.0,,大豆1011,94304.0,912.5,912.5
2010-02-10,ZS1011,913.0,918.0,904.25,915.5,14484.0,,大豆1011,96767.0,915.5,915.5
2010-02-11,ZS1011,915.0,926.0,912.25,922.5,14336.0,,大豆1011,99023.0,922.5,922.5
2010-02-12,ZS1011,922.0,923.75,910.0,922.0,12685.0,,大豆1011,99519.0,922.0,922.0
2010-02-16,ZS1011,922.75,941.0,921.5,941.0,14258.0,,大豆1011,99853.0,941.0,941.0
2010-02-17,ZS1011,939.75,940.25,928.25,931.75,7149.0,,大豆1011,100276.0,931.75,931.75
2010-02-18,ZS1011,933.25,939.0,925.0,931.25,12000.0,,大豆1011,101110.0,931.25,931.25
2010-02-19,ZS1011,922.0,931.0,917.0,926.0,7767.0,,大豆1011,102246.0,926.0,926.0
2010-02-22,ZS1011,926.0,939.0,924.25,935.75,8563.0,,大豆1011,102354.0,935.75,935.75
2010-02-23,ZS1011,932.5,945.75,926.0,927.25,15620.0,,大豆1011,102626.0,927.25,927.25
2010-02-24,ZS1011,927.0,937.25,925.25,934.75,10695.0,,大豆1011,104015.0,934.75,934.75
2010-02-25,ZS1011,933.25,936.25,920.0,929.5,11825.0,,大豆1011,103869.0,929.5,929.5
2010-02-26,ZS1011,929.0,943.0,927.5,941.0,12308.0,,大豆1011,103643.0,941.0,941.0
2010-03-01,ZS1011,942.0,945.25,934.25,942.5,10595.0,,大豆1011,104774.0,942.5,942.5
2010-03-02,ZS1011,942.0,945.5,937.5,938.75,11269.0,,大豆1011,108154.0,938.75,938.75
2010-03-03,ZS1011,938.5,948.5,938.25,942.5,16218.0,,大豆1011,109952.0,942.5,942.5
2010-03-04,ZS1011,942.0,942.0,922.5,925.0,18054.0,,大豆1011,109085.0,925.0,925.0
2010-03-05,ZS1011,925.75,931.0,918.0,925.0,19383.0,,大豆1011,108117.0,925.0,925.0
2010-03-08,ZS1011,926.0,933.0,922.5,931.0,9878.0,,大豆1011,111434.0,931.0,931.0
2010-03-09,ZS1011,929.25,931.0,920.0,927.5,16240.0,,大豆1011,111481.0,927.5,927.5
2010-03-10,ZS1011,925.0,938.0,919.25,935.25,20378.0,,大豆1011,110394.0,935.25,935.25
2010-03-11,ZS1011,934.5,937.5,914.75,916.5,24443.0,,大豆1011,113277.0,916.5,916.5
2010-03-12,ZS1011,917.5,922.25,910.0,914.0,17743.0,,大豆1011,114807.0,914.0,914.0
2010-03-15,ZS1011,914.0,917.75,910.0,914.0,11892.0,,大豆1011,115543.0,914.0,914.0
2010-03-16,ZS1011,914.0,929.25,912.5,926.0,9323.0,,大豆1011,115287.0,926.0,926.0
2010-03-17,ZS1011,926.0,943.25,922.0,940.5,12621.0,,大豆1011,115010.0,940.5,940.5
2010-03-18,ZS1011,939.0,943.0,930.0,940.0,13030.0,,大豆1011,114998.0,940.0,940.0
2010-03-19,ZS1011,938.75,943.0,933.75,942.0,8603.0,,大豆1011,116277.0,942.0,942.0
2010-03-22,ZS1011,940.0,949.25,935.5,945.75,21699.0,,大豆1011,116351.0,945.75,945.75
2010-03-23,ZS1011,943.0,946.75,933.75,936.0,21782.0,,大豆1011,116220.0,936.0,936.0
2010-03-24,ZS1011,935.0,936.0,922.5,927.25,20946.0,,大豆1011,115462.0,927.25,927.25
2010-03-25,ZS1011,925.5,930.25,913.0,913.0,18614.0,,大豆1011,114513.0,913.0,913.0
2010-03-26,ZS1011,913.0,922.0,912.5,918.0,16002.0,,大豆1011,115604.0,918.0,918.0
2010-03-29,ZS1011,917.0,935.0,916.0,925.5,20634.0,,大豆1011,116552.0,925.5,925.5
2010-03-30,ZS1011,925.0,930.75,918.25,926.5,22981.0,,大豆1011,117630.0,926.5,926.5
2010-03-31,ZS1011,925.75,930.0,906.0,918.0,39164.0,,大豆1011,116426.0,918.0,918.0
2010-04-01,ZS1011,916.75,925.75,914.0,925.75,14876.0,,大豆1011,118366.0,925.75,925.75
2010-04-05,ZS1011,925.0,928.25,917.0,922.25,14613.0,,大豆1011,119102.0,922.25,922.25
2010-04-06,ZS1011,922.0,932.0,918.75,931.75,16985.0,,大豆1011,121424.0,931.75,931.75
2010-04-07,ZS1011,928.75,942.5,926.0,941.25,24414.0,,大豆1011,123854.0,941.25,941.25
2010-04-08,ZS1011,938.5,941.75,934.25,937.5,21758.0,,大豆1011,126059.0,937.5,937.5
2010-04-09,ZS1011,935.25,944.5,930.0,936.5,31846.0,,大豆1011,129476.0,936.5,936.5
2010-04-12,ZS1011,935.5,943.75,929.5,935.0,31911.0,,大豆1011,133212.0,935.0,935.0
2010-04-13,ZS1011,933.25,945.0,930.0,945.0,30820.0,,大豆1011,137950.0,945.0,945.0
2010-04-14,ZS1011,943.0,948.0,938.5,946.25,28175.0,,大豆1011,141407.0,946.25,946.25
2010-04-15,ZS1011,945.0,962.5,941.5,961.0,25263.0,,大豆1011,145507.0,961.0,961.0
2010-04-16,ZS1011,958.75,968.0,956.75,965.5,22666.0,,大豆1011,147546.0,965.5,965.5
2010-04-19,ZS1011,962.5,967.0,951.0,956.0,18144.0,,大豆1011,150359.0,956.0,956.0
2010-04-20,ZS1011,955.0,966.5,955.0,963.25,14205.0,,大豆1011,150473.0,963.25,963.25
2010-04-21,ZS1011,963.0,987.0,962.25,977.0,33535.0,,大豆1011,150783.0,977.0,977.0
2010-04-22,ZS1011,975.0,985.0,972.25,985.0,21109.0,,大豆1011,151687.0,985.0,985.0
2010-04-23,ZS1011,982.0,985.0,975.0,979.0,16757.0,,大豆1011,153327.0,979.0,979.0
2010-04-26,ZS1011,975.0,986.0,973.0,977.5,14621.0,,大豆1011,153327.0,977.5,977.5
2010-04-27,ZS1011,974.0,979.0,957.25,961.75,25862.0,,大豆1011,155138.0,961.75,961.75
2010-04-28,ZS1011,961.0,974.0,957.0,965.5,22712.0,,大豆1011,156481.0,965.5,965.5
2010-04-29,ZS1011,964.25,979.5,964.25,970.5,17952.0,,大豆1011,156685.0,970.5,970.5
2010-04-30,ZS1011,969.0,978.0,966.25,975.75,16208.0,,大豆1011,156621.0,975.75,975.75
2010-05-03,ZS1011,975.75,979.0,964.0,966.5,16016.0,,大豆1011,158182.0,966.5,966.5
2010-05-04,ZS1011,965.75,969.25,954.0,963.0,20189.0,,大豆1011,156998.0,963.0,963.0
2010-05-05,ZS1011,961.75,969.0,951.5,955.5,13980.0,,大豆1011,160116.0,955.5,955.5
2010-05-06,ZS1011,955.5,959.75,924.0,928.75,24890.0,,大豆1011,159231.0,928.75,928.75
2010-05-07,ZS1011,928.75,938.25,921.0,934.25,17263.0,,大豆1011,161045.0,934.25,934.25
2010-05-10,ZS1011,938.0,942.0,933.25,934.75,11540.0,,大豆1011,158201.0,934.75,934.75
2010-05-11,ZS1011,934.75,940.25,927.25,937.5,19101.0,,大豆1011,157113.0,937.5,937.5
2010-05-12,ZS1011,936.5,946.5,930.5,937.5,21935.0,,大豆1011,157968.0,937.5,937.5
2010-05-13,ZS1011,936.75,940.0,931.5,935.25,13552.0,,大豆1011,158619.0,935.25,935.25
2010-05-14,ZS1011,934.0,936.0,921.0,926.25,17128.0,,大豆1011,157046.0,926.25,926.25
2010-05-17,ZS1011,927.0,927.25,911.75,916.5,20294.0,,大豆1011,158300.0,916.5,916.5
2010-05-18,ZS1011,917.75,924.75,911.75,913.5,18438.0,,大豆1011,155822.0,913.5,913.5
2010-05-19,ZS1011,912.25,917.0,902.75,905.75,33188.0,,大豆1011,155211.0,905.75,905.75
2010-05-20,ZS1011,907.5,915.0,893.0,908.0,36857.0,,大豆1011,157740.0,908.0,908.0
2010-05-21,ZS1011,907.5,916.5,904.25,907.5,18657.0,,大豆1011,157861.0,907.5,907.5
2010-05-24,ZS1011,908.0,922.0,908.0,915.5,30716.0,,大豆1011,156575.0,915.5,915.5
2010-05-25,ZS1011,914.5,915.5,900.0,903.0,25909.0,,大豆1011,156775.0,903.0,903.0
2010-05-26,ZS1011,906.0,912.5,905.0,910.0,22666.0,,大豆1011,157826.0,910.0,910.0
2010-05-27,ZS1011,907.25,921.25,906.0,918.75,27016.0,,大豆1011,157716.0,918.75,918.75
2010-05-28,ZS1011,917.75,921.75,906.25,907.75,27719.0,,大豆1011,160120.0,907.75,907.75
2010-06-01,ZS1011,911.25,912.75,899.25,902.75,26703.0,,大豆1011,162395.0,902.75,902.75
2010-06-02,ZS1011,902.0,908.0,901.0,903.5,26996.0,,大豆1011,163305.0,903.5,903.5
2010-06-03,ZS1011,904.5,922.0,904.25,919.75,40993.0,,大豆1011,166065.0,919.75,919.75
2010-06-04,ZS1011,919.25,921.0,895.25,900.0,38020.0,,大豆1011,172630.0,900.0,900.0
2010-06-07,ZS1011,899.5,901.5,893.25,900.0,47989.0,,大豆1011,175264.0,900.0,900.0
2010-06-08,ZS1011,897.0,900.75,887.0,894.25,51390.0,,大豆1011,183874.0,894.25,894.25
2010-06-09,ZS1011,891.0,904.0,886.75,896.5,66269.0,,大豆1011,191634.0,896.5,896.5
2010-06-10,ZS1011,895.75,906.0,890.0,894.75,57033.0,,大豆1011,197129.0,894.75,894.75
2010-06-11,ZS1011,894.5,910.75,891.75,909.25,37968.0,,大豆1011,209852.0,909.25,909.25
2010-06-14,ZS1011,909.25,922.0,908.0,916.25,42118.0,,大豆1011,216506.0,916.25,916.25
2010-06-15,ZS1011,913.0,926.25,912.25,915.5,34482.0,,大豆1011,222296.0,915.5,915.5
2010-06-16,ZS1011,915.5,926.0,914.75,924.5,38211.0,,大豆1011,225894.0,924.5,924.5
2010-06-17,ZS1011,923.75,931.0,920.0,925.0,48984.0,,大豆1011,228273.0,925.0,925.0
2010-06-18,ZS1011,927.0,935.0,925.0,930.5,50793.0,,大豆1011,229989.0,930.5,930.5
2010-06-21,ZS1011,934.75,947.25,933.0,939.0,60128.0,,大豆1011,232736.0,939.0,939.0
2010-06-22,ZS1011,938.0,941.75,933.5,936.0,46706.0,,大豆1011,237854.0,936.0,936.0
2010-06-23,ZS1011,934.5,935.75,921.0,923.5,56165.0,,大豆1011,240104.0,923.5,923.5
2010-06-24,ZS1011,922.5,927.75,910.75,912.0,66114.0,,大豆1011,246816.0,912.0,912.0
2010-06-25,ZS1011,913.0,919.75,911.5,912.0,44579.0,,大豆1011,255251.0,912.0,912.0
2010-06-28,ZS1011,912.75,927.5,908.25,918.5,67358.0,,大豆1011,256658.0,918.5,918.5
2010-06-29,ZS1011,921.0,924.0,906.75,912.0,70936.0,,大豆1011,263396.0,912.0,912.0
2010-06-30,ZS1011,910.25,928.5,898.25,902.5,86974.0,,大豆1011,261277.0,902.5,902.5
2010-07-01,ZS1011,904.5,909.0,894.0,905.5,59563.0,,大豆1011,268039.0,905.5,905.5
2010-07-02,ZS1011,904.0,912.5,903.0,905.75,44614.0,,大豆1011,268287.0,905.75,905.75
2010-07-06,ZS1011,902.75,920.0,899.25,900.0,57385.0,,大豆1011,269146.0,900.0,900.0
2010-07-07,ZS1011,900.75,935.75,900.75,932.5,82416.0,,大豆1011,273671.0,932.5,932.5
2010-07-08,ZS1011,932.5,956.25,927.5,946.0,94034.0,,大豆1011,271274.0,946.0,946.0
2010-07-09,ZS1011,943.25,958.75,939.75,953.25,76646.0,,大豆1011,270936.0,953.25,953.25
2010-07-12,ZS1011,950.0,960.75,945.0,951.0,82147.0,,大豆1011,268702.0,951.0,951.0
2010-07-13,ZS1011,948.5,962.5,946.5,954.5,80311.0,,大豆1011,274455.0,954.5,954.5
2010-07-14,ZS1011,953.75,967.0,952.75,962.0,67332.0,,大豆1011,275353.0,962.0,962.0
2010-07-15,ZS1011,960.25,989.75,959.75,988.0,108273.0,,大豆1011,276893.0,988.0,988.0
2010-07-16,ZS1011,986.75,992.75,978.25,985.0,78204.0,,大豆1011,280509.0,985.0,985.0
2010-07-19,ZS1011,973.25,986.75,967.25,972.0,79888.0,,大豆1011,283537.0,972.0,972.0
2010-07-20,ZS1011,970.0,976.25,962.75,973.0,60988.0,,大豆1011,286973.0,973.0,973.0
2010-07-21,ZS1011,973.0,983.0,969.0,978.5,56643.0,,大豆1011,290361.0,978.5,978.5
2010-07-22,ZS1011,977.5,991.0,972.25,979.5,62439.0,,大豆1011,289472.0,979.5,979.5
2010-07-23,ZS1011,978.0,986.75,975.75,981.5,47106.0,,大豆1011,289216.0,981.5,981.5
2010-07-26,ZS1011,977.5,981.75,961.0,966.0,62763.0,,大豆1011,289994.0,966.0,966.0
2010-07-27,ZS1011,965.75,973.25,962.25,965.5,50275.0,,大豆1011,294203.0,965.5,965.5
2010-07-28,ZS1011,965.25,982.5,965.0,978.0,61526.0,,大豆1011,295918.0,978.0,978.0
2010-07-29,ZS1011,979.0,990.25,978.5,988.0,65082.0,,大豆1011,300139.0,988.0,988.0
2010-07-30,ZS1011,987.75,1007.0,987.5,1005.0,80363.0,,大豆1011,304936.0,1005.0,1005.0
2010-08-02,ZS1011,1003.0,1029.5,1001.25,1010.0,86582.0,,大豆1011,313869.0,1010.0,1010.0
2010-08-03,ZS1011,1008.0,1018.5,997.75,1018.0,77764.0,,大豆1011,317897.0,1018.0,1018.0
2010-08-04,ZS1011,1016.0,1029.5,1012.75,1024.25,77956.0,,大豆1011,317835.0,1024.25,1024.25
2010-08-05,ZS1011,1023.25,1049.0,1011.0,1029.0,109102.0,,大豆1011,317846.0,1029.0,1029.0
2010-08-06,ZS1011,1025.75,1035.25,1019.5,1033.5,88933.0,,大豆1011,319395.0,1033.5,1033.5
2010-08-09,ZS1011,1031.0,1044.75,1029.5,1035.0,65624.0,,大豆1011,319704.0,1035.0,1035.0
2010-08-10,ZS1011,1034.25,1034.75,1020.5,1022.0,69840.0,,大豆1011,317381.0,1022.0,1022.0
2010-08-11,ZS1011,1021.0,1029.0,1013.75,1015.5,60148.0,,大豆1011,317686.0,1015.5,1015.5
2010-08-12,ZS1011,1015.0,1038.0,1011.5,1028.5,85049.0,,大豆1011,315225.0,1028.5,1028.5
2010-08-13,ZS1011,1029.0,1044.75,1028.75,1044.0,64005.0,,大豆1011,312077.0,1044.0,1044.0
2010-08-16,ZS1011,1041.75,1048.5,1028.25,1031.5,67834.0,,大豆1011,310355.0,1031.5,1031.5
2010-08-17,ZS1011,1027.5,1044.25,1027.5,1042.0,54205.0,,大豆1011,312434.0,1042.0,1042.0
2010-08-18,ZS1011,1041.0,1046.75,1023.5,1030.75,70933.0,,大豆1011,314318.0,1030.75,1030.75
2010-08-19,ZS1011,1031.0,1039.25,1006.75,1012.25,84499.0,,大豆1011,317201.0,1012.25,1012.25
2010-08-20,ZS1011,1013.0,1015.0,1000.5,1004.0,57391.0,,大豆1011,311277.0,1004.0,1004.0
2010-08-23,ZS1011,1004.0,1010.75,998.5,1005.5,51705.0,,大豆1011,310170.0,1005.5,1005.5
2010-08-24,ZS1011,1005.5,1008.25,993.75,999.0,59756.0,,大豆1011,309301.0,999.0,999.0
2010-08-25,ZS1011,999.5,1005.75,993.5,999.0,50460.0,,大豆1011,308667.0,999.0,999.0
2010-08-26,ZS1011,1000.75,1016.0,1000.25,1014.5,57961.0,,大豆1011,308522.0,1014.5,1014.5
2010-08-27,ZS1011,1015.5,1029.5,1014.0,1026.0,59400.0,,大豆1011,307835.0,1026.0,1026.0
2010-08-30,ZS1011,1030.0,1034.0,1020.5,1022.5,53577.0,,大豆1011,305171.0,1022.5,1022.5
2010-08-31,ZS1011,1019.0,1027.0,1006.75,1010.0,73228.0,,大豆1011,305991.0,1010.0,1010.0
2010-09-01,ZS1011,1009.25,1017.5,1004.0,1005.5,64174.0,,大豆1011,304142.0,1005.5,1005.5
2010-09-02,ZS1011,1007.25,1010.5,1000.75,1009.0,56500.0,,大豆1011,302817.0,1009.0,1009.0
2010-09-03,ZS1011,1010.0,1041.25,1009.0,1035.0,87624.0,,大豆1011,296670.0,1035.0,1035.0
2010-09-07,ZS1011,1035.0,1053.5,1028.75,1052.0,76854.0,,大豆1011,302495.0,1052.0,1052.0
2010-09-08,ZS1011,1050.5,1057.0,1045.0,1048.75,67730.0,,大豆1011,306918.0,1048.75,1048.75
2010-09-09,ZS1011,1050.0,1053.0,1033.75,1046.0,53623.0,,大豆1011,305756.0,1046.0,1046.0
2010-09-10,ZS1011,1045.0,1047.5,1030.0,1031.0,71011.0,,大豆1011,307946.0,1031.0,1031.0
2010-09-13,ZS1011,1030.75,1041.0,1022.75,1034.5,58826.0,,大豆1011,306022.0,1034.5,1034.5
2010-09-14,ZS1011,1034.5,1042.25,1025.0,1035.5,70449.0,,大豆1011,303113.0,1035.5,1035.5
2010-09-15,ZS1011,1035.0,1045.0,1034.25,1042.5,57366.0,,大豆1011,301171.0,1042.5,1042.5
2010-09-16,ZS1011,1043.0,1046.5,1033.0,1036.25,53363.0,,大豆1011,297046.0,1036.25,1036.25
2010-09-17,ZS1011,1036.75,1072.0,1036.75,1069.0,108646.0,,大豆1011,295286.0,1069.0,1069.0
2010-09-20,ZS1011,1069.0,1099.5,1068.25,1084.5,110021.0,,大豆1011,302912.0,1084.5,1084.5
2010-09-21,ZS1011,1083.75,1093.75,1079.0,1080.0,81122.0,,大豆1011,297797.0,1080.0,1080.0
2010-09-22,ZS1011,1080.0,1092.75,1079.5,1088.5,68667.0,,大豆1011,299556.0,1088.5,1088.5
2010-09-23,ZS1011,1091.0,1098.25,1079.5,1093.5,77455.0,,大豆1011,297721.0,1093.5,1093.5
2010-09-24,ZS1011,1093.0,1128.25,1090.0,1126.0,114040.0,,大豆1011,302406.0,1126.0,1126.0
2010-09-27,ZS1011,1126.0,1144.0,1122.0,1128.5,99884.0,,大豆1011,301415.0,1128.5,1128.5
2010-09-28,ZS1011,1127.0,1135.5,1105.5,1110.0,81866.0,,大豆1011,298435.0,1110.0,1110.0
2010-09-29,ZS1011,1108.0,1110.25,1083.5,1099.0,104152.0,,大豆1011,300827.0,1099.0,1099.0
2010-09-30,ZS1011,1098.75,1109.75,1082.25,1106.75,105038.0,,大豆1011,300679.0,1106.75,1106.75
2010-10-01,ZS1011,1105.5,1106.5,1053.5,1057.0,157685.0,,大豆1011,298604.0,1057.0,1057.0
2010-10-04,ZS1011,1055.0,1061.5,1042.0,1054.0,114014.0,,大豆1011,288270.0,1054.0,1054.0
2010-10-05,ZS1011,1053.75,1077.75,1049.75,1071.75,96050.0,,大豆1011,280335.0,1071.75,1071.75
2010-10-06,ZS1011,1070.0,1075.25,1061.5,1062.0,68872.0,,大豆1011,270986.0,1062.0,1062.0
2010-10-07,ZS1011,1061.75,1074.5,1061.0,1065.0,106692.0,,大豆1011,265081.0,1065.0,1065.0
2010-10-08,ZS1011,1064.0,1135.0,1062.0,1135.0,51463.0,,大豆1011,250564.0,1135.0,1135.0
2010-10-11,ZS1011,1155.0,1188.75,1150.75,1152.5,205363.0,,大豆1011,242930.0,1152.5,1152.5
2010-10-12,ZS1011,1154.0,1185.75,1154.0,1178.5,140947.0,,大豆1011,224493.0,1178.5,1178.5
2010-10-13,ZS1011,1177.5,1194.5,1172.0,1176.5,153311.0,,大豆1011,209133.0,1176.5,1176.5
2010-10-14,ZS1011,1176.5,1194.5,1176.0,1188.5,115964.0,,大豆1011,195353.0,1188.5,1188.5
2010-10-15,ZS1011,1189.0,1204.25,1180.0,1185.0,98889.0,,大豆1011,186132.0,1185.0,1185.0
2010-10-18,ZS1011,1182.0,1188.0,1175.0,1184.0,109141.0,,大豆1011,179329.0,1184.0,1184.0
2010-10-19,ZS1011,1184.25,1195.0,1165.5,1180.0,122594.0,,大豆1011,169505.0,1180.0,1180.0
2010-10-20,ZS1011,1178.0,1214.0,1173.75,1212.0,129209.0,,大豆1011,160790.0,1212.0,1212.0
2010-10-21,ZS1011,1212.0,1223.5,1201.5,1201.5,118179.0,,大豆1011,147233.0,1201.5,1201.5
2010-10-22,ZS1011,1203.0,1212.5,1197.0,1199.5,109086.0,,大豆1011,139748.0,1199.5,1199.5
2010-10-25,ZS1011,1202.5,1223.5,1199.0,1217.75,123174.0,,大豆1011,104203.0,1217.75,1217.75
2010-10-26,ZS1011,1217.0,1224.0,1208.5,1219.0,97377.0,,大豆1011,87242.0,1219.0,1219.0
2010-10-27,ZS1011,1221.75,1229.0,1199.0,1223.75,98133.0,,大豆1011,64967.0,1223.75,1223.75
2010-10-28,ZS1011,1222.75,1236.75,1218.0,1225.0,87273.0,,大豆1011,45157.0,1225.0,1225.0
2010-10-29,ZS1011,1224.25,1227.0,1214.25,1226.0,33956.0,,大豆1011,29594.0,1226.0,1226.0
2010-11-01,ZS1011,1230.25,1236.5,1218.5,1225.25,18885.0,,大豆1011,20521.0,1225.25,1225.25
2010-11-02,ZS1011,1225.25,1232.5,1220.75,1223.75,14956.0,,大豆1011,15141.0,1223.75,1223.75
2010-11-03,ZS1011,1225.25,1230.0,1212.5,1227.5,7493.0,,大豆1011,11811.0,1227.5,1227.5
2010-11-04,ZS1011,1230.5,1268.0,1229.0,1264.75,6964.0,,大豆1011,9514.0,1264.75,1264.75
2010-11-05,ZS1011,1264.75,1277.0,1261.0,1273.5,6964.0,,大豆1011,6990.0,1273.5,1273.5
2010-11-08,ZS1011,1273.75,1278.5,1263.75,1264.5,3870.0,,大豆1011,6970.0,1264.5,1264.5
2010-11-09,ZS1011,1263.5,1335.0,1262.0,1319.25,5980.0,,大豆1011,5382.0,1319.25,1319.25
2010-11-10,ZS1011,1315.25,1319.5,1305.0,1309.5,4055.0,,大豆1011,3339.0,1309.5,1309.5
2010-11-11,ZS1011,1311.75,1332.5,1309.0,1330.25,1540.0,,大豆1011,1890.0,1330.25,1330.25
2010-11-12,ZS1011,1335.0,1337.75,1259.0,1263.0,876.0,,大豆1011,1039.0,1263.0,1263.0
