date,symbol,open,high,low,close,volume,amount,name,openinterest,settleprice,price
2005-07-15,ZW0609,377.0,381.0,376.0,380.0,5.0,,小麦0609,,380.0,380.0
2005-07-18,ZW0609,378.0,383.0,376.0,383.0,18.0,,小麦0609,5.0,383.0,383.0
2005-07-19,ZW0609,380.0,380.0,372.0,373.0,10.0,,小麦0609,21.0,373.0,373.0
2005-07-20,ZW0609,,,,372.0,1.0,,小麦0609,30.0,372.0,372.0
2005-07-21,ZW0609,,,,365.5,,,小麦0609,30.0,365.5,365.5
2005-07-22,ZW0609,367.0,371.0,366.0,371.0,13.0,,小麦0609,30.0,371.0,371.0
2005-07-25,ZW0609,,,,367.0,,,小麦0609,43.0,367.0,367.0
2005-07-26,ZW0609,370.0,372.0,366.0,370.0,4.0,,小麦0609,43.0,370.0,370.0
2005-07-27,ZW0609,,,,370.0,,,小麦0609,47.0,370.0,370.0
2005-07-28,ZW0609,370.0,373.0,370.0,372.0,12.0,,小麦0609,47.0,372.0,372.0
2005-07-29,ZW0609,372.0,372.0,367.5,367.5,2.0,,小麦0609,59.0,367.5,367.5
2005-08-01,ZW0609,,,,371.0,,,小麦0609,61.0,371.0,371.0
2005-08-02,ZW0609,374.0,375.5,373.0,374.5,26.0,,小麦0609,61.0,374.5,374.5
2005-08-03,ZW0609,,,,369.0,,,小麦0609,61.0,369.0,369.0
2005-08-04,ZW0609,369.0,369.0,367.5,367.5,20.0,,小麦0609,61.0,367.5,367.5
2005-08-05,ZW0609,363.0,364.5,359.0,361.0,20.0,,小麦0609,81.0,361.0,361.0
2005-08-08,ZW0609,,,,365.0,1.0,,小麦0609,83.0,365.0,365.0
2005-08-09,ZW0609,363.0,364.0,362.0,363.0,10.0,,小麦0609,83.0,363.0,363.0
2005-08-10,ZW0609,,,,364.0,,,小麦0609,93.0,364.0,364.0
2005-08-11,ZW0609,365.0,368.0,365.0,368.0,1.0,,小麦0609,93.0,368.0,368.0
2005-08-12,ZW0609,,,,362.0,,,小麦0609,94.0,362.0,362.0
2005-08-15,ZW0609,360.0,360.0,356.0,356.5,13.0,,小麦0609,94.0,356.5,356.5
2005-08-16,ZW0609,359.0,359.0,351.0,351.0,30.0,,小麦0609,105.0,351.0,351.0
2005-08-17,ZW0609,350.0,354.5,350.0,354.5,2.0,,小麦0609,135.0,354.5,354.5
2005-08-18,ZW0609,,,,359.0,,,小麦0609,137.0,359.0,359.0
2005-08-19,ZW0609,361.5,363.5,360.0,363.5,5.0,,小麦0609,137.0,363.5,363.5
2005-08-22,ZW0609,363.5,363.5,358.0,360.5,15.0,,小麦0609,142.0,360.5,360.5
2005-08-23,ZW0609,360.5,361.0,358.5,358.5,14.0,,小麦0609,157.0,358.5,358.5
2005-08-24,ZW0609,,,,355.0,,,小麦0609,170.0,355.0,355.0
2005-08-25,ZW0609,355.0,358.0,355.0,358.0,10.0,,小麦0609,170.0,358.0,358.0
2005-08-26,ZW0609,,,,356.0,,,小麦0609,180.0,356.0,356.0
2005-08-29,ZW0609,,,,354.75,,,小麦0609,180.0,354.75,354.75
2005-08-30,ZW0609,355.0,355.0,353.5,354.0,4.0,,小麦0609,180.0,354.0,354.0
2005-08-31,ZW0609,348.0,350.0,348.0,350.0,10.0,,小麦0609,181.0,350.0,350.0
2005-09-01,ZW0609,350.0,354.0,350.0,354.0,6.0,,小麦0609,181.0,354.0,354.0
2005-09-02,ZW0609,349.0,352.0,349.0,351.0,7.0,,小麦0609,186.0,351.0,351.0
2005-09-06,ZW0609,352.5,354.0,352.0,352.0,67.0,,小麦0609,190.0,352.0,352.0
2005-09-07,ZW0609,350.0,350.0,348.5,349.0,7.0,,小麦0609,143.0,349.0,349.0
2005-09-08,ZW0609,353.0,353.5,351.0,353.0,51.0,,小麦0609,144.0,353.0,353.0
2005-09-09,ZW0609,355.5,356.0,355.0,355.5,58.0,,小麦0609,195.0,355.5,355.5
2005-09-12,ZW0609,355.5,357.0,355.5,356.0,14.0,,小麦0609,202.0,356.0,356.0
2005-09-13,ZW0609,353.5,360.0,353.5,360.0,34.0,,小麦0609,212.0,360.0,360.0
2005-09-14,ZW0609,360.0,360.5,355.0,359.5,20.0,,小麦0609,234.0,359.5,359.5
2005-09-15,ZW0609,355.0,356.5,353.0,356.5,55.0,,小麦0609,247.0,356.5,356.5
2005-09-16,ZW0609,356.0,359.0,355.0,356.5,46.0,,小麦0609,252.0,356.5,356.5
2005-09-19,ZW0609,356.5,356.5,353.0,353.5,31.0,,小麦0609,284.0,353.5,353.5
2005-09-20,ZW0609,354.0,355.0,352.0,355.0,14.0,,小麦0609,287.0,355.0,355.0
2005-09-21,ZW0609,355.0,358.0,353.5,358.0,284.0,,小麦0609,289.0,358.0,358.0
2005-09-22,ZW0609,358.0,365.5,358.0,365.5,132.0,,小麦0609,536.0,365.5,365.5
2005-09-23,ZW0609,365.5,367.5,363.75,367.5,119.0,,小麦0609,630.0,367.5,367.5
2005-09-26,ZW0609,361.5,363.0,360.0,362.0,64.0,,小麦0609,657.0,362.0,362.0
2005-09-27,ZW0609,360.0,362.0,359.0,361.0,56.0,,小麦0609,675.0,361.0,361.0
2005-09-28,ZW0609,361.0,363.5,360.5,362.0,30.0,,小麦0609,687.0,362.0,362.0
2005-09-29,ZW0609,367.0,367.0,364.5,366.0,83.0,,小麦0609,704.0,366.0,366.0
2005-09-30,ZW0609,370.0,383.0,368.0,379.5,248.0,,小麦0609,776.0,379.5,379.5
2005-10-03,ZW0609,379.0,381.0,377.0,380.25,270.0,,小麦0609,939.0,380.25,380.25
2005-10-04,ZW0609,374.0,379.0,374.0,379.0,289.0,,小麦0609,1112.0,379.0,379.0
2005-10-05,ZW0609,376.5,377.5,375.0,377.5,213.0,,小麦0609,1220.0,377.5,377.5
2005-10-06,ZW0609,377.0,377.5,373.0,377.5,250.0,,小麦0609,1363.0,377.5,377.5
2005-10-07,ZW0609,377.0,377.0,370.0,371.5,178.0,,小麦0609,1444.0,371.5,371.5
2005-10-10,ZW0609,371.5,374.0,371.5,373.25,298.0,,小麦0609,1571.0,373.25,373.25
2005-10-11,ZW0609,375.0,377.0,373.5,377.0,83.0,,小麦0609,1743.0,377.0,377.0
2005-10-12,ZW0609,378.0,382.0,378.0,380.5,148.0,,小麦0609,1789.0,380.5,380.5
2005-10-13,ZW0609,377.0,378.5,375.0,376.5,70.0,,小麦0609,1842.0,376.5,376.5
2005-10-14,ZW0609,375.0,375.0,369.0,372.5,78.0,,小麦0609,1873.0,372.5,372.5
2005-10-17,ZW0609,369.5,371.0,369.0,370.5,19.0,,小麦0609,1928.0,370.5,370.5
2005-10-18,ZW0609,370.5,370.5,362.0,363.0,90.0,,小麦0609,1947.0,363.0,363.0
2005-10-19,ZW0609,361.5,363.5,360.5,362.75,155.0,,小麦0609,1975.0,362.75,362.75
2005-10-20,ZW0609,362.5,367.25,362.5,367.25,20.0,,小麦0609,2058.0,367.25,367.25
2005-10-21,ZW0609,365.75,365.75,363.0,365.0,24.0,,小麦0609,2058.0,365.0,365.0
2005-10-24,ZW0609,359.0,360.25,359.0,360.25,156.0,,小麦0609,2065.0,360.25,360.25
2005-10-25,ZW0609,362.0,363.0,360.5,362.75,259.0,,小麦0609,2047.0,362.75,362.75
2005-10-26,ZW0609,363.5,364.0,361.0,361.5,11.0,,小麦0609,2046.0,361.5,361.5
2005-10-27,ZW0609,362.0,363.0,360.5,362.0,112.0,,小麦0609,2052.0,362.0,362.0
2005-10-28,ZW0609,362.5,362.5,355.0,356.5,65.0,,小麦0609,2089.0,356.5,356.5
2005-10-31,ZW0609,355.5,357.0,355.0,356.5,32.0,,小麦0609,2134.0,356.5,356.5
2005-11-01,ZW0609,354.5,358.5,353.5,355.5,284.0,,小麦0609,2130.0,355.5,355.5
2005-11-02,ZW0609,356.0,356.0,351.0,352.5,30.0,,小麦0609,2053.0,352.5,352.5
2005-11-03,ZW0609,351.5,353.0,349.5,352.75,9.0,,小麦0609,2047.0,352.75,352.75
2005-11-04,ZW0609,353.5,355.0,352.0,354.0,48.0,,小麦0609,2050.0,354.0,354.0
2005-11-07,ZW0609,354.0,354.0,351.0,352.25,29.0,,小麦0609,2080.0,352.25,352.25
2005-11-08,ZW0609,354.5,356.0,353.5,354.5,25.0,,小麦0609,2094.0,354.5,354.5
2005-11-09,ZW0609,358.0,358.0,356.0,356.5,156.0,,小麦0609,2095.0,356.5,356.5
2005-11-10,ZW0609,352.5,353.25,351.0,351.0,120.0,,小麦0609,2115.0,351.0,351.0
2005-11-11,ZW0609,352.0,353.5,351.75,353.25,58.0,,小麦0609,2188.0,353.25,353.25
2005-11-14,ZW0609,352.5,353.0,352.5,353.0,60.0,,小麦0609,2203.0,353.0,353.0
2005-11-15,ZW0609,355.5,355.5,348.5,348.5,41.0,,小麦0609,2168.0,348.5,348.5
2005-11-16,ZW0609,348.0,348.5,346.5,348.0,70.0,,小麦0609,2168.0,348.0,348.0
2005-11-17,ZW0609,346.0,346.5,345.0,346.5,52.0,,小麦0609,2132.0,346.5,346.5
2005-11-18,ZW0609,344.5,345.0,343.0,343.0,58.0,,小麦0609,2160.0,343.0,343.0
2005-11-21,ZW0609,342.0,343.0,340.0,340.0,17.0,,小麦0609,2182.0,340.0,340.0
2005-11-22,ZW0609,340.5,340.5,338.5,339.25,5.0,,小麦0609,2180.0,339.25,339.25
2005-11-23,ZW0609,340.5,340.5,338.0,339.0,143.0,,小麦0609,2180.0,339.0,339.0
2005-11-25,ZW0609,337.75,339.5,337.0,339.0,15.0,,小麦0609,2307.0,339.0,339.0
2005-11-28,ZW0609,337.75,340.5,337.5,340.5,115.0,,小麦0609,2302.0,340.5,340.5
2005-11-29,ZW0609,343.0,343.5,342.0,343.0,272.0,,小麦0609,2328.0,343.0,343.0
2005-11-30,ZW0609,343.0,347.0,338.5,346.5,79.0,,小麦0609,2503.0,346.5,346.5
2005-12-01,ZW0609,345.5,349.0,344.0,348.0,305.0,,小麦0609,2562.0,348.0,348.0
2005-12-02,ZW0609,347.5,348.0,344.5,345.5,83.0,,小麦0609,2805.0,345.5,345.5
2005-12-05,ZW0609,345.75,349.5,345.75,347.0,216.0,,小麦0609,2810.0,347.0,347.0
2005-12-06,ZW0609,345.25,345.25,341.0,342.5,18.0,,小麦0609,2830.0,342.5,342.5
2005-12-07,ZW0609,340.0,341.0,337.5,341.0,41.0,,小麦0609,2828.0,341.0,341.0
2005-12-08,ZW0609,337.5,340.0,337.0,338.5,14.0,,小麦0609,2811.0,338.5,338.5
2005-12-09,ZW0609,336.5,336.5,334.5,335.0,13.0,,小麦0609,2814.0,335.0,335.0
2005-12-12,ZW0609,340.0,342.5,340.0,342.5,3.0,,小麦0609,2818.0,342.5,342.5
2005-12-13,ZW0609,341.0,346.5,338.0,346.5,76.0,,小麦0609,2815.0,346.5,346.5
2005-12-14,ZW0609,346.0,351.0,346.0,350.75,164.0,,小麦0609,2859.0,350.75,350.75
2005-12-15,ZW0609,351.0,352.0,345.5,345.5,312.0,,小麦0609,2857.0,345.5,345.5
2005-12-16,ZW0609,347.0,347.5,345.0,346.25,69.0,,小麦0609,3072.0,346.25,346.25
2005-12-19,ZW0609,350.0,350.5,347.0,350.25,171.0,,小麦0609,3118.0,350.25,350.25
2005-12-20,ZW0609,352.0,355.75,351.5,355.75,568.0,,小麦0609,3103.0,355.75,355.75
2005-12-21,ZW0609,353.5,355.0,352.0,354.5,157.0,,小麦0609,3337.0,354.5,354.5
2005-12-22,ZW0609,355.0,358.5,354.5,358.25,319.0,,小麦0609,3413.0,358.25,358.25
2005-12-23,ZW0609,358.25,362.0,357.75,361.5,106.0,,小麦0609,3476.0,361.5,361.5
2005-12-27,ZW0609,364.75,365.5,360.0,365.25,58.0,,小麦0609,3486.0,365.25,365.25
2005-12-28,ZW0609,365.0,371.5,365.0,371.5,435.0,,小麦0609,3533.0,371.5,371.5
2005-12-29,ZW0609,370.5,371.5,363.5,363.5,178.0,,小麦0609,3708.0,363.5,363.5
2005-12-30,ZW0609,363.0,366.5,361.0,365.0,207.0,,小麦0609,3801.0,365.0,365.0
2006-01-03,ZW0609,367.5,373.0,367.5,372.25,484.0,,小麦0609,3859.0,372.25,372.25
2006-01-04,ZW0609,370.0,374.0,368.0,373.5,322.0,,小麦0609,4175.0,373.5,373.5
2006-01-05,ZW0609,373.5,373.5,366.5,367.25,141.0,,小麦0609,4219.0,367.25,367.25
2006-01-06,ZW0609,365.0,366.0,358.5,358.5,194.0,,小麦0609,4213.0,358.5,358.5
2006-01-09,ZW0609,354.5,355.5,351.5,355.0,300.0,,小麦0609,4128.0,355.0,355.0
2006-01-10,ZW0609,355.5,357.5,353.0,357.25,212.0,,小麦0609,4266.0,357.25,357.25
2006-01-11,ZW0609,355.5,360.0,355.5,359.5,222.0,,小麦0609,4163.0,359.5,359.5
2006-01-12,ZW0609,359.75,363.0,354.5,362.0,236.0,,小麦0609,4094.0,362.0,362.0
2006-01-13,ZW0609,362.0,363.5,360.5,363.25,383.0,,小麦0609,4165.0,363.25,363.25
2006-01-17,ZW0609,363.25,364.25,356.0,357.5,541.0,,小麦0609,4262.0,357.5,357.5
2006-01-18,ZW0609,355.25,355.25,351.0,352.5,455.0,,小麦0609,3984.0,352.5,352.5
2006-01-19,ZW0609,351.5,357.0,351.5,356.0,113.0,,小麦0609,4155.0,356.0,356.0
2006-01-20,ZW0609,355.0,357.0,353.5,356.5,205.0,,小麦0609,4226.0,356.5,356.5
2006-01-23,ZW0609,357.0,359.5,355.0,356.5,214.0,,小麦0609,4323.0,356.5,356.5
2006-01-24,ZW0609,357.5,363.5,355.25,363.25,238.0,,小麦0609,4419.0,363.25,363.25
2006-01-25,ZW0609,365.5,374.0,365.5,372.5,322.0,,小麦0609,4393.0,372.5,372.5
2006-01-26,ZW0609,371.0,375.0,370.5,374.5,428.0,,小麦0609,4611.0,374.5,374.5
2006-01-27,ZW0609,372.0,378.5,372.0,374.0,462.0,,小麦0609,4772.0,374.0,374.0
2006-01-30,ZW0609,373.0,377.5,373.0,375.5,201.0,,小麦0609,5091.0,375.5,375.5
2006-01-31,ZW0609,375.0,377.0,370.0,373.5,237.0,,小麦0609,5198.0,373.5,373.5
2006-02-01,ZW0609,373.0,373.75,368.25,370.5,873.0,,小麦0609,5326.0,370.5,370.5
2006-02-02,ZW0609,369.5,379.0,368.5,378.5,380.0,,小麦0609,5826.0,378.5,378.5
2006-02-03,ZW0609,378.5,389.5,378.5,388.0,1258.0,,小麦0609,6178.0,388.0,388.0
2006-02-06,ZW0609,387.0,390.0,383.0,385.0,943.0,,小麦0609,6971.0,385.0,385.0
2006-02-07,ZW0609,385.0,388.5,381.0,383.5,448.0,,小麦0609,6932.0,383.5,383.5
2006-02-08,ZW0609,381.5,388.5,381.5,387.0,582.0,,小麦0609,7012.0,387.0,387.0
2006-02-09,ZW0609,386.0,395.0,386.0,394.25,926.0,,小麦0609,7226.0,394.25,394.25
2006-02-10,ZW0609,392.75,392.75,382.0,386.5,427.0,,小麦0609,7762.0,386.5,386.5
2006-02-13,ZW0609,387.0,388.75,378.0,379.0,406.0,,小麦0609,7889.0,379.0,379.0
2006-02-14,ZW0609,377.0,379.0,374.0,379.0,554.0,,小麦0609,7900.0,379.0,379.0
2006-02-15,ZW0609,376.5,383.5,374.5,383.0,363.0,,小麦0609,8010.0,383.0,383.0
2006-02-16,ZW0609,384.0,390.5,384.0,390.0,692.0,,小麦0609,8012.0,390.0,390.0
2006-02-17,ZW0609,389.25,400.0,389.0,399.5,575.0,,小麦0609,8168.0,399.5,399.5
2006-02-21,ZW0609,398.5,408.0,398.0,403.5,1542.0,,小麦0609,8439.0,403.5,403.5
2006-02-22,ZW0609,403.0,403.0,393.5,397.25,911.0,,小麦0609,8871.0,397.25,397.25
2006-02-23,ZW0609,395.0,402.0,395.0,397.5,752.0,,小麦0609,9163.0,397.5,397.5
2006-02-24,ZW0609,399.0,401.0,395.5,400.0,524.0,,小麦0609,9566.0,400.0,400.0
2006-02-27,ZW0609,400.0,406.5,395.0,406.25,861.0,,小麦0609,9505.0,406.25,406.25
2006-02-28,ZW0609,401.75,410.0,401.75,403.5,542.0,,小麦0609,9782.0,403.5,403.5
2006-03-01,ZW0609,399.5,399.5,392.5,396.25,1132.0,,小麦0609,9653.0,396.25,396.25
2006-03-02,ZW0609,394.0,402.0,392.5,401.75,567.0,,小麦0609,10351.0,401.75,401.75
2006-03-03,ZW0609,401.0,406.5,399.5,406.25,408.0,,小麦0609,10395.0,406.25,406.25
2006-03-06,ZW0609,397.25,403.25,394.0,402.25,608.0,,小麦0609,10461.0,402.25,402.25
2006-03-07,ZW0609,402.0,405.5,399.5,402.0,719.0,,小麦0609,10544.0,402.0,402.0
2006-03-08,ZW0609,402.0,406.5,400.5,405.75,1174.0,,小麦0609,10854.0,405.75,405.75
2006-03-09,ZW0609,403.0,407.5,400.5,403.0,1585.0,,小麦0609,11314.0,403.0,403.0
2006-03-10,ZW0609,401.5,410.0,400.0,405.0,1139.0,,小麦0609,11648.0,405.0,405.0
2006-03-13,ZW0609,397.0,399.5,389.0,390.0,958.0,,小麦0609,11993.0,390.0,390.0
2006-03-14,ZW0609,386.0,388.0,380.0,384.5,729.0,,小麦0609,12032.0,384.5,384.5
2006-03-15,ZW0609,384.5,388.5,380.5,384.25,1023.0,,小麦0609,12045.0,384.25,384.25
2006-03-16,ZW0609,384.0,384.5,375.0,377.0,3162.0,,小麦0609,12142.0,377.0,377.0
2006-03-17,ZW0609,375.5,382.0,373.5,380.5,1938.0,,小麦0609,11855.0,380.5,380.5
2006-03-20,ZW0609,378.25,378.25,371.0,373.5,1185.0,,小麦0609,12821.0,373.5,373.5
2006-03-21,ZW0609,374.25,376.25,372.0,375.5,2191.0,,小麦0609,12608.0,375.5,375.5
2006-03-22,ZW0609,377.5,377.5,371.5,372.0,1119.0,,小麦0609,13057.0,372.0,372.0
2006-03-23,ZW0609,371.5,373.0,366.5,367.75,1279.0,,小麦0609,12906.0,367.75,367.75
2006-03-24,ZW0609,368.0,368.0,363.0,365.5,1218.0,,小麦0609,13038.0,365.5,365.5
2006-03-27,ZW0609,365.75,367.0,363.5,363.5,577.0,,小麦0609,13206.0,363.5,363.5
2006-03-28,ZW0609,363.0,366.25,362.25,365.75,2348.0,,小麦0609,13193.0,365.75,365.75
2006-03-29,ZW0609,361.75,368.75,361.75,365.5,965.0,,小麦0609,13555.0,365.5,365.5
2006-03-30,ZW0609,366.25,369.0,365.5,368.5,516.0,,小麦0609,13735.0,368.5,368.5
2006-03-31,ZW0609,368.0,373.5,367.25,371.25,3171.0,,小麦0609,13957.0,371.25,371.25
2006-04-03,ZW0609,371.5,371.5,365.0,366.5,1485.0,,小麦0609,15150.0,366.5,366.5
2006-04-04,ZW0609,365.0,368.0,364.5,367.5,977.0,,小麦0609,15042.0,367.5,367.5
2006-04-05,ZW0609,366.75,371.75,366.5,371.25,895.0,,小麦0609,15381.0,371.25,371.25
2006-04-06,ZW0609,375.5,379.5,374.0,377.25,3188.0,,小麦0609,15608.0,377.25,377.25
2006-04-07,ZW0609,377.5,377.5,372.5,375.5,1131.0,,小麦0609,17045.0,375.5,375.5
2006-04-10,ZW0609,376.0,385.5,376.0,385.25,6.0,,小麦0609,17160.0,385.25,385.25
2006-04-11,ZW0609,385.0,393.0,382.25,392.25,8.0,,小麦0609,17519.0,392.25,392.25
2006-04-12,ZW0609,392.0,392.75,385.0,385.5,1607.0,,小麦0609,19413.0,385.5,385.5
2006-04-13,ZW0609,384.75,386.5,381.0,381.5,1786.0,,小麦0609,19703.0,381.5,381.5
2006-04-17,ZW0609,380.0,381.5,374.0,374.5,4359.0,,小麦0609,20642.0,374.5,374.5
2006-04-18,ZW0609,375.5,381.0,374.5,379.5,2904.0,,小麦0609,21758.0,379.5,379.5
2006-04-19,ZW0609,382.0,382.0,374.5,380.75,4455.0,,小麦0609,22161.0,380.75,380.75
2006-04-20,ZW0609,380.75,382.0,375.75,378.5,10881.0,,小麦0609,23044.0,378.5,378.5
2006-04-21,ZW0609,375.75,379.5,370.0,378.0,4958.0,,小麦0609,28116.0,378.0,378.0
2006-04-24,ZW0609,382.0,383.0,375.0,376.0,1432.0,,小麦0609,28899.0,376.0,376.0
2006-04-25,ZW0609,374.5,378.5,373.5,376.25,3074.0,,小麦0609,28536.0,376.25,376.25
2006-04-26,ZW0609,376.75,379.5,373.75,374.5,3425.0,,小麦0609,28810.0,374.5,374.5
2006-04-27,ZW0609,374.25,374.25,366.0,368.5,1975.0,,小麦0609,29898.0,368.5,368.5
2006-04-28,ZW0609,365.5,373.0,364.0,371.5,1086.0,,小麦0609,30001.0,371.5,371.5
2006-05-01,ZW0609,372.25,381.5,372.25,377.5,3083.0,,小麦0609,29795.0,377.5,377.5
2006-05-02,ZW0609,377.75,382.75,375.0,379.0,2516.0,,小麦0609,31372.0,379.0,379.0
2006-05-03,ZW0609,377.0,381.75,375.5,377.5,2993.0,,小麦0609,31764.0,377.5,377.5
2006-05-04,ZW0609,376.0,378.5,374.5,375.0,1481.0,,小麦0609,32143.0,375.0,375.0
2006-05-05,ZW0609,379.0,390.0,378.5,386.0,1955.0,,小麦0609,33025.0,386.0,386.0
2006-05-08,ZW0609,384.5,389.0,381.0,388.5,3205.0,,小麦0609,33685.0,388.5,388.5
2006-05-09,ZW0609,388.0,402.5,388.0,397.25,4659.0,,小麦0609,34019.0,397.25,397.25
2006-05-10,ZW0609,398.0,401.5,396.25,396.75,3470.0,,小麦0609,34854.0,396.75,396.75
2006-05-11,ZW0609,396.5,405.0,395.0,404.5,4718.0,,小麦0609,35216.0,404.5,404.5
2006-05-12,ZW0609,404.0,421.5,404.0,413.5,5205.0,,小麦0609,37023.0,413.5,413.5
2006-05-15,ZW0609,413.75,418.0,408.5,411.75,2803.0,,小麦0609,38229.0,411.75,411.75
2006-05-16,ZW0609,411.5,416.0,408.0,415.5,7179.0,,小麦0609,39601.0,415.5,415.5
2006-05-17,ZW0609,416.0,436.0,416.0,433.75,4084.0,,小麦0609,39723.0,433.75,433.75
2006-05-18,ZW0609,433.0,439.0,430.5,431.5,5916.0,,小麦0609,40360.0,431.5,431.5
2006-05-19,ZW0609,429.0,430.5,421.0,429.5,5493.0,,小麦0609,41735.0,429.5,429.5
2006-05-22,ZW0609,429.0,441.0,422.0,440.0,10075.0,,小麦0609,43752.0,440.0,440.0
2006-05-23,ZW0609,440.0,445.5,433.0,433.5,6492.0,,小麦0609,47582.0,433.5,433.5
2006-05-24,ZW0609,431.5,432.25,421.0,425.0,12478.0,,小麦0609,47346.0,425.0,425.0
2006-05-25,ZW0609,425.0,427.5,418.0,423.25,14769.0,,小麦0609,54238.0,423.25,423.25
2006-05-26,ZW0609,423.25,434.0,423.25,429.0,9041.0,,小麦0609,59601.0,429.0,429.0
2006-05-30,ZW0609,430.0,439.0,423.5,426.0,6223.0,,小麦0609,61272.0,426.0,426.0
2006-05-31,ZW0609,423.5,426.5,405.0,408.0,46975.0,,小麦0609,63080.0,408.0,408.0
2006-06-01,ZW0609,408.0,412.0,403.0,408.0,15100.0,,小麦0609,90566.0,408.0,408.0
2006-06-02,ZW0609,408.75,418.0,407.25,417.5,10527.0,,小麦0609,94616.0,417.5,417.5
2006-06-05,ZW0609,417.0,422.0,413.5,414.25,5545.0,,小麦0609,97937.0,414.25,414.25
2006-06-06,ZW0609,413.5,413.75,398.0,399.25,20085.0,,小麦0609,99634.0,399.25,399.25
2006-06-07,ZW0609,400.0,405.5,395.0,403.5,37397.0,,小麦0609,110333.0,403.5,403.5
2006-06-08,ZW0609,402.25,403.5,398.0,398.75,25927.0,,小麦0609,128059.0,398.75,398.75
2006-06-09,ZW0609,397.0,406.0,388.0,389.0,39632.0,,小麦0609,139173.0,389.0,389.0
2006-06-12,ZW0609,390.0,395.0,389.0,389.5,32897.0,,小麦0609,161158.0,389.5,389.5
2006-06-13,ZW0609,391.0,393.5,385.0,387.0,39035.0,,小麦0609,172918.0,387.0,387.0
2006-06-14,ZW0609,387.5,389.5,377.0,377.75,36620.0,,小麦0609,190573.0,377.75,377.75
2006-06-15,ZW0609,377.75,383.0,375.0,376.5,34330.0,,小麦0609,204067.0,376.5,376.5
2006-06-16,ZW0609,377.5,381.75,374.5,376.75,27127.0,,小麦0609,208532.0,376.75,376.75
2006-06-19,ZW0609,376.0,380.5,374.0,376.25,33037.0,,小麦0609,215321.0,376.25,376.25
2006-06-20,ZW0609,377.0,386.5,377.0,384.75,34913.0,,小麦0609,218817.0,384.75,384.75
2006-06-21,ZW0609,383.5,393.5,383.25,389.25,30773.0,,小麦0609,215616.0,389.25,389.25
2006-06-22,ZW0609,390.0,391.75,381.5,382.25,21432.0,,小麦0609,216536.0,382.25,382.25
2006-06-23,ZW0609,382.75,387.5,380.0,381.5,17221.0,,小麦0609,216806.0,381.5,381.5
2006-06-26,ZW0609,380.25,387.0,377.5,385.75,23525.0,,小麦0609,219773.0,385.75,385.75
2006-06-27,ZW0609,385.5,398.5,385.25,394.5,30119.0,,小麦0609,222698.0,394.5,394.5
2006-06-28,ZW0609,394.0,396.5,387.0,388.0,23228.0,,小麦0609,226046.0,388.0,388.0
2006-06-29,ZW0609,387.75,396.5,385.5,395.0,28611.0,,小麦0609,226913.0,395.0,395.0
2006-06-30,ZW0609,395.0,400.75,391.5,396.0,31166.0,,小麦0609,230076.0,396.0,396.0
2006-07-03,ZW0609,397.5,409.0,397.25,402.0,23266.0,,小麦0609,228632.0,402.0,402.0
2006-07-05,ZW0609,405.25,408.0,399.0,404.75,24931.0,,小麦0609,230866.0,404.75,404.75
2006-07-06,ZW0609,405.5,409.5,402.0,407.25,21447.0,,小麦0609,230265.0,407.25,407.25
2006-07-07,ZW0609,407.75,410.0,398.0,398.25,22890.0,,小麦0609,232113.0,398.25,398.25
2006-07-10,ZW0609,400.25,405.25,398.25,403.0,17885.0,,小麦0609,233275.0,403.0,403.0
2006-07-11,ZW0609,405.5,417.0,404.0,416.5,27999.0,,小麦0609,234297.0,416.5,416.5
2006-07-12,ZW0609,416.5,420.0,407.0,414.5,26926.0,,小麦0609,234791.0,414.5,414.5
2006-07-13,ZW0609,412.75,412.75,395.0,395.5,27859.0,,小麦0609,237844.0,395.5,395.5
2006-07-14,ZW0609,396.0,399.5,391.0,397.5,23715.0,,小麦0609,238808.0,397.5,397.5
2006-07-17,ZW0609,397.0,403.0,392.5,393.0,15876.0,,小麦0609,236866.0,393.0,393.0
2006-07-18,ZW0609,395.0,400.0,391.5,398.0,24621.0,,小麦0609,235479.0,398.0,398.0
2006-07-19,ZW0609,397.0,398.0,389.0,393.0,28139.0,,小麦0609,233964.0,393.0,393.0
2006-07-20,ZW0609,391.5,409.0,390.75,406.5,36567.0,,小麦0609,231476.0,406.5,406.5
2006-07-21,ZW0609,405.25,414.0,404.0,407.25,35481.0,,小麦0609,233696.0,407.25,407.25
2006-07-24,ZW0609,405.75,406.0,399.0,400.5,23507.0,,小麦0609,230265.0,400.5,400.5
2006-07-25,ZW0609,402.5,405.5,392.5,393.25,26165.0,,小麦0609,227136.0,393.25,393.25
2006-07-26,ZW0609,395.0,396.0,380.0,382.0,32116.0,,小麦0609,222227.0,382.0,382.0
2006-07-27,ZW0609,383.5,391.0,382.5,387.75,21658.0,,小麦0609,218079.0,387.75,387.75
2006-07-28,ZW0609,387.75,391.0,385.5,388.5,13733.0,,小麦0609,215215.0,388.5,388.5
2006-07-31,ZW0609,389.5,399.0,388.25,397.5,61180.0,,小麦0609,213095.0,397.5,397.5
2006-08-01,ZW0609,396.75,397.5,389.5,392.5,24777.0,,小麦0609,191971.0,392.5,392.5
2006-08-02,ZW0609,393.0,403.5,393.0,401.5,33369.0,,小麦0609,186653.0,401.5,401.5
2006-08-03,ZW0609,401.5,405.5,392.0,395.25,23570.0,,小麦0609,182146.0,395.25,395.25
2006-08-04,ZW0609,396.25,402.0,395.25,396.0,23062.0,,小麦0609,177560.0,396.0,396.0
2006-08-07,ZW0609,394.5,396.0,390.5,393.0,42661.0,,小麦0609,171137.0,393.0,393.0
2006-08-08,ZW0609,392.25,393.5,382.75,384.0,48668.0,,小麦0609,151125.0,384.0,384.0
2006-08-09,ZW0609,384.0,390.0,382.75,388.0,39401.0,,小麦0609,132790.0,388.0,388.0
2006-08-10,ZW0609,388.0,391.5,385.0,386.5,38006.0,,小麦0609,115858.0,386.5,386.5
2006-08-11,ZW0609,386.5,390.25,373.0,373.75,45366.0,,小麦0609,97793.0,373.75,373.75
2006-08-14,ZW0609,373.5,379.0,369.75,374.0,28170.0,,小麦0609,82372.0,374.0,374.0
2006-08-15,ZW0609,373.5,378.75,373.0,376.75,20559.0,,小麦0609,67668.0,376.75,376.75
2006-08-16,ZW0609,376.25,381.5,371.0,371.5,10127.0,,小麦0609,59039.0,371.5,371.5
2006-08-17,ZW0609,371.75,375.0,362.5,363.5,14164.0,,小麦0609,56327.0,363.5,363.5
2006-08-18,ZW0609,363.75,366.5,357.25,364.5,11688.0,,小麦0609,51100.0,364.5,364.5
2006-08-21,ZW0609,364.0,368.0,363.0,365.75,8774.0,,小麦0609,47888.0,365.75,365.75
2006-08-22,ZW0609,365.25,367.0,358.5,359.75,8653.0,,小麦0609,44748.0,359.75,359.75
2006-08-23,ZW0609,359.5,369.5,359.5,366.0,7373.0,,小麦0609,39993.0,366.0,366.0
2006-08-24,ZW0609,365.5,376.0,365.5,375.5,11956.0,,小麦0609,38249.0,375.5,375.5
2006-08-25,ZW0609,374.75,387.75,373.5,378.5,13746.0,,小麦0609,35743.0,378.5,378.5
2006-08-28,ZW0609,379.0,388.5,379.0,384.75,12987.0,,小麦0609,25190.0,384.75,384.75
2006-08-29,ZW0609,384.75,387.0,380.0,380.5,12633.0,,小麦0609,19413.0,380.5,380.5
2006-08-30,ZW0609,381.25,398.0,380.5,397.5,15343.0,,小麦0609,14900.0,397.5,397.5
2006-08-31,ZW0609,398.25,405.0,395.5,404.0,9088.0,,小麦0609,9813.0,404.0,404.0
2006-09-01,ZW0609,401.5,403.25,397.5,401.25,6614.0,,小麦0609,5396.0,401.25,401.25
2006-09-05,ZW0609,406.0,410.0,402.75,404.0,4406.0,,小麦0609,4549.0,404.0,404.0
2006-09-06,ZW0609,403.0,404.0,398.0,399.0,2190.0,,小麦0609,2728.0,399.0,399.0
2006-09-07,ZW0609,399.5,404.0,395.0,403.5,1934.0,,小麦0609,2089.0,403.5,403.5
2006-09-08,ZW0609,404.0,406.0,400.0,400.0,914.0,,小麦0609,1294.0,400.0,400.0
2006-09-11,ZW0609,399.0,399.5,393.5,398.0,205.0,,小麦0609,544.0,398.0,398.0
2006-09-12,ZW0609,395.0,400.0,388.0,388.75,85.0,,小麦0609,387.0,388.75,388.75
2006-09-13,ZW0609,389.0,394.0,381.5,381.5,389.0,,小麦0609,257.0,381.5,381.5
2006-09-14,ZW0609,383.5,384.0,376.0,377.0,49.0,,小麦0609,551.0,377.0,377.0
