date,symbol,open,high,low,close,volume,amount,name,openinterest,settleprice,price
2006-07-16,ZW0709,,,,454.0,,,小麦0709,,454.0,454.0
2006-07-18,ZW0709,453.5,458.0,453.5,458.0,29.0,,小麦0709,259.0,458.0,458.0
2006-07-19,ZW0709,456.5,456.5,449.0,453.0,22.0,,小麦0709,281.0,453.0,453.0
2006-07-20,ZW0709,458.0,463.75,458.0,463.75,6.0,,小麦0709,280.0,463.75,463.75
2006-07-21,ZW0709,463.5,464.0,462.0,463.75,12.0,,小麦0709,286.0,463.75,463.75
2006-07-24,ZW0709,459.0,462.0,457.0,457.5,32.0,,小麦0709,298.0,457.5,457.5
2006-07-25,ZW0709,459.0,461.0,451.0,451.0,21.0,,小麦0709,310.0,451.0,451.0
2006-07-26,ZW0709,448.5,449.0,444.0,444.0,22.0,,小麦0709,313.0,444.0,444.0
2006-07-27,ZW0709,446.0,447.0,444.5,447.0,62.0,,小麦0709,314.0,447.0,447.0
2006-07-28,ZW0709,,,,445.5,,,小麦0709,336.0,445.5,445.5
2006-07-31,ZW0709,450.0,457.0,449.0,457.0,131.0,,小麦0709,336.0,457.0,457.0
2006-08-01,ZW0709,454.0,454.0,450.0,451.0,5.0,,小麦0709,314.0,451.0,451.0
2006-08-02,ZW0709,454.5,460.0,450.0,460.0,8.0,,小麦0709,312.0,460.0,460.0
2006-08-03,ZW0709,457.25,463.0,454.0,454.0,25.0,,小麦0709,316.0,454.0,454.0
2006-08-04,ZW0709,458.0,458.0,455.0,456.5,4.0,,小麦0709,330.0,456.5,456.5
2006-08-07,ZW0709,451.0,453.5,451.0,453.5,9.0,,小麦0709,334.0,453.5,453.5
2006-08-08,ZW0709,450.0,450.0,444.0,447.0,237.0,,小麦0709,343.0,447.0,447.0
2006-08-09,ZW0709,448.0,450.0,448.0,450.0,2.0,,小麦0709,551.0,450.0,450.0
2006-08-10,ZW0709,448.0,450.0,448.0,450.0,3.0,,小麦0709,551.0,450.0,450.0
2006-08-11,ZW0709,437.0,439.5,435.0,437.0,7.0,,小麦0709,553.0,437.0,437.0
2006-08-14,ZW0709,432.5,437.25,432.5,435.5,1.0,,小麦0709,556.0,435.5,435.5
2006-08-15,ZW0709,435.5,440.75,435.0,439.0,7.0,,小麦0709,557.0,439.0,439.0
2006-08-16,ZW0709,439.5,440.0,433.0,433.0,3.0,,小麦0709,555.0,433.0,433.0
2006-08-17,ZW0709,,,,425.5,14.0,,小麦0709,555.0,425.5,425.5
2006-08-18,ZW0709,425.5,428.0,420.0,425.5,11.0,,小麦0709,555.0,425.5,425.5
2006-08-21,ZW0709,428.0,429.0,426.0,428.0,4.0,,小麦0709,560.0,428.0,428.0
2006-08-22,ZW0709,426.5,426.5,422.75,423.5,9.0,,小麦0709,557.0,423.5,423.5
2006-08-23,ZW0709,426.0,432.25,426.0,429.75,10.0,,小麦0709,555.0,429.75,429.75
2006-08-24,ZW0709,432.0,438.5,432.0,437.5,56.0,,小麦0709,555.0,437.5,437.5
2006-08-25,ZW0709,445.0,448.5,439.0,439.5,62.0,,小麦0709,607.0,439.5,439.5
2006-08-28,ZW0709,446.5,447.25,445.0,446.5,72.0,,小麦0709,561.0,446.5,446.5
2006-08-29,ZW0709,445.5,446.0,442.5,442.5,5.0,,小麦0709,572.0,442.5,442.5
2006-08-30,ZW0709,442.5,457.5,442.5,457.5,62.0,,小麦0709,567.0,457.5,457.5
2006-08-31,ZW0709,457.0,464.25,455.0,463.0,30.0,,小麦0709,617.0,463.0,463.0
2006-09-01,ZW0709,460.0,462.0,457.75,459.5,58.0,,小麦0709,614.0,459.5,459.5
2006-09-05,ZW0709,459.5,467.0,459.0,461.5,64.0,,小麦0709,626.0,461.5,461.5
2006-09-06,ZW0709,458.0,460.5,454.0,455.5,4.0,,小麦0709,638.0,455.5,455.5
2006-09-07,ZW0709,455.0,459.5,453.0,459.0,18.0,,小麦0709,637.0,459.0,459.0
2006-09-08,ZW0709,460.0,460.5,453.0,455.5,34.0,,小麦0709,636.0,455.5,455.5
2006-09-11,ZW0709,450.0,455.0,448.0,455.0,64.0,,小麦0709,610.0,455.0,455.0
2006-09-12,ZW0709,452.0,455.25,442.0,445.0,11.0,,小麦0709,629.0,445.0,445.0
2006-09-13,ZW0709,446.0,447.0,438.0,440.0,3.0,,小麦0709,625.0,440.0,440.0
2006-09-14,ZW0709,439.0,442.0,433.0,433.0,21.0,,小麦0709,625.0,433.0,433.0
2006-09-15,ZW0709,434.0,439.75,434.0,436.0,3.0,,小麦0709,633.0,436.0,436.0
2006-09-18,ZW0709,436.0,438.75,435.0,437.5,32.0,,小麦0709,630.0,437.5,437.5
2006-09-19,ZW0709,444.0,450.5,444.0,449.0,14.0,,小麦0709,660.0,449.0,449.0
2006-09-20,ZW0709,451.0,451.5,446.0,448.0,174.0,,小麦0709,670.0,448.0,448.0
2006-09-21,ZW0709,451.0,460.0,451.0,458.0,147.0,,小麦0709,672.0,458.0,458.0
2006-09-22,ZW0709,455.0,456.0,455.0,456.0,546.0,,小麦0709,610.0,456.0,456.0
2006-09-25,ZW0709,453.0,453.0,449.5,452.0,115.0,,小麦0709,801.0,452.0,452.0
2006-09-26,ZW0709,456.0,461.5,456.0,461.5,41.0,,小麦0709,892.0,461.5,461.5
2006-09-27,ZW0709,460.0,463.75,457.5,459.0,45.0,,小麦0709,898.0,459.0,459.0
2006-09-28,ZW0709,458.0,472.0,458.0,472.0,1092.0,,小麦0709,933.0,472.0,472.0
2006-09-29,ZW0709,468.0,472.0,461.0,465.0,339.0,,小麦0709,1586.0,465.0,465.0
2006-10-02,ZW0709,470.0,476.0,468.0,471.0,163.0,,小麦0709,1614.0,471.0,471.0
2006-10-03,ZW0709,470.0,472.0,465.0,469.0,49.0,,小麦0709,1673.0,469.0,469.0
2006-10-04,ZW0709,469.0,487.5,469.0,479.0,543.0,,小麦0709,1696.0,479.0,479.0
2006-10-05,ZW0709,476.5,482.0,468.0,475.0,365.0,,小麦0709,1825.0,475.0,475.0
2006-10-06,ZW0709,472.0,472.0,463.0,466.0,57.0,,小麦0709,1954.0,466.0,466.0
2006-10-09,ZW0709,468.0,483.0,467.0,483.0,51.0,,小麦0709,1962.0,483.0,483.0
2006-10-10,ZW0709,463.0,463.0,455.0,458.0,72.0,,小麦0709,1973.0,458.0,458.0
2006-10-11,ZW0709,459.0,460.0,448.0,449.0,116.0,,小麦0709,1960.0,449.0,449.0
2006-10-12,ZW0709,450.0,459.0,450.0,451.5,187.0,,小麦0709,1906.0,451.5,451.5
2006-10-13,ZW0709,459.0,464.0,455.0,464.0,611.0,,小麦0709,1857.0,464.0,464.0
2006-10-16,ZW0709,461.0,467.0,454.25,467.0,232.0,,小麦0709,2192.0,467.0,467.0
2006-10-17,ZW0709,468.0,469.0,455.0,468.0,241.0,,小麦0709,2127.0,468.0,468.0
2006-10-18,ZW0709,464.0,464.0,456.0,460.0,351.0,,小麦0709,2070.0,460.0,460.0
2006-10-19,ZW0709,460.0,464.0,459.0,462.0,370.0,,小麦0709,1998.0,462.0,462.0
2006-10-20,ZW0709,460.0,463.5,458.5,462.0,316.0,,小麦0709,1796.0,462.0,462.0
2006-10-23,ZW0709,463.0,468.0,460.0,468.0,204.0,,小麦0709,1784.0,468.0,468.0
2006-10-24,ZW0709,468.5,470.0,467.0,468.5,36.0,,小麦0709,1714.0,468.5,468.5
2006-10-25,ZW0709,471.0,472.0,466.0,467.0,379.0,,小麦0709,1732.0,467.0,467.0
2006-10-26,ZW0709,463.0,469.0,461.0,469.0,452.0,,小麦0709,1925.0,469.0,469.0
2006-10-27,ZW0709,473.0,473.25,463.0,465.0,343.0,,小麦0709,2218.0,465.0,465.0
2006-10-30,ZW0709,466.0,466.0,466.0,466.0,38.0,,小麦0709,2430.0,466.0,466.0
2006-10-31,ZW0709,458.0,461.0,458.0,460.0,81.0,,小麦0709,2436.0,460.0,460.0
2006-11-01,ZW0709,460.0,465.0,460.0,465.0,277.0,,小麦0709,2473.0,465.0,465.0
2006-11-02,ZW0709,465.0,475.0,464.5,464.5,11.0,,小麦0709,2480.0,464.5,464.5
2006-11-03,ZW0709,462.5,469.0,462.0,469.0,52.0,,小麦0709,2482.0,469.0,469.0
2006-11-06,ZW0709,470.0,476.5,470.0,476.5,17.0,,小麦0709,2500.0,476.5,476.5
2006-11-07,ZW0709,478.25,479.0,473.0,479.0,13.0,,小麦0709,2503.0,479.0,479.0
2006-11-08,ZW0709,482.5,488.0,481.0,482.0,316.0,,小麦0709,2506.0,482.0,482.0
2006-11-09,ZW0709,482.0,482.0,473.0,473.5,496.0,,小麦0709,2587.0,473.5,473.5
2006-11-10,ZW0709,468.0,468.0,467.0,467.0,14.0,,小麦0709,2811.0,467.0,467.0
2006-11-13,ZW0709,468.5,470.5,465.0,467.5,70.0,,小麦0709,2812.0,467.5,467.5
2006-11-14,ZW0709,465.0,477.0,463.0,474.0,25.0,,小麦0709,2824.0,474.0,474.0
2006-11-15,ZW0709,478.0,478.0,471.0,471.0,40.0,,小麦0709,2838.0,471.0,471.0
2006-11-16,ZW0709,473.0,474.5,464.0,464.0,24.0,,小麦0709,2842.0,464.0,464.0
2006-11-17,ZW0709,467.0,470.0,467.0,467.0,39.0,,小麦0709,2843.0,467.0,467.0
2006-11-20,ZW0709,470.0,474.0,467.0,468.0,135.0,,小麦0709,2845.0,468.0,468.0
2006-11-21,ZW0709,471.5,476.0,470.25,475.5,135.0,,小麦0709,2919.0,475.5,475.5
2006-11-22,ZW0709,480.0,488.0,477.75,487.5,1094.0,,小麦0709,2998.0,487.5,487.5
2006-11-24,ZW0709,488.0,499.0,485.0,498.0,193.0,,小麦0709,3847.0,498.0,498.0
2006-11-27,ZW0709,498.0,506.5,487.0,487.0,270.0,,小麦0709,3853.0,487.0,487.0
2006-11-28,ZW0709,487.25,490.0,486.0,490.0,112.0,,小麦0709,3866.0,490.0,490.0
2006-11-29,ZW0709,490.0,498.0,487.0,495.0,61.0,,小麦0709,3876.0,495.0,495.0
2006-11-30,ZW0709,500.0,506.5,497.0,504.0,471.0,,小麦0709,3830.0,504.0,504.0
2006-12-01,ZW0709,500.0,507.0,500.0,502.0,42.0,,小麦0709,3965.0,502.0,502.0
2006-12-04,ZW0709,499.0,501.0,496.0,501.0,236.0,,小麦0709,3964.0,501.0,501.0
2006-12-05,ZW0709,499.5,499.5,495.0,497.5,56.0,,小麦0709,4081.0,497.5,497.5
2006-12-06,ZW0709,489.0,489.0,480.75,481.5,125.0,,小麦0709,4079.0,481.5,481.5
2006-12-07,ZW0709,482.0,484.0,479.0,484.0,100.0,,小麦0709,4135.0,484.0,484.0
2006-12-08,ZW0709,482.0,485.25,478.0,480.0,449.0,,小麦0709,4137.0,480.0,480.0
2006-12-11,ZW0709,483.0,487.0,480.5,484.5,87.0,,小麦0709,4245.0,484.5,484.5
2006-12-12,ZW0709,488.5,488.5,479.0,479.0,90.0,,小麦0709,4286.0,479.0,479.0
2006-12-13,ZW0709,482.0,490.0,482.0,487.0,232.0,,小麦0709,4285.0,487.0,487.0
2006-12-14,ZW0709,495.0,495.0,490.0,491.0,249.0,,小麦0709,4382.0,491.0,491.0
2006-12-15,ZW0709,488.5,493.0,486.0,492.0,263.0,,小麦0709,4428.0,492.0,492.0
2006-12-18,ZW0709,483.0,487.0,482.0,487.0,86.0,,小麦0709,4564.0,487.0,487.0
2006-12-19,ZW0709,488.0,490.5,485.0,488.5,310.0,,小麦0709,4584.0,488.5,488.5
2006-12-20,ZW0709,488.0,491.0,488.0,489.5,97.0,,小麦0709,4618.0,489.5,489.5
2006-12-21,ZW0709,492.5,496.0,491.0,495.0,82.0,,小麦0709,4633.0,495.0,495.0
2006-12-22,ZW0709,496.5,504.0,496.5,504.0,263.0,,小麦0709,4691.0,504.0,504.0
2006-12-26,ZW0709,504.0,509.0,504.0,506.0,27.0,,小麦0709,4767.0,506.0,506.0
2006-12-27,ZW0709,505.0,506.0,500.0,500.25,41.0,,小麦0709,4771.0,500.25,500.25
2006-12-28,ZW0709,503.0,503.0,498.0,498.0,49.0,,小麦0709,4775.0,498.0,498.0
2006-12-29,ZW0709,499.75,508.0,493.0,497.0,104.0,,小麦0709,4773.0,497.0,497.0
2007-01-02,ZW0709,,,,497.0,,,小麦0709,4783.0,497.0,497.0
2007-01-03,ZW0709,494.75,494.75,483.0,484.0,305.0,,小麦0709,4783.0,484.0,484.0
2007-01-04,ZW0709,482.0,486.0,476.0,477.5,194.0,,小麦0709,4810.0,477.5,477.5
2007-01-05,ZW0709,477.5,483.5,476.0,481.5,351.0,,小麦0709,4774.0,481.5,481.5
2007-01-08,ZW0709,476.0,478.0,475.0,478.0,127.0,,小麦0709,4873.0,478.0,478.0
2007-01-09,ZW0709,475.0,477.0,471.0,471.5,416.0,,小麦0709,4926.0,471.5,471.5
2007-01-10,ZW0709,471.5,473.5,466.5,467.75,298.0,,小麦0709,5026.0,467.75,467.75
2007-01-11,ZW0709,472.25,478.0,471.0,474.5,1653.0,,小麦0709,5140.0,474.5,474.5
2007-01-12,ZW0709,485.0,504.5,485.0,498.0,289.0,,小麦0709,5069.0,498.0,498.0
2007-01-16,ZW0709,495.75,502.0,486.0,486.5,961.0,,小麦0709,5165.0,486.5,486.5
2007-01-17,ZW0709,486.5,499.5,486.5,497.5,698.0,,小麦0709,5388.0,497.5,497.5
2007-01-18,ZW0709,510.0,510.0,490.0,493.5,188.0,,小麦0709,5351.0,493.5,493.5
2007-01-19,ZW0709,489.0,494.0,489.0,490.0,347.0,,小麦0709,5338.0,490.0,490.0
2007-01-22,ZW0709,491.0,496.0,489.5,493.0,343.0,,小麦0709,5280.0,493.0,493.0
2007-01-23,ZW0709,498.0,506.5,495.0,506.0,422.0,,小麦0709,5247.0,506.0,506.0
2007-01-24,ZW0709,506.0,507.0,492.0,494.75,545.0,,小麦0709,5473.0,494.75,494.75
2007-01-25,ZW0709,490.0,498.0,490.0,496.5,468.0,,小麦0709,5330.0,496.5,496.5
2007-01-26,ZW0709,494.0,495.0,490.0,492.0,242.0,,小麦0709,5621.0,492.0,492.0
2007-01-29,ZW0709,489.0,489.0,485.0,485.0,178.0,,小麦0709,5673.0,485.0,485.0
2007-01-30,ZW0709,485.0,490.0,482.0,489.0,312.0,,小麦0709,5756.0,489.0,489.0
2007-01-31,ZW0709,490.0,497.0,490.0,494.0,874.0,,小麦0709,5920.0,494.0,494.0
2007-02-01,ZW0709,497.5,500.0,489.0,489.5,506.0,,小麦0709,6358.0,489.5,489.5
2007-02-02,ZW0709,488.5,493.5,486.5,490.5,682.0,,小麦0709,6201.0,490.5,490.5
2007-02-05,ZW0709,494.0,494.0,487.5,487.5,116.0,,小麦0709,6468.0,487.5,487.5
2007-02-06,ZW0709,486.25,490.0,481.0,481.5,74.0,,小麦0709,6475.0,481.5,481.5
2007-02-07,ZW0709,482.5,486.0,480.0,482.5,989.0,,小麦0709,6472.0,482.5,482.5
2007-02-08,ZW0709,483.5,489.5,483.5,487.25,297.0,,小麦0709,7060.0,487.25,487.25
2007-02-09,ZW0709,490.0,497.0,488.0,491.0,350.0,,小麦0709,7195.0,491.0,491.0
2007-02-12,ZW0709,492.0,492.0,485.0,485.0,159.0,,小麦0709,7307.0,485.0,485.0
2007-02-13,ZW0709,485.5,491.5,485.25,489.75,234.0,,小麦0709,7335.0,489.75,489.75
2007-02-14,ZW0709,491.75,491.75,482.0,483.5,442.0,,小麦0709,7313.0,483.5,483.5
2007-02-15,ZW0709,484.5,487.75,482.0,486.0,397.0,,小麦0709,7573.0,486.0,486.0
2007-02-16,ZW0709,485.0,499.25,485.0,498.5,1011.0,,小麦0709,7600.0,498.5,498.5
2007-02-20,ZW0709,499.0,499.0,493.0,493.5,425.0,,小麦0709,8100.0,493.5,493.5
2007-02-21,ZW0709,495.0,507.0,495.0,505.5,642.0,,小麦0709,8189.0,505.5,505.5
2007-02-22,ZW0709,508.0,518.0,508.0,517.0,238.0,,小麦0709,8427.0,517.0,517.0
2007-02-23,ZW0709,516.0,518.0,514.0,514.75,504.0,,小麦0709,8450.0,514.75,514.75
2007-02-26,ZW0709,515.0,521.5,512.0,512.0,493.0,,小麦0709,8752.0,512.0,512.0
2007-02-27,ZW0709,512.25,512.25,486.5,501.25,700.0,,小麦0709,8938.0,501.25,501.25
2007-02-28,ZW0709,501.0,508.0,497.5,506.5,465.0,,小麦0709,8924.0,506.5,506.5
2007-03-01,ZW0709,506.5,506.5,490.5,498.5,842.0,,小麦0709,8890.0,498.5,498.5
2007-03-02,ZW0709,493.75,501.5,493.0,494.5,1050.0,,小麦0709,8951.0,494.5,494.5
2007-03-05,ZW0709,492.0,501.0,486.0,500.0,302.0,,小麦0709,8937.0,500.0,500.0
2007-03-06,ZW0709,501.0,501.0,493.0,493.0,50.0,,小麦0709,9079.0,493.0,493.0
2007-03-07,ZW0709,495.75,499.5,495.5,498.75,742.0,,小麦0709,9118.0,498.75,498.75
2007-03-08,ZW0709,501.0,503.0,495.5,496.5,515.0,,小麦0709,9774.0,496.5,496.5
2007-03-09,ZW0709,496.0,502.5,494.25,497.75,804.0,,小麦0709,9951.0,497.75,497.75
2007-03-12,ZW0709,497.0,497.0,491.0,491.5,606.0,,小麦0709,10427.0,491.5,491.5
2007-03-13,ZW0709,494.25,494.25,487.0,488.0,297.0,,小麦0709,10749.0,488.0,488.0
2007-03-14,ZW0709,487.0,487.0,479.0,486.0,615.0,,小麦0709,10948.0,486.0,486.0
2007-03-15,ZW0709,488.75,488.75,479.0,479.75,952.0,,小麦0709,11112.0,479.75,479.75
2007-03-16,ZW0709,478.0,489.25,478.0,484.0,642.0,,小麦0709,11144.0,484.0,484.0
2007-03-19,ZW0709,487.75,488.0,476.0,480.5,671.0,,小麦0709,11288.0,480.5,480.5
2007-03-20,ZW0709,480.5,487.0,477.5,486.5,698.0,,小麦0709,11495.0,486.5,486.5
2007-03-21,ZW0709,488.25,493.0,485.5,489.5,1032.0,,小麦0709,11702.0,489.5,489.5
2007-03-22,ZW0709,487.25,492.25,487.25,491.5,646.0,,小麦0709,11851.0,491.5,491.5
2007-03-23,ZW0709,491.75,492.0,485.0,485.0,291.0,,小麦0709,12046.0,485.0,485.0
2007-03-26,ZW0709,483.0,485.25,475.25,481.0,1619.0,,小麦0709,12024.0,481.0,481.0
2007-03-27,ZW0709,482.0,483.0,476.5,478.5,1180.0,,小麦0709,12930.0,478.5,478.5
2007-03-28,ZW0709,479.0,483.0,476.75,482.5,1237.0,,小麦0709,13012.0,482.5,482.5
2007-03-29,ZW0709,482.5,492.25,479.75,485.5,2126.0,,小麦0709,12717.0,485.5,485.5
2007-03-30,ZW0709,485.0,485.0,459.0,469.0,2100.0,,小麦0709,13042.0,469.0,469.0
2007-04-02,ZW0709,468.5,468.5,440.0,454.0,2561.0,,小麦0709,13298.0,454.0,454.0
2007-04-03,ZW0709,455.0,457.0,446.5,447.0,1065.0,,小麦0709,13233.0,447.0,447.0
2007-04-04,ZW0709,447.5,462.0,447.5,457.5,1236.0,,小麦0709,12980.0,457.5,457.5
2007-04-05,ZW0709,460.25,473.5,460.25,469.5,4169.0,,小麦0709,12924.0,469.5,469.5
2007-04-09,ZW0709,476.0,497.0,468.5,473.5,1972.0,,小麦0709,13067.0,473.5,473.5
2007-04-10,ZW0709,474.5,488.75,474.5,483.0,1628.0,,小麦0709,13663.0,483.0,483.0
2007-04-11,ZW0709,485.5,491.0,480.0,481.75,3467.0,,小麦0709,14357.0,481.75,481.75
2007-04-12,ZW0709,481.0,487.75,475.0,485.0,4344.0,,小麦0709,15108.0,485.0,485.0
2007-04-13,ZW0709,487.0,507.75,485.0,499.0,3908.0,,小麦0709,16828.0,499.0,499.0
2007-04-16,ZW0709,498.0,502.0,496.0,497.5,1667.0,,小麦0709,18078.0,497.5,497.5
2007-04-17,ZW0709,507.0,510.0,496.0,499.5,3940.0,,小麦0709,18547.0,499.5,499.5
2007-04-18,ZW0709,498.0,505.0,495.0,496.5,2889.0,,小麦0709,19696.0,496.5,496.5
2007-04-19,ZW0709,498.0,510.5,498.0,509.75,8795.0,,小麦0709,20298.0,509.75,509.75
2007-04-20,ZW0709,508.0,524.0,507.0,516.75,5932.0,,小麦0709,20240.0,516.75,516.75
2007-04-23,ZW0709,516.0,520.0,509.5,512.5,4030.0,,小麦0709,21420.0,512.5,512.5
2007-04-24,ZW0709,512.0,512.0,502.5,506.0,5646.0,,小麦0709,22499.0,506.0,506.0
2007-04-25,ZW0709,507.5,536.0,507.5,527.5,8252.0,,小麦0709,24255.0,527.5,527.5
2007-04-26,ZW0709,527.5,537.5,523.0,527.75,4057.0,,小麦0709,25807.0,527.75,527.75
2007-04-27,ZW0709,525.5,526.5,514.0,521.0,4520.0,,小麦0709,27044.0,521.0,521.0
2007-04-30,ZW0709,513.0,521.25,506.0,508.5,5609.0,,小麦0709,27323.0,508.5,508.5
2007-05-01,ZW0709,508.0,513.0,493.0,510.75,4424.0,,小麦0709,29613.0,510.75,510.75
2007-05-02,ZW0709,513.25,514.5,502.0,505.0,2547.0,,小麦0709,30912.0,505.0,505.0
2007-05-03,ZW0709,505.25,511.25,499.75,504.5,6741.0,,小麦0709,31720.0,504.5,504.5
2007-05-04,ZW0709,503.0,507.0,500.0,506.0,6442.0,,小麦0709,34014.0,506.0,506.0
2007-05-07,ZW0709,508.75,512.25,497.0,506.0,6559.0,,小麦0709,34675.0,506.0,506.0
2007-05-08,ZW0709,499.5,502.0,491.0,492.75,11465.0,,小麦0709,37058.0,492.75,492.75
2007-05-09,ZW0709,493.5,497.0,492.5,493.75,6158.0,,小麦0709,39972.0,493.75,493.75
2007-05-10,ZW0709,493.5,496.5,489.25,492.0,6807.0,,小麦0709,42724.0,492.0,492.0
2007-05-11,ZW0709,492.5,508.5,490.25,505.0,8246.0,,小麦0709,44441.0,505.0,505.0
2007-05-14,ZW0709,501.0,514.0,501.0,509.5,4651.0,,小麦0709,45874.0,509.5,509.5
2007-05-15,ZW0709,506.0,519.25,500.75,515.0,9140.0,,小麦0709,47348.0,515.0,515.0
2007-05-16,ZW0709,516.25,516.25,507.5,509.25,3647.0,,小麦0709,50110.0,509.25,509.25
2007-05-17,ZW0709,509.25,510.75,495.5,498.25,7627.0,,小麦0709,51154.0,498.25,498.25
2007-05-18,ZW0709,498.5,501.25,483.5,484.25,8326.0,,小麦0709,53237.0,484.25,484.25
2007-05-21,ZW0709,488.25,493.25,481.25,492.5,4914.0,,小麦0709,53414.0,492.5,492.5
2007-05-22,ZW0709,487.0,490.75,481.5,484.75,5334.0,,小麦0709,54360.0,484.75,484.75
2007-05-23,ZW0709,484.75,491.25,484.0,489.75,2645.0,,小麦0709,56191.0,489.75,489.75
2007-05-24,ZW0709,489.5,505.75,489.0,503.75,7055.0,,小麦0709,57235.0,503.75,503.75
2007-05-25,ZW0709,503.25,515.5,502.0,514.75,4821.0,,小麦0709,57623.0,514.75,514.75
2007-05-29,ZW0709,515.25,515.25,501.5,505.25,10690.0,,小麦0709,59492.0,505.25,505.25
2007-05-30,ZW0709,507.25,525.5,505.5,524.75,12542.0,,小麦0709,62244.0,524.75,524.75
2007-05-31,ZW0709,524.5,537.0,522.0,532.0,22703.0,,小麦0709,69592.0,532.0,532.0
2007-06-01,ZW0709,529.0,544.0,529.0,535.5,25520.0,,小麦0709,77776.0,535.5,535.5
2007-06-04,ZW0709,533.75,544.0,533.0,535.5,12671.0,,小麦0709,86948.0,535.5,535.5
2007-06-05,ZW0709,536.5,550.0,534.0,543.25,18788.0,,小麦0709,93066.0,543.25,543.25
2007-06-06,ZW0709,543.0,545.75,530.0,534.5,13416.0,,小麦0709,98252.0,534.5,534.5
2007-06-07,ZW0709,531.5,543.25,529.0,541.25,33500.0,,小麦0709,102407.0,541.25,541.25
2007-06-08,ZW0709,538.75,545.0,531.0,542.5,32313.0,,小麦0709,114727.0,542.5,542.5
2007-06-11,ZW0709,548.0,572.5,548.0,571.75,35534.0,,小麦0709,120859.0,571.75,571.75
2007-06-12,ZW0709,571.0,590.5,567.75,580.25,54044.0,,小麦0709,127150.0,580.25,580.25
2007-06-13,ZW0709,580.0,610.25,575.5,605.0,49452.0,,小麦0709,142665.0,605.0,605.0
2007-06-14,ZW0709,606.0,633.0,604.0,622.5,68390.0,,小麦0709,159652.0,622.5,622.5
2007-06-15,ZW0709,619.25,627.0,617.0,620.75,35792.0,,小麦0709,167401.0,620.75,620.75
2007-06-18,ZW0709,620.25,625.75,610.0,617.5,33077.0,,小麦0709,173982.0,617.5,617.5
2007-06-19,ZW0709,617.0,617.5,593.5,597.0,47680.0,,小麦0709,181701.0,597.0,597.0
2007-06-20,ZW0709,598.75,627.0,597.0,616.0,49247.0,,小麦0709,188798.0,616.0,616.0
2007-06-21,ZW0709,620.25,635.0,608.0,622.0,42753.0,,小麦0709,200587.0,622.0,622.0
2007-06-22,ZW0709,621.0,623.25,600.0,605.0,39660.0,,小麦0709,201282.0,605.0,605.0
2007-06-25,ZW0709,604.5,611.5,600.0,604.5,41986.0,,小麦0709,202439.0,604.5,604.5
2007-06-26,ZW0709,605.25,634.5,600.5,626.0,54839.0,,小麦0709,209304.0,626.0,626.0
2007-06-27,ZW0709,624.25,640.25,612.0,621.5,63210.0,,小麦0709,214197.0,621.5,621.5
2007-06-28,ZW0709,620.0,632.0,618.5,623.75,42941.0,,小麦0709,215349.0,623.75,623.75
2007-06-29,ZW0709,624.25,650.0,593.75,597.0,75000.0,,小麦0709,218197.0,597.0,597.0
2007-07-02,ZW0709,601.0,609.25,578.0,583.25,56493.0,,小麦0709,213991.0,583.25,583.25
2007-07-03,ZW0709,584.25,589.0,574.0,583.0,40177.0,,小麦0709,212015.0,583.0,583.0
2007-07-05,ZW0709,586.25,609.0,586.0,604.0,37287.0,,小麦0709,211268.0,604.0,604.0
2007-07-06,ZW0709,601.75,613.25,600.5,610.0,27330.0,,小麦0709,212130.0,610.0,610.0
2007-07-09,ZW0709,611.5,615.0,598.0,599.5,31057.0,,小麦0709,211900.0,599.5,599.5
2007-07-10,ZW0709,599.5,610.5,598.75,601.75,35227.0,,小麦0709,210847.0,601.75,601.75
2007-07-11,ZW0709,602.25,624.0,601.25,622.0,46724.0,,小麦0709,211538.0,622.0,622.0
2007-07-12,ZW0709,621.75,628.0,611.75,621.5,43910.0,,小麦0709,213902.0,621.5,621.5
2007-07-13,ZW0709,621.0,624.0,615.75,620.75,30495.0,,小麦0709,213088.0,620.75,620.75
2007-07-16,ZW0709,611.75,614.5,599.5,601.75,37486.0,,小麦0709,206939.0,601.75,601.75
2007-07-17,ZW0709,602.25,619.0,600.5,601.25,56109.0,,小麦0709,208887.0,601.25,601.25
2007-07-18,ZW0709,603.0,627.5,599.25,623.5,43099.0,,小麦0709,210648.0,623.5,623.5
2007-07-19,ZW0709,624.25,638.5,616.0,620.0,58034.0,,小麦0709,211759.0,620.0,620.0
2007-07-20,ZW0709,619.75,630.25,613.25,616.25,32311.0,,小麦0709,209100.0,616.25,616.25
2007-07-23,ZW0709,616.25,622.5,611.0,620.25,38697.0,,小麦0709,205584.0,620.25,620.25
2007-07-24,ZW0709,622.75,648.0,622.0,642.0,44741.0,,小麦0709,204553.0,642.0,642.0
2007-07-25,ZW0709,640.5,643.25,630.25,634.0,33348.0,,小麦0709,204272.0,634.0,634.0
2007-07-26,ZW0709,635.0,664.0,634.0,651.0,83372.0,,小麦0709,201341.0,651.0,651.0
2007-07-27,ZW0709,651.0,656.5,643.5,653.25,40139.0,,小麦0709,198984.0,653.25,653.25
2007-07-30,ZW0709,654.5,655.25,632.0,637.5,37809.0,,小麦0709,192827.0,637.5,637.5
2007-07-31,ZW0709,639.0,640.5,626.0,630.0,46464.0,,小麦0709,188675.0,630.0,630.0
2007-08-01,ZW0709,630.25,637.25,620.0,636.0,50497.0,,小麦0709,186108.0,636.0,636.0
2007-08-02,ZW0709,638.0,651.75,638.0,641.75,41874.0,,小麦0709,178008.0,641.75,641.75
2007-08-03,ZW0709,643.5,658.0,643.5,650.0,24718.0,,小麦0709,175080.0,650.0,650.0
2007-08-06,ZW0709,647.0,665.75,641.25,664.0,56110.0,,小麦0709,171197.0,664.0,664.0
2007-08-07,ZW0709,664.5,670.75,658.0,662.5,60597.0,,小麦0709,165604.0,662.5,662.5
2007-08-08,ZW0709,661.5,682.0,661.0,679.0,52942.0,,小麦0709,144474.0,679.0,679.0
2007-08-09,ZW0709,678.5,696.5,670.0,673.5,69658.0,,小麦0709,135658.0,673.5,673.5
2007-08-10,ZW0709,672.0,680.5,661.5,667.0,60202.0,,小麦0709,122151.0,667.0,667.0
2007-08-13,ZW0709,673.0,677.0,660.0,666.5,52480.0,,小麦0709,106993.0,666.5,666.5
2007-08-14,ZW0709,669.25,693.5,667.25,692.5,41569.0,,小麦0709,91823.0,692.5,692.5
2007-08-15,ZW0709,692.0,702.75,677.0,678.5,35685.0,,小麦0709,82915.0,678.5,678.5
2007-08-16,ZW0709,678.5,682.75,654.75,673.0,29613.0,,小麦0709,76323.0,673.0,673.0
2007-08-17,ZW0709,674.25,678.0,660.5,672.0,16426.0,,小麦0709,67682.0,672.0,672.0
2007-08-20,ZW0709,670.0,676.5,663.5,675.0,18862.0,,小麦0709,63291.0,675.0,675.0
2007-08-21,ZW0709,675.0,693.25,675.0,691.5,13567.0,,小麦0709,54787.0,691.5,691.5
2007-08-22,ZW0709,691.0,720.0,686.25,718.5,24402.0,,小麦0709,51210.0,718.5,718.5
2007-08-23,ZW0709,716.5,741.0,708.5,722.5,22970.0,,小麦0709,45995.0,722.5,722.5
2007-08-24,ZW0709,723.5,732.0,718.5,725.75,15694.0,,小麦0709,43917.0,725.75,725.75
2007-08-27,ZW0709,725.75,729.5,718.75,722.25,20457.0,,小麦0709,30593.0,722.25,722.25
2007-08-28,ZW0709,722.0,737.75,718.0,720.5,23149.0,,小麦0709,26571.0,720.5,720.5
2007-08-29,ZW0709,720.75,744.0,714.0,742.0,19650.0,,小麦0709,17868.0,742.0,742.0
2007-08-30,ZW0709,742.0,774.0,741.75,770.0,18298.0,,小麦0709,12477.0,770.0,770.0
2007-08-31,ZW0709,768.5,795.0,761.25,767.0,6613.0,,小麦0709,8050.0,767.0,767.0
2007-09-04,ZW0709,784.0,811.25,783.25,807.0,7461.0,,小麦0709,6252.0,807.0,807.0
2007-09-05,ZW0709,808.25,886.0,808.25,842.5,7389.0,,小麦0709,5818.0,842.5,842.5
2007-09-06,ZW0709,843.5,844.0,808.0,816.0,2255.0,,小麦0709,3718.0,816.0,816.0
2007-09-07,ZW0709,818.5,840.0,808.75,840.0,2412.0,,小麦0709,2484.0,840.0,840.0
2007-09-10,ZW0709,837.0,863.75,837.0,849.0,804.0,,小麦0709,1442.0,849.0,849.0
2007-09-11,ZW0709,850.0,871.0,843.0,871.0,577.0,,小麦0709,948.0,871.0,871.0
2007-09-12,ZW0709,881.5,887.75,838.0,840.0,821.0,,小麦0709,637.0,840.0,840.0
2007-09-13,ZW0709,845.25,845.25,815.0,825.5,253.0,,小麦0709,513.0,825.5,825.5
2007-09-14,ZW0709,815.0,841.0,815.0,838.0,86.0,,小麦0709,166.0,838.0,838.0
