date,symbol,open,high,low,close,volume,amount,name,openinterest,settleprice,price
2007-07-16,ZW1007,,,,557.0,,,小麦1007,,557.0,557.0
2007-07-17,ZW1007,,,,558.0,,,小麦1007,,558.0,558.0
2007-07-18,ZW1007,,,,569.0,,,小麦1007,,569.0,569.0
2007-07-19,ZW1007,,,,563.0,,,小麦1007,,563.0,563.0
2007-07-20,ZW1007,551.0,562.0,551.0,562.0,2.0,,小麦1007,,562.0,562.0
2007-07-23,ZW1007,,,,564.0,,,小麦1007,2.0,564.0,564.0
2007-07-24,ZW1007,,,,560.0,,,小麦1007,2.0,560.0,560.0
2007-07-25,ZW1007,562.5,562.5,560.0,560.0,4.0,,小麦1007,2.0,560.0,560.0
2007-07-26,ZW1007,560.0,566.0,560.0,566.0,27.0,,小麦1007,6.0,566.0,566.0
2007-07-27,ZW1007,,,,566.0,,,小麦1007,59.0,566.0,566.0
2007-07-30,ZW1007,,,,560.0,,,小麦1007,33.0,560.0,560.0
2007-07-31,ZW1007,560.0,560.0,560.0,560.0,1.0,,小麦1007,33.0,560.0,560.0
2007-08-01,ZW1007,,,,560.0,,,小麦1007,34.0,560.0,560.0
2007-08-02,ZW1007,,,,560.0,,,小麦1007,34.0,560.0,560.0
2007-08-03,ZW1007,559.0,560.0,559.0,559.0,4.0,,小麦1007,34.0,559.0,559.0
2007-08-06,ZW1007,559.0,559.0,559.0,559.0,2.0,,小麦1007,38.0,559.0,559.0
2007-08-07,ZW1007,,,,559.0,,,小麦1007,40.0,559.0,559.0
2007-08-08,ZW1007,559.0,560.0,559.0,560.0,3.0,,小麦1007,40.0,560.0,560.0
2007-08-09,ZW1007,563.0,563.0,563.0,563.0,10.0,,小麦1007,43.0,563.0,563.0
2007-08-10,ZW1007,565.0,565.0,561.25,562.0,5.0,,小麦1007,53.0,562.0,562.0
2007-08-13,ZW1007,570.0,570.0,562.0,567.0,16.0,,小麦1007,66.0,567.0,567.0
2007-08-14,ZW1007,570.0,580.0,570.0,578.5,12.0,,小麦1007,79.0,578.5,578.5
2007-08-15,ZW1007,578.0,582.0,576.75,579.0,45.0,,小麦1007,90.0,579.0,579.0
2007-08-16,ZW1007,570.0,575.0,568.0,570.0,20.0,,小麦1007,124.0,570.0,570.0
2007-08-17,ZW1007,570.0,570.0,564.0,568.5,24.0,,小麦1007,132.0,568.5,568.5
2007-08-20,ZW1007,566.0,571.0,564.0,571.0,9.0,,小麦1007,153.0,571.0,571.0
2007-08-21,ZW1007,569.0,575.0,569.0,575.0,2.0,,小麦1007,156.0,575.0,575.0
2007-08-22,ZW1007,570.0,580.0,570.0,578.5,14.0,,小麦1007,158.0,578.5,578.5
2007-08-23,ZW1007,577.5,581.0,566.0,577.0,9.0,,小麦1007,167.0,577.0,577.0
2007-08-24,ZW1007,568.0,575.0,568.0,575.0,17.0,,小麦1007,172.0,575.0,575.0
2007-08-27,ZW1007,574.0,578.0,574.0,578.0,14.0,,小麦1007,178.0,578.0,578.0
2007-08-28,ZW1007,578.0,580.0,575.0,575.0,12.0,,小麦1007,185.0,575.0,575.0
2007-08-29,ZW1007,575.0,585.0,575.0,580.0,40.0,,小麦1007,194.0,580.0,580.0
2007-08-30,ZW1007,585.0,592.0,585.0,590.0,43.0,,小麦1007,215.0,590.0,590.0
2007-08-31,ZW1007,590.0,595.0,582.0,585.0,24.0,,小麦1007,232.0,585.0,585.0
2007-09-04,ZW1007,599.0,600.0,595.0,595.0,47.0,,小麦1007,249.0,595.0,595.0
2007-09-05,ZW1007,595.0,599.0,590.0,592.0,11.0,,小麦1007,290.0,592.0,592.0
2007-09-06,ZW1007,592.0,592.0,569.0,574.0,22.0,,小麦1007,292.0,574.0,574.0
2007-09-07,ZW1007,,,,570.0,,,小麦1007,305.0,570.0,570.0
2007-09-10,ZW1007,572.0,572.0,560.0,569.0,14.0,,小麦1007,305.0,569.0,569.0
2007-09-11,ZW1007,566.0,568.0,564.0,568.0,8.0,,小麦1007,314.0,568.0,568.0
2007-09-12,ZW1007,571.0,571.0,560.0,561.0,3.0,,小麦1007,314.0,561.0,561.0
2007-09-13,ZW1007,557.0,557.0,555.0,555.0,1.0,,小麦1007,316.0,555.0,555.0
2007-09-14,ZW1007,552.0,555.0,552.0,555.0,2.0,,小麦1007,317.0,555.0,555.0
2007-09-17,ZW1007,535.0,560.0,535.0,560.0,8.0,,小麦1007,317.0,560.0,560.0
2007-09-18,ZW1007,562.0,562.0,555.0,555.0,1.0,,小麦1007,324.0,555.0,555.0
2007-09-19,ZW1007,558.0,558.0,558.0,558.0,5.0,,小麦1007,324.0,558.0,558.0
2007-09-20,ZW1007,562.0,568.0,560.0,568.0,5.0,,小麦1007,323.0,568.0,568.0
2007-09-21,ZW1007,571.0,575.0,571.0,572.0,17.0,,小麦1007,326.0,572.0,572.0
2007-09-24,ZW1007,580.0,588.75,580.0,588.0,27.0,,小麦1007,337.0,588.0,588.0
2007-09-25,ZW1007,575.5,585.0,575.5,585.0,3.0,,小麦1007,356.0,585.0,585.0
2007-09-26,ZW1007,584.0,588.0,582.25,585.0,15.0,,小麦1007,358.0,585.0,585.0
2007-09-27,ZW1007,590.0,600.0,590.0,596.0,44.0,,小麦1007,364.0,596.0,596.0
2007-09-28,ZW1007,596.0,608.0,595.0,604.0,23.0,,小麦1007,394.0,604.0,604.0
2007-10-01,ZW1007,600.0,610.0,600.0,610.0,19.0,,小麦1007,407.0,610.0,610.0
2007-10-02,ZW1007,600.0,600.0,595.0,595.0,5.0,,小麦1007,418.0,595.0,595.0
2007-10-03,ZW1007,595.0,606.0,583.25,605.0,26.0,,小麦1007,421.0,605.0,605.0
2007-10-04,ZW1007,609.0,616.0,606.25,608.0,29.0,,小麦1007,438.0,608.0,608.0
2007-10-05,ZW1007,609.0,619.0,609.0,615.0,31.0,,小麦1007,453.0,615.0,615.0
2007-10-08,ZW1007,612.0,613.0,600.0,600.0,41.0,,小麦1007,472.0,600.0,600.0
2007-10-09,ZW1007,609.0,625.0,596.0,596.0,53.0,,小麦1007,495.0,596.0,596.0
2007-10-10,ZW1007,594.0,603.5,594.0,603.0,27.0,,小麦1007,534.0,603.0,603.0
2007-10-11,ZW1007,605.0,623.0,605.0,622.0,15.0,,小麦1007,550.0,622.0,622.0
2007-10-12,ZW1007,620.0,620.0,610.0,620.0,55.0,,小麦1007,560.0,620.0,620.0
2007-10-15,ZW1007,625.0,638.0,618.0,636.5,59.0,,小麦1007,594.0,636.5,636.5
2007-10-16,ZW1007,629.0,636.0,629.0,635.0,76.0,,小麦1007,636.0,635.0,635.0
2007-10-17,ZW1007,636.0,640.0,629.0,634.0,59.0,,小麦1007,685.0,634.0,634.0
2007-10-18,ZW1007,635.0,640.0,633.0,640.0,38.0,,小麦1007,722.0,640.0,640.0
2007-10-19,ZW1007,633.75,670.0,633.75,666.0,94.0,,小麦1007,731.0,666.0,666.0
2007-10-22,ZW1007,660.0,671.0,658.0,671.0,23.0,,小麦1007,803.0,671.0,671.0
2007-10-23,ZW1007,671.0,675.0,667.0,670.0,97.0,,小麦1007,814.0,670.0,670.0
2007-10-24,ZW1007,663.0,669.0,656.0,658.0,75.0,,小麦1007,870.0,658.0,658.0
2007-10-25,ZW1007,655.0,670.0,653.0,668.0,71.0,,小麦1007,903.0,668.0,668.0
2007-10-26,ZW1007,680.0,681.25,673.0,677.0,32.0,,小麦1007,953.0,677.0,677.0
2007-10-29,ZW1007,680.0,699.5,680.0,695.0,47.0,,小麦1007,973.0,695.0,695.0
2007-10-30,ZW1007,692.5,694.0,687.0,687.0,31.0,,小麦1007,1004.0,687.0,687.0
2007-10-31,ZW1007,689.0,693.0,688.5,689.0,41.0,,小麦1007,1023.0,689.0,689.0
2007-11-01,ZW1007,690.0,690.0,682.0,682.0,57.0,,小麦1007,1040.0,682.0,682.0
2007-11-02,ZW1007,685.0,685.0,685.0,685.0,2.0,,小麦1007,1076.0,685.0,685.0
2007-11-05,ZW1007,685.0,686.0,683.25,685.0,19.0,,小麦1007,1076.0,685.0,685.0
2007-11-06,ZW1007,685.0,690.0,685.0,687.0,31.0,,小麦1007,1081.0,687.0,687.0
2007-11-07,ZW1007,693.0,700.0,685.0,689.0,47.0,,小麦1007,1106.0,689.0,689.0
2007-11-08,ZW1007,690.0,693.0,682.0,685.0,59.0,,小麦1007,1118.0,685.0,685.0
2007-11-09,ZW1007,683.0,695.0,683.0,693.0,86.0,,小麦1007,1153.0,693.0,693.0
2007-11-12,ZW1007,685.0,697.0,685.0,697.0,49.0,,小麦1007,1207.0,697.0,697.0
2007-11-13,ZW1007,690.0,700.0,685.0,690.0,212.0,,小麦1007,1223.0,690.0,690.0
2007-11-14,ZW1007,691.5,695.0,686.0,695.0,49.0,,小麦1007,1298.0,695.0,695.0
2007-11-15,ZW1007,699.0,708.0,698.0,698.0,58.0,,小麦1007,1323.0,698.0,698.0
2007-11-16,ZW1007,694.0,698.0,690.0,694.0,146.0,,小麦1007,1363.0,694.0,694.0
2007-11-19,ZW1007,697.0,702.75,697.0,700.0,43.0,,小麦1007,1416.0,700.0,700.0
2007-11-20,ZW1007,697.0,701.5,697.0,700.0,35.0,,小麦1007,1441.0,700.0,700.0
2007-11-21,ZW1007,707.0,708.0,698.0,705.0,33.0,,小麦1007,1462.0,705.0,705.0
2007-11-23,ZW1007,705.0,709.0,700.0,708.0,35.0,,小麦1007,1480.0,708.0,708.0
2007-11-26,ZW1007,710.0,715.0,705.0,705.0,60.0,,小麦1007,1497.0,705.0,705.0
2007-11-27,ZW1007,700.5,705.0,700.0,702.0,5.0,,小麦1007,1491.0,702.0,702.0
2007-11-28,ZW1007,702.0,712.0,702.0,710.0,18.0,,小麦1007,1492.0,710.0,710.0
2007-11-29,ZW1007,710.0,735.0,710.0,724.0,95.0,,小麦1007,1494.0,724.0,724.0
2007-11-30,ZW1007,725.75,747.75,720.25,732.0,56.0,,小麦1007,1520.0,732.0,732.0
2007-12-03,ZW1007,735.0,735.0,725.0,727.0,25.0,,小麦1007,1538.0,727.0,727.0
2007-12-04,ZW1007,725.0,743.5,725.0,742.0,74.0,,小麦1007,1549.0,742.0,742.0
2007-12-05,ZW1007,741.0,748.0,736.0,748.0,49.0,,小麦1007,1585.0,748.0,748.0
2007-12-06,ZW1007,741.0,755.0,741.0,750.0,168.0,,小麦1007,1600.0,750.0,750.0
2007-12-07,ZW1007,758.0,771.0,751.0,765.0,112.0,,小麦1007,1693.0,765.0,765.0
2007-12-10,ZW1007,765.0,777.5,762.0,775.0,91.0,,小麦1007,1737.0,775.0,775.0
2007-12-11,ZW1007,775.0,775.0,765.0,770.0,52.0,,小麦1007,1772.0,770.0,770.0
2007-12-12,ZW1007,767.0,784.5,767.0,780.0,62.0,,小麦1007,1809.0,780.0,780.0
2007-12-13,ZW1007,780.0,780.0,771.0,771.0,55.0,,小麦1007,1839.0,771.0,771.0
2007-12-14,ZW1007,770.0,770.5,753.0,760.0,68.0,,小麦1007,1873.0,760.0,760.0
2007-12-17,ZW1007,761.0,761.0,743.0,743.0,42.0,,小麦1007,1913.0,743.0,743.0
2007-12-18,ZW1007,741.0,743.0,733.0,740.0,66.0,,小麦1007,1940.0,740.0,740.0
2007-12-19,ZW1007,737.25,753.0,737.0,753.0,33.0,,小麦1007,1972.0,753.0,753.0
2007-12-20,ZW1007,757.0,757.0,742.5,746.0,29.0,,小麦1007,1987.0,746.0,746.0
2007-12-21,ZW1007,745.0,754.0,741.0,753.0,31.0,,小麦1007,2004.0,753.0,753.0
2007-12-24,ZW1007,753.0,753.0,747.0,753.0,4.0,,小麦1007,2016.0,753.0,753.0
2007-12-26,ZW1007,753.0,761.0,753.0,761.0,21.0,,小麦1007,2017.0,761.0,761.0
2007-12-27,ZW1007,761.0,761.0,745.0,750.0,17.0,,小麦1007,2020.0,750.0,750.0
2007-12-28,ZW1007,750.0,757.0,745.0,745.0,87.0,,小麦1007,2021.0,745.0,745.0
2007-12-31,ZW1007,752.0,758.0,751.25,758.0,14.0,,小麦1007,2077.0,758.0,758.0
2008-01-02,ZW1007,761.0,780.0,761.0,770.0,59.0,,小麦1007,2083.0,770.0,770.0
2008-01-03,ZW1007,778.0,785.0,774.0,779.0,75.0,,小麦1007,2130.0,779.0,779.0
2008-01-04,ZW1007,780.25,785.0,770.0,780.0,31.0,,小麦1007,2176.0,780.0,780.0
2008-01-07,ZW1007,780.0,782.0,775.0,775.0,34.0,,小麦1007,2189.0,775.0,775.0
2008-01-08,ZW1007,775.0,787.0,775.0,784.0,55.0,,小麦1007,2210.0,784.0,784.0
2008-01-09,ZW1007,784.0,789.5,780.75,783.0,77.0,,小麦1007,2250.0,783.0,783.0
2008-01-10,ZW1007,775.5,780.25,772.0,780.0,111.0,,小麦1007,2308.0,780.0,780.0
2008-01-11,ZW1007,775.0,810.0,775.0,810.0,113.0,,小麦1007,2367.0,810.0,810.0
2008-01-14,ZW1007,800.0,840.0,800.0,835.0,60.0,,小麦1007,2444.0,835.0,835.0
2008-01-15,ZW1007,833.0,855.0,830.0,845.0,160.0,,小麦1007,2477.0,845.0,845.0
2008-01-16,ZW1007,857.0,857.0,832.0,845.0,174.0,,小麦1007,2589.0,845.0,845.0
2008-01-17,ZW1007,837.5,870.0,837.5,858.0,20.0,,小麦1007,2702.0,858.0,858.0
2008-01-18,ZW1007,860.0,875.0,846.0,875.0,146.0,,小麦1007,2766.0,875.0,875.0
2008-01-22,ZW1007,870.5,890.0,859.0,868.0,132.0,,小麦1007,2849.0,868.0,868.0
2008-01-23,ZW1007,865.0,869.25,842.0,842.0,102.0,,小麦1007,2939.0,842.0,842.0
2008-01-24,ZW1007,845.0,862.5,843.5,858.0,59.0,,小麦1007,2978.0,858.0,858.0
2008-01-25,ZW1007,854.5,876.5,854.5,870.0,48.0,,小麦1007,2993.0,870.0,870.0
2008-01-28,ZW1007,872.0,888.0,864.0,887.0,116.0,,小麦1007,3019.0,887.0,887.0
2008-01-29,ZW1007,885.0,887.5,865.0,870.0,83.0,,小麦1007,3087.0,870.0,870.0
2008-01-30,ZW1007,865.0,865.0,851.0,860.0,120.0,,小麦1007,3141.0,860.0,860.0
2008-01-31,ZW1007,850.5,872.0,850.0,870.0,49.0,,小麦1007,3189.0,870.0,870.0
2008-02-01,ZW1007,870.0,880.0,862.0,875.0,79.0,,小麦1007,3220.0,875.0,875.0
2008-02-04,ZW1007,875.0,897.0,875.0,896.0,159.0,,小麦1007,3255.0,896.0,896.0
2008-02-05,ZW1007,894.0,914.0,890.0,914.0,277.0,,小麦1007,3333.0,914.0,914.0
2008-02-06,ZW1007,915.0,929.0,900.0,914.0,156.0,,小麦1007,3485.0,914.0,914.0
2008-02-07,ZW1007,914.0,914.5,901.25,911.0,154.0,,小麦1007,3535.0,911.0,911.0
2008-02-08,ZW1007,914.0,919.0,906.0,916.0,63.0,,小麦1007,3673.0,916.0,916.0
2008-02-11,ZW1007,926.0,926.0,897.0,920.0,153.0,,小麦1007,3683.0,920.0,920.0
2008-02-12,ZW1007,912.0,912.0,860.0,878.0,143.0,,小麦1007,3745.0,878.0,878.0
2008-02-13,ZW1007,871.0,871.0,841.0,850.0,260.0,,小麦1007,3808.0,850.0,850.0
2008-02-14,ZW1007,850.0,875.0,850.0,865.0,47.0,,小麦1007,3840.0,865.0,865.0
2008-02-15,ZW1007,865.5,875.0,851.0,855.0,31.0,,小麦1007,3898.0,855.0,855.0
2008-02-19,ZW1007,855.0,875.0,850.0,870.0,118.0,,小麦1007,3897.0,870.0,870.0
2008-02-20,ZW1007,870.0,877.0,860.0,876.0,609.0,,小麦1007,3940.0,876.0,876.0
2008-02-21,ZW1007,865.0,897.75,865.0,892.0,28.0,,小麦1007,4164.0,892.0,892.0
2008-02-22,ZW1007,890.25,905.0,887.0,900.0,141.0,,小麦1007,4170.0,900.0,900.0
2008-02-25,ZW1007,917.75,960.0,911.75,960.0,326.0,,小麦1007,4197.0,960.0,960.0
2008-02-26,ZW1007,960.0,1017.0,945.0,1015.0,220.0,,小麦1007,4323.0,1015.0,1015.0
2008-02-27,ZW1007,1005.0,1100.0,935.0,1030.0,257.0,,小麦1007,4386.0,1030.0,1030.0
2008-02-28,ZW1007,1020.0,1025.0,960.5,965.0,141.0,,小麦1007,4439.0,965.0,965.0
2008-02-29,ZW1007,961.0,961.0,931.25,950.0,124.0,,小麦1007,4458.0,950.0,950.0
2008-03-03,ZW1007,965.0,1000.0,955.0,968.0,101.0,,小麦1007,4507.0,968.0,968.0
2008-03-04,ZW1007,968.0,972.0,920.0,945.0,78.0,,小麦1007,4578.0,945.0,945.0
2008-03-05,ZW1007,960.0,990.0,958.0,984.5,168.0,,小麦1007,4580.0,984.5,984.5
2008-03-06,ZW1007,984.0,1006.0,976.25,991.0,152.0,,小麦1007,4537.0,991.0,991.0
2008-03-07,ZW1007,961.0,993.0,961.0,985.0,72.0,,小麦1007,4567.0,985.0,985.0
2008-03-10,ZW1007,972.0,1020.0,960.0,1020.0,82.0,,小麦1007,4567.0,1020.0,1020.0
2008-03-11,ZW1007,1015.0,1075.0,1001.5,1050.0,192.0,,小麦1007,4603.0,1050.0,1050.0
2008-03-12,ZW1007,1095.0,1113.5,1034.0,1110.0,133.0,,小麦1007,4659.0,1110.0,1110.0
2008-03-13,ZW1007,1090.0,1112.0,1087.25,1090.0,116.0,,小麦1007,4735.0,1090.0,1090.0
2008-03-14,ZW1007,1076.0,1081.0,1029.25,1050.0,158.0,,小麦1007,4774.0,1050.0,1050.0
2008-03-17,ZW1007,1048.0,1075.0,990.0,1000.0,64.0,,小麦1007,4745.0,1000.0,1000.0
2008-03-18,ZW1007,990.0,1030.0,981.0,1030.0,50.0,,小麦1007,4745.0,1030.0,1030.0
2008-03-19,ZW1007,1029.5,1029.5,960.0,960.0,164.0,,小麦1007,4752.0,960.0,960.0
2008-03-20,ZW1007,910.0,985.0,897.25,930.0,156.0,,小麦1007,4729.0,930.0,930.0
2008-03-24,ZW1007,915.5,983.0,915.5,970.0,16.0,,小麦1007,4674.0,970.0,970.0
2008-03-25,ZW1007,975.0,1040.0,975.0,1015.0,106.0,,小麦1007,4670.0,1015.0,1015.0
2008-03-26,ZW1007,995.0,1017.0,986.0,990.0,89.0,,小麦1007,4664.0,990.0,990.0
2008-03-27,ZW1007,972.0,995.0,970.25,972.0,45.0,,小麦1007,4647.0,972.0,972.0
2008-03-28,ZW1007,949.0,963.5,947.5,960.0,25.0,,小麦1007,4651.0,960.0,960.0
2008-03-31,ZW1007,900.0,957.0,900.0,900.0,121.0,,小麦1007,4655.0,900.0,900.0
2008-04-01,ZW1007,901.25,907.75,887.5,893.0,54.0,,小麦1007,4686.0,893.0,893.0
2008-04-02,ZW1007,893.25,930.0,893.25,930.0,8.0,,小麦1007,4683.0,930.0,930.0
2008-04-03,ZW1007,930.0,937.5,927.0,930.0,76.0,,小麦1007,4684.0,930.0,930.0
2008-04-04,ZW1007,925.0,959.0,925.0,959.0,77.0,,小麦1007,4689.0,959.0,959.0
2008-04-07,ZW1007,954.0,960.0,929.0,930.0,47.0,,小麦1007,4674.0,930.0,930.0
2008-04-08,ZW1007,951.0,955.0,927.0,950.0,129.0,,小麦1007,4666.0,950.0,950.0
2008-04-09,ZW1007,963.0,971.0,932.25,953.0,136.0,,小麦1007,4640.0,953.0,953.0
2008-04-10,ZW1007,959.0,965.0,941.0,945.0,89.0,,小麦1007,4677.0,945.0,945.0
2008-04-11,ZW1007,950.0,950.0,925.0,925.0,29.0,,小麦1007,4682.0,925.0,925.0
2008-04-14,ZW1007,933.0,935.0,922.25,925.0,28.0,,小麦1007,4686.0,925.0,925.0
2008-04-15,ZW1007,935.0,945.0,925.0,925.0,12.0,,小麦1007,4687.0,925.0,925.0
2008-04-16,ZW1007,940.0,960.0,930.0,960.0,21.0,,小麦1007,4684.0,960.0,960.0
2008-04-17,ZW1007,950.0,975.0,945.0,952.0,55.0,,小麦1007,4682.0,952.0,952.0
2008-04-18,ZW1007,951.5,951.5,912.25,915.0,69.0,,小麦1007,4686.0,915.0,915.0
2008-04-21,ZW1007,890.0,912.0,888.25,890.0,28.0,,小麦1007,4662.0,890.0,890.0
2008-04-22,ZW1007,894.0,905.25,887.5,893.5,40.0,,小麦1007,4668.0,893.5,893.5
2008-04-23,ZW1007,890.0,890.0,860.0,862.5,27.0,,小麦1007,4653.0,862.5,862.5
2008-04-24,ZW1007,860.0,870.0,852.0,852.0,133.0,,小麦1007,4673.0,852.0,852.0
2008-04-25,ZW1007,851.0,864.0,847.0,847.0,53.0,,小麦1007,4714.0,847.0,847.0
2008-04-28,ZW1007,846.0,870.0,846.0,870.0,71.0,,小麦1007,4710.0,870.0,870.0
2008-04-29,ZW1007,843.0,870.0,841.25,843.0,88.0,,小麦1007,4714.0,843.0,843.0
2008-04-30,ZW1007,844.0,855.0,844.0,847.0,73.0,,小麦1007,4717.0,847.0,847.0
2008-05-01,ZW1007,848.0,851.0,827.0,835.0,175.0,,小麦1007,4717.0,835.0,835.0
2008-05-02,ZW1007,855.0,855.0,834.0,855.0,120.0,,小麦1007,4715.0,855.0,855.0
2008-05-05,ZW1007,852.0,866.0,848.0,855.0,38.0,,小麦1007,4710.0,855.0,855.0
2008-05-06,ZW1007,874.0,874.0,856.0,866.0,62.0,,小麦1007,4709.0,866.0,866.0
2008-05-07,ZW1007,865.75,865.75,857.0,859.5,18.0,,小麦1007,4735.0,859.5,859.5
2008-05-08,ZW1007,860.0,885.0,860.0,868.0,40.0,,小麦1007,4738.0,868.0,868.0
2008-05-09,ZW1007,853.0,871.0,847.75,860.0,38.0,,小麦1007,4762.0,860.0,860.0
2008-05-12,ZW1007,860.0,871.0,860.0,871.0,77.0,,小麦1007,4768.0,871.0,871.0
2008-05-13,ZW1007,869.0,874.0,865.0,866.0,12.0,,小麦1007,4786.0,866.0,866.0
2008-05-14,ZW1007,868.0,868.0,847.0,855.0,39.0,,小麦1007,4785.0,855.0,855.0
2008-05-15,ZW1007,840.0,859.75,839.5,849.5,43.0,,小麦1007,4779.0,849.5,849.5
2008-05-16,ZW1007,847.5,865.0,847.5,853.5,33.0,,小麦1007,4767.0,853.5,853.5
2008-05-19,ZW1007,862.5,872.75,859.5,867.0,20.0,,小麦1007,4755.0,867.0,867.0
2008-05-20,ZW1007,879.75,891.0,873.0,873.0,312.0,,小麦1007,4751.0,873.0,873.0
2008-05-21,ZW1007,881.5,888.0,876.0,876.0,36.0,,小麦1007,4739.0,876.0,876.0
2008-05-22,ZW1007,888.0,888.0,857.0,857.0,152.0,,小麦1007,4721.0,857.0,857.0
2008-05-23,ZW1007,858.0,864.5,854.0,864.5,38.0,,小麦1007,4771.0,864.5,864.5
2008-05-27,ZW1007,865.0,870.0,865.0,870.0,17.0,,小麦1007,4768.0,870.0,870.0
2008-05-28,ZW1007,890.0,890.0,858.0,870.0,17.0,,小麦1007,4768.0,870.0,870.0
2008-05-29,ZW1007,870.0,878.25,859.5,865.0,80.0,,小麦1007,4763.0,865.0,865.0
2008-05-30,ZW1007,880.0,880.0,865.0,880.0,29.0,,小麦1007,4776.0,880.0,880.0
2008-06-02,ZW1007,888.0,909.25,888.0,898.0,27.0,,小麦1007,4767.0,898.0,898.0
2008-06-03,ZW1007,885.0,885.0,881.0,881.0,25.0,,小麦1007,4764.0,881.0,881.0
2008-06-04,ZW1007,883.5,889.0,882.0,885.0,22.0,,小麦1007,4778.0,885.0,885.0
2008-06-05,ZW1007,895.0,900.0,895.0,900.0,100.0,,小麦1007,4769.0,900.0,900.0
2008-06-06,ZW1007,921.0,928.75,900.0,915.0,148.0,,小麦1007,4770.0,915.0,915.0
2008-06-09,ZW1007,930.0,939.0,900.0,900.0,27.0,,小麦1007,4785.0,900.0,900.0
2008-06-10,ZW1007,914.0,915.0,912.0,915.0,33.0,,小麦1007,4782.0,915.0,915.0
2008-06-11,ZW1007,915.0,975.0,915.0,975.0,36.0,,小麦1007,4774.0,975.0,975.0
2008-06-12,ZW1007,975.0,977.0,952.5,955.0,37.0,,小麦1007,4782.0,955.0,955.0
2008-06-13,ZW1007,950.0,976.0,949.5,970.0,164.0,,小麦1007,4774.0,970.0,970.0
2008-06-16,ZW1007,995.0,1000.0,970.5,970.5,28.0,,小麦1007,4855.0,970.5,970.5
2008-06-17,ZW1007,980.0,985.5,980.0,985.5,62.0,,小麦1007,4750.0,985.5,985.5
2008-06-18,ZW1007,986.0,993.75,977.75,989.0,19.0,,小麦1007,4782.0,989.0,989.0
2008-06-19,ZW1007,981.75,981.75,968.5,970.0,15.0,,小麦1007,4744.0,970.0,970.0
2008-06-20,ZW1007,964.75,978.25,955.0,955.5,13.0,,小麦1007,4749.0,955.5,955.5
2008-06-23,ZW1007,934.0,954.0,934.0,952.75,13.0,,小麦1007,4749.0,952.75,952.75
2008-06-24,ZW1007,957.5,961.5,950.0,958.5,10.0,,小麦1007,4757.0,958.5,958.5
2008-06-25,ZW1007,967.0,990.0,967.0,988.25,94.0,,小麦1007,4758.0,988.25,988.25
2008-06-26,ZW1007,993.0,1032.25,993.0,1010.0,39.0,,小麦1007,4768.0,1010.0,1010.0
2008-06-27,ZW1007,1015.0,1015.0,983.5,988.0,31.0,,小麦1007,4776.0,988.0,988.0
2008-06-30,ZW1007,977.0,977.0,939.0,945.0,52.0,,小麦1007,4773.0,945.0,945.0
2008-07-01,ZW1007,945.0,952.25,945.0,950.0,87.0,,小麦1007,4776.0,950.0,950.0
2008-07-02,ZW1007,951.0,964.0,948.5,964.0,31.0,,小麦1007,4805.0,964.0,964.0
2008-07-03,ZW1007,952.0,975.0,952.0,972.0,32.0,,小麦1007,4789.0,972.0,972.0
2008-07-07,ZW1007,932.0,932.0,928.0,928.0,15.0,,小麦1007,4818.0,928.0,928.0
2008-07-08,ZW1007,926.5,937.0,915.0,927.5,34.0,,小麦1007,4820.0,927.5,927.5
2008-07-09,ZW1007,918.0,919.5,918.0,919.0,3.0,,小麦1007,4824.0,919.0,919.0
2008-07-10,ZW1007,928.75,928.75,912.5,912.5,31.0,,小麦1007,4824.0,912.5,912.5
2008-07-11,ZW1007,909.5,926.0,909.5,926.0,16.0,,小麦1007,4856.0,926.0,926.0
2008-07-14,ZW1007,918.0,924.75,912.0,912.0,30.0,,小麦1007,4863.0,912.0,912.0
2008-07-15,ZW1007,929.0,929.0,904.5,904.5,20.0,,小麦1007,4883.0,904.5,904.5
2008-07-16,ZW1007,905.5,934.0,900.0,934.0,21.0,,小麦1007,4883.0,934.0,934.0
2008-07-17,ZW1007,930.5,933.0,912.5,912.5,44.0,,小麦1007,4883.0,912.5,912.5
2008-07-18,ZW1007,920.0,921.0,907.5,917.0,108.0,,小麦1007,4899.0,917.0,917.0
2008-07-21,ZW1007,896.75,902.5,896.75,896.75,9.0,,小麦1007,4886.0,896.75,896.75
2008-07-22,ZW1007,895.0,905.0,895.0,899.5,21.0,,小麦1007,4887.0,899.5,899.5
2008-07-23,ZW1007,891.0,900.0,885.75,886.5,11.0,,小麦1007,4889.0,886.5,886.5
2008-07-24,ZW1007,886.5,894.0,886.5,889.75,41.0,,小麦1007,4891.0,889.75,889.75
2008-07-25,ZW1007,890.0,923.0,890.0,910.25,26.0,,小麦1007,4893.0,910.25,910.25
2008-07-28,ZW1007,912.0,915.0,898.75,898.75,3.0,,小麦1007,4910.0,898.75,898.75
2008-07-29,ZW1007,895.0,909.0,895.0,895.0,16.0,,小麦1007,4909.0,895.0,895.0
2008-07-30,ZW1007,895.0,903.0,895.0,898.0,18.0,,小麦1007,4922.0,898.0,898.0
2008-07-31,ZW1007,905.25,905.25,894.25,894.25,32.0,,小麦1007,4927.0,894.25,894.25
2008-08-01,ZW1007,894.5,908.25,894.5,904.0,,,小麦1007,4929.0,904.0,904.0
2008-08-04,ZW1007,894.0,894.0,875.0,878.75,60.0,,小麦1007,4929.0,878.75,878.75
2008-08-05,ZW1007,870.0,912.75,857.25,891.25,131.0,,小麦1007,4932.0,891.25,891.25
2008-08-06,ZW1007,880.75,896.5,877.0,887.25,27.0,,小麦1007,5005.0,887.25,887.25
2008-08-07,ZW1007,891.0,930.0,887.5,925.75,68.0,,小麦1007,5011.0,925.75,925.75
2008-08-08,ZW1007,918.25,918.25,878.0,878.0,36.0,,小麦1007,5047.0,878.0,878.0
2008-08-11,ZW1007,874.0,915.0,874.0,903.75,47.0,,小麦1007,5061.0,903.75,903.75
2008-08-12,ZW1007,900.25,900.25,887.0,896.75,28.0,,小麦1007,5059.0,896.75,896.75
2008-08-13,ZW1007,900.0,956.5,900.0,954.75,58.0,,小麦1007,5075.0,954.75,954.75
2008-08-14,ZW1007,955.0,985.0,955.0,964.0,105.0,,小麦1007,5080.0,964.0,964.0
2008-08-15,ZW1007,938.25,950.0,920.0,924.75,51.0,,小麦1007,5110.0,924.75,924.75
2008-08-18,ZW1007,934.25,971.25,934.25,959.75,48.0,,小麦1007,5148.0,959.75,959.75
2008-08-19,ZW1007,955.5,975.0,952.5,953.0,31.0,,小麦1007,5158.0,953.0,953.0
2008-08-20,ZW1007,970.0,978.5,955.0,978.5,12.0,,小麦1007,5157.0,978.5,978.5
2008-08-21,ZW1007,1000.0,1023.0,995.75,995.75,57.0,,小麦1007,5158.0,995.75,995.75
2008-08-22,ZW1007,981.75,981.75,969.5,973.25,25.0,,小麦1007,5170.0,973.25,973.25
2008-08-25,ZW1007,972.0,972.0,944.0,944.0,35.0,,小麦1007,5173.0,944.0,944.0
2008-08-26,ZW1007,936.0,936.0,925.5,936.0,48.0,,小麦1007,5160.0,936.0,936.0
2008-08-27,ZW1007,925.0,934.0,907.75,908.5,60.0,,小麦1007,5157.0,908.5,908.5
2008-08-28,ZW1007,910.0,910.0,895.25,899.75,122.0,,小麦1007,5176.0,899.75,899.75
2008-08-29,ZW1007,906.0,908.0,895.5,895.5,57.0,,小麦1007,5173.0,895.5,895.5
2008-09-02,ZW1007,872.5,878.75,865.0,866.75,89.0,,小麦1007,5168.0,866.75,866.75
2008-09-03,ZW1007,860.0,885.0,860.0,875.0,58.0,,小麦1007,5173.0,875.0,875.0
2008-09-04,ZW1007,881.0,882.5,876.25,879.25,107.0,,小麦1007,5170.0,879.25,879.25
2008-09-05,ZW1007,865.0,865.0,853.5,856.75,72.0,,小麦1007,5217.0,856.75,856.75
2008-09-08,ZW1007,862.0,865.0,850.5,850.5,134.0,,小麦1007,5181.0,850.5,850.5
2008-09-09,ZW1007,842.0,845.5,829.0,837.5,110.0,,小麦1007,5097.0,837.5,837.5
2008-09-10,ZW1007,837.0,838.0,822.75,831.0,102.0,,小麦1007,5076.0,831.0,831.0
2008-09-11,ZW1007,824.0,833.0,819.0,827.75,34.0,,小麦1007,5048.0,827.75,827.75
2008-09-12,ZW1007,843.0,843.0,818.5,818.5,29.0,,小麦1007,5048.0,818.5,818.5
2008-09-15,ZW1007,820.0,826.75,814.5,819.0,79.0,,小麦1007,5055.0,819.0,819.0
2008-09-16,ZW1007,804.0,807.0,777.0,777.75,57.0,,小麦1007,6199.0,777.75,777.75
2008-09-17,ZW1007,792.0,820.0,792.0,820.0,141.0,,小麦1007,5076.0,820.0,820.0
2008-09-18,ZW1007,820.25,826.5,791.75,791.75,50.0,,小麦1007,5087.0,791.75,791.75
2008-09-19,ZW1007,795.0,819.0,793.0,816.5,57.0,,小麦1007,5082.0,816.5,816.5
2008-09-22,ZW1007,819.0,846.75,819.0,835.75,44.0,,小麦1007,5054.0,835.75,835.75
2008-09-23,ZW1007,836.0,849.0,826.5,849.0,78.0,,小麦1007,5056.0,849.0,849.0
2008-09-24,ZW1007,849.0,849.0,819.75,823.25,38.0,,小麦1007,5050.0,823.25,823.25
2008-09-25,ZW1007,825.75,830.0,824.5,830.0,257.0,,小麦1007,5056.0,830.0,830.0
2008-09-26,ZW1007,820.0,822.0,811.0,811.5,123.0,,小麦1007,5060.0,811.5,811.5
2008-09-29,ZW1007,802.5,802.5,765.0,765.0,154.0,,小麦1007,5071.0,765.0,765.0
2008-09-30,ZW1007,778.0,778.0,772.0,777.0,26.0,,小麦1007,5013.0,777.0,777.0
2008-10-01,ZW1007,774.75,775.25,766.75,766.75,15.0,,小麦1007,5014.0,766.75,766.75
2008-10-02,ZW1007,761.0,761.0,733.0,735.25,116.0,,小麦1007,5011.0,735.25,735.25
2008-10-03,ZW1007,743.0,749.5,738.75,738.75,24.0,,小麦1007,4952.0,738.75,738.75
2008-10-06,ZW1007,725.0,733.0,683.0,692.0,161.0,,小麦1007,4935.0,692.0,692.0
2008-10-07,ZW1007,700.0,707.5,689.0,700.75,63.0,,小麦1007,4859.0,700.75,700.75
2008-10-08,ZW1007,698.0,708.75,688.75,703.0,77.0,,小麦1007,4820.0,703.0,703.0
2008-10-09,ZW1007,710.25,714.25,698.5,702.5,178.0,,小麦1007,4817.0,702.5,702.5
2008-10-10,ZW1007,678.0,678.0,654.0,660.5,172.0,,小麦1007,4813.0,660.5,660.5
2008-10-13,ZW1007,651.5,683.75,651.5,681.75,65.0,,小麦1007,4891.0,681.75,681.75
2008-10-14,ZW1007,695.5,695.5,667.75,667.75,68.0,,小麦1007,4874.0,667.75,667.75
2008-10-15,ZW1007,661.25,663.5,650.25,650.5,109.0,,小麦1007,4875.0,650.5,650.5
2008-10-16,ZW1007,643.75,654.25,635.0,650.75,157.0,,小麦1007,4842.0,650.75,650.75
2008-10-17,ZW1007,653.25,662.0,649.25,660.75,42.0,,小麦1007,4820.0,660.75,660.75
2008-10-20,ZW1007,669.0,669.0,647.5,655.25,125.0,,小麦1007,4788.0,655.25,655.25
2008-10-21,ZW1007,654.0,654.0,643.25,645.5,80.0,,小麦1007,4771.0,645.5,645.5
2008-10-22,ZW1007,640.0,640.0,610.0,614.25,44.0,,小麦1007,4771.0,614.25,614.25
2008-10-23,ZW1007,631.0,631.0,618.75,618.75,6.0,,小麦1007,4763.0,618.75,618.75
2008-10-24,ZW1007,612.0,621.0,597.5,610.75,121.0,,小麦1007,4762.0,610.75,610.75
2008-10-27,ZW1007,600.0,624.0,600.0,623.25,64.0,,小麦1007,4789.0,623.25,623.25
2008-10-28,ZW1007,635.0,641.0,608.5,608.5,21.0,,小麦1007,4799.0,608.5,608.5
2008-10-29,ZW1007,614.5,665.25,614.5,656.75,16.0,,小麦1007,4780.0,656.75,656.75
2008-10-30,ZW1007,659.0,659.0,634.0,635.75,59.0,,小麦1007,4782.0,635.75,635.75
2008-10-31,ZW1007,635.0,635.0,624.75,634.0,34.0,,小麦1007,4773.0,634.0,634.0
2008-11-03,ZW1007,650.0,667.75,650.0,661.75,85.0,,小麦1007,4790.0,661.75,661.75
2008-11-04,ZW1007,670.0,682.5,670.0,674.0,80.0,,小麦1007,4770.0,674.0,674.0
2008-11-05,ZW1007,663.0,663.0,641.75,641.75,59.0,,小麦1007,4762.0,641.75,641.75
2008-11-06,ZW1007,634.0,634.0,626.5,630.75,66.0,,小麦1007,4746.0,630.75,630.75
2008-11-07,ZW1007,628.75,632.0,628.25,629.0,53.0,,小麦1007,4733.0,629.0,629.0
2008-11-10,ZW1007,618.0,630.25,614.75,627.25,137.0,,小麦1007,4736.0,627.25,627.25
2008-11-11,ZW1007,618.25,633.0,618.0,631.75,161.0,,小麦1007,4751.0,631.75,631.75
2008-11-12,ZW1007,620.0,656.0,620.0,642.5,43.0,,小麦1007,4738.0,642.5,642.5
2008-11-13,ZW1007,660.0,670.75,632.0,648.75,41.0,,小麦1007,4750.0,648.75,648.75
2008-11-14,ZW1007,651.25,666.5,651.25,663.0,39.0,,小麦1007,4758.0,663.0,663.0
2008-11-17,ZW1007,657.0,660.75,635.25,641.0,15.0,,小麦1007,4756.0,641.0,641.0
2008-11-18,ZW1007,646.5,649.25,631.0,632.0,49.0,,小麦1007,4763.0,632.0,632.0
2008-11-19,ZW1007,631.0,638.25,627.75,628.5,49.0,,小麦1007,4768.0,628.5,628.5
2008-11-20,ZW1007,608.5,615.0,604.5,612.25,55.0,,小麦1007,4779.0,612.25,612.25
2008-11-21,ZW1007,611.25,612.5,600.75,600.75,34.0,,小麦1007,4768.0,600.75,600.75
2008-11-24,ZW1007,639.5,647.0,633.25,639.75,65.0,,小麦1007,4762.0,639.75,639.75
2008-11-25,ZW1007,631.75,641.0,631.75,635.25,35.0,,小麦1007,4749.0,635.25,635.25
2008-11-26,ZW1007,635.0,635.0,632.5,634.25,105.0,,小麦1007,4743.0,634.25,634.25
2008-11-28,ZW1007,,,,638.75,15.0,,小麦1007,4743.0,638.75,638.75
2008-12-01,ZW1007,600.5,605.75,600.5,605.75,7.0,,小麦1007,4745.0,605.75,605.75
2008-12-02,ZW1007,605.0,607.5,599.25,605.5,62.0,,小麦1007,4746.0,605.5,605.5
2008-12-03,ZW1007,603.0,608.75,595.75,595.75,58.0,,小麦1007,4747.0,595.75,595.75
2008-12-04,ZW1007,586.25,586.25,562.25,562.25,61.0,,小麦1007,4756.0,562.25,562.25
2008-12-05,ZW1007,550.0,559.5,550.0,553.0,88.0,,小麦1007,4734.0,553.0,553.0
2008-12-08,ZW1007,573.0,574.0,563.0,566.75,90.0,,小麦1007,4676.0,566.75,566.75
2008-12-09,ZW1007,568.5,571.5,564.25,564.25,67.0,,小麦1007,4639.0,564.25,564.25
2008-12-10,ZW1007,570.25,585.25,570.25,584.0,86.0,,小麦1007,4637.0,584.0,584.0
2008-12-11,ZW1007,577.0,590.5,577.0,583.5,315.0,,小麦1007,4628.0,583.5,583.5
2008-12-12,ZW1007,572.5,601.0,572.5,590.75,294.0,,小麦1007,4669.0,590.75,590.75
2008-12-15,ZW1007,602.0,605.5,596.5,596.5,232.0,,小麦1007,4502.0,596.5,596.5
2008-12-16,ZW1007,611.0,629.0,609.75,620.5,200.0,,小麦1007,4702.0,620.5,620.5
2008-12-17,ZW1007,629.25,638.25,629.0,637.5,55.0,,小麦1007,4803.0,637.5,637.5
2008-12-18,ZW1007,641.25,653.75,641.25,652.75,45.0,,小麦1007,4838.0,652.75,652.75
2008-12-19,ZW1007,641.5,648.25,641.5,643.25,10.0,,小麦1007,4853.0,643.25,643.25
2008-12-22,ZW1007,642.5,652.0,642.5,651.25,34.0,,小麦1007,4860.0,651.25,651.25
2008-12-23,ZW1007,653.25,661.25,640.0,656.0,4.0,,小麦1007,4868.0,656.0,656.0
2008-12-24,ZW1007,661.5,665.0,660.0,663.25,3.0,,小麦1007,4870.0,663.25,663.25
2008-12-26,ZW1007,678.5,682.75,676.0,681.0,16.0,,小麦1007,4869.0,681.0,681.0
2008-12-29,ZW1007,695.25,695.75,673.75,673.75,40.0,,小麦1007,4871.0,673.75,673.75
2008-12-30,ZW1007,670.0,687.75,670.0,687.75,26.0,,小麦1007,4869.0,687.75,687.75
2008-12-31,ZW1007,679.25,691.0,678.25,691.0,22.0,,小麦1007,4878.0,691.0,691.0
2009-01-02,ZW1007,693.0,693.0,684.25,692.0,19.0,,小麦1007,4880.0,692.0,692.0
2009-01-05,ZW1007,684.5,701.0,683.0,699.0,46.0,,小麦1007,4886.0,699.0,699.0
2009-01-06,ZW1007,701.0,727.0,701.0,727.0,158.0,,小麦1007,4889.0,727.0,727.0
2009-01-07,ZW1007,711.5,712.5,696.25,696.25,346.0,,小麦1007,4937.0,696.25,696.25
2009-01-08,ZW1007,694.5,701.25,682.5,695.75,166.0,,小麦1007,5080.0,695.75,695.75
2009-01-09,ZW1007,705.0,715.0,701.75,712.75,800.0,,小麦1007,5077.0,712.75,712.75
2009-01-12,ZW1007,659.0,659.75,656.5,656.5,159.0,,小麦1007,5334.0,656.5,656.5
2009-01-13,ZW1007,656.0,676.0,655.5,659.25,83.0,,小麦1007,5348.0,659.25,659.25
2009-01-14,ZW1007,661.25,664.0,658.5,663.25,118.0,,小麦1007,5328.0,663.25,663.25
2009-01-15,ZW1007,660.0,663.0,653.0,657.75,43.0,,小麦1007,5339.0,657.75,657.75
2009-01-16,ZW1007,668.0,670.25,665.0,666.25,54.0,,小麦1007,5338.0,666.25,666.25
2009-01-20,ZW1007,666.5,666.5,636.0,636.75,237.0,,小麦1007,5329.0,636.75,636.75
2009-01-21,ZW1007,642.0,657.5,640.25,657.5,327.0,,小麦1007,5396.0,657.5,657.5
2009-01-22,ZW1007,647.75,651.5,647.75,651.5,220.0,,小麦1007,5662.0,651.5,651.5
2009-01-23,ZW1007,650.0,679.75,650.0,666.25,254.0,,小麦1007,5786.0,666.25,666.25
2009-01-26,ZW1007,684.0,690.0,672.0,675.25,56.0,,小麦1007,5809.0,675.25,675.25
2009-01-27,ZW1007,668.75,677.5,668.75,669.0,55.0,,小麦1007,5841.0,669.0,669.0
2009-01-28,ZW1007,684.75,684.75,681.25,681.75,221.0,,小麦1007,5861.0,681.75,681.75
2009-01-29,ZW1007,664.0,665.5,661.75,665.5,29.0,,小麦1007,5979.0,665.5,665.5
2009-01-30,ZW1007,671.5,671.5,651.75,652.5,234.0,,小麦1007,5980.0,652.5,652.5
2009-02-02,ZW1007,650.0,658.75,645.0,653.0,368.0,,小麦1007,6040.0,653.0,653.0
2009-02-03,ZW1007,646.75,646.75,641.25,641.5,32.0,,小麦1007,6204.0,641.5,641.5
2009-02-04,ZW1007,645.75,646.0,631.0,633.25,97.0,,小麦1007,6221.0,633.25,633.25
2009-02-05,ZW1007,645.0,651.0,645.0,649.75,97.0,,小麦1007,6265.0,649.75,649.75
2009-02-06,ZW1007,655.5,655.5,647.0,647.25,98.0,,小麦1007,6287.0,647.25,647.25
2009-02-09,ZW1007,652.5,662.5,652.5,655.75,33.0,,小麦1007,6319.0,655.75,655.75
2009-02-10,ZW1007,654.0,654.0,637.75,649.0,54.0,,小麦1007,6334.0,649.0,649.0
2009-02-11,ZW1007,642.0,650.0,635.5,635.5,163.0,,小麦1007,6346.0,635.5,635.5
2009-02-12,ZW1007,637.0,645.0,632.75,632.75,145.0,,小麦1007,6442.0,632.75,632.75
2009-02-13,ZW1007,633.0,637.0,629.75,629.75,58.0,,小麦1007,6532.0,629.75,629.75
2009-02-17,ZW1007,629.0,629.0,606.0,609.25,92.0,,小麦1007,6555.0,609.25,609.25
2009-02-18,ZW1007,609.0,609.0,603.5,603.75,21.0,,小麦1007,6564.0,603.75,603.75
2009-02-19,ZW1007,608.25,615.0,606.5,612.5,34.0,,小麦1007,6565.0,612.5,612.5
2009-02-20,ZW1007,612.75,612.75,599.0,611.0,39.0,,小麦1007,6563.0,611.0,611.0
2009-02-23,ZW1007,610.5,610.5,603.75,603.75,29.0,,小麦1007,6558.0,603.75,603.75
2009-02-24,ZW1007,598.5,610.0,598.5,607.75,77.0,,小麦1007,6559.0,607.75,607.75
2009-02-25,ZW1007,611.5,618.25,611.5,616.75,135.0,,小麦1007,6572.0,616.75,616.75
2009-02-26,ZW1007,623.75,623.75,606.75,606.75,50.0,,小麦1007,6608.0,606.75,606.75
2009-02-27,ZW1007,599.5,606.5,599.5,603.75,90.0,,小麦1007,6601.0,603.75,603.75
2009-03-02,ZW1007,590.0,594.0,586.5,588.5,63.0,,小麦1007,6653.0,588.5,588.5
2009-03-03,ZW1007,582.5,587.5,581.75,584.25,42.0,,小麦1007,6639.0,584.25,584.25
2009-03-04,ZW1007,596.0,604.0,596.0,603.75,266.0,,小麦1007,6644.0,603.75,603.75
2009-03-05,ZW1007,596.0,602.0,593.75,596.5,54.0,,小麦1007,6728.0,596.5,596.5
2009-03-06,ZW1007,599.75,613.0,599.75,606.25,112.0,,小麦1007,6714.0,606.25,606.25
2009-03-09,ZW1007,611.0,616.75,602.0,605.25,167.0,,小麦1007,6732.0,605.25,605.25
2009-03-10,ZW1007,612.0,620.0,611.25,612.75,140.0,,小麦1007,6744.0,612.75,612.75
2009-03-11,ZW1007,616.0,616.0,588.5,589.0,63.0,,小麦1007,6818.0,589.0,589.0
2009-03-12,ZW1007,596.5,608.0,596.25,607.0,460.0,,小麦1007,6820.0,607.0,607.0
2009-03-13,ZW1007,607.0,607.0,598.0,601.25,32.0,,小麦1007,6773.0,601.25,601.25
2009-03-16,ZW1007,606.5,627.75,606.0,626.0,92.0,,小麦1007,6774.0,626.0,626.0
2009-03-17,ZW1007,625.0,634.0,625.0,634.0,52.0,,小麦1007,6823.0,634.0,634.0
2009-03-18,ZW1007,630.0,639.25,612.0,612.75,95.0,,小麦1007,6859.0,612.75,612.75
2009-03-19,ZW1007,634.25,638.25,631.0,637.5,50.0,,小麦1007,6848.0,637.5,637.5
2009-03-20,ZW1007,637.5,640.0,622.0,633.0,79.0,,小麦1007,6863.0,633.0,633.0
2009-03-23,ZW1007,635.0,640.5,630.25,632.75,39.0,,小麦1007,6862.0,632.75,632.75
2009-03-24,ZW1007,630.0,630.0,615.25,618.25,170.0,,小麦1007,6858.0,618.25,618.25
2009-03-25,ZW1007,609.75,610.25,592.5,593.5,277.0,,小麦1007,6920.0,593.5,593.5
2009-03-26,ZW1007,596.75,600.5,594.5,600.5,188.0,,小麦1007,6986.0,600.5,600.5
2009-03-27,ZW1007,600.0,600.25,589.5,594.0,132.0,,小麦1007,7068.0,594.0,594.0
2009-03-30,ZW1007,600.0,601.0,589.75,601.0,181.0,,小麦1007,7078.0,601.0,601.0
2009-03-31,ZW1007,604.0,620.0,598.0,618.5,173.0,,小麦1007,7108.0,618.5,618.5
2009-04-01,ZW1007,613.5,614.0,603.25,612.25,103.0,,小麦1007,7169.0,612.25,612.25
2009-04-02,ZW1007,612.25,635.0,612.25,633.5,1874.0,,小麦1007,7201.0,633.5,633.5
2009-04-03,ZW1007,635.0,646.75,634.5,646.0,913.0,,小麦1007,7002.0,646.0,646.0
2009-04-06,ZW1007,645.0,650.0,638.0,642.0,372.0,,小麦1007,7283.0,642.0,642.0
2009-04-07,ZW1007,639.0,645.5,623.5,624.25,331.0,,小麦1007,7420.0,624.25,624.25
2009-04-08,ZW1007,620.75,626.5,618.25,619.25,140.0,,小麦1007,7375.0,619.25,619.25
2009-04-09,ZW1007,620.25,620.25,611.25,611.5,163.0,,小麦1007,7373.0,611.5,611.5
2009-04-13,ZW1007,610.0,618.0,605.0,612.0,351.0,,小麦1007,7456.0,612.0,612.0
2009-04-14,ZW1007,613.5,623.0,610.0,613.25,159.0,,小麦1007,7599.0,613.25,613.25
2009-04-15,ZW1007,610.25,615.75,606.0,606.0,286.0,,小麦1007,7648.0,606.0,606.0
2009-04-16,ZW1007,609.0,617.25,605.75,615.75,390.0,,小麦1007,7789.0,615.75,615.75
2009-04-17,ZW1007,615.0,619.5,613.0,615.25,168.0,,小麦1007,7718.0,615.25,615.25
2009-04-20,ZW1007,610.5,610.5,595.0,596.25,206.0,,小麦1007,7749.0,596.25,596.25
2009-04-21,ZW1007,605.75,608.75,601.75,601.75,248.0,,小麦1007,7801.0,601.75,601.75
2009-04-22,ZW1007,602.5,609.25,602.5,609.25,46.0,,小麦1007,7828.0,609.25,609.25
2009-04-23,ZW1007,607.75,621.0,607.75,620.75,334.0,,小麦1007,7809.0,620.75,620.75
2009-04-24,ZW1007,616.0,624.0,616.0,623.75,208.0,,小麦1007,7860.0,623.75,623.75
2009-04-27,ZW1007,616.75,620.0,600.0,600.25,919.0,,小麦1007,7836.0,600.25,600.25
2009-04-28,ZW1007,601.75,609.75,601.0,605.25,146.0,,小麦1007,8277.0,605.25,605.25
2009-04-29,ZW1007,605.5,613.5,605.5,613.5,159.0,,小麦1007,8361.0,613.5,613.5
2009-04-30,ZW1007,618.0,624.0,611.25,618.25,329.0,,小麦1007,8340.0,618.25,618.25
2009-05-01,ZW1007,631.0,652.0,629.0,648.0,509.0,,小麦1007,8480.0,648.0,648.0
2009-05-04,ZW1007,643.5,646.0,628.5,632.0,681.0,,小麦1007,8596.0,632.0,632.0
2009-05-05,ZW1007,632.25,642.5,632.25,634.75,213.0,,小麦1007,8540.0,634.75,634.75
2009-05-06,ZW1007,634.25,639.75,632.0,639.75,139.0,,小麦1007,8530.0,639.75,639.75
2009-05-07,ZW1007,645.0,660.0,641.0,650.75,1264.0,,小麦1007,8588.0,650.75,650.75
2009-05-08,ZW1007,650.0,671.25,648.25,670.75,1082.0,,小麦1007,8674.0,670.75,670.75
2009-05-11,ZW1007,669.0,675.0,664.5,670.75,413.0,,小麦1007,8807.0,670.75,670.75
2009-05-12,ZW1007,675.0,675.0,659.25,674.0,869.0,,小麦1007,8820.0,674.0,674.0
2009-05-13,ZW1007,675.0,680.0,664.75,669.0,617.0,,小麦1007,8933.0,669.0,669.0
2009-05-14,ZW1007,663.25,672.5,663.25,671.0,727.0,,小麦1007,9073.0,671.0,671.0
2009-05-15,ZW1007,671.0,671.0,650.0,656.0,786.0,,小麦1007,9482.0,656.0,656.0
2009-05-18,ZW1007,650.0,675.0,650.0,667.5,756.0,,小麦1007,9483.0,667.5,667.5
2009-05-19,ZW1007,670.0,672.0,665.0,666.25,612.0,,小麦1007,9614.0,666.25,666.25
2009-05-20,ZW1007,665.0,681.25,665.0,675.5,503.0,,小麦1007,9801.0,675.5,675.5
2009-05-21,ZW1007,674.75,677.5,664.0,672.5,320.0,,小麦1007,9843.0,672.5,672.5
2009-05-22,ZW1007,672.0,695.0,672.0,690.75,398.0,,小麦1007,9864.0,690.75,690.75
2009-05-26,ZW1007,689.5,698.0,683.75,691.5,380.0,,小麦1007,10075.0,691.5,691.5
2009-05-27,ZW1007,691.0,709.0,691.0,707.25,870.0,,小麦1007,10269.0,707.25,707.25
2009-05-28,ZW1007,700.25,726.0,700.0,709.75,1403.0,,小麦1007,10705.0,709.75,709.75
2009-05-29,ZW1007,709.5,723.25,708.0,716.75,1180.0,,小麦1007,11359.0,716.75,716.75
2009-06-01,ZW1007,721.25,755.0,721.25,752.75,2340.0,,小麦1007,11694.0,752.75,752.75
2009-06-02,ZW1007,748.0,757.5,740.5,756.5,15839.0,,小麦1007,12644.0,756.5,756.5
2009-06-03,ZW1007,754.0,754.5,704.25,707.0,14370.0,,小麦1007,17089.0,707.0,707.0
2009-06-04,ZW1007,705.0,730.5,705.0,725.75,9256.0,,小麦1007,22191.0,725.75,725.75
2009-06-05,ZW1007,725.5,727.25,711.5,716.0,14527.0,,小麦1007,25081.0,716.0,716.0
2009-06-08,ZW1007,713.0,717.25,687.0,689.5,11646.0,,小麦1007,29778.0,689.5,689.5
2009-06-09,ZW1007,693.0,706.5,685.5,703.25,3110.0,,小麦1007,34533.0,703.25,703.25
2009-06-10,ZW1007,700.75,705.5,684.5,686.5,2029.0,,小麦1007,34896.0,686.5,686.5
2009-06-11,ZW1007,693.0,697.25,681.25,685.0,2029.0,,小麦1007,34802.0,685.0,685.0
2009-06-12,ZW1007,683.5,685.5,667.75,675.75,704.0,,小麦1007,35388.0,675.75,675.75
2009-06-15,ZW1007,664.0,668.75,659.75,666.0,1157.0,,小麦1007,35402.0,666.0,666.0
2009-06-16,ZW1007,666.0,673.75,656.5,656.5,2168.0,,小麦1007,35562.0,656.5,656.5
2009-06-17,ZW1007,655.0,661.25,646.5,656.0,1729.0,,小麦1007,35831.0,656.0,656.0
2009-06-18,ZW1007,657.75,658.5,647.5,651.25,1247.0,,小麦1007,35590.0,651.25,651.25
2009-06-19,ZW1007,652.0,654.5,646.25,647.5,1700.0,,小麦1007,35826.0,647.5,647.5
2009-06-22,ZW1007,646.5,646.5,635.0,638.5,2332.0,,小麦1007,35853.0,638.5,638.5
2009-06-23,ZW1007,635.0,641.0,633.0,636.25,4183.0,,小麦1007,35983.0,636.25,636.25
2009-06-24,ZW1007,635.0,641.0,626.25,630.25,1710.0,,小麦1007,36374.0,630.25,630.25
2009-06-25,ZW1007,627.0,629.5,617.5,623.5,1385.0,,小麦1007,36651.0,623.5,623.5
2009-06-26,ZW1007,624.0,627.0,622.0,626.25,1879.0,,小麦1007,36835.0,626.25,626.25
2009-06-29,ZW1007,626.0,631.0,618.25,621.75,2460.0,,小麦1007,37161.0,621.75,621.75
2009-06-30,ZW1007,623.0,629.25,589.75,606.75,2289.0,,小麦1007,37753.0,606.75,606.75
2009-07-01,ZW1007,612.25,614.0,596.5,601.0,1890.0,,小麦1007,38355.0,601.0,601.0
2009-07-02,ZW1007,600.25,605.25,594.75,594.75,778.0,,小麦1007,38317.0,594.75,594.75
2009-07-06,ZW1007,594.25,596.0,584.5,584.5,546.0,,小麦1007,38323.0,584.5,584.5
2009-07-07,ZW1007,588.25,589.75,576.5,576.5,663.0,,小麦1007,38343.0,576.5,576.5
2009-07-08,ZW1007,580.75,587.25,578.0,583.25,1605.0,,小麦1007,38376.0,583.25,583.25
2009-07-09,ZW1007,586.0,593.5,586.0,588.25,993.0,,小麦1007,38018.0,588.25,588.25
2009-07-10,ZW1007,587.25,587.25,580.25,584.0,588.0,,小麦1007,37861.0,584.0,584.0
2009-07-13,ZW1007,585.25,608.5,584.0,607.0,1895.0,,小麦1007,37880.0,607.0,607.0
2009-07-14,ZW1007,607.0,607.0,591.5,594.75,910.0,,小麦1007,37909.0,594.75,594.75
2009-07-15,ZW1007,595.0,613.0,594.5,599.5,962.0,,小麦1007,37824.0,599.5,599.5
2009-07-16,ZW1007,599.75,610.0,594.5,597.5,1997.0,,小麦1007,37894.0,597.5,597.5
2009-07-17,ZW1007,597.0,611.25,595.0,606.25,713.0,,小麦1007,37930.0,606.25,606.25
2009-07-20,ZW1007,607.0,617.0,599.0,607.5,663.0,,小麦1007,37862.0,607.5,607.5
2009-07-21,ZW1007,607.0,607.0,596.5,600.25,754.0,,小麦1007,37880.0,600.25,600.25
2009-07-22,ZW1007,598.0,598.0,581.0,589.75,3747.0,,小麦1007,37864.0,589.75,589.75
2009-07-23,ZW1007,590.5,605.75,588.0,599.25,621.0,,小麦1007,38837.0,599.25,599.25
2009-07-24,ZW1007,599.0,602.5,584.0,584.0,3221.0,,小麦1007,38962.0,584.0,584.0
2009-07-27,ZW1007,581.0,592.5,580.0,589.25,2182.0,,小麦1007,39156.0,589.25,589.25
2009-07-28,ZW1007,592.5,596.0,585.0,585.5,966.0,,小麦1007,39295.0,585.5,585.5
2009-07-29,ZW1007,583.75,585.5,574.75,580.25,1404.0,,小麦1007,39297.0,580.25,580.25
2009-07-30,ZW1007,580.75,595.0,580.75,585.25,854.0,,小麦1007,39378.0,585.25,585.25
2009-07-31,ZW1007,585.75,598.25,583.75,596.75,982.0,,小麦1007,39575.0,596.75,596.75
2009-08-03,ZW1007,599.0,626.5,599.0,618.75,3863.0,,小麦1007,39762.0,618.75,618.75
2009-08-04,ZW1007,616.25,619.75,608.0,611.75,2164.0,,小麦1007,40461.0,611.75,611.75
2009-08-05,ZW1007,611.75,615.25,593.0,599.0,926.0,,小麦1007,41046.0,599.0,599.0
2009-08-06,ZW1007,599.0,599.0,570.25,570.75,2002.0,,小麦1007,41021.0,570.75,570.75
2009-08-07,ZW1007,571.0,572.75,558.0,559.5,2723.0,,小麦1007,41342.0,559.5,559.5
2009-08-10,ZW1007,559.5,568.5,556.75,562.0,2104.0,,小麦1007,41584.0,562.0,562.0
2009-08-11,ZW1007,565.0,565.5,553.75,554.5,2835.0,,小麦1007,41762.0,554.5,554.5
2009-08-12,ZW1007,555.25,559.5,546.0,559.5,2367.0,,小麦1007,42595.0,559.5,559.5
2009-08-13,ZW1007,556.25,564.0,550.0,550.25,2201.0,,小麦1007,43378.0,550.25,550.25
2009-08-14,ZW1007,551.0,555.0,542.5,550.75,2653.0,,小麦1007,43356.0,550.75,550.75
2009-08-17,ZW1007,547.5,547.75,534.5,541.25,496.0,,小麦1007,43223.0,541.25,541.25
2009-08-18,ZW1007,541.0,542.75,537.0,540.25,1204.0,,小麦1007,43052.0,540.25,540.25
2009-08-19,ZW1007,538.75,549.75,528.5,536.25,5644.0,,小麦1007,43451.0,536.25,536.25
2009-08-20,ZW1007,536.75,541.25,533.25,539.75,1439.0,,小麦1007,43265.0,539.75,539.75
2009-08-21,ZW1007,539.5,545.25,530.0,531.75,6516.0,,小麦1007,43238.0,531.75,531.75
2009-08-24,ZW1007,531.75,544.5,531.75,544.0,7673.0,,小麦1007,44298.0,544.0,544.0
2009-08-25,ZW1007,544.0,560.25,540.0,543.5,6322.0,,小麦1007,46321.0,543.5,543.5
2009-08-26,ZW1007,543.75,553.25,543.75,551.75,8263.0,,小麦1007,45720.0,551.75,551.75
2009-08-27,ZW1007,551.0,554.5,537.25,548.0,1714.0,,小麦1007,46398.0,548.0,548.0
2009-08-28,ZW1007,548.75,552.5,533.0,540.25,6385.0,,小麦1007,46699.0,540.25,540.25
2009-08-31,ZW1007,541.0,547.0,526.5,543.5,2302.0,,小麦1007,46303.0,543.5,543.5
2009-09-01,ZW1007,543.5,543.5,527.0,532.0,2143.0,,小麦1007,46255.0,532.0,532.0
2009-09-02,ZW1007,531.5,534.5,529.0,530.5,1843.0,,小麦1007,45659.0,530.5,530.5
2009-09-03,ZW1007,530.5,536.0,519.5,522.0,4318.0,,小麦1007,44781.0,522.0,522.0
2009-09-04,ZW1007,520.75,522.25,514.5,515.0,3261.0,,小麦1007,43875.0,515.0,515.0
2009-09-08,ZW1007,513.0,517.0,501.5,503.0,3268.0,,小麦1007,43891.0,503.0,503.0
2009-09-09,ZW1007,503.0,506.75,498.0,500.0,3752.0,,小麦1007,43781.0,500.0,500.0
2009-09-10,ZW1007,500.0,505.25,497.0,502.25,3148.0,,小麦1007,44451.0,502.25,502.25
2009-09-11,ZW1007,500.25,510.75,495.0,510.75,3099.0,,小麦1007,45294.0,510.75,510.75
2009-09-14,ZW1007,510.0,510.0,495.0,497.0,2018.0,,小麦1007,45102.0,497.0,497.0
2009-09-15,ZW1007,495.0,523.25,494.25,513.25,1710.0,,小麦1007,44941.0,513.25,513.25
2009-09-16,ZW1007,508.5,511.5,499.0,510.25,1327.0,,小麦1007,44912.0,510.25,510.25
2009-09-17,ZW1007,510.0,511.0,501.0,505.75,2917.0,,小麦1007,44884.0,505.75,505.75
2009-09-18,ZW1007,507.0,508.5,501.0,501.5,4335.0,,小麦1007,44861.0,501.5,501.5
2009-09-21,ZW1007,500.0,506.0,495.25,499.5,1599.0,,小麦1007,45479.0,499.5,499.5
2009-09-22,ZW1007,501.0,506.5,496.5,499.25,2104.0,,小麦1007,45453.0,499.25,499.25
2009-09-23,ZW1007,496.0,512.0,495.0,503.25,2711.0,,小麦1007,45791.0,503.25,503.25
2009-09-24,ZW1007,502.0,520.25,499.0,519.25,14913.0,,小麦1007,46318.0,519.25,519.25
2009-09-25,ZW1007,520.0,524.0,498.75,500.75,6625.0,,小麦1007,46333.0,500.75,500.75
2009-09-28,ZW1007,507.5,508.25,500.75,505.25,3406.0,,小麦1007,46627.0,505.25,505.25
2009-09-29,ZW1007,505.5,508.25,491.0,496.0,5184.0,,小麦1007,46108.0,496.0,496.0
2009-09-30,ZW1007,494.0,505.0,486.0,503.25,6835.0,,小麦1007,45985.0,503.25,503.25
2009-10-01,ZW1007,498.0,498.0,488.75,496.75,4528.0,,小麦1007,47189.0,496.75,496.75
2009-10-02,ZW1007,495.0,497.5,483.75,485.5,3453.0,,小麦1007,48111.0,485.5,485.5
2009-10-05,ZW1007,485.0,495.0,484.5,486.5,1677.0,,小麦1007,48473.0,486.5,486.5
2009-10-06,ZW1007,489.25,514.0,488.5,504.0,3036.0,,小麦1007,48482.0,504.0,504.0
2009-10-07,ZW1007,504.5,509.0,498.25,507.25,1521.0,,小麦1007,47542.0,507.25,507.25
2009-10-08,ZW1007,507.25,526.75,507.25,520.0,4945.0,,小麦1007,47433.0,520.0,520.0
2009-10-09,ZW1007,520.0,522.0,508.0,516.25,5498.0,,小麦1007,47222.0,516.25,516.25
2009-10-12,ZW1007,516.25,542.0,516.25,540.0,2061.0,,小麦1007,46763.0,540.0,540.0
2009-10-13,ZW1007,535.0,558.25,532.0,555.5,3074.0,,小麦1007,46720.0,555.5,555.5
2009-10-14,ZW1007,553.25,571.5,548.5,555.75,4317.0,,小麦1007,47267.0,555.75,555.75
2009-10-15,ZW1007,555.0,555.0,539.5,547.5,3759.0,,小麦1007,47356.0,547.5,547.5
2009-10-16,ZW1007,545.0,552.0,538.25,540.25,3104.0,,小麦1007,46658.0,540.25,540.25
2009-10-19,ZW1007,539.25,563.5,538.5,558.75,5849.0,,小麦1007,46865.0,558.75,558.75
2009-10-20,ZW1007,558.5,567.0,550.0,558.0,5889.0,,小麦1007,45669.0,558.0,558.0
2009-10-21,ZW1007,559.5,586.0,555.0,580.0,6117.0,,小麦1007,45028.0,580.0,580.0
2009-10-22,ZW1007,575.0,591.75,571.0,588.0,9573.0,,小麦1007,44975.0,588.0,588.0
2009-10-23,ZW1007,586.0,611.5,586.0,589.25,10147.0,,小麦1007,45179.0,589.25,589.25
2009-10-26,ZW1007,589.0,599.5,566.5,567.0,5927.0,,小麦1007,45656.0,567.0,567.0
2009-10-27,ZW1007,567.0,567.5,544.0,544.5,7818.0,,小麦1007,45520.0,544.5,544.5
2009-10-28,ZW1007,543.5,550.0,534.25,536.75,5395.0,,小麦1007,44207.0,536.75,536.75
2009-10-29,ZW1007,537.25,553.0,537.25,547.0,6017.0,,小麦1007,43723.0,547.0,547.0
2009-10-30,ZW1007,547.25,549.75,531.5,537.25,4876.0,,小麦1007,43428.0,537.25,537.25
2009-11-02,ZW1007,531.0,559.75,531.0,559.5,3885.0,,小麦1007,43679.0,559.5,559.5
2009-11-03,ZW1007,560.25,563.75,548.5,559.5,2965.0,,小麦1007,43725.0,559.5,559.5
2009-11-04,ZW1007,560.0,570.0,549.25,564.5,3955.0,,小麦1007,43662.0,564.5,564.5
2009-11-05,ZW1007,564.5,564.5,554.25,556.25,3572.0,,小麦1007,43620.0,556.25,556.25
2009-11-06,ZW1007,554.5,557.25,541.0,541.75,6174.0,,小麦1007,43379.0,541.75,541.75
2009-11-09,ZW1007,541.25,568.5,541.25,565.25,11059.0,,小麦1007,43313.0,565.25,565.25
2009-11-10,ZW1007,560.5,570.75,552.0,568.25,5555.0,,小麦1007,46044.0,568.25,568.25
2009-11-11,ZW1007,567.5,584.0,565.75,576.5,17855.0,,小麦1007,45896.0,576.5,576.5
2009-11-12,ZW1007,575.25,585.25,565.0,576.5,9567.0,,小麦1007,49430.0,576.5,576.5
2009-11-13,ZW1007,573.25,584.25,572.25,583.5,4813.0,,小麦1007,49917.0,583.5,583.5
2009-11-16,ZW1007,585.0,608.75,585.0,607.25,6313.0,,小麦1007,50555.0,607.25,607.25
2009-11-17,ZW1007,606.5,619.0,600.25,618.75,4820.0,,小麦1007,50487.0,618.75,618.75
2009-11-18,ZW1007,615.75,626.25,609.0,609.5,8450.0,,小麦1007,51527.0,609.5,609.5
2009-11-19,ZW1007,609.0,613.75,593.75,605.75,3768.0,,小麦1007,51509.0,605.75,605.75
2009-11-20,ZW1007,605.25,615.75,597.5,602.75,2349.0,,小麦1007,51965.0,602.75,602.75
2009-11-23,ZW1007,601.75,622.5,599.0,600.5,4896.0,,小麦1007,52001.0,600.5,600.5
2009-11-24,ZW1007,599.0,600.5,574.75,576.25,4895.0,,小麦1007,52782.0,576.25,576.25
2009-11-25,ZW1007,579.0,597.5,578.25,594.25,5679.0,,小麦1007,54305.0,594.25,594.25
2009-11-27,ZW1007,584.0,594.75,574.25,593.25,2970.0,,小麦1007,55554.0,593.25,593.25
2009-11-30,ZW1007,594.0,612.0,594.0,610.25,4387.0,,小麦1007,55602.0,610.25,610.25
2009-12-01,ZW1007,605.5,619.0,602.0,605.75,6029.0,,小麦1007,56186.0,605.75,605.75
2009-12-02,ZW1007,604.5,608.0,593.0,598.25,2361.0,,小麦1007,57375.0,598.25,598.25
2009-12-03,ZW1007,598.0,604.0,592.0,594.0,1845.0,,小麦1007,57345.0,594.0,594.0
2009-12-04,ZW1007,592.0,598.0,578.5,581.0,3646.0,,小麦1007,57612.0,581.0,581.0
2009-12-07,ZW1007,579.5,585.0,570.25,571.5,3421.0,,小麦1007,58559.0,571.5,571.5
2009-12-08,ZW1007,571.0,577.0,560.75,563.25,2913.0,,小麦1007,58756.0,563.25,563.25
2009-12-09,ZW1007,564.0,567.25,556.0,558.5,3859.0,,小麦1007,59132.0,558.5,558.5
2009-12-10,ZW1007,559.0,566.5,553.0,560.25,4383.0,,小麦1007,58534.0,560.25,560.25
2009-12-11,ZW1007,560.0,567.0,553.75,560.25,4119.0,,小麦1007,59688.0,560.25,560.25
2009-12-14,ZW1007,560.0,571.0,554.5,566.75,4433.0,,小麦1007,60613.0,566.75,566.75
2009-12-15,ZW1007,567.5,570.0,559.25,560.25,4230.0,,小麦1007,60662.0,560.25,560.25
2009-12-16,ZW1007,559.75,567.0,551.75,561.5,3933.0,,小麦1007,61730.0,561.5,561.5
2009-12-17,ZW1007,562.25,563.0,539.0,543.25,8780.0,,小麦1007,62593.0,543.25,543.25
2009-12-18,ZW1007,545.75,553.25,540.0,552.5,4838.0,,小麦1007,61865.0,552.5,552.5
2009-12-21,ZW1007,551.75,554.0,544.0,544.25,2753.0,,小麦1007,62048.0,544.25,544.25
2009-12-22,ZW1007,543.75,549.5,540.0,547.75,2284.0,,小麦1007,62818.0,547.75,547.75
2009-12-23,ZW1007,545.75,554.5,544.5,554.0,3849.0,,小麦1007,63223.0,554.0,554.0
2009-12-24,ZW1007,554.0,556.0,545.75,549.75,1680.0,,小麦1007,63855.0,549.75,549.75
2009-12-28,ZW1007,549.75,576.0,548.25,575.0,2367.0,,小麦1007,63911.0,575.0,575.0
2009-12-29,ZW1007,572.75,578.5,565.0,566.25,2866.0,,小麦1007,64033.0,566.25,566.25
2009-12-30,ZW1007,565.75,574.0,565.25,569.75,3225.0,,小麦1007,64554.0,569.75,569.75
2009-12-31,ZW1007,568.5,574.0,564.0,566.0,3896.0,,小麦1007,64670.0,566.0,566.0
2010-01-04,ZW1007,570.25,585.0,569.0,581.75,7267.0,,小麦1007,65225.0,581.75,581.75
2010-01-05,ZW1007,580.25,585.0,574.5,575.5,9741.0,,小麦1007,65878.0,575.5,575.5
2010-01-06,ZW1007,575.5,589.5,574.0,589.5,8258.0,,小麦1007,65501.0,589.5,589.5
2010-01-07,ZW1007,588.0,590.0,578.25,580.0,4257.0,,小麦1007,65369.0,580.0,580.0
2010-01-08,ZW1007,578.25,592.0,567.25,590.5,6243.0,,小麦1007,65566.0,590.5,590.5
2010-01-11,ZW1007,588.5,596.75,586.0,594.5,8227.0,,小麦1007,92880.0,594.5,594.5
2010-01-12,ZW1007,591.75,592.0,545.0,559.25,19303.0,,小麦1007,66400.0,559.25,559.25
2010-01-13,ZW1007,559.0,562.25,543.0,561.0,11076.0,,小麦1007,67755.0,561.0,561.0
2010-01-14,ZW1007,561.0,561.0,549.75,551.5,9885.0,,小麦1007,68960.0,551.5,551.5
2010-01-15,ZW1007,550.5,550.5,533.75,534.75,9810.0,,小麦1007,69763.0,534.75,534.75
2010-01-19,ZW1007,534.75,539.0,519.25,526.5,8716.0,,小麦1007,68816.0,526.5,526.5
2010-01-20,ZW1007,525.75,526.25,511.5,523.75,9722.0,,小麦1007,68637.0,523.75,523.75
2010-01-21,ZW1007,523.5,526.0,519.0,525.0,5616.0,,小麦1007,69811.0,525.0,525.0
2010-01-22,ZW1007,525.25,527.5,517.0,524.0,3451.0,,小麦1007,70545.0,524.0,524.0
2010-01-25,ZW1007,526.5,530.0,522.0,523.5,4525.0,,小麦1007,70661.0,523.5,523.5
2010-01-26,ZW1007,522.75,525.25,516.0,519.75,3156.0,,小麦1007,71241.0,519.75,519.75
2010-01-27,ZW1007,518.5,520.0,508.5,509.5,8517.0,,小麦1007,71256.0,509.5,509.5
2010-01-28,ZW1007,510.5,515.0,504.0,512.75,6677.0,,小麦1007,72693.0,512.75,512.75
2010-01-29,ZW1007,512.75,514.0,497.0,500.25,13128.0,,小麦1007,73147.0,500.25,500.25
2010-02-01,ZW1007,502.25,509.5,498.0,501.5,17446.0,,小麦1007,75277.0,501.5,501.5
2010-02-02,ZW1007,501.25,518.25,501.0,513.0,18654.0,,小麦1007,80360.0,513.0,513.0
2010-02-03,ZW1007,513.0,520.0,494.75,495.5,22798.0,,小麦1007,84282.0,495.5,495.5
2010-02-04,ZW1007,494.75,507.75,491.0,502.25,10718.0,,小麦1007,87156.0,502.25,502.25
2010-02-05,ZW1007,501.5,503.5,493.75,500.5,15642.0,,小麦1007,89186.0,500.5,500.5
2010-02-08,ZW1007,505.5,515.5,503.25,511.5,13060.0,,小麦1007,92835.0,511.5,511.5
2010-02-09,ZW1007,510.75,515.5,504.5,510.0,19182.0,,小麦1007,95640.0,510.0,510.0
2010-02-10,ZW1007,510.75,529.5,508.0,524.25,17928.0,,小麦1007,99430.0,524.25,524.25
2010-02-11,ZW1007,524.0,529.0,513.5,521.25,9307.0,,小麦1007,103405.0,521.25,521.25
2010-02-12,ZW1007,520.0,520.75,507.75,514.0,11046.0,,小麦1007,105803.0,514.0,514.0
2010-02-16,ZW1007,518.0,536.0,516.0,532.25,15152.0,,小麦1007,109526.0,532.25,532.25
2010-02-17,ZW1007,530.5,531.75,519.5,522.0,6493.0,,小麦1007,113318.0,522.0,522.0
2010-02-18,ZW1007,522.0,525.0,510.0,512.25,9371.0,,小麦1007,114402.0,512.25,512.25
2010-02-19,ZW1007,508.0,517.25,504.5,516.75,10569.0,,小麦1007,116358.0,516.75,516.75
2010-02-22,ZW1007,515.0,530.25,510.25,527.75,15890.0,,小麦1007,118239.0,527.75,527.75
2010-02-23,ZW1007,525.25,527.75,517.0,518.25,11422.0,,小麦1007,123345.0,518.25,518.25
2010-02-24,ZW1007,519.0,528.25,515.75,526.25,10728.0,,小麦1007,122921.0,526.25,526.25
2010-02-25,ZW1007,526.0,526.25,514.0,516.25,10317.0,,小麦1007,125669.0,516.25,516.25
2010-02-26,ZW1007,516.0,532.0,516.0,531.25,17561.0,,小麦1007,126581.0,531.25,531.25
2010-03-01,ZW1007,532.0,536.75,508.5,516.75,13043.0,,小麦1007,128725.0,516.75,516.75
2010-03-02,ZW1007,517.75,522.0,510.75,516.75,7718.0,,小麦1007,129817.0,516.75,516.75
2010-03-03,ZW1007,515.75,529.75,515.75,528.25,8237.0,,小麦1007,129874.0,528.25,528.25
2010-03-04,ZW1007,527.25,527.5,512.0,514.5,7161.0,,小麦1007,129181.0,514.5,514.5
2010-03-05,ZW1007,516.0,520.5,504.5,505.75,8788.0,,小麦1007,129442.0,505.75,505.75
2010-03-08,ZW1007,507.5,511.25,505.5,507.75,8558.0,,小麦1007,129905.0,507.75,507.75
2010-03-09,ZW1007,507.75,507.75,500.75,502.25,9949.0,,小麦1007,130110.0,502.25,502.25
2010-03-10,ZW1007,501.25,504.5,491.0,494.5,18992.0,,小麦1007,130968.0,494.5,494.5
2010-03-11,ZW1007,492.75,496.0,488.75,491.5,13623.0,,小麦1007,131512.0,491.5,491.5
2010-03-12,ZW1007,491.5,499.0,490.5,498.0,9187.0,,小麦1007,129911.0,498.0,498.0
2010-03-15,ZW1007,497.25,499.75,489.5,492.0,5786.0,,小麦1007,128948.0,492.0,492.0
2010-03-16,ZW1007,492.0,501.75,492.0,499.75,9739.0,,小麦1007,129139.0,499.75,499.75
2010-03-17,ZW1007,501.0,511.0,498.5,508.75,11378.0,,小麦1007,130320.0,508.75,508.75
2010-03-18,ZW1007,507.0,508.0,497.0,501.75,16850.0,,小麦1007,131570.0,501.75,501.75
2010-03-19,ZW1007,501.75,503.25,495.0,496.5,7694.0,,小麦1007,132743.0,496.5,496.5
2010-03-22,ZW1007,496.75,505.25,494.75,499.0,8583.0,,小麦1007,133432.0,499.0,499.0
2010-03-23,ZW1007,498.0,501.25,488.0,489.25,10847.0,,小麦1007,134581.0,489.25,489.25
2010-03-24,ZW1007,489.75,491.0,484.5,488.75,11606.0,,小麦1007,135138.0,488.75,488.75
2010-03-25,ZW1007,488.5,490.5,477.25,479.5,15219.0,,小麦1007,136851.0,479.5,479.5
2010-03-26,ZW1007,478.75,481.5,477.0,478.0,15033.0,,小麦1007,139069.0,478.0,478.0
2010-03-29,ZW1007,478.0,484.5,477.0,478.0,20770.0,,小麦1007,142659.0,478.0,478.0
2010-03-30,ZW1007,478.0,487.0,475.25,485.25,21435.0,,小麦1007,149683.0,485.25,485.25
2010-03-31,ZW1007,485.0,487.25,463.5,464.0,32536.0,,小麦1007,155630.0,464.0,464.0
2010-04-01,ZW1007,466.0,471.25,463.0,468.5,25485.0,,小麦1007,164267.0,468.5,468.5
2010-04-05,ZW1007,469.25,473.25,460.5,467.25,13199.0,,小麦1007,169872.0,467.25,467.25
2010-04-06,ZW1007,467.5,483.75,462.25,477.25,23300.0,,小麦1007,170863.0,477.25,477.25
2010-04-07,ZW1007,477.25,496.5,470.0,488.75,39198.0,,小麦1007,172522.0,488.75,488.75
2010-04-08,ZW1007,488.0,488.0,480.5,482.5,41561.0,,小麦1007,178612.0,482.5,482.5
2010-04-09,ZW1007,482.5,492.0,476.0,479.25,35237.0,,小麦1007,184724.0,479.25,479.25
2010-04-12,ZW1007,483.0,488.0,479.5,480.5,70173.0,,小麦1007,192141.0,480.5,480.5
2010-04-13,ZW1007,480.0,489.25,475.0,488.75,53352.0,,小麦1007,201459.0,488.75,488.75
2010-04-14,ZW1007,488.0,494.5,482.75,487.25,52041.0,,小麦1007,213116.0,487.25,487.25
2010-04-15,ZW1007,486.5,495.0,485.0,492.75,38495.0,,小麦1007,219711.0,492.75,492.75
2010-04-16,ZW1007,492.0,503.5,488.75,502.5,41642.0,,小麦1007,225006.0,502.5,502.5
2010-04-19,ZW1007,501.5,501.5,478.0,479.5,43312.0,,小麦1007,225914.0,479.5,479.5
2010-04-20,ZW1007,480.25,499.5,480.25,498.5,56058.0,,小麦1007,228421.0,498.5,498.5
2010-04-21,ZW1007,499.0,502.25,493.75,499.75,42981.0,,小麦1007,231492.0,499.75,499.75
2010-04-22,ZW1007,498.5,512.0,492.5,511.0,46719.0,,小麦1007,232772.0,511.0,511.0
2010-04-23,ZW1007,510.25,512.0,502.0,505.5,50343.0,,小麦1007,232767.0,505.5,505.5
2010-04-26,ZW1007,504.0,515.0,473.5,488.0,64370.0,,小麦1007,236147.0,488.0,488.0
2010-04-27,ZW1007,488.75,493.5,483.5,490.5,43176.0,,小麦1007,237677.0,490.5,490.5
2010-04-28,ZW1007,488.0,496.5,482.25,488.0,41736.0,,小麦1007,238997.0,488.0,488.0
2010-04-29,ZW1007,487.75,507.5,487.5,495.5,53789.0,,小麦1007,239705.0,495.5,495.5
2010-04-30,ZW1007,495.0,505.25,493.25,503.0,42547.0,,小麦1007,239616.0,503.0,503.0
2010-05-03,ZW1007,503.0,508.0,491.5,501.75,39248.0,,小麦1007,242872.0,501.75,501.75
2010-05-04,ZW1007,501.5,512.0,493.25,510.75,48829.0,,小麦1007,243055.0,510.75,510.75
2010-05-05,ZW1007,510.25,513.25,502.0,512.0,39540.0,,小麦1007,246108.0,512.0,512.0
2010-05-06,ZW1007,511.75,514.0,500.25,508.25,54117.0,,小麦1007,248846.0,508.25,508.25
2010-05-07,ZW1007,504.25,517.0,498.5,510.5,44867.0,,小麦1007,249915.0,510.5,510.5
2010-05-10,ZW1007,510.75,514.5,491.5,492.75,51113.0,,小麦1007,248627.0,492.75,492.75
2010-05-11,ZW1007,493.5,498.5,489.0,493.25,35260.0,,小麦1007,247046.0,493.25,493.25
2010-05-12,ZW1007,493.25,508.5,490.0,491.5,49149.0,,小麦1007,244664.0,491.5,491.5
2010-05-13,ZW1007,491.0,493.0,477.5,479.0,44556.0,,小麦1007,242505.0,479.0,479.0
2010-05-14,ZW1007,479.0,481.5,470.5,471.5,34507.0,,小麦1007,244759.0,471.5,471.5
2010-05-17,ZW1007,471.0,474.5,466.25,469.0,32097.0,,小麦1007,244610.0,469.0,469.0
2010-05-18,ZW1007,469.0,473.5,466.0,467.75,32717.0,,小麦1007,244108.0,467.75,467.75
2010-05-19,ZW1007,467.75,472.0,465.25,469.25,28939.0,,小麦1007,245051.0,469.25,469.25
2010-05-20,ZW1007,470.5,472.25,461.25,469.75,42108.0,,小麦1007,245433.0,469.75,469.75
2010-05-21,ZW1007,469.5,475.0,466.5,472.0,30816.0,,小麦1007,247492.0,472.0,472.0
2010-05-24,ZW1007,473.75,476.0,466.0,467.5,32240.0,,小麦1007,247718.0,467.5,467.5
2010-05-25,ZW1007,465.5,466.75,456.25,460.5,41284.0,,小麦1007,248529.0,460.5,460.5
2010-05-26,ZW1007,462.75,472.0,459.0,461.75,49496.0,,小麦1007,246683.0,461.75,461.75
2010-05-27,ZW1007,460.5,473.5,458.0,467.75,30745.0,,小麦1007,242157.0,467.75,467.75
2010-05-28,ZW1007,468.5,473.5,456.5,457.75,66816.0,,小麦1007,240199.0,457.75,457.75
2010-06-01,ZW1007,457.75,461.25,448.75,450.75,47763.0,,小麦1007,234091.0,450.75,450.75
2010-06-02,ZW1007,450.0,454.5,442.0,442.5,61757.0,,小麦1007,227792.0,442.5,442.5
2010-06-03,ZW1007,443.5,448.0,440.5,441.75,51410.0,,小麦1007,217083.0,441.75,441.75
2010-06-04,ZW1007,442.5,444.25,435.0,435.75,54534.0,,小麦1007,211148.0,435.75,435.75
2010-06-07,ZW1007,435.25,438.5,431.0,432.25,47975.0,,小麦1007,204800.0,432.25,432.25
2010-06-08,ZW1007,432.25,436.5,431.25,432.25,57042.0,,小麦1007,193619.0,432.25,432.25
2010-06-09,ZW1007,432.75,436.0,425.5,428.0,62604.0,,小麦1007,179246.0,428.0,428.0
2010-06-10,ZW1007,428.0,437.5,426.75,433.25,62662.0,,小麦1007,167475.0,433.25,433.25
2010-06-11,ZW1007,433.0,449.0,427.5,440.75,92624.0,,小麦1007,150665.0,440.75,440.75
2010-06-14,ZW1007,442.75,454.75,441.75,451.5,72696.0,,小麦1007,137836.0,451.5,451.5
2010-06-15,ZW1007,451.0,456.25,439.25,451.75,41286.0,,小麦1007,130304.0,451.75,451.75
2010-06-16,ZW1007,451.5,468.0,451.0,461.25,70631.0,,小麦1007,118073.0,461.25,461.25
2010-06-17,ZW1007,461.0,465.5,453.5,462.75,51215.0,,小麦1007,101248.0,462.75,462.75
2010-06-18,ZW1007,462.5,470.0,458.75,461.75,51060.0,,小麦1007,93958.0,461.75,461.75
2010-06-21,ZW1007,462.75,469.25,455.25,462.0,42360.0,,小麦1007,78957.0,462.0,462.0
2010-06-22,ZW1007,461.25,463.75,442.0,460.75,28367.0,,小麦1007,69464.0,460.75,460.75
2010-06-23,ZW1007,459.75,468.5,458.25,462.25,39445.0,,小麦1007,63866.0,462.25,462.25
2010-06-24,ZW1007,461.25,470.0,461.0,463.0,32322.0,,小麦1007,53553.0,463.0,463.0
2010-06-25,ZW1007,462.75,464.75,455.25,456.25,24162.0,,小麦1007,44255.0,456.25,456.25
2010-06-28,ZW1007,455.5,455.5,444.0,449.5,32821.0,,小麦1007,34309.0,449.5,449.5
2010-06-29,ZW1007,448.25,448.5,440.0,442.0,25205.0,,小麦1007,23047.0,442.0,442.0
2010-06-30,ZW1007,441.5,477.25,441.5,464.75,17201.0,,小麦1007,12999.0,464.75,464.75
2010-07-01,ZW1007,464.25,486.0,461.0,484.0,9964.0,,小麦1007,7958.0,484.0,484.0
2010-07-02,ZW1007,482.5,492.0,481.25,487.75,6254.0,,小麦1007,6349.0,487.75,487.75
2010-07-06,ZW1007,487.75,511.0,487.75,492.75,5525.0,,小麦1007,4577.0,492.75,492.75
2010-07-07,ZW1007,492.0,517.0,492.0,515.75,4025.0,,小麦1007,3930.0,515.75,515.75
2010-07-08,ZW1007,515.0,534.5,510.0,534.0,3901.0,,小麦1007,3140.0,534.0,534.0
2010-07-09,ZW1007,529.75,529.75,519.75,523.5,2714.0,,小麦1007,2976.0,523.5,523.5
2010-07-12,ZW1007,523.5,524.5,520.0,521.25,1660.0,,小麦1007,2132.0,521.25,521.25
2010-07-13,ZW1007,520.0,536.75,520.0,535.75,332.0,,小麦1007,1356.0,535.75,535.75
2010-07-14,ZW1007,534.5,553.25,533.5,548.25,165.0,,小麦1007,599.0,548.25,548.25
